'H01U24DS-Semaine-0-23ETE-1111100-',2301,65500,4,'',2,7200,4,'',1,3000,4,'',1,7200,4,'',1,3000,4,'',1
'H01U923S-Semaine-1-23ETE-1111100-',2301,65500,4,'',1,7200,4,'',2,3000,4,'',1,7200,4,'',1,3000,4,'',2
'H01U24DS-Semaine-0-23ETE-1111100-',2401,63900,4,'',1,7000,4,'',2,3500,4,'',1,7000,4,'',1,3000,4,'',1,6600,4,'',2
'H01U923S-Semaine-1-23ETE-1111100-',2401,63900,4,'',1,7000,4,'',1,3500,4,'',1,7000,4,'',1,3000,4,'',1,6600,4,'',1
'H01U023A-Dimanche-0-23ETE-0000001-',3401,73700,4,'',1,9800,4,'',2,7200,4,'',1,2700,4,'',1,7300,4,'',2,3000,4,'',2,7000,4,'',1,2800,4,'',1,7400,4,'',1,2600,4,'',1,7200,4,'',2,3200,4,'',1,6800,4,'',2,2800,4,'',1,7200,4,'',1,3300,4,'',2,6700,4,'',2,3300,4,'',1,7000,4,'',1,2800,4,'',1,7000,4,'',1,2900,4,'',1,7100,4,'',1,2700,4,'',1,7300,4,'',2,3000,4,'',1,7000,4,'',1,3000,4,'',1,7000,4,'',1,2800,4,'',1,7200,4,'',1,9700,4,'',1
'H01U023A-Dimanche-10-23ETE-0000001-',3401,73700,4,'',1,9800,4,'',2,7200,4,'',1,2700,4,'',1,7300,4,'',2,3000,4,'',2,7000,4,'',1,2800,4,'',1,7400,4,'',1,2600,4,'',1,7200,4,'',2,3200,4,'',1,6800,4,'',2,2800,4,'',1,7200,4,'',1,3300,4,'',2,6700,4,'',2,3300,4,'',1,7000,4,'',1,2800,4,'',1,7000,4,'',1,2900,4,'',1,7100,4,'',1,2700,4,'',1,7300,4,'',2,3000,4,'',1,7000,4,'',1,3000,4,'',1,7000,4,'',1,2800,4,'',1,7200,4,'',1,9700,4,'',1
'H01U023I-Dimanche-0-23ETE-0000001-',3401,73700,4,'',1,9700,4,'',2,7300,4,'',1,2900,4,'',1,7100,4,'',1,3100,4,'',1,6900,4,'',2,3000,4,'',1,7200,4,'',1,2800,4,'',1,6700,4,'',1,3300,4,'',1,6900,4,'',1,2900,4,'',2,7200,4,'',1,2700,4,'',1,7500,4,'',2,3000,4,'',2,7000,4,'',1,2900,4,'',1,7100,4,'',2,2600,4,'',1,7300,4,'',1,2700,4,'',1,7300,4,'',1,2700,4,'',2,7300,4,'',2,2700,4,'',1,7300,4,'',1,2800,4,'',2,7200,4,'',1
'H01U023I-Dimanche-10-23ETE-0000001-',3401,73700,4,'',1,9700,4,'',2,7300,4,'',1,2900,4,'',1,7100,4,'',1,3100,4,'',1,6900,4,'',2,3000,4,'',1,7200,4,'',1,2800,4,'',1,6700,4,'',1,3300,4,'',1,6900,4,'',1,2900,4,'',2,7200,4,'',1,2700,4,'',1,7500,4,'',2,3000,4,'',2,7000,4,'',1,2900,4,'',1,7100,4,'',2,2600,4,'',1,7300,4,'',1,2700,4,'',1,7300,4,'',1,2700,4,'',2,7300,4,'',2,2700,4,'',1,7300,4,'',1,2800,4,'',2,7200,4,'',1
'H01U24DS-Semaine-0-23ETE-1111100-',3401,93200,4,'',1,1600,4,'',1,5500,4,'',1,1500,4,'',1,1500,4,'',2,1500,4,'',1,5500,4,'',2,900,4,'',2,2200,4,'',1,1400,4,'',1,5500,4,'',1,1500,4,'',1,1500,4,'',1,1300,4,'',2,5700,4,'',1,1500,4,'',2,1500,4,'',1,1500,4,'',1,5500,4,'',1,1500,4,'',1,1500,4,'',2,1700,4,'',1,5700,4,'',1,1300,4,'',1,3100,4,'',1,7000,4,'',1,3000,4,'',1,7000,4,'',1,3000,4,'',1,7000,4,'',1,2800,4,'',1,5300,4,'',1,1400,4,'',2,1900,4,'',2,1300,4,'',1,5500,4,'',1,1500,4,'',1,1500,4,'',1,1500,4,'',1,5500,4,'',1,1500,4,'',2,1500,4,'',1,1500,4,'',1,5500,4,'',1,1500,4,'',1,1900,4,'',2,900,4,'',1,7000,4,'',2,3000,4,'',1,7000,4,'',1
'H01U923S-Semaine-1-23ETE-1111100-',3401,93300,4,'',1,1500,4,'',2,5500,4,'',1,1500,4,'',2,1700,4,'',1,1300,4,'',1,5500,4,'',1,1500,4,'',2,1500,4,'',2,1500,4,'',1,5500,4,'',1,1500,4,'',1,1600,4,'',1,1200,4,'',2,5700,4,'',2,1500,4,'',1,1400,4,'',1,1600,4,'',2,5500,4,'',2,1500,4,'',1,1500,4,'',1,1700,4,'',2,5500,4,'',2,1500,4,'',1,3100,4,'',1,7000,4,'',1,3000,4,'',1,7000,4,'',1,2900,4,'',1,7100,4,'',2,2800,4,'',2,5300,4,'',1,1700,4,'',2,1600,4,'',1,1300,4,'',1,5500,4,'',1,1500,4,'',1,1500,4,'',1,1500,4,'',1,5500,4,'',1,1500,4,'',2,1500,4,'',1,1500,4,'',1,5500,4,'',1,1500,4,'',2,1500,4,'',1,1500,4,'',1,6800,4,'',1,3000,4,'',1,7000,4,'',1
'H01U24DS-Semaine-0-23ETE-1111100-',3601,91600,4,'',1
'H01U923S-Semaine-1-23ETE-1111100-',3601,91600,4,'',1
'H01U023A-Dimanche-0-23ETE-0000001-',3701,72400,4,'',1,10000,4,'',1,10000,4,'',1,10000,4,'',1,10000,4,'',1,10000,4,'',1,10000,4,'',1,9800,4,'',1,10200,4,'',1,10000,4,'',1,10000,4,'',1,10000,4,'',1,10000,4,'',1,9900,4,'',1,10100,4,'',1,10000,4,'',1,10000,4,'',1
'H01U023A-Dimanche-10-23ETE-0000001-',3701,72400,4,'',1,10000,4,'',1,10000,4,'',1,10000,4,'',1,10000,4,'',1,10000,4,'',1,10000,4,'',1,9800,4,'',1,10200,4,'',1,10000,4,'',1,10000,4,'',1,10000,4,'',1,10000,4,'',1,9900,4,'',1,10100,4,'',1,10000,4,'',1,10000,4,'',1
'H01U023I-Dimanche-0-23ETE-0000001-',3701,72400,4,'',1,10200,4,'',1,9800,4,'',1,10000,4,'',1,10000,4,'',1,10000,4,'',1,10000,4,'',1,10000,4,'',1,9900,4,'',1,10100,4,'',1,10000,4,'',1,10000,4,'',1,10000,4,'',1,10000,4,'',1,10000,4,'',1,10000,4,'',1,10000,4,'',1
'H01U023I-Dimanche-10-23ETE-0000001-',3701,72400,4,'',1,10200,4,'',1,9800,4,'',1,10000,4,'',1,10000,4,'',1,10000,4,'',1,10000,4,'',1,10000,4,'',1,9900,4,'',1,10100,4,'',1,10000,4,'',1,10000,4,'',1,10000,4,'',1,10000,4,'',1,10000,4,'',1,10000,4,'',1,10000,4,'',1
'H01U24DS-Semaine-0-23ETE-1111100-',3701,55000,4,'',1,7000,4,'',1,3700,4,'',1,6300,4,'',1,3800,4,'',1,6500,4,'',1,3000,4,'',1,500,4,'',1
'H01U923S-Semaine-1-23ETE-1111100-',3701,55000,4,'',1,7000,4,'',1,3700,4,'',1,6300,4,'',1,3800,4,'',1,6500,4,'',1,3000,4,'',1,500,4,'',1
'H01U023A-Dimanche-0-23ETE-0000001-',3801,73900,4,'',1,6900,4,'',1,3000,4,'',1,7100,4,'',1,3200,4,'',1,6800,4,'',1,3000,4,'',1,6900,4,'',1,3100,4,'',1,7000,4,'',1,3000,4,'',1,7000,4,'',1,3200,4,'',1,6800,4,'',1,3000,4,'',1,7200,4,'',1,2800,4,'',1,7000,4,'',1,3000,4,'',1,7000,4,'',1,3000,4,'',1,7000,4,'',1,3000,4,'',1,7000,4,'',1,3000,4,'',1,7000,4,'',1,3000,4,'',1,7000,4,'',1,3000,4,'',1,7000,4,'',1,3000,4,'',1,7000,4,'',1,3000,4,'',1
'H01U023A-Dimanche-10-23ETE-0000001-',3801,73900,4,'',1,6900,4,'',1,3000,4,'',1,7100,4,'',1,3200,4,'',1,6800,4,'',1,3000,4,'',1,6900,4,'',1,3100,4,'',1,7000,4,'',1,3000,4,'',1,7000,4,'',1,3200,4,'',1,6800,4,'',1,3000,4,'',1,7200,4,'',1,2800,4,'',1,7000,4,'',1,3000,4,'',1,7000,4,'',1,3000,4,'',1,7000,4,'',1,3000,4,'',1,7000,4,'',1,3000,4,'',1,7000,4,'',1,3000,4,'',1,7000,4,'',1,3000,4,'',1,7000,4,'',1,3000,4,'',1,7000,4,'',1,3000,4,'',1
'H01U023I-Dimanche-0-23ETE-0000001-',3801,74100,4,'',1,6700,4,'',1,3200,4,'',1,6900,4,'',1,3000,4,'',1,7000,4,'',1,3200,4,'',1,6800,4,'',1,3000,4,'',1,7000,4,'',1,3000,4,'',1,7000,4,'',1,3000,4,'',1,7000,4,'',1,3200,4,'',1,6800,4,'',1,3000,4,'',1,7000,4,'',1,3000,4,'',1,6900,4,'',1,3100,4,'',1,7000,4,'',1,3000,4,'',1,7000,4,'',1,3200,4,'',1,6800,4,'',1,3000,4,'',1,7000,4,'',1,3400,4,'',1,6600,4,'',1,3000,4,'',1,7200,4,'',1,2700,4,'',1
'H01U023I-Dimanche-10-23ETE-0000001-',3801,74100,4,'',1,6700,4,'',1,3200,4,'',1,6900,4,'',1,3000,4,'',1,7000,4,'',1,3200,4,'',1,6800,4,'',1,3000,4,'',1,7000,4,'',1,3000,4,'',1,7000,4,'',1,3000,4,'',1,7000,4,'',1,3200,4,'',1,6800,4,'',1,3000,4,'',1,7000,4,'',1,3000,4,'',1,6900,4,'',1,3100,4,'',1,7000,4,'',1,3000,4,'',1,7000,4,'',1,3200,4,'',1,6800,4,'',1,3000,4,'',1,7000,4,'',1,3400,4,'',1,6600,4,'',1,3000,4,'',1,7200,4,'',1,2700,4,'',1
'H01U24DS-Semaine-0-23ETE-1111100-',3801,64400,4,'',1,7000,4,'',1,2900,4,'',1,7100,4,'',1,2000,4,'',1
'H01U923S-Semaine-1-23ETE-1111100-',3801,64400,4,'',1,7000,4,'',1,3000,4,'',1,7000,4,'',1,2000,4,'',1
'H01U023A-Dimanche-0-23ETE-0000001-',5501,73100,4,'',1,7000,4,'',1,3000,4,'',1,7000,4,'',1,3000,4,'',1,7000,4,'',1,3000,4,'',1,7000,4,'',1,2900,4,'',1,7100,4,'',1,3000,4,'',1,7000,4,'',1,3000,4,'',1,6900,4,'',1,3100,4,'',1,7000,4,'',1,2900,4,'',1,7000,4,'',1,3100,4,'',1,7000,4,'',1,3200,4,'',1,6800,4,'',1,3000,4,'',1,7000,4,'',1,3000,4,'',1,7000,4,'',1,3000,4,'',1,6900,4,'',1,3100,4,'',1,2700,4,'',1,7300,4,'',1,7000,4,'',1,3000,4,'',1
'H01U023A-Dimanche-10-23ETE-0000001-',5501,73100,4,'',1,7000,4,'',1,3000,4,'',1,7000,4,'',1,3000,4,'',1,7000,4,'',1,3000,4,'',1,7000,4,'',1,2900,4,'',1,7100,4,'',1,3000,4,'',1,7000,4,'',1,3000,4,'',1,6900,4,'',1,3100,4,'',1,7000,4,'',1,2900,4,'',1,7000,4,'',1,3100,4,'',1,7000,4,'',1,3200,4,'',1,6800,4,'',1,3000,4,'',1,7000,4,'',1,3000,4,'',1,7000,4,'',1,3000,4,'',1,6900,4,'',1,3100,4,'',1,2700,4,'',1,7300,4,'',1,7000,4,'',1,3000,4,'',1
'H01U023I-Dimanche-0-23ETE-0000001-',5501,73100,4,'',1,7000,4,'',1,2900,4,'',1,7100,4,'',1,3000,4,'',1,7000,4,'',1,3000,4,'',1,6900,4,'',1,2700,4,'',1,7400,4,'',1,3000,4,'',1,7000,4,'',1,3300,4,'',1,6700,4,'',1,2900,4,'',1,2900,4,'',1,7200,4,'',1,7000,4,'',1,3000,4,'',1,7000,4,'',1,2900,4,'',1,7000,4,'',1,3100,4,'',1,2700,4,'',1,7300,4,'',1,7000,4,'',1,3000,4,'',1,7000,4,'',1,3000,4,'',1,7000,4,'',1,3000,4,'',1,6900,4,'',1,3100,4,'',1
'H01U023I-Dimanche-10-23ETE-0000001-',5501,73100,4,'',1,7000,4,'',1,2900,4,'',1,7100,4,'',1,3000,4,'',1,7000,4,'',1,3000,4,'',1,6900,4,'',1,2700,4,'',1,7400,4,'',1,3000,4,'',1,7000,4,'',1,3300,4,'',1,6700,4,'',1,2900,4,'',1,2900,4,'',1,7200,4,'',1,7000,4,'',1,3000,4,'',1,7000,4,'',1,2900,4,'',1,7000,4,'',1,3100,4,'',1,2700,4,'',1,7300,4,'',1,7000,4,'',1,3000,4,'',1,7000,4,'',1,3000,4,'',1,7000,4,'',1,3000,4,'',1,6900,4,'',1,3100,4,'',1
'H01U24DS-Semaine-0-23ETE-1111100-',5501,55500,4,'',1,7000,4,'',1,3000,4,'',1,7600,4,'',1,7000,4,'',1,3000,4,'',1,2200,4,'',1,7000,4,'',1,2900,4,'',1,7600,4,'',1,3000,4,'',1,7000,4,'',1,3000,4,'',1,7000,4,'',1,3100,4,'',1,7000,4,'',1,3000,4,'',1,7000,4,'',1,3000,4,'',1,7200,4,'',1,8700,4,'',1,10100,4,'',1,9400,4,'',1,9800,4,'',1,2500,4,'',1,7100,4,'',1,3000,4,'',1,7000,4,'',1,3000,4,'',1,7000,4,'',1,3000,4,'',1,7000,4,'',1,3000,4,'',1,7000,4,'',1,4000,4,'',1
'H01U923S-Semaine-1-23ETE-1111100-',5501,55500,4,'',1,5600,4,'',1,1500,4,'',1,1500,4,'',1,1500,4,'',1,5500,4,'',1,800,4,'',1,2600,4,'',1,1200,4,'',1,5200,4,'',1,1200,4,'',1,1400,4,'',1,1000,4,'',1,1200,4,'',1,4300,4,'',1,1100,4,'',1,2400,4,'',1,800,4,'',1,1500,4,'',1,6900,4,'',1,3100,4,'',1,7000,4,'',1,3000,4,'',1,7000,4,'',1,3100,4,'',1,7000,4,'',1,3000,4,'',1,7000,4,'',1,3000,4,'',1,7400,4,'',1,8500,4,'',1,10100,4,'',1,9400,4,'',1,9900,4,'',1,2400,4,'',1,7100,4,'',1,3000,4,'',1,7000,4,'',1,3000,4,'',1,7000,4,'',1,3000,4,'',1,7000,4,'',1,3000,4,'',1,7000,4,'',1,4000,4,'',1
'H01U023A-Dimanche-0-23ETE-0000001-',5901,74800,4,'',1,6800,4,'',1,3000,4,'',1,7000,4,'',1,3000,4,'',1,7000,4,'',1,3000,4,'',1,7000,4,'',1,3000,4,'',1,7000,4,'',1,3000,4,'',1,7000,4,'',1,3100,4,'',1,6900,4,'',1,3000,4,'',1,6700,4,'',1,3400,4,'',1,6700,4,'',1,3200,4,'',1,7000,4,'',1,3000,4,'',1,7000,4,'',1,3000,4,'',1,7000,4,'',1,3000,4,'',1,7000,4,'',1,3000,4,'',1,7000,4,'',1,3000,4,'',1,7000,4,'',1,3000,4,'',1,7000,4,'',1
'H01U023A-Dimanche-10-23ETE-0000001-',5901,74800,4,'',1,6800,4,'',1,3000,4,'',1,7000,4,'',1,3000,4,'',1,7000,4,'',1,3000,4,'',1,7000,4,'',1,3000,4,'',1,7000,4,'',1,3000,4,'',1,7000,4,'',1,3100,4,'',1,6900,4,'',1,3000,4,'',1,6700,4,'',1,3400,4,'',1,6700,4,'',1,3200,4,'',1,7000,4,'',1,3000,4,'',1,7000,4,'',1,3000,4,'',1,7000,4,'',1,3000,4,'',1,7000,4,'',1,3000,4,'',1,7000,4,'',1,3000,4,'',1,7000,4,'',1,3000,4,'',1,7000,4,'',1
'H01U023I-Dimanche-0-23ETE-0000001-',5901,74600,4,'',1,7000,4,'',1,3000,4,'',1,7000,4,'',1,2900,4,'',1,7100,4,'',1,3000,4,'',1,7000,4,'',1,3000,4,'',1,7000,4,'',1,3300,4,'',1,6700,4,'',1,3000,4,'',1,7000,4,'',1,3000,4,'',1,6800,4,'',1,3200,4,'',1,7000,4,'',1,2800,4,'',1,7200,4,'',1,3000,4,'',1,7000,4,'',1,3000,4,'',1,7000,4,'',1,3000,4,'',1,7000,4,'',1,3000,4,'',1,7000,4,'',1,3000,4,'',1,7000,4,'',1,3000,4,'',1,7000,4,'',1
'H01U023I-Dimanche-10-23ETE-0000001-',5901,74600,4,'',1,7000,4,'',1,3000,4,'',1,7000,4,'',1,2900,4,'',1,7100,4,'',1,3000,4,'',1,7000,4,'',1,3000,4,'',1,7000,4,'',1,3300,4,'',1,6700,4,'',1,3000,4,'',1,7000,4,'',1,3000,4,'',1,6800,4,'',1,3200,4,'',1,7000,4,'',1,2800,4,'',1,7200,4,'',1,3000,4,'',1,7000,4,'',1,3000,4,'',1,7000,4,'',1,3000,4,'',1,7000,4,'',1,3000,4,'',1,7000,4,'',1,3000,4,'',1,7000,4,'',1,3000,4,'',1,7000,4,'',1
'H01U24DS-Semaine-0-23ETE-1111100-',5901,55500,4,'',1,7000,4,'',1,2800,4,'',1,7900,4,'',1,7100,4,'',1,3000,4,'',1,7000,4,'',1,2600,4,'',1,2900,4,'',1,7000,4,'',1,1300,4,'',1,6200,4,'',1,3000,4,'',1,7000,4,'',1,3000,4,'',1,7000,4,'',1,3000,4,'',1,6900,4,'',1,3100,4,'',1,7000,4,'',1,3200,4,'',1,1000,4,'',1,9900,4,'',1,10100,4,'',1,9700,4,'',1,8000,4,'',1,3000,4,'',1,7000,4,'',1,3000,4,'',1,7000,4,'',1,3000,4,'',1,7000,4,'',1,3000,4,'',1,7000,4,'',1,3000,4,'',1,7200,4,'',1
'H01U923S-Semaine-1-23ETE-1111100-',5901,54700,4,'',1,1200,4,'',1,5500,4,'',1,1500,4,'',1,1600,4,'',1,1400,4,'',1,6300,4,'',1,1500,4,'',1,6500,4,'',1,1200,4,'',1,1200,4,'',1,1200,4,'',1,1200,4,'',1,5200,4,'',1,1200,4,'',1,700,4,'',1,1100,4,'',1,1600,4,'',1,6600,4,'',1,2900,4,'',1,7000,4,'',1,3000,4,'',1,7000,4,'',1,3000,4,'',1,7000,4,'',1,3000,4,'',1,7100,4,'',1,2900,4,'',1,7400,4,'',1,2800,4,'',1,10100,4,'',1,9900,4,'',1,9700,4,'',1,8000,4,'',1,3000,4,'',1,7000,4,'',1,3000,4,'',1,7000,4,'',1,3000,4,'',1,7000,4,'',1,3000,4,'',1,7000,4,'',1,3000,4,'',1,7200,4,'',1
'H01U023A-Dimanche-0-23ETE-0000001-',6701,70200,4,'',1,9900,4,'',1,10100,4,'',1,10000,4,'',1,3000,4,'',1,7000,4,'',1,3000,4,'',1,7000,4,'',1,3000,4,'',1,7000,4,'',1,3000,4,'',1,7000,4,'',1,3000,4,'',1,7000,4,'',1,3000,4,'',1,7000,4,'',1,3000,4,'',1,7000,4,'',1,3000,4,'',1,6900,4,'',1,3100,4,'',1,7000,4,'',1,3000,4,'',1,10000,4,'',1,10000,4,'',1,10000,4,'',1,10000,4,'',1
'H01U023A-Dimanche-10-23ETE-0000001-',6701,70200,4,'',1,9900,4,'',1,10100,4,'',1,10000,4,'',1,3000,4,'',1,7000,4,'',1,3000,4,'',1,7000,4,'',1,3000,4,'',1,7000,4,'',1,3000,4,'',1,7000,4,'',1,3000,4,'',1,7000,4,'',1,3000,4,'',1,7000,4,'',1,3000,4,'',1,7000,4,'',1,3000,4,'',1,6900,4,'',1,3100,4,'',1,7000,4,'',1,3000,4,'',1,10000,4,'',1,10000,4,'',1,10000,4,'',1,10000,4,'',1
'H01U023I-Dimanche-0-23ETE-0000001-',6701,70200,4,'',1,10000,4,'',1,10000,4,'',1,10000,4,'',2,3000,4,'',2,7000,4,'',1,3000,4,'',1,7000,4,'',1,3000,4,'',2,7000,4,'',1,3000,4,'',1,7000,4,'',1,3200,4,'',1,6800,4,'',1,3000,4,'',1,7000,4,'',1,3000,4,'',1,7000,4,'',1,2900,4,'',2,7100,4,'',2,3000,4,'',1,7000,4,'',1,3000,4,'',1,10000,4,'',1,10000,4,'',1,10000,4,'',1,10000,4,'',2
'H01U023I-Dimanche-10-23ETE-0000001-',6701,70200,4,'',1,10000,4,'',1,10000,4,'',1,10000,4,'',2,3000,4,'',2,7000,4,'',1,3000,4,'',1,7000,4,'',1,3000,4,'',2,7000,4,'',1,3000,4,'',1,7000,4,'',1,3200,4,'',1,6800,4,'',1,3000,4,'',1,7000,4,'',1,3000,4,'',1,7000,4,'',1,2900,4,'',2,7100,4,'',2,3000,4,'',1,7000,4,'',1,3000,4,'',1,10000,4,'',1,10000,4,'',1,10000,4,'',1,10000,4,'',2
'H01U24DS-Semaine-0-23ETE-1111100-',6701,94000,4,'',2,7000,4,'',1,3000,4,'',1,7000,4,'',1,3000,4,'',2,7000,4,'',1,2900,4,'',2,7000,4,'',1,3000,4,'',1,7000,4,'',2,2900,4,'',1,6900,4,'',1,3400,4,'',1,7000,4,'',1,3000,4,'',1,7000,4,'',1,3000,4,'',1,7000,4,'',1,2600,4,'',1,7200,4,'',1,2800,4,'',2,7000,4,'',1,10000,4,'',2,10000,4,'',1,10000,4,'',1,10000,4,'',1
'H01U923S-Semaine-1-23ETE-1111100-',6701,94000,4,'',2,7000,4,'',1,3000,4,'',2,7000,4,'',1,3000,4,'',1,7000,4,'',1,2900,4,'',2,7000,4,'',2,2900,4,'',1,7100,4,'',1,3000,4,'',1,7000,4,'',1,3200,4,'',1,7000,4,'',1,3000,4,'',1,7000,4,'',1,3000,4,'',1,7000,4,'',1,2600,4,'',1,7200,4,'',1,2800,4,'',1,6900,4,'',2,10100,4,'',2,10000,4,'',1,10000,4,'',1,10000,4,'',1
'H01U24DS-Semaine-0-23ETE-1111100-',8701,54400,4,'',1,6000,4,'',1,1900,4,'',1,2000,4,'',1,6000,4,'',1,2400,4,'',1,2000,4,'',1,6000,4,'',1,2000,4,'',1,2000,4,'',1,6200,4,'',1
'H01U923S-Semaine-1-23ETE-1111100-',8701,54400,4,'',2,5900,4,'',2,2000,4,'',1,2100,4,'',2,5900,4,'',2,2400,4,'',2,2000,4,'',2,6000,4,'',2,2000,4,'',2,2000,4,'',2,6200,4,'',2
'H01U023A-Dimanche-0-23ETE-0000001-',37101,75400,4,'',1,10000,4,'',1,10000,4,'',1,10000,4,'',1,10200,4,'',1,9800,4,'',1,10000,4,'',1,10000,4,'',1,10000,4,'',1,10000,4,'',1,10000,4,'',1,10000,4,'',1,10200,4,'',1,9800,4,'',1,10000,4,'',1,10000,4,'',1,10000,4,'',1
'H01U023A-Dimanche-10-23ETE-0000001-',37101,75400,4,'',1,10000,4,'',1,10000,4,'',1,10000,4,'',1,10200,4,'',1,9800,4,'',1,10000,4,'',1,10000,4,'',1,10000,4,'',1,10000,4,'',1,10000,4,'',1,10000,4,'',1,10200,4,'',1,9800,4,'',1,10000,4,'',1,10000,4,'',1,10000,4,'',1
'H01U023I-Dimanche-0-23ETE-0000001-',37101,75300,4,'',1,10000,4,'',1,10100,4,'',1,10000,4,'',1,10000,4,'',1,10100,4,'',1,9900,4,'',1,9900,4,'',1,9800,4,'',1,10200,4,'',1,10000,4,'',1,10000,4,'',1,10100,4,'',1,10000,4,'',1,10000,4,'',1,10000,4,'',1,10000,4,'',1
'H01U023I-Dimanche-10-23ETE-0000001-',37101,75300,4,'',1,10000,4,'',1,10100,4,'',1,10000,4,'',1,10000,4,'',1,10100,4,'',1,9900,4,'',1,9900,4,'',1,9800,4,'',1,10200,4,'',1,10000,4,'',1,10000,4,'',1,10100,4,'',1,10000,4,'',1,10000,4,'',1,10000,4,'',1,10000,4,'',1
'H01U24DS-Semaine-0-23ETE-1111100-',37101,60800,4,'',1,3300,4,'',1,7400,4,'',1,2100,4,'',1,7400,4,'',1,12500,4,'',1
'H01U923S-Semaine-1-23ETE-1111100-',37101,61000,4,'',1,3100,4,'',1,7400,4,'',1,2100,4,'',1,7400,4,'',1,12500,4,'',1
'H01U023A-Dimanche-0-23ETE-0000001-',40001,65600,4,'',1,5500,4,'',1,1300,4,'',1,1700,4,'',1,1500,4,'',1,5500,4,'',1,1500,4,'',1,1500,4,'',1,1500,4,'',1,5500,4,'',1,1500,4,'',1,1500,4,'',1,1700,4,'',1,5500,4,'',1,1500,4,'',1,1500,4,'',1,1500,4,'',1,5500,4,'',1,1500,4,'',1,1500,4,'',1,1500,4,'',1,5500,4,'',1,1500,4,'',1,1500,4,'',1,1500,4,'',1,5500,4,'',1,1500,4,'',1,1600,4,'',1,1300,4,'',1,5600,4,'',1,1500,4,'',1,1500,4,'',1,1500,4,'',1,5500,4,'',1,1500,4,'',1,1500,4,'',1,1500,4,'',1,5500,4,'',1,1500,4,'',1,1500,4,'',1,1500,4,'',1,5500,4,'',1,1500,4,'',1,1500,4,'',1,1500,4,'',1,5500,4,'',1,1500,4,'',1,1500,4,'',1,1500,4,'',1,5500,4,'',1,1400,4,'',1,1500,4,'',1,1500,4,'',1,5500,4,'',1,1500,4,'',1,1500,4,'',1,1500,4,'',1,5500,4,'',1,1300,4,'',1,1700,4,'',1,1500,4,'',1,5500,4,'',1,1500,4,'',1,1500,4,'',1,1500,4,'',1,5500,4,'',1,1600,4,'',1,1400,4,'',1,1500,4,'',1,5500,4,'',1,1500,4,'',1,1500,4,'',1,1500,4,'',1
'H01U023A-Dimanche-10-23ETE-0000001-',40001,65600,4,'',1,5500,4,'',1,1300,4,'',1,1700,4,'',1,1500,4,'',1,5500,4,'',1,1500,4,'',1,1500,4,'',1,1500,4,'',1,5500,4,'',1,1500,4,'',1,1500,4,'',1,1700,4,'',1,5500,4,'',1,1500,4,'',1,1500,4,'',1,1500,4,'',1,5500,4,'',1,1500,4,'',1,1500,4,'',1,1500,4,'',1,5500,4,'',1,1500,4,'',1,1500,4,'',1,1500,4,'',1,5500,4,'',1,1500,4,'',1,1600,4,'',1,1300,4,'',1,5600,4,'',1,1500,4,'',1,1500,4,'',1,1500,4,'',1,5500,4,'',1,1500,4,'',1,1500,4,'',1,1500,4,'',1,5500,4,'',1,1500,4,'',1,1500,4,'',1,1500,4,'',1,5500,4,'',1,1500,4,'',1,1500,4,'',1,1500,4,'',1,5500,4,'',1,1500,4,'',1,1500,4,'',1,1500,4,'',1,5500,4,'',1,1400,4,'',1,1500,4,'',1,1500,4,'',1,5500,4,'',1,1500,4,'',1,1500,4,'',1,1500,4,'',1,5500,4,'',1,1300,4,'',1,1700,4,'',1,1500,4,'',1,5500,4,'',1,1500,4,'',1,1500,4,'',1,1500,4,'',1,5500,4,'',1,1600,4,'',1,1400,4,'',1,1500,4,'',1,5500,4,'',1,1500,4,'',1,1500,4,'',1,1500,4,'',1
'H01U023I-Dimanche-0-23ETE-0000001-',40001,65600,4,'',1,5500,4,'',1,1500,4,'',1,1500,4,'',1,1500,4,'',1,5600,4,'',1,1400,4,'',1,1500,4,'',1,1500,4,'',1,5500,4,'',1,1500,4,'',1,1500,4,'',1,1700,4,'',1,5500,4,'',1,1500,4,'',1,1500,4,'',1,1500,4,'',1,5500,4,'',1,1500,4,'',1,1500,4,'',1,5800,4,'',1,1200,4,'',1,1500,4,'',1,1500,4,'',1,1500,4,'',1,5500,4,'',1,1500,4,'',1,1500,4,'',1,1500,4,'',1,5500,4,'',1,1500,4,'',1,1600,4,'',1,1400,4,'',1,5500,4,'',1,1500,4,'',1,1500,4,'',1,1500,4,'',1,5500,4,'',1,1500,4,'',1,1500,4,'',1,1500,4,'',1,5500,4,'',1,1500,4,'',1,1300,4,'',1,1700,4,'',1,5500,4,'',1,1500,4,'',1,1500,4,'',1,1500,4,'',1,5500,4,'',1,1400,4,'',1,1500,4,'',1,1500,4,'',1,5500,4,'',1,1500,4,'',1,1500,4,'',1,1500,4,'',1,5500,4,'',1,1800,4,'',1,1200,4,'',1,1500,4,'',1,5300,4,'',1,1700,4,'',1,1500,4,'',1,1500,4,'',1,5500,4,'',1,1500,4,'',1,1500,4,'',1,1500,4,'',1,5500,4,'',1,1500,4,'',1,1000,4,'',1,2000,4,'',1
'H01U023I-Dimanche-10-23ETE-0000001-',40001,65600,4,'',1,5500,4,'',1,1500,4,'',1,1500,4,'',1,1500,4,'',1,5600,4,'',1,1400,4,'',1,1500,4,'',1,1500,4,'',1,5500,4,'',1,1500,4,'',1,1500,4,'',1,1700,4,'',1,5500,4,'',1,1500,4,'',1,1500,4,'',1,1500,4,'',1,5500,4,'',1,1500,4,'',1,1500,4,'',1,5800,4,'',1,1200,4,'',1,1500,4,'',1,1500,4,'',1,1500,4,'',1,5500,4,'',1,1500,4,'',1,1500,4,'',1,1500,4,'',1,5500,4,'',1,1500,4,'',1,1600,4,'',1,1400,4,'',1,5500,4,'',1,1500,4,'',1,1500,4,'',1,1500,4,'',1,5500,4,'',1,1500,4,'',1,1500,4,'',1,1500,4,'',1,5500,4,'',1,1500,4,'',1,1300,4,'',1,1700,4,'',1,5500,4,'',1,1500,4,'',1,1500,4,'',1,1500,4,'',1,5500,4,'',1,1400,4,'',1,1500,4,'',1,1500,4,'',1,5500,4,'',1,1500,4,'',1,1500,4,'',1,1500,4,'',1,5500,4,'',1,1800,4,'',1,1200,4,'',1,1500,4,'',1,5300,4,'',1,1700,4,'',1,1500,4,'',1,1500,4,'',1,5500,4,'',1,1500,4,'',1,1500,4,'',1,1500,4,'',1,5500,4,'',1,1500,4,'',1,1000,4,'',1,2000,4,'',1
'H01U24DS-Semaine-0-23ETE-1111100-',40001,52400,4,'',1,1200,4,'',1,1000,4,'',1,800,4,'',1,5300,4,'',1,1000,4,'',1,1000,4,'',1,1000,4,'',1,1000,4,'',1,1000,4,'',1,5000,4,'',1,600,4,'',1,1400,4,'',1,900,4,'',1,1100,4,'',1,1000,4,'',1,5000,4,'',1,1000,4,'',1,1000,4,'',1,1000,4,'',1,1000,4,'',1,1000,4,'',1,5000,4,'',1,1000,4,'',1,1000,4,'',1,1100,4,'',1,1200,4,'',1,5000,4,'',1,1000,4,'',1,1000,4,'',1,1000,4,'',1,1000,4,'',1,1000,4,'',1,5000,4,'',1,1000,4,'',1,1000,4,'',1,1000,4,'',1,1000,4,'',1,1000,4,'',1,5000,4,'',1,1000,4,'',1,1000,4,'',1,1000,4,'',1,1000,4,'',1,800,4,'',1,5200,4,'',1,1400,4,'',1,600,4,'',1,1000,4,'',1,1000,4,'',1,1000,4,'',1,5000,4,'',1,1000,4,'',1,1000,4,'',1,1000,4,'',1,1000,4,'',1,1000,4,'',1,5000,4,'',1,1000,4,'',1,1000,4,'',1,1200,4,'',1,1000,4,'',1,1000,4,'',1,700,4,'',1,5400,4,'',1,1500,4,'',1,1600,4,'',1,1400,4,'',1,5500,4,'',1,1500,4,'',1,1500,4,'',1,1200,4,'',1,5500,4,'',1,1600,4,'',1,1400,4,'',1,1400,4,'',1,5600,4,'',1,1400,4,'',1,1600,4,'',1,1300,4,'',1,5500,4,'',1,1700,4,'',1,1600,4,'',1,1200,4,'',1,5500,4,'',1,1600,4,'',1,1400,4,'',1,1800,4,'',1,5200,4,'',1,1600,4,'',1,1400,4,'',1,1500,4,'',1,5500,4,'',1,1500,4,'',1,1500,4,'',1,1500,4,'',1,5100,4,'',1,3400,4,'',1
'H01U923S-Semaine-1-23ETE-1111100-',40001,52400,4,'',1,800,4,'',1,500,4,'',1,800,4,'',1,800,4,'',1,4900,4,'',1,500,4,'',1,500,4,'',1,1000,4,'',1,1100,4,'',1,600,4,'',1,800,4,'',1,600,4,'',1,600,4,'',1,4600,4,'',1,600,4,'',1,600,4,'',1,600,4,'',1,400,4,'',1,1000,4,'',1,400,4,'',1,600,4,'',1,500,4,'',1,5000,4,'',1,500,4,'',1,500,4,'',1,500,4,'',1,500,4,'',1,500,4,'',1,500,4,'',1,500,4,'',1,500,4,'',1,100,4,'',1,1000,4,'',1,600,4,'',1,4600,4,'',1,600,4,'',1,600,4,'',1,600,4,'',1,600,4,'',1,700,4,'',1,500,4,'',1,900,4,'',1,5000,4,'',1,1000,4,'',1,1000,4,'',1,1000,4,'',1,1000,4,'',1,1000,4,'',1,5000,4,'',1,1000,4,'',1,1000,4,'',1,1000,4,'',1,1000,4,'',1,1000,4,'',1,900,4,'',1,5100,4,'',1,1000,4,'',1,1100,4,'',1,900,4,'',1,800,4,'',1,5200,4,'',1,1400,4,'',1,600,4,'',1,1000,4,'',1,1000,4,'',1,900,4,'',1,5200,4,'',1,900,4,'',1,1000,4,'',1,1000,4,'',1,1000,4,'',1,1000,4,'',1,5000,4,'',1,1000,4,'',1,1000,4,'',1,1200,4,'',1,1000,4,'',1,1000,4,'',1,700,4,'',1,5400,4,'',1,1500,4,'',1,1500,4,'',1,1500,4,'',1,5500,4,'',1,1500,4,'',1,1500,4,'',1,1200,4,'',1,5500,4,'',1,1500,4,'',1,1500,4,'',1,1500,4,'',1,5500,4,'',1,1400,4,'',1,1600,4,'',1,1300,4,'',1,5500,4,'',1,1500,4,'',1,1500,4,'',1,1500,4,'',1,5500,4,'',1,1600,4,'',1,1400,4,'',1,1500,4,'',1,5500,4,'',1,1600,4,'',1,1400,4,'',1,1500,4,'',1,5500,4,'',1,1600,4,'',1,1400,4,'',1,1600,4,'',1,5500,4,'',1,2900,4,'',1
