'H01M023A-Dimanche-0-23AUT-0000001-',5201,70900,4,'',2,10000,4,'',2,10000,4,'',2,10200,4,'',1,10000,4,'',2,10000,4,'',1,10000,4,'',1,10000,4,'',1,10000,4,'',2,10000,4,'',1,10000,4,'',2,10000,4,'',1,10000,4,'',1,10000,4,'',1,9700,4,'',1,10000,4,'',1,10000,4,'',1,10000,4,'',1
'H01M023I-Dimanche-0-23AUT-0000001-',5201,70900,4,'',2,10000,4,'',2,10000,4,'',2,10200,4,'',2,10000,4,'',2,10000,4,'',1,10000,4,'',2,10000,4,'',1,10000,4,'',1,10000,4,'',2,10000,4,'',1,10000,4,'',2,10000,4,'',1,10000,4,'',2,9700,4,'',2,10000,4,'',2,9800,4,'',1,10200,4,'',2
'H01M023I-Dimanche-20-23AUT-0000001-',5201,70900,4,'',2,10000,4,'',2,10000,4,'',2,10200,4,'',2,10000,4,'',2,10000,4,'',1,10000,4,'',2,10000,4,'',1,10000,4,'',1,10000,4,'',2,10000,4,'',1,10000,4,'',2,10000,4,'',1,10000,4,'',2,9700,4,'',2,10000,4,'',2,9800,4,'',1,10200,4,'',2
'H01M923S-Semaine-1-23AUT-1111100-',5201,93800,4,'',1,10000,4,'',1,10000,4,'',1,10000,4,'',1,10000,4,'',1,10000,4,'',1,9900,4,'',1,7100,4,'',1,3000,4,'',1,10000,4,'',1,9600,4,'',1,10000,4,'',1,10400,4,'',1,10000,4,'',1,10000,4,'',1,10000,4,'',1
'H01M923S-Semaine-1-23AUT-1111100-',5401,65400,4,'',1,7400,4,'',1,9800,4,'',2
'H01M923S-Semaine-1-23AUT-1111100-',5601,94200,4,'',1,10000,4,'',1,10000,4,'',1,10000,4,'',1,10000,4,'',1,10000,4,'',1,10000,4,'',1,10000,4,'',1,10000,4,'',1
'H01M923S-Semaine-1-23AUT-1111100-',44901,152900,4,'',1
'H01M923S-Semaine-1-23AUT-1111100-',54901,155100,4,'',1
'H01M923S-Semaine-1-23AUT-1111100-',64701,152700,4,'',1
'H01M923S-Semaine-1-23AUT-1111100-',75201,150800,4,'',2
