'H01U24DS-Semaine-0-23ETE-1111100-',6200,61200,4,'',1,3100,4,'',2,6900,4,'',2,3000,4,'',1,7000,4,'',1,3000,4,'',2,10000,4,'',1,10000,4,'',2,10000,4,'',1,10000,4,'',2,9900,4,'',1,10000,4,'',2,9000,4,'',1,7000,4,'',1,3000,4,'',2,2000,4,'',2,5000,4,'',2,1900,4,'',1,3100,4,'',2,6100,4,'',2,3100,4,'',1,7900,4,'',1,10000,4,'',2,10000,4,'',2,10000,4,'',2
'H01U923S-Semaine-1-23ETE-1111100-',6200,61200,4,'',1,3100,4,'',2,6900,4,'',2,3000,4,'',1,7000,4,'',2,3000,4,'',1,10000,4,'',2,10000,4,'',2,10000,4,'',2,10000,4,'',1,9900,4,'',2,10100,4,'',1,8900,4,'',2,7000,4,'',2,3000,4,'',2,2000,4,'',1,5000,4,'',1,2000,4,'',1,3000,4,'',1,6100,4,'',1,3100,4,'',1,7900,4,'',1,10000,4,'',1,10000,4,'',1,10000,4,'',1
'H01U923S-Semaine-10-23ETE-1111100-',6200,61200,4,'',1,3100,4,'',2,6900,4,'',2,3000,4,'',1,7000,4,'',2,3000,4,'',1,10000,4,'',2,10000,4,'',2,10000,4,'',2,10000,4,'',1,9900,4,'',2,10100,4,'',1,8900,4,'',2,7000,4,'',2,3000,4,'',2,2000,4,'',1,5000,4,'',1,2000,4,'',1,3000,4,'',1,6100,4,'',1,3100,4,'',1,7900,4,'',1,10000,4,'',1,10000,4,'',1,10000,4,'',1
'H01U023A-Dimanche-1-23ETE-0000001-',6300,110100,4,'',1,10400,4,'',1,9800,4,'',1,10000,4,'',2,10000,4,'',2,10000,4,'',1,10000,4,'',1,10000,4,'',1
'H01U023A-Dimanche-10-23ETE-0000001-',6300,110100,4,'',1,10400,4,'',1,9800,4,'',1,10000,4,'',2,10000,4,'',2,10000,4,'',1,10000,4,'',1,10000,4,'',1
'H01U023A-Dimanche-30-23ETE-0000001-',6300,110100,4,'',1,10400,4,'',1,9800,4,'',1,10000,4,'',2,10000,4,'',2,10000,4,'',1,10000,4,'',1,10000,4,'',1
'H01U023I-Dimanche-1-23ETE-0000001-',6300,110200,4,'',1,10100,4,'',1,10000,4,'',1,10000,4,'',1,10000,4,'',1,10000,4,'',2,10000,4,'',2,10000,4,'',2
'H01U023I-Dimanche-10-23ETE-0000001-',6300,110200,4,'',1,10100,4,'',1,10000,4,'',1,10000,4,'',1,10000,4,'',1,10000,4,'',2,10000,4,'',2,10000,4,'',2
'H01U24DS-Semaine-0-23ETE-1111100-',6300,64200,4,'',1,8200,4,'',1,3000,4,'',2,7000,4,'',1,3000,4,'',2,7000,4,'',2,9700,4,'',1,10000,4,'',2,10000,4,'',1,10000,4,'',2,10000,4,'',1,9900,4,'',1,3400,4,'',1,7000,4,'',1,3000,4,'',1,6700,4,'',1,3000,4,'',1,8300,4,'',2,9700,4,'',1,10300,4,'',1,10000,4,'',2
'H01U923S-Semaine-1-23ETE-1111100-',6300,64200,4,'',2,8200,4,'',2,3000,4,'',2,7000,4,'',1,3000,4,'',2,7000,4,'',2,9700,4,'',1,10000,4,'',1,10000,4,'',2,10000,4,'',2,10000,4,'',2,9900,4,'',2,3400,4,'',1,7000,4,'',1,3000,4,'',2,6700,4,'',1,3000,4,'',2,8300,4,'',2,10000,4,'',1,10000,4,'',1,10000,4,'',1
'H01U923S-Semaine-10-23ETE-1111100-',6300,64200,4,'',2,8200,4,'',2,3000,4,'',2,7000,4,'',1,3000,4,'',2,7000,4,'',2,9700,4,'',1,10000,4,'',1,10000,4,'',2,10000,4,'',2,10000,4,'',2,9900,4,'',2,3400,4,'',1,7000,4,'',1,3000,4,'',2,6700,4,'',1,3000,4,'',2,8300,4,'',2,10000,4,'',1,10000,4,'',1,10000,4,'',1
'H01U023A-Dimanche-1-23ETE-0000001-',6500,71000,4,'',2,9900,4,'',1,10000,4,'',2,10000,4,'',1,3000,4,'',1,7000,4,'',1,3000,4,'',1,7000,4,'',1,3000,4,'',1,7000,4,'',1,3000,4,'',1,7000,4,'',1,3000,4,'',2,7000,4,'',1,3000,4,'',1,7000,4,'',1,3000,4,'',1,7000,4,'',2,3000,4,'',1,7000,4,'',1,3000,4,'',1,7200,4,'',1,2800,4,'',2,7000,4,'',1,3000,4,'',2,7100,4,'',1,2900,4,'',1,7000,4,'',2,3000,4,'',1,7000,4,'',1
'H01U023A-Dimanche-10-23ETE-0000001-',6500,71000,4,'',2,9900,4,'',1,10000,4,'',2,10000,4,'',1,3000,4,'',1,7000,4,'',1,3000,4,'',1,7000,4,'',1,3000,4,'',1,7000,4,'',1,3000,4,'',1,7000,4,'',1,3000,4,'',2,7000,4,'',1,3000,4,'',1,7000,4,'',1,3000,4,'',1,7000,4,'',2,3000,4,'',1,7000,4,'',1,3000,4,'',1,7200,4,'',1,2800,4,'',2,7000,4,'',1,3000,4,'',2,7100,4,'',1,2900,4,'',1,7000,4,'',2,3000,4,'',1,7000,4,'',1
'H01U023A-Dimanche-30-23ETE-0000001-',6500,71000,4,'',2,9900,4,'',1,10000,4,'',2,10000,4,'',1,3000,4,'',1,7000,4,'',1,3000,4,'',1,7000,4,'',1,3000,4,'',1,7000,4,'',1,3000,4,'',1,7000,4,'',1,3000,4,'',2,7000,4,'',1,3000,4,'',1,7000,4,'',1,3000,4,'',1,7000,4,'',2,3000,4,'',1,7000,4,'',1,3000,4,'',1,7200,4,'',1,2800,4,'',2,7000,4,'',1,3000,4,'',2,7100,4,'',1,2900,4,'',1,7000,4,'',2,3000,4,'',1,7000,4,'',1
'H01U023I-Dimanche-1-23ETE-0000001-',6500,100900,4,'',1,3000,4,'',1,7000,4,'',1,3000,4,'',2,7000,4,'',1,2900,4,'',1,7100,4,'',1,3000,4,'',2,6800,4,'',1,3200,4,'',1,7000,4,'',1,3000,4,'',1,7000,4,'',1,3000,4,'',2,7000,4,'',1,3000,4,'',1,7000,4,'',1,3000,4,'',1,7000,4,'',2,3000,4,'',1,7000,4,'',2,3000,4,'',1,6800,4,'',1,3200,4,'',2,6800,4,'',1,3200,4,'',1,7000,4,'',1
'H01U023I-Dimanche-10-23ETE-0000001-',6500,100900,4,'',1,3000,4,'',1,7000,4,'',1,3000,4,'',2,7000,4,'',1,2900,4,'',1,7100,4,'',1,3000,4,'',2,6800,4,'',1,3200,4,'',1,7000,4,'',1,3000,4,'',1,7000,4,'',1,3000,4,'',2,7000,4,'',1,3000,4,'',1,7000,4,'',1,3000,4,'',1,7000,4,'',2,3000,4,'',1,7000,4,'',2,3000,4,'',1,6800,4,'',1,3200,4,'',2,6800,4,'',1,3200,4,'',1,7000,4,'',1
'H01U24DS-Semaine-0-23ETE-1111100-',6500,53200,4,'',2,7000,4,'',2,3000,4,'',1,1800,4,'',2,5400,4,'',1,1900,4,'',1,2000,4,'',2,6200,4,'',1,1800,4,'',1,2000,4,'',1,1500,4,'',2,6600,4,'',2,3000,4,'',2,7000,4,'',1,3000,4,'',2,7000,4,'',1,3000,4,'',1,7100,4,'',1,3000,4,'',1,7100,4,'',2,2900,4,'',1,6600,4,'',2,3300,4,'',1,7000,4,'',2,2200,4,'',2,6100,4,'',2,2000,4,'',2,1500,4,'',2,7000,4,'',2,2900,4,'',2,6200,4,'',2,1600,4,'',2,1200,4,'',2,2100,4,'',1,6200,4,'',1,2800,4,'',1,7000,4,'',2,3000,4,'',1,7000,4,'',1,3000,4,'',1,7000,4,'',1,3000,4,'',1,9800,4,'',2
'H01U923S-Semaine-1-23ETE-1111100-',6500,53200,4,'',2,7000,4,'',1,3000,4,'',1,1800,4,'',2,5400,4,'',2,1900,4,'',2,2000,4,'',2,6200,4,'',2,1800,4,'',2,2000,4,'',2,1500,4,'',1,6600,4,'',1,3000,4,'',1,7000,4,'',2,3000,4,'',2,7000,4,'',2,3000,4,'',1,7100,4,'',1,3000,4,'',2,7100,4,'',2,2900,4,'',2,6600,4,'',1,3300,4,'',2,7000,4,'',2,2200,4,'',2,6100,4,'',1,2000,4,'',2,1500,4,'',2,7000,4,'',1,2900,4,'',2,6200,4,'',2,1600,4,'',1,1300,4,'',1,2000,4,'',2,6200,4,'',2,2800,4,'',2,7000,4,'',2,3000,4,'',1,7000,4,'',2,3000,4,'',1,7000,4,'',1,3000,4,'',2,10000,4,'',1
'H01U923S-Semaine-10-23ETE-1111100-',6500,53200,4,'',2,7000,4,'',1,3000,4,'',1,1800,4,'',2,5400,4,'',2,1900,4,'',2,2000,4,'',2,6200,4,'',2,1800,4,'',2,2000,4,'',2,1500,4,'',1,6600,4,'',1,3000,4,'',1,7000,4,'',2,3000,4,'',2,7000,4,'',2,3000,4,'',1,7100,4,'',1,3000,4,'',2,7100,4,'',2,2900,4,'',2,6600,4,'',1,3300,4,'',2,7000,4,'',2,2200,4,'',2,6100,4,'',1,2000,4,'',2,1500,4,'',2,7000,4,'',1,2900,4,'',2,6200,4,'',2,1600,4,'',1,1300,4,'',1,2000,4,'',2,6200,4,'',2,2800,4,'',2,7000,4,'',2,3000,4,'',1,7000,4,'',2,3000,4,'',1,7000,4,'',1,3000,4,'',2,10000,4,'',1
'H01U023A-Dimanche-1-23ETE-0000001-',6700,74000,4,'',1,9700,4,'',1,10000,4,'',1,7000,4,'',1,3000,4,'',1,7000,4,'',1,3000,4,'',2,7000,4,'',2,3000,4,'',1,7000,4,'',1,3000,4,'',1,7000,4,'',1,3000,4,'',1,7000,4,'',1,3000,4,'',1,7000,4,'',1,3000,4,'',1,7000,4,'',1,3000,4,'',1,7000,4,'',1,3000,4,'',1,7000,4,'',1,3000,4,'',1,7000,4,'',1,10000,4,'',2,10000,4,'',1,10000,4,'',1,10100,4,'',1
'H01U023A-Dimanche-10-23ETE-0000001-',6700,74000,4,'',1,9700,4,'',1,10000,4,'',1,7000,4,'',1,3000,4,'',1,7000,4,'',1,3000,4,'',2,7000,4,'',2,3000,4,'',1,7000,4,'',1,3000,4,'',1,7000,4,'',1,3000,4,'',1,7000,4,'',1,3000,4,'',1,7000,4,'',1,3000,4,'',1,7000,4,'',1,3000,4,'',1,7000,4,'',1,3000,4,'',1,7000,4,'',1,3000,4,'',1,7000,4,'',1,10000,4,'',2,10000,4,'',1,10000,4,'',1,10100,4,'',1
'H01U023A-Dimanche-30-23ETE-0000001-',6700,74000,4,'',1,9700,4,'',1,10000,4,'',1,7000,4,'',1,3000,4,'',1,7000,4,'',1,3000,4,'',2,7000,4,'',2,3000,4,'',1,7000,4,'',1,3000,4,'',1,7000,4,'',1,3000,4,'',1,7000,4,'',1,3000,4,'',1,7000,4,'',1,3000,4,'',1,7000,4,'',1,3000,4,'',1,7000,4,'',1,3000,4,'',1,7000,4,'',1,3000,4,'',1,7000,4,'',1,10000,4,'',2,10000,4,'',1,10000,4,'',1,10100,4,'',1
'H01U023I-Dimanche-1-23ETE-0000001-',6700,73700,4,'',2,10000,4,'',1,10000,4,'',2,7000,4,'',1,3000,4,'',1,6800,4,'',2,3200,4,'',2,7000,4,'',1,3100,4,'',1,6800,4,'',1,3100,4,'',1,7100,4,'',1,3200,4,'',1,6700,4,'',1,3000,4,'',1,7100,4,'',1,2900,4,'',1,7200,4,'',1,2700,4,'',1,7100,4,'',1,3000,4,'',1,7200,4,'',1,2900,4,'',1,7000,4,'',1,9900,4,'',1,10000,4,'',1,10000,4,'',1,10000,4,'',1
'H01U023I-Dimanche-10-23ETE-0000001-',6700,73700,4,'',2,10000,4,'',1,10000,4,'',2,7000,4,'',1,3000,4,'',1,6800,4,'',2,3200,4,'',2,7000,4,'',1,3100,4,'',1,6800,4,'',1,3100,4,'',1,7100,4,'',1,3200,4,'',1,6700,4,'',1,3000,4,'',1,7100,4,'',1,2900,4,'',1,7200,4,'',1,2700,4,'',1,7100,4,'',1,3000,4,'',1,7200,4,'',1,2900,4,'',1,7000,4,'',1,9900,4,'',1,10000,4,'',1,10000,4,'',1,10000,4,'',1
'H01U24DS-Semaine-0-23ETE-1111100-',6700,64300,4,'',1,7000,4,'',1,3000,4,'',1,6000,4,'',1,2200,4,'',1,1500,4,'',1,7000,4,'',1,3000,4,'',1,6800,4,'',1,3100,4,'',2,7100,4,'',1,2900,4,'',1,7100,4,'',1,3000,4,'',2,7000,4,'',1,3000,4,'',2,7000,4,'',2,3000,4,'',1,7000,4,'',2,41100,4,'',1,3200,4,'',1,6100,4,'',1,3000,4,'',2,7000,4,'',1,3500,4,'',1,6500,4,'',1,2800,4,'',1,7000,4,'',1,3000,4,'',2,7000,4,'',1,3700,4,'',1
'H01U923S-Semaine-1-23ETE-1111100-',6700,64300,4,'',2,7000,4,'',1,3000,4,'',1,6000,4,'',2,2200,4,'',2,1500,4,'',2,7000,4,'',1,3000,4,'',1,7000,4,'',2,2800,4,'',2,7200,4,'',1,3000,4,'',1,7000,4,'',2,3000,4,'',1,7000,4,'',1,3000,4,'',1,7000,4,'',2,3000,4,'',1,7000,4,'',1,41000,4,'',1,3300,4,'',1,6100,4,'',2,3000,4,'',1,7400,4,'',2,2600,4,'',2,7000,4,'',2,2800,4,'',1,7000,4,'',1,2800,4,'',1,7200,4,'',1,3000,4,'',1
'H01U923S-Semaine-10-23ETE-1111100-',6700,64300,4,'',2,7000,4,'',1,3000,4,'',1,6000,4,'',2,2200,4,'',2,1500,4,'',2,7000,4,'',1,3000,4,'',1,7000,4,'',2,2800,4,'',2,7200,4,'',1,3000,4,'',1,7000,4,'',2,3000,4,'',1,7000,4,'',1,3000,4,'',1,7000,4,'',2,3000,4,'',1,7000,4,'',1,41000,4,'',1,3300,4,'',1,6100,4,'',2,3000,4,'',1,7400,4,'',2,2600,4,'',2,7000,4,'',2,2800,4,'',1,7000,4,'',1,2800,4,'',1,7200,4,'',1,3000,4,'',1
'H01U023A-Dimanche-1-23ETE-0000001-',7101,75200,4,'',1,10000,4,'',1,10000,4,'',1,10000,4,'',1,10000,4,'',1,10000,4,'',1,10000,4,'',1,10000,4,'',1,10000,4,'',1,10000,4,'',1,10000,4,'',1,10000,4,'',1,10000,4,'',1,9800,4,'',1,10200,4,'',1,10000,4,'',1
'H01U023A-Dimanche-10-23ETE-0000001-',7101,75200,4,'',1,10000,4,'',1,10000,4,'',1,10000,4,'',1,10000,4,'',1,10000,4,'',1,10000,4,'',1,10000,4,'',1,10000,4,'',1,10000,4,'',1,10000,4,'',1,10000,4,'',1,10000,4,'',1,9800,4,'',1,10200,4,'',1,10000,4,'',1
'H01U023A-Dimanche-30-23ETE-0000001-',7101,75200,4,'',1,10000,4,'',1,10000,4,'',1,10000,4,'',1,10000,4,'',1,10000,4,'',1,10000,4,'',1,10000,4,'',1,10000,4,'',1,10000,4,'',1,10000,4,'',1,10000,4,'',1,10000,4,'',1,9800,4,'',1,10200,4,'',1,10000,4,'',1
'H01U023I-Dimanche-1-23ETE-0000001-',7101,75400,4,'',1,9800,4,'',1,10000,4,'',1,10000,4,'',1,10000,4,'',2,10000,4,'',2,10000,4,'',2,10000,4,'',2,10000,4,'',2,10000,4,'',2,10000,4,'',2,10000,4,'',2,10000,4,'',2,10000,4,'',1,10100,4,'',2,9900,4,'',2
'H01U023I-Dimanche-10-23ETE-0000001-',7101,75400,4,'',1,9800,4,'',1,10000,4,'',1,10000,4,'',1,10000,4,'',2,10000,4,'',2,10000,4,'',2,10000,4,'',2,10000,4,'',2,10000,4,'',2,10000,4,'',2,10000,4,'',2,10000,4,'',2,10000,4,'',1,10100,4,'',2,9900,4,'',2
'H01U24DS-Semaine-0-23ETE-1111100-',7101,55700,4,'',1,6200,4,'',1,1800,4,'',2,2000,4,'',2,6000,4,'',2,1500,4,'',2,2000,4,'',2,5600,4,'',1,1700,4,'',1,3000,4,'',1,6800,4,'',1,3000,4,'',2,7000,4,'',2,3000,4,'',2,7000,4,'',2,3000,4,'',2,7000,4,'',1,3000,4,'',1,7000,4,'',1,3000,4,'',1,7100,4,'',2,3000,4,'',1,7000,4,'',2,1500,4,'',2,1500,4,'',2,5300,4,'',2,1700,4,'',1,1500,4,'',2,1500,4,'',1,5500,4,'',1,1500,4,'',1,1600,4,'',1,1900,4,'',1,6800,4,'',1,3000,4,'',1,10000,4,'',1,10000,4,'',1,10000,4,'',1,10000,4,'',2,10000,4,'',1
'H01U923S-Semaine-1-23ETE-1111100-',7101,55700,4,'',1,6200,4,'',1,1800,4,'',2,2000,4,'',2,6000,4,'',2,1500,4,'',1,2000,4,'',2,5600,4,'',2,1700,4,'',2,3000,4,'',2,6800,4,'',1,2900,4,'',2,7100,4,'',1,3000,4,'',1,7000,4,'',1,3000,4,'',1,7000,4,'',1,3000,4,'',2,7000,4,'',1,3000,4,'',2,7100,4,'',2,3000,4,'',2,7000,4,'',1,1700,4,'',2,1300,4,'',2,5300,4,'',1,1700,4,'',2,1500,4,'',1,1500,4,'',1,5500,4,'',1,1600,4,'',1,1400,4,'',1,2000,4,'',1,6800,4,'',1,3000,4,'',2,10000,4,'',2,10000,4,'',1,10000,4,'',1,10000,4,'',1,10000,4,'',2
'H01U923S-Semaine-10-23ETE-1111100-',7101,55700,4,'',1,6200,4,'',1,1800,4,'',2,2000,4,'',2,6000,4,'',2,1500,4,'',1,2000,4,'',2,5600,4,'',2,1700,4,'',2,3000,4,'',2,6800,4,'',1,2900,4,'',2,7100,4,'',1,3000,4,'',1,7000,4,'',1,3000,4,'',1,7000,4,'',1,3000,4,'',2,7000,4,'',1,3000,4,'',2,7100,4,'',2,3000,4,'',2,7000,4,'',1,1700,4,'',2,1300,4,'',2,5300,4,'',1,1700,4,'',2,1500,4,'',1,1500,4,'',1,5500,4,'',1,1600,4,'',1,1400,4,'',1,2000,4,'',1,6800,4,'',1,3000,4,'',2,10000,4,'',2,10000,4,'',1,10000,4,'',1,10000,4,'',1,10000,4,'',2
'H01U24DS-Semaine-0-23ETE-1111100-',7301,53700,4,'',1,7100,4,'',1,1500,4,'',1,1500,4,'',1,1500,4,'',2,5500,4,'',2,1600,4,'',1,1300,4,'',2,1700,4,'',2,6000,4,'',2,2200,4,'',1,6800,4,'',1,2800,4,'',2,8000,4,'',1,10000,4,'',2,10000,4,'',2,10000,4,'',2,9500,4,'',2,9900,4,'',1,3000,4,'',2,6900,4,'',1,3000,4,'',2,7000,4,'',2,3000,4,'',1,7000,4,'',1,2600,4,'',1,8500,4,'',2,10000,4,'',2,10000,4,'',2,10000,4,'',2,10000,4,'',1
'H01U923S-Semaine-1-23ETE-1111100-',7301,53800,4,'',2,7000,4,'',2,1500,4,'',1,1500,4,'',1,1500,4,'',2,5500,4,'',1,1600,4,'',1,1300,4,'',2,1700,4,'',2,6000,4,'',2,2000,4,'',1,7000,4,'',2,2700,4,'',2,8100,4,'',2,10000,4,'',1,10000,4,'',2,10000,4,'',2,9500,4,'',2,9900,4,'',2,3100,4,'',1,6800,4,'',2,3000,4,'',2,7000,4,'',2,3000,4,'',1,6900,4,'',1,2900,4,'',1,8300,4,'',1,10000,4,'',1,10000,4,'',1,10000,4,'',2,10000,4,'',1
'H01U923S-Semaine-10-23ETE-1111100-',7301,53800,4,'',2,7000,4,'',2,1500,4,'',1,1500,4,'',1,1500,4,'',2,5500,4,'',1,1600,4,'',1,1300,4,'',2,1700,4,'',2,6000,4,'',2,2000,4,'',1,7000,4,'',2,2700,4,'',2,8100,4,'',2,10000,4,'',1,10000,4,'',2,10000,4,'',2,9500,4,'',2,9900,4,'',2,3100,4,'',1,6800,4,'',2,3000,4,'',2,7000,4,'',2,3000,4,'',1,6900,4,'',1,2900,4,'',1,8300,4,'',1,10000,4,'',1,10000,4,'',1,10000,4,'',2,10000,4,'',1
'H01U023A-Dimanche-1-23ETE-0000001-',7501,80500,4,'',2,11300,4,'',2,10200,4,'',2,10000,4,'',1,10100,4,'',1,9900,4,'',2,10100,4,'',2,10000,4,'',2,10000,4,'',2,9800,4,'',1,10000,4,'',1,10000,4,'',1,10000,4,'',2,10000,4,'',2,10000,4,'',1,10000,4,'',1
'H01U023A-Dimanche-10-23ETE-0000001-',7501,80500,4,'',2,11300,4,'',2,10200,4,'',2,10000,4,'',1,10100,4,'',1,9900,4,'',2,10100,4,'',2,10000,4,'',2,10000,4,'',2,9800,4,'',1,10000,4,'',1,10000,4,'',1,10000,4,'',2,10000,4,'',2,10000,4,'',1,10000,4,'',1
'H01U023A-Dimanche-30-23ETE-0000001-',7501,80500,4,'',2,11300,4,'',2,10200,4,'',2,10000,4,'',1,10100,4,'',1,9900,4,'',2,10100,4,'',2,10000,4,'',2,10000,4,'',2,9800,4,'',1,10000,4,'',1,10000,4,'',1,10000,4,'',2,10000,4,'',2,10000,4,'',1,10000,4,'',1
'H01U023I-Dimanche-1-23ETE-0000001-',7501,102000,4,'',1,10000,4,'',1,10100,4,'',1,10000,4,'',1,10000,4,'',1,10000,4,'',2,10000,4,'',2,9700,4,'',2,10100,4,'',2,10000,4,'',1,10000,4,'',2,10000,4,'',2,10000,4,'',1,10000,4,'',1
'H01U023I-Dimanche-10-23ETE-0000001-',7501,102000,4,'',1,10000,4,'',1,10100,4,'',1,10000,4,'',1,10000,4,'',1,10000,4,'',2,10000,4,'',2,9700,4,'',2,10100,4,'',2,10000,4,'',1,10000,4,'',2,10000,4,'',2,10000,4,'',1,10000,4,'',1
'H01U24DS-Semaine-0-23ETE-1111100-',7501,55900,4,'',1,5600,4,'',2,1500,4,'',2,1700,4,'',2,6000,4,'',1,2800,4,'',2,1800,4,'',2,6000,4,'',2,2800,4,'',2,6800,4,'',1,2800,4,'',2,6900,4,'',2,3000,4,'',1,7000,4,'',1,3000,4,'',1,7000,4,'',1,3100,4,'',1,6900,4,'',1,3000,4,'',2,7000,4,'',2,3000,4,'',2,7000,4,'',2,2700,4,'',1,8000,4,'',2,10200,4,'',2,9800,4,'',2,10000,4,'',2,3800,4,'',1,10000,4,'',2,10000,4,'',2,10000,4,'',2,10000,4,'',2
'H01U923S-Semaine-1-23ETE-1111100-',7501,55900,4,'',2,5600,4,'',2,1500,4,'',1,1700,4,'',1,6000,4,'',2,2800,4,'',2,1800,4,'',1,6000,4,'',2,2800,4,'',2,6800,4,'',2,2700,4,'',1,7000,4,'',2,3100,4,'',2,6900,4,'',2,3000,4,'',2,7000,4,'',2,3000,4,'',2,7000,4,'',1,3000,4,'',1,7000,4,'',2,3000,4,'',2,7000,4,'',2,2700,4,'',2,8000,4,'',2,10200,4,'',1,9800,4,'',2,10000,4,'',2,3800,4,'',1,10000,4,'',2,10000,4,'',1,10000,4,'',2,10000,4,'',2
'H01U923S-Semaine-10-23ETE-1111100-',7501,55900,4,'',2,5600,4,'',2,1500,4,'',1,1700,4,'',1,6000,4,'',2,2800,4,'',2,1800,4,'',1,6000,4,'',2,2800,4,'',2,6800,4,'',2,2700,4,'',1,7000,4,'',2,3100,4,'',2,6900,4,'',2,3000,4,'',2,7000,4,'',2,3000,4,'',2,7000,4,'',1,3000,4,'',1,7000,4,'',2,3000,4,'',2,7000,4,'',2,2700,4,'',2,8000,4,'',2,10200,4,'',1,9800,4,'',2,10000,4,'',2,3800,4,'',1,10000,4,'',2,10000,4,'',1,10000,4,'',2,10000,4,'',2
'H01U023A-Dimanche-1-23ETE-0000001-',7601,71700,4,'',2,10500,4,'',1,10000,4,'',1,10000,4,'',1,10000,4,'',1,10000,4,'',1,10000,4,'',1,10000,4,'',1,10000,4,'',1,10000,4,'',1,10000,4,'',1,10000,4,'',1,10000,4,'',1,10000,4,'',1,10000,4,'',1,10200,4,'',1
'H01U023A-Dimanche-10-23ETE-0000001-',7601,71700,4,'',2,10500,4,'',1,10000,4,'',1,10000,4,'',1,10000,4,'',1,10000,4,'',1,10000,4,'',1,10000,4,'',1,10000,4,'',1,10000,4,'',1,10000,4,'',1,10000,4,'',1,10000,4,'',1,10000,4,'',1,10000,4,'',1,10200,4,'',1
'H01U023A-Dimanche-30-23ETE-0000001-',7601,71700,4,'',2,10500,4,'',1,10000,4,'',1,10000,4,'',1,10000,4,'',1,10000,4,'',1,10000,4,'',1,10000,4,'',1,10000,4,'',1,10000,4,'',1,10000,4,'',1,10000,4,'',1,10000,4,'',1,10000,4,'',1,10000,4,'',1,10200,4,'',1
'H01U023I-Dimanche-1-23ETE-0000001-',7601,92200,4,'',1,10000,4,'',1,10000,4,'',2,10000,4,'',1,10000,4,'',2,10000,4,'',1,10000,4,'',1,10000,4,'',1,10100,4,'',1,9900,4,'',1,10000,4,'',1,10000,4,'',2,10000,4,'',2,10000,4,'',2
'H01U023I-Dimanche-10-23ETE-0000001-',7601,92200,4,'',1,10000,4,'',1,10000,4,'',2,10000,4,'',1,10000,4,'',2,10000,4,'',1,10000,4,'',1,10000,4,'',1,10100,4,'',1,9900,4,'',1,10000,4,'',1,10000,4,'',2,10000,4,'',2,10000,4,'',2
'H01U24DS-Semaine-0-23ETE-1111100-',7601,63900,4,'',2,1600,4,'',2,6000,4,'',2,2400,4,'',2,1500,4,'',2,6000,4,'',2,2200,4,'',2,7000,4,'',1,3000,4,'',2,7000,4,'',1,3000,4,'',1,7000,4,'',2,3500,4,'',2,6500,4,'',2,3000,4,'',1,7000,4,'',2,3000,4,'',1,6900,4,'',2,3000,4,'',1,8300,4,'',2,2600,4,'',2,6500,4,'',1,2500,4,'',1,2500,4,'',1,6500,4,'',1,2500,4,'',1,6700,4,'',1,2600,4,'',2,8500,4,'',2,10000,4,'',1,10000,4,'',1,10000,4,'',1
'H01U923S-Semaine-1-23ETE-1111100-',7601,63900,4,'',2,1600,4,'',1,6000,4,'',2,2400,4,'',1,1500,4,'',1,6000,4,'',2,2200,4,'',2,7000,4,'',2,3000,4,'',2,7000,4,'',2,3000,4,'',2,7000,4,'',1,3500,4,'',2,6500,4,'',1,3000,4,'',2,7000,4,'',2,3000,4,'',2,6900,4,'',2,3000,4,'',1,8300,4,'',2,2600,4,'',1,6500,4,'',2,2500,4,'',2,2500,4,'',1,6500,4,'',1,2500,4,'',1,6700,4,'',1,2600,4,'',2,8500,4,'',1,10000,4,'',1,10000,4,'',1,10000,4,'',1
'H01U923S-Semaine-10-23ETE-1111100-',7601,63900,4,'',2,1600,4,'',1,6000,4,'',2,2400,4,'',1,1500,4,'',1,6000,4,'',2,2200,4,'',2,7000,4,'',2,3000,4,'',2,7000,4,'',2,3000,4,'',2,7000,4,'',1,3500,4,'',2,6500,4,'',1,3000,4,'',2,7000,4,'',2,3000,4,'',2,6900,4,'',2,3000,4,'',1,8300,4,'',2,2600,4,'',1,6500,4,'',2,2500,4,'',2,2500,4,'',1,6500,4,'',1,2500,4,'',1,6700,4,'',1,2600,4,'',2,8500,4,'',1,10000,4,'',1,10000,4,'',1,10000,4,'',1
'H01U24DS-Semaine-0-23ETE-1111100-',8700,154100,4,'',1,6000,4,'',1,2000,4,'',1,2000,4,'',1,6400,4,'',1,1400,4,'',1,2000,4,'',1,2000,4,'',2,5800,4,'',1,2200,4,'',1,2000,4,'',1
'H01U923S-Semaine-1-23ETE-1111100-',8700,154100,4,'',2,6000,4,'',2,1800,4,'',1,2200,4,'',1,6000,4,'',2,1800,4,'',2,2000,4,'',2,2000,4,'',1,5800,4,'',2,2200,4,'',2,2000,4,'',1
'H01U923S-Semaine-10-23ETE-1111100-',8700,154100,4,'',2,6000,4,'',2,1800,4,'',1,2200,4,'',1,6000,4,'',2,1800,4,'',2,2000,4,'',2,2000,4,'',1,5800,4,'',2,2200,4,'',2,2000,4,'',1
'H01U24DS-Semaine-0-23ETE-1111100-',47201,150800,4,'',2
'H01U923S-Semaine-1-23ETE-1111100-',47201,150800,4,'',1
'H01U923S-Semaine-10-23ETE-1111100-',47201,150800,4,'',1
