1501,0,'Gappe',15
1500,0,'Érables',15
1800,0,'Labrosse',18
1801,0,'Pré-Tunney',18
2000,0,'Freeman',20
2001,0,'Ottawa',20
2300,0,'Amsterdam',23
2301,0,'Ottawa',23
2500,0,'Amérique-Française',25
2501,0,'Ottawa',25
2601,0,'Ottawa',26
2600,0,'Pink',26
2700,0,'Galène',27
2701,0,'Ottawa',27
2800,0,'GamÉmond',28
2801,0,'Pré-Tunney',28
2900,0,'L-Campagna',29
2901,0,'Ottawa',29
3100,0,'Cgp GRoy',31
3101,0,'Ottawa',31
3201,0,'Ottawa',32
3200,0,'Plateau',32
3300,0,'Freeman',33
3301,0,'Ottawa',33
3401,0,'Ottawa',34
3400,0,'Plateau',34
3500,0,'M.Burger',35
3501,0,'Ottawa',35
3600,0,'Cgp GRoy',36
3601,0,'Ottawa',36
3700,0,'Cgp GRoy',37
3701,0,'Ottawa',37
3800,0,'Freeman',38
3801,0,'Ottawa',38
3900,0,'Freeman',39
3901,0,'Vanier',39
4000,0,'Front / Allum',40
4001,0,'Ottawa',40
4101,0,'Ottawa',41
4100,0,'P-O-B Allum',41
4500,0,'Gal.Aylmer',45
4501,0,'Ottawa',45
4700,0,'Gal.Aylmer',47
4701,0,'Ottawa',47
4800,0,'Cook / Perry',48
4801,0,'Ottawa',48
4900,0,'Cgp GRoy',49
4901,0,'Gal.Aylmer',49
5000,0,'Cgp GRoy',50
5001,0,'P-O-B Allum',50
5200,0,'P-O-B Allum',52
5201,0,'Rivermead',52
5400,0,'Hochelaga',54
5401,0,'Rivermead',54
5501,0,'Ottawa',55
5500,0,'P-O-B Allum',55
5600,0,'Cgp GRoy',56
5601,0,'Rivermead',56
5800,0,'P-O-B Allum',58
5801,0,'Pré-Tunney',58
5901,0,'Ottawa',59
5900,0,'P-O-B Allum',59
6200,0,'Cité',62
6201,0,'Gappe',62
6300,0,'Cité',63
6301,0,'Gappe',63
6400,0,'Col NF',64
6401,0,'Gappe',64
6500,0,'Cité',65
6501,0,'Gappe',65
6601,0,'Gappe',66
6600,0,'Promenades',66
6700,0,'Cité',67
6701,0,'Ottawa',67
6801,0,'Cgp GRoy',68
6800,0,'Lorrain',68
6900,0,'GD Jardins',69
6901,0,'Gappe',69
7101,0,'Cité',71
7100,0,'Labrosse',71
7200,0,'Lorrain',72
7301,0,'Cité',73
7300,0,'Labrosse',73
7401,0,'Lorrain',74
7501,0,'Cité',75
7500,0,'Lorrain',75
7601,0,'Cité',76
7600,0,'Labrosse',76
7700,0,'Lorrain',77
7800,0,'Lorrain',78
7900,0,'Labrosse',79
7901,0,'Lorrain',79
8500,0,'CôteNeiges',85
8501,0,'Ottawa',85
8700,0,'Cité',87
8701,0,'Ottawa',87
9300,0,'M-Angers',93
9301,0,'Ottawa',93
9401,0,'Ottawa',94
9500,0,'Buck',95
9501,0,'Ottawa',95
9700,0,'Ar Masson',97
9701,0,'Labrosse',97
9801,0,'Ottawa',98
29700,0,'AM',297
29701,0,'PM',297
32501,0,'AM',325
32500,0,'PM',325
32601,0,'AM',326
32600,0,'PM',326
32900,0,'AM',329
32901,0,'PM',329
33100,0,'AM',331
33101,0,'PM',331
37100,0,'Cgp GRoy',371
37101,0,'Ottawa',371
40000,0,'Lorrain',400
40001,0,'Ottawa',400
42500,0,'AM',425
42501,0,'PM',425
42600,0,'AM',426
42601,0,'PM',426
42900,0,'AM',429
42901,0,'PM',429
43101,0,'AM',431
43100,0,'PM',431
43301,0,'AM',433
43300,0,'PM',433
43700,0,'AM',437
43701,0,'PM',437
44900,0,'AM',449
44901,0,'PM',449
47201,0,'Cité',472
54901,0,'Col NF',549
55000,0,'AM',550
55001,0,'PM',550
56601,0,'AM',566
56600,0,'PM',566
57101,0,'AM',571
57100,0,'PM',571
57601,0,'AM',576
57600,0,'PM',576
63901,0,'AM',639
63900,0,'PM',639
64001,0,'AM',640
64000,0,'PM',640
64100,0,'AM',641
64101,0,'PM',641
64500,0,'AM',645
64501,0,'PM',645
64700,0,'AM',647
64701,0,'PM',647
65401,0,'AM',654
65400,0,'PM',654
65500,0,'En Transit',655
65501,0,'É Gr-Riv',655
72601,0,'É De La Cité',726
73100,0,'Col St-Jo',731
73401,0,'AM',734
73400,0,'PM',734
74001,0,'AM',740
74000,0,'PM',740
75200,0,'AM',752
75201,0,'PM',752
75401,0,'AM',754
75400,0,'PM',754
80000,0,'Lorrain',800
80001,0,'P-O-B Allum',800
82501,0,'AM',825
82500,0,'PM',825
82601,0,'AM',826
82600,0,'PM',826
82701,0,'AM',827
82700,0,'PM',827
82901,0,'AM',829
82900,0,'PM',829
83101,0,'AM',831
83100,0,'PM',831
83301,0,'AM',833
83300,0,'PM',833
86701,0,'AM',867
86700,0,'PM',867
