'H01M923S-Semaine-1-23AUT-1111100-',6800,63400,4,'',1,7000,4,'',1,3200,4,'',1,6800,4,'',1,3000,4,'',1,7000,4,'',1,3000,4,'',1,7000,4,'',1,3000,4,'',1,7000,4,'',1,3000,4,'',1,7000,4,'',1,3500,4,'',1,7500,4,'',1,3000,4,'',1,7000,4,'',1,3000,4,'',1,7000,4,'',1,2100,4,'',1,7500,4,'',1,2600,4,'',1,7000,4,'',1,2500,4,'',1,1100,4,'',1,7000,4,'',1,3000,4,'',1,7000,4,'',1
'H01M923S-Semaine-1-23AUT-1111100-',6801,61100,,'',1,3300,,'',1,5900,,'',1,1100,,'',1,2800,,'',1,6800,,'',1,3000,,'',1,7000,,'',1,3000,,'',1,7100,,'',1,3000,,'',1,7000,,'',1,3000,,'',1,7000,,'',1,3600,,'',1,6000,,'',1,3000,,'',1,7000,,'',1,3000,,'',1,7000,,'',1,3000,,'',1,7600,,'',1,3200,,'',1,6900,,'',1,3100,,'',1,7000,,'',1
'H01M923S-Semaine-1-23AUT-1111100-',57600,160100,4,'',2
'H01M923S-Semaine-1-23AUT-1111100-',57601,65400,0,'Col NF',1
'H01M023A-Dimanche-0-23AUT-0000001-',80000,75900,4,'',1,10000,4,'',1,14400,4,'',1,10000,4,'',2,10000,4,'',1,10000,4,'',1,10000,4,'',1,10000,4,'',1,10000,4,'',2,10000,4,'',2,10000,4,'',1,9800,4,'',1,10000,4,'',1,10000,4,'',2,10000,4,'',1,10000,4,'',2,9900,4,'',1
'H01M023A-Dimanche-0-23AUT-0000001-',80001,60100,,'',1,10000,,'',1,10000,,'',1,10000,,'',1,10000,,'',1,10000,,'',1,10000,,'',1,10000,,'',1,10000,,'',2,10000,,'',2,10000,,'',1,10000,,'',1,10000,,'',1,10000,,'',1,10000,,'',1,10000,,'',2,10000,,'',1
'H01M023I-Dimanche-0-23AUT-0000001-',80000,75900,4,'',1,10000,4,'',1,14400,4,'',1,10000,4,'',1,10000,4,'',1,10000,4,'',1,10000,4,'',1,10000,4,'',2,10000,4,'',2,10000,4,'',2,10000,4,'',1,10000,4,'',2,9700,4,'',1,10100,4,'',2,10000,4,'',1,10000,4,'',1,10000,4,'',1
'H01M023I-Dimanche-0-23AUT-0000001-',80001,60100,,'',1,10000,,'',1,10000,,'',1,10000,,'',1,10000,,'',1,10000,,'',1,10000,,'',1,10100,,'',2,9900,,'',2,10000,,'',2,10000,,'',1,10100,,'',2,9900,,'',1,10100,,'',2,9900,,'',1,10000,,'',1,10000,,'',1
'H01M023I-Dimanche-20-23AUT-0000001-',80000,75900,4,'',1,10000,4,'',1,14400,4,'',1,10000,4,'',1,10000,4,'',1,10000,4,'',1,10000,4,'',1,10000,4,'',2,10000,4,'',2,10000,4,'',2,10000,4,'',1,10000,4,'',2,9700,4,'',1,10100,4,'',2,10000,4,'',1,10000,4,'',1,10000,4,'',1
'H01M023I-Dimanche-20-23AUT-0000001-',80001,60100,,'',1,10000,,'',1,10000,,'',1,10000,,'',1,10000,,'',1,10000,,'',1,10000,,'',1,10100,,'',2,9900,,'',2,10000,,'',2,10000,,'',1,10100,,'',2,9900,,'',1,10100,,'',2,9900,,'',1,10000,,'',1,10000,,'',1
'H01M923S-Semaine-1-23AUT-1111100-',80000,64400,4,'',1,7500,4,'',2,2600,4,'',1,1000,4,'',2,6000,4,'',1,3400,4,'',1,5800,4,'',1,2400,4,'',1,2500,4,'',1,7200,4,'',1,3000,4,'',1,7000,4,'',1,3100,4,'',1,6900,4,'',1,3000,4,'',1,7000,4,'',1,3000,4,'',1,7000,4,'',1,3100,4,'',1,7000,4,'',1,3000,4,'',1,6500,4,'',1,3200,4,'',1,7000,4,'',1,7500,4,'',1,2600,4,'',1,3000,4,'',1,7000,4,'',1,3000,4,'',1,7000,4,'',2,3000,4,'',1,7000,4,'',1,2600,4,'',1,7000,4,'',1,3000,4,'',1,6700,4,'',1
'H01M923S-Semaine-1-23AUT-1111100-',80001,55000,,'',1,6500,,'',1,2800,,'',1,7400,,'',1,3000,,'',1,6700,,'',1,2700,,'',1,7500,,'',1,3000,,'',1,7000,,'',1,3000,,'',1,7000,,'',1,3000,,'',1,7000,,'',1,3000,,'',1,7000,,'',1,3000,,'',1,7000,,'',1,3000,,'',1,7000,,'',1,3000,,'',1,7000,,'',1,3000,,'',1,7000,,'',2,3000,,'',1,7000,,'',2,3000,,'',1,7000,,'',1,3000,,'',1,7000,,'',1,3000,,'',2,7100,,'',1,2900,,'',1,7100,,'',1
