'H01U24DS-Semaine-0-23ETE-1111100-',1101,71400,4,'',1,10200,4,'',1
'H01U923S-Semaine-1-23ETE-1111100-',1101,71400,4,'',1,10200,4,'',1
'H01U923S-Semaine-10-23ETE-1111100-',1101,71400,4,'',1,10200,4,'',1
'H01U24DS-Semaine-0-23ETE-1111100-',1701,71300,4,'',1,4400,4,'',1,9000,4,'',1
'H01U923S-Semaine-1-23ETE-1111100-',1701,71200,4,'',1,4500,4,'',1,9000,4,'',1
'H01U923S-Semaine-10-23ETE-1111100-',1701,71200,4,'',1,4500,4,'',1,9000,4,'',1
'H01U24DS-Semaine-0-23ETE-1111100-',2001,155900,4,'',1,14200,4,'',2,10000,4,'',1
'H01U923S-Semaine-1-23ETE-1111100-',2001,155900,4,'',1,14200,4,'',1,10000,4,'',1
'H01U923S-Semaine-10-23ETE-1111100-',2001,155900,4,'',1,14200,4,'',1,10000,4,'',1
'H01U24DS-Semaine-0-23ETE-1111100-',2701,64500,4,'',1,8500,4,'',2,8700,4,'',1,3000,4,'',1
'H01U923S-Semaine-1-23ETE-1111100-',2701,64500,4,'',1,8600,4,'',1,8600,4,'',1,3000,4,'',1
'H01U923S-Semaine-10-23ETE-1111100-',2701,64500,4,'',1,8600,4,'',1,8600,4,'',1,3000,4,'',1
'H01U24DS-Semaine-0-23ETE-1111100-',8501,54800,4,'',1,6000,4,'',1,2000,4,'',1,2000,4,'',1,6000,4,'',1,2300,4,'',1,2000,4,'',2,6000,4,'',1,2000,4,'',2
'H01U923S-Semaine-1-23ETE-1111100-',8501,54800,4,'',2,6000,4,'',2,2000,4,'',1,2000,4,'',1,6000,4,'',2,2300,4,'',1,2000,4,'',1,6000,4,'',2,2000,4,'',1
'H01U923S-Semaine-10-23ETE-1111100-',8501,54800,4,'',2,6000,4,'',2,2000,4,'',1,2000,4,'',1,6000,4,'',2,2300,4,'',1,2000,4,'',1,6000,4,'',2,2000,4,'',1
'H01U24DS-Semaine-0-23ETE-1111100-',9301,65300,4,'',1,5300,4,'',1,3800,4,'',2,6200,4,'',1,2900,4,'',2
'H01U923S-Semaine-1-23ETE-1111100-',9301,65300,4,'',2,5300,4,'',2,3800,4,'',1,6100,4,'',1,3000,4,'',1
'H01U923S-Semaine-10-23ETE-1111100-',9301,65300,4,'',2,5300,4,'',2,3800,4,'',1,6100,4,'',1,3000,4,'',1
'H01U24DS-Semaine-0-23ETE-1111100-',9401,61300,4,'',1,900,4,'',1
'H01U923S-Semaine-1-23ETE-1111100-',9401,61300,4,'',2,900,4,'',2
'H01U923S-Semaine-10-23ETE-1111100-',9401,61300,4,'',2,900,4,'',2
'H01U24DS-Semaine-0-23ETE-1111100-',9501,63900,4,'',2,1500,4,'',1,5500,4,'',2,1500,4,'',2,2400,4,'',1,5600,4,'',1,1400,4,'',1,2100,4,'',1
'H01U923S-Semaine-1-23ETE-1111100-',9501,63900,4,'',1,1500,4,'',1,5500,4,'',1,1500,4,'',2,2400,4,'',2,5600,4,'',2,1400,4,'',2,2100,4,'',2
'H01U923S-Semaine-10-23ETE-1111100-',9501,63900,4,'',1,1500,4,'',1,5500,4,'',1,1500,4,'',2,2400,4,'',2,5600,4,'',2,1400,4,'',2,2100,4,'',2
'H01U24DS-Semaine-0-23ETE-1111100-',9801,60400,4,'',2,1500,4,'',1
'H01U923S-Semaine-1-23ETE-1111100-',9801,60400,4,'',1,1000,4,'',2
'H01U923S-Semaine-10-23ETE-1111100-',9801,60400,4,'',1,1000,4,'',2
