'H01J824S-Semaine-0-23FET-1111100-',1800,132200,4,'',1,27800,4,'',1,5900,4,'',1,7000,4,'',1
'H01J904S-Semaine-10-23FET-1111100-',1800,132200,4,'',1,27800,4,'',2,5900,4,'',2,7000,4,'',2
'H01J824S-Semaine-0-23FET-1111100-',6800,63400,4,'',1,7000,4,'',1,3200,4,'',1,6800,4,'',1,3000,4,'',1,7000,4,'',1,3000,4,'',1,7000,4,'',1,3000,4,'',1,7000,4,'',1,3000,4,'',1,7000,4,'',1,3500,4,'',1,7500,4,'',1,3000,4,'',1,7000,4,'',1,3000,4,'',1,7000,4,'',1,2100,4,'',1,7700,4,'',1,2600,4,'',1,7000,4,'',1,2500,4,'',1,1100,4,'',1,7000,4,'',1,3000,4,'',1,7000,4,'',1
'H01J904S-Semaine-10-23FET-1111100-',6800,63400,4,'',1,7000,4,'',1,3200,4,'',1,6800,4,'',1,3000,4,'',1,7000,4,'',1,3000,4,'',1,7000,4,'',1,3000,4,'',1,7000,4,'',1,3000,4,'',1,7000,4,'',1,3500,4,'',1,7500,4,'',1,3000,4,'',1,7000,4,'',1,3000,4,'',1,7000,4,'',1,2100,4,'',1,7700,4,'',1,2600,4,'',1,7000,4,'',1,2500,4,'',1,1100,4,'',1,7000,4,'',1,3000,4,'',1,7000,4,'',1
'H01J924S-Semaine-30-24HIV-1111100-',6800,63400,4,'',1,97800,4,'',1,12100,4,'',1
'H01J924S-Semaine-31-24HIV-1111100-',6800,161200,4,'',1,12100,4,'',1
'H01J924S-Semaine-32-24HIV-1111100-',6800,173300,4,'',1
'H01J924S-Semaine-33-24HIV-1111100-',6800,151400,4,'',1,9800,4,'',1,12100,4,'',1
'H01J924S-Semaine-34-24HIV-1111100-',6800,161200,4,'',1,12100,4,'',1
'H01J824S-Semaine-0-23FET-1111100-',7401,61700,4,'',2,3000,4,'',1,7600,4,'',1,2900,4,'',1,6800,4,'',1,2800,4,'',2
'H01J904S-Semaine-10-23FET-1111100-',7401,61700,4,'',1,3000,4,'',1,7600,4,'',1,2900,4,'',1,6800,4,'',1,2800,4,'',2
'H01J924S-Semaine-33-24HIV-1111100-',7401,75200,4,'',2
'H01J024A-Dimanche-10-23FET-0000001-',7500,72300,4,'',1,10000,4,'',1,10000,4,'',1,9600,4,'',1,10400,4,'',1,10000,4,'',1,10000,4,'',1,10000,4,'',1,10000,4,'',1,10100,4,'',1,10100,4,'',1,9900,4,'',1,9900,4,'',1,10000,4,'',1,10000,4,'',1,10000,4,'',1,10000,4,'',1,10000,4,'',1
'H01J024A-Dimanche-11-23FET-0000001-',7500,72300,4,'',1,10000,4,'',1,10000,4,'',1,9600,4,'',1,10400,4,'',1,10000,4,'',1,10000,4,'',1,10000,4,'',1,10000,4,'',1,10100,4,'',1,10100,4,'',1,9900,4,'',1,9900,4,'',1,10000,4,'',1,10000,4,'',1,10000,4,'',1,10000,4,'',1,10000,4,'',1
'H01J024A-Dimanche-99-23FET-0000001-',7500,72300,4,'',1,10000,4,'',1,10000,4,'',1,9600,4,'',1,10400,4,'',1,10000,4,'',1,10000,4,'',1,10000,4,'',1,10000,4,'',1,10100,4,'',1,10100,4,'',1,9900,4,'',1,9900,4,'',1,10000,4,'',1,10000,4,'',1,10000,4,'',1,10000,4,'',1,10000,4,'',1
'H01J024I-Dimanche-10-23FET-0000001-',7500,92300,4,'',1,10000,4,'',1,10000,4,'',1,10000,4,'',1,10000,4,'',1,10000,4,'',1,10000,4,'',1,10000,4,'',1,10100,4,'',1,9900,4,'',1,10000,4,'',1,10000,4,'',1,10000,4,'',1,10000,4,'',1,10000,4,'',1
'H01J024I-Dimanche-11-23FET-0000001-',7500,92300,4,'',1,10000,4,'',1,10000,4,'',1,10000,4,'',1,10000,4,'',1,10000,4,'',1,10000,4,'',1,10000,4,'',1,10100,4,'',1,9900,4,'',1,10000,4,'',1,10000,4,'',1,10000,4,'',1,10000,4,'',1,10000,4,'',1
'H01J824S-Semaine-0-23FET-1111100-',7500,63900,4,'',2,10000,4,'',2,10000,4,'',1,10000,4,'',1,7000,4,'',1,3000,4,'',1,7000,4,'',1,3000,4,'',2,7000,4,'',1,3000,4,'',2,7000,4,'',1,3000,4,'',1,7000,4,'',2,3000,4,'',1,7000,4,'',2,3400,4,'',1,6200,4,'',2,1700,4,'',1,2000,4,'',1,6000,4,'',2,2000,4,'',2,2000,4,'',1,5800,4,'',1,2000,4,'',1,2500,4,'',1,8000,4,'',1,10000,4,'',1,9800,4,'',1,10000,4,'',1,10000,4,'',1,10000,4,'',1
'H01J904S-Semaine-10-23FET-1111100-',7500,63900,4,'',1,10000,4,'',1,10000,4,'',1,10000,4,'',1,7000,4,'',1,3000,4,'',1,7000,4,'',2,3000,4,'',1,7000,4,'',1,3000,4,'',2,7000,4,'',2,3000,4,'',2,7000,4,'',2,3000,4,'',2,7000,4,'',2,3300,4,'',1,6300,4,'',2,1700,4,'',2,2000,4,'',2,6000,4,'',2,2000,4,'',2,2000,4,'',1,5800,4,'',2,2000,4,'',2,2500,4,'',1,8000,4,'',1,10000,4,'',1,9800,4,'',2,10000,4,'',2,10000,4,'',2,10000,4,'',2
'H01J924S-Semaine-30-24HIV-1111100-',7500,100900,4,'',2,10000,4,'',1,13000,4,'',1,46300,4,'',1,32300,4,'',2
'H01J924S-Semaine-31-24HIV-1111100-',7500,110900,4,'',1,13000,4,'',1,46300,4,'',1,32300,4,'',2
'H01J924S-Semaine-32-24HIV-1111100-',7500,110900,4,'',2,13000,4,'',2,46300,4,'',2,32300,4,'',1
'H01J924S-Semaine-33-24HIV-1111100-',7500,110900,4,'',2,13000,4,'',2,46300,4,'',1
'H01J924S-Semaine-34-24HIV-1111100-',7500,110900,4,'',1,13000,4,'',1,46300,4,'',1,52100,4,'',1
'H01J024A-Dimanche-10-23FET-0000001-',7700,80300,4,'',1,9700,4,'',1,10400,4,'',1,10000,4,'',1,9900,4,'',1,10000,4,'',1,10000,4,'',1,10000,4,'',1,10000,4,'',1,10000,4,'',1,10000,4,'',1,10000,4,'',1,10000,4,'',1,10000,4,'',1,10000,4,'',1,10000,4,'',1
'H01J024A-Dimanche-11-23FET-0000001-',7700,80300,4,'',1,9700,4,'',1,10400,4,'',1,10000,4,'',1,9900,4,'',1,10000,4,'',1,10000,4,'',1,10000,4,'',1,10000,4,'',1,10000,4,'',1,10000,4,'',1,10000,4,'',1,10000,4,'',1,10000,4,'',1,10000,4,'',1,10000,4,'',1
'H01J024A-Dimanche-99-23FET-0000001-',7700,80300,4,'',1,9700,4,'',1,10400,4,'',1,10000,4,'',1,9900,4,'',1,10000,4,'',1,10000,4,'',1,10000,4,'',1,10000,4,'',1,10000,4,'',1,10000,4,'',1,10000,4,'',1,10000,4,'',1,10000,4,'',1,10000,4,'',1,10000,4,'',1
'H01J024I-Dimanche-10-23FET-0000001-',7700,80300,4,'',1,10100,4,'',1,9900,4,'',1,10000,4,'',1,10000,4,'',1,10100,4,'',1,9900,4,'',1,10000,4,'',1,10000,4,'',1,10000,4,'',1,10100,4,'',1,10000,4,'',1,9900,4,'',1,10000,4,'',1,10000,4,'',1,10000,4,'',1
'H01J024I-Dimanche-11-23FET-0000001-',7700,80300,4,'',1,10100,4,'',1,9900,4,'',1,10000,4,'',1,10000,4,'',1,10100,4,'',1,9900,4,'',1,10000,4,'',1,10000,4,'',1,10000,4,'',1,10100,4,'',1,10000,4,'',1,9900,4,'',1,10000,4,'',1,10000,4,'',1,10000,4,'',1
'H01J824S-Semaine-0-23FET-1111100-',7700,54000,4,'',1,7000,4,'',2,3200,4,'',1,6800,4,'',1,3000,4,'',1,6600,4,'',1,3000,4,'',2,8000,4,'',1,3000,4,'',1,7000,4,'',1,3000,4,'',1,7000,4,'',1,3000,4,'',1,7000,4,'',1,3000,4,'',1,7000,4,'',1,3000,4,'',1,7000,4,'',1,3300,4,'',1,7700,4,'',1,3000,4,'',1,7000,4,'',1,3000,4,'',2,7000,4,'',1,2800,4,'',1,7100,4,'',1,3100,4,'',1,7500,4,'',1,2800,4,'',1,14400,4,'',1,10000,4,'',2,10000,4,'',1
'H01J904S-Semaine-10-23FET-1111100-',7700,54000,4,'',1,7000,4,'',1,3200,4,'',1,6800,4,'',1,3000,4,'',1,6600,4,'',1,3000,4,'',2,8000,4,'',1,3000,4,'',2,7000,4,'',1,3000,4,'',1,7000,4,'',1,3000,4,'',1,7000,4,'',1,3000,4,'',1,7000,4,'',1,3000,4,'',1,7000,4,'',2,3300,4,'',1,7700,4,'',1,3000,4,'',1,7000,4,'',2,3000,4,'',1,7000,4,'',1,2800,4,'',1,7200,4,'',1,3000,4,'',1,7500,4,'',1,7000,4,'',1,10200,4,'',1,10000,4,'',1,10000,4,'',1
'H01J924S-Semaine-30-24HIV-1111100-',7700,83600,4,'',2
'H01J924S-Semaine-31-24HIV-1111100-',7700,83600,4,'',2
'H01J924S-Semaine-32-24HIV-1111100-',7700,83600,4,'',2
'H01J924S-Semaine-33-24HIV-1111100-',7700,83600,4,'',2
'H01J024A-Dimanche-10-23FET-0000001-',7800,84100,4,'',1,9700,4,'',1,10300,4,'',1,10000,4,'',1,9900,4,'',1,10400,4,'',1,9600,4,'',1,10000,4,'',1,10000,4,'',1,10000,4,'',1,10000,4,'',1,10000,4,'',1,10000,4,'',1,10000,4,'',1,10000,4,'',1,10000,4,'',1
'H01J024A-Dimanche-11-23FET-0000001-',7800,84100,4,'',1,9700,4,'',1,10300,4,'',1,10000,4,'',1,9900,4,'',1,10400,4,'',1,9600,4,'',1,10000,4,'',1,10000,4,'',1,10000,4,'',1,10000,4,'',1,10000,4,'',1,10000,4,'',1,10000,4,'',1,10000,4,'',1,10000,4,'',1
'H01J024A-Dimanche-99-23FET-0000001-',7800,51400,4,'',1,12700,4,'',1,10000,4,'',1,10000,4,'',1,9700,4,'',1,10300,4,'',1,10000,4,'',1,9900,4,'',1,10400,4,'',1,9600,4,'',1,10000,4,'',1,10000,4,'',1,10000,4,'',1,10000,4,'',1,10000,4,'',1,10000,4,'',1,10000,4,'',1,10000,4,'',1,10000,4,'',1
'H01J024I-Dimanche-10-23FET-0000001-',7800,84100,4,'',1,9900,4,'',1,10000,4,'',1,10100,4,'',1,10000,4,'',1,10100,4,'',1,9800,4,'',1,10000,4,'',1,10000,4,'',1,10000,4,'',1,10100,4,'',1,10000,4,'',1,9900,4,'',1,10000,4,'',1,10000,4,'',1,10000,4,'',1
'H01J024I-Dimanche-11-23FET-0000001-',7800,84100,4,'',1,9900,4,'',1,10000,4,'',1,10100,4,'',1,10000,4,'',1,10100,4,'',1,9800,4,'',1,10000,4,'',1,10000,4,'',1,10000,4,'',1,10100,4,'',1,10000,4,'',1,9900,4,'',1,10000,4,'',1,10000,4,'',1,10000,4,'',1
'H01J824S-Semaine-0-23FET-1111100-',7800,51500,4,'',1,1800,4,'',1,7100,4,'',1,3000,4,'',1,6700,4,'',2,3700,4,'',1,6800,4,'',2,3000,4,'',1,6600,4,'',2,3900,4,'',2,7100,4,'',1,3000,4,'',1,7000,4,'',1,3000,4,'',1,7000,4,'',2,3000,4,'',1,7000,4,'',1,3000,4,'',1,7000,4,'',1,3000,4,'',1,8000,4,'',1,3000,4,'',2,7000,4,'',1,3000,4,'',1,6900,4,'',1,3000,4,'',2,7200,4,'',1,2800,4,'',1,7000,4,'',1,3500,4,'',1,8300,4,'',1,10100,4,'',1,10000,4,'',1,10300,4,'',1
'H01J904S-Semaine-10-23FET-1111100-',7800,51500,4,'',1,1800,4,'',1,7100,4,'',1,3000,4,'',1,6700,4,'',1,3700,4,'',1,6800,4,'',2,3000,4,'',1,6600,4,'',1,3900,4,'',1,7100,4,'',2,3000,4,'',1,7000,4,'',1,3000,4,'',1,7000,4,'',1,3000,4,'',1,7000,4,'',1,3000,4,'',2,7000,4,'',1,3000,4,'',2,8000,4,'',1,3000,4,'',1,7000,4,'',1,3000,4,'',1,6900,4,'',1,3000,4,'',1,7200,4,'',1,2800,4,'',1,7000,4,'',1,3500,4,'',1,8400,4,'',1,10000,4,'',1,10000,4,'',1,10300,4,'',1
'H01J924S-Semaine-30-24HIV-1111100-',7800,104200,4,'',2,78100,4,'',1
'H01J924S-Semaine-31-24HIV-1111100-',7800,182300,4,'',1
'H01J924S-Semaine-32-24HIV-1111100-',7800,182300,4,'',1
'H01J924S-Semaine-33-24HIV-1111100-',7800,83600,4,'',2,98700,4,'',1
'H01J924S-Semaine-34-24HIV-1111100-',7800,182300,4,'',1
'H01J824S-Semaine-0-23FET-1111100-',7901,61200,4,'',1,9700,4,'',2,3000,4,'',1,6700,4,'',1,3200,4,'',1,7000,4,'',2
'H01J904S-Semaine-10-23FET-1111100-',7901,61200,4,'',1,9700,4,'',2,3000,4,'',2,6700,4,'',2,3200,4,'',1,7000,4,'',1
'H01J024A-Dimanche-10-23FET-0000001-',9701,81200,4,'',1,10000,4,'',1,10000,4,'',1,10000,4,'',1,10300,4,'',1,9700,4,'',1,10000,4,'',1,10000,4,'',1,10000,4,'',1,10000,4,'',1,10000,4,'',1,10000,4,'',1,10000,4,'',1,10000,4,'',1,10000,4,'',1,10000,4,'',1
'H01J024A-Dimanche-11-23FET-0000001-',9701,81200,4,'',1,10000,4,'',1,10000,4,'',1,10000,4,'',1,10300,4,'',1,9700,4,'',1,10000,4,'',1,10000,4,'',1,10000,4,'',1,10000,4,'',1,10000,4,'',1,10000,4,'',1,10000,4,'',1,10000,4,'',1,10000,4,'',1,10000,4,'',1
'H01J024A-Dimanche-99-23FET-0000001-',9701,55200,4,'',1,8500,4,'',1,8500,4,'',1,9000,4,'',1,10000,4,'',1,10000,4,'',1,10000,4,'',1,10300,4,'',1,9700,4,'',1,10000,4,'',1,10000,4,'',1,10000,4,'',1,10000,4,'',1,10000,4,'',1,10000,4,'',1,10000,4,'',1,10000,4,'',1,10000,4,'',1,10000,4,'',1
'H01J024I-Dimanche-10-23FET-0000001-',9701,81200,4,'',1,9900,4,'',1,10100,4,'',1,10000,4,'',1,10200,4,'',1,9800,4,'',1,10000,4,'',1,10000,4,'',1,10000,4,'',1,10000,4,'',1,10000,4,'',1,10000,4,'',1,10000,4,'',1,10000,4,'',1,10000,4,'',1,10000,4,'',1
'H01J024I-Dimanche-11-23FET-0000001-',9701,81200,4,'',1,9900,4,'',1,10100,4,'',1,10000,4,'',1,10200,4,'',1,9800,4,'',1,10000,4,'',1,10000,4,'',1,10000,4,'',1,10000,4,'',1,10000,4,'',1,10000,4,'',1,10000,4,'',1,10000,4,'',1,10000,4,'',1,10000,4,'',1
'H01J824S-Semaine-0-23FET-1111100-',9701,70700,4,'',1,10000,4,'',2,10900,4,'',2,10100,4,'',1,10000,4,'',2,10000,4,'',1,10000,4,'',1,10000,4,'',1,10000,4,'',1,10200,4,'',2,9600,4,'',1,10200,4,'',1,9500,4,'',2,9400,4,'',2,9800,4,'',1,10000,4,'',1,10000,4,'',1
'H01J904S-Semaine-10-23FET-1111100-',9701,70700,4,'',1,10000,4,'',2,10900,4,'',2,10100,4,'',1,10000,4,'',1,10000,4,'',1,10000,4,'',2,10000,4,'',1,10000,4,'',2,10200,4,'',2,9600,4,'',1,10200,4,'',1,9500,4,'',1,9400,4,'',1,9800,4,'',1,10000,4,'',1,10000,4,'',1
'H01J924S-Semaine-32-24HIV-1111100-',9701,101700,4,'',2
'H01J924S-Semaine-33-24HIV-1111100-',9701,111800,4,'',2,59900,4,'',1
'H01J024A-Dimanche-10-23FET-0000001-',40000,64600,4,'',1,6300,4,'',1,1500,4,'',1,1300,4,'',1,1700,4,'',1,5500,4,'',1,1300,4,'',1,1700,4,'',1,1600,4,'',1,5400,4,'',1,1500,4,'',1,1500,4,'',1,1500,4,'',1,5500,4,'',1,1500,4,'',1,1500,4,'',1,1500,4,'',1,5600,4,'',1,1400,4,'',1,1500,4,'',1,1500,4,'',1,5600,4,'',1,1400,4,'',1,1500,4,'',1,1500,4,'',1,5600,4,'',1,1400,4,'',1,1300,4,'',1,1700,4,'',1,5500,4,'',1,1500,4,'',1,1500,4,'',1,1500,4,'',1,5500,4,'',1,1300,4,'',1,1400,4,'',1,1900,4,'',1,5400,4,'',1,1600,4,'',1,1700,4,'',1,1300,4,'',1,5600,4,'',1,1400,4,'',1,1400,4,'',1,1600,4,'',1,5500,4,'',1,1400,4,'',1,1700,4,'',1,1400,4,'',1,5600,4,'',1,1300,4,'',1,1200,4,'',1,1600,4,'',1,5900,4,'',1,1500,4,'',1,1300,4,'',1,1500,4,'',1,5500,4,'',1,1500,4,'',1,1500,4,'',1,1500,4,'',1,5400,4,'',1,1600,4,'',1,1500,4,'',1,1700,4,'',1,5100,4,'',1,1700,4,'',1,1300,4,'',1,1500,4,'',1,5600,4,'',1,1600,4,'',1,1500,4,'',1,1500,4,'',1
'H01J024A-Dimanche-11-23FET-0000001-',40000,64600,4,'',1,6300,4,'',1,1500,4,'',1,1300,4,'',1,1700,4,'',1,5500,4,'',1,1300,4,'',1,1700,4,'',1,1600,4,'',1,5400,4,'',1,1500,4,'',1,1500,4,'',1,1500,4,'',1,5500,4,'',1,1500,4,'',1,1500,4,'',1,1500,4,'',1,5600,4,'',1,1400,4,'',1,1500,4,'',1,1500,4,'',1,5600,4,'',1,1400,4,'',1,1500,4,'',1,1500,4,'',1,5600,4,'',1,1400,4,'',1,1300,4,'',1,1700,4,'',1,5500,4,'',1,1500,4,'',1,1500,4,'',1,1500,4,'',1,5500,4,'',1,1300,4,'',1,1400,4,'',1,1900,4,'',1,5400,4,'',1,1600,4,'',1,1700,4,'',1,1300,4,'',1,5600,4,'',1,1400,4,'',1,1400,4,'',1,1600,4,'',1,5500,4,'',1,1400,4,'',1,1700,4,'',1,1400,4,'',1,5600,4,'',1,1300,4,'',1,1200,4,'',1,1600,4,'',1,5900,4,'',1,1500,4,'',1,1300,4,'',1,1500,4,'',1,5500,4,'',1,1500,4,'',1,1500,4,'',1,1500,4,'',1,5400,4,'',1,1600,4,'',1,1500,4,'',1,1700,4,'',1,5100,4,'',1,1700,4,'',1,1300,4,'',1,1500,4,'',1,5600,4,'',1,1600,4,'',1,1500,4,'',1,1500,4,'',1
'H01J024A-Dimanche-99-23FET-0000001-',40000,62600,4,'',1,2000,4,'',1,6300,4,'',1,1500,4,'',1,1300,4,'',1,1700,4,'',1,5500,4,'',1,1300,4,'',1,1700,4,'',1,1600,4,'',1,5400,4,'',1,1500,4,'',1,1500,4,'',1,1500,4,'',1,5500,4,'',1,1500,4,'',1,1500,4,'',1,1500,4,'',1,5600,4,'',1,1400,4,'',1,1500,4,'',1,1500,4,'',1,5600,4,'',1,1400,4,'',1,1500,4,'',1,1500,4,'',1,5600,4,'',1,1400,4,'',1,1300,4,'',1,1700,4,'',1,5500,4,'',1,1500,4,'',1,1500,4,'',1,1500,4,'',1,5500,4,'',1,1300,4,'',1,1400,4,'',1,1000,4,'',1,900,4,'',1,5400,4,'',1,1600,4,'',1,800,4,'',1,900,4,'',1,500,4,'',1,400,4,'',1,400,4,'',1,200,4,'',1,5400,4,'',1,1400,4,'',1,1400,4,'',1,800,4,'',1,800,4,'',1,5500,4,'',1,1400,4,'',1,1700,4,'',1,1400,4,'',1,5600,4,'',1,1300,4,'',1,1200,4,'',1,1600,4,'',1,5900,4,'',1,1500,4,'',1,1300,4,'',1,1500,4,'',1,5500,4,'',1,1500,4,'',1,1500,4,'',1,1500,4,'',1,5400,4,'',1,1600,4,'',1,1500,4,'',1,1700,4,'',1,5100,4,'',1,1700,4,'',1,1300,4,'',1,1500,4,'',1,5600,4,'',1,1600,4,'',1,1500,4,'',1,1500,4,'',1
'H01J024I-Dimanche-10-23FET-0000001-',40000,64400,4,'',1,6300,4,'',1,1500,4,'',1,1800,4,'',1,1400,4,'',1,5500,4,'',1,1500,4,'',1,1500,4,'',1,1600,4,'',1,5400,4,'',1,1500,4,'',1,1500,4,'',1,1500,4,'',1,5500,4,'',1,1500,4,'',1,1500,4,'',1,1500,4,'',1,5600,4,'',1,1400,4,'',1,1500,4,'',1,1500,4,'',1,5600,4,'',1,1400,4,'',1,1500,4,'',1,1500,4,'',1,5400,4,'',1,1800,4,'',1,1300,4,'',1,1500,4,'',1,5700,4,'',1,1300,4,'',1,1500,4,'',1,1500,4,'',1,5500,4,'',1,1500,4,'',1,1200,4,'',1,1900,4,'',1,5400,4,'',1,1400,4,'',1,1900,4,'',1,1300,4,'',1,5500,4,'',1,1500,4,'',1,1400,4,'',1,1600,4,'',1,5400,4,'',1,1500,4,'',1,1700,4,'',1,1400,4,'',1,5400,4,'',1,1500,4,'',1,1500,4,'',1,1500,4,'',1,5500,4,'',1,1800,4,'',1,1200,4,'',1,1500,4,'',1,5500,4,'',1,1400,4,'',1,1600,4,'',1,1500,4,'',1,5400,4,'',1,1600,4,'',1,1700,4,'',1,1300,4,'',1,5500,4,'',1,1800,4,'',1,1200,4,'',1,1500,4,'',1,5400,4,'',1,1600,4,'',1,1500,4,'',1,1500,4,'',1
'H01J024I-Dimanche-11-23FET-0000001-',40000,64400,4,'',1,6300,4,'',1,1500,4,'',1,1800,4,'',1,1400,4,'',1,5500,4,'',1,1500,4,'',1,1500,4,'',1,1600,4,'',1,5400,4,'',1,1500,4,'',1,1500,4,'',1,1500,4,'',1,5500,4,'',1,1500,4,'',1,1500,4,'',1,1500,4,'',1,5600,4,'',1,1400,4,'',1,1500,4,'',1,1500,4,'',1,5600,4,'',1,1400,4,'',1,1500,4,'',1,1500,4,'',1,5400,4,'',1,1800,4,'',1,1300,4,'',1,1500,4,'',1,5700,4,'',1,1300,4,'',1,1500,4,'',1,1500,4,'',1,5500,4,'',1,1500,4,'',1,1200,4,'',1,1900,4,'',1,5400,4,'',1,1400,4,'',1,1900,4,'',1,1300,4,'',1,5500,4,'',1,1500,4,'',1,1400,4,'',1,1600,4,'',1,5400,4,'',1,1500,4,'',1,1700,4,'',1,1400,4,'',1,5400,4,'',1,1500,4,'',1,1500,4,'',1,1500,4,'',1,5500,4,'',1,1800,4,'',1,1200,4,'',1,1500,4,'',1,5500,4,'',1,1400,4,'',1,1600,4,'',1,1500,4,'',1,5400,4,'',1,1600,4,'',1,1700,4,'',1,1300,4,'',1,5500,4,'',1,1800,4,'',1,1200,4,'',1,1500,4,'',1,5400,4,'',1,1600,4,'',1,1500,4,'',1,1500,4,'',1
'H01J824S-Semaine-0-23FET-1111100-',40000,61900,4,'',1,3500,4,'',1,5300,4,'',1,1200,4,'',1,1000,4,'',1,900,4,'',1,600,4,'',1,1400,4,'',1,5200,4,'',1,1200,4,'',1,1200,4,'',1,1300,4,'',1,5300,4,'',1,1600,4,'',1,1000,4,'',1,1200,4,'',1,1100,4,'',1,1000,4,'',1,5000,4,'',1,800,4,'',1,1000,4,'',1,1000,4,'',1,1000,4,'',1,1000,4,'',1,5000,4,'',1,1000,4,'',1,1000,4,'',1,1000,4,'',1,1000,4,'',1,1000,4,'',1,5000,4,'',1,1000,4,'',1,1000,4,'',1,1000,4,'',1,1000,4,'',1,1000,4,'',1,5000,4,'',1,1000,4,'',1,1000,4,'',1,1000,4,'',1,1200,4,'',1,1000,4,'',1,5000,4,'',1,1100,4,'',1,900,4,'',1,1000,4,'',1,800,4,'',1,800,4,'',1,5300,4,'',1,800,4,'',1,800,4,'',1,800,4,'',1,800,4,'',1,800,4,'',1,800,4,'',1,4800,4,'',1,800,4,'',1,800,4,'',1,800,4,'',1,800,4,'',1,800,4,'',1,800,4,'',1,4800,4,'',1,800,4,'',1,800,4,'',1,800,4,'',1,800,4,'',1,800,4,'',1,800,4,'',1,100,4,'',1,800,4,'',1,4900,4,'',1,700,4,'',1,800,4,'',1,800,4,'',1,800,4,'',1,1200,4,'',1,5500,4,'',1,1500,4,'',1,1500,4,'',1,1500,4,'',1,5500,4,'',1,1500,4,'',1,1500,4,'',1,1500,4,'',1,5500,4,'',1,1500,4,'',1,1500,4,'',1,1700,4,'',1,5300,4,'',1,1500,4,'',1,1500,4,'',1,1500,4,'',1,5500,4,'',1,1500,4,'',1,1500,4,'',1,1400,4,'',1,5500,4,'',1,1500,4,'',1,1500,4,'',1,1500,4,'',1
'H01J904S-Semaine-10-23FET-1111100-',40000,61900,4,'',1,3500,4,'',1,5300,4,'',1,1200,4,'',1,1000,4,'',1,900,4,'',1,600,4,'',1,1400,4,'',1,5200,4,'',1,1200,4,'',1,1200,4,'',1,1300,4,'',1,5300,4,'',1,1400,4,'',1,1200,4,'',1,1200,4,'',1,1100,4,'',1,1000,4,'',1,5000,4,'',1,800,4,'',1,1000,4,'',1,1000,4,'',1,1000,4,'',1,1000,4,'',1,5000,4,'',1,1000,4,'',1,900,4,'',1,1100,4,'',1,1000,4,'',1,1000,4,'',1,5000,4,'',1,1000,4,'',1,1000,4,'',1,1000,4,'',1,1000,4,'',1,1000,4,'',1,5000,4,'',1,1000,4,'',1,1000,4,'',1,500,4,'',1,400,4,'',1,1300,4,'',1,1000,4,'',1,5000,4,'',1,1100,4,'',1,900,4,'',1,1000,4,'',1,800,4,'',1,600,4,'',1,600,4,'',1,5000,4,'',1,300,4,'',1,700,4,'',1,1100,4,'',1,300,4,'',1,200,4,'',1,1000,4,'',1,600,4,'',1,800,4,'',1,4600,4,'',1,300,4,'',1,200,4,'',1,500,4,'',1,300,4,'',1,200,4,'',1,600,4,'',1,500,4,'',1,500,4,'',1,500,4,'',1,100,4,'',1,500,4,'',1,300,4,'',1,600,4,'',1,4600,4,'',1,1000,4,'',1,400,4,'',1,400,4,'',1,1000,4,'',1,1100,4,'',1,500,4,'',1,100,4,'',1,600,4,'',1,600,4,'',1,4800,4,'',1,500,4,'',1,500,4,'',1,600,4,'',1,600,4,'',1,600,4,'',1,500,4,'',1,500,4,'',1,700,4,'',1,5200,4,'',1,1500,4,'',1,1500,4,'',1,1500,4,'',1,5500,4,'',1,1500,4,'',1,1500,4,'',1,1500,4,'',1,5500,4,'',1,1500,4,'',1,1500,4,'',1,1500,4,'',1,5500,4,'',1,1500,4,'',1,1500,4,'',1,1500,4,'',1,5500,4,'',1,1500,4,'',1,1500,4,'',1,1400,4,'',1,5500,4,'',1,1500,4,'',1,1500,4,'',1,1500,4,'',1
'H01J924S-Semaine-30-24HIV-1111100-',40000,92600,4,'',1,3300,4,'',1,25800,4,'',1
'H01J924S-Semaine-31-24HIV-1111100-',40000,92600,4,'',1,9100,4,'',1,20000,4,'',1,28900,4,'',1
'H01J924S-Semaine-32-24HIV-1111100-',40000,92600,4,'',1,9100,4,'',1,20000,4,'',1,42200,4,'',1
'H01J924S-Semaine-33-24HIV-1111100-',40000,92600,4,'',1,29100,4,'',1,23500,4,'',1,20200,4,'',1,8200,4,'',1
'H01J924S-Semaine-34-24HIV-1111100-',40000,92600,4,'',1,9100,4,'',1,20000,4,'',1,40700,4,'',1,19300,4,'',1,21700,4,'',1,18500,4,'',1,21400,4,'',1
'H01J924S-Semaine-32-24HIV-1111100-',57600,160100,4,'',2
'H01J024A-Dimanche-10-23FET-0000001-',80000,75900,4,'',1,10000,4,'',1,14400,4,'',1,10000,4,'',1,10000,4,'',1,10000,4,'',1,10000,4,'',1,10000,4,'',1,10000,4,'',1,10100,4,'',1,9900,4,'',1,9800,4,'',1,10000,4,'',1,10000,4,'',1,10000,4,'',1,10000,4,'',1,9900,4,'',1
'H01J024A-Dimanche-11-23FET-0000001-',80000,75900,4,'',1,10000,4,'',1,14400,4,'',1,10000,4,'',1,10000,4,'',1,10000,4,'',1,10000,4,'',1,10000,4,'',1,10000,4,'',1,10100,4,'',1,9900,4,'',1,9800,4,'',1,10000,4,'',1,10000,4,'',1,10000,4,'',1,10000,4,'',1,9900,4,'',1
'H01J024A-Dimanche-99-23FET-0000001-',80000,75900,4,'',1,10000,4,'',1,14400,4,'',1,10000,4,'',1,10000,4,'',1,10000,4,'',1,10000,4,'',1,10000,4,'',1,10000,4,'',1,10100,4,'',1,9900,4,'',1,9800,4,'',1,10000,4,'',1,10000,4,'',1,10000,4,'',1,10000,4,'',1,9900,4,'',1
'H01J024I-Dimanche-10-23FET-0000001-',80000,75900,4,'',1,10000,4,'',1,14400,4,'',1,10000,4,'',1,10000,4,'',1,10000,4,'',1,10000,4,'',1,10000,4,'',1,10000,4,'',1,10000,4,'',1,10000,4,'',1,10000,4,'',1,9700,4,'',1,10100,4,'',1,10000,4,'',1,10000,4,'',1,10000,4,'',1
'H01J024I-Dimanche-11-23FET-0000001-',80000,75900,4,'',1,10000,4,'',1,14400,4,'',1,10000,4,'',1,10000,4,'',1,10000,4,'',1,10000,4,'',1,10000,4,'',1,10000,4,'',1,10000,4,'',1,10000,4,'',1,10000,4,'',1,9700,4,'',1,10100,4,'',1,10000,4,'',1,10000,4,'',1,10000,4,'',1
'H01J824S-Semaine-0-23FET-1111100-',80000,64500,4,'',2,7500,4,'',1,2700,4,'',2,1000,4,'',1,6000,4,'',2,3400,4,'',1,5900,4,'',1,2400,4,'',2,6700,4,'',1,3000,4,'',1,6900,4,'',1,3000,4,'',1,7000,4,'',1,3000,4,'',1,7000,4,'',1,3000,4,'',1,7000,4,'',2,3000,4,'',1,7400,4,'',1,3000,4,'',1,7100,4,'',1,2500,4,'',1,7200,4,'',1,3000,4,'',1,7500,4,'',1,2800,4,'',1,6800,4,'',1,2900,4,'',1,7000,4,'',1,3000,4,'',1,6900,4,'',1,3000,4,'',2,2500,4,'',1,7000,4,'',1,2900,4,'',1,7000,4,'',1
'H01J904S-Semaine-10-23FET-1111100-',80000,64500,4,'',1,7500,4,'',1,2700,4,'',1,1000,4,'',1,6000,4,'',1,3400,4,'',1,5900,4,'',2,2400,4,'',2,6700,4,'',1,3000,4,'',1,6900,4,'',1,3000,4,'',2,7000,4,'',1,3000,4,'',1,7000,4,'',1,3000,4,'',1,7000,4,'',2,3000,4,'',1,7400,4,'',1,3000,4,'',2,7100,4,'',1,2500,4,'',1,7200,4,'',1,3000,4,'',1,7500,4,'',1,2800,4,'',1,6800,4,'',1,2900,4,'',1,6900,4,'',1,3100,4,'',1,6900,4,'',1,3300,4,'',1,2200,4,'',1,7000,4,'',1,2900,4,'',1,7000,4,'',1
'H01J924S-Semaine-30-24HIV-1111100-',80000,105800,4,'',2,56700,4,'',1
'H01J924S-Semaine-31-24HIV-1111100-',80000,84900,4,'',1,20900,4,'',2,56700,4,'',1
'H01J924S-Semaine-32-24HIV-1111100-',80000,105800,4,'',2,56700,4,'',2
'H01J924S-Semaine-33-24HIV-1111100-',80000,105800,4,'',1
