'H01M923S-Semaine-1-23AUT-1111100-',1800,125400,,'',1,27700,,'',1,10000,,'',2,7000,,'',1
'H01U923S-Semaine-1-23ETE-1111100-',1800,125400,,'',1,28000,,'',2,9700,,'',1,7000,,'',2
'H01U923S-Semaine-5-23ETE-1111100-',1800,125400,,'',1,28000,,'',2,9700,,'',1,7000,,'',2
'H01M023A-Dimanche-0-23AUT-0000001-',80000,73500,,'',1,10000,,'',1,10200,,'',1,10000,,'',2,10000,,'',1,10000,,'',1,10000,,'',1,10000,,'',1,10000,,'',2,10000,,'',2,10000,,'',1,9800,,'',1,10100,,'',1,10000,,'',2,10000,,'',1,10000,,'',2,9900,,'',1
'H01M023A-Dimanche-20-23AUT-0000001-',80000,73500,,'',1,10000,,'',1,10200,,'',1,10000,,'',2,10000,,'',1,10000,,'',1,10000,,'',1,10000,,'',1,10000,,'',2,10000,,'',2,10000,,'',1,9800,,'',1,10100,,'',1,10000,,'',2,10000,,'',1,10000,,'',2,9900,,'',1
'H01M023A-Dimanche-21-23AUT-0000001-',80000,73500,,'',1,10000,,'',1,10200,,'',1,10000,,'',2,10000,,'',1,10000,,'',1,10000,,'',1,10000,,'',1,10000,,'',2,10000,,'',2,10000,,'',1,9800,,'',1,10100,,'',1,10000,,'',2,10000,,'',1,10000,,'',2,9900,,'',1
'H01M023I-Dimanche-0-23AUT-0000001-',80000,73500,,'',1,10000,,'',1,10200,,'',1,10000,,'',1,10000,,'',1,10000,,'',1,10000,,'',1,10000,,'',2,10000,,'',2,10000,,'',2,10000,,'',1,10000,,'',2,9800,,'',1,10100,,'',2,10000,,'',1,10000,,'',1,10000,,'',1
'H01M023I-Dimanche-20-23AUT-0000001-',80000,73500,,'',1,10000,,'',1,10200,,'',1,10000,,'',1,10000,,'',1,10000,,'',1,10000,,'',1,10000,,'',2,10000,,'',2,10000,,'',2,10000,,'',1,10000,,'',2,9800,,'',1,10100,,'',2,10000,,'',1,10000,,'',1,10000,,'',1
'H01M923S-Semaine-1-23AUT-1111100-',80000,61700,,'',1,3500,,'',2,6600,,'',1,1000,,'',2,2000,,'',1,7400,,'',1,1900,,'',1,6400,,'',1,2500,,'',1,7200,,'',1,3000,,'',1,7000,,'',1,3100,,'',1,6900,,'',1,3000,,'',1,7000,,'',1,3000,,'',1,7000,,'',1,3300,,'',1,7000,,'',1,3000,,'',1,6500,,'',1,3200,,'',1,7000,,'',1,3500,,'',1,6500,,'',1,3000,,'',1,7000,,'',1,3000,,'',1,7000,,'',2,3000,,'',1,7000,,'',1,2700,,'',1,3000,,'',1,7000,,'',1,2700,,'',1
'H01U023A-Dimanche-1-23ETE-0000001-',80000,73500,0,'Labrosse',2,10000,0,'Labrosse',2,9800,0,'Labrosse',1,10000,0,'Labrosse',2,10000,0,'Labrosse',1,10000,0,'Labrosse',2,10000,0,'Labrosse',1,10000,0,'Labrosse',1,10000,0,'Labrosse',1,10000,0,'Labrosse',1,10000,0,'Labrosse',1,10000,0,'Labrosse',1,10100,0,'Labrosse',1,10000,0,'Labrosse',1,10000,0,'Labrosse',1,10000,0,'Labrosse',1,10000,0,'Labrosse',2
'H01U023A-Dimanche-31-23ETE-0000001-',80000,73500,0,'Labrosse',2,10000,0,'Labrosse',2,9800,0,'Labrosse',1,10000,0,'Labrosse',2,10000,0,'Labrosse',1,10000,0,'Labrosse',2,10000,0,'Labrosse',1,10000,0,'Labrosse',1,10000,0,'Labrosse',1,10000,0,'Labrosse',1,10000,0,'Labrosse',1,10000,0,'Labrosse',1,10100,0,'Labrosse',1,10000,0,'Labrosse',1,10000,0,'Labrosse',1,10000,0,'Labrosse',1,10000,0,'Labrosse',2
'H01U023I-Dimanche-1-23ETE-0000001-',80000,73500,0,'Labrosse',1,10000,0,'Labrosse',2,10400,0,'Labrosse',1,9400,0,'Labrosse',1,10000,0,'Labrosse',1,10000,0,'Labrosse',1,9800,0,'Labrosse',2,10200,0,'Labrosse',1,10000,0,'Labrosse',1,10000,0,'Labrosse',1,10000,0,'Labrosse',1,10000,0,'Labrosse',1,10100,0,'Labrosse',1,10000,0,'Labrosse',2,10000,0,'Labrosse',2,10000,0,'Labrosse',2,10000,0,'Labrosse',1
'H01U923S-Semaine-1-23ETE-1111100-',80000,61800,0,'Labrosse',1,3000,0,'Labrosse',1,7100,0,'Labrosse',1,1000,0,'Labrosse',1,2000,0,'Labrosse',1,7000,0,'Labrosse',1,2700,0,'Labrosse',1,6000,0,'Labrosse',1,2700,0,'Labrosse',2,7000,0,'Labrosse',1,3000,0,'Labrosse',1,7000,0,'Labrosse',1,3000,0,'Labrosse',1,7000,0,'Labrosse',1,3000,0,'Labrosse',2,7000,0,'Labrosse',2,3000,0,'Labrosse',1,7000,0,'Labrosse',1,3200,0,'Labrosse',2,7000,0,'Labrosse',1,3000,0,'Labrosse',2,7200,0,'Labrosse',2,3000,0,'Labrosse',1,7000,0,'Labrosse',2,3000,0,'Labrosse',1,6600,0,'Labrosse',1,3000,0,'Labrosse',1,7000,0,'Labrosse',2,3000,0,'Labrosse',1,7000,0,'Labrosse',1,3000,0,'Labrosse',1,7000,0,'Labrosse',2,2700,0,'Labrosse',1,7000,0,'Labrosse',1,3000,0,'Labrosse',1,7000,0,'Labrosse',2
'H01U923S-Semaine-5-23ETE-1111100-',80000,61800,0,'Labrosse',1,3000,0,'Labrosse',1,7100,0,'Labrosse',1,1000,0,'Labrosse',1,2000,0,'Labrosse',1,7000,0,'Labrosse',1,2700,0,'Labrosse',1,6000,0,'Labrosse',1,2700,0,'Labrosse',2,7000,0,'Labrosse',1,3000,0,'Labrosse',1,7000,0,'Labrosse',1,3000,0,'Labrosse',1,7000,0,'Labrosse',1,3000,0,'Labrosse',2,7000,0,'Labrosse',2,3000,0,'Labrosse',1,7000,0,'Labrosse',1,3200,0,'Labrosse',2,7000,0,'Labrosse',1,3000,0,'Labrosse',2,7200,0,'Labrosse',2,3000,0,'Labrosse',1,7000,0,'Labrosse',2,3000,0,'Labrosse',1,6600,0,'Labrosse',1,3000,0,'Labrosse',1,7000,0,'Labrosse',2,3000,0,'Labrosse',1,7000,0,'Labrosse',1,3000,0,'Labrosse',1,7000,0,'Labrosse',2,2700,0,'Labrosse',1,7000,0,'Labrosse',1,3000,0,'Labrosse',1,7000,0,'Labrosse',2
