'H01J924S-Semaine-35-24HIV-1111100-',3901,70500,4,'',1,3000,4,'',2,7700,4,'',2,3000,4,'',2,7000,4,'',2,3000,4,'',2,7000,4,'',2,3000,4,'',2,7000,4,'',2,3000,4,'',1,7000,4,'',2,3000,4,'',2,7000,4,'',1,3000,4,'',1,7000,4,'',2,3100,4,'',1,7100,4,'',1,3200,4,'',1,7100,4,'',1,3100,4,'',1,7000,4,'',2,3500,4,'',1,7000,4,'',1,2900,4,'',1,6700,4,'',1,3000,4,'',1,6500,4,'',2,2600,4,'',1,6700,4,'',1,3300,4,'',1,7000,4,'',1,2700,4,'',1,7300,4,'',1,3000,4,'',1,7300,4,'',1
'H01J924S-Semaine-36-24HIV-1111100-',3901,70500,4,'',1,3000,4,'',2,7700,4,'',2,3000,4,'',2,7000,4,'',1,3000,4,'',2,7000,4,'',2,3000,4,'',1,7000,4,'',2,3000,4,'',1,7000,4,'',2,3000,4,'',2,7000,4,'',1,3000,4,'',1,7000,4,'',2,3100,4,'',1,7100,4,'',1,3200,4,'',1,7100,4,'',1,3100,4,'',1,7000,4,'',2,3500,4,'',1,7000,4,'',1,2900,4,'',1,6700,4,'',1,3000,4,'',1,6500,4,'',2,2600,4,'',1,6700,4,'',1,3300,4,'',1,7000,4,'',1,2700,4,'',1,7300,4,'',1,3000,4,'',1,7300,4,'',1
'H01J924S-Semaine-37-24HIV-1111100-',3901,70500,4,'',1,3000,4,'',2,7700,4,'',2,3000,4,'',2,7000,4,'',1,3000,4,'',2,7000,4,'',2,3000,4,'',2,7000,4,'',2,3000,4,'',1,7000,4,'',2,3000,4,'',2,7000,4,'',1,3000,4,'',1,7000,4,'',2,3100,4,'',1,7100,4,'',1,3200,4,'',1,7100,4,'',1,3100,4,'',1,7000,4,'',2,3500,4,'',1,7000,4,'',1,2900,4,'',1,6700,4,'',1,3000,4,'',1,6500,4,'',2,2600,4,'',1,6700,4,'',1,3300,4,'',1,7000,4,'',1,2700,4,'',1,7300,4,'',1,3000,4,'',1,7300,4,'',1
'H01J924S-Semaine-38-24HIV-1111100-',3901,70500,4,'',1,3000,4,'',2,7700,4,'',2,3000,4,'',2,7000,4,'',1,3000,4,'',2,7000,4,'',2,3000,4,'',2,7000,4,'',2,3000,4,'',1,7000,4,'',2,3000,4,'',2,7000,4,'',1,3000,4,'',1,7000,4,'',2,3100,4,'',2,7100,4,'',1,3200,4,'',1,7100,4,'',1,3100,4,'',1,7000,4,'',2,3500,4,'',1,7000,4,'',1,2900,4,'',1,6700,4,'',1,3000,4,'',1,6500,4,'',2,2600,4,'',1,6700,4,'',1,3300,4,'',1,7000,4,'',1,2700,4,'',1,7300,4,'',1,3000,4,'',1,7300,4,'',1
'H01J924S-Semaine-39-24HIV-1111100-',3901,70500,4,'',1,3000,4,'',2,7700,4,'',2,3000,4,'',2,7000,4,'',1,3000,4,'',2,7000,4,'',2,3000,4,'',1,7000,4,'',2,3000,4,'',1,7000,4,'',2,3000,4,'',2,7000,4,'',1,3000,4,'',1,7000,4,'',2,3100,4,'',1,7100,4,'',1,3200,4,'',1,7100,4,'',1,3100,4,'',1,7000,4,'',2,3500,4,'',1,7000,4,'',1,2900,4,'',1,6700,4,'',1,3000,4,'',1,6500,4,'',2,2600,4,'',1,6700,4,'',1,3300,4,'',1,7000,4,'',1,2700,4,'',1,7300,4,'',1,3000,4,'',1,7300,4,'',1
'H01J924S-Semaine-35-24HIV-1111100-',63901,70600,4,'',1
'H01J924S-Semaine-36-24HIV-1111100-',63901,70600,4,'',1
'H01J924S-Semaine-37-24HIV-1111100-',63901,70600,4,'',1
'H01J924S-Semaine-38-24HIV-1111100-',63901,70600,4,'',1
'H01J924S-Semaine-39-24HIV-1111100-',63901,70600,4,'',1
