'H01M923S-Semaine-1-23AUT-1111100-',9300,155600,4,'',2,6000,4,'',2,2000,4,'',1,2000,4,'',2,7000,4,'',1,3000,4,'',2,7000,4,'',1
'H01U923S-Semaine-1-23ETE-1111100-',9300,154800,4,'',2,5500,4,'',2,1500,4,'',2,1500,4,'',2,2000,4,'',2,6900,4,'',1,3100,4,'',2,7000,4,'',2
'H01U923S-Semaine-5-23ETE-1111100-',9300,154800,4,'',2,5500,4,'',2,1500,4,'',2,1500,4,'',2,2000,4,'',2,6900,4,'',1,3100,4,'',2,7000,4,'',2
'H01M023A-Dimanche-0-23AUT-0000001-',9700,91100,4,'',2,9900,4,'',1,9900,4,'',1,10000,4,'',2,10100,4,'',1,9900,4,'',1,10000,4,'',1,10000,4,'',1,10100,4,'',1,9900,4,'',1,10000,4,'',1,10100,4,'',1,10000,4,'',1,9900,4,'',2,10300,4,'',1,9600,4,'',2,10100,4,'',1
'H01M023A-Dimanche-20-23AUT-0000001-',9700,91100,4,'',2,9900,4,'',1,9900,4,'',1,10000,4,'',2,10100,4,'',1,9900,4,'',1,10000,4,'',1,10000,4,'',1,10100,4,'',1,9900,4,'',1,10000,4,'',1,10100,4,'',1,10000,4,'',1,9900,4,'',2,10300,4,'',1,9600,4,'',2,10100,4,'',1
'H01M023A-Dimanche-21-23AUT-0000001-',9700,91100,4,'',2,9900,4,'',1,9900,4,'',1,10000,4,'',2,10100,4,'',1,9900,4,'',1,10000,4,'',1,10000,4,'',1,10100,4,'',1,9900,4,'',1,10000,4,'',1,10100,4,'',1,10000,4,'',1,9900,4,'',2,10300,4,'',1,9600,4,'',2,10100,4,'',1
'H01M023I-Dimanche-0-23AUT-0000001-',9700,100900,4,'',1,10300,4,'',1,9700,4,'',1,10000,4,'',1,10000,4,'',1,10300,4,'',1,10000,4,'',2,9800,4,'',1,9900,4,'',1,10000,4,'',1,10300,4,'',2,9700,4,'',1,10100,4,'',2,10000,4,'',1,10000,4,'',1
'H01M023I-Dimanche-20-23AUT-0000001-',9700,100900,4,'',1,10300,4,'',1,9700,4,'',1,10000,4,'',1,10000,4,'',1,10300,4,'',1,10000,4,'',2,9800,4,'',1,9900,4,'',1,10000,4,'',1,10300,4,'',2,9700,4,'',1,10100,4,'',2,10000,4,'',1,10000,4,'',1
'H01M923S-Semaine-1-23AUT-1111100-',9700,74500,4,'',2,6900,4,'',1,9000,4,'',1,10000,4,'',1,9800,4,'',1,10000,4,'',1,10000,4,'',1,10000,4,'',1,10100,4,'',1,5400,4,'',1,14300,4,'',2,5800,4,'',1,10000,4,'',1,6700,4,'',1,2800,4,'',1,10000,4,'',1,10000,4,'',1,10000,4,'',1,10000,4,'',1,15000,4,'',1
'H01U023A-Dimanche-1-23ETE-0000001-',9700,85100,4,'',1,15300,4,'',2,10100,4,'',1,9900,4,'',1,10100,4,'',2,10000,4,'',1,9900,4,'',1,10000,4,'',2,10000,4,'',2,10000,4,'',1,10300,4,'',1,9800,4,'',2,10000,4,'',2,9900,4,'',1,10000,4,'',1,10200,4,'',1,10100,4,'',2
'H01U023A-Dimanche-31-23ETE-0000001-',9700,85100,4,'',1,15300,4,'',2,10100,4,'',1,9900,4,'',1,10100,4,'',2,10000,4,'',1,9900,4,'',1,10000,4,'',2,10000,4,'',2,10000,4,'',1,10300,4,'',1,9800,4,'',2,10000,4,'',2,9900,4,'',1,10000,4,'',1,10200,4,'',1,10100,4,'',2
'H01U023I-Dimanche-1-23ETE-0000001-',9700,100400,4,'',2,10000,4,'',2,10000,4,'',2,10000,4,'',1,10000,4,'',2,10000,4,'',2,10000,4,'',2,10000,4,'',1,10000,4,'',2,9700,4,'',1,10300,4,'',2,10000,4,'',2,10000,4,'',1,10000,4,'',1,10000,4,'',2
'H01U923S-Semaine-1-23ETE-1111100-',9700,75700,4,'',1,6600,4,'',2,8000,4,'',2,10000,4,'',2,10000,4,'',1,5500,4,'',2,10000,4,'',2,10000,4,'',2,14600,4,'',2,9800,4,'',2,10000,4,'',2,5500,4,'',2,10100,4,'',1,7000,4,'',2,3100,4,'',1,9900,4,'',2,9700,4,'',2,10000,4,'',1,10000,4,'',1,15300,4,'',1
'H01U923S-Semaine-5-23ETE-1111100-',9700,75700,4,'',1,6600,4,'',2,8000,4,'',2,10000,4,'',2,10000,4,'',1,5500,4,'',2,10000,4,'',2,10000,4,'',2,14600,4,'',2,9800,4,'',2,10000,4,'',2,5500,4,'',2,10100,4,'',1,7000,4,'',2,3100,4,'',1,9900,4,'',2,9700,4,'',2,10000,4,'',1,10000,4,'',1,15300,4,'',1
