'H01J924S-Semaine-75-24HIV-1111100-',2001,160000,4,'',2,10200,4,'',1,9900,4,'',1
'H01J924S-Semaine-76-24HIV-1111100-',2001,160000,4,'',2,10200,4,'',1,9900,4,'',1
'H01J924S-Semaine-77-24HIV-1111100-',2001,160000,4,'',2,10200,4,'',1,9900,4,'',1
'H01J924S-Semaine-78-24HIV-1111100-',2001,160000,4,'',2,10200,4,'',1,9900,4,'',1
'H01J924S-Semaine-79-24HIV-1111100-',2001,160000,4,'',2,10200,4,'',1,9900,4,'',1
'H01J924S-Semaine-75-24HIV-1111100-',2701,81900,4,'',1,3000,4,'',1
'H01J924S-Semaine-76-24HIV-1111100-',2701,81900,4,'',1,3000,4,'',1
'H01J924S-Semaine-77-24HIV-1111100-',2701,81900,4,'',1,3000,4,'',1
'H01J924S-Semaine-78-24HIV-1111100-',2701,81900,4,'',1,3000,4,'',1
'H01J924S-Semaine-79-24HIV-1111100-',2701,81900,4,'',1,3000,4,'',1
'H01J924S-Semaine-75-24HIV-1111100-',9301,65200,4,'',1,6000,4,'',2,2300,4,'',2,7300,4,'',1,2600,4,'',1
'H01J924S-Semaine-76-24HIV-1111100-',9301,65200,4,'',1,6000,4,'',2,2300,4,'',2,7300,4,'',1,2600,4,'',1
'H01J924S-Semaine-77-24HIV-1111100-',9301,65200,4,'',1,6000,4,'',2,2300,4,'',2,7300,4,'',1,2600,4,'',1
'H01J924S-Semaine-78-24HIV-1111100-',9301,65200,4,'',1,6000,4,'',2,2300,4,'',2,7300,4,'',1,2600,4,'',1
'H01J924S-Semaine-79-24HIV-1111100-',9301,65200,4,'',1,6000,4,'',2,2300,4,'',2,7300,4,'',1,2600,4,'',1
'H01J924S-Semaine-75-24HIV-1111100-',9401,61200,4,'',1
'H01J924S-Semaine-76-24HIV-1111100-',9401,61200,4,'',1
'H01J924S-Semaine-77-24HIV-1111100-',9401,61200,4,'',1
'H01J924S-Semaine-78-24HIV-1111100-',9401,61200,4,'',1
'H01J924S-Semaine-79-24HIV-1111100-',9401,61200,4,'',1
'H01J924S-Semaine-75-24HIV-1111100-',9501,63900,4,'',1,1700,4,'',1,5500,4,'',1,1500,4,'',1,2400,4,'',2,5500,4,'',2,1500,4,'',2,2300,4,'',1
'H01J924S-Semaine-76-24HIV-1111100-',9501,63900,4,'',1,1700,4,'',1,5500,4,'',1,1500,4,'',1,2400,4,'',2,5500,4,'',2,1500,4,'',2,2300,4,'',1
'H01J924S-Semaine-77-24HIV-1111100-',9501,63900,4,'',1,1700,4,'',1,5500,4,'',1,1500,4,'',1,2400,4,'',2,5500,4,'',2,1500,4,'',2,2300,4,'',1
'H01J924S-Semaine-78-24HIV-1111100-',9501,63900,4,'',1,1700,4,'',1,5500,4,'',1,1500,4,'',1,2400,4,'',2,5500,4,'',2,1500,4,'',2,2300,4,'',1
'H01J924S-Semaine-79-24HIV-1111100-',9501,63900,4,'',1,1700,4,'',1,5500,4,'',1,1500,4,'',1,2400,4,'',2,5500,4,'',2,1500,4,'',2,2300,4,'',1
'H01J924S-Semaine-75-24HIV-1111100-',9801,60100,4,'',1,1000,4,'',1,1000,4,'',1
'H01J924S-Semaine-76-24HIV-1111100-',9801,60100,4,'',1,1000,4,'',1,1000,4,'',1
'H01J924S-Semaine-77-24HIV-1111100-',9801,60100,4,'',1,1000,4,'',1,1000,4,'',1
'H01J924S-Semaine-78-24HIV-1111100-',9801,60100,4,'',1,1000,4,'',1,1000,4,'',1
'H01J924S-Semaine-79-24HIV-1111100-',9801,60100,4,'',1,1000,4,'',1,1000,4,'',1
