'H01M923S-Semaine-10-23PRI-1111100-',2201,63300,4,'',1,7000,4,'',1,3300,4,'',2,7000,4,'',2,3000,4,'',1
'H01M923S-Semaine-2-23PRI-1111100-',2201,63300,4,'',1,7000,4,'',1,3300,4,'',2,7000,4,'',2,3000,4,'',1
'H01U24DS-Semaine-0-23ETE-1111100-',2201,63300,4,'',2,7000,4,'',1,3300,4,'',2,7000,4,'',1,3000,4,'',1
'H01U923S-Semaine-1-23ETE-1111100-',2201,63300,4,'',2,7000,4,'',1,3300,4,'',2,7000,4,'',1,3000,4,'',1
'H01U923S-Semaine-10-23ETE-1111100-',2201,63300,4,'',2,7000,4,'',1,3300,4,'',2,7000,4,'',1,3000,4,'',1
'H01U923S-Semaine-2-23ETE-1111100-',2201,63300,4,'',2,7000,4,'',1,3300,4,'',2,7000,4,'',1,3000,4,'',1
'H01U923S-Semaine-3-23ETE-1111100-',2201,63300,4,'',2,7000,4,'',1,3300,4,'',2,7000,4,'',1,3000,4,'',1
'H01U923S-Semaine-4-23ETE-1111100-',2201,63300,4,'',2,7000,4,'',1,3300,4,'',2,7000,4,'',1,3000,4,'',1
'H01M923S-Semaine-10-23PRI-1111100-',2501,63300,4,'',1,7000,4,'',1,3000,4,'',1,7200,4,'',1,3000,4,'',1,2300,4,'',1
'H01M923S-Semaine-2-23PRI-1111100-',2501,63300,4,'',1,7000,4,'',1,3000,4,'',1,7200,4,'',1,3000,4,'',1,2300,4,'',1
'H01U24DS-Semaine-0-23ETE-1111100-',2501,63300,4,'',1,7000,4,'',2,3000,4,'',1,7200,4,'',2,3000,4,'',1,7000,4,'',1
'H01U923S-Semaine-1-23ETE-1111100-',2501,63300,4,'',2,7000,4,'',2,3000,4,'',2,7200,4,'',2,3000,4,'',1,7000,4,'',1
'H01U923S-Semaine-10-23ETE-1111100-',2501,63300,4,'',2,7000,4,'',2,3000,4,'',2,7200,4,'',2,3000,4,'',1,7000,4,'',1
'H01U923S-Semaine-2-23ETE-1111100-',2501,63300,4,'',2,7000,4,'',2,3000,4,'',2,7200,4,'',2,3000,4,'',1,7000,4,'',1
'H01U923S-Semaine-3-23ETE-1111100-',2501,63300,4,'',2,7000,4,'',2,3000,4,'',2,7200,4,'',2,3000,4,'',1,7000,4,'',1
'H01U923S-Semaine-4-23ETE-1111100-',2501,63300,4,'',2,7000,4,'',2,3000,4,'',2,7200,4,'',2,3000,4,'',1,7000,4,'',1
'H01M923S-Semaine-10-23PRI-1111100-',2601,64800,4,'',2,7000,4,'',1,3200,4,'',1,7000,4,'',1,3000,4,'',1
'H01M923S-Semaine-2-23PRI-1111100-',2601,64800,4,'',2,7000,4,'',1,3200,4,'',1,7000,4,'',1,3000,4,'',1
'H01U24DS-Semaine-0-23ETE-1111100-',2601,64800,4,'',1,7000,4,'',1,3200,4,'',1,7000,4,'',2,3000,4,'',2
'H01U923S-Semaine-1-23ETE-1111100-',2601,64800,4,'',1,7000,4,'',1,3200,4,'',1,7000,4,'',2,3000,4,'',1
'H01U923S-Semaine-10-23ETE-1111100-',2601,64800,4,'',1,7000,4,'',1,3200,4,'',1,7000,4,'',2,3000,4,'',1
'H01U923S-Semaine-2-23ETE-1111100-',2601,64800,4,'',1,7000,4,'',1,3200,4,'',1,7000,4,'',2,3000,4,'',1
'H01U923S-Semaine-3-23ETE-1111100-',2601,64800,4,'',1,7000,4,'',1,3200,4,'',1,7000,4,'',2,3000,4,'',1
'H01U923S-Semaine-4-23ETE-1111100-',2601,64800,4,'',1,7000,4,'',1,3200,4,'',1,7000,4,'',2,3000,4,'',1
'H01M923S-Semaine-10-23PRI-1111100-',2901,72900,4,'',2,7300,4,'',1,3000,4,'',1,2600,4,'',1
'H01M923S-Semaine-2-23PRI-1111100-',2901,72900,4,'',2,7300,4,'',1,3000,4,'',1,2600,4,'',1
'H01U24DS-Semaine-0-23ETE-1111100-',2901,72900,4,'',1,7300,4,'',2,3000,4,'',2,2600,4,'',2
'H01U923S-Semaine-1-23ETE-1111100-',2901,72900,4,'',2,7300,4,'',2,3000,4,'',2,2600,4,'',1
'H01U923S-Semaine-10-23ETE-1111100-',2901,72900,4,'',2,7300,4,'',2,3000,4,'',2,2600,4,'',1
'H01U923S-Semaine-2-23ETE-1111100-',2901,72900,4,'',2,7300,4,'',2,3000,4,'',2,2600,4,'',1
'H01U923S-Semaine-3-23ETE-1111100-',2901,72900,4,'',2,7300,4,'',2,3000,4,'',2,2600,4,'',1
'H01U923S-Semaine-4-23ETE-1111100-',2901,72900,4,'',2,7300,4,'',2,3000,4,'',2,2600,4,'',1
'H01M923S-Semaine-10-23PRI-1111100-',4001,64800,4,'',2,7500,4,'',1,7800,4,'',1,3500,4,'',2,6400,4,'',1,3000,4,'',2
'H01M923S-Semaine-2-23PRI-1111100-',4001,64800,4,'',2,7500,4,'',1,7800,4,'',1,3500,4,'',2,6400,4,'',1,3000,4,'',2
'H01U24DS-Semaine-0-23ETE-1111100-',4001,64600,4,'',2,7700,4,'',1,7800,4,'',1,3500,4,'',1,6400,4,'',2,3000,4,'',1
'H01U923S-Semaine-1-23ETE-1111100-',4001,64800,4,'',2,7500,4,'',1,7800,4,'',2,3500,4,'',1,6400,4,'',2,3000,4,'',1
'H01U923S-Semaine-10-23ETE-1111100-',4001,64800,4,'',2,7500,4,'',1,7800,4,'',2,3500,4,'',1,6400,4,'',2,3000,4,'',1
'H01U923S-Semaine-2-23ETE-1111100-',4001,64800,4,'',2,7500,4,'',1,7800,4,'',2,3500,4,'',1,6400,4,'',2,3000,4,'',1
'H01U923S-Semaine-3-23ETE-1111100-',4001,64800,4,'',2,7500,4,'',1,7800,4,'',2,3500,4,'',1,6400,4,'',2,3000,4,'',1
'H01U923S-Semaine-4-23ETE-1111100-',4001,64800,4,'',2,7500,4,'',1,7800,4,'',2,3500,4,'',1,6400,4,'',2,3000,4,'',1
'H01M923S-Semaine-10-23PRI-1111100-',4101,71500,4,'',2,3100,4,'',2,6900,4,'',1,3000,4,'',2,7000,4,'',1
'H01M923S-Semaine-2-23PRI-1111100-',4101,71500,4,'',2,3100,4,'',2,6900,4,'',1,3000,4,'',2,7000,4,'',1
'H01U24DS-Semaine-0-23ETE-1111100-',4101,71500,4,'',2,3100,4,'',1,6900,4,'',2,3000,4,'',1,7000,4,'',2
'H01U923S-Semaine-1-23ETE-1111100-',4101,71500,4,'',2,3100,4,'',2,6900,4,'',1,3000,4,'',1,7000,4,'',2
'H01U923S-Semaine-10-23ETE-1111100-',4101,71500,4,'',2,3100,4,'',2,6900,4,'',1,3000,4,'',1,7000,4,'',2
'H01U923S-Semaine-2-23ETE-1111100-',4101,71500,4,'',2,3100,4,'',2,6900,4,'',1,3000,4,'',1,7000,4,'',2
'H01U923S-Semaine-3-23ETE-1111100-',4101,71500,4,'',2,3100,4,'',2,6900,4,'',1,3000,4,'',1,7000,4,'',2
'H01U923S-Semaine-4-23ETE-1111100-',4101,71500,4,'',2,3100,4,'',2,6900,4,'',1,3000,4,'',1,7000,4,'',2
'H01M923S-Semaine-10-23PRI-1111100-',4501,70200,4,'',2,3500,4,'',2,7500,4,'',2,3000,4,'',1,7000,4,'',2,2200,4,'',1
'H01M923S-Semaine-2-23PRI-1111100-',4501,70200,4,'',2,3500,4,'',2,7500,4,'',2,3000,4,'',1,7000,4,'',2,2200,4,'',1
'H01U24DS-Semaine-0-23ETE-1111100-',4501,70200,4,'',2,3500,4,'',1,7500,4,'',1,3000,4,'',1,7000,4,'',2,2200,4,'',1
'H01U923S-Semaine-1-23ETE-1111100-',4501,70200,4,'',2,3500,4,'',1,7500,4,'',2,3000,4,'',1,7000,4,'',2,2200,4,'',2
'H01U923S-Semaine-10-23ETE-1111100-',4501,70200,4,'',2,3500,4,'',1,7500,4,'',2,3000,4,'',1,7000,4,'',2,2200,4,'',2
'H01U923S-Semaine-2-23ETE-1111100-',4501,70200,4,'',2,3500,4,'',1,7500,4,'',2,3000,4,'',1,7000,4,'',2,2200,4,'',2
'H01U923S-Semaine-3-23ETE-1111100-',4501,70200,4,'',2,3500,4,'',1,7500,4,'',2,3000,4,'',1,7000,4,'',2,2200,4,'',2
'H01U923S-Semaine-4-23ETE-1111100-',4501,70200,4,'',2,3500,4,'',1,7500,4,'',2,3000,4,'',1,7000,4,'',2,2200,4,'',2
'H01M923S-Semaine-10-23PRI-1111100-',4701,65000,4,'',1,8500,4,'',2,8900,4,'',2,3000,4,'',2
'H01M923S-Semaine-2-23PRI-1111100-',4701,65000,4,'',1,8500,4,'',2,8900,4,'',2,3000,4,'',2
'H01U24DS-Semaine-0-23ETE-1111100-',4701,65000,4,'',1,8500,4,'',2,8900,4,'',1,3000,4,'',1
'H01U923S-Semaine-1-23ETE-1111100-',4701,65000,4,'',1,8500,4,'',2,8900,4,'',2,3000,4,'',2
'H01U923S-Semaine-10-23ETE-1111100-',4701,65000,4,'',1,8500,4,'',2,8900,4,'',2,3000,4,'',2
'H01U923S-Semaine-2-23ETE-1111100-',4701,65000,4,'',1,8500,4,'',2,8900,4,'',2,3000,4,'',2
'H01U923S-Semaine-3-23ETE-1111100-',4701,65000,4,'',1,8500,4,'',2,8900,4,'',2,3000,4,'',2
'H01U923S-Semaine-4-23ETE-1111100-',4701,65000,4,'',1,8500,4,'',2,8900,4,'',2,3000,4,'',2
'H01M923S-Semaine-10-23PRI-1111100-',4801,80000,4,'',1
'H01M923S-Semaine-2-23PRI-1111100-',4801,80000,4,'',1
'H01U24DS-Semaine-0-23ETE-1111100-',4801,80000,4,'',1
'H01U923S-Semaine-1-23ETE-1111100-',4801,80000,4,'',1
'H01U923S-Semaine-10-23ETE-1111100-',4801,80000,4,'',1
'H01U923S-Semaine-2-23ETE-1111100-',4801,80000,4,'',1
'H01U923S-Semaine-3-23ETE-1111100-',4801,80000,4,'',1
'H01U923S-Semaine-4-23ETE-1111100-',4801,80000,4,'',1
