'H01M023A-Dimanche-0-23AUT-0000001-',3900,71100,4,'',1,10000,4,'',1,10200,4,'',1,9800,4,'',1,10000,4,'',1,10000,4,'',2,10000,4,'',2,3000,4,'',2,7200,4,'',2,3000,4,'',2,7000,4,'',1,3000,4,'',2,7000,4,'',2,3000,4,'',1,6800,4,'',2,3200,4,'',1,7000,4,'',1,3000,4,'',1,7000,4,'',2,3000,4,'',1,10000,4,'',2,10000,4,'',1,10000,4,'',1,10000,4,'',1
'H01M023A-Dimanche-20-23AUT-0000001-',3900,71100,4,'',1,10000,4,'',1,10200,4,'',1,9800,4,'',1,10000,4,'',1,10000,4,'',2,10000,4,'',2,3000,4,'',2,7200,4,'',2,3000,4,'',2,7000,4,'',1,3000,4,'',2,7000,4,'',2,3000,4,'',1,6800,4,'',2,3200,4,'',1,7000,4,'',1,3000,4,'',1,7000,4,'',2,3000,4,'',1,10000,4,'',2,10000,4,'',1,10000,4,'',1,10000,4,'',1
'H01M023A-Dimanche-21-23AUT-0000001-',3900,71100,4,'',1,10000,4,'',1,10200,4,'',1,9800,4,'',1,10000,4,'',1,10000,4,'',2,10000,4,'',2,3000,4,'',2,7200,4,'',2,3000,4,'',2,7000,4,'',1,3000,4,'',2,7000,4,'',2,3000,4,'',1,6800,4,'',2,3200,4,'',1,7000,4,'',1,3000,4,'',1,7000,4,'',2,3000,4,'',1,10000,4,'',2,10000,4,'',1,10000,4,'',1,10000,4,'',1
'H01M023I-Dimanche-0-23AUT-0000001-',3900,71100,4,'',1,10000,4,'',1,10000,4,'',2,10000,4,'',1,10000,4,'',1,10000,4,'',1,10000,4,'',2,3000,4,'',1,7200,4,'',1,3000,4,'',2,7000,4,'',1,3000,4,'',2,7000,4,'',2,3000,4,'',1,7000,4,'',2,3300,4,'',1,6700,4,'',1,3300,4,'',1,6700,4,'',1
'H01M023I-Dimanche-20-23AUT-0000001-',3900,71100,4,'',1,10000,4,'',1,10000,4,'',2,10000,4,'',1,10000,4,'',1,10000,4,'',1,10000,4,'',2,3000,4,'',1,7200,4,'',1,3000,4,'',2,7000,4,'',1,3000,4,'',2,7000,4,'',2,3000,4,'',1,7000,4,'',2,3300,4,'',1,6700,4,'',1,3300,4,'',1,6700,4,'',1
'H01M923S-Semaine-1-23AUT-1111100-',3900,64300,4,'',2,8000,4,'',1,3200,4,'',1,7000,4,'',1,3200,4,'',1,7000,4,'',2,3000,4,'',1,7000,4,'',1,3000,4,'',2,6800,4,'',2,3000,4,'',2,7000,4,'',2,3000,4,'',1,7000,4,'',2,3000,4,'',1,7000,4,'',1,3000,4,'',1,7300,4,'',1,2700,4,'',1,7000,4,'',2,7700,4,'',1,2900,4,'',1,7000,4,'',2,3100,4,'',1,7000,4,'',1,2300,4,'',2,3000,4,'',1,7000,4,'',1,2500,4,'',1,7000,4,'',1,3000,4,'',1,7000,4,'',1,3000,4,'',1,7000,4,'',1,3000,4,'',1,7000,4,'',1
'H01U023A-Dimanche-1-23ETE-0000001-',3900,70100,4,'',1,4400,4,'',1,6600,4,'',1,3000,4,'',1,7000,4,'',1,3000,4,'',1,7000,4,'',1,3000,4,'',1,7000,4,'',1,3000,4,'',1,7000,4,'',1,3000,4,'',1,7000,4,'',1,3200,4,'',1,7000,4,'',1,3000,4,'',1,7000,4,'',1,3000,4,'',1,7300,4,'',1,2700,4,'',1,7000,4,'',1,3200,4,'',1,6800,4,'',1,3100,4,'',1,6900,4,'',1,3000,4,'',1,10000,4,'',1,10000,4,'',1,10000,4,'',1,10000,4,'',1
'H01U023A-Dimanche-31-23ETE-0000001-',3900,70100,4,'',1,4400,4,'',1,6600,4,'',1,3000,4,'',1,7000,4,'',1,3000,4,'',1,7000,4,'',1,3000,4,'',1,7000,4,'',1,3000,4,'',1,7000,4,'',1,3000,4,'',1,7000,4,'',1,3200,4,'',1,7000,4,'',1,3000,4,'',1,7000,4,'',1,3000,4,'',1,7300,4,'',1,2700,4,'',1,7000,4,'',1,3200,4,'',1,6800,4,'',1,3100,4,'',1,6900,4,'',1,3000,4,'',1,10000,4,'',1,10000,4,'',1,10000,4,'',1,10000,4,'',1
'H01U023I-Dimanche-1-23ETE-0000001-',3900,71100,4,'',1,10000,4,'',2,3000,4,'',1,7000,4,'',1,3000,4,'',2,7000,4,'',2,3000,4,'',1,7000,4,'',2,3000,4,'',2,7000,4,'',1,3000,4,'',1,7000,4,'',1,3200,4,'',1,7000,4,'',1,3200,4,'',1,6800,4,'',1,3200,4,'',1,6800,4,'',1,3000,4,'',1,7000,4,'',1,3000,4,'',1,7000,4,'',1,3000,4,'',1,7000,4,'',1
'H01U923S-Semaine-1-23ETE-1111100-',3900,64300,4,'',2,8000,4,'',1,3200,4,'',2,7000,4,'',2,3200,4,'',1,7000,4,'',2,3000,4,'',2,7000,4,'',1,3000,4,'',2,7000,4,'',1,2800,4,'',1,7000,4,'',2,3200,4,'',1,6800,4,'',1,3000,4,'',2,7000,4,'',1,3000,4,'',2,7000,4,'',2,3000,4,'',1,7000,4,'',1,7700,4,'',2,2900,4,'',1,7100,4,'',1,3000,4,'',1,7000,4,'',1,2300,4,'',1,3000,4,'',1,7000,4,'',1,2500,4,'',1,7000,4,'',2,3000,4,'',1,7000,4,'',2,3000,4,'',2,7000,4,'',1,3000,4,'',1,7000,4,'',2
'H01U923S-Semaine-5-23ETE-1111100-',3900,64300,4,'',2,8000,4,'',1,3200,4,'',2,7000,4,'',2,3200,4,'',1,7000,4,'',2,3000,4,'',2,7000,4,'',1,3000,4,'',2,7000,4,'',1,2800,4,'',1,7000,4,'',2,3200,4,'',1,6800,4,'',1,3000,4,'',2,7000,4,'',1,3000,4,'',2,7000,4,'',2,3000,4,'',1,7000,4,'',1,7700,4,'',2,2900,4,'',1,7100,4,'',1,3000,4,'',1,7000,4,'',1,2300,4,'',1,3000,4,'',1,7000,4,'',1,2500,4,'',1,7000,4,'',2,3000,4,'',1,7000,4,'',2,3000,4,'',2,7000,4,'',1,3000,4,'',1,7000,4,'',2
'H01M023A-Dimanche-0-23AUT-0000001-',6401,72100,,'',1,10000,,'',1,10000,,'',2,10000,,'',2,10000,,'',1,10000,,'',1,10000,,'',2,10000,,'',1,10000,,'',1,10000,,'',2,9700,,'',1
'H01M023A-Dimanche-20-23AUT-0000001-',6401,72100,,'',1,10000,,'',1,10000,,'',2,10000,,'',2,10000,,'',1,10000,,'',1,10000,,'',2,10000,,'',1,10000,,'',1,10000,,'',2,9700,,'',1
'H01M023A-Dimanche-21-23AUT-0000001-',6401,72100,,'',1,10000,,'',1,10000,,'',2,10000,,'',2,10000,,'',1,10000,,'',1,10000,,'',2,10000,,'',1,10000,,'',1,10000,,'',2,9700,,'',1
'H01M023I-Dimanche-0-23AUT-0000001-',6401,72100,,'',2,10000,,'',1,10000,,'',1,10000,,'',1,10000,,'',1,10000,,'',1,10000,,'',2,10000,,'',1,10000,,'',1,10000,,'',2,10000,,'',1
'H01M023I-Dimanche-20-23AUT-0000001-',6401,72100,,'',2,10000,,'',1,10000,,'',1,10000,,'',1,10000,,'',1,10000,,'',1,10000,,'',2,10000,,'',1,10000,,'',1,10000,,'',2,10000,,'',1
'H01M923S-Semaine-1-23AUT-1111100-',6401,52100,,'',2,10800,,'',1,10000,,'',2,10000,,'',1,9400,,'',1,10000,,'',2,10000,,'',1,10000,,'',2,10000,,'',2,9900,,'',1,11700,,'',2,8900,,'',1,10000,,'',1,10000,,'',2,10300,,'',1,10000,,'',1,10000,,'',1,10000,,'',1
'H01U023A-Dimanche-1-23ETE-0000001-',6401,63000,,'',2,12300,,'',1,15300,,'',1,11500,,'',1,10000,,'',1,10000,,'',1,10000,,'',1,10200,,'',1,10000,,'',1,9800,,'',2,10000,,'',1,9900,,'',1,10000,,'',1,10000,,'',1,10000,,'',1
'H01U023A-Dimanche-31-23ETE-0000001-',6401,63000,,'',2,12300,,'',1,15300,,'',1,11500,,'',1,10000,,'',1,10000,,'',1,10000,,'',1,10200,,'',1,10000,,'',1,9800,,'',2,10000,,'',1,9900,,'',1,10000,,'',1,10000,,'',1,10000,,'',1
'H01U023I-Dimanche-1-23ETE-0000001-',6401,74700,,'',2,15900,,'',1,11500,,'',1,10000,,'',1,10000,,'',1,10000,,'',1,10000,,'',1,10000,,'',1,10000,,'',2,10000,,'',1,9900,,'',1,9800,,'',2,10200,,'',1,10000,,'',1
'H01U923S-Semaine-1-23ETE-1111100-',6401,55800,,'',1,8100,,'',2,6500,,'',2,3100,,'',1,6800,,'',2,3000,,'',1,2600,,'',1,6400,,'',1,10100,,'',2,9900,,'',2,10000,,'',2,10000,,'',1,9900,,'',1,11700,,'',1,8900,,'',1,10000,,'',1,10000,,'',1,10300,,'',1,10000,,'',1,10000,,'',1,10000,,'',2
'H01U923S-Semaine-5-23ETE-1111100-',6401,55800,,'',1,8100,,'',2,6500,,'',2,3100,,'',1,6800,,'',2,3000,,'',1,2600,,'',1,6400,,'',1,10100,,'',2,9900,,'',2,10000,,'',2,10000,,'',1,9900,,'',1,11700,,'',1,8900,,'',1,10000,,'',1,10000,,'',1,10300,,'',1,10000,,'',1,10000,,'',1,10000,,'',2
'H01M923S-Semaine-1-23AUT-1111100-',33100,84200,0,'C St-Alex',1
