'H01M923S-Semaine-0-23PRI-1111100-',1800,131700,4,'',1,24000,4,'',1,9700,4,'',2,7000,4,'',2
'H01M923S-Semaine-1-23PRI-1111100-',1800,131700,4,'',1,24000,4,'',1,9700,4,'',2,7000,4,'',2
'H01M023A-Dimanche-0-23PRI-0000001-',7100,81600,4,'',1,10000,4,'',1,10000,4,'',1,10000,4,'',1,10400,4,'',1,10000,4,'',1,10000,4,'',1,10000,4,'',1,10100,4,'',1,9900,4,'',1,10000,4,'',1,10000,4,'',1,9700,4,'',1,10000,4,'',2,10000,4,'',1,11500,4,'',1
'H01M023A-Dimanche-20-23PRI-0000001-',7100,81600,4,'',1,10000,4,'',1,10000,4,'',1,10000,4,'',1,10400,4,'',1,10000,4,'',1,10000,4,'',1,10000,4,'',1,10100,4,'',1,9900,4,'',1,10000,4,'',1,10000,4,'',1,9700,4,'',1,10000,4,'',2,10000,4,'',1,11500,4,'',1
'H01M023A-Dimanche-30-23PRI-0000001-',7100,81600,4,'',1,10000,4,'',1,10000,4,'',1,10000,4,'',1,10400,4,'',1,10000,4,'',1,10000,4,'',1,10000,4,'',1,10100,4,'',1,9900,4,'',1,10000,4,'',1,10000,4,'',1,9700,4,'',1,10000,4,'',2,10000,4,'',1,11500,4,'',1
'H01M023I-Dimanche-0-23PRI-0000001-',7100,81600,4,'',2,10000,4,'',2,10000,4,'',1,10000,4,'',1,10400,4,'',2,9800,4,'',2,10200,4,'',2,10100,4,'',2,9900,4,'',2,10000,4,'',2,10000,4,'',2,10000,4,'',2,9700,4,'',1,10000,4,'',1,10000,4,'',1,11500,4,'',1
'H01M023I-Dimanche-30-23PRI-0000001-',7100,81600,4,'',2,10000,4,'',2,10000,4,'',1,10000,4,'',1,10400,4,'',2,9800,4,'',2,10200,4,'',2,10100,4,'',2,9900,4,'',2,10000,4,'',2,10000,4,'',2,10000,4,'',2,9700,4,'',1,10000,4,'',1,10000,4,'',1,11500,4,'',1
'H01M923S-Semaine-0-23PRI-1111100-',7100,55100,4,'',2,7200,4,'',2,2800,4,'',2,5500,4,'',2,1600,4,'',1,1600,4,'',1,1800,4,'',1,5500,4,'',2,1500,4,'',1,1500,4,'',2,1500,4,'',2,5300,4,'',1,3000,4,'',2,7000,4,'',1,3100,4,'',2,7000,4,'',1,3000,4,'',2,7000,4,'',1,3000,4,'',2,7000,4,'',2,2900,4,'',2,7000,4,'',2,3500,4,'',2,7000,4,'',2,3000,4,'',1,1500,4,'',1,5500,4,'',2,1500,4,'',2,1500,4,'',1,1500,4,'',2,5500,4,'',1,1200,4,'',2,1500,4,'',2,7000,4,'',1,2800,4,'',2,6900,4,'',1,3000,4,'',2,7000,4,'',1,3000,4,'',1,10000,4,'',2,8500,4,'',1,10000,4,'',2,10000,4,'',2
'H01M923S-Semaine-1-23PRI-1111100-',7100,55100,4,'',2,7200,4,'',2,2800,4,'',2,5500,4,'',2,1600,4,'',1,1600,4,'',1,1800,4,'',1,5500,4,'',2,1500,4,'',1,1500,4,'',2,1500,4,'',2,5300,4,'',1,3000,4,'',2,7000,4,'',1,3100,4,'',2,7000,4,'',1,3000,4,'',2,7000,4,'',1,3000,4,'',2,7000,4,'',2,2900,4,'',2,7000,4,'',2,3500,4,'',2,7000,4,'',2,3000,4,'',1,1500,4,'',1,5500,4,'',2,1500,4,'',2,1500,4,'',1,1500,4,'',2,5500,4,'',1,1200,4,'',2,1500,4,'',2,7000,4,'',1,2800,4,'',2,6900,4,'',1,3000,4,'',2,7000,4,'',1,3000,4,'',1,10000,4,'',2,8500,4,'',1,10000,4,'',2,10000,4,'',2
'H01M923S-Semaine-0-23PRI-1111100-',7300,62100,4,'',2,3000,4,'',1,7400,4,'',1,3000,4,'',2,7100,4,'',2,2800,4,'',1,7000,4,'',2,3200,4,'',2,10000,4,'',2,10000,4,'',1,10100,4,'',2,9900,4,'',1,10000,4,'',1,6500,4,'',1,2000,4,'',1,6000,4,'',2,2500,4,'',2,1000,4,'',2,1500,4,'',2,5500,4,'',2,1500,4,'',1,2000,4,'',1,6000,4,'',2,2000,4,'',2,2400,4,'',1,10100,4,'',1,9900,4,'',1,10000,4,'',1,10000,4,'',1,10000,4,'',1
'H01M923S-Semaine-1-23PRI-1111100-',7300,62100,4,'',2,3000,4,'',1,7400,4,'',1,3000,4,'',2,7100,4,'',2,2800,4,'',1,7000,4,'',2,3200,4,'',2,10000,4,'',2,10000,4,'',1,10100,4,'',2,9900,4,'',1,10000,4,'',1,6500,4,'',1,2000,4,'',1,6000,4,'',2,2500,4,'',2,1000,4,'',2,1500,4,'',2,5500,4,'',2,1500,4,'',1,2000,4,'',1,6000,4,'',2,2000,4,'',2,2400,4,'',1,10100,4,'',1,9900,4,'',1,10000,4,'',1,10000,4,'',1,10000,4,'',1
'H01M923S-Semaine-0-23PRI-1111100-',7401,60100,4,'',1,4300,4,'',1,8500,4,'',2,1500,4,'',1,1200,4,'',1,8500,4,'',1
'H01M923S-Semaine-1-23PRI-1111100-',7401,60100,4,'',1,4300,4,'',1,8500,4,'',2,1500,4,'',1,1200,4,'',1,8500,4,'',1
'H01M023A-Dimanche-0-23PRI-0000001-',7600,73700,4,'',2,10600,4,'',1,10000,4,'',1,10000,4,'',1,10000,4,'',1,10000,4,'',1,10000,4,'',1,10000,4,'',1,10000,4,'',1,10000,4,'',1,10000,4,'',1,10000,4,'',1,10000,4,'',1,10000,4,'',1,10000,4,'',1,10000,4,'',1
'H01M023A-Dimanche-20-23PRI-0000001-',7600,73700,4,'',2,10600,4,'',1,10000,4,'',1,10000,4,'',1,10000,4,'',1,10000,4,'',1,10000,4,'',1,10000,4,'',1,10000,4,'',1,10000,4,'',1,10000,4,'',1,10000,4,'',1,10000,4,'',1,10000,4,'',1,10000,4,'',1,10000,4,'',1
'H01M023A-Dimanche-30-23PRI-0000001-',7600,73700,4,'',2,10600,4,'',1,10000,4,'',1,10000,4,'',1,10000,4,'',1,10000,4,'',1,10000,4,'',1,10000,4,'',1,10000,4,'',1,10000,4,'',1,10000,4,'',1,10000,4,'',1,10000,4,'',1,10000,4,'',1,10000,4,'',1,10000,4,'',1
'H01M023I-Dimanche-0-23PRI-0000001-',7600,84300,4,'',1,10000,4,'',1,10000,4,'',1,10000,4,'',2,10000,4,'',1,10000,4,'',2,10000,4,'',1,10000,4,'',1,10000,4,'',1,10000,4,'',1,10000,4,'',1,10000,4,'',1,10000,4,'',2,10000,4,'',2,10000,4,'',2
'H01M023I-Dimanche-30-23PRI-0000001-',7600,84300,4,'',1,10000,4,'',1,10000,4,'',1,10000,4,'',2,10000,4,'',1,10000,4,'',2,10000,4,'',1,10000,4,'',1,10000,4,'',1,10000,4,'',1,10000,4,'',1,10000,4,'',1,10000,4,'',2,10000,4,'',2,10000,4,'',2
'H01M923S-Semaine-0-23PRI-1111100-',7600,55600,4,'',2,7300,4,'',2,1700,4,'',1,6000,4,'',2,2000,4,'',1,2000,4,'',2,6000,4,'',2,2000,4,'',1,2000,4,'',1,6300,4,'',2,2100,4,'',1,2000,4,'',1,7000,4,'',1,3100,4,'',2,6700,4,'',1,3200,4,'',1,7000,4,'',1,3000,4,'',2,7000,4,'',2,2900,4,'',2,7100,4,'',1,3300,4,'',2,7200,4,'',1,3000,4,'',2,6000,4,'',2,2000,4,'',1,2000,4,'',1,6000,4,'',1,1300,4,'',1,2000,4,'',1,7000,4,'',1,3000,4,'',1,7000,4,'',1,8400,4,'',1,10000,4,'',1,10000,4,'',1,10000,4,'',1,10000,4,'',1
'H01M923S-Semaine-1-23PRI-1111100-',7600,55600,4,'',2,7300,4,'',2,1700,4,'',1,6000,4,'',2,2000,4,'',1,2000,4,'',2,6000,4,'',2,2000,4,'',1,2000,4,'',1,6300,4,'',2,2100,4,'',1,2000,4,'',1,7000,4,'',1,3100,4,'',2,6700,4,'',1,3200,4,'',1,7000,4,'',1,3000,4,'',2,7000,4,'',2,2900,4,'',2,7100,4,'',1,3300,4,'',2,7200,4,'',1,3000,4,'',2,6000,4,'',2,2000,4,'',1,2000,4,'',1,6000,4,'',1,1300,4,'',1,2000,4,'',1,7000,4,'',1,3000,4,'',1,7000,4,'',1,8400,4,'',1,10000,4,'',1,10000,4,'',1,10000,4,'',1,10000,4,'',1
'H01M023A-Dimanche-0-23PRI-0000001-',7701,94900,4,'',1,9900,4,'',1,10000,4,'',1,10000,4,'',1,10400,4,'',1,9600,4,'',1,10000,4,'',2,10000,4,'',1,10000,4,'',1,10000,4,'',2,10000,4,'',2,10000,4,'',1,10000,4,'',1,10100,4,'',1
'H01M023A-Dimanche-20-23PRI-0000001-',7701,94900,4,'',1,9900,4,'',1,10000,4,'',1,10000,4,'',1,10400,4,'',1,9600,4,'',1,10000,4,'',2,10000,4,'',1,10000,4,'',1,10000,4,'',2,10000,4,'',2,10000,4,'',1,10000,4,'',1,10100,4,'',1
'H01M023A-Dimanche-30-23PRI-0000001-',7701,94900,4,'',1,9900,4,'',1,10000,4,'',1,10000,4,'',1,10400,4,'',1,9600,4,'',1,10000,4,'',2,10000,4,'',1,10000,4,'',1,10000,4,'',2,10000,4,'',2,10000,4,'',1,10000,4,'',1,10100,4,'',1
'H01M023I-Dimanche-0-23PRI-0000001-',7701,94800,4,'',2,10400,4,'',2,10000,4,'',1,10000,4,'',2,10000,4,'',1,10000,4,'',2,10000,4,'',1,10000,4,'',2,9700,4,'',1,10300,4,'',2,10000,4,'',2,10000,4,'',1,10000,4,'',1,10000,4,'',2
'H01M023I-Dimanche-30-23PRI-0000001-',7701,94800,4,'',2,10400,4,'',2,10000,4,'',1,10000,4,'',2,10000,4,'',1,10000,4,'',2,10000,4,'',1,10000,4,'',2,9700,4,'',1,10300,4,'',2,10000,4,'',2,10000,4,'',1,10000,4,'',1,10000,4,'',2
'H01M923S-Semaine-0-23PRI-1111100-',7701,62600,4,'',1,2000,4,'',1,6000,4,'',2,2000,4,'',2,1700,4,'',1,6000,4,'',2,4100,4,'',2,10000,4,'',2,10000,4,'',2,10000,4,'',2,10000,4,'',1,10000,4,'',1,10000,4,'',2,10200,4,'',2,10200,4,'',1,6000,4,'',1,2000,4,'',1,1800,4,'',2,6000,4,'',1,2000,4,'',2,1100,4,'',1,6300,4,'',1,4000,4,'',1,10000,4,'',1,10000,4,'',1,10000,4,'',2,10000,4,'',2
'H01M923S-Semaine-1-23PRI-1111100-',7701,62600,4,'',1,2000,4,'',1,6000,4,'',2,2000,4,'',2,1700,4,'',1,6000,4,'',2,4100,4,'',2,10000,4,'',2,10000,4,'',2,10000,4,'',2,10000,4,'',1,10000,4,'',1,10000,4,'',2,10200,4,'',2,10200,4,'',1,6000,4,'',1,2000,4,'',1,1800,4,'',2,6000,4,'',1,2000,4,'',2,1100,4,'',1,6300,4,'',1,4000,4,'',1,10000,4,'',1,10000,4,'',1,10000,4,'',2,10000,4,'',2
'H01M023A-Dimanche-0-23PRI-0000001-',7801,81100,4,'',2,10700,4,'',1,10000,4,'',1,10000,4,'',1,10000,4,'',1,10000,4,'',1,10000,4,'',1,10000,4,'',1,10000,4,'',1,10000,4,'',1,10000,4,'',2,10000,4,'',1,10000,4,'',1,10000,4,'',1,10000,4,'',1,10000,4,'',1
'H01M023A-Dimanche-20-23PRI-0000001-',7801,81100,4,'',2,10700,4,'',1,10000,4,'',1,10000,4,'',1,10000,4,'',1,10000,4,'',1,10000,4,'',1,10000,4,'',1,10000,4,'',1,10000,4,'',1,10000,4,'',2,10000,4,'',1,10000,4,'',1,10000,4,'',1,10000,4,'',1,10000,4,'',1
'H01M023A-Dimanche-30-23PRI-0000001-',7801,81100,4,'',2,10700,4,'',1,10000,4,'',1,10000,4,'',1,10000,4,'',1,10000,4,'',1,10000,4,'',1,10000,4,'',1,10000,4,'',1,10000,4,'',1,10000,4,'',2,10000,4,'',1,10000,4,'',1,10000,4,'',1,10000,4,'',1,10000,4,'',1
'H01M023I-Dimanche-0-23PRI-0000001-',7801,91700,4,'',1,10100,4,'',2,10000,4,'',1,10000,4,'',2,10000,4,'',2,10000,4,'',2,10000,4,'',1,10000,4,'',2,9700,4,'',1,10300,4,'',2,10000,4,'',2,10000,4,'',2,10000,4,'',1,10000,4,'',2,10000,4,'',2
'H01M023I-Dimanche-30-23PRI-0000001-',7801,91700,4,'',1,10100,4,'',2,10000,4,'',1,10000,4,'',2,10000,4,'',2,10000,4,'',2,10000,4,'',1,10000,4,'',2,9700,4,'',1,10300,4,'',2,10000,4,'',2,10000,4,'',2,10000,4,'',1,10000,4,'',2,10000,4,'',2
'H01M923S-Semaine-0-23PRI-1111100-',7801,54400,4,'',2,6300,4,'',2,3000,4,'',1,6300,4,'',1,2000,4,'',2,2000,4,'',1,6000,4,'',1,1800,4,'',2,2000,4,'',1,8000,4,'',1,10000,4,'',1,10000,4,'',2,10000,4,'',1,10000,4,'',1,10000,4,'',2,10000,4,'',2,9900,4,'',1,8300,4,'',2,2000,4,'',1,1800,4,'',2,6200,4,'',1,1700,4,'',1,2000,4,'',1,7600,4,'',2,9900,4,'',1,10000,4,'',1,10000,4,'',1,9700,4,'',1
'H01M923S-Semaine-1-23PRI-1111100-',7801,54400,4,'',2,6300,4,'',2,3000,4,'',1,6300,4,'',1,2000,4,'',2,2000,4,'',1,6000,4,'',1,1800,4,'',2,2000,4,'',1,8000,4,'',1,10000,4,'',1,10000,4,'',2,10000,4,'',1,10000,4,'',1,10000,4,'',2,10000,4,'',2,9900,4,'',1,8300,4,'',2,2000,4,'',1,1800,4,'',2,6200,4,'',1,1700,4,'',1,2000,4,'',1,7600,4,'',2,9900,4,'',1,10000,4,'',1,10000,4,'',1,9700,4,'',1
'H01M023A-Dimanche-0-23PRI-0000001-',9701,74300,4,'',1,15900,4,'',1,10000,4,'',1,11500,4,'',2,10000,4,'',1,9700,4,'',1,10300,4,'',2,10000,4,'',1,10000,4,'',1,10000,4,'',2,10000,4,'',2,10000,4,'',1,10000,4,'',1,10000,4,'',2,10000,4,'',2,10000,4,'',1
'H01M023A-Dimanche-20-23PRI-0000001-',9701,74300,4,'',1,15900,4,'',1,10000,4,'',1,11500,4,'',2,10000,4,'',1,9700,4,'',1,10300,4,'',2,10000,4,'',1,10000,4,'',1,10000,4,'',2,10000,4,'',2,10000,4,'',1,10000,4,'',1,10000,4,'',2,10000,4,'',2,10000,4,'',1
'H01M023A-Dimanche-30-23PRI-0000001-',9701,74300,4,'',1,15900,4,'',1,10000,4,'',1,11500,4,'',2,10000,4,'',1,9700,4,'',1,10300,4,'',2,10000,4,'',1,10000,4,'',1,10000,4,'',2,10000,4,'',2,10000,4,'',1,10000,4,'',1,10000,4,'',2,10000,4,'',2,10000,4,'',1
'H01M023I-Dimanche-0-23PRI-0000001-',9701,100200,4,'',1,11500,4,'',2,10000,4,'',2,10000,4,'',2,10000,4,'',1,10000,4,'',2,10000,4,'',2,10000,4,'',2,10000,4,'',1,10000,4,'',2,10000,4,'',1,10000,4,'',2,10000,4,'',2,10000,4,'',1
'H01M023I-Dimanche-30-23PRI-0000001-',9701,100200,4,'',1,11500,4,'',2,10000,4,'',2,10000,4,'',2,10000,4,'',1,10000,4,'',2,10000,4,'',2,10000,4,'',2,10000,4,'',1,10000,4,'',2,10000,4,'',1,10000,4,'',2,10000,4,'',2,10000,4,'',1
'H01M923S-Semaine-0-23PRI-1111100-',9701,71300,4,'',1,10000,4,'',1,10200,4,'',1,10100,4,'',1,10000,4,'',1,10000,4,'',1,10000,4,'',1,10000,4,'',2,10000,4,'',2,10200,4,'',1,9800,4,'',2,10000,4,'',1,9900,4,'',2,9300,4,'',1,10300,4,'',1,9700,4,'',2,10000,4,'',1
'H01M923S-Semaine-1-23PRI-1111100-',9701,71300,4,'',1,10000,4,'',1,10200,4,'',1,10100,4,'',1,10000,4,'',1,10000,4,'',1,10000,4,'',1,10000,4,'',2,10000,4,'',2,10200,4,'',1,9800,4,'',2,10000,4,'',1,9900,4,'',2,9300,4,'',1,10300,4,'',1,9700,4,'',2,10000,4,'',1
'H01M023A-Dimanche-0-23PRI-0000001-',40000,64100,4,'',1,6300,4,'',1,1500,4,'',1,1500,4,'',1,1500,4,'',1,5500,4,'',1,1500,4,'',1,1500,4,'',1,1600,4,'',1,5400,4,'',1,1500,4,'',1,1500,4,'',1,1500,4,'',1,5500,4,'',1,1500,4,'',1,1500,4,'',1,1500,4,'',1,5600,4,'',1,1400,4,'',1,1500,4,'',1,1500,4,'',1,5600,4,'',1,1400,4,'',1,1500,4,'',1,1500,4,'',1,5600,4,'',1,1400,4,'',1,1500,4,'',1,1500,4,'',1,5500,4,'',1,1500,4,'',1,1500,4,'',1,1500,4,'',1,5500,4,'',1,1500,4,'',1,1500,4,'',1,1600,4,'',1,5400,4,'',1,1600,4,'',1,1700,4,'',1,1300,4,'',1,5500,4,'',1,1500,4,'',1,1400,4,'',1,1600,4,'',1,5400,4,'',1,1500,4,'',1,1700,4,'',1,1400,4,'',1,5400,4,'',1,1500,4,'',1,1500,4,'',1,1500,4,'',1,5500,4,'',1,1500,4,'',1,1500,4,'',1,1500,4,'',1,5500,4,'',1,1500,4,'',1,1500,4,'',1,1500,4,'',1,5400,4,'',1,1600,4,'',1,1500,4,'',1,1500,4,'',1,5500,4,'',1,1500,4,'',1,1500,4,'',1,1500,4,'',1,5400,4,'',1,1600,4,'',1,1500,4,'',1,1500,4,'',1
'H01M023A-Dimanche-20-23PRI-0000001-',40000,64100,4,'',1,6300,4,'',1,1500,4,'',1,1500,4,'',1,1500,4,'',1,5500,4,'',1,1500,4,'',1,1500,4,'',1,1600,4,'',1,5400,4,'',1,1500,4,'',1,1500,4,'',1,1500,4,'',1,5500,4,'',1,1500,4,'',1,1500,4,'',1,1500,4,'',1,5600,4,'',1,1400,4,'',1,1500,4,'',1,1500,4,'',1,5600,4,'',1,1400,4,'',1,1500,4,'',1,1500,4,'',1,5600,4,'',1,1400,4,'',1,1500,4,'',1,1500,4,'',1,5500,4,'',1,1500,4,'',1,1500,4,'',1,1500,4,'',1,5500,4,'',1,1500,4,'',1,1500,4,'',1,1600,4,'',1,5400,4,'',1,1600,4,'',1,1700,4,'',1,1300,4,'',1,5500,4,'',1,1500,4,'',1,1400,4,'',1,1600,4,'',1,5400,4,'',1,1500,4,'',1,1700,4,'',1,1400,4,'',1,5400,4,'',1,1500,4,'',1,1500,4,'',1,1500,4,'',1,5500,4,'',1,1500,4,'',1,1500,4,'',1,1500,4,'',1,5500,4,'',1,1500,4,'',1,1500,4,'',1,1500,4,'',1,5400,4,'',1,1600,4,'',1,1500,4,'',1,1500,4,'',1,5500,4,'',1,1500,4,'',1,1500,4,'',1,1500,4,'',1,5400,4,'',1,1600,4,'',1,1500,4,'',1,1500,4,'',1
'H01M023A-Dimanche-30-23PRI-0000001-',40000,64100,4,'',1,6300,4,'',1,1500,4,'',1,1500,4,'',1,1500,4,'',1,5500,4,'',1,1500,4,'',1,1500,4,'',1,1600,4,'',1,5400,4,'',1,1500,4,'',1,1500,4,'',1,1500,4,'',1,5500,4,'',1,1500,4,'',1,1500,4,'',1,1500,4,'',1,5600,4,'',1,1400,4,'',1,1500,4,'',1,1500,4,'',1,5600,4,'',1,1400,4,'',1,1500,4,'',1,1500,4,'',1,5600,4,'',1,1400,4,'',1,1500,4,'',1,1500,4,'',1,5500,4,'',1,1500,4,'',1,1500,4,'',1,1500,4,'',1,5500,4,'',1,1500,4,'',1,1500,4,'',1,1600,4,'',1,5400,4,'',1,1600,4,'',1,1700,4,'',1,1300,4,'',1,5500,4,'',1,1500,4,'',1,1400,4,'',1,1600,4,'',1,5400,4,'',1,1500,4,'',1,1700,4,'',1,1400,4,'',1,5400,4,'',1,1500,4,'',1,1500,4,'',1,1500,4,'',1,5500,4,'',1,1500,4,'',1,1500,4,'',1,1500,4,'',1,5500,4,'',1,1500,4,'',1,1500,4,'',1,1500,4,'',1,5400,4,'',1,1600,4,'',1,1500,4,'',1,1500,4,'',1,5500,4,'',1,1500,4,'',1,1500,4,'',1,1500,4,'',1,5400,4,'',1,1600,4,'',1,1500,4,'',1,1500,4,'',1
'H01M023I-Dimanche-0-23PRI-0000001-',40000,63500,4,'',1,6900,4,'',1,1500,4,'',1,1500,4,'',1,1500,4,'',1,5500,4,'',1,1500,4,'',1,1500,4,'',1,1500,4,'',1,5500,4,'',1,1500,4,'',1,1700,4,'',1,1300,4,'',1,5400,4,'',1,1600,4,'',1,1500,4,'',1,1500,4,'',1,5800,4,'',1,1200,4,'',1,1500,4,'',1,1500,4,'',1,5500,4,'',1,1500,4,'',1,1500,4,'',1,1500,4,'',1,5400,4,'',1,1600,4,'',1,1500,4,'',1,1600,4,'',1,5400,4,'',1,1500,4,'',1,1500,4,'',1,1500,4,'',1,5500,4,'',1,1500,4,'',1,1500,4,'',1,1500,4,'',1,5500,4,'',1,1500,4,'',1,1500,4,'',1,1500,4,'',1,5500,4,'',1,1500,4,'',1,1500,4,'',1,1500,4,'',1,5500,4,'',1,1500,4,'',1,1500,4,'',1,1500,4,'',1,5500,4,'',1,1500,4,'',1,1500,4,'',1,1500,4,'',1,5500,4,'',1,1500,4,'',1,1700,4,'',1,1300,4,'',1,5500,4,'',1,1500,4,'',1,1500,4,'',1,1500,4,'',1,5500,4,'',1,1500,4,'',1,1500,4,'',1,1500,4,'',1,5500,4,'',1,1500,4,'',1,1500,4,'',1,1000,4,'',1,6000,4,'',1,1500,4,'',1,1300,4,'',1,1700,4,'',1
'H01M023I-Dimanche-30-23PRI-0000001-',40000,63500,4,'',1,6900,4,'',1,1500,4,'',1,1500,4,'',1,1500,4,'',1,5500,4,'',1,1500,4,'',1,1500,4,'',1,1500,4,'',1,5500,4,'',1,1500,4,'',1,1700,4,'',1,1300,4,'',1,5400,4,'',1,1600,4,'',1,1500,4,'',1,1500,4,'',1,5800,4,'',1,1200,4,'',1,1500,4,'',1,1500,4,'',1,5500,4,'',1,1500,4,'',1,1500,4,'',1,1500,4,'',1,5400,4,'',1,1600,4,'',1,1500,4,'',1,1600,4,'',1,5400,4,'',1,1500,4,'',1,1500,4,'',1,1500,4,'',1,5500,4,'',1,1500,4,'',1,1500,4,'',1,1500,4,'',1,5500,4,'',1,1500,4,'',1,1500,4,'',1,1500,4,'',1,5500,4,'',1,1500,4,'',1,1500,4,'',1,1500,4,'',1,5500,4,'',1,1500,4,'',1,1500,4,'',1,1500,4,'',1,5500,4,'',1,1500,4,'',1,1500,4,'',1,1500,4,'',1,5500,4,'',1,1500,4,'',1,1700,4,'',1,1300,4,'',1,5500,4,'',1,1500,4,'',1,1500,4,'',1,1500,4,'',1,5500,4,'',1,1500,4,'',1,1500,4,'',1,1500,4,'',1,5500,4,'',1,1500,4,'',1,1500,4,'',1,1000,4,'',1,6000,4,'',1,1500,4,'',1,1300,4,'',1,1700,4,'',1
'H01M923S-Semaine-0-23PRI-1111100-',40000,61500,4,'',1,3300,4,'',1,5300,4,'',1,1200,4,'',1,1200,4,'',1,1300,4,'',1,1400,4,'',1,5200,4,'',1,1200,4,'',1,1200,4,'',1,1400,4,'',1,1200,4,'',1,5500,4,'',1,1200,4,'',1,1100,4,'',1,1100,4,'',1,1000,4,'',1,5000,4,'',1,900,4,'',1,1000,4,'',1,1100,4,'',1,1000,4,'',1,1000,4,'',1,5000,4,'',1,1000,4,'',1,1000,4,'',1,1000,4,'',1,1000,4,'',1,1000,4,'',1,5000,4,'',1,1000,4,'',1,1000,4,'',1,1000,4,'',1,1000,4,'',1,1000,4,'',1,5000,4,'',1,1000,4,'',1,1000,4,'',1,500,4,'',1,500,4,'',1,1100,4,'',1,800,4,'',1,5200,4,'',1,1000,4,'',1,1000,4,'',1,1000,4,'',1,800,4,'',1,600,4,'',1,600,4,'',1,4700,4,'',1,500,4,'',1,500,4,'',1,1100,4,'',1,500,4,'',1,1000,4,'',1,1100,4,'',1,300,4,'',1,600,4,'',1,4500,4,'',1,500,4,'',1,500,4,'',1,600,4,'',1,500,4,'',1,500,4,'',1,500,4,'',1,600,4,'',1,300,4,'',1,600,4,'',1,600,4,'',1,5000,4,'',1,800,4,'',1,1100,4,'',1,700,4,'',1,600,4,'',1,600,4,'',1,600,4,'',1,600,4,'',1,4800,4,'',1,400,4,'',1,600,4,'',1,600,4,'',1,600,4,'',1,600,4,'',1,500,4,'',1,500,4,'',1,500,4,'',1,1400,4,'',1,5500,4,'',1,1500,4,'',1,1500,4,'',1,1500,4,'',1,5400,4,'',1,1600,4,'',1,1500,4,'',1,1500,4,'',1,5500,4,'',1,1500,4,'',1,1500,4,'',1,1500,4,'',1,5600,4,'',1,1400,4,'',1,1500,4,'',1,1500,4,'',1,5500,4,'',1,1300,4,'',1,1600,4,'',1,1500,4,'',1,5500,4,'',1,1500,4,'',1,1600,4,'',1
'H01M923S-Semaine-1-23PRI-1111100-',40000,61500,4,'',1,3300,4,'',1,5300,4,'',1,1200,4,'',1,1200,4,'',1,1300,4,'',1,1400,4,'',1,5200,4,'',1,1200,4,'',1,1200,4,'',1,1400,4,'',1,1200,4,'',1,5500,4,'',1,1200,4,'',1,1100,4,'',1,1100,4,'',1,1000,4,'',1,5000,4,'',1,900,4,'',1,1000,4,'',1,1100,4,'',1,1000,4,'',1,1000,4,'',1,5000,4,'',1,1000,4,'',1,1000,4,'',1,1000,4,'',1,1000,4,'',1,1000,4,'',1,5000,4,'',1,1000,4,'',1,1000,4,'',1,1000,4,'',1,1000,4,'',1,1000,4,'',1,5000,4,'',1,1000,4,'',1,1000,4,'',1,500,4,'',1,500,4,'',1,1100,4,'',1,800,4,'',1,5200,4,'',1,1000,4,'',1,1000,4,'',1,1000,4,'',1,800,4,'',1,600,4,'',1,600,4,'',1,4700,4,'',1,500,4,'',1,500,4,'',1,1100,4,'',1,500,4,'',1,1000,4,'',1,1100,4,'',1,300,4,'',1,600,4,'',1,4500,4,'',1,500,4,'',1,500,4,'',1,600,4,'',1,500,4,'',1,500,4,'',1,500,4,'',1,600,4,'',1,300,4,'',1,600,4,'',1,600,4,'',1,5000,4,'',1,800,4,'',1,1100,4,'',1,700,4,'',1,600,4,'',1,600,4,'',1,600,4,'',1,600,4,'',1,4800,4,'',1,400,4,'',1,600,4,'',1,600,4,'',1,600,4,'',1,600,4,'',1,500,4,'',1,500,4,'',1,500,4,'',1,1400,4,'',1,5500,4,'',1,1500,4,'',1,1500,4,'',1,1500,4,'',1,5400,4,'',1,1600,4,'',1,1500,4,'',1,1500,4,'',1,5500,4,'',1,1500,4,'',1,1500,4,'',1,1500,4,'',1,5600,4,'',1,1400,4,'',1,1500,4,'',1,1500,4,'',1,5500,4,'',1,1300,4,'',1,1600,4,'',1,1500,4,'',1,5500,4,'',1,1500,4,'',1,1600,4,'',1
'H01M923S-Semaine-0-23PRI-1111100-',57100,160300,4,'',1
'H01M923S-Semaine-1-23PRI-1111100-',57100,160300,4,'',1
'H01M923S-Semaine-0-23PRI-1111100-',57600,160100,4,'',1
'H01M923S-Semaine-1-23PRI-1111100-',57600,160100,4,'',1
'H01M023A-Dimanche-0-23PRI-0000001-',80000,75400,4,'',2,10000,4,'',2,10000,4,'',1,10000,4,'',1,10000,4,'',1,10000,4,'',2,10000,4,'',1,10000,4,'',1,10000,4,'',1,10000,4,'',1,10000,4,'',1,10000,4,'',1,10000,4,'',1,10000,4,'',1,10000,4,'',1,10000,4,'',1,10000,4,'',2
'H01M023A-Dimanche-20-23PRI-0000001-',80000,75400,4,'',2,10000,4,'',2,10000,4,'',1,10000,4,'',1,10000,4,'',1,10000,4,'',2,10000,4,'',1,10000,4,'',1,10000,4,'',1,10000,4,'',1,10000,4,'',1,10000,4,'',1,10000,4,'',1,10000,4,'',1,10000,4,'',1,10000,4,'',1,10000,4,'',2
'H01M023A-Dimanche-30-23PRI-0000001-',80000,75400,4,'',2,10000,4,'',2,10000,4,'',1,10000,4,'',1,10000,4,'',1,10000,4,'',2,10000,4,'',1,10000,4,'',1,10000,4,'',1,10000,4,'',1,10000,4,'',1,10000,4,'',1,10000,4,'',1,10000,4,'',1,10000,4,'',1,10000,4,'',1,10000,4,'',2
'H01M023I-Dimanche-0-23PRI-0000001-',80000,75400,4,'',1,10000,4,'',2,14600,4,'',1,5400,4,'',1,10000,4,'',1,10000,4,'',1,9800,4,'',2,10200,4,'',1,10000,4,'',1,10000,4,'',1,10000,4,'',1,10000,4,'',1,10000,4,'',1,10000,4,'',1,10000,4,'',2,10000,4,'',2,10000,4,'',1
'H01M023I-Dimanche-30-23PRI-0000001-',80000,75400,4,'',1,10000,4,'',2,14600,4,'',1,5400,4,'',1,10000,4,'',1,10000,4,'',1,9800,4,'',2,10200,4,'',1,10000,4,'',1,10000,4,'',1,10000,4,'',1,10000,4,'',1,10000,4,'',1,10000,4,'',1,10000,4,'',2,10000,4,'',2,10000,4,'',1
'H01M923S-Semaine-0-23PRI-1111100-',80000,64000,4,'',1,7000,4,'',1,3100,4,'',1,1000,4,'',1,6000,4,'',2,3000,4,'',1,6600,4,'',1,2000,4,'',1,2700,4,'',1,7000,4,'',1,3000,4,'',1,7000,4,'',2,3000,4,'',1,7000,4,'',1,3000,4,'',1,7000,4,'',1,3000,4,'',1,7000,4,'',1,3000,4,'',2,7000,4,'',2,3000,4,'',2,7200,4,'',1,3000,4,'',1,7000,4,'',1,3000,4,'',1,6700,4,'',1,3000,4,'',1,7000,4,'',1,3000,4,'',1,7000,4,'',1,3000,4,'',1,7000,4,'',2,2600,4,'',1,7000,4,'',1,3000,4,'',1,7000,4,'',1
'H01M923S-Semaine-1-23PRI-1111100-',80000,64000,4,'',1,7000,4,'',1,3100,4,'',1,1000,4,'',1,6000,4,'',2,3000,4,'',1,6600,4,'',1,2000,4,'',1,2700,4,'',1,7000,4,'',1,3000,4,'',1,7000,4,'',2,3000,4,'',1,7000,4,'',1,3000,4,'',1,7000,4,'',1,3000,4,'',1,7000,4,'',1,3000,4,'',2,7000,4,'',2,3000,4,'',2,7200,4,'',1,3000,4,'',1,7000,4,'',1,3000,4,'',1,6700,4,'',1,3000,4,'',1,7000,4,'',1,3000,4,'',1,7000,4,'',1,3000,4,'',1,7000,4,'',2,2600,4,'',1,7000,4,'',1,3000,4,'',1,7000,4,'',1
