'H01M023A-Dimanche-0-23AUT-0000001-',7700,75400,0,'Lorrain',1,10000,0,'Lorrain',1,10100,0,'Lorrain',1,10000,0,'Lorrain',1,9900,0,'Lorrain',1,10000,0,'Lorrain',1,10000,0,'Lorrain',1,10000,0,'Lorrain',1,10000,0,'Lorrain',1,10000,0,'Lorrain',1,10000,0,'Lorrain',1,10000,0,'Lorrain',2,10000,0,'Lorrain',2,10000,0,'Lorrain',1,10000,0,'Lorrain',1,10000,0,'Lorrain',1
'H01M023A-Dimanche-20-23AUT-0000001-',7700,75400,0,'Lorrain',1,10000,0,'Lorrain',1,10100,0,'Lorrain',1,10000,0,'Lorrain',1,9900,0,'Lorrain',1,10000,0,'Lorrain',1,10000,0,'Lorrain',1,10000,0,'Lorrain',1,10000,0,'Lorrain',1,10000,0,'Lorrain',1,10000,0,'Lorrain',1,10000,0,'Lorrain',2,10000,0,'Lorrain',2,10000,0,'Lorrain',1,10000,0,'Lorrain',1,10000,0,'Lorrain',1
'H01M023A-Dimanche-21-23AUT-0000001-',7700,75400,0,'Lorrain',1,10000,0,'Lorrain',1,10100,0,'Lorrain',1,10000,0,'Lorrain',1,9900,0,'Lorrain',1,10000,0,'Lorrain',1,10000,0,'Lorrain',1,10000,0,'Lorrain',1,10000,0,'Lorrain',1,10000,0,'Lorrain',1,10000,0,'Lorrain',1,10000,0,'Lorrain',2,10000,0,'Lorrain',2,10000,0,'Lorrain',1,10000,0,'Lorrain',1,10000,0,'Lorrain',1
'H01M023I-Dimanche-0-23AUT-0000001-',7700,75400,0,'Lorrain',1,10100,0,'Lorrain',1,9900,0,'Lorrain',2,10000,0,'Lorrain',2,10000,0,'Lorrain',2,10100,0,'Lorrain',2,9900,0,'Lorrain',2,10000,0,'Lorrain',2,10000,0,'Lorrain',2,10000,0,'Lorrain',2,10100,0,'Lorrain',2,10000,0,'Lorrain',1,9900,0,'Lorrain',1,10000,0,'Lorrain',1,10000,0,'Lorrain',1,10000,0,'Lorrain',1
'H01M023I-Dimanche-20-23AUT-0000001-',7700,75400,0,'Lorrain',1,10100,0,'Lorrain',1,9900,0,'Lorrain',2,10000,0,'Lorrain',2,10000,0,'Lorrain',2,10100,0,'Lorrain',2,9900,0,'Lorrain',2,10000,0,'Lorrain',2,10000,0,'Lorrain',2,10000,0,'Lorrain',2,10100,0,'Lorrain',2,10000,0,'Lorrain',1,9900,0,'Lorrain',1,10000,0,'Lorrain',1,10000,0,'Lorrain',1,10000,0,'Lorrain',1
'H01M923S-Semaine-1-23AUT-1111100-',7700,53000,0,'Lorrain',1,7000,0,'Lorrain',1,3200,0,'Lorrain',1,6800,0,'Lorrain',1,3000,0,'Lorrain',1,2600,0,'Lorrain',1,7000,0,'Lorrain',1,8100,0,'Lorrain',1,3000,0,'Lorrain',1,7000,0,'Lorrain',1,3000,0,'Lorrain',1,7000,0,'Lorrain',1,2800,0,'Lorrain',1,7200,0,'Lorrain',1,3000,0,'Lorrain',1,7000,0,'Lorrain',1,3000,0,'Lorrain',1,7000,0,'Lorrain',1,3300,0,'Lorrain',1,7700,0,'Lorrain',1,3000,0,'Lorrain',1,7000,0,'Lorrain',1,3000,0,'Lorrain',1,7000,0,'Lorrain',1,2700,0,'Lorrain',1,7300,0,'Lorrain',1,3000,0,'Lorrain',1,7500,0,'Lorrain',1,3000,0,'Lorrain',1,10200,0,'Lorrain',1,10000,0,'Lorrain',1,10000,0,'Lorrain',1
'H01U023A-Dimanche-1-23ETE-0000001-',7701,93900,,'',1,9900,,'',1,10000,,'',1,10000,,'',1,10400,,'',1,9600,,'',1,10000,,'',2,10000,,'',1,10000,,'',1,10000,,'',2,10000,,'',2,10000,,'',1,10000,,'',1,10100,,'',1
'H01U023A-Dimanche-31-23ETE-0000001-',7701,93900,,'',1,9900,,'',1,10000,,'',1,10000,,'',1,10400,,'',1,9600,,'',1,10000,,'',2,10000,,'',1,10000,,'',1,10000,,'',2,10000,,'',2,10000,,'',1,10000,,'',1,10100,,'',1
'H01U023I-Dimanche-1-23ETE-0000001-',7701,93800,,'',2,10400,,'',2,10000,,'',1,10000,,'',2,10000,,'',1,10000,,'',2,10000,,'',1,10000,,'',2,9700,,'',1,10300,,'',2,10000,,'',2,10000,,'',1,10000,,'',1,10000,,'',2
'H01U923S-Semaine-1-23ETE-1111100-',7701,61200,,'',1,2000,,'',1,2000,,'',1,6000,,'',1,1700,,'',1,2000,,'',1,8400,,'',1,10000,,'',2,10000,,'',1,10000,,'',2,10000,,'',1,10000,,'',2,10100,,'',2,10100,,'',2,10000,,'',1,2000,,'',1,6000,,'',1,2000,,'',2,2000,,'',1,6000,,'',2,1100,,'',1,2300,,'',1,8000,,'',1,10000,,'',1,10000,,'',1,10000,,'',1,10000,,'',1
'H01U923S-Semaine-5-23ETE-1111100-',7701,61200,,'',1,2000,,'',1,2000,,'',1,6000,,'',1,1700,,'',1,2000,,'',1,8400,,'',1,10000,,'',2,10000,,'',1,10000,,'',2,10000,,'',1,10000,,'',2,10100,,'',2,10100,,'',2,10000,,'',1,2000,,'',1,6000,,'',1,2000,,'',2,2000,,'',1,6000,,'',2,1100,,'',1,2300,,'',1,8000,,'',1,10000,,'',1,10000,,'',1,10000,,'',1,10000,,'',1
