'H01M023A-Dimanche-0-23AUT-0000001-',7800,83000,0,'Lorrain',1,10000,0,'Lorrain',1,10000,0,'Lorrain',1,10000,0,'Lorrain',1,9900,0,'Lorrain',1,10100,0,'Lorrain',1,9900,0,'Lorrain',1,10000,0,'Lorrain',1,10000,0,'Lorrain',1,10000,0,'Lorrain',1,10000,0,'Lorrain',1,10000,0,'Lorrain',2,10000,0,'Lorrain',1,10000,0,'Lorrain',1,10000,0,'Lorrain',1,10000,0,'Lorrain',1
'H01M023A-Dimanche-20-23AUT-0000001-',7800,83000,0,'Lorrain',1,10000,0,'Lorrain',1,10000,0,'Lorrain',1,10000,0,'Lorrain',1,9900,0,'Lorrain',1,10100,0,'Lorrain',1,9900,0,'Lorrain',1,10000,0,'Lorrain',1,10000,0,'Lorrain',1,10000,0,'Lorrain',1,10000,0,'Lorrain',1,10000,0,'Lorrain',2,10000,0,'Lorrain',1,10000,0,'Lorrain',1,10000,0,'Lorrain',1,10000,0,'Lorrain',1
'H01M023A-Dimanche-21-23AUT-0000001-',7800,83000,0,'Lorrain',1,10000,0,'Lorrain',1,10000,0,'Lorrain',1,10000,0,'Lorrain',1,9900,0,'Lorrain',1,10100,0,'Lorrain',1,9900,0,'Lorrain',1,10000,0,'Lorrain',1,10000,0,'Lorrain',1,10000,0,'Lorrain',1,10000,0,'Lorrain',1,10000,0,'Lorrain',2,10000,0,'Lorrain',1,10000,0,'Lorrain',1,10000,0,'Lorrain',1,10000,0,'Lorrain',1
'H01M023I-Dimanche-0-23AUT-0000001-',7800,83000,0,'Lorrain',1,9800,0,'Lorrain',1,10100,0,'Lorrain',2,10100,0,'Lorrain',2,10000,0,'Lorrain',2,10100,0,'Lorrain',2,9800,0,'Lorrain',2,10000,0,'Lorrain',2,10000,0,'Lorrain',2,10000,0,'Lorrain',2,10100,0,'Lorrain',2,10000,0,'Lorrain',1,9900,0,'Lorrain',1,10000,0,'Lorrain',1,10000,0,'Lorrain',1,9900,0,'Lorrain',1
'H01M023I-Dimanche-20-23AUT-0000001-',7800,83000,0,'Lorrain',1,9800,0,'Lorrain',1,10100,0,'Lorrain',2,10100,0,'Lorrain',2,10000,0,'Lorrain',2,10100,0,'Lorrain',2,9800,0,'Lorrain',2,10000,0,'Lorrain',2,10000,0,'Lorrain',2,10000,0,'Lorrain',2,10100,0,'Lorrain',2,10000,0,'Lorrain',1,9900,0,'Lorrain',1,10000,0,'Lorrain',1,10000,0,'Lorrain',1,9900,0,'Lorrain',1
'H01M923S-Semaine-1-23AUT-1111100-',7800,50300,0,'Lorrain',1,1800,0,'Lorrain',1,3100,0,'Lorrain',1,7000,0,'Lorrain',1,2700,0,'Lorrain',1,7600,0,'Lorrain',1,2800,0,'Lorrain',1,7000,0,'Lorrain',1,2600,0,'Lorrain',1,8100,0,'Lorrain',1,7000,0,'Lorrain',1,3000,0,'Lorrain',1,7000,0,'Lorrain',1,3000,0,'Lorrain',1,7000,0,'Lorrain',1,3000,0,'Lorrain',1,7100,0,'Lorrain',1,2900,0,'Lorrain',1,7100,0,'Lorrain',1,2900,0,'Lorrain',1,7900,0,'Lorrain',2,3000,0,'Lorrain',2,7000,0,'Lorrain',1,3100,0,'Lorrain',1,6900,0,'Lorrain',1,3000,0,'Lorrain',1,7000,0,'Lorrain',1,3000,0,'Lorrain',1,7000,0,'Lorrain',2,3500,0,'Lorrain',1,8400,0,'Lorrain',1,10000,0,'Lorrain',1,10000,0,'Lorrain',1,10300,0,'Lorrain',1
'H01U023A-Dimanche-1-23ETE-0000001-',7801,75700,,'',2,14700,,'',1,10000,,'',1,10000,,'',1,10000,,'',1,10000,,'',1,10000,,'',1,10000,,'',1,10000,,'',1,10000,,'',1,10000,,'',2,10000,,'',1,10000,,'',1,10000,,'',1,10000,,'',1,10000,,'',1
'H01U023A-Dimanche-31-23ETE-0000001-',7801,75700,,'',2,14700,,'',1,10000,,'',1,10000,,'',1,10000,,'',1,10000,,'',1,10000,,'',1,10000,,'',1,10000,,'',1,10000,,'',1,10000,,'',2,10000,,'',1,10000,,'',1,10000,,'',1,10000,,'',1,10000,,'',1
'H01U023I-Dimanche-1-23ETE-0000001-',7801,90300,,'',1,10100,,'',2,10000,,'',1,10000,,'',2,10000,,'',2,10000,,'',2,10000,,'',1,10000,,'',2,9700,,'',1,10300,,'',2,10000,,'',2,10000,,'',2,10000,,'',1,10000,,'',2,10000,,'',2
'H01U923S-Semaine-1-23ETE-1111100-',7801,52900,,'',1,2300,,'',2,7000,,'',1,2100,,'',1,6000,,'',1,2000,,'',1,2000,,'',2,5900,,'',2,2000,,'',1,8000,,'',2,10000,,'',1,10000,,'',2,10000,,'',1,10000,,'',1,10000,,'',2,10000,,'',1,9900,,'',1,4300,,'',2,6000,,'',1,1800,,'',1,2200,,'',1,5700,,'',2,2000,,'',1,3600,,'',1,10000,,'',2,10000,,'',1,10000,,'',1,9700,,'',1
'H01U923S-Semaine-5-23ETE-1111100-',7801,52900,,'',1,2300,,'',2,7000,,'',1,2100,,'',1,6000,,'',1,2000,,'',1,2000,,'',2,5900,,'',2,2000,,'',1,8000,,'',2,10000,,'',1,10000,,'',2,10000,,'',1,10000,,'',1,10000,,'',2,10000,,'',1,9900,,'',1,4300,,'',2,6000,,'',1,1800,,'',1,2200,,'',1,5700,,'',2,2000,,'',1,3600,,'',1,10000,,'',2,10000,,'',1,10000,,'',1,9700,,'',1
