'H01M923S-Semaine-1-23AUT-1111100-',7401,61200,0,'Lorrain',1,3000,0,'Lorrain',1,7600,0,'Lorrain',1,2900,0,'Lorrain',2,6800,0,'Lorrain',2,2800,0,'Lorrain',1
'H01U923S-Semaine-1-23ETE-1111100-',7401,55000,,'',1,8200,,'',2,8500,,'',1,1500,,'',1,1300,,'',2,8500,,'',2
'H01U923S-Semaine-5-23ETE-1111100-',7401,55100,,'',1,8100,,'',2,8500,,'',1,1500,,'',1,1400,,'',2,8500,,'',2
'H01M023A-Dimanche-0-23AUT-0000001-',7800,83200,0,'Lorrain',1,10000,0,'Lorrain',1,10000,0,'Lorrain',1,10000,0,'Lorrain',1,9900,0,'Lorrain',1,10100,0,'Lorrain',1,9900,0,'Lorrain',1,10000,0,'Lorrain',1,10000,0,'Lorrain',1,10000,0,'Lorrain',1,10000,0,'Lorrain',1,10000,0,'Lorrain',2,10000,0,'Lorrain',1,10000,0,'Lorrain',1,10000,0,'Lorrain',1,10000,0,'Lorrain',1
'H01M023A-Dimanche-20-23AUT-0000001-',7800,83200,0,'Lorrain',1,10000,0,'Lorrain',1,10000,0,'Lorrain',1,10000,0,'Lorrain',1,9900,0,'Lorrain',1,10100,0,'Lorrain',1,9900,0,'Lorrain',1,10000,0,'Lorrain',1,10000,0,'Lorrain',1,10000,0,'Lorrain',1,10000,0,'Lorrain',1,10000,0,'Lorrain',2,10000,0,'Lorrain',1,10000,0,'Lorrain',1,10000,0,'Lorrain',1,10000,0,'Lorrain',1
'H01M023A-Dimanche-21-23AUT-0000001-',7800,83200,0,'Lorrain',1,10000,0,'Lorrain',1,10000,0,'Lorrain',1,10000,0,'Lorrain',1,9900,0,'Lorrain',1,10100,0,'Lorrain',1,9900,0,'Lorrain',1,10000,0,'Lorrain',1,10000,0,'Lorrain',1,10000,0,'Lorrain',1,10000,0,'Lorrain',1,10000,0,'Lorrain',2,10000,0,'Lorrain',1,10000,0,'Lorrain',1,10000,0,'Lorrain',1,10000,0,'Lorrain',1
'H01M023I-Dimanche-0-23AUT-0000001-',7800,83200,0,'Lorrain',1,9800,0,'Lorrain',1,10100,0,'Lorrain',2,10100,0,'Lorrain',2,10000,0,'Lorrain',2,10100,0,'Lorrain',2,9800,0,'Lorrain',2,10000,0,'Lorrain',2,10000,0,'Lorrain',2,10000,0,'Lorrain',2,10100,0,'Lorrain',2,10000,0,'Lorrain',1,9900,0,'Lorrain',1,10000,0,'Lorrain',1,10000,0,'Lorrain',1,9900,0,'Lorrain',1
'H01M023I-Dimanche-20-23AUT-0000001-',7800,83200,0,'Lorrain',1,9800,0,'Lorrain',1,10100,0,'Lorrain',2,10100,0,'Lorrain',2,10000,0,'Lorrain',2,10100,0,'Lorrain',2,9800,0,'Lorrain',2,10000,0,'Lorrain',2,10000,0,'Lorrain',2,10000,0,'Lorrain',2,10100,0,'Lorrain',2,10000,0,'Lorrain',1,9900,0,'Lorrain',1,10000,0,'Lorrain',1,10000,0,'Lorrain',1,9900,0,'Lorrain',1
'H01M923S-Semaine-1-23AUT-1111100-',7800,50500,0,'Lorrain',1,1800,0,'Lorrain',1,3100,0,'Lorrain',1,7000,0,'Lorrain',1,2700,0,'Lorrain',1,7600,0,'Lorrain',1,2800,0,'Lorrain',1,7000,0,'Lorrain',1,2600,0,'Lorrain',1,8100,0,'Lorrain',1,7000,0,'Lorrain',1,3000,0,'Lorrain',1,7000,0,'Lorrain',1,3000,0,'Lorrain',1,7000,0,'Lorrain',1,3000,0,'Lorrain',1,7100,0,'Lorrain',1,2900,0,'Lorrain',1,7100,0,'Lorrain',1,2900,0,'Lorrain',1,7900,0,'Lorrain',2,3000,0,'Lorrain',2,7000,0,'Lorrain',1,3100,0,'Lorrain',1,6900,0,'Lorrain',1,3000,0,'Lorrain',1,7000,0,'Lorrain',1,3000,0,'Lorrain',1,7000,0,'Lorrain',2,3500,0,'Lorrain',1,8400,0,'Lorrain',1,10000,0,'Lorrain',1,10000,0,'Lorrain',1,10300,0,'Lorrain',1
'H01U023A-Dimanche-1-23ETE-0000001-',9701,73400,,'',1,11900,,'',1,10000,,'',1,15500,,'',2,10000,,'',1,9700,,'',1,10300,,'',2,10000,,'',1,10000,,'',1,10000,,'',2,10000,,'',2,10000,,'',1,10000,,'',1,10000,,'',2,10000,,'',2,10000,,'',1
'H01U023A-Dimanche-31-23ETE-0000001-',9701,73400,,'',1,11900,,'',1,10000,,'',1,15500,,'',2,10000,,'',1,9700,,'',1,10300,,'',2,10000,,'',1,10000,,'',1,10000,,'',2,10000,,'',2,10000,,'',1,10000,,'',1,10000,,'',2,10000,,'',2,10000,,'',1
'H01U023I-Dimanche-1-23ETE-0000001-',9701,95300,,'',1,15500,,'',2,10000,,'',2,10000,,'',2,10000,,'',1,10000,,'',2,10000,,'',2,10000,,'',2,10000,,'',1,10000,,'',2,10000,,'',1,10000,,'',2,10000,,'',2,10000,,'',1
'H01U923S-Semaine-1-23ETE-1111100-',9701,70300,,'',1,9900,,'',1,10200,,'',1,10100,,'',2,10000,,'',2,10000,,'',1,10000,,'',2,10000,,'',2,9900,,'',2,10300,,'',2,9800,,'',2,10000,,'',2,10100,,'',2,5300,,'',1,14300,,'',1,5700,,'',2,10000,,'',2
'H01U923S-Semaine-5-23ETE-1111100-',9701,70400,,'',1,9900,,'',1,10200,,'',1,10100,,'',2,10000,,'',2,10000,,'',1,10000,,'',2,10000,,'',2,9900,,'',2,10300,,'',2,9800,,'',2,10000,,'',2,10000,,'',2,5300,,'',1,14400,,'',1,9700,,'',2,10000,,'',2
