2701,'Semaine-1-_26ÉTÉ-1111100-',630,,37415,32,,,1,87,,37416,32,,,1,86,,37413,32,,,1,29,,37414,32,,,1
2701,'Semaine-10-_26ÉTÉ-1111100-',630,,37419,32,,,1,87,,37420,32,,,1,86,,37417,32,,,1,29,,37418,32,,,1
3101,'Samedi-0-_26ÉTÉ-0000010-',704,,37600,25,,,1,54,,37606,25,,,1,99,,37603,25,,,1,97,,37607,25,,,1,97,,37601,25,,,1,100,,37605,25,,,1,100,,37602,25,,,1,100,,37604,25,,,1,103,,37608,25,,,1,97,,37609,25,,,1,100,,37610,25,,,1,100,,37611,25,,,1,101,,37612,25,,,1,101,,37617,25,,,1,100,,37613,25,,,1,100,,37614,25,,,1,102,,37615,25,,,1,100,,37616,25,,,1
3101,'Dimanche-0-_26ÉTÉ-0000001-',704,,37620,25,,,1,54,,37618,25,,,1,99,,37621,25,,,1,97,,37623,25,,,1,97,,37624,25,,,1,100,,37625,25,,,1,100,,37619,25,,,1,100,,37628,25,,,1,103,,37622,25,,,1,97,,37627,25,,,1,100,,37631,25,,,1,100,,37635,25,,,1,101,,37632,25,,,1,101,,37626,25,,,1,100,,37629,25,,,1,100,,37634,25,,,1,102,,37630,25,,,1,100,,37633,25,,,1
3101,'Dimanche-10-_26ÉTÉ-0000001-',704,,37638,25,,,1,54,,37636,25,,,1,99,,37639,25,,,1,97,,37641,25,,,1,97,,37642,25,,,1,100,,37643,25,,,1,100,,37637,25,,,1,100,,37646,25,,,1,103,,37640,25,,,1,97,,37645,25,,,1,100,,37649,25,,,1,100,,37653,25,,,1,101,,37650,25,,,1,101,,37644,25,,,1,100,,37647,25,,,1,100,,37652,25,,,1,102,,37648,25,,,1,100,,37651,25,,,1
3101,'Semaine-1-_26ÉTÉ-1111100-',544,,37657,25,,,1,75,,37691,25,,,1,30,,37671,25,,,1,67,,37658,25,,,1,31,,37694,25,,,1,61,,37654,25,,,1,16,,37668,25,,,1,17,,37669,25,,,1,13,,37688,25,,,1,59,,37659,25,,,1,21,,37661,25,,,1,20,,37686,25,,,1,60,,37678,25,,,1,20,,37687,25,,,1,20,,37660,25,,,1,60,,37662,25,,,1,21,,37682,25,,,1,20,,37692,25,,,1,60,,37681,25,,,1,20,,37663,25,,,1,20,,37655,25,,,1,57,,37685,25,,,1,22,,37695,25,,,1,19,,37680,25,,,1,60,,37664,25,,,1,19,,37683,25,,,1,23,,37684,25,,,1,61,,37693,25,,,1,20,,37679,25,,,1,14,,37665,25,,,1,60,,37676,25,,,1,19,,37677,25,,,1,22,,37666,25,,,1,58,,37672,25,,,1,21,,37656,25,,,1,20,,37689,25,,,1,59,,37696,25,,,1,26,,37667,25,,,1,97,,37690,25,,,1,101,,37673,25,,,1,100,,37670,25,,,1,99,,37674,25,,,1,102,,37675,25,,,1
3101,'Semaine-10-_26ÉTÉ-1111100-',544,,37700,25,,,1,75,,37734,25,,,1,30,,37714,25,,,1,67,,37701,25,,,1,31,,37737,25,,,1,61,,37697,25,,,1,16,,37711,25,,,1,17,,37712,25,,,1,13,,37731,25,,,1,59,,37702,25,,,1,21,,37704,25,,,1,20,,37729,25,,,1,60,,37721,25,,,1,20,,37730,25,,,1,20,,37703,25,,,1,60,,37705,25,,,1,21,,37725,25,,,1,20,,37735,25,,,1,60,,37724,25,,,1,20,,37706,25,,,1,20,,37698,25,,,1,57,,37728,25,,,1,22,,37738,25,,,1,19,,37723,25,,,1,60,,37707,25,,,1,19,,37726,25,,,1,23,,37727,25,,,1,61,,37736,25,,,1,20,,37722,25,,,1,14,,37708,25,,,1,60,,37719,25,,,1,19,,37720,25,,,1,22,,37709,25,,,1,58,,37715,25,,,1,21,,37699,25,,,1,20,,37732,25,,,1,59,,37739,25,,,1,26,,37710,25,,,1,97,,37733,25,,,1,101,,37716,25,,,1,100,,37713,25,,,1,99,,37717,25,,,1,102,,37718,25,,,1
3301,'Samedi-0-_26ÉTÉ-0000010-',727,,38084,34,,,1,100,,38085,34,,,1,100,,38082,34,,,2,100,,38088,34,,,1,100,,38089,34,,,1,101,,38083,34,,,1,100,,38086,34,,,1,100,,38087,34,,,1,102,,38090,34,,,1,98,,38091,34,,,1,100,,38092,34,,,1,96,,38099,34,,,1,100,,38093,34,,,1,100,,38094,34,,,1,100,,38095,34,,,1,100,,38096,34,,,1,100,,38097,34,,,1,100,,38098,34,,,1
3301,'Dimanche-0-_26ÉTÉ-0000001-',727,,38104,34,,,1,100,,38105,34,,,1,100,,38106,34,,,2,100,,38100,34,,,1,100,,38101,34,,,1,101,,38102,34,,,1,100,,38103,34,,,1,100,,38108,34,,,1,102,,38109,34,,,1,98,,38107,34,,,1,100,,38110,34,,,1,96,,38113,34,,,1,100,,38117,34,,,1,100,,38111,34,,,1,100,,38112,34,,,1,100,,38115,34,,,1,100,,38114,34,,,1,100,,38116,34,,,1
3301,'Dimanche-10-_26ÉTÉ-0000001-',727,,38122,34,,,1,100,,38123,34,,,1,100,,38124,34,,,2,100,,38118,34,,,1,100,,38119,34,,,1,101,,38120,34,,,1,100,,38121,34,,,1,100,,38126,34,,,1,102,,38127,34,,,1,98,,38125,34,,,1,100,,38128,34,,,1,96,,38131,34,,,1,100,,38135,34,,,1,100,,38129,34,,,1,100,,38130,34,,,1,100,,38133,34,,,1,100,,38132,34,,,1,100,,38134,34,,,1
3301,'Semaine-1-_26ÉTÉ-1111100-',614,,38159,34,,,2,22,,38167,34,,,2,64,,38144,34,,,1,17,,38164,34,,,1,17,,38160,34,,,2,4,,38155,34,,,1,9,,38175,34,,,1,11,,38173,34,,,2,62,,38162,34,,,2,12,,38150,34,,,1,10,,38166,34,,,2,16,,38140,34,,,1,70,,38152,34,,,1,28,,38158,34,,,1,71,,38148,34,,,2,28,,38169,34,,,1,71,,38153,34,,,1,29,,38145,34,,,1,72,,38147,34,,,1,20,,38165,34,,,1,6,,38174,34,,,1,68,,38156,34,,,1,28,,38146,34,,,1,71,,38151,34,,,1,34,,38154,35,,,1,51,,38176,35,,,1,19,,38157,35,,,1,18,,38149,35,,,2,13,,38161,35,,,2,73,,38142,35,,,1,28,,38172,35,,,1,63,,38139,35,,,2,28,,38136,35,,,2,67,,38170,34,,,1,42,,38143,34,,,1,70,,38138,34,,,1,97,,38141,34,,,1,81,,38163,34,,,1,106,,38168,34,,,1,97,,38137,34,,,1,124,,38171,34,,,1
3301,'Semaine-10-_26ÉTÉ-1111100-',614,,38200,34,,,2,22,,38208,34,,,2,64,,38185,34,,,1,17,,38205,34,,,1,17,,38201,34,,,2,4,,38196,34,,,1,9,,38216,34,,,1,11,,38214,34,,,2,62,,38203,34,,,2,12,,38191,34,,,1,10,,38207,34,,,2,16,,38181,34,,,1,70,,38193,34,,,1,28,,38199,34,,,1,71,,38189,34,,,2,28,,38210,34,,,1,71,,38194,34,,,1,29,,38186,34,,,1,72,,38188,34,,,1,20,,38206,34,,,1,6,,38215,34,,,1,68,,38197,34,,,1,28,,38187,34,,,1,71,,38192,34,,,1,34,,38195,35,,,1,51,,38217,35,,,1,19,,38198,35,,,1,18,,38190,35,,,2,13,,38202,35,,,2,73,,38183,35,,,1,28,,38213,35,,,1,63,,38180,35,,,2,28,,38177,35,,,2,67,,38211,34,,,1,42,,38184,34,,,1,70,,38179,34,,,1,97,,38182,34,,,1,81,,38204,34,,,1,106,,38209,34,,,1,97,,38178,34,,,1,124,,38212,34,,,1
