3100,'Samedi-0-_26ÉTÉ-0000010-',747,,37452,40,,,1,70,,37453,40,,,1,104,,37454,40,,,1,101,,37451,40,,,1,102,,37457,40,,,1,102,,37458,40,,,1,101,,37455,40,,,1,100,,37456,40,,,1,100,,37459,40,,,1,102,,37460,40,,,1,98,,37461,40,,,1,100,,37462,40,,,1,91,,37468,40,,,1,100,,37463,40,,,1,100,,37464,40,,,1,100,,37465,40,,,1,100,,37466,40,,,1,100,,37467,40,,,1,95,,37469,40,,,1
3100,'Dimanche-0-_26ÉTÉ-0000001-',747,,37474,40,,,1,70,,37475,40,,,1,104,,37476,40,,,1,101,,37477,40,,,1,102,,37470,40,,,1,102,,37471,40,,,1,101,,37472,40,,,1,100,,37473,40,,,1,100,,37479,40,,,1,102,,37480,40,,,1,98,,37478,40,,,1,100,,37481,40,,,1,91,,37484,40,,,1,100,,37488,40,,,1,100,,37482,40,,,1,100,,37483,40,,,1,100,,37486,40,,,1,100,,37485,40,,,1,95,,37487,40,,,1
3100,'Dimanche-10-_26ÉTÉ-0000001-',747,,37493,40,,,1,70,,37494,40,,,1,104,,37495,40,,,1,101,,37496,40,,,1,102,,37489,40,,,1,102,,37490,40,,,1,101,,37491,40,,,1,100,,37492,40,,,1,100,,37498,40,,,1,102,,37499,40,,,1,98,,37497,40,,,1,100,,37500,40,,,1,91,,37503,40,,,1,100,,37507,40,,,1,100,,37501,40,,,1,100,,37502,40,,,1,100,,37505,40,,,1,100,,37504,40,,,1,95,,37506,40,,,1
3100,'Dimanche-11-_26ÉTÉ-0000001-',747,,48852,40,,,1,70,,48853,40,,,1,104,,48854,40,,,1,101,,48855,40,,,1,102,,48848,40,,,1,102,,48849,40,,,1,101,,48850,40,,,1,100,,48851,40,,,1,100,,48857,40,,,1,102,,48858,40,,,1,98,,48856,40,,,1,100,,48859,40,,,1,91,,48862,40,,,1,100,,48866,40,,,1,100,,48860,40,,,1,100,,48861,40,,,1,100,,48864,40,,,1,100,,48863,40,,,1,95,,48865,40,,,1
3100,'Semaine-1-_26ÉTÉ-1111100-',635,,37512,38,,,1,75,,37547,38,,,1,32,,37525,38,,,1,71,,37513,38,,,1,20,,37553,38,,,1,13,,37550,38,,,1,61,,37509,38,,,1,16,,37522,38,,,1,17,,37523,38,,,1,12,,37539,38,,,1,59,,37514,38,,,1,21,,37516,38,,,1,20,,37533,38,,,1,60,,37534,38,,,1,20,,37540,38,,,1,20,,37515,38,,,1,60,,37520,38,,,1,21,,37541,38,,,1,20,,37548,38,,,1,60,,37536,38,,,1,20,,37517,38,,,1,20,,37510,38,,,1,57,,37546,38,,,1,22,,37551,38,,,1,19,,37535,38,,,1,60,,37518,38,,,1,19,,37538,38,,,1,29,,37542,38,,,1,61,,37549,38,,,1,16,,37537,38,,,1,14,,37519,38,,,1,61,,37530,38,,,1,20,,37532,38,,,1,22,,37521,38,,,1,4,,37508,31,,,1,54,,37526,38,,,1,21,,37511,38,,,1,13,,37544,38,,,1,57,,37552,38,,,1,26,,37527,40,,,1,97,,37545,40,,,1,100,,37528,40,,,1,100,,37524,40,,,1,99,,37529,40,,,1,102,,37531,40,,,1,103,,37543,40,,,1
3100,'Semaine-10-_26ÉTÉ-1111100-',635,,37558,38,,,1,75,,37593,38,,,1,32,,37571,38,,,1,71,,37559,38,,,1,20,,37599,38,,,1,13,,37596,38,,,1,61,,37555,38,,,1,16,,37568,38,,,1,17,,37569,38,,,1,12,,37585,38,,,1,59,,37560,38,,,1,21,,37562,38,,,1,20,,37579,38,,,1,60,,37580,38,,,1,20,,37586,38,,,1,20,,37561,38,,,1,60,,37566,38,,,1,21,,37587,38,,,1,20,,37594,38,,,1,60,,37582,38,,,1,20,,37563,38,,,1,20,,37556,38,,,1,57,,37592,38,,,1,22,,37597,38,,,1,19,,37581,38,,,1,60,,37564,38,,,1,19,,37584,38,,,1,29,,37588,38,,,1,61,,37595,38,,,1,16,,37583,38,,,1,14,,37565,38,,,1,61,,37576,38,,,1,20,,37578,38,,,1,22,,37567,38,,,1,4,,37554,31,,,1,54,,37572,38,,,1,21,,37557,38,,,1,13,,37590,38,,,1,57,,37598,38,,,1,26,,37573,40,,,1,97,,37591,40,,,1,100,,37574,40,,,1,100,,37570,40,,,1,99,,37575,40,,,1,102,,37577,40,,,1,103,,37589,40,,,1
3100,'Semaine-11-_26ÉTÉ-1111100-',635,,45453,38,,,1,75,,45488,38,,,1,32,,45466,38,,,1,71,,45454,38,,,1,20,,45494,38,,,1,13,,45491,38,,,1,61,,45450,38,,,1,16,,45463,38,,,1,17,,45464,38,,,1,12,,45480,38,,,1,59,,45455,38,,,1,21,,45457,38,,,1,20,,45474,38,,,1,60,,45475,38,,,1,20,,45481,38,,,1,20,,45456,38,,,1,60,,45461,38,,,1,21,,45482,38,,,1,20,,45489,38,,,1,60,,45477,38,,,1,20,,45458,38,,,1,20,,45451,38,,,1,57,,45487,38,,,1,22,,45492,38,,,1,19,,45476,38,,,1,60,,45459,38,,,1,19,,45479,38,,,1,29,,45483,38,,,1,61,,45490,38,,,1,16,,45478,38,,,1,14,,45460,38,,,1,61,,45471,38,,,1,20,,45473,38,,,1,22,,45462,38,,,1,4,,45449,31,,,1,54,,45467,38,,,1,21,,45452,38,,,1,13,,45485,38,,,1,57,,45493,38,,,1,26,,45468,40,,,1,97,,45486,40,,,1,100,,45469,40,,,1,100,,45465,40,,,1,99,,45470,40,,,1,102,,45472,40,,,1,103,,45484,40,,,1
3100,'Semaine-12-_26ÉTÉ-1111100-',635,,52442,38,,,1,75,,52477,38,,,1,32,,52455,38,,,1,71,,52443,38,,,1,20,,52483,38,,,1,13,,52480,38,,,1,61,,52439,38,,,1,16,,52452,38,,,1,17,,52453,38,,,1,12,,52469,38,,,1,59,,52444,38,,,1,21,,52446,38,,,1,20,,52463,38,,,1,60,,52464,38,,,1,20,,52470,38,,,1,20,,52445,38,,,1,60,,52450,38,,,1,21,,52471,38,,,1,20,,52478,38,,,1,60,,52466,38,,,1,20,,52447,38,,,1,20,,52440,38,,,1,57,,52476,38,,,1,22,,52481,38,,,1,19,,52465,38,,,1,60,,52448,38,,,1,19,,52468,38,,,1,29,,52472,38,,,1,61,,52479,38,,,1,16,,52467,38,,,1,14,,52449,38,,,1,61,,52460,38,,,1,20,,52462,38,,,1,22,,52451,38,,,1,4,,52438,31,,,1,54,,52456,38,,,1,21,,52441,38,,,1,13,,52474,38,,,1,57,,52482,38,,,1,26,,52457,40,,,1,97,,52475,40,,,1,100,,52458,40,,,1,100,,52454,40,,,1,99,,52459,40,,,1,102,,52461,40,,,1,103,,52473,40,,,1
3100,'Semaine-5-_26ÉTÉ-1111100-',635,,50005,38,,,1,75,,50040,38,,,1,32,,50018,38,,,1,71,,50006,38,,,1,20,,50046,38,,,1,13,,50043,38,,,1,61,,50002,38,,,1,16,,50015,38,,,1,17,,50016,38,,,1,12,,50032,38,,,1,59,,50007,38,,,1,21,,50009,38,,,1,20,,50026,38,,,1,60,,50027,38,,,1,20,,50033,38,,,1,20,,50008,38,,,1,60,,50013,38,,,1,21,,50034,38,,,1,20,,50041,38,,,1,60,,50029,38,,,1,20,,50010,38,,,1,20,,50003,38,,,1,57,,50039,38,,,1,22,,50044,38,,,1,19,,50028,38,,,1,60,,50011,38,,,1,19,,50031,38,,,1,29,,50035,38,,,1,61,,50042,38,,,1,16,,50030,38,,,1,14,,50012,38,,,1,61,,50023,38,,,1,20,,50025,38,,,1,22,,50014,38,,,1,4,,50001,31,,,1,54,,50019,38,,,1,21,,50004,38,,,1,13,,50037,38,,,1,57,,50045,38,,,1,26,,50020,40,,,1,97,,50038,40,,,1,100,,50021,40,,,1,100,,50017,40,,,1,99,,50022,40,,,1,102,,50024,40,,,1,103,,50036,40,,,1
43101,'Semaine-5-_26ÉTÉ-1111100-',741,,52274,17,,,1
