4101,'Semaine-4',637,,33908,18,,,1,72,,33909,18,,,2,31,,33910,18,,,2,69,,33907,18,,,1,30,,33906,18,,,1
4900,'Samedi-3',716,,33938,15,,,1,100,,33939,15,,,1,103,,33936,15,,,1,100,,33940,15,,,1,100,,33937,15,,,1,100,,33941,15,,,1,99,,33942,15,,,1,104,,33943,15,,,1,97,,33944,15,,,1,100,,33945,15,,,1,100,,33946,15,,,1,97,,33947,15,,,1,100,,33948,15,,,1,100,,33949,15,,,1,100,,33950,15,,,1,100,,33951,15,,,1,101,,33952,15,,,1
4900,'Dimanche-3',716,,33953,15,,,1,100,,33956,15,,,1,103,,33954,15,,,1,100,,33957,15,,,1,100,,33959,15,,,1,100,,33963,15,,,1,99,,33961,15,,,1,104,,33960,15,,,1,97,,33955,15,,,1,100,,33965,15,,,1,100,,33962,15,,,1,97,,33964,15,,,1,100,,33969,15,,,1,100,,33958,15,,,1,100,,33967,15,,,1,100,,33968,15,,,1,101,,33966,15,,,1
4900,'Semaine-4',635,,33997,15,,,1,9,,33992,2,,,1,5,,34004,2,,,1,3,,33980,2,,,1,3,,34008,15,,,1,2,,34003,2,,,1,43,,34005,2,,,1,1,,34007,2,,,1,5,,34006,2,,,1,15,,34000,15,,,1,32,,34001,15,,,1,47,,33996,2,,,1,30,,33995,15,,,1,72,,33990,15,,,1,32,,33982,15,,,1,71,,34002,15,,,1,32,,33998,15,,,1,70,,33993,15,,,1,30,,33970,15,,,1,70,,33991,15,,,1,30,,33972,15,,,1,70,,33977,15,,,1,30,,33979,15,,,1,70,,33983,15,,,1,31,,33999,15,,,1,71,,33981,15,,,1,30,,33984,15,,,1,70,,33975,15,,,1,30,,33987,15,,,1,70,,33978,15,,,1,30,,33976,15,,,1,70,,33994,15,,,1,28,,33988,15,,,1,100,,33971,15,,,1,100,,33989,15,,,1,100,,33986,15,,,1,99,,33973,15,,,1,98,,33985,15,,,1,100,,33974,15,,,1
5501,'Samedi-3',701,,34319,25,,,1,30,,34322,25,,,1,70,,34321,25,,,1,30,,34331,25,,,1,70,,34320,25,,,1,30,,34323,25,,,1,70,,34324,25,,,1,30,,34330,25,,,1,72,,34326,25,,,1,30,,34327,25,,,1,71,,34325,25,,,1,28,,34333,25,,,1,70,,34332,25,,,1,30,,34328,25,,,1,70,,34329,25,,,1,30,,34334,25,,,1,70,,34335,25,,,1,30,,34336,25,,,1,70,,34337,25,,,1,30,,34338,25,,,1,70,,34339,25,,,1,30,,34340,25,,,1,70,,34341,25,,,1,29,,34342,25,,,1,70,,34343,25,,,1,30,,34344,25,,,1,70,,34345,25,,,1,29,,34346,25,,,1,70,,34347,25,,,1,30,,34349,25,,,1,29,,34348,25,,,1,72,,34351,25,,,1,28,,34350,25,,,1
5501,'Dimanche-3',701,,34353,25,,,1,30,,34358,25,,,1,70,,34354,25,,,1,30,,34362,25,,,1,70,,34365,25,,,1,30,,34357,25,,,1,70,,34369,25,,,1,30,,34363,25,,,1,72,,34364,25,,,1,30,,34355,25,,,1,71,,34352,25,,,1,28,,34359,25,,,1,70,,34366,25,,,1,30,,34356,25,,,1,70,,34367,25,,,1,30,,34361,25,,,1,70,,34360,25,,,1,30,,34370,25,,,1,70,,34374,25,,,1,30,,34368,25,,,1,70,,34371,25,,,1,30,,34381,25,,,1,70,,34378,25,,,1,29,,34383,25,,,1,70,,34384,25,,,1,30,,34372,25,,,1,70,,34375,25,,,1,29,,34373,25,,,1,70,,34376,25,,,1,30,,34377,25,,,1,29,,34380,25,,,1,71,,34382,25,,,1,29,,34379,25,,,1
5501,'Semaine-4',519,,34398,25,,,1,14,,34405,25,,,1,15,,34404,25,,,1,56,,34388,25,,,1,15,,34426,25,,,1,21,,34425,25,,,1,9,,34385,25,,,1,52,,34430,25,,,1,15,,34411,25,,,1,13,,34419,25,,,1,15,,34389,25,,,1,10,,34393,25,,,1,52,,34391,25,,,1,9,,34420,25,,,1,6,,34422,25,,,1,13,,34399,25,,,1,71,,34403,25,,,1,10,,34390,25,,,1,11,,34424,25,,,1,29,,34417,25,,,1,71,,34421,25,,,1,29,,34387,25,,,1,70,,34394,25,,,1,31,,34407,25,,,1,69,,34418,25,,,1,29,,34414,25,,,1,70,,34395,25,,,1,30,,34427,25,,,1,70,,34386,25,,,1,31,,34392,25,,,1,89,,34396,25,,,1,99,,34401,25,,,1,100,,34406,25,,,1,102,,34423,25,,,1,60,,34412,25,,,1,30,,34400,25,,,1,71,,34416,25,,,1,30,,34409,25,,,1,70,,34428,25,,,1,30,,34402,25,,,1,70,,34408,25,,,1,31,,34410,25,,,1,70,,34397,25,,,1,30,,34415,25,,,1,70,,34413,25,,,1
5801,'Semaine-4',556,,34457,13,,,1,72,,34461,13,,,1,30,,34459,13,,,1,70,,34458,13,,,2,30,,34455,13,,,1,70,,34460,13,,,1,800,,34456,13,,,1
5901,'Samedi-3',713,,34577,14,,,1,30,,34584,14,,,1,71,,34581,14,,,1,30,,34586,14,,,1,70,,34578,14,,,1,30,,34583,14,,,1,70,,34582,14,,,1,30,,34585,14,,,1,70,,34589,14,,,1,30,,34590,14,,,1,70,,34579,14,,,1,30,,34580,14,,,1,70,,34588,14,,,1,30,,34587,14,,,1,70,,34591,14,,,1,30,,34592,14,,,1,70,,34593,14,,,1,30,,34594,14,,,1,70,,34595,14,,,1,30,,34596,14,,,1,70,,34597,14,,,1,30,,34598,14,,,1,70,,34599,14,,,1,29,,34600,14,,,1,70,,34601,14,,,1,30,,34603,14,,,1,70,,34602,14,,,1,30,,34604,14,,,1,70,,34605,14,,,1,30,,34606,14,,,1,70,,34608,14,,,1,29,,34607,14,,,1
5901,'Dimanche-3',713,,34615,14,,,1,30,,34618,14,,,1,71,,34620,14,,,1,30,,34611,14,,,1,70,,34614,14,,,1,30,,34617,14,,,1,70,,34621,14,,,1,30,,34609,14,,,1,70,,34612,14,,,1,30,,34626,14,,,1,70,,34619,14,,,1,30,,34610,14,,,1,70,,34613,14,,,1,30,,34616,14,,,1,70,,34623,14,,,1,30,,34622,14,,,1,70,,34625,14,,,1,30,,34627,14,,,1,70,,34624,14,,,1,30,,34633,14,,,1,70,,34634,14,,,1,30,,34630,14,,,1,70,,34629,14,,,1,29,,34639,14,,,1,70,,34636,14,,,1,30,,34637,14,,,1,70,,34628,14,,,1,30,,34631,14,,,1,70,,34635,14,,,1,30,,34632,14,,,1,70,,34638,14,,,1,29,,34640,14,,,1
5901,'Semaine-4',512,,34645,14,,,1,13,,34681,14,,,1,16,,34654,14,,,1,15,,34675,14,,,1,55,,34655,14,,,1,15,,34644,14,,,1,6,,34646,14,,,1,21,,34649,14,,,1,66,,34652,14,,,1,18,,34653,14,,,1,14,,34648,14,,,1,50,,34677,14,,,1,7,,34663,14,,,1,10,,34668,14,,,1,13,,34642,14,,,1,12,,34658,14,,,1,13,,34643,14,,,1,52,,34661,14,,,1,32,,34687,14,,,1,70,,34682,14,,,1,30,,34669,14,,,1,70,,34651,14,,,1,30,,34662,14,,,1,70,,34665,14,,,1,30,,34650,14,,,1,71,,34679,14,,,1,29,,34641,14,,,1,70,,34683,14,,,1,30,,34673,14,,,1,74,,34676,14,,,1,100,,34680,14,,,1,101,,34660,14,,,1,99,,34667,14,,,1,37,,34672,14,,,1,70,,34659,14,,,1,30,,34666,14,,,1,70,,34671,14,,,1,30,,34678,14,,,1,70,,34656,14,,,1,30,,34674,14,,,1,71,,34664,14,,,1,30,,34647,14,,,1,70,,34657,14,,,1,30,,34670,14,,,1
65501,'Semaine-4',1510,,37125,13,0,9 10,1
80000,'Samedi-3',719,,37142,18,,,2,100,,37143,18,,,1,100,,37144,18,,,2,101,,37146,18,,,1,100,,37147,18,,,2,100,,37145,18,,,2,100,,37148,18,,,1,100,,37149,18,,,2,100,,37150,18,,,1,100,,37151,18,,,1,100,,37152,18,,,2,100,,37153,18,,,1,100,,37156,18,,,1,99,,37154,18,,,1,100,,37155,18,,,2,99,,37157,18,,,1,100,,37158,18,,,1
80000,'Dimanche-3',719,,37163,18,,,2,100,,37159,18,,,1,100,,37164,18,,,2,101,,37160,18,,,1,100,,37161,18,,,2,100,,37165,18,,,2,100,,37162,18,,,1,100,,37167,18,,,2,100,,37166,18,,,1,100,,37168,18,,,1,100,,37171,18,,,2,100,,37169,18,,,1,100,,37170,18,,,1,99,,37172,18,,,1,100,,37173,18,,,2,99,,37175,18,,,1,100,,37174,18,,,1
80000,'Semaine-4',556,,37207,18,,,1,70,,37189,18,,,1,30,,37179,18,,,1,54,,37182,18,,,1,16,,37202,18,,,1,33,,37190,18,,,1,59,,37178,18,,,1,26,,37204,18,,,1,70,,37181,18,,,2,30,,37199,18,,,1,70,,37193,18,,,1,31,,37211,18,,,1,70,,37180,18,,,1,30,,37197,18,,,2,70,,37195,18,,,1,30,,37210,18,,,1,70,,37192,18,,,1,30,,37205,18,,,1,70,,37194,18,,,1,30,,37201,18,,,1,72,,37200,18,,,2,31,,37196,18,,,1,70,,37208,18,,,2,31,,37183,18,,,1,67,,37191,18,,,1,29,,37185,18,,,1,71,,37206,18,,,1,29,,37184,18,,,1,70,,37188,18,,,1,30,,37176,18,,,1,70,,37209,18,,,1,29,,37186,18,,,1,69,,37187,18,,,1,30,,37203,18,,,1,70,,37177,18,,,1,29,,37198,18,,,1
