4001,'Semaine-1-_26ÉTÉ-1111100-',619,,25270,33,,,2,32,,25269,33,,,2,71,,25272,33,,,2,32,,25268,33,,,1,69,,25267,33,,,2,26,,25271,33,,,2
4001,'Semaine-10-_26ÉTÉ-1111100-',619,,28253,33,,,2,32,,28252,33,,,2,71,,28255,33,,,2,32,,28251,33,,,1,69,,28250,33,,,2,26,,28254,33,,,2
4101,'Semaine-1-_26ÉTÉ-1111100-',643,,25280,24,,,2,71,,25281,24,,,2,31,,25282,24,,,2,69,,25279,24,,,1,29,,25278,24,,,2
4101,'Semaine-10-_26ÉTÉ-1111100-',643,,28263,24,,,2,71,,28264,24,,,2,31,,28265,24,,,2,69,,28262,24,,,1,29,,28261,24,,,2
4701,'Semaine-1-_26ÉTÉ-1111100-',622,,25304,20,,,2,85,,25305,20,,,2,45,,25302,20,,,2,68,,25303,20,,,2
4701,'Semaine-10-_26ÉTÉ-1111100-',622,,28287,20,,,2,85,,28288,20,,,2,45,,28285,20,,,2,68,,28286,20,,,2
5501,'Samedi-0-_26ÉTÉ-0000010-',706,,28663,31,,,1,30,,28666,31,,,1,70,,28665,31,,,1,30,,28675,31,,,1,70,,28664,31,,,1,30,,28667,31,,,1,70,,28668,31,,,1,30,,28674,31,,,1,72,,28670,31,,,1,30,,28671,31,,,1,71,,28669,31,,,1,28,,28677,31,,,1,70,,28676,31,,,1,30,,28672,31,,,1,70,,28673,31,,,1,30,,28678,31,,,1,70,,28679,31,,,1,30,,28680,31,,,1,70,,28681,31,,,1,30,,28682,31,,,1,70,,28683,31,,,1,30,,28684,31,,,1,70,,28685,31,,,1,28,,28686,31,,,1,70,,28687,31,,,1,30,,28688,31,,,1,70,,28689,31,,,1,29,,28690,31,,,1,70,,28691,31,,,1,30,,28693,31,,,1,69,,28692,31,,,1,32,,28695,31,,,1,68,,28694,31,,,1
5501,'Dimanche-0-_26ÉTÉ-0000001-',706,,28697,31,,,1,30,,28702,31,,,1,70,,28698,31,,,1,30,,28706,31,,,1,70,,28709,31,,,1,30,,28701,31,,,1,70,,28713,31,,,1,30,,28707,31,,,1,72,,28708,31,,,1,30,,28699,31,,,1,71,,28696,31,,,1,28,,28703,31,,,1,70,,28710,31,,,1,30,,28700,31,,,1,70,,28711,31,,,1,30,,28705,31,,,1,70,,28704,31,,,1,30,,28714,31,,,1,70,,28718,31,,,1,30,,28712,31,,,1,70,,28715,31,,,1,30,,28725,31,,,1,70,,28722,31,,,1,28,,28727,31,,,1,70,,28728,31,,,1,30,,28716,31,,,1,70,,28719,31,,,1,29,,28717,31,,,1,70,,28720,31,,,1,30,,28721,31,,,1,69,,28724,31,,,1,32,,28726,31,,,1,68,,28723,31,,,1
5501,'Dimanche-10-_26ÉTÉ-0000001-',706,,31927,31,,,1,30,,31932,31,,,1,70,,31928,31,,,1,30,,31936,31,,,1,70,,31939,31,,,1,30,,31931,31,,,1,70,,31943,31,,,1,30,,31937,31,,,1,72,,31938,31,,,1,30,,31929,31,,,1,71,,31926,31,,,1,28,,31933,31,,,1,70,,31940,31,,,1,30,,31930,31,,,1,70,,31941,31,,,1,30,,31935,31,,,1,70,,31934,31,,,1,30,,31944,31,,,1,70,,31948,31,,,1,30,,31942,31,,,1,70,,31945,31,,,1,30,,31955,31,,,1,70,,31952,31,,,1,28,,31957,31,,,1,70,,31958,31,,,1,30,,31946,31,,,1,70,,31949,31,,,1,29,,31947,31,,,1,70,,31950,31,,,1,30,,31951,31,,,1,69,,31954,31,,,1,32,,31956,31,,,1,68,,31953,31,,,1
5501,'Semaine-1-_26ÉTÉ-1111100-',523,,25481,31,,,1,15,,25488,31,,,1,14,,25487,31,,,1,57,,25471,31,,,1,15,,25509,31,,,1,23,,25508,31,,,1,7,,25468,31,,,1,52,,25513,31,,,1,15,,25494,31,,,1,13,,25502,31,,,1,14,,25472,31,,,1,11,,25476,31,,,1,52,,25474,31,,,1,9,,25503,31,,,1,6,,25505,31,,,1,13,,25482,31,,,1,69,,25486,31,,,1,12,,25473,31,,,1,11,,25507,31,,,1,69,,25500,31,,,1,31,,25504,31,,,1,27,,25470,31,,,1,72,,25477,31,,,1,70,,25490,31,,,1,30,,25501,31,,,1,29,,25497,31,,,1,70,,25478,31,,,1,30,,25510,31,,,1,70,,25469,31,,,1,30,,25475,31,,,1,90,,25479,31,,,1,100,,25484,31,,,1,100,,25489,31,,,1,101,,25506,31,,,1,60,,25495,31,,,1,30,,25483,31,,,1,70,,25499,31,,,1,30,,25492,31,,,1,70,,25511,31,,,1,30,,25485,31,,,1,70,,25491,31,,,1,31,,25493,31,,,1,70,,25480,31,,,1,30,,25498,31,,,1,70,,25496,31,,,1
5501,'Semaine-10-_26ÉTÉ-1111100-',523,,28742,31,,,1,15,,28749,31,,,1,14,,28748,31,,,1,57,,28732,31,,,1,15,,28770,31,,,1,23,,28769,31,,,1,7,,28729,31,,,1,52,,28774,31,,,1,15,,28755,31,,,1,13,,28763,31,,,1,14,,28733,31,,,1,11,,28737,31,,,1,52,,28735,31,,,1,9,,28764,31,,,1,6,,28766,31,,,1,13,,28743,31,,,1,69,,28747,31,,,1,12,,28734,31,,,1,11,,28768,31,,,1,69,,28761,31,,,1,31,,28765,31,,,1,27,,28731,31,,,1,72,,28738,31,,,1,70,,28751,31,,,1,30,,28762,31,,,1,29,,28758,31,,,1,70,,28739,31,,,1,30,,28771,31,,,1,70,,28730,31,,,1,30,,28736,31,,,1,90,,28740,31,,,1,100,,28745,31,,,1,100,,28750,31,,,1,101,,28767,31,,,1,60,,28756,31,,,1,30,,28744,31,,,1,70,,28760,31,,,1,30,,28753,31,,,1,70,,28772,31,,,1,30,,28746,31,,,1,70,,28752,31,,,1,31,,28754,31,,,1,70,,28741,31,,,1,30,,28759,31,,,1,70,,28757,31,,,1
5801,'Semaine-1-_26ÉTÉ-1111100-',601,,25540,19,,,1,32,,25544,19,,,2,70,,25542,19,,,1,30,,25541,19,,,1,70,,25538,19,,,1,30,,25543,19,,,1,802,,25539,19,,,1
5801,'Semaine-10-_26ÉTÉ-1111100-',601,,28801,19,,,1,32,,28805,19,,,2,70,,28803,19,,,1,30,,28802,19,,,1,70,,28799,19,,,1,30,,28804,19,,,1,802,,28800,19,,,1
5901,'Samedi-0-_26ÉTÉ-0000010-',717,,28921,20,,,1,30,,28928,20,,,1,71,,28925,20,,,1,30,,28930,20,,,1,70,,28922,20,,,1,30,,28927,20,,,1,70,,28926,20,,,1,30,,28929,20,,,1,70,,28933,20,,,1,30,,28934,20,,,1,70,,28923,20,,,1,30,,28924,20,,,1,70,,28932,20,,,1,30,,28931,20,,,1,71,,28935,20,,,1,30,,28936,20,,,1,70,,28937,20,,,1,30,,28938,20,,,1,70,,28939,20,,,1,30,,28940,20,,,1,70,,28941,20,,,1,30,,28942,20,,,1,70,,28943,20,,,1,29,,28944,20,,,1,69,,28945,20,,,1,30,,28947,20,,,1,70,,28946,20,,,1,30,,28948,20,,,1,70,,28949,20,,,1,30,,28950,20,,,1,70,,28952,20,,,1,29,,28951,20,,,1
5901,'Dimanche-0-_26ÉTÉ-0000001-',717,,28959,20,,,1,30,,28962,20,,,1,71,,28964,20,,,1,30,,28955,20,,,1,70,,28958,20,,,1,30,,28961,20,,,1,70,,28965,20,,,1,30,,28953,20,,,1,70,,28956,20,,,1,30,,28970,20,,,1,70,,28963,20,,,1,30,,28954,20,,,1,70,,28957,20,,,1,30,,28960,20,,,1,71,,28967,20,,,1,30,,28966,20,,,1,70,,28969,20,,,1,30,,28971,20,,,1,70,,28968,20,,,1,30,,28977,20,,,1,70,,28978,20,,,1,30,,28974,20,,,1,70,,28973,20,,,1,29,,28983,20,,,1,69,,28980,20,,,1,30,,28981,20,,,1,70,,28972,20,,,1,30,,28975,20,,,1,70,,28979,20,,,1,30,,28976,20,,,1,70,,28982,20,,,1,29,,28984,20,,,1
5901,'Dimanche-10-_26ÉTÉ-0000001-',717,,31999,20,,,1,30,,32002,20,,,1,71,,32004,20,,,1,30,,31995,20,,,1,70,,31998,20,,,1,30,,32001,20,,,1,70,,32005,20,,,1,30,,31993,20,,,1,70,,31996,20,,,1,30,,32010,20,,,1,70,,32003,20,,,1,30,,31994,20,,,1,70,,31997,20,,,1,30,,32000,20,,,1,71,,32007,20,,,1,30,,32006,20,,,1,70,,32009,20,,,1,30,,32011,20,,,1,70,,32008,20,,,1,30,,32017,20,,,1,70,,32018,20,,,1,30,,32014,20,,,1,70,,32013,20,,,1,29,,32023,20,,,1,69,,32020,20,,,1,30,,32021,20,,,1,70,,32012,20,,,1,30,,32015,20,,,1,70,,32019,20,,,1,30,,32016,20,,,1,70,,32022,20,,,1,29,,32024,20,,,1
5901,'Semaine-1-_26ÉTÉ-1111100-',516,,25596,20,,,1,14,,25632,20,,,1,15,,25605,20,,,1,55,,25626,20,,,1,16,,25606,20,,,1,15,,25595,20,,,1,8,,25597,20,,,1,61,,25600,20,,,1,24,,25603,20,,,1,18,,25604,20,,,1,11,,25599,20,,,1,52,,25628,20,,,1,8,,25614,20,,,1,10,,25619,20,,,1,13,,25593,20,,,1,12,,25609,20,,,1,53,,25594,20,,,1,12,,25612,20,,,1,32,,25638,20,,,1,70,,25633,20,,,1,30,,25620,20,,,1,70,,25602,20,,,1,30,,25613,20,,,1,70,,25616,20,,,1,30,,25601,20,,,1,70,,25630,20,,,1,30,,25592,20,,,1,70,,25634,20,,,1,30,,25624,20,,,1,76,,25627,20,,,1,99,,25631,20,,,1,100,,25611,20,,,1,100,,25618,20,,,1,35,,25623,20,,,1,70,,25610,20,,,1,30,,25617,20,,,1,70,,25622,20,,,1,30,,25629,20,,,1,70,,25607,20,,,1,30,,25625,20,,,1,71,,25615,20,,,1,30,,25598,20,,,1,70,,25608,20,,,1,30,,25621,20,,,1
5901,'Semaine-10-_26ÉTÉ-1111100-',516,,28989,20,,,1,14,,29025,20,,,1,15,,28998,20,,,1,55,,29019,20,,,1,16,,28999,20,,,1,15,,28988,20,,,1,8,,28990,20,,,1,61,,28993,20,,,1,24,,28996,20,,,1,18,,28997,20,,,1,11,,28992,20,,,1,52,,29021,20,,,1,8,,29007,20,,,1,10,,29012,20,,,1,13,,28986,20,,,1,12,,29002,20,,,1,53,,28987,20,,,1,12,,29005,20,,,1,32,,29031,20,,,1,70,,29026,20,,,1,30,,29013,20,,,1,70,,28995,20,,,1,30,,29006,20,,,1,70,,29009,20,,,1,30,,28994,20,,,1,70,,29023,20,,,1,30,,28985,20,,,1,70,,29027,20,,,1,30,,29017,20,,,1,76,,29020,20,,,1,99,,29024,20,,,1,100,,29004,20,,,1,100,,29011,20,,,1,35,,29016,20,,,1,70,,29003,20,,,1,30,,29010,20,,,1,70,,29015,20,,,1,30,,29022,20,,,1,70,,29000,20,,,1,30,,29018,20,,,1,71,,29008,20,,,1,30,,28991,20,,,1,70,,29001,20,,,1,30,,29014,20,,,1
80000,'Samedi-0-_26ÉTÉ-0000010-',724,,31394,24,,,2,100,,31395,24,,,1,100,,31396,24,,,2,101,,31398,24,,,1,100,,31399,24,,,2,100,,31397,24,,,2,100,,31400,24,,,1,100,,31401,24,,,2,100,,31402,24,,,1,100,,31403,24,,,2,100,,31404,24,,,2,100,,31405,24,,,1,100,,31408,24,,,1,99,,31406,24,,,1,100,,31407,24,,,2,98,,31409,24,,,1,100,,31410,24,,,1
80000,'Dimanche-0-_26ÉTÉ-0000001-',724,,31415,24,,,2,100,,31411,24,,,1,100,,31416,24,,,2,101,,31412,24,,,1,100,,31413,24,,,2,100,,31417,24,,,2,100,,31414,24,,,1,100,,31419,24,,,2,100,,31418,24,,,1,100,,31420,24,,,2,100,,31423,24,,,2,100,,31421,24,,,1,100,,31422,24,,,1,99,,31424,24,,,1,100,,31425,24,,,2,98,,31427,24,,,1,100,,31426,24,,,1
80000,'Dimanche-10-_26ÉTÉ-0000001-',724,,32581,24,,,2,100,,32577,24,,,1,100,,32582,24,,,2,101,,32578,24,,,1,100,,32579,24,,,2,100,,32583,24,,,2,100,,32580,24,,,1,100,,32585,24,,,2,100,,32584,24,,,1,100,,32586,24,,,2,100,,32589,24,,,2,100,,32587,24,,,1,100,,32588,24,,,1,99,,32590,24,,,1,100,,32591,24,,,2,98,,32593,24,,,1,100,,32592,24,,,1
80000,'Semaine-1-_26ÉTÉ-1111100-',600,,26927,24,,,1,31,,26909,24,,,2,71,,26900,24,,,1,30,,26922,24,,,1,71,,26910,24,,,1,18,,26899,24,,,1,30,,26924,24,,,2,70,,26902,24,,,2,30,,26919,24,,,2,70,,26913,24,,,2,29,,26931,24,,,1,70,,26901,24,,,1,29,,26917,24,,,2,71,,26915,24,,,1,31,,26930,24,,,1,68,,26912,24,,,1,32,,26925,24,,,2,70,,26914,24,,,2,31,,26921,24,,,1,70,,26920,24,,,1,31,,26916,24,,,1,72,,26928,24,,,1,29,,26903,24,,,2,69,,26911,24,,,1,30,,26905,24,,,2,69,,26926,24,,,1,29,,26904,24,,,1,70,,26908,24,,,1,29,,26897,24,,,1,70,,26929,24,,,1,30,,26906,24,,,1,68,,26907,24,,,1,30,,26923,24,,,1,69,,26898,24,,,1,30,,26918,24,,,1
80000,'Semaine-10-_26ÉTÉ-1111100-',600,,31458,24,,,1,31,,31440,24,,,2,71,,31431,24,,,1,30,,31453,24,,,1,71,,31441,24,,,1,18,,31430,24,,,1,30,,31455,24,,,2,70,,31433,24,,,2,30,,31450,24,,,2,70,,31444,24,,,2,29,,31462,24,,,1,70,,31432,24,,,1,29,,31448,24,,,2,71,,31446,24,,,1,31,,31461,24,,,1,68,,31443,24,,,1,32,,31456,24,,,2,70,,31445,24,,,2,31,,31452,24,,,1,70,,31451,24,,,1,31,,31447,24,,,1,72,,31459,24,,,1,29,,31434,24,,,2,69,,31442,24,,,1,30,,31436,24,,,2,69,,31457,24,,,1,29,,31435,24,,,1,70,,31439,24,,,1,29,,31428,24,,,1,70,,31460,24,,,1,30,,31437,24,,,1,68,,31438,24,,,1,30,,31454,24,,,1,69,,31429,24,,,1,30,,31449,24,,,1
