1800,'Semaine-1-_26ÉTÉ-1111100-',1313,,24563,22,,,2,239,,24562,22,,,2,97,,24565,22,,,1,72,,24564,22,,,1
1800,'Semaine-10-_26ÉTÉ-1111100-',1313,,26970,22,,,2,239,,26969,22,,,2,97,,26972,22,,,1,72,,26971,22,,,1
6800,'Semaine-1-_26ÉTÉ-1111100-',627,,25982,21,,,1,30,,25991,21,,,1,70,,25989,21,,,1,30,,25998,21,,,1,70,,25995,21,,,1,30,,25974,21,,,1,70,,25996,21,,,1,30,,25975,21,,,1,70,,25979,21,,,1,30,,25997,21,,,1,70,,25984,21,,,1,30,,25977,21,,,1,74,,25993,21,,,1,76,,25985,21,,,1,30,,25992,21,,,1,70,,25986,21,,,1,30,,25980,21,,,1,70,,25983,21,,,1,20,,25990,21,,,1,18,,26000,21,,,1,66,,25987,21,,,1,20,,25994,21,,,1,22,,25988,21,,,1,58,,26002,21,,,1,16,,25999,21,,,1,20,,26001,21,,,1,60,,25976,21,,,1,30,,25981,21,,,1,70,,25978,21,,,1
6800,'Semaine-10-_26ÉTÉ-1111100-',627,,29701,21,,,1,30,,29710,21,,,1,70,,29708,21,,,1,30,,29717,21,,,1,70,,29714,21,,,1,30,,29693,21,,,1,70,,29715,21,,,1,30,,29694,21,,,1,70,,29698,21,,,1,30,,29716,21,,,1,70,,29703,21,,,1,30,,29696,21,,,1,74,,29712,21,,,1,76,,29704,21,,,1,30,,29711,21,,,1,70,,29705,21,,,1,30,,29699,21,,,1,70,,29702,21,,,1,20,,29709,21,,,1,18,,29719,21,,,1,66,,29706,21,,,1,20,,29713,21,,,1,22,,29707,21,,,1,58,,29721,21,,,1,16,,29718,21,,,1,20,,29720,21,,,1,60,,29695,21,,,1,30,,29700,21,,,1,70,,29697,21,,,1
9700,'Semaine-1-_26ÉTÉ-1111100-',1651,,26544,2,,,2,103,,26535,2,,,2,75,,26530,2,,,2
9700,'Semaine-10-_26ÉTÉ-1111100-',1651,,30649,2,,,2,103,,30640,2,,,2,75,,30635,2,,,2
10000,'Semaine-1-_26ÉTÉ-1111100-',1543,,26582,18,,,1,7,,26584,18,,,1,50,,26569,18,,,1,8,,26570,18,,,1,5,,26571,18,,,1,12,,26583,18,,,1,8,,26572,18,,,1,11,,26573,18,,,1,9,,26574,18,,,1,51,,26575,18,,,1,10,,26576,18,,,1,10,,26577,18,,,1,10,,26578,18,,,1,9,,26579,18,,,1,9,,26580,18,,,1,50,,26581,18,,,1
10000,'Semaine-10-_26ÉTÉ-1111100-',1543,,30719,18,,,1,7,,30721,18,,,1,50,,30706,18,,,1,8,,30707,18,,,1,5,,30708,18,,,1,12,,30720,18,,,1,8,,30709,18,,,1,11,,30710,18,,,1,9,,30711,18,,,1,51,,30712,18,,,1,10,,30713,18,,,1,10,,30714,18,,,1,10,,30715,18,,,1,9,,30716,18,,,1,9,,30717,18,,,1,50,,30718,18,,,1
20000,'Semaine-1-_26ÉTÉ-1111100-',1541,,26600,14,,,1,5,,26601,14,,,1,6,,26624,14,,,1,5,,26602,14,,,1,45,,26603,14,,,1,3,,26629,14,,,1,7,,26604,14,,,1,5,,26606,14,,,1,5,,26607,14,,,1,5,,26608,14,,,1,3,,26610,14,,,1,7,,26611,14,,,1,5,,26605,14,,,1,5,,26628,14,,,1,5,,26609,14,,,1,5,,26612,14,,,1,45,,26613,14,,,1,5,,26614,14,,,1,6,,26615,14,,,1,5,,26627,14,,,1,4,,26616,14,,,1,5,,26625,14,,,1,5,,26617,14,,,1,5,,26618,14,,,1,5,,26620,14,,,1,5,,26619,14,,,1,5,,26621,14,,,1,3,,26622,14,,,1,45,,26623,14,,,1,5,,26626,14,,,1
20000,'Semaine-10-_26ÉTÉ-1111100-',1541,,30737,14,,,1,5,,30738,14,,,1,6,,30761,14,,,1,5,,30739,14,,,1,45,,30740,14,,,1,3,,30766,14,,,1,7,,30741,14,,,1,5,,30743,14,,,1,5,,30744,14,,,1,5,,30745,14,,,1,3,,30747,14,,,1,7,,30748,14,,,1,5,,30742,14,,,1,5,,30765,14,,,1,5,,30746,14,,,1,5,,30749,14,,,1,45,,30750,14,,,1,5,,30751,14,,,1,6,,30752,14,,,1,5,,30764,14,,,1,4,,30753,14,,,1,5,,30762,14,,,1,5,,30754,14,,,1,5,,30755,14,,,1,5,,30757,14,,,1,5,,30756,14,,,1,5,,30758,14,,,1,3,,30759,14,,,1,45,,30760,14,,,1,5,,30763,14,,,1
40000,'Samedi-0-_26ÉTÉ-0000010-',632,,30917,18,,,1,20,,30918,18,,,1,55,,30921,18,,,1,15,,30926,18,,,1,15,,30935,18,,,1,15,,30936,18,,,1,55,,30919,18,,,1,15,,30923,18,,,1,15,,30920,18,,,1,15,,30944,18,,,1,55,,30922,18,,,1,15,,30925,18,,,1,15,,30924,18,,,1,15,,30927,18,,,1,55,,30945,18,,,1,15,,30943,18,,,1,15,,30946,18,,,1,16,,30928,18,,,1,54,,30930,18,,,1,15,,30933,18,,,1,15,,30934,18,,,1,15,,30929,18,,,1,55,,30940,18,,,1,15,,30942,18,,,1,15,,30947,18,,,1,15,,30932,18,,,1,55,,30931,18,,,1,15,,30937,18,,,1,17,,30938,18,,,1,15,,30939,18,,,1,55,,30948,18,,,1,15,,30941,18,,,1,15,,30949,18,,,1,15,,30950,18,,,1,55,,30951,18,,,1,15,,30952,18,,,1,15,,30953,18,,,1,15,,30954,18,,,1,55,,30955,18,,,1,15,,30956,18,,,1,15,,30957,18,,,1,15,,30958,18,,,1,55,,30959,18,,,1,15,,30960,18,,,1,14,,30961,18,,,1,14,,30962,18,,,1,56,,30963,18,,,1,15,,30964,18,,,1,15,,30970,18,,,1,15,,30965,18,,,1,55,,30966,18,,,1,15,,30967,18,,,1,14,,30968,18,,,1,15,,30969,18,,,1,55,,30973,18,,,1,16,,30971,18,,,1,14,,30972,18,,,1,16,,30977,18,,,1,54,,30976,18,,,1,15,,30975,18,,,1,15,,30974,18,,,1,15,,30981,18,,,1,55,,30978,18,,,1,15,,30979,18,,,1,15,,30980,18,,,1,15,,30988,18,,,1,55,,30983,18,,,1,15,,30982,18,,,1,14,,30984,18,,,1,15,,30985,18,,,1,54,,30986,18,,,1,15,,30987,18,,,1,12,,30989,18,,,1
40000,'Dimanche-0-_26ÉTÉ-0000001-',632,,30990,18,,,1,20,,30992,18,,,1,55,,30997,18,,,1,15,,31003,18,,,1,15,,31005,18,,,1,15,,30991,18,,,1,55,,30994,18,,,1,15,,31001,18,,,1,15,,31008,18,,,1,15,,31012,18,,,1,55,,30996,18,,,1,15,,31004,18,,,1,15,,31015,18,,,1,15,,30993,18,,,1,55,,30995,18,,,1,15,,31002,18,,,1,15,,31009,18,,,1,16,,31010,18,,,1,54,,31026,18,,,1,15,,31025,18,,,1,15,,31016,18,,,1,15,,31007,18,,,1,55,,31017,18,,,1,15,,31020,18,,,1,15,,31029,18,,,1,15,,30998,18,,,1,55,,31027,18,,,1,15,,31024,18,,,1,17,,31028,18,,,1,15,,31006,18,,,1,55,,30999,18,,,1,15,,31030,18,,,1,15,,31021,18,,,1,15,,31013,18,,,1,55,,31011,18,,,1,15,,31018,18,,,1,15,,31023,18,,,1,15,,31033,18,,,1,55,,31000,18,,,1,15,,31035,18,,,1,15,,31022,18,,,1,15,,31014,18,,,1,55,,31045,18,,,1,15,,31019,18,,,1,14,,31054,18,,,1,14,,31040,18,,,1,56,,31044,18,,,1,15,,31060,18,,,1,15,,31051,18,,,1,15,,31032,18,,,1,55,,31046,18,,,1,15,,31036,18,,,1,14,,31053,18,,,1,15,,31039,18,,,1,55,,31043,18,,,1,16,,31059,18,,,1,14,,31052,18,,,1,16,,31031,18,,,1,54,,31056,18,,,1,15,,31050,18,,,1,15,,31058,18,,,1,15,,31034,18,,,1,55,,31038,18,,,1,15,,31042,18,,,1,15,,31048,18,,,1,15,,31062,18,,,1,55,,31055,18,,,1,15,,31049,18,,,1,14,,31057,18,,,1,15,,31061,18,,,1,54,,31037,18,,,1,15,,31041,18,,,1,12,,31047,18,,,1
40000,'Dimanche-10-_26ÉTÉ-0000001-',632,,32431,18,,,1,20,,32433,18,,,1,55,,32438,18,,,1,15,,32444,18,,,1,15,,32446,18,,,1,15,,32432,18,,,1,55,,32435,18,,,1,15,,32442,18,,,1,15,,32449,18,,,1,15,,32453,18,,,1,55,,32437,18,,,1,15,,32445,18,,,1,15,,32456,18,,,1,15,,32434,18,,,1,55,,32436,18,,,1,15,,32443,18,,,1,15,,32450,18,,,1,16,,32451,18,,,1,54,,32467,18,,,1,15,,32466,18,,,1,15,,32457,18,,,1,15,,32448,18,,,1,55,,32458,18,,,1,15,,32461,18,,,1,15,,32470,18,,,1,15,,32439,18,,,1,55,,32468,18,,,1,15,,32465,18,,,1,17,,32469,18,,,1,15,,32447,18,,,1,55,,32440,18,,,1,15,,32471,18,,,1,15,,32462,18,,,1,15,,32454,18,,,1,55,,32452,18,,,1,15,,32459,18,,,1,15,,32464,18,,,1,15,,32474,18,,,1,55,,32441,18,,,1,15,,32476,18,,,1,15,,32463,18,,,1,15,,32455,18,,,1,55,,32486,18,,,1,15,,32460,18,,,1,14,,32495,18,,,1,14,,32481,18,,,1,56,,32485,18,,,1,15,,32501,18,,,1,15,,32492,18,,,1,15,,32473,18,,,1,55,,32487,18,,,1,15,,32477,18,,,1,14,,32494,18,,,1,15,,32480,18,,,1,55,,32484,18,,,1,16,,32500,18,,,1,14,,32493,18,,,1,16,,32472,18,,,1,54,,32497,18,,,1,15,,32491,18,,,1,15,,32499,18,,,1,15,,32475,18,,,1,55,,32479,18,,,1,15,,32483,18,,,1,15,,32489,18,,,1,15,,32503,18,,,1,55,,32496,18,,,1,15,,32490,18,,,1,14,,32498,18,,,1,15,,32502,18,,,1,54,,32478,18,,,1,15,,32482,18,,,1,12,,32488,18,,,1
40000,'Semaine-1-_26ÉTÉ-1111100-',606,,26712,18,,,1,15,,26718,18,,,1,15,,26741,18,,,1,15,,26756,18,,,1,55,,26746,18,,,1,18,,26804,18,,,1,10,,26776,18,,,1,10,,26728,18,,,1,10,,26775,18,,,1,54,,26770,18,,,1,15,,26771,18,,,1,11,,26726,18,,,1,12,,26748,18,,,1,12,,26750,18,,,1,52,,26797,18,,,1,11,,26767,18,,,1,10,,26721,18,,,1,12,,26730,18,,,1,10,,26716,18,,,1,49,,26719,18,,,1,10,,26772,18,,,1,10,,26738,18,,,1,10,,26751,18,,,1,10,,26744,18,,,1,10,,26745,18,,,1,51,,26777,18,,,1,9,,26757,18,,,1,10,,26768,18,,,1,10,,26722,18,,,1,11,,26731,18,,,1,9,,26720,18,,,1,50,,26798,18,,,1,10,,26773,18,,,1,10,,26739,18,,,1,10,,26752,18,,,1,10,,26743,18,,,1,10,,26735,18,,,1,50,,26764,18,,,1,10,,26747,18,,,1,5,,26758,18,,,1,5,,26769,18,,,1,11,,26723,18,,,1,10,,26733,18,,,1,10,,26725,18,,,1,50,,26715,18,,,1,10,,26774,18,,,1,10,,26755,18,,,1,10,,26753,18,,,1,7,,26765,18,,,1,6,,26742,18,,,1,8,,26734,18,,,1,46,,26782,18,,,1,6,,26783,18,,,1,5,,26784,18,,,1,5,,26785,18,,,1,5,,26786,18,,,1,8,,26796,18,,,1,5,,26802,18,,,1,4,,26787,18,,,1,273,,26788,18,,,1,5,,26789,18,,,1,5,,26790,18,,,1,5,,26791,18,,,1,5,,26803,18,,,1,5,,26792,18,,,1,6,,26793,18,,,1,8,,26794,18,,,1,52,,26795,18,,,1,12,,26759,18,,,1,12,,26760,18,,,1,10,,26754,18,,,1,12,,26780,18,,,1,52,,26763,18,,,1,12,,26749,18,,,1,12,,26727,18,,,1,12,,26799,18,,,1,12,,26732,18,,,1,11,,26800,18,,,1,53,,26740,18,,,1,12,,26761,18,,,1,14,,26801,18,,,1,12,,26737,18,,,1,54,,26781,18,,,1,14,,26779,18,,,1,15,,26724,18,,,1,15,,26713,18,,,1,55,,26729,18,,,1,13,,26762,18,,,1,15,,26736,18,,,1,15,,26766,18,,,1,55,,26778,18,,,1,15,,26717,18,,,1,15,,26714,18,,,1
40000,'Semaine-10-_26ÉTÉ-1111100-',606,,31063,18,,,1,15,,31069,18,,,1,15,,31092,18,,,1,15,,31107,18,,,1,55,,31097,18,,,1,18,,31155,18,,,1,10,,31127,18,,,1,10,,31079,18,,,1,10,,31126,18,,,1,54,,31121,18,,,1,15,,31122,18,,,1,11,,31077,18,,,1,12,,31099,18,,,1,12,,31101,18,,,1,52,,31148,18,,,1,11,,31118,18,,,1,10,,31072,18,,,1,12,,31081,18,,,1,10,,31067,18,,,1,49,,31070,18,,,1,10,,31123,18,,,1,10,,31089,18,,,1,10,,31102,18,,,1,10,,31095,18,,,1,10,,31096,18,,,1,51,,31128,18,,,1,9,,31108,18,,,1,10,,31119,18,,,1,10,,31073,18,,,1,11,,31082,18,,,1,9,,31071,18,,,1,50,,31149,18,,,1,10,,31124,18,,,1,10,,31090,18,,,1,10,,31103,18,,,1,10,,31094,18,,,1,10,,31086,18,,,1,50,,31115,18,,,1,10,,31098,18,,,1,5,,31109,18,,,1,5,,31120,18,,,1,11,,31074,18,,,1,10,,31084,18,,,1,10,,31076,18,,,1,50,,31066,18,,,1,10,,31125,18,,,1,10,,31106,18,,,1,10,,31104,18,,,1,7,,31116,18,,,1,6,,31093,18,,,1,8,,31085,18,,,1,46,,31133,18,,,1,6,,31134,18,,,1,5,,31135,18,,,1,5,,31136,18,,,1,5,,31137,18,,,1,8,,31147,18,,,1,5,,31153,18,,,1,4,,31138,18,,,1,273,,31139,18,,,1,5,,31140,18,,,1,5,,31141,18,,,1,5,,31142,18,,,1,5,,31154,18,,,1,5,,31143,18,,,1,6,,31144,18,,,1,8,,31145,18,,,1,52,,31146,18,,,1,12,,31110,18,,,1,12,,31111,18,,,1,10,,31105,18,,,1,12,,31131,18,,,1,52,,31114,18,,,1,12,,31100,18,,,1,12,,31078,18,,,1,12,,31150,18,,,1,12,,31083,18,,,1,11,,31151,18,,,1,53,,31091,18,,,1,12,,31112,18,,,1,14,,31152,18,,,1,12,,31088,18,,,1,54,,31132,18,,,1,14,,31130,18,,,1,15,,31075,18,,,1,15,,31064,18,,,1,55,,31080,18,,,1,13,,31113,18,,,1,15,,31087,18,,,1,15,,31117,18,,,1,55,,31129,18,,,1,15,,31068,18,,,1,15,,31065,18,,,1
80000,'Samedi-0-_26ÉTÉ-0000010-',755,,31394,51,,,2,102,,31395,51,,,1,100,,31396,51,,,2,101,,31398,51,,,1,100,,31399,51,,,2,100,,31397,51,,,2,100,,31400,51,,,1,142,,31401,51,,,2,100,,31402,51,,,1,100,,31403,51,,,2,59,,31404,51,,,2,99,,31405,51,,,1,100,,31408,51,,,1,98,,31406,51,,,1,100,,31407,51,,,2,98,,31409,51,,,1,100,,31410,51,,,1
80000,'Dimanche-0-_26ÉTÉ-0000001-',755,,31415,51,,,2,102,,31411,51,,,1,100,,31416,51,,,2,101,,31412,51,,,1,100,,31413,51,,,2,100,,31417,51,,,2,100,,31414,51,,,1,142,,31419,51,,,2,100,,31418,51,,,1,100,,31420,51,,,2,59,,31423,51,,,2,99,,31421,51,,,1,100,,31422,51,,,1,98,,31424,51,,,1,100,,31425,51,,,2,98,,31427,51,,,1,100,,31426,51,,,1
80000,'Dimanche-10-_26ÉTÉ-0000001-',755,,32581,51,,,2,102,,32577,51,,,1,100,,32582,51,,,2,101,,32578,51,,,1,100,,32579,51,,,2,100,,32583,51,,,2,100,,32580,51,,,1,142,,32585,51,,,2,100,,32584,51,,,1,100,,32586,51,,,2,59,,32589,51,,,2,99,,32587,51,,,1,100,,32588,51,,,1,98,,32590,51,,,1,100,,32591,51,,,2,98,,32593,51,,,1,100,,32592,51,,,1
80000,'Semaine-1-_26ÉTÉ-1111100-',634,,26927,50,,,1,74,,26909,50,,,2,31,,26900,50,,,1,71,,26922,50,,,1,30,,26910,50,,,1,17,,26899,50,,,1,69,,26924,50,,,2,29,,26902,51,,,2,70,,26919,51,,,2,30,,26913,51,,,2,70,,26931,51,,,1,30,,26901,51,,,1,69,,26917,51,,,2,31,,26915,51,,,1,69,,26930,51,,,1,30,,26912,51,,,1,72,,26925,51,,,2,31,,26914,51,,,2,70,,26921,51,,,1,31,,26920,51,,,1,73,,26916,51,,,1,74,,26928,51,,,1,27,,26903,51,,,2,69,,26911,51,,,1,30,,26905,51,,,2,27,,26926,51,,,1,68,,26904,51,,,1,28,,26908,51,,,1,70,,26897,51,,,1,29,,26929,51,,,1,70,,26906,51,,,1,26,,26907,51,,,1,70,,26923,51,,,1,30,,26898,51,,,1,69,,26918,51,,,1
80000,'Semaine-10-_26ÉTÉ-1111100-',634,,31458,50,,,1,74,,31440,50,,,2,31,,31431,50,,,1,71,,31453,50,,,1,30,,31441,50,,,1,17,,31430,50,,,1,69,,31455,50,,,2,29,,31433,51,,,2,70,,31450,51,,,2,30,,31444,51,,,2,70,,31462,51,,,1,30,,31432,51,,,1,69,,31448,51,,,2,31,,31446,51,,,1,69,,31461,51,,,1,30,,31443,51,,,1,72,,31456,51,,,2,31,,31445,51,,,2,70,,31452,51,,,1,31,,31451,51,,,1,73,,31447,51,,,1,74,,31459,51,,,1,27,,31434,51,,,2,69,,31442,51,,,1,30,,31436,51,,,2,27,,31457,51,,,1,68,,31435,51,,,1,28,,31439,51,,,1,70,,31428,51,,,1,29,,31460,51,,,1,70,,31437,51,,,1,26,,31438,51,,,1,70,,31454,51,,,1,30,,31429,51,,,1,69,,31449,51,,,1
