3301,'Samedi-0',709,,5225,13,,,1,100,,5226,13,,,1,100,,5223,13,,,1,100,,5229,13,,,1,99,,5230,13,,,1,101,,5224,13,,,1,100,,5227,13,,,1,100,,5228,13,,,1,100,,5231,13,,,1,100,,5232,13,,,1,100,,5233,13,,,1,99,,5240,13,,,1,100,,5234,13,,,1,100,,5235,13,,,1,100,,5236,13,,,1,100,,5237,13,,,1,100,,5238,13,,,1,100,,5239,13,,,1
3301,'Samedi-10',709,,5243,13,,,1,100,,5244,13,,,1,100,,5241,13,,,1,100,,5247,13,,,1,99,,5248,13,,,1,101,,5242,13,,,1,100,,5245,13,,,1,100,,5246,13,,,1,100,,5249,13,,,1,100,,5250,13,,,1,100,,5251,13,,,1,99,,5258,13,,,1,100,,5252,13,,,1,100,,5253,13,,,1,100,,5254,13,,,1,100,,5255,13,,,1,100,,5256,13,,,1,100,,5257,13,,,1
3301,'Dimanche-0',709,,5263,13,,,1,100,,5264,13,,,1,100,,5265,13,,,1,100,,5259,13,,,1,99,,5260,13,,,1,101,,5261,13,,,1,100,,5262,13,,,1,100,,5267,13,,,1,100,,5268,13,,,1,100,,5266,13,,,1,100,,5269,13,,,1,99,,5272,13,,,1,100,,5276,13,,,1,100,,5270,13,,,1,100,,5271,13,,,1,100,,5274,13,,,1,100,,5273,13,,,1,100,,5275,13,,,1
3301,'Dimanche-10',709,,5281,13,,,1,100,,5282,13,,,1,100,,5283,13,,,1,100,,5277,13,,,1,99,,5278,13,,,1,101,,5279,13,,,1,100,,5280,13,,,1,100,,5285,13,,,1,100,,5286,13,,,1,100,,5284,13,,,1,100,,5287,13,,,1,99,,5290,13,,,1,100,,5294,13,,,1,100,,5288,13,,,1,100,,5289,13,,,1,100,,5292,13,,,1,100,,5291,13,,,1,100,,5293,13,,,1
3301,'Semaine-0',555,,5318,13,,,1,62,,5326,13,,,2,23,,5303,13,,,1,17,,5323,13,,,1,55,,5319,13,,,1,5,,5314,13,,,1,9,,5334,13,,,1,13,,5332,13,,,1,16,,5321,13,,,1,57,,5309,13,,,1,10,,5325,13,,,2,17,,5299,13,,,1,70,,5311,13,,,2,29,,5317,13,,,1,71,,5307,13,,,1,28,,5328,13,,,1,71,,5312,13,,,1,29,,5304,13,,,1,72,,5306,13,,,1,19,,5324,13,,,1,6,,5333,13,,,1,67,,5315,13,,,1,30,,5305,13,,,1,71,,5310,13,,,1,31,,5313,13,,,1,12,,5335,13,,,2,57,,5316,13,,,1,17,,5308,13,,,2,13,,5320,13,,,1,72,,5301,13,,,1,23,,5331,13,,,2,25,,5298,13,,,2,72,,5295,13,,,2,32,,5329,13,,,1,83,,5302,13,,,2,69,,5297,13,,,2,97,,5300,13,,,1,41,,5322,13,,,2,105,,5327,13,,,1,98,,5296,13,,,2,164,,5330,13,,,1
3501,'Semaine-0',649,,5715,6,,,1,77,,5726,6,,,1
33101,'Semaine-0',1634,,10284,27,0,7 8,1
43301,'Semaine-0',740,,11259,22,0,9 14,1
56601,'Semaine-0',716,,11278,38,0,5 6,1
56901,'Semaine-0',716,,11280,21,0,5 6,1
