2300,'Semaine-1-_26ÉTÉ-1111100-',1520,,37342,1,,,1,28,,37340,1,,,1,70,,37338,1,,,1,32,,37339,1,,,2,71,,37341,1,,,2,28,,37337,1,,,2
2300,'Semaine-10-_26ÉTÉ-1111100-',1520,,37348,1,,,1,28,,37346,1,,,1,70,,37344,1,,,1,32,,37345,1,,,2,71,,37347,1,,,2,28,,37343,1,,,2
2500,'Semaine-1-_26ÉTÉ-1111100-',1504,,37359,1,,,1,31,,37362,1,,,1,70,,37360,1,,,1,33,,37364,1,,,1,70,,37361,1,,,1,30,,37363,1,,,1
2500,'Semaine-10-_26ÉTÉ-1111100-',1504,,37365,1,,,1,31,,37368,1,,,1,70,,37366,1,,,1,33,,37370,1,,,1,70,,37367,1,,,1,30,,37369,1,,,1
2600,'Semaine-1-_26ÉTÉ-1111100-',1528,,37385,1,,,1,30,,37384,1,,,1,71,,37383,1,,,2,71,,37386,1,,,1,30,,37387,1,,,1
2600,'Semaine-10-_26ÉTÉ-1111100-',1528,,37390,1,,,1,30,,37389,1,,,1,71,,37388,1,,,2,71,,37391,1,,,1,30,,37392,1,,,1
2900,'Semaine-1-_26ÉTÉ-1111100-',1521,,37436,1,,,2,30,,37435,1,,,2,74,,37433,1,,,1,27,,37437,1,,,2,75,,37434,1,,,2
2900,'Semaine-10-_26ÉTÉ-1111100-',1521,,37441,1,,,2,30,,37440,1,,,2,74,,37438,1,,,1,27,,37442,1,,,2,75,,37439,1,,,2
3201,'Semaine-1-_26ÉTÉ-1111100-',543,,37885,36,,,2,60,,37884,36,,,1,20,,37876,36,,,2,21,,37886,36,,,1,10,,37866,36,,,2,51,,37887,36,,,1,10,,37867,36,,,2,12,,37868,36,,,1,8,,37860,36,,,1,10,,37863,36,,,1,8,,37889,36,,,1,49,,37869,36,,,1,9,,37864,36,,,1,7,,37877,36,,,2,8,,37859,36,,,1,10,,37870,36,,,1,8,,37888,36,,,1,8,,37858,36,,,1,50,,37857,36,,,2,10,,37862,36,,,1,9,,37865,36,,,1,8,,37871,36,,,1,21,,37845,36,,,1,68,,37855,37,,,2,29,,37848,37,,,1,70,,37851,37,,,2,30,,37844,37,,,1,70,,37854,37,,,2,30,,37849,37,,,1,70,,37856,37,,,1,30,,37838,37,,,1,70,,37843,37,,,2,30,,37850,37,,,1,73,,37861,37,,,1,33,,37878,37,,,1,68,,37879,37,,,1,31,,37880,37,,,1,70,,37881,37,,,1,27,,37882,37,,,1,69,,37883,37,,,1,30,,37841,37,,,1,68,,37839,37,,,1,28,,37852,37,,,1,70,,37847,37,,,1,30,,37842,37,,,1,70,,37840,37,,,1,30,,37853,37,,,1,69,,37846,37,,,1,30,,37873,37,,,2,70,,37872,37,,,1,28,,37874,37,,,1,70,,37875,37,,,1
3201,'Semaine-10-_26ÉTÉ-1111100-',543,,37937,36,,,2,60,,37936,36,,,1,20,,37928,36,,,2,21,,37938,36,,,1,10,,37918,36,,,2,51,,37939,36,,,1,10,,37919,36,,,2,12,,37920,36,,,1,8,,37912,36,,,1,10,,37915,36,,,1,8,,37941,36,,,1,49,,37921,36,,,1,9,,37916,36,,,1,7,,37929,36,,,2,8,,37911,36,,,1,10,,37922,36,,,1,8,,37940,36,,,1,8,,37910,36,,,1,50,,37909,36,,,2,10,,37914,36,,,1,9,,37917,36,,,1,8,,37923,36,,,1,21,,37897,36,,,1,68,,37907,37,,,2,29,,37900,37,,,1,70,,37903,37,,,2,30,,37896,37,,,1,70,,37906,37,,,2,30,,37901,37,,,1,70,,37908,37,,,1,30,,37890,37,,,1,70,,37895,37,,,1,30,,37902,37,,,1,73,,37913,37,,,1,33,,37930,37,,,1,68,,37931,37,,,1,31,,37932,37,,,1,70,,37933,37,,,1,27,,37934,37,,,1,69,,37935,37,,,1,30,,37893,37,,,1,68,,37891,37,,,1,28,,37904,37,,,1,70,,37899,37,,,1,30,,37894,37,,,1,70,,37892,37,,,1,30,,37905,37,,,1,69,,37898,37,,,1,30,,37925,37,,,2,70,,37924,37,,,1,28,,37926,37,,,1,70,,37927,37,,,1
3401,'Samedi-0-_26ÉTÉ-0000010-',732,,38384,58,,,1,100,,38387,58,,,2,70,,38396,58,,,1,33,,38385,58,,,1,70,,38390,58,,,1,30,,38392,58,,,1,70,,38386,58,,,2,30,,38395,58,,,1,73,,38388,58,,,1,30,,38397,58,,,1,70,,38389,58,,,1,30,,38391,58,,,1,70,,38393,58,,,2,30,,38394,58,,,2,70,,38398,58,,,1,31,,38399,58,,,2,70,,38400,58,,,1,30,,38401,58,,,1,70,,38402,58,,,1,29,,38403,58,,,1,70,,38404,58,,,2,29,,38405,58,,,1,67,,38406,58,,,1,30,,38408,58,,,1,70,,38407,58,,,2,30,,38409,58,,,1,70,,38410,58,,,2,28,,38411,58,,,1,70,,38413,58,,,1,30,,38412,58,,,1,70,,38414,58,,,1,56,,38415,58,,,1
3401,'Dimanche-0-_26ÉTÉ-0000001-',732,,38417,58,,,1,100,,38428,58,,,2,70,,38421,58,,,1,33,,38424,58,,,1,70,,38423,58,,,1,30,,38432,58,,,1,70,,38429,58,,,2,30,,38416,58,,,1,73,,38427,58,,,1,30,,38420,58,,,1,70,,38418,58,,,1,30,,38419,58,,,1,70,,38422,58,,,2,30,,38430,58,,,2,70,,38426,58,,,1,31,,38425,58,,,2,70,,38431,58,,,1,30,,38436,58,,,1,70,,38434,58,,,1,29,,38440,58,,,1,70,,38443,58,,,2,29,,38433,58,,,1,67,,38442,58,,,1,30,,38435,58,,,1,70,,38439,58,,,2,30,,38446,58,,,1,70,,38438,58,,,2,28,,38437,58,,,1,70,,38444,58,,,1,30,,38445,58,,,1,70,,38441,58,,,1,56,,38447,58,,,1
3401,'Dimanche-10-_26ÉTÉ-0000001-',732,,38449,58,,,1,100,,38460,58,,,2,70,,38453,58,,,1,33,,38456,58,,,1,70,,38455,58,,,1,30,,38464,58,,,1,70,,38461,58,,,2,30,,38448,58,,,1,73,,38459,58,,,1,30,,38452,58,,,1,70,,38450,58,,,1,30,,38451,58,,,1,70,,38454,58,,,2,30,,38462,58,,,2,70,,38458,58,,,1,31,,38457,58,,,2,70,,38463,58,,,1,30,,38468,58,,,1,70,,38466,58,,,1,29,,38472,58,,,1,70,,38475,58,,,2,29,,38465,58,,,1,67,,38474,58,,,1,30,,38467,58,,,1,70,,38471,58,,,2,30,,38478,58,,,1,70,,38470,58,,,2,28,,38469,58,,,1,70,,38476,58,,,1,30,,38477,58,,,1,70,,38473,58,,,1,56,,38479,58,,,1
3401,'Semaine-1-_26ÉTÉ-1111100-',939,,38505,57,,,2,72,,38485,57,,,1,30,,38489,58,,,1,70,,38509,58,,,1,30,,38482,58,,,1,70,,38486,58,,,1,30,,38490,58,,,2,70,,38480,58,,,1,31,,38483,58,,,1,69,,38487,58,,,1,33,,38491,58,,,1,70,,38484,58,,,1,31,,38506,58,,,1,73,,38481,58,,,2,32,,38507,58,,,1,70,,38508,58,,,1,31,,38502,58,,,1,64,,38498,58,,,2,26,,38488,58,,,1,69,,38495,58,,,1,29,,38504,58,,,1,69,,38492,58,,,1,30,,38494,58,,,1,70,,38496,58,,,1,30,,38500,58,,,2,70,,38493,58,,,1,30,,38499,58,,,1,68,,38497,58,,,1,30,,38501,58,,,1,70,,38503,58,,,1
3401,'Semaine-10-_26ÉTÉ-1111100-',939,,38535,57,,,2,72,,38515,57,,,1,30,,38519,58,,,1,70,,38539,58,,,1,30,,38512,58,,,1,70,,38516,58,,,1,30,,38520,58,,,2,70,,38510,58,,,1,31,,38513,58,,,1,69,,38517,58,,,1,33,,38521,58,,,1,70,,38514,58,,,1,31,,38536,58,,,1,73,,38511,58,,,2,32,,38537,58,,,1,70,,38538,58,,,1,31,,38532,58,,,1,64,,38528,58,,,2,26,,38518,58,,,1,69,,38525,58,,,1,29,,38534,58,,,1,69,,38522,58,,,1,30,,38524,58,,,1,70,,38526,58,,,1,30,,38530,58,,,2,70,,38523,58,,,1,30,,38529,58,,,1,68,,38527,58,,,1,30,,38531,58,,,1,70,,38533,58,,,1
3601,'Semaine-1-_26ÉTÉ-1111100-',923,,38696,46,,,1,90,,38694,47,,,1,99,,38697,47,,,1,102,,38695,47,,,1,99,,38700,47,,,1,100,,38699,47,,,1,101,,38698,47,,,1
3601,'Semaine-10-_26ÉTÉ-1111100-',923,,38703,46,,,1,90,,38701,47,,,1,99,,38704,47,,,1,102,,38702,47,,,1,99,,38707,47,,,1,100,,38706,47,,,1,101,,38705,47,,,1
3701,'Samedi-0-_26ÉTÉ-0000010-',718,,38821,39,,,1,100,,38826,39,,,1,100,,38820,39,,,1,103,,38825,39,,,1,101,,38822,39,,,1,99,,38823,39,,,1,100,,38827,39,,,1,103,,38824,39,,,1,100,,38828,39,,,1,100,,38829,39,,,1,100,,38830,39,,,1,96,,38831,39,,,1,100,,38832,39,,,1,102,,38833,39,,,1,98,,38834,39,,,1,96,,38835,39,,,1,98,,38836,39,,,1
3701,'Dimanche-0-_26ÉTÉ-0000001-',718,,38837,39,,,1,100,,38841,39,,,1,100,,38842,39,,,1,103,,38844,39,,,1,101,,38843,39,,,1,99,,38839,39,,,1,100,,38838,39,,,1,103,,38840,39,,,1,100,,38845,39,,,1,100,,38849,39,,,1,100,,38852,39,,,1,96,,38846,39,,,1,100,,38847,39,,,1,102,,38853,39,,,1,98,,38851,39,,,1,96,,38848,39,,,1,98,,38850,39,,,1
3701,'Dimanche-10-_26ÉTÉ-0000001-',718,,38854,39,,,1,100,,38858,39,,,1,100,,38859,39,,,1,103,,38861,39,,,1,101,,38860,39,,,1,99,,38856,39,,,1,100,,38855,39,,,1,103,,38857,39,,,1,100,,38862,39,,,1,100,,38866,39,,,1,100,,38869,39,,,1,96,,38863,39,,,1,100,,38864,39,,,1,102,,38870,39,,,1,98,,38868,39,,,1,96,,38865,39,,,1,98,,38867,39,,,1
3701,'Semaine-1-_26ÉTÉ-1111100-',545,,38884,38,,,1,72,,38882,38,,,1,35,,38886,38,,,1,70,,38876,38,,,1,33,,38893,38,,,1,61,,38873,38,,,1,10,,38894,38,,,1,30,,38875,38,,,1,98,,38892,38,,,1,100,,38880,39,,,1,100,,38874,39,,,1,101,,38872,39,,,1,99,,38877,39,,,1,102,,38888,39,,,1,101,,38871,39,,,1,72,,38887,39,,,1,30,,38890,39,,,1,69,,38885,39,,,1,28,,38891,39,,,1,67,,38895,39,,,1,85,,38879,39,,,1,98,,38889,39,,,1,101,,38881,39,,,1,99,,38878,39,,,1,95,,38883,39,,,1
3701,'Semaine-10-_26ÉTÉ-1111100-',545,,38909,38,,,1,72,,38907,38,,,1,35,,38911,38,,,1,70,,38901,38,,,1,33,,38918,38,,,1,61,,38898,38,,,1,10,,38919,38,,,1,30,,38900,38,,,1,98,,38917,38,,,1,100,,38905,39,,,1,100,,38899,39,,,1,101,,38897,39,,,1,99,,38902,39,,,1,102,,38913,39,,,1,101,,38896,39,,,1,72,,38912,39,,,1,30,,38915,39,,,1,69,,38910,39,,,1,28,,38916,39,,,1,67,,38920,39,,,1,85,,38904,39,,,1,98,,38914,39,,,1,101,,38906,39,,,1,99,,38903,39,,,1,95,,38908,39,,,1
3801,'Samedi-0-_26ÉTÉ-0000010-',732,,39108,26,,,1,70,,39104,26,,,1,30,,39116,26,,,1,71,,39109,26,,,1,29,,39105,26,,,1,72,,39117,26,,,1,28,,39110,26,,,1,73,,39114,26,,,1,26,,39106,26,,,1,74,,39111,26,,,1,30,,39115,26,,,1,70,,39107,26,,,1,30,,39112,26,,,1,72,,39113,26,,,1,28,,39118,26,,,1,72,,39119,26,,,1,28,,39120,26,,,1,72,,39121,26,,,1,28,,39122,26,,,1,71,,39123,26,,,1,29,,39124,26,,,1,70,,39125,26,,,1,26,,39126,26,,,1,72,,39128,26,,,1,29,,39127,26,,,1,71,,39130,26,,,1,29,,39129,26,,,1,71,,39131,26,,,1,29,,39132,26,,,1,70,,39136,26,,,1,30,,39133,26,,,1,70,,39134,26,,,1,30,,39135,26,,,1
3801,'Dimanche-0-_26ÉTÉ-0000001-',732,,39144,26,,,1,70,,39140,26,,,1,30,,39151,26,,,1,71,,39143,26,,,1,29,,39137,26,,,1,72,,39152,26,,,1,28,,39146,26,,,1,73,,39138,26,,,1,26,,39150,26,,,1,74,,39145,26,,,1,30,,39139,26,,,1,70,,39141,26,,,1,30,,39142,26,,,1,72,,39148,26,,,1,28,,39154,26,,,1,72,,39155,26,,,1,28,,39149,26,,,1,72,,39153,26,,,1,28,,39159,26,,,1,71,,39164,26,,,1,29,,39165,26,,,1,70,,39160,26,,,1,26,,39147,26,,,1,72,,39162,26,,,1,29,,39157,26,,,1,71,,39158,26,,,1,29,,39161,26,,,1,71,,39163,26,,,1,29,,39167,26,,,1,70,,39166,26,,,1,30,,39156,26,,,1,70,,39168,26,,,1,30,,39169,26,,,1
3801,'Dimanche-10-_26ÉTÉ-0000001-',732,,39177,26,,,1,70,,39173,26,,,1,30,,39184,26,,,1,71,,39176,26,,,1,29,,39170,26,,,1,72,,39185,26,,,1,28,,39179,26,,,1,73,,39171,26,,,1,26,,39183,26,,,1,74,,39178,26,,,1,30,,39172,26,,,1,70,,39174,26,,,1,30,,39175,26,,,1,72,,39181,26,,,1,28,,39187,26,,,1,72,,39188,26,,,1,28,,39182,26,,,1,72,,39186,26,,,1,28,,39192,26,,,1,71,,39197,26,,,1,29,,39198,26,,,1,70,,39193,26,,,1,26,,39180,26,,,1,72,,39195,26,,,1,29,,39190,26,,,1,71,,39191,26,,,1,29,,39194,26,,,1,71,,39196,26,,,1,29,,39200,26,,,1,70,,39199,26,,,1,30,,39189,26,,,1,70,,39201,26,,,1,30,,39202,26,,,1
3801,'Semaine-1-_26ÉTÉ-1111100-',640,,39231,27,,,1,71,,39203,27,,,1,33,,39230,27,,,1,15,,39241,27,,,1,61,,39237,27,,,1,27,,39219,27,,,1,67,,39239,27,,,1,29,,39226,26,,,1,59,,39209,26,,,1,20,,39235,26,,,1,20,,39220,26,,,1,60,,39212,26,,,1,22,,39227,26,,,1,20,,39210,26,,,1,60,,39234,26,,,1,21,,39240,26,,,1,22,,39213,26,,,1,61,,39242,26,,,1,19,,39228,26,,,1,20,,39233,26,,,1,58,,39221,26,,,1,20,,39214,26,,,1,19,,39229,26,,,1,61,,39243,26,,,1,22,,39216,26,,,1,22,,39222,26,,,1,70,,39236,26,,,1,28,,39211,26,,,1,72,,39218,26,,,1,29,,39208,26,,,1,68,,39244,26,,,1,20,,39205,26,,,1,19,,39238,26,,,1,69,,39207,26,,,1,30,,39217,26,,,1,70,,39225,26,,,1,30,,39232,26,,,1,70,,39215,26,,,1,30,,39223,26,,,1,69,,39224,26,,,1,29,,39204,26,,,1,85,,39206,26,,,1
3801,'Semaine-10-_26ÉTÉ-1111100-',640,,39273,27,,,1,71,,39245,27,,,1,33,,39272,27,,,1,15,,39283,27,,,1,61,,39279,27,,,1,27,,39261,27,,,1,67,,39281,27,,,1,29,,39268,26,,,1,59,,39251,26,,,1,20,,39277,26,,,1,20,,39262,26,,,1,60,,39254,26,,,1,22,,39269,26,,,1,20,,39252,26,,,1,60,,39276,26,,,1,21,,39282,26,,,1,22,,39255,26,,,1,61,,39284,26,,,1,19,,39270,26,,,1,20,,39275,26,,,1,58,,39263,26,,,1,20,,39256,26,,,1,19,,39271,26,,,1,61,,39285,26,,,1,22,,39258,26,,,1,22,,39264,26,,,1,70,,39278,26,,,1,28,,39253,26,,,1,72,,39260,26,,,1,29,,39250,26,,,1,68,,39286,26,,,1,20,,39247,26,,,1,19,,39280,26,,,1,69,,39249,26,,,1,30,,39259,26,,,1,70,,39267,26,,,1,30,,39274,26,,,1,70,,39257,26,,,1,30,,39265,26,,,1,69,,39266,26,,,1,29,,39246,26,,,1,85,,39248,26,,,1
4000,'Semaine-1-_26ÉTÉ-1111100-',1500,,39577,1,,,2,29,,39573,1,,,2,71,,39576,1,,,1,30,,39575,1,,,1,73,,39574,1,,,1,29,,39578,1,,,2
4000,'Semaine-10-_26ÉTÉ-1111100-',1500,,39583,1,,,2,29,,39579,1,,,2,71,,39582,1,,,1,30,,39581,1,,,1,73,,39580,1,,,1,29,,39584,1,,,2
4100,'Semaine-1-_26ÉTÉ-1111100-',1510,,39598,1,,,2,28,,39600,1,,,1,72,,39599,1,,,2,30,,39597,1,,,1,70,,39601,1,,,1
4100,'Semaine-10-_26ÉTÉ-1111100-',1510,,39603,1,,,2,28,,39605,1,,,1,72,,39604,1,,,2,30,,39602,1,,,1,70,,39606,1,,,1
4500,'Semaine-1-_26ÉTÉ-1111100-',1448,,39630,1,,,1,70,,39625,1,,,2,32,,39626,1,,,2,71,,39628,1,,,1,29,,39629,1,,,1,70,,39627,1,,,2
4500,'Semaine-10-_26ÉTÉ-1111100-',1448,,39636,1,,,1,70,,39631,1,,,2,32,,39632,1,,,2,71,,39634,1,,,1,29,,39635,1,,,1,70,,39633,1,,,2
4700,'Semaine-1-_26ÉTÉ-1111100-',1505,,39649,1,,,2,100,,39651,1,,,2,103,,39650,1,,,2
4700,'Semaine-10-_26ÉTÉ-1111100-',1505,,39652,1,,,2,100,,39654,1,,,2,103,,39653,1,,,2
4800,'Semaine-1-_26ÉTÉ-1111100-',1659,,39663,1,,,1
4800,'Semaine-10-_26ÉTÉ-1111100-',1659,,39664,1,,,1
5501,'Samedi-0-_26ÉTÉ-0000010-',730,,40305,56,,,1,70,,40308,56,,,1,30,,40307,56,,,1,70,,40317,56,,,1,30,,40306,56,,,1,72,,40309,56,,,1,30,,40310,56,,,1,70,,40316,56,,,1,33,,40312,56,,,1,70,,40313,56,,,1,31,,40311,56,,,1,68,,40319,56,,,1,30,,40318,56,,,1,70,,40314,56,,,1,30,,40315,56,,,1,70,,40320,56,,,1,30,,40321,56,,,1,70,,40322,56,,,1,30,,40323,56,,,1,70,,40324,56,,,1,30,,40325,56,,,1,70,,40326,56,,,1,30,,40327,56,,,1,67,,40328,56,,,1,30,,40329,56,,,1,70,,40330,56,,,1,30,,40331,56,,,1,27,,40332,56,,,1,70,,40333,56,,,1,30,,40335,56,,,1,68,,40334,56,,,1,32,,40337,56,,,1,68,,40336,56,,,1
5501,'Dimanche-0-_26ÉTÉ-0000001-',730,,40339,56,,,1,70,,40344,56,,,1,30,,40340,56,,,1,70,,40348,56,,,1,30,,40351,56,,,1,72,,40343,56,,,1,30,,40355,56,,,1,70,,40349,56,,,1,33,,40350,56,,,1,70,,40341,56,,,1,31,,40338,56,,,1,68,,40345,56,,,1,30,,40352,56,,,1,70,,40342,56,,,1,30,,40353,56,,,1,70,,40347,56,,,1,30,,40346,56,,,1,70,,40356,56,,,1,30,,40360,56,,,1,70,,40354,56,,,1,30,,40357,56,,,1,70,,40367,56,,,1,30,,40364,56,,,1,67,,40369,56,,,1,30,,40370,56,,,1,70,,40358,56,,,1,30,,40361,56,,,1,27,,40359,56,,,1,70,,40362,56,,,1,30,,40363,56,,,1,68,,40366,56,,,1,32,,40368,56,,,1,68,,40365,56,,,1
5501,'Dimanche-10-_26ÉTÉ-0000001-',730,,40372,56,,,1,70,,40377,56,,,1,30,,40373,56,,,1,70,,40381,56,,,1,30,,40384,56,,,1,72,,40376,56,,,1,30,,40388,56,,,1,70,,40382,56,,,1,33,,40383,56,,,1,70,,40374,56,,,1,31,,40371,56,,,1,68,,40378,56,,,1,30,,40385,56,,,1,70,,40375,56,,,1,30,,40386,56,,,1,70,,40380,56,,,1,30,,40379,56,,,1,70,,40389,56,,,1,30,,40393,56,,,1,70,,40387,56,,,1,30,,40390,56,,,1,70,,40400,56,,,1,30,,40397,56,,,1,67,,40402,56,,,1,30,,40403,56,,,1,70,,40391,56,,,1,30,,40394,56,,,1,27,,40392,56,,,1,70,,40395,56,,,1,30,,40396,56,,,1,68,,40399,56,,,1,32,,40401,56,,,1,68,,40398,56,,,1
5501,'Semaine-1-_26ÉTÉ-1111100-',546,,40417,56,,,1,56,,40424,56,,,1,13,,40423,54,,,1,18,,40407,54,,,1,16,,40445,54,,,1,63,,40444,54,,,1,7,,40404,54,,,1,17,,40449,54,,,1,15,,40430,54,,,1,56,,40438,54,,,1,14,,40408,54,,,1,10,,40412,54,,,1,12,,40410,54,,,1,9,,40439,54,,,1,3,,40441,54,,,1,53,,40418,54,,,1,26,,40422,54,,,1,12,,40409,54,,,1,11,,40443,54,,,1,71,,40436,56,,,1,23,,40448,23,,,1,8,,40440,56,,,1,67,,40406,56,,,1,29,,40413,56,,,1,70,,40426,56,,,1,30,,40437,56,,,1,71,,40433,56,,,1,30,,40414,56,,,1,70,,40446,56,,,1,30,,40405,56,,,1,75,,40411,56,,,1,93,,40415,56,,,1,96,,40420,56,,,1,99,,40425,56,,,1,96,,40442,56,,,1,20,,40431,56,,,1,70,,40419,56,,,1,30,,40435,56,,,1,70,,40428,56,,,1,30,,40447,56,,,1,70,,40421,56,,,1,30,,40427,56,,,1,67,,40429,56,,,1,30,,40416,56,,,1,68,,40434,56,,,1,30,,40432,56,,,1
5501,'Semaine-10-_26ÉTÉ-1111100-',546,,40463,56,,,1,56,,40470,56,,,1,13,,40469,54,,,1,18,,40453,54,,,1,16,,40491,54,,,1,63,,40490,54,,,1,7,,40450,54,,,1,17,,40495,54,,,1,15,,40476,54,,,1,56,,40484,54,,,1,14,,40454,54,,,1,10,,40458,54,,,1,12,,40456,54,,,1,9,,40485,54,,,1,3,,40487,54,,,1,53,,40464,54,,,1,26,,40468,54,,,1,12,,40455,54,,,1,11,,40489,54,,,1,71,,40482,56,,,1,23,,40494,23,,,1,8,,40486,56,,,1,67,,40452,56,,,1,29,,40459,56,,,1,70,,40472,56,,,1,30,,40483,56,,,1,71,,40479,56,,,1,30,,40460,56,,,1,70,,40492,56,,,1,30,,40451,56,,,1,75,,40457,56,,,1,93,,40461,56,,,1,96,,40466,56,,,1,99,,40471,56,,,1,96,,40488,56,,,1,20,,40477,56,,,1,70,,40465,56,,,1,30,,40481,56,,,1,70,,40474,56,,,1,30,,40493,56,,,1,70,,40467,56,,,1,30,,40473,56,,,1,67,,40475,56,,,1,30,,40462,56,,,1,68,,40480,56,,,1,30,,40478,56,,,1
5901,'Samedi-0-_26ÉTÉ-0000010-',741,,40754,45,,,1,70,,40761,45,,,1,32,,40758,45,,,1,70,,40763,45,,,1,31,,40755,45,,,1,70,,40760,45,,,1,31,,40759,45,,,1,70,,40762,45,,,1,30,,40766,45,,,1,71,,40767,45,,,1,30,,40756,45,,,1,70,,40757,45,,,1,30,,40765,45,,,1,70,,40764,45,,,1,30,,40768,45,,,1,70,,40769,45,,,1,30,,40770,45,,,1,70,,40771,45,,,1,30,,40772,45,,,1,70,,40773,45,,,1,30,,40774,45,,,1,70,,40775,45,,,1,30,,40776,45,,,1,66,,40777,45,,,1,30,,40778,45,,,1,71,,40780,45,,,1,30,,40779,45,,,1,68,,40781,45,,,1,30,,40782,45,,,1,70,,40783,45,,,1,30,,40785,45,,,1,67,,40784,45,,,1
5901,'Dimanche-0-_26ÉTÉ-0000001-',741,,40792,45,,,1,70,,40795,45,,,1,32,,40797,45,,,1,70,,40788,45,,,1,31,,40791,45,,,1,70,,40794,45,,,1,31,,40798,45,,,1,70,,40786,45,,,1,30,,40789,45,,,1,71,,40803,45,,,1,30,,40796,45,,,1,70,,40787,45,,,1,30,,40790,45,,,1,70,,40793,45,,,1,30,,40800,45,,,1,70,,40799,45,,,1,30,,40802,45,,,1,70,,40804,45,,,1,30,,40801,45,,,1,70,,40810,45,,,1,30,,40811,45,,,1,70,,40807,45,,,1,30,,40806,45,,,1,66,,40816,45,,,1,30,,40813,45,,,1,71,,40814,45,,,1,30,,40805,45,,,1,68,,40808,45,,,1,30,,40812,45,,,1,70,,40809,45,,,1,30,,40815,45,,,1,67,,40817,45,,,1
5901,'Dimanche-10-_26ÉTÉ-0000001-',741,,40824,45,,,1,70,,40827,45,,,1,32,,40829,45,,,1,70,,40820,45,,,1,31,,40823,45,,,1,70,,40826,45,,,1,31,,40830,45,,,1,70,,40818,45,,,1,30,,40821,45,,,1,71,,40835,45,,,1,30,,40828,45,,,1,70,,40819,45,,,1,30,,40822,45,,,1,70,,40825,45,,,1,30,,40832,45,,,1,70,,40831,45,,,1,30,,40834,45,,,1,70,,40836,45,,,1,30,,40833,45,,,1,70,,40842,45,,,1,30,,40843,45,,,1,70,,40839,45,,,1,30,,40838,45,,,1,66,,40848,45,,,1,30,,40845,45,,,1,71,,40846,45,,,1,30,,40837,45,,,1,68,,40840,45,,,1,30,,40844,45,,,1,70,,40841,45,,,1,30,,40847,45,,,1,67,,40849,45,,,1
5901,'Semaine-1-_26ÉTÉ-1111100-',540,,40854,45,,,1,14,,40890,45,,,1,55,,40863,45,,,1,15,,40884,43,,,1,18,,40864,43,,,1,15,,40853,43,,,1,48,,40855,43,,,1,24,,40858,43,,,1,5,,40893,21,,,1,13,,40894,21,,,1,9,,40861,43,,,1,44,,40895,21,,,1,14,,40862,43,,,1,11,,40857,43,,,1,12,,40886,43,,,1,10,,40872,43,,,1,6,,40877,43,,,1,53,,40851,43,,,1,12,,40867,43,,,1,9,,40852,43,,,1,12,,40870,43,,,1,72,,40896,43,,,1,29,,40891,45,,,1,70,,40878,45,,,1,30,,40860,45,,,1,71,,40871,45,,,1,30,,40874,45,,,1,70,,40859,45,,,1,30,,40888,45,,,1,70,,40850,45,,,1,30,,40892,45,,,1,70,,40882,45,,,1,43,,40885,45,,,1,99,,40889,45,,,1,97,,40869,45,,,1,97,,40876,45,,,1,72,,40881,45,,,1,30,,40868,45,,,1,70,,40875,45,,,1,30,,40880,45,,,1,69,,40887,45,,,1,30,,40865,45,,,1,70,,40883,45,,,1,29,,40873,45,,,1,70,,40856,45,,,1,30,,40866,45,,,1,70,,40879,45,,,1
5901,'Semaine-10-_26ÉTÉ-1111100-',540,,40901,45,,,1,14,,40937,45,,,1,55,,40910,45,,,1,15,,40931,43,,,1,18,,40911,43,,,1,15,,40900,43,,,1,48,,40902,43,,,1,24,,40905,43,,,1,5,,40940,21,,,1,13,,40941,21,,,1,9,,40908,43,,,1,44,,40942,21,,,1,14,,40909,43,,,1,11,,40904,43,,,1,12,,40933,43,,,1,10,,40919,43,,,1,6,,40924,43,,,1,53,,40898,43,,,1,12,,40914,43,,,1,9,,40899,43,,,1,12,,40917,43,,,1,72,,40943,43,,,1,29,,40938,45,,,1,70,,40925,45,,,1,30,,40907,45,,,1,71,,40918,45,,,1,30,,40921,45,,,1,70,,40906,45,,,1,30,,40935,45,,,1,70,,40897,45,,,1,30,,40939,45,,,1,70,,40929,45,,,1,43,,40932,45,,,1,99,,40936,45,,,1,97,,40916,45,,,1,97,,40923,45,,,1,72,,40928,45,,,1,30,,40915,45,,,1,70,,40922,45,,,1,30,,40927,45,,,1,69,,40934,45,,,1,30,,40912,45,,,1,70,,40930,45,,,1,29,,40920,45,,,1,70,,40903,45,,,1,30,,40913,45,,,1,70,,40926,45,,,1
6701,'Samedi-0-_26ÉTÉ-0000010-',658,,41950,34,,,1,100,,41956,34,,,1,100,,41952,34,,,1,101,,41951,34,,,1,71,,41954,34,,,1,70,,41959,34,,,1,32,,41960,34,,,2,70,,41953,34,,,1,30,,41955,34,,,1,70,,41958,34,,,1,30,,41961,34,,,1,70,,41962,34,,,1,30,,41957,34,,,1,71,,41963,34,,,1,30,,41964,34,,,1,70,,41965,34,,,2,31,,41966,34,,,2,67,,41967,34,,,1,33,,41968,34,,,1,69,,41969,34,,,1,30,,41970,34,,,2,26,,41971,34,,,1,71,,41972,34,,,2,100,,41973,34,,,1,100,,41974,34,,,1,100,,41976,34,,,1,98,,41975,34,,,1
6701,'Dimanche-0-_26ÉTÉ-0000001-',658,,41977,34,,,1,100,,41982,34,,,1,100,,41985,34,,,1,101,,41980,34,,,1,71,,41978,34,,,1,70,,41979,34,,,1,32,,41981,34,,,2,70,,41989,34,,,1,30,,41983,34,,,1,70,,41987,34,,,1,30,,41984,34,,,1,70,,41992,34,,,1,30,,41993,34,,,1,71,,41990,34,,,1,30,,41995,34,,,1,70,,41986,34,,,2,31,,41998,34,,,2,67,,41991,34,,,1,33,,41988,34,,,1,69,,41996,34,,,1,30,,41999,34,,,2,26,,42003,34,,,1,71,,42002,34,,,2,100,,41994,34,,,1,100,,42000,34,,,1,100,,41997,34,,,1,98,,42001,34,,,1
6701,'Dimanche-10-_26ÉTÉ-0000001-',658,,42004,34,,,1,100,,42009,34,,,1,100,,42012,34,,,1,101,,42007,34,,,1,71,,42005,34,,,1,70,,42006,34,,,1,32,,42008,34,,,2,70,,42016,34,,,1,30,,42010,34,,,1,70,,42014,34,,,1,30,,42011,34,,,1,70,,42019,34,,,1,30,,42020,34,,,1,71,,42017,34,,,1,30,,42022,34,,,1,70,,42013,34,,,2,31,,42025,34,,,2,67,,42018,34,,,1,33,,42015,34,,,1,69,,42023,34,,,1,30,,42026,34,,,2,26,,42030,34,,,1,71,,42029,34,,,2,100,,42021,34,,,1,100,,42027,34,,,1,100,,42024,34,,,1,98,,42028,34,,,1
6701,'Semaine-1-_26ÉTÉ-1111100-',938,,42051,34,,,1,19,,42040,34,,,1,60,,42058,34,,,2,20,,42044,34,,,1,20,,42038,34,,,2,60,,42059,34,,,1,20,,42052,34,,,1,20,,42041,34,,,1,60,,42060,34,,,2,20,,42045,34,,,1,19,,42048,34,,,2,61,,42061,34,,,1,19,,42047,34,,,1,20,,42042,34,,,2,61,,42062,34,,,1,20,,42053,34,,,1,20,,42055,34,,,1,63,,42057,34,,,1,20,,42049,34,,,2,74,,42033,34,,,1,30,,42056,34,,,2,67,,42036,34,,,1,30,,42054,34,,,1,69,,42050,34,,,1,28,,42043,34,,,1,69,,42031,34,,,1,28,,42046,34,,,1,69,,42034,34,,,1,30,,42063,34,,,1,70,,42032,34,,,1,30,,42065,34,,,1,69,,42035,34,,,1,30,,42066,34,,,1,69,,42037,34,,,2,29,,42064,34,,,1,70,,42039,34,,,2
6701,'Semaine-10-_26ÉTÉ-1111100-',938,,42087,34,,,1,19,,42076,34,,,1,60,,42094,34,,,2,20,,42080,34,,,1,20,,42074,34,,,2,60,,42095,34,,,1,20,,42088,34,,,1,20,,42077,34,,,1,60,,42096,34,,,2,20,,42081,34,,,1,19,,42084,34,,,2,61,,42097,34,,,2,19,,42083,34,,,1,20,,42078,34,,,2,61,,42098,34,,,1,20,,42089,34,,,1,20,,42091,34,,,1,63,,42093,34,,,1,20,,42085,34,,,2,74,,42069,34,,,1,30,,42092,34,,,2,67,,42072,34,,,1,30,,42090,34,,,1,69,,42086,34,,,1,28,,42079,34,,,1,69,,42067,34,,,1,28,,42082,34,,,1,69,,42070,34,,,1,30,,42099,34,,,1,70,,42068,34,,,1,30,,42101,34,,,1,69,,42071,34,,,1,30,,42102,34,,,1,69,,42073,34,,,2,29,,42100,34,,,1,70,,42075,34,,,2
8501,'Semaine-1-_26ÉTÉ-1111100-',550,,43613,36,,,1,71,,43615,36,,,1,25,,43618,36,,,1,60,,43617,36,,,2,14,,43622,36,,,2,20,,43614,36,,,2,16,,43620,36,,,1,55,,43616,36,,,2,15,,43621,36,,,1,20,,43619,36,,,1
8501,'Semaine-10-_26ÉTÉ-1111100-',550,,43623,36,,,1,71,,43625,36,,,1,25,,43628,36,,,1,60,,43627,36,,,2,14,,43632,36,,,2,20,,43624,36,,,2,16,,43630,36,,,1,55,,43626,36,,,2,15,,43631,36,,,1,20,,43629,36,,,1
8701,'Semaine-1-_26ÉTÉ-1111100-',535,,43663,32,,,1,71,,43656,32,,,1,29,,43661,32,,,2,20,,43659,32,,,2,60,,43657,32,,,1,15,,43666,32,,,2,13,,43662,32,,,2,59,,43658,32,,,2,15,,43665,32,,,1,18,,43664,32,,,2,20,,43660,32,,,2,60,,43655,32,,,2
8701,'Semaine-10-_26ÉTÉ-1111100-',535,,43675,32,,,1,71,,43668,32,,,1,29,,43673,32,,,2,20,,43671,32,,,2,60,,43669,32,,,1,15,,43678,32,,,2,13,,43674,32,,,2,59,,43670,32,,,2,15,,43677,32,,,1,18,,43676,32,,,2,20,,43672,32,,,2,60,,43667,32,,,2
20001,'Semaine-1-_26ÉTÉ-1111100-',641,,44043,11,,,1,6,,44044,13,,,1,6,,44045,11,,,1,5,,44046,13,,,1,45,,44047,11,,,1,6,,44069,13,,,1,6,,44048,11,,,1,6,,44049,13,,,1,7,,44066,11,,,1,6,,44050,13,,,1,5,,44065,11,,,1,4,,44052,13,,,1,4,,44061,11,,,1,3,,44051,11,,,1,3,,44042,13,,,1,4,,44068,11,,,1,43,,44057,11,,,1,3,,44053,13,,,1,4,,44055,11,,,1,3,,44067,11,,,1,3,,44054,13,,,1,6,,44058,11,,,1,5,,44056,13,,,1,4,,44060,11,,,1,5,,44059,13,,,1,6,,44070,11,,,1,6,,44062,13,,,1,6,,44063,11,,,1,5,,44064,13,,,1,47,,44071,11,,,1
20001,'Semaine-10-_26ÉTÉ-1111100-',641,,44073,11,,,1,6,,44074,13,,,1,6,,44075,11,,,1,5,,44076,13,,,1,45,,44077,11,,,1,6,,44099,13,,,1,6,,44078,11,,,1,6,,44079,13,,,1,7,,44096,11,,,1,6,,44080,13,,,1,5,,44095,11,,,1,4,,44082,13,,,1,4,,44091,11,,,1,3,,44081,11,,,1,3,,44072,13,,,1,4,,44098,11,,,1,43,,44087,11,,,1,3,,44083,13,,,1,4,,44085,11,,,1,3,,44097,11,,,1,3,,44084,13,,,1,6,,44088,11,,,1,5,,44086,13,,,1,4,,44090,11,,,1,5,,44089,13,,,1,6,,44100,11,,,1,6,,44092,13,,,1,6,,44093,11,,,1,5,,44094,13,,,1,47,,44101,11,,,1
37101,'Samedi-0-_26ÉTÉ-0000010-',749,,44208,40,,,1,99,,44207,40,,,1,105,,44211,40,,,1,100,,44210,40,,,1,99,,44212,40,,,1,102,,44209,40,,,1,102,,44213,40,,,1,100,,44214,40,,,1,97,,44215,40,,,1,100,,44216,40,,,1,99,,44217,40,,,1,100,,44218,40,,,1,99,,44219,40,,,1,98,,44220,40,,,1,100,,44221,40,,,1,97,,44222,40,,,1,100,,44223,40,,,1
37101,'Dimanche-0-_26ÉTÉ-0000001-',749,,44227,40,,,1,99,,44224,40,,,1,105,,44228,40,,,1,100,,44225,40,,,1,99,,44231,40,,,1,102,,44226,40,,,1,102,,44229,40,,,1,100,,44234,40,,,1,97,,44230,40,,,1,100,,44235,40,,,1,99,,44240,40,,,1,100,,44232,40,,,1,99,,44233,40,,,1,98,,44237,40,,,1,100,,44239,40,,,1,97,,44236,40,,,1,100,,44238,40,,,1
37101,'Dimanche-10-_26ÉTÉ-0000001-',749,,44244,40,,,1,99,,44241,40,,,1,105,,44245,40,,,1,100,,44242,40,,,1,99,,44248,40,,,1,102,,44243,40,,,1,102,,44246,40,,,1,100,,44251,40,,,1,97,,44247,40,,,1,100,,44252,40,,,1,99,,44257,40,,,1,100,,44249,40,,,1,99,,44250,40,,,1,98,,44254,40,,,1,100,,44256,40,,,1,97,,44253,40,,,1,100,,44255,40,,,1
37101,'Semaine-1-_26ÉTÉ-1111100-',558,,44274,40,,,1,72,,44277,39,,,1,72,,44270,39,,,1,32,,44272,39,,,1,72,,44282,39,,,1,30,,44281,39,,,1,67,,44276,39,,,1,30,,44260,39,,,1,100,,44267,40,,,1,100,,44265,40,,,1,99,,44266,40,,,1,102,,44280,40,,,1,100,,44263,40,,,1,106,,44264,40,,,1,71,,44261,40,,,1,28,,44268,40,,,1,69,,44278,40,,,1,28,,44279,40,,,1,70,,44258,40,,,1,40,,44262,40,,,1,92,,44273,40,,,1,100,,44275,40,,,1,100,,44259,40,,,1,97,,44269,40,,,1,183,,44271,40,,,1
37101,'Semaine-10-_26ÉTÉ-1111100-',558,,44299,40,,,1,72,,44302,39,,,1,72,,44295,39,,,1,32,,44297,39,,,1,72,,44307,39,,,1,30,,44306,39,,,1,67,,44301,39,,,1,30,,44285,39,,,1,100,,44292,40,,,1,100,,44290,40,,,1,99,,44291,40,,,1,102,,44305,40,,,1,100,,44288,40,,,1,106,,44289,40,,,1,71,,44286,40,,,1,28,,44293,40,,,1,69,,44303,40,,,1,28,,44304,40,,,1,70,,44283,40,,,1,40,,44287,40,,,1,92,,44298,40,,,1,100,,44300,40,,,1,100,,44284,40,,,1,97,,44294,40,,,1,183,,44296,40,,,1
40001,'Samedi-0-_26ÉTÉ-0000010-',652,,44713,18,,,1,55,,44716,18,,,1,15,,44718,18,,,1,15,,44714,18,,,1,15,,44715,18,,,1,55,,44717,18,,,1,16,,44723,18,,,1,15,,44730,18,,,1,15,,44721,18,,,1,55,,44741,18,,,1,15,,44719,18,,,1,15,,44720,18,,,1,15,,44729,18,,,1,56,,44722,18,,,1,15,,44724,18,,,1,15,,44732,18,,,1,15,,44733,18,,,1,55,,44734,18,,,1,15,,44740,18,,,1,16,,44739,18,,,1,15,,44743,18,,,1,55,,44726,18,,,1,15,,44725,18,,,1,15,,44728,18,,,1,15,,44731,18,,,1,55,,44727,18,,,1,15,,44736,18,,,1,15,,44738,18,,,1,16,,44744,18,,,1,55,,44735,18,,,1,15,,44737,18,,,1,15,,44742,18,,,1,15,,44745,18,,,1,55,,44746,18,,,1,15,,44747,18,,,1,15,,44748,18,,,1,15,,44749,18,,,1,55,,44750,18,,,1,15,,44751,18,,,1,15,,44752,18,,,1,15,,44753,18,,,1,55,,44754,18,,,1,15,,44755,18,,,1,15,,44756,18,,,1,15,,44757,18,,,1,55,,44758,18,,,1,15,,44759,18,,,1,15,,44762,18,,,1,17,,44760,18,,,1,54,,44761,18,,,1,12,,44764,18,,,1,16,,44763,18,,,1,14,,44768,18,,,1,56,,44766,18,,,1,15,,44767,18,,,1,15,,44765,18,,,1,15,,44769,18,,,1,55,,44771,18,,,1,15,,44772,18,,,1,15,,44773,18,,,1,15,,44770,18,,,1,56,,44776,18,,,1,13,,44775,18,,,1,15,,44774,18,,,1,15,,44777,18,,,1,55,,44778,18,,,1,15,,44779,18,,,1,15,,44780,18,,,1,15,,44782,18,,,1,54,,44781,18,,,1,16,,44784,18,,,1,15,,44783,18,,,1,15,,44785,18,,,1
40001,'Dimanche-0-_26ÉTÉ-0000001-',652,,44786,18,,,1,55,,44789,18,,,1,15,,44797,18,,,1,15,,44802,18,,,1,15,,44787,18,,,1,55,,44792,18,,,1,16,,44798,18,,,1,15,,44808,18,,,1,15,,44788,18,,,1,55,,44790,18,,,1,15,,44796,18,,,1,15,,44801,18,,,1,15,,44804,18,,,1,56,,44793,18,,,1,15,,44817,18,,,1,15,,44809,18,,,1,15,,44799,18,,,1,55,,44810,18,,,1,15,,44813,18,,,1,16,,44822,18,,,1,15,,44791,18,,,1,55,,44819,18,,,1,15,,44818,18,,,1,15,,44820,18,,,1,15,,44800,18,,,1,55,,44794,18,,,1,15,,44823,18,,,1,15,,44821,18,,,1,16,,44806,18,,,1,55,,44803,18,,,1,15,,44811,18,,,1,15,,44816,18,,,1,15,,44827,18,,,1,55,,44795,18,,,1,15,,44824,18,,,1,15,,44814,18,,,1,15,,44807,18,,,1,55,,44805,18,,,1,15,,44812,18,,,1,15,,44815,18,,,1,15,,44834,18,,,1,55,,44838,18,,,1,15,,44830,18,,,1,15,,44847,18,,,1,15,,44826,18,,,1,55,,44841,18,,,1,15,,44831,18,,,1,15,,44848,18,,,1,17,,44835,18,,,1,54,,44839,18,,,1,12,,44854,18,,,1,16,,44846,18,,,1,14,,44825,18,,,1,56,,44840,18,,,1,15,,44845,18,,,1,15,,44849,18,,,1,15,,44828,18,,,1,55,,44833,18,,,1,15,,44837,18,,,1,15,,44843,18,,,1,15,,44858,18,,,1,56,,44851,18,,,1,13,,44844,18,,,1,15,,44853,18,,,1,15,,44856,18,,,1,55,,44832,18,,,1,15,,44836,18,,,1,15,,44842,18,,,1,15,,44857,18,,,1,54,,44850,18,,,1,16,,44829,18,,,1,15,,44852,18,,,1,15,,44855,18,,,1
40001,'Dimanche-10-_26ÉTÉ-0000001-',652,,44859,18,,,1,55,,44862,18,,,1,15,,44870,18,,,1,15,,44875,18,,,1,15,,44860,18,,,1,55,,44865,18,,,1,16,,44871,18,,,1,15,,44881,18,,,1,15,,44861,18,,,1,55,,44863,18,,,1,15,,44869,18,,,1,15,,44874,18,,,1,15,,44877,18,,,1,56,,44866,18,,,1,15,,44890,18,,,1,15,,44882,18,,,1,15,,44872,18,,,1,55,,44883,18,,,1,15,,44886,18,,,1,16,,44895,18,,,1,15,,44864,18,,,1,55,,44892,18,,,1,15,,44891,18,,,1,15,,44893,18,,,1,15,,44873,18,,,1,55,,44867,18,,,1,15,,44896,18,,,1,15,,44894,18,,,1,16,,44879,18,,,1,55,,44876,18,,,1,15,,44884,18,,,1,15,,44889,18,,,1,15,,44900,18,,,1,55,,44868,18,,,1,15,,44897,18,,,1,15,,44887,18,,,1,15,,44880,18,,,1,55,,44878,18,,,1,15,,44885,18,,,1,15,,44888,18,,,1,15,,44907,18,,,1,55,,44911,18,,,1,15,,44903,18,,,1,15,,44920,18,,,1,15,,44899,18,,,1,55,,44914,18,,,1,15,,44904,18,,,1,15,,44921,18,,,1,17,,44908,18,,,1,54,,44912,18,,,1,12,,44927,18,,,1,16,,44919,18,,,1,14,,44898,18,,,1,56,,44913,18,,,1,15,,44918,18,,,1,15,,44922,18,,,1,15,,44901,18,,,1,55,,44906,18,,,1,15,,44910,18,,,1,15,,44916,18,,,1,15,,44931,18,,,1,56,,44924,18,,,1,13,,44917,18,,,1,15,,44926,18,,,1,15,,44929,18,,,1,55,,44905,18,,,1,15,,44909,18,,,1,15,,44915,18,,,1,15,,44930,18,,,1,54,,44923,18,,,1,16,,44902,18,,,1,15,,44925,18,,,1,15,,44928,18,,,1
40001,'Semaine-1-_26ÉTÉ-1111100-',524,,45001,18,,,1,12,,45002,18,,,1,8,,45003,18,,,1,12,,45004,18,,,1,50,,45005,18,,,1,11,,45006,18,,,1,4,,45007,18,,,1,5,,45008,18,,,1,5,,45009,18,,,1,5,,45015,18,,,1,272,,45010,18,,,1,9,,45011,16,,,1,6,,45012,18,,,1,10,,45013,18,,,1,11,,45014,18,,,1,10,,44960,18,,,1,50,,44946,18,,,1,10,,44970,18,,,1,11,,44971,18,,,1,9,,45016,18,,,1,10,,44936,18,,,1,10,,45017,18,,,1,50,,44934,18,,,1,10,,44967,18,,,1,10,,44987,18,,,1,9,,44955,18,,,1,11,,44962,18,,,1,10,,44959,18,,,1,50,,44938,18,,,1,10,,44998,18,,,1,10,,44972,18,,,1,10,,44984,18,,,1,10,,44937,18,,,1,10,,44947,18,,,1,50,,44940,18,,,1,10,,44956,18,,,1,10,,44988,18,,,1,10,,44969,18,,,1,10,,44963,18,,,1,10,,44958,18,,,1,50,,44952,18,,,1,10,,44994,18,,,1,10,,44973,18,,,1,10,,44985,18,,,1,10,,45000,18,,,1,10,,44949,18,,,1,55,,44932,18,,,1,10,,44990,18,,,1,8,,44989,18,,,1,10,,44974,18,,,1,10,,44964,18,,,1,12,,44942,18,,,1,51,,44992,18,,,1,13,,44999,18,,,1,11,,44986,18,,,1,11,,45020,18,,,1,14,,44966,18,,,1,55,,44995,18,,,1,10,,45018,18,,,1,11,,44979,18,,,1,12,,44957,18,,,1,10,,44943,18,,,1,52,,44948,18,,,1,12,,45019,18,,,1,12,,44950,18,,,1,12,,44975,18,,,1,10,,44965,18,,,1,52,,44996,18,,,1,10,,44982,18,,,1,12,,44961,18,,,1,11,,44944,18,,,1,14,,44983,18,,,1,52,,45022,18,,,1,11,,45021,18,,,1,12,,44951,18,,,1,12,,44976,18,,,1,12,,44954,18,,,1,52,,44997,18,,,1,12,,44980,18,,,1,13,,44939,18,,,1,13,,45023,18,,,1,57,,44945,18,,,1,15,,44941,18,,,1,15,,44991,18,,,1,11,,44977,18,,,1,14,,44953,18,,,1,56,,44981,18,,,1,15,,44993,18,,,1,15,,44935,18,,,1,15,,44933,18,,,1,55,,44968,18,,,1,29,,44978,18,,,1
40001,'Semaine-10-_26ÉTÉ-1111100-',524,,45093,18,,,1,12,,45094,18,,,1,8,,45095,18,,,1,12,,45096,18,,,1,50,,45097,18,,,1,11,,45098,18,,,1,4,,45099,18,,,1,5,,45100,18,,,1,5,,45101,18,,,1,5,,45107,18,,,1,272,,45102,18,,,1,9,,45103,16,,,1,6,,45104,18,,,1,10,,45105,18,,,1,11,,45106,18,,,1,10,,45052,18,,,1,50,,45038,18,,,1,10,,45062,18,,,1,11,,45063,18,,,1,9,,45108,18,,,1,10,,45028,18,,,1,10,,45109,18,,,1,50,,45026,18,,,1,10,,45059,18,,,1,10,,45079,18,,,1,9,,45047,18,,,1,11,,45054,18,,,1,10,,45051,18,,,1,50,,45030,18,,,1,10,,45090,18,,,1,10,,45064,18,,,1,10,,45076,18,,,1,10,,45029,18,,,1,10,,45039,18,,,1,50,,45032,18,,,1,10,,45048,18,,,1,10,,45080,18,,,1,10,,45061,18,,,1,10,,45055,18,,,1,10,,45050,18,,,1,50,,45044,18,,,1,10,,45086,18,,,1,10,,45065,18,,,1,10,,45077,18,,,1,10,,45092,18,,,1,10,,45041,18,,,1,55,,45024,18,,,1,10,,45082,18,,,1,8,,45081,18,,,1,10,,45066,18,,,1,10,,45056,18,,,1,12,,45034,18,,,1,51,,45084,18,,,1,13,,45091,18,,,1,11,,45078,18,,,1,11,,45112,18,,,1,14,,45058,18,,,1,55,,45087,18,,,1,10,,45110,18,,,1,11,,45071,18,,,1,12,,45049,18,,,1,10,,45035,18,,,1,52,,45040,18,,,1,12,,45111,18,,,1,12,,45042,18,,,1,12,,45067,18,,,1,10,,45057,18,,,1,52,,45088,18,,,1,10,,45074,18,,,1,12,,45053,18,,,1,11,,45036,18,,,1,14,,45075,18,,,1,52,,45114,18,,,1,11,,45113,18,,,1,12,,45043,18,,,1,12,,45068,18,,,1,12,,45046,18,,,1,52,,45089,18,,,1,12,,45072,18,,,1,13,,45031,18,,,1,13,,45115,18,,,1,57,,45037,18,,,1,15,,45033,18,,,1,15,,45083,18,,,1,11,,45069,18,,,1,14,,45045,18,,,1,56,,45073,18,,,1,15,,45085,18,,,1,15,,45027,18,,,1,15,,45025,18,,,1,55,,45060,18,,,1,29,,45070,18,,,1
