1500,'Semaine-1-_26ÉTÉ-1111100-',1648,,37307,7,,,1
1500,'Semaine-10-_26ÉTÉ-1111100-',1648,,37308,7,,,1
1500,'Semaine-11-_26ÉTÉ-1111100-',1648,,45358,7,,,1
1500,'Semaine-12-_26ÉTÉ-1111100-',1648,,52366,7,,,1
1500,'Semaine-5-_26ÉTÉ-1111100-',1648,,49929,7,,,1
6900,'Samedi-0-_26ÉTÉ-0000010-',851,,42224,13,,,1,100,,42223,13,,,1,100,,42225,13,,,1,100,,42227,13,,,1,100,,42226,13,,,1,100,,42228,13,,,1,101,,42229,13,,,1,99,,42230,13,,,1,100,,42231,13,,,1,100,,42232,13,,,1,100,,42233,13,,,1,100,,42234,13,,,2,100,,42235,13,,,2,100,,42236,13,,,2,100,,42237,13,,,2
6900,'Dimanche-0-_26ÉTÉ-0000001-',851,,42240,13,,,1,100,,42241,13,,,1,100,,42238,13,,,1,100,,42239,13,,,1,100,,42242,13,,,1,100,,42243,13,,,1,101,,42246,13,,,1,99,,42247,13,,,1,100,,42244,13,,,1,100,,42245,13,,,1,100,,42252,13,,,1,100,,42250,13,,,2,100,,42251,13,,,2,100,,42248,13,,,2,100,,42249,13,,,2
6900,'Dimanche-10-_26ÉTÉ-0000001-',851,,42255,13,,,1,100,,42256,13,,,1,100,,42253,13,,,1,100,,42254,13,,,1,100,,42257,13,,,1,100,,42258,13,,,1,101,,42261,13,,,1,99,,42262,13,,,1,100,,42259,13,,,1,100,,42260,13,,,1,100,,42267,13,,,1,100,,42265,13,,,2,100,,42266,13,,,2,100,,42263,13,,,2,100,,42264,13,,,2
6900,'Dimanche-11-_26ÉTÉ-0000001-',851,,49506,13,,,1,100,,49507,13,,,1,100,,49504,13,,,1,100,,49505,13,,,1,100,,49508,13,,,1,100,,49509,13,,,1,101,,49512,13,,,1,99,,49513,13,,,1,100,,49510,13,,,1,100,,49511,13,,,1,100,,49518,13,,,1,100,,49516,13,,,2,100,,49517,13,,,2,100,,49514,13,,,2,100,,49515,13,,,2
6900,'Semaine-1-_26ÉTÉ-1111100-',844,,42277,13,,,1,101,,42278,13,,,2,100,,42279,13,,,2,100,,42280,13,,,2,95,,42281,13,,,2,100,,42282,13,,,1,100,,42286,13,,,2,70,,42273,13,,,1,30,,42270,13,,,2,71,,42268,13,,,1,29,,42283,13,,,2,72,,42274,13,,,2,28,,42284,13,,,2,70,,42287,13,,,2,30,,42285,13,,,2,80,,42276,13,,,2,100,,42275,13,,,2,100,,42269,13,,,1,100,,42272,13,,,1,100,,42271,13,,,1
6900,'Semaine-10-_26ÉTÉ-1111100-',844,,42297,13,,,1,101,,42298,13,,,2,100,,42299,13,,,2,100,,42300,13,,,2,95,,42301,13,,,2,100,,42302,13,,,1,100,,42306,13,,,2,70,,42293,13,,,1,30,,42290,13,,,2,71,,42288,13,,,1,29,,42303,13,,,2,72,,42294,13,,,2,28,,42304,13,,,2,70,,42307,13,,,2,30,,42305,13,,,2,80,,42296,13,,,2,100,,42295,13,,,2,100,,42289,13,,,2,100,,42292,13,,,2,100,,42291,13,,,2
6900,'Semaine-11-_26ÉTÉ-1111100-',844,,47512,13,,,1,101,,47513,13,,,2,100,,47514,13,,,2,100,,47515,13,,,2,95,,47516,13,,,2,100,,47517,13,,,1,100,,47521,13,,,2,70,,47508,13,,,1,30,,47505,13,,,2,71,,47503,13,,,1,29,,47518,13,,,2,72,,47509,13,,,2,28,,47519,13,,,2,70,,47522,13,,,2,30,,47520,13,,,2,80,,47511,13,,,2,100,,47510,13,,,2,100,,47504,13,,,1,100,,47507,13,,,1,100,,47506,13,,,1
6900,'Semaine-12-_26ÉTÉ-1111100-',844,,53849,13,,,1,101,,53850,13,,,2,100,,53851,13,,,2,100,,53852,13,,,2,95,,53853,13,,,2,100,,53854,13,,,1,100,,53858,13,,,2,70,,53845,13,,,1,30,,53842,13,,,2,71,,53840,13,,,1,29,,53855,13,,,2,72,,53846,13,,,2,28,,53856,13,,,2,70,,53859,13,,,2,30,,53857,13,,,2,80,,53848,13,,,2,100,,53847,13,,,2,100,,53841,13,,,1,100,,53844,13,,,1,100,,53843,13,,,1
6900,'Semaine-5-_26ÉTÉ-1111100-',844,,51416,13,,,1,101,,51417,13,,,2,100,,51418,13,,,2,100,,51419,13,,,2,95,,51420,13,,,2,100,,51421,13,,,1,100,,51425,13,,,2,70,,51412,13,,,1,30,,51409,13,,,2,71,,51407,13,,,1,29,,51422,13,,,2,72,,51413,13,,,2,28,,51423,13,,,2,70,,51426,13,,,2,30,,51424,13,,,2,80,,51415,13,,,2,100,,51414,13,,,2,100,,51408,13,,,1,100,,51411,13,,,1,100,,51410,13,,,1
