2300,'Semaine-1-_26ÉTÉ-1111100-',1553,,37342,20,,,1,68,,37340,20,,,1,30,,37338,20,,,1,71,,37339,20,,,2,28,,37341,20,,,2,65,,37337,20,,,2
2300,'Semaine-10-_26ÉTÉ-1111100-',1553,,37348,20,,,1,68,,37346,20,,,1,30,,37344,20,,,1,71,,37345,20,,,2,28,,37347,20,,,2,65,,37343,20,,,2
2500,'Semaine-1-_26ÉTÉ-1111100-',1537,,37359,19,,,1,71,,37362,19,,,1,30,,37360,19,,,1,73,,37364,19,,,1,28,,37361,19,,,1,66,,37363,19,,,1
2500,'Semaine-10-_26ÉTÉ-1111100-',1537,,37365,19,,,1,71,,37368,19,,,1,30,,37366,19,,,1,73,,37370,19,,,1,28,,37367,19,,,1,66,,37369,19,,,1
2600,'Semaine-1-_26ÉTÉ-1111100-',1606,,37385,26,,,1,32,,37384,26,,,1,69,,37383,26,,,2,31,,37386,26,,,1,65,,37387,26,,,1
2600,'Semaine-10-_26ÉTÉ-1111100-',1606,,37390,26,,,1,32,,37389,26,,,1,69,,37388,26,,,2,31,,37391,26,,,1,65,,37392,26,,,1
2800,'Semaine-1-_26ÉTÉ-1111100-',1609,,37421,29,,,2,38,,37422,29,,,2,95,,37423,29,,,1
2800,'Semaine-10-_26ÉTÉ-1111100-',1609,,37424,29,,,2,38,,37425,29,,,2,95,,37426,29,,,1
3400,'Samedi-0-_26ÉTÉ-0000010-',746,,38218,35,,,1,104,,38223,35,,,1,70,,38219,35,,,2,31,,38225,35,,,1,70,,38226,35,,,1,31,,38220,35,,,1,70,,38221,35,,,2,30,,38222,35,,,1,70,,38224,35,,,2,31,,38227,35,,,1,70,,38229,35,,,1,31,,38228,35,,,2,70,,38230,35,,,1,30,,38231,35,,,1,70,,38232,35,,,2,29,,38233,35,,,1,70,,38234,35,,,1,31,,38235,35,,,1,70,,38236,35,,,1,30,,38237,35,,,1,70,,38238,35,,,1,29,,38239,35,,,1,68,,38240,35,,,2,30,,38241,35,,,1,70,,38242,35,,,1,30,,38243,35,,,1,70,,38244,35,,,1,30,,38245,35,,,1,70,,38246,35,,,1,29,,38248,35,,,1,71,,38247,35,,,1,29,,38250,35,,,1,70,,38249,35,,,1,27,,38251,35,,,1
3400,'Dimanche-0-_26ÉTÉ-0000001-',746,,38256,35,,,1,104,,38260,35,,,1,70,,38258,35,,,2,31,,38253,35,,,1,70,,38261,35,,,1,31,,38264,35,,,1,70,,38263,35,,,2,30,,38252,35,,,1,70,,38254,35,,,2,31,,38265,35,,,1,70,,38255,35,,,1,31,,38257,35,,,2,70,,38259,35,,,1,30,,38268,35,,,1,70,,38262,35,,,2,29,,38266,35,,,1,70,,38269,35,,,1,31,,38273,35,,,1,70,,38278,35,,,1,30,,38270,35,,,1,70,,38271,35,,,1,29,,38281,35,,,1,68,,38272,35,,,2,30,,38277,35,,,1,70,,38267,35,,,1,30,,38274,35,,,1,70,,38276,35,,,1,30,,38279,35,,,1,70,,38285,35,,,1,29,,38280,35,,,1,71,,38282,35,,,1,29,,38275,35,,,1,70,,38283,35,,,1,27,,38284,35,,,1
3400,'Dimanche-10-_26ÉTÉ-0000001-',746,,38290,35,,,1,104,,38294,35,,,1,70,,38292,35,,,2,31,,38287,35,,,1,70,,38295,35,,,1,31,,38298,35,,,1,70,,38297,35,,,2,30,,38286,35,,,1,70,,38288,35,,,2,31,,38299,35,,,1,70,,38289,35,,,1,31,,38291,35,,,2,70,,38293,35,,,1,30,,38302,35,,,1,70,,38296,35,,,2,29,,38300,35,,,1,70,,38303,35,,,1,31,,38307,35,,,1,70,,38312,35,,,1,30,,38304,35,,,1,70,,38305,35,,,1,29,,38315,35,,,1,68,,38306,35,,,2,30,,38311,35,,,1,70,,38301,35,,,1,30,,38308,35,,,1,70,,38310,35,,,1,30,,38313,35,,,1,70,,38319,35,,,1,29,,38314,35,,,1,71,,38316,35,,,1,29,,38309,35,,,1,70,,38317,35,,,1,27,,38318,35,,,1
3400,'Semaine-1-_26ÉTÉ-1111100-',628,,38350,35,,,1,31,,38335,35,,,1,73,,38329,35,,,1,72,,38333,35,,,1,30,,38324,35,,,1,71,,38344,35,,,1,28,,38330,35,,,1,67,,38320,35,,,1,30,,38325,35,,,2,70,,38326,35,,,2,30,,38331,35,,,1,70,,38321,35,,,1,31,,38351,35,,,1,70,,38327,35,,,1,30,,38332,35,,,1,70,,38322,35,,,1,32,,38348,35,,,2,70,,38323,35,,,1,27,,38349,35,,,1,304,,38347,35,,,2,20,,38336,35,,,1,68,,38328,35,,,2,30,,38340,35,,,1,70,,38346,35,,,1,30,,38337,35,,,1,69,,38339,35,,,1,30,,38341,35,,,1,70,,38334,35,,,1,30,,38343,35,,,1,69,,38338,35,,,1,28,,38342,35,,,1,70,,38345,35,,,1
3400,'Semaine-10-_26ÉTÉ-1111100-',628,,38382,35,,,1,31,,38367,35,,,1,73,,38361,35,,,1,72,,38365,35,,,1,30,,38356,35,,,1,71,,38376,35,,,1,28,,38362,35,,,1,67,,38352,35,,,1,30,,38357,35,,,2,70,,38358,35,,,2,30,,38363,35,,,1,70,,38353,35,,,1,31,,38383,35,,,1,70,,38359,35,,,1,30,,38364,35,,,1,70,,38354,35,,,1,32,,38380,35,,,2,70,,38355,35,,,1,27,,38381,35,,,1,304,,38379,35,,,2,20,,38368,35,,,1,68,,38360,35,,,2,30,,38372,35,,,1,70,,38378,35,,,1,30,,38369,35,,,1,69,,38371,35,,,1,30,,38373,35,,,1,70,,38366,35,,,1,30,,38375,35,,,1,69,,38370,35,,,1,28,,38374,35,,,1,70,,38377,35,,,1
4901,'Samedi-0-_26ÉTÉ-0000010-',724,,39783,17,,,1,100,,39782,17,,,1,100,,39784,17,,,1,100,,39780,17,,,1,100,,39785,17,,,1,100,,39781,17,,,1,98,,39786,17,,,1,103,,39787,17,,,1,99,,39788,17,,,1,100,,39789,17,,,1,100,,39790,17,,,1,98,,39791,17,,,1,102,,39792,17,,,1,100,,39793,17,,,1,100,,39794,17,,,1,100,,39795,17,,,1,99,,39796,17,,,1
4901,'Dimanche-0-_26ÉTÉ-0000001-',724,,39801,17,,,1,100,,39797,17,,,1,100,,39800,17,,,1,100,,39802,17,,,1,100,,39799,17,,,1,100,,39798,17,,,1,98,,39804,17,,,1,103,,39805,17,,,1,99,,39803,17,,,1,100,,39809,17,,,1,100,,39813,17,,,1,98,,39806,17,,,1,102,,39807,17,,,1,100,,39808,17,,,1,100,,39810,17,,,1,100,,39811,17,,,1,99,,39812,17,,,1
4901,'Dimanche-10-_26ÉTÉ-0000001-',724,,39818,17,,,1,100,,39814,17,,,1,100,,39817,17,,,1,100,,39819,17,,,1,100,,39816,17,,,1,100,,39815,17,,,1,98,,39821,17,,,1,103,,39822,17,,,1,99,,39820,17,,,1,100,,39826,17,,,1,100,,39830,17,,,1,98,,39823,17,,,1,102,,39824,17,,,1,100,,39825,17,,,1,100,,39827,17,,,1,100,,39828,17,,,1,99,,39829,17,,,1
4901,'Semaine-1-_26ÉTÉ-1111100-',606,,39836,17,,,1,48,,39841,17,,,1,70,,39857,17,,,1,31,,39853,17,,,1,69,,39851,17,,,1,28,,39860,17,,,1,70,,39843,17,,,1,30,,39858,17,,,1,70,,39855,17,,,1,30,,39831,17,,,1,70,,39852,17,,,1,30,,39832,17,,,1,72,,39837,17,,,1,28,,39839,17,,,1,68,,39844,17,,,1,31,,39859,17,,,1,71,,39842,17,,,1,31,,39861,17,,,1,71,,39845,17,,,1,32,,39848,17,,,1,70,,39838,17,,,1,28,,39840,17,,,1,69,,39856,17,,,1,29,,39850,17,,,1,70,,39854,17,,,1,95,,39833,17,,,1,40,,39849,17,,,1,100,,39847,17,,,1,100,,39834,17,,,1,100,,39846,17,,,1,98,,39835,17,,,1
4901,'Semaine-10-_26ÉTÉ-1111100-',606,,39867,17,,,1,48,,39872,17,,,1,70,,39888,17,,,1,31,,39884,17,,,1,69,,39882,17,,,1,28,,39891,17,,,1,70,,39874,17,,,1,30,,39889,17,,,1,70,,39886,17,,,1,30,,39862,17,,,1,70,,39883,17,,,1,30,,39863,17,,,1,72,,39868,17,,,1,28,,39870,17,,,1,68,,39875,17,,,1,31,,39890,17,,,1,71,,39873,17,,,1,31,,39892,17,,,1,71,,39876,17,,,1,32,,39879,17,,,1,70,,39869,17,,,1,28,,39871,17,,,1,69,,39887,17,,,1,29,,39881,17,,,1,70,,39885,17,,,1,95,,39864,17,,,1,40,,39880,17,,,1,100,,39878,17,,,1,100,,39865,17,,,1,100,,39877,17,,,1,98,,39866,17,,,1
