3601,'Semaine-4',839,,33377,6,,,1,91,,33375,6,,,1,100,,33378,6,,,1,100,,33376,6,,,1,99,,33381,6,,,1,100,,33380,6,,,1,101,,33379,6,,,1
3701,'Samedi-3',645,,33448,6,,,1,100,,33453,6,,,1,100,,33447,6,,,1,100,,33452,6,,,1,101,,33449,6,,,1,99,,33450,6,,,1,100,,33454,6,,,1,100,,33451,6,,,1,100,,33455,6,,,1,100,,33456,6,,,1,100,,33457,6,,,1,100,,33458,6,,,1,100,,33459,6,,,1,102,,33460,6,,,1,98,,33461,6,,,1,99,,33462,6,,,1,100,,33463,6,,,1
3701,'Dimanche-3',645,,33464,6,,,1,100,,33468,6,,,1,100,,33469,6,,,1,100,,33471,6,,,1,101,,33470,6,,,1,99,,33466,6,,,1,100,,33465,6,,,1,100,,33467,6,,,1,100,,33472,6,,,1,100,,33476,6,,,1,100,,33479,6,,,1,100,,33473,6,,,1,100,,33474,6,,,1,102,,33480,6,,,1,98,,33478,6,,,1,99,,33475,6,,,1,100,,33477,6,,,1
3701,'Semaine-4',513,,33494,6,,,1,29,,33492,6,,,1,75,,33496,6,,,1,26,,33486,6,,,1,71,,33503,6,,,1,20,,33483,6,,,1,12,,33504,6,,,1,67,,33485,6,,,1,103,,33502,6,,,1,98,,33490,6,,,1,102,,33484,6,,,1,100,,33482,6,,,1,100,,33487,6,,,1,100,,33498,6,,,1,97,,33481,6,,,1,31,,33497,6,,,1,70,,33500,6,,,1,30,,33495,6,,,1,72,,33501,6,,,1,30,,33505,6,,,1,85,,33489,6,,,1,100,,33499,6,,,1,100,,33491,6,,,1,100,,33488,6,,,1,101,,33493,6,,,1
6401,'Samedi-3',714,,34855,6,,,1,100,,34852,6,,,1,100,,34854,6,,,1,100,,34857,6,,,1,100,,34853,6,,,2,100,,34858,6,,,1,100,,34856,6,,,1,100,,34859,6,,,2,100,,34860,6,,,1,100,,34861,6,,,1,100,,34862,6,,,1
6401,'Dimanche-3',714,,34867,6,,,1,100,,34865,6,,,1,100,,34870,6,,,1,100,,34863,6,,,1,100,,34869,6,,,2,100,,34871,6,,,1,100,,34864,6,,,1,100,,34868,6,,,2,100,,34866,6,,,1,100,,34872,6,,,1,100,,34873,6,,,1
6401,'Semaine-4',514,,34874,6,,,1,108,,34884,6,,,1,100,,34886,6,,,1,100,,34883,6,,,1,92,,34891,6,,,1,99,,34878,6,,,1,101,,34877,6,,,1,100,,34889,6,,,1,100,,34885,6,,,1,100,,34887,6,,,1,117,,34888,15,,,2,85,,34879,6,,,2,97,,34875,6,,,1,101,,34876,6,,,2,100,,34882,6,,,1,100,,34880,6,,,1,100,,34881,6,,,1,100,,34890,6,,,1
6800,'Semaine-4',604,,35358,6,,,1,30,,35368,6,,,1,68,,35366,6,,,1,34,,35375,6,,,1,68,,35372,6,,,1,30,,35349,6,,,1,70,,35373,6,,,1,30,,35350,6,,,1,70,,35355,6,,,1,30,,35374,6,,,1,70,,35360,6,,,1,30,,35353,6,,,1,75,,35370,6,,,1,31,,35351,6,0,17,1,4,,35361,6,,,1,70,,35369,6,,,1,30,,35362,6,,,1,71,,35356,6,,,1,29,,35359,6,,,1,60,,35367,6,,,1,21,,35377,6,,,1,23,,35363,6,,,1,58,,35371,6,,,1,19,,35365,6,,,1,20,,35379,6,,,1,59,,35376,6,,,1,10,,35364,6,,,1,10,,35378,6,,,1,20,,35352,6,,,1,70,,35357,6,,,1,30,,35354,6,,,1
37101,'Samedi-3',716,,36531,6,,,1,99,,36530,6,,,1,101,,36534,6,,,1,100,,36533,6,,,1,100,,36535,6,,,1,100,,36532,6,,,1,100,,36536,6,,,1,100,,36537,6,,,1,100,,36538,6,,,1,100,,36539,6,,,1,100,,36540,6,,,1,100,,36541,6,,,1,100,,36542,6,,,1,100,,36543,6,,,1,100,,36544,6,,,1,100,,36545,6,,,1,100,,36546,6,,,1
37101,'Dimanche-3',716,,36550,6,,,1,99,,36547,6,,,1,101,,36551,6,,,1,100,,36548,6,,,1,100,,36554,6,,,1,100,,36549,6,,,1,100,,36552,6,,,1,100,,36557,6,,,1,100,,36553,6,,,1,100,,36558,6,,,1,100,,36563,6,,,1,100,,36555,6,,,1,100,,36556,6,,,1,100,,36560,6,,,1,100,,36562,6,,,1,100,,36559,6,,,1,100,,36561,6,,,1
37101,'Semaine-4',524,,36580,6,,,1,29,,36583,6,,,1,70,,36576,6,,,1,29,,36578,6,,,1,71,,36588,6,,,1,30,,36587,6,,,1,70,,36582,6,,,1,30,,36566,6,,,1,100,,36573,6,,,1,101,,36571,6,,,1,99,,36572,6,,,1,100,,36586,6,,,1,104,,36569,6,,,1,97,,36570,6,,,1,69,,36567,6,,,1,30,,36574,6,,,1,70,,36584,6,,,1,30,,36585,6,,,1,70,,36564,6,,,1,80,,36568,6,,,1,97,,36579,6,,,1,100,,36581,6,,,1,100,,36565,6,,,1,100,,36575,6,,,1,145,,36577,6,,,1
43701,'Semaine-4',1501,,37087,6,0,9 14,1
