6401,'Samedi-0-_26ÉTÉ-0000010-',728,,41247,23,,,1,100,,41244,23,,,1,100,,41246,23,,,1,100,,41249,23,,,1,100,,41245,23,,,2,100,,41250,23,,,1,100,,41248,23,,,1,100,,41251,23,,,2,100,,41252,23,,,1,100,,41253,23,,,1,100,,41254,23,,,1
6401,'Dimanche-0-_26ÉTÉ-0000001-',728,,41259,23,,,1,100,,41257,23,,,1,100,,41262,23,,,1,100,,41255,23,,,1,100,,41261,23,,,2,100,,41263,23,,,1,100,,41256,23,,,1,100,,41260,23,,,2,100,,41258,23,,,1,100,,41264,23,,,1,100,,41265,23,,,1
6401,'Dimanche-10-_26ÉTÉ-0000001-',728,,41270,23,,,1,100,,41268,23,,,1,100,,41273,23,,,1,100,,41266,23,,,1,100,,41272,23,,,2,100,,41274,23,,,1,100,,41267,23,,,1,100,,41271,23,,,2,100,,41269,23,,,1,100,,41275,23,,,1,100,,41276,23,,,1
6401,'Semaine-1-_26ÉTÉ-1111100-',528,,41277,23,,,1,108,,41287,23,,,2,100,,41289,23,,,2,100,,41286,23,,,2,95,,41294,23,,,2,100,,41281,23,,,2,100,,41280,23,,,2,100,,41292,23,,,1,100,,41288,23,,,1,100,,41290,23,,,1,115,,41291,23,,,1,87,,41282,23,,,1,98,,41278,23,,,1,100,,41279,23,,,1,98,,41285,23,,,1,100,,41283,23,,,1,100,,41284,23,,,1,100,,41293,23,,,1
6401,'Semaine-10-_26ÉTÉ-1111100-',528,,41295,23,,,1,108,,41305,23,,,2,100,,41307,23,,,2,100,,41304,23,,,2,95,,41312,23,,,2,100,,41299,23,,,2,100,,41298,23,,,2,100,,41310,23,,,1,100,,41306,23,,,1,100,,41308,23,,,1,115,,41309,23,,,1,87,,41300,23,,,1,98,,41296,23,,,1,100,,41297,23,,,1,98,,41303,23,,,1,100,,41301,23,,,1,100,,41302,23,,,1,100,,41311,23,,,1
6601,'Samedi-0-_26ÉTÉ-0000010-',655,,41664,25,,,1,100,,41666,25,,,1,100,,41670,25,,,1,100,,41667,25,,,2,100,,41671,25,,,1,100,,41665,25,,,1,100,,41668,25,,,1,100,,41669,25,,,1,100,,41672,25,,,2,100,,41673,25,,,1,100,,41674,25,,,1,100,,41675,25,,,1,100,,41676,25,,,1,100,,41678,25,,,1,100,,41677,25,,,1,100,,41679,25,,,1,100,,41680,25,,,1,100,,41681,25,,,2
6601,'Dimanche-0-_26ÉTÉ-0000001-',655,,41683,25,,,1,100,,41687,25,,,1,100,,41688,25,,,1,100,,41689,25,,,2,100,,41691,25,,,1,100,,41682,25,,,1,100,,41690,25,,,1,100,,41684,25,,,1,100,,41685,25,,,2,100,,41686,25,,,1,100,,41695,25,,,1,100,,41697,25,,,1,100,,41693,25,,,1,100,,41694,25,,,1,100,,41692,25,,,1,100,,41696,25,,,1,100,,41698,25,,,1,100,,41699,25,,,2
6601,'Dimanche-10-_26ÉTÉ-0000001-',655,,41701,25,,,1,100,,41705,25,,,1,100,,41706,25,,,1,100,,41707,25,,,2,100,,41709,25,,,1,100,,41700,25,,,1,100,,41708,25,,,1,100,,41702,25,,,1,100,,41703,25,,,2,100,,41704,25,,,1,100,,41713,25,,,1,100,,41715,25,,,1,100,,41711,25,,,1,100,,41712,25,,,1,100,,41710,25,,,1,100,,41714,25,,,1,100,,41716,25,,,1,100,,41717,25,,,2
6601,'Semaine-1-_26ÉTÉ-1111100-',546,,41727,25,,,2,60,,41720,25,,,2,20,,41729,25,,,2,16,,41735,25,,,1,60,,41730,25,,,2,20,,41721,25,,,2,20,,41733,25,,,2,60,,41726,25,,,2,20,,41742,25,,,1,20,,41719,25,,,2,60,,41732,25,,,2,20,,41743,25,,,2,20,,41751,25,,,2,102,,41731,25,,,1,100,,41723,25,,,2,100,,41747,25,,,1,100,,41748,25,,,2,101,,41734,25,,,2,63,,41722,25,,,2,19,,41739,25,,,2,17,,41736,25,,,1,61,,41749,25,,,2,20,,41718,25,,,1,20,,41744,25,,,2,60,,41737,25,,,2,21,,41750,25,,,2,19,,41740,25,,,1,60,,41745,25,,,2,20,,41738,25,,,1,20,,41746,25,,,2,58,,41752,25,,,1,100,,41725,25,,,1,100,,41724,25,,,1,55,,41728,25,,,1,100,,41741,25,,,1
6601,'Semaine-10-_26ÉTÉ-1111100-',546,,41762,25,,,2,60,,41755,25,,,2,20,,41764,25,,,2,16,,41770,25,,,1,60,,41765,25,,,2,20,,41756,25,,,2,20,,41768,25,,,2,60,,41761,25,,,2,20,,41777,25,,,1,20,,41754,25,,,2,60,,41767,25,,,2,20,,41778,25,,,2,20,,41786,25,,,2,102,,41766,25,,,1,100,,41758,25,,,2,100,,41782,25,,,1,100,,41783,25,,,2,101,,41769,25,,,2,63,,41757,25,,,2,19,,41774,25,,,2,17,,41771,25,,,1,61,,41784,25,,,2,20,,41753,25,,,1,20,,41779,25,,,2,60,,41772,25,,,2,21,,41785,25,,,2,19,,41775,25,,,1,60,,41780,25,,,2,20,,41773,25,,,1,20,,41781,25,,,2,58,,41787,25,,,1,100,,41760,25,,,1,100,,41759,25,,,1,55,,41763,25,,,1,100,,41776,25,,,1
