7300,'Semaine-1-_26ÉTÉ-1111100-',629,,42757,25,,,1,30,,42755,25,,,2,73,,42758,25,,,2,69,,42765,25,,,1,30,,42759,25,,,1,28,,42760,25,,,2,100,,42762,25,,,1,100,,42746,25,,,1,100,,42743,25,,,1,100,,42744,25,,,2,100,,42745,25,,,2,141,,42747,25,,,2,29,,42748,25,,,1,30,,42766,25,,,1,76,,42763,25,,,2,24,,42764,25,,,2,70,,42761,25,,,1,30,,42749,25,,,1,70,,42750,25,,,1,28,,42751,25,,,1,100,,42752,25,,,1,145,,42753,25,,,2,100,,42754,25,,,1,100,,42756,25,,,2
7300,'Semaine-10-_26ÉTÉ-1111100-',629,,42781,25,,,1,30,,42779,25,,,2,73,,42782,25,,,2,69,,42789,25,,,1,30,,42783,25,,,1,28,,42784,25,,,2,100,,42786,25,,,1,100,,42770,25,,,1,100,,42767,25,,,1,100,,42768,25,,,2,100,,42769,25,,,2,141,,42771,25,,,2,29,,42772,25,,,1,30,,42790,25,,,1,76,,42787,25,,,2,24,,42788,25,,,2,70,,42785,25,,,1,30,,42773,25,,,1,70,,42774,25,,,1,28,,42775,25,,,1,100,,42776,25,,,1,145,,42777,25,,,2,100,,42778,25,,,1,100,,42780,25,,,2
7300,'Semaine-11-_26ÉTÉ-1111100-',629,,47724,25,,,1,30,,47722,25,,,2,73,,47725,25,,,2,69,,47732,25,,,1,30,,47726,25,,,1,28,,47727,25,,,2,100,,47729,25,,,1,100,,47713,25,,,1,100,,47710,25,,,1,100,,47711,25,,,2,100,,47712,25,,,2,141,,47714,25,,,2,29,,47715,25,,,1,30,,47733,25,,,1,76,,47730,25,,,2,24,,47731,25,,,2,70,,47728,25,,,1,30,,47716,25,,,1,70,,47717,25,,,1,28,,47718,25,,,1,100,,47719,25,,,1,145,,47720,25,,,2,100,,47721,25,,,1,100,,47723,25,,,2
7501,'Samedi-0-_26ÉTÉ-0000010-',643,,42974,22,,,1,98,,42973,22,,,2,100,,42979,22,,,2,100,,42977,22,,,1,100,,42978,22,,,1,101,,42975,22,,,2,100,,42976,22,,,1,98,,42980,22,,,2,101,,42981,22,,,1,100,,42982,22,,,1,99,,42983,22,,,2,101,,42984,22,,,1,100,,42985,22,,,2,100,,42986,22,,,1,100,,42987,22,,,2,100,,42988,22,,,2,100,,42989,22,,,2,101,,42990,22,,,2
7501,'Samedi-10-_26ÉTÉ-0000010-',643,,47817,22,,,1,98,,47816,22,,,2,100,,47822,22,,,2,100,,47820,22,,,1,100,,47821,22,,,1,101,,47818,22,,,2,100,,47819,22,,,1,98,,47823,22,,,2,101,,47824,22,,,1,100,,47825,22,,,1,99,,47826,22,,,2,101,,47827,22,,,1,100,,47828,22,,,2,100,,47829,22,,,1,100,,47830,22,,,2,100,,47831,22,,,2,100,,47832,22,,,2,101,,47833,22,,,2
7501,'Dimanche-0-_26ÉTÉ-0000001-',643,,42991,22,,,1,98,,42995,22,,,2,100,,42996,22,,,2,100,,42999,22,,,1,100,,43001,22,,,1,101,,42994,22,,,2,100,,42998,22,,,1,98,,42993,22,,,2,101,,42997,22,,,1,100,,42992,22,,,1,99,,43002,22,,,2,101,,43000,22,,,1,100,,43003,22,,,2,100,,43008,22,,,1,100,,43007,22,,,2,100,,43004,22,,,2,100,,43005,22,,,2,101,,43006,22,,,2
7501,'Dimanche-10-_26ÉTÉ-0000001-',643,,43009,22,,,1,98,,43013,22,,,2,100,,43014,22,,,2,100,,43017,22,,,1,100,,43019,22,,,1,101,,43012,22,,,2,100,,43016,22,,,1,98,,43011,22,,,2,101,,43015,22,,,1,100,,43010,22,,,1,99,,43020,22,,,2,101,,43018,22,,,1,100,,43021,22,,,2,100,,43026,22,,,1,100,,43025,22,,,2,100,,43022,22,,,2,100,,43023,22,,,2,101,,43024,22,,,2
7501,'Dimanche-11-_26ÉTÉ-0000001-',643,,49598,22,,,1,98,,49602,22,,,2,100,,49603,22,,,2,100,,49606,22,,,1,100,,49608,22,,,1,101,,49601,22,,,2,100,,49605,22,,,1,98,,49600,22,,,2,101,,49604,22,,,1,100,,49599,22,,,1,99,,49609,22,,,2,101,,49607,22,,,1,100,,49610,22,,,2,100,,49615,22,,,1,100,,49614,22,,,2,100,,49611,22,,,2,100,,49612,22,,,2,101,,49613,22,,,2
7501,'Semaine-1-_26ÉTÉ-1111100-',553,,43050,22,,,1,70,,43044,22,,,1,20,,43031,22,,,1,14,,43057,22,,,2,57,,43032,22,,,2,15,,43055,22,,,2,15,,43046,22,,,2,56,,43045,22,,,2,19,,43056,22,,,2,22,,43047,22,,,2,60,,43042,22,,,2,30,,43027,22,,,1,70,,43037,22,,,2,30,,43028,22,,,2,70,,43038,22,,,1,30,,43058,22,,,1,70,,43043,22,,,1,30,,43052,22,,,1,70,,43059,22,,,2,30,,43053,22,,,1,70,,43033,22,,,1,30,,43051,22,,,1,70,,43039,22,,,1,30,,43054,22,,,2,74,,43040,22,,,1,102,,43041,22,,,1,99,,43029,22,,,2,100,,43030,22,,,1,40,,43034,22,,,1,100,,43035,22,,,1,100,,43049,22,,,1,100,,43048,22,,,1,100,,43036,22,,,1
7501,'Semaine-10-_26ÉTÉ-1111100-',553,,43083,22,,,1,70,,43077,22,,,1,20,,43064,22,,,1,14,,43090,22,,,2,57,,43065,22,,,2,15,,43088,22,,,2,15,,43079,22,,,2,56,,43078,22,,,2,19,,43089,22,,,2,22,,43080,22,,,2,60,,43075,22,,,2,30,,43060,22,,,1,70,,43070,22,,,2,30,,43061,22,,,2,70,,43071,22,,,1,30,,43091,22,,,1,70,,43076,22,,,1,30,,43085,22,,,1,70,,43092,22,,,2,30,,43086,22,,,1,70,,43066,22,,,1,30,,43084,22,,,1,70,,43072,22,,,1,30,,43087,22,,,1,74,,43073,22,,,1,102,,43074,22,,,1,99,,43062,22,,,2,100,,43063,22,,,1,40,,43067,22,,,1,100,,43068,22,,,1,100,,43082,22,,,1,100,,43081,22,,,1,100,,43069,22,,,1
7501,'Semaine-11-_26ÉTÉ-1111100-',553,,47857,22,,,1,70,,47851,22,,,1,20,,47838,22,,,1,14,,47864,22,,,2,57,,47839,22,,,2,15,,47862,22,,,2,15,,47853,22,,,2,56,,47852,22,,,2,19,,47863,22,,,2,22,,47854,22,,,2,60,,47849,22,,,2,30,,47834,22,,,1,70,,47844,22,,,2,30,,47835,22,,,2,70,,47845,22,,,1,30,,47865,22,,,1,70,,47850,22,,,1,30,,47859,22,,,1,70,,47866,22,,,2,30,,47860,22,,,1,70,,47840,22,,,1,30,,47858,22,,,1,70,,47846,22,,,1,30,,47861,22,,,2,74,,47847,22,,,1,102,,47848,22,,,1,99,,47836,22,,,2,100,,47837,22,,,1,40,,47841,22,,,1,100,,47842,22,,,1,100,,47856,22,,,1,100,,47855,22,,,1,100,,47843,22,,,1
