6201,'Semaine-1-_26ÉTÉ-1111100-',534,,41000,35,,,2,70,,40994,35,,,2,30,,41010,35,,,1,71,,41005,35,,,2,29,,40990,35,,,2,72,,40991,35,,,2,29,,40995,35,,,2,69,,41004,35,,,1,51,,40996,35,,,1,100,,40992,35,,,2,100,,41001,35,,,2,100,,41008,35,,,2,100,,41011,35,,,2,100,,41002,35,,,1,95,,41012,35,,,1,83,,41007,35,,,1,85,,40993,35,,,1,37,,41006,35,,,2,68,,41009,35,,,1,100,,40999,35,,,1,100,,40998,35,,,1,85,,41003,35,,,1,100,,40997,35,,,1
6201,'Semaine-10-_26ÉTÉ-1111100-',534,,41023,35,,,2,70,,41017,35,,,2,30,,41033,35,,,1,71,,41028,35,,,2,29,,41013,35,,,2,72,,41014,35,,,2,29,,41018,35,,,2,69,,41027,35,,,1,51,,41019,35,,,1,100,,41015,35,,,2,100,,41024,35,,,2,100,,41031,35,,,2,100,,41034,35,,,2,100,,41025,35,,,1,95,,41035,35,,,1,83,,41030,35,,,1,85,,41016,35,,,1,37,,41029,35,,,2,68,,41032,35,,,1,100,,41022,35,,,2,100,,41021,35,,,1,85,,41026,35,,,1,100,,41020,35,,,1
6201,'Semaine-11-_26ÉTÉ-1111100-',534,,46963,35,,,2,70,,46957,35,,,2,30,,46973,35,,,1,71,,46968,35,,,2,29,,46953,35,,,2,72,,46954,35,,,2,29,,46958,35,,,2,69,,46967,35,,,1,51,,46959,35,,,1,100,,46955,35,,,2,100,,46964,35,,,2,100,,46971,35,,,2,100,,46974,35,,,2,100,,46965,35,,,1,95,,46975,35,,,1,83,,46970,35,,,1,85,,46956,35,,,1,37,,46969,35,,,2,68,,46972,35,,,1,100,,46962,35,,,1,100,,46961,35,,,1,85,,46966,35,,,1,100,,46960,35,,,1
6201,'Semaine-5-_26ÉTÉ-1111100-',534,,51044,35,,,2,70,,51038,35,,,2,30,,51054,35,,,1,71,,51049,35,,,2,29,,51034,35,,,2,72,,51035,35,,,2,29,,51039,35,,,2,69,,51048,35,,,1,51,,51040,35,,,1,100,,51036,35,,,2,100,,51045,35,,,2,100,,51052,35,,,2,100,,51055,35,,,2,100,,51046,35,,,1,95,,51056,35,,,1,83,,51051,35,,,1,85,,51037,35,,,1,37,,51050,35,,,2,68,,51053,35,,,1,100,,51043,35,,,1,100,,51042,35,,,1,85,,51047,35,,,1,100,,51041,35,,,1
6601,'Samedi-0-_26ÉTÉ-0000010-',643,,41664,4,,,1,100,,41666,4,,,1,100,,41670,4,,,1,100,,41667,4,,,2,100,,41671,4,,,1,100,,41665,4,,,1,100,,41668,4,,,1,100,,41669,4,,,1,100,,41672,4,,,2,100,,41673,4,,,1,100,,41674,4,,,1,100,,41675,4,,,1,100,,41676,4,,,1,100,,41678,4,,,1,100,,41677,4,,,1,100,,41679,4,,,1,100,,41680,4,,,1,100,,41681,4,,,2
6601,'Dimanche-0-_26ÉTÉ-0000001-',643,,41683,4,,,1,100,,41687,4,,,1,100,,41688,4,,,1,100,,41689,4,,,2,100,,41691,4,,,1,100,,41682,4,,,1,100,,41690,4,,,1,100,,41684,4,,,1,100,,41685,4,,,2,100,,41686,4,,,1,100,,41695,4,,,1,100,,41697,4,,,1,100,,41693,4,,,1,100,,41694,4,,,1,100,,41692,4,,,1,100,,41696,4,,,1,100,,41698,4,,,1,100,,41699,4,,,2
6601,'Dimanche-10-_26ÉTÉ-0000001-',643,,41701,4,,,1,100,,41705,4,,,1,100,,41706,4,,,1,100,,41707,4,,,2,100,,41709,4,,,1,100,,41700,4,,,1,100,,41708,4,,,1,100,,41702,4,,,1,100,,41703,4,,,2,100,,41704,4,,,1,100,,41713,4,,,1,100,,41715,4,,,1,100,,41711,4,,,1,100,,41712,4,,,1,100,,41710,4,,,1,100,,41714,4,,,1,100,,41716,4,,,1,100,,41717,4,,,2
6601,'Dimanche-11-_26ÉTÉ-0000001-',643,,49432,4,,,1,100,,49436,4,,,1,100,,49437,4,,,1,100,,49438,4,,,2,100,,49440,4,,,1,100,,49431,4,,,1,100,,49439,4,,,1,100,,49433,4,,,1,100,,49434,4,,,2,100,,49435,4,,,1,100,,49444,4,,,1,100,,49446,4,,,1,100,,49442,4,,,1,100,,49443,4,,,1,100,,49441,4,,,1,100,,49445,4,,,1,100,,49447,4,,,1,100,,49448,4,,,2
6601,'Semaine-1-_26ÉTÉ-1111100-',533,,41727,4,,,2,20,,41720,4,,,2,60,,41729,4,,,2,16,,41735,4,,,1,20,,41730,4,,,2,60,,41721,4,,,2,20,,41733,4,,,2,20,,41726,4,,,2,60,,41742,4,,,1,20,,41719,4,,,2,20,,41732,4,,,2,60,,41743,4,,,2,20,,41751,4,,,2,100,,41731,4,,,1,100,,41723,4,,,2,100,,41747,4,,,1,100,,41748,4,,,2,101,,41734,4,,,2,23,,41722,4,,,2,59,,41739,4,,,2,17,,41736,4,,,1,21,,41749,4,,,2,60,,41718,4,,,1,20,,41744,4,,,2,20,,41737,4,,,2,61,,41750,4,,,2,19,,41740,4,,,1,20,,41745,4,,,2,60,,41738,4,,,1,20,,41746,4,,,2,20,,41752,4,,,1,100,,41725,4,,,1,100,,41724,4,,,1,95,,41728,4,,,1,100,,41741,4,,,1
6601,'Semaine-10-_26ÉTÉ-1111100-',533,,41762,4,,,2,20,,41755,4,,,2,60,,41764,4,,,2,16,,41770,4,,,1,20,,41765,4,,,2,60,,41756,4,,,2,20,,41768,4,,,2,20,,41761,4,,,2,60,,41777,4,,,1,20,,41754,4,,,2,20,,41767,4,,,2,60,,41778,4,,,2,20,,41786,4,,,2,100,,41766,4,,,1,100,,41758,4,,,2,100,,41782,4,,,1,100,,41783,4,,,2,101,,41769,4,,,2,23,,41757,4,,,2,59,,41774,4,,,2,17,,41771,4,,,1,21,,41784,4,,,2,60,,41753,4,,,1,20,,41779,4,,,2,20,,41772,4,,,2,61,,41785,4,,,2,19,,41775,4,,,1,20,,41780,4,,,2,60,,41773,4,,,1,20,,41781,4,,,2,20,,41787,4,,,1,100,,41760,4,,,1,100,,41759,4,,,1,95,,41763,4,,,1,100,,41776,4,,,1
6601,'Semaine-11-_26ÉTÉ-1111100-',533,,47272,4,,,2,20,,47265,4,,,2,60,,47274,4,,,2,16,,47280,4,,,1,20,,47275,4,,,2,60,,47266,4,,,2,20,,47278,4,,,2,20,,47271,4,,,2,60,,47287,4,,,1,20,,47264,4,,,2,20,,47277,4,,,2,60,,47288,4,,,2,20,,47296,4,,,2,100,,47276,4,,,1,100,,47268,4,,,2,100,,47292,4,,,1,100,,47293,4,,,2,101,,47279,4,,,2,23,,47267,4,,,2,59,,47284,4,,,2,17,,47281,4,,,1,21,,47294,4,,,2,60,,47263,4,,,1,20,,47289,4,,,2,20,,47282,4,,,2,61,,47295,4,,,2,19,,47285,4,,,1,20,,47290,4,,,2,60,,47283,4,,,1,20,,47291,4,,,2,20,,47297,4,,,1,100,,47270,4,,,1,100,,47269,4,,,1,95,,47273,4,,,1,100,,47286,4,,,1
6601,'Semaine-5-_26ÉTÉ-1111100-',533,,51246,4,,,2,20,,51239,4,,,2,60,,51248,4,,,2,16,,51254,4,,,1,20,,51249,4,,,2,60,,51240,4,,,2,20,,51252,4,,,2,20,,51245,4,,,2,60,,51261,4,,,1,20,,51238,4,,,2,20,,51251,4,,,2,60,,51262,4,,,2,20,,51270,4,,,2,100,,51250,4,,,1,100,,51242,4,,,2,100,,51266,4,,,1,100,,51267,4,,,2,101,,51253,4,,,2,23,,51241,4,,,2,59,,51258,4,,,2,17,,51255,4,,,1,21,,51268,4,,,2,60,,51237,4,,,1,20,,51263,4,,,2,20,,51256,4,,,2,61,,51269,4,,,2,19,,51259,4,,,1,20,,51264,4,,,2,60,,51257,4,,,1,20,,51265,4,,,2,20,,51271,4,,,1,100,,51244,4,,,1,100,,51243,4,,,1,95,,51247,4,,,1,100,,51260,4,,,1
