7501,'Samedi-0-_26ÉTÉ-0000010-',628,,42974,1,,,1,97,,42973,1,,,2,100,,42979,1,,,2,100,,42977,1,,,1,100,,42978,1,,,1,101,,42975,1,,,2,100,,42976,1,,,1,98,,42980,1,,,2,99,,42981,1,,,1,100,,42982,1,,,1,100,,42983,1,,,2,101,,42984,1,,,1,100,,42985,1,,,2,101,,42986,1,,,1,100,,42987,1,,,2,100,,42988,1,,,2,100,,42989,1,,,2,103,,42990,1,,,2
7501,'Dimanche-0-_26ÉTÉ-0000001-',628,,42991,1,,,1,97,,42995,1,,,2,100,,42996,1,,,2,100,,42999,1,,,1,100,,43001,1,,,1,101,,42994,1,,,2,100,,42998,1,,,1,98,,42993,1,,,2,99,,42997,1,,,1,100,,42992,1,,,1,100,,43002,1,,,2,101,,43000,1,,,1,100,,43003,1,,,2,101,,43008,1,,,1,100,,43007,1,,,2,100,,43004,1,,,2,100,,43005,1,,,2,103,,43006,1,,,2
7501,'Dimanche-10-_26ÉTÉ-0000001-',628,,43009,1,,,1,97,,43013,1,,,2,100,,43014,1,,,2,100,,43017,1,,,1,100,,43019,1,,,1,101,,43012,1,,,2,100,,43016,1,,,1,98,,43011,1,,,2,99,,43015,1,,,1,100,,43010,1,,,1,100,,43020,1,,,2,101,,43018,1,,,1,100,,43021,1,,,2,101,,43026,1,,,1,100,,43025,1,,,2,100,,43022,1,,,2,100,,43023,1,,,2,103,,43024,1,,,2
7501,'Semaine-1-_26ÉTÉ-1111100-',536,,43050,1,,,1,70,,43044,1,,,1,20,,43031,1,,,1,13,,43057,1,,,2,17,,43032,1,,,2,55,,43055,1,,,2,15,,43046,1,,,2,16,,43045,1,,,2,59,,43056,1,,,2,22,,43047,1,,,2,21,,43042,1,,,2,70,,43027,1,,,1,30,,43037,1,,,2,70,,43028,1,,,2,30,,43038,1,,,1,70,,43058,1,,,1,30,,43043,1,,,1,70,,43052,1,,,1,30,,43059,1,,,2,70,,43053,1,,,1,30,,43033,1,,,1,70,,43051,1,,,1,30,,43039,1,,,1,70,,43054,1,,,2,34,,43040,1,,,1,102,,43041,1,,,1,100,,43029,1,,,2,100,,43030,1,,,1,80,,43034,1,,,1,100,,43035,1,,,1,100,,43049,1,,,1,100,,43048,1,,,1,100,,43036,1,,,1
7501,'Semaine-10-_26ÉTÉ-1111100-',536,,43083,1,,,1,70,,43077,1,,,1,20,,43064,1,,,1,13,,43090,1,,,2,17,,43065,1,,,2,55,,43088,1,,,2,15,,43079,1,,,2,16,,43078,1,,,2,59,,43089,1,,,2,22,,43080,1,,,2,21,,43075,1,,,2,70,,43060,1,,,1,30,,43070,1,,,2,70,,43061,1,,,2,30,,43071,1,,,1,70,,43091,1,,,1,30,,43076,1,,,1,70,,43085,1,,,1,30,,43092,1,,,2,70,,43086,1,,,1,30,,43066,1,,,1,70,,43084,1,,,1,30,,43072,1,,,1,70,,43087,1,,,1,34,,43073,1,,,1,102,,43074,1,,,1,100,,43062,1,,,2,100,,43063,1,,,1,80,,43067,1,,,1,100,,43068,1,,,1,100,,43082,1,,,1,100,,43081,1,,,1,100,,43069,1,,,1
7900,'Semaine-1-_26ÉTÉ-1111100-',1224,,43558,1,,,2,100,,43561,1,,,2,130,,43559,1,,,1,70,,43560,1,,,2,30,,43565,1,,,1,70,,43563,1,,,1,31,,43562,1,,,1,70,,43557,1,,,1,85,,43564,1,,,1,45,,43566,1,,,1
7900,'Semaine-10-_26ÉTÉ-1111100-',1224,,43569,1,,,2,100,,43572,1,,,2,130,,43570,1,,,1,70,,43571,1,,,2,30,,43576,1,,,1,70,,43574,1,,,1,31,,43573,1,,,1,70,,43568,1,,,1,85,,43575,1,,,1,45,,43577,1,,,1
9700,'Samedi-0-_26ÉTÉ-0000010-',813,,43743,1,,,2,100,,43746,1,,,2,100,,43741,1,,,1,100,,43742,1,,,1,100,,43745,1,,,2,100,,43744,1,,,2,100,,43747,1,,,1,100,,43748,1,,,2,100,,43749,1,,,2,100,,43750,1,,,1,100,,43755,1,,,1,100,,43751,1,,,1,100,,43752,1,,,1,100,,43753,1,,,1,100,,43754,1,,,2,100,,43756,1,,,1,100,,43757,1,,,1
9700,'Dimanche-0-_26ÉTÉ-0000001-',813,,43761,1,,,2,100,,43763,1,,,2,100,,43760,1,,,1,100,,43759,1,,,1,100,,43758,1,,,2,100,,43762,1,,,2,100,,43765,1,,,1,100,,43764,1,,,2,100,,43770,1,,,2,100,,43772,1,,,1,100,,43774,1,,,1,100,,43766,1,,,1,100,,43767,1,,,1,100,,43768,1,,,1,100,,43769,1,,,2,100,,43773,1,,,1,100,,43771,1,,,1
9700,'Dimanche-10-_26ÉTÉ-0000001-',813,,43778,1,,,2,100,,43780,1,,,2,100,,43777,1,,,1,100,,43776,1,,,1,100,,43775,1,,,2,100,,43779,1,,,2,100,,43782,1,,,1,100,,43781,1,,,2,100,,43787,1,,,2,100,,43789,1,,,1,100,,43791,1,,,1,100,,43783,1,,,1,100,,43784,1,,,1,100,,43785,1,,,1,100,,43786,1,,,2,100,,43790,1,,,1,100,,43788,1,,,1
9700,'Semaine-1-_26ÉTÉ-1111100-',645,,43810,1,,,1,66,,43811,1,,,1,97,,43800,1,,,2,101,,43796,1,,,1,96,,43809,1,,,2,100,,43804,1,,,2,100,,43801,1,,,1,100,,43806,1,,,2,101,,43792,1,,,1,94,,43797,1,,,1,103,,43805,1,,,1,56,,43807,5,,,2,143,,43798,5,,,2,35,,43793,5,,,2,19,,43802,1,,,1,102,,43794,1,,,2,100,,43803,1,,,1,100,,43799,1,,,1,142,,43795,1,,,2,110,,43808,1,,,1
9700,'Semaine-10-_26ÉTÉ-1111100-',645,,43830,1,,,1,66,,43831,1,,,1,97,,43820,1,,,2,101,,43816,1,,,1,96,,43829,1,,,2,100,,43824,1,,,2,100,,43821,1,,,1,100,,43826,1,,,2,101,,43812,1,,,1,94,,43817,1,,,1,103,,43825,1,,,1,56,,43827,5,,,2,143,,43818,5,,,2,35,,43813,5,,,2,19,,43822,1,,,1,102,,43814,1,,,2,100,,43823,1,,,1,100,,43819,1,,,1,142,,43815,1,,,2,110,,43828,1,,,1
