2001,'Semaine-1-_26ÉTÉ-1111100-',1552,,37331,21,,,1,101,,37332,21,,,1,99,,37333,21,,,2
2001,'Semaine-10-_26ÉTÉ-1111100-',1552,,37334,21,,,1,101,,37335,21,,,1,99,,37336,21,,,2
2301,'Semaine-1-_26ÉTÉ-1111100-',639,,37352,31,,,1,70,,37349,31,,,1,34,,37353,31,,,1,70,,37351,31,,,2,28,,37350,31,,,2
2301,'Semaine-10-_26ÉTÉ-1111100-',639,,37357,31,,,1,70,,37354,31,,,1,34,,37358,31,,,1,70,,37356,31,,,2,28,,37355,31,,,2
2501,'Semaine-1-_26ÉTÉ-1111100-',624,,37375,38,,,1,29,,37374,38,,,1,74,,37372,38,,,2,77,,37373,38,,,2,28,,37376,38,,,1,25,,37371,38,,,1
2501,'Semaine-10-_26ÉTÉ-1111100-',624,,37381,38,,,1,29,,37380,38,,,1,74,,37378,38,,,2,77,,37379,38,,,2,28,,37382,38,,,1,25,,37377,38,,,1
2601,'Semaine-1-_26ÉTÉ-1111100-',623,,37394,36,,,1,31,,37396,36,,,1,72,,37397,36,,,1,24,,37395,36,,,1,76,,37393,36,,,2
2601,'Semaine-10-_26ÉTÉ-1111100-',623,,37399,36,,,1,31,,37401,36,,,1,72,,37402,36,,,1,24,,37400,36,,,1,76,,37398,36,,,2
2701,'Semaine-1-_26ÉTÉ-1111100-',639,,37415,41,,,1,88,,37416,41,,,1,86,,37413,41,,,1,30,,37414,41,,,1
2701,'Semaine-10-_26ÉTÉ-1111100-',639,,37419,41,,,1,88,,37420,41,,,1,86,,37417,41,,,1,30,,37418,41,,,1
2901,'Semaine-1-_26ÉTÉ-1111100-',735,,37443,22,,,1,70,,37446,22,,,1,28,,37444,22,,,1,68,,37445,22,,,1
2901,'Semaine-10-_26ÉTÉ-1111100-',735,,37447,22,,,1,70,,37450,22,,,1,28,,37448,22,,,1,68,,37449,22,,,1
3100,'Samedi-0-_26ÉTÉ-0000010-',728,,37452,14,,,1,30,,37453,14,,,1,142,,37454,14,,,1,101,,37451,14,,,1,103,,37457,14,,,1,100,,37458,14,,,1,101,,37455,14,,,1,100,,37456,14,,,1,100,,37459,14,,,1,102,,37460,14,,,1,98,,37461,14,,,1,100,,37462,14,,,1,53,,37468,14,,,1,100,,37463,14,,,1,99,,37464,14,,,1,100,,37465,14,,,1,100,,37466,14,,,1,100,,37467,14,,,1,97,,37469,14,,,1
3100,'Dimanche-0-_26ÉTÉ-0000001-',728,,37474,14,,,1,30,,37475,14,,,1,142,,37476,14,,,1,101,,37477,14,,,1,103,,37470,14,,,1,100,,37471,14,,,1,101,,37472,14,,,1,100,,37473,14,,,1,100,,37479,14,,,1,102,,37480,14,,,1,98,,37478,14,,,1,100,,37481,14,,,1,53,,37484,14,,,1,100,,37488,14,,,1,99,,37482,14,,,1,100,,37483,14,,,1,100,,37486,14,,,1,100,,37485,14,,,1,97,,37487,14,,,1
3100,'Dimanche-10-_26ÉTÉ-0000001-',728,,37493,14,,,1,30,,37494,14,,,1,142,,37495,14,,,1,101,,37496,14,,,1,103,,37489,14,,,1,100,,37490,14,,,1,101,,37491,14,,,1,100,,37492,14,,,1,100,,37498,14,,,1,102,,37499,14,,,1,98,,37497,14,,,1,100,,37500,14,,,1,53,,37503,14,,,1,100,,37507,14,,,1,99,,37501,14,,,1,100,,37502,14,,,1,100,,37505,14,,,1,100,,37504,14,,,1,97,,37506,14,,,1
3100,'Semaine-1-_26ÉTÉ-1111100-',1906,,37527,14,,,1,97,,37545,14,,,1,101,,37528,14,,,1,100,,37524,14,,,1,99,,37529,14,,,1,102,,37531,14,,,1,103,,37543,14,,,1
3100,'Semaine-10-_26ÉTÉ-1111100-',1906,,37573,14,,,1,97,,37591,14,,,1,101,,37574,14,,,1,100,,37570,14,,,1,99,,37575,14,,,1,102,,37577,14,,,1,103,,37589,14,,,1
3201,'Semaine-1-_26ÉTÉ-1111100-',535,,37885,34,,,2,20,,37884,34,,,1,60,,37876,34,,,2,21,,37886,34,,,1,10,,37866,34,,,2,11,,37887,34,,,1,50,,37867,34,,,2,12,,37868,34,,,1,8,,37860,34,,,1,10,,37863,34,,,1,8,,37889,34,,,1,8,,37869,34,,,1,49,,37864,34,,,1,7,,37877,34,,,2,8,,37859,34,,,1,9,,37870,34,,,1,8,,37888,34,,,1,8,,37858,34,,,1,10,,37857,34,,,2,50,,37862,34,,,1,9,,37865,34,,,1,9,,37871,34,,,1,21,,37845,34,,,1,68,,37855,35,,,2,30,,37848,35,,,1,70,,37851,35,,,2,30,,37844,35,,,1,70,,37854,35,,,2,30,,37849,35,,,1,70,,37856,35,,,1,30,,37838,35,,,1,70,,37843,35,,,2,30,,37850,35,,,1,71,,37861,35,,,1,33,,37878,35,,,1,68,,37879,35,,,1,31,,37880,35,,,1,71,,37881,35,,,1,27,,37882,35,,,1,70,,37883,35,,,1,30,,37841,35,,,1,68,,37839,35,,,1,29,,37852,35,,,1,70,,37847,35,,,1,30,,37842,35,,,1,70,,37840,35,,,1,30,,37853,35,,,1,69,,37846,35,,,1,30,,37873,35,,,2,70,,37872,35,,,1,28,,37874,35,,,1,70,,37875,35,,,1
3201,'Semaine-10-_26ÉTÉ-1111100-',535,,37937,34,,,2,20,,37936,34,,,1,60,,37928,34,,,2,21,,37938,34,,,1,10,,37918,34,,,2,11,,37939,34,,,1,50,,37919,34,,,2,12,,37920,34,,,1,8,,37912,34,,,1,10,,37915,34,,,1,8,,37941,34,,,1,8,,37921,34,,,1,49,,37916,34,,,1,7,,37929,34,,,2,8,,37911,34,,,1,9,,37922,34,,,1,8,,37940,34,,,1,8,,37910,34,,,1,10,,37909,34,,,2,50,,37914,34,,,1,9,,37917,34,,,1,9,,37923,34,,,1,21,,37897,34,,,1,68,,37907,35,,,2,30,,37900,35,,,1,70,,37903,35,,,2,30,,37896,35,,,1,70,,37906,35,,,2,30,,37901,35,,,1,70,,37908,35,,,1,30,,37890,35,,,1,70,,37895,35,,,1,30,,37902,35,,,1,71,,37913,35,,,1,33,,37930,35,,,1,68,,37931,35,,,1,31,,37932,35,,,1,71,,37933,35,,,1,27,,37934,35,,,1,70,,37935,35,,,1,30,,37893,35,,,1,68,,37891,35,,,1,29,,37904,35,,,1,70,,37899,35,,,1,30,,37894,35,,,1,70,,37892,35,,,1,30,,37905,35,,,1,69,,37898,35,,,1,30,,37925,35,,,2,70,,37924,35,,,1,28,,37926,35,,,1,70,,37927,35,,,1
3301,'Samedi-0-_26ÉTÉ-0000010-',736,,38084,43,,,1,100,,38085,43,,,1,100,,38082,43,,,2,100,,38088,43,,,1,100,,38089,43,,,1,101,,38083,43,,,1,100,,38086,43,,,1,100,,38087,43,,,1,102,,38090,43,,,1,98,,38091,43,,,1,100,,38092,43,,,1,96,,38099,43,,,1,100,,38093,43,,,1,100,,38094,43,,,1,100,,38095,43,,,1,100,,38096,43,,,1,100,,38097,43,,,1,99,,38098,43,,,1
3301,'Dimanche-0-_26ÉTÉ-0000001-',736,,38104,43,,,1,100,,38105,43,,,1,100,,38106,43,,,2,100,,38100,43,,,1,100,,38101,43,,,1,101,,38102,43,,,1,100,,38103,43,,,1,100,,38108,43,,,1,102,,38109,43,,,1,98,,38107,43,,,1,100,,38110,43,,,1,96,,38113,43,,,1,100,,38117,43,,,1,100,,38111,43,,,1,100,,38112,43,,,1,100,,38115,43,,,1,100,,38114,43,,,1,99,,38116,43,,,1
3301,'Dimanche-10-_26ÉTÉ-0000001-',736,,38122,43,,,1,100,,38123,43,,,1,100,,38124,43,,,2,100,,38118,43,,,1,100,,38119,43,,,1,101,,38120,43,,,1,100,,38121,43,,,1,100,,38126,43,,,1,102,,38127,43,,,1,98,,38125,43,,,1,100,,38128,43,,,1,96,,38131,43,,,1,100,,38135,43,,,1,100,,38129,43,,,1,100,,38130,43,,,1,100,,38133,43,,,1,100,,38132,43,,,1,99,,38134,43,,,1
3301,'Semaine-1-_26ÉTÉ-1111100-',625,,38159,43,,,2,22,,38167,43,,,2,64,,38144,43,,,1,17,,38164,43,,,1,18,,38160,43,,,2,4,,38155,43,,,1,9,,38175,43,,,1,51,,38173,43,,,2,22,,38162,43,,,2,12,,38150,43,,,1,10,,38166,43,,,2,54,,38140,43,,,1,30,,38152,43,,,1,68,,38158,43,,,1,31,,38148,43,,,2,68,,38169,43,,,1,31,,38153,43,,,1,69,,38145,43,,,1,32,,38147,43,,,1,20,,38165,43,,,1,46,,38174,43,,,1,28,,38156,43,,,1,69,,38146,43,,,1,31,,38151,43,,,1,74,,38154,44,,,1,12,,38176,44,,,1,19,,38157,44,,,1,18,,38149,44,,,2,53,,38161,44,,,2,33,,38142,44,,,1,68,,38172,44,,,1,23,,38139,44,,,2,26,,38136,44,,,2,68,,38170,43,,,1,82,,38143,43,,,1,30,,38138,43,,,1,97,,38141,43,,,1,80,,38163,43,,,1,105,,38168,43,,,1,97,,38137,43,,,1,124,,38171,43,,,1
3301,'Semaine-10-_26ÉTÉ-1111100-',625,,38200,43,,,2,22,,38208,43,,,2,64,,38185,43,,,1,17,,38205,43,,,1,18,,38201,43,,,2,4,,38196,43,,,1,9,,38216,43,,,1,51,,38214,43,,,2,22,,38203,43,,,2,12,,38191,43,,,1,10,,38207,43,,,2,54,,38181,43,,,1,30,,38193,43,,,1,68,,38199,43,,,1,31,,38189,43,,,2,68,,38210,43,,,1,31,,38194,43,,,1,69,,38186,43,,,1,32,,38188,43,,,1,20,,38206,43,,,1,46,,38215,43,,,1,28,,38197,43,,,1,69,,38187,43,,,1,31,,38192,43,,,1,74,,38195,44,,,1,12,,38217,44,,,1,19,,38198,44,,,1,18,,38190,44,,,2,53,,38202,44,,,2,33,,38183,44,,,1,68,,38213,44,,,1,23,,38180,44,,,2,26,,38177,44,,,2,68,,38211,43,,,1,82,,38184,43,,,1,30,,38179,43,,,1,97,,38182,43,,,1,80,,38204,43,,,1,105,,38209,43,,,1,97,,38178,43,,,1,124,,38212,43,,,1
3401,'Samedi-0-_26ÉTÉ-0000010-',725,,38384,56,,,1,100,,38387,56,,,2,30,,38396,56,,,1,73,,38385,56,,,1,29,,38390,56,,,1,70,,38392,56,,,1,31,,38386,56,,,2,70,,38395,56,,,1,73,,38388,56,,,1,30,,38397,56,,,1,69,,38389,56,,,1,30,,38391,56,,,1,70,,38393,56,,,2,30,,38394,56,,,2,70,,38398,56,,,1,30,,38399,56,,,2,70,,38400,56,,,1,30,,38401,56,,,1,71,,38402,56,,,1,29,,38403,56,,,1,70,,38404,56,,,2,29,,38405,56,,,1,27,,38406,56,,,1,70,,38408,56,,,1,31,,38407,56,,,2,70,,38409,56,,,1,30,,38410,56,,,2,68,,38411,56,,,1,30,,38413,56,,,1,70,,38412,56,,,1,30,,38414,56,,,1,96,,38415,56,,,1
3401,'Dimanche-0-_26ÉTÉ-0000001-',725,,38417,56,,,1,100,,38428,56,,,2,30,,38421,56,,,1,73,,38424,56,,,1,29,,38423,56,,,1,70,,38432,56,,,1,31,,38429,56,,,2,70,,38416,56,,,1,73,,38427,56,,,1,30,,38420,56,,,1,69,,38418,56,,,1,30,,38419,56,,,1,70,,38422,56,,,2,30,,38430,56,,,2,70,,38426,56,,,1,30,,38425,56,,,2,70,,38431,56,,,1,30,,38436,56,,,1,71,,38434,56,,,1,29,,38440,56,,,1,70,,38443,56,,,2,29,,38433,56,,,1,27,,38442,56,,,1,70,,38435,56,,,1,31,,38439,56,,,2,70,,38446,56,,,1,30,,38438,56,,,2,68,,38437,56,,,1,30,,38444,56,,,1,70,,38445,56,,,1,30,,38441,56,,,1,96,,38447,56,,,1
3401,'Dimanche-10-_26ÉTÉ-0000001-',725,,38449,56,,,1,100,,38460,56,,,2,30,,38453,56,,,1,73,,38456,56,,,1,29,,38455,56,,,1,70,,38464,56,,,1,31,,38461,56,,,2,70,,38448,56,,,1,73,,38459,56,,,1,30,,38452,56,,,1,69,,38450,56,,,1,30,,38451,56,,,1,70,,38454,56,,,2,30,,38462,56,,,2,70,,38458,56,,,1,30,,38457,56,,,2,70,,38463,56,,,1,30,,38468,56,,,1,71,,38466,56,,,1,29,,38472,56,,,1,70,,38475,56,,,2,29,,38465,56,,,1,27,,38474,56,,,1,70,,38467,56,,,1,31,,38471,56,,,2,70,,38478,56,,,1,30,,38470,56,,,2,68,,38469,56,,,1,30,,38476,56,,,1,70,,38477,56,,,1,30,,38473,56,,,1,96,,38479,56,,,1
3401,'Semaine-1-_26ÉTÉ-1111100-',930,,38505,55,,,2,73,,38485,55,,,1,30,,38489,56,,,1,70,,38509,56,,,1,30,,38482,56,,,1,70,,38486,56,,,1,30,,38490,56,,,2,70,,38480,56,,,1,31,,38483,56,,,1,69,,38487,56,,,1,32,,38491,56,,,1,70,,38484,56,,,1,30,,38506,56,,,1,73,,38481,56,,,2,33,,38507,56,,,1,70,,38508,56,,,1,31,,38502,56,,,1,65,,38498,56,,,2,26,,38488,56,,,1,69,,38495,56,,,1,29,,38504,56,,,1,69,,38492,56,,,1,30,,38494,56,,,1,70,,38496,56,,,1,30,,38500,56,,,2,70,,38493,56,,,1,30,,38499,56,,,1,28,,38497,56,,,1,70,,38501,56,,,1,30,,38503,56,,,1
3401,'Semaine-10-_26ÉTÉ-1111100-',930,,38535,55,,,2,73,,38515,55,,,1,30,,38519,56,,,1,70,,38539,56,,,1,30,,38512,56,,,1,70,,38516,56,,,1,30,,38520,56,,,2,70,,38510,56,,,1,31,,38513,56,,,1,69,,38517,56,,,1,32,,38521,56,,,1,70,,38514,56,,,1,30,,38536,56,,,1,73,,38511,56,,,2,33,,38537,56,,,1,70,,38538,56,,,1,31,,38532,56,,,1,65,,38528,56,,,2,26,,38518,56,,,1,69,,38525,56,,,1,29,,38534,56,,,1,69,,38522,56,,,1,30,,38524,56,,,1,70,,38526,56,,,1,30,,38530,56,,,2,70,,38523,56,,,1,30,,38529,56,,,1,28,,38527,56,,,1,70,,38531,56,,,1,30,,38533,56,,,1
3501,'Semaine-1-_26ÉTÉ-1111100-',559,,38639,28,,,1,81,,38614,29,,,2,62,,38621,29,,,2,22,,38630,40,,,2,15,,38636,29,,,1,62,,38641,40,,,1,14,,38617,29,,,1,28,,38637,29,,,1,62,,38642,29,,,1,28,,38623,28,,,1,70,,38625,28,,,1,32,,38616,28,,,1,70,,38622,28,,,2,30,,38632,28,,,1,70,,38615,28,,,1,30,,38629,28,,,2,70,,38631,28,,,1,30,,38634,28,,,2,70,,38619,28,,,2,32,,38643,28,,,2,67,,38633,28,,,1,37,,38618,28,,,2,69,,38645,28,,,1,27,,38640,28,,,2,71,,38624,28,,,1,28,,38627,28,,,2,77,,38646,28,,,2,23,,38635,28,,,2,98,,38628,28,,,1,103,,38626,28,,,1,100,,38644,28,,,2,97,,38638,28,,,1,108,,38620,28,,,1
3501,'Semaine-10-_26ÉTÉ-1111100-',559,,38672,28,,,1,81,,38647,29,,,2,62,,38654,29,,,2,22,,38663,40,,,2,15,,38669,29,,,1,62,,38674,40,,,1,14,,38650,29,,,1,28,,38670,29,,,1,62,,38675,29,,,1,28,,38656,28,,,1,70,,38658,28,,,1,32,,38649,28,,,1,70,,38655,28,,,2,30,,38665,28,,,1,70,,38648,28,,,1,30,,38662,28,,,2,70,,38664,28,,,1,30,,38667,28,,,2,70,,38652,28,,,2,32,,38676,28,,,2,67,,38666,28,,,1,37,,38651,28,,,2,69,,38678,28,,,1,27,,38673,28,,,2,71,,38657,28,,,1,28,,38660,28,,,2,77,,38679,28,,,2,23,,38668,28,,,2,98,,38661,28,,,1,103,,38659,28,,,1,100,,38677,28,,,2,97,,38671,28,,,1,108,,38653,28,,,1
3601,'Semaine-1-_26ÉTÉ-1111100-',914,,38696,44,,,1,90,,38694,45,,,1,100,,38697,45,,,1,102,,38695,45,,,1,99,,38700,45,,,1,100,,38699,45,,,1,101,,38698,45,,,1
3601,'Semaine-10-_26ÉTÉ-1111100-',914,,38703,44,,,1,90,,38701,45,,,1,100,,38704,45,,,1,102,,38702,45,,,1,99,,38707,45,,,1,100,,38706,45,,,1,101,,38705,45,,,1
3701,'Samedi-0-_26ÉTÉ-0000010-',711,,38821,37,,,1,100,,38826,37,,,1,100,,38820,37,,,1,102,,38825,37,,,1,101,,38822,37,,,1,99,,38823,37,,,1,100,,38827,37,,,1,103,,38824,37,,,1,100,,38828,37,,,1,100,,38829,37,,,1,100,,38830,37,,,1,96,,38831,37,,,1,100,,38832,37,,,1,102,,38833,37,,,1,98,,38834,37,,,1,96,,38835,37,,,1,98,,38836,37,,,1
3701,'Dimanche-0-_26ÉTÉ-0000001-',711,,38837,37,,,1,100,,38841,37,,,1,100,,38842,37,,,1,102,,38844,37,,,1,101,,38843,37,,,1,99,,38839,37,,,1,100,,38838,37,,,1,103,,38840,37,,,1,100,,38845,37,,,1,100,,38849,37,,,1,100,,38852,37,,,1,96,,38846,37,,,1,100,,38847,37,,,1,102,,38853,37,,,1,98,,38851,37,,,1,96,,38848,37,,,1,98,,38850,37,,,1
3701,'Dimanche-10-_26ÉTÉ-0000001-',711,,38854,37,,,1,100,,38858,37,,,1,100,,38859,37,,,1,102,,38861,37,,,1,101,,38860,37,,,1,99,,38856,37,,,1,100,,38855,37,,,1,103,,38857,37,,,1,100,,38862,37,,,1,100,,38866,37,,,1,100,,38869,37,,,1,96,,38863,37,,,1,100,,38864,37,,,1,102,,38870,37,,,1,98,,38868,37,,,1,96,,38865,37,,,1,98,,38867,37,,,1
3701,'Semaine-1-_26ÉTÉ-1111100-',538,,38884,36,,,1,71,,38882,36,,,1,35,,38886,36,,,1,70,,38876,36,,,1,32,,38893,36,,,1,61,,38873,36,,,1,10,,38894,36,,,1,30,,38875,36,,,1,99,,38892,36,,,1,100,,38880,37,,,1,100,,38874,37,,,1,101,,38872,37,,,1,99,,38877,37,,,1,102,,38888,37,,,1,100,,38871,37,,,1,71,,38887,37,,,1,30,,38890,37,,,1,70,,38885,37,,,1,29,,38891,37,,,1,68,,38895,37,,,1,85,,38879,37,,,1,99,,38889,37,,,1,101,,38881,37,,,1,99,,38878,37,,,1,57,,38883,37,,,1
3701,'Semaine-10-_26ÉTÉ-1111100-',538,,38909,36,,,1,71,,38907,36,,,1,35,,38911,36,,,1,70,,38901,36,,,1,32,,38918,36,,,1,61,,38898,36,,,1,10,,38919,36,,,1,30,,38900,36,,,1,99,,38917,36,,,1,100,,38905,37,,,1,100,,38899,37,,,1,101,,38897,37,,,1,99,,38902,37,,,1,102,,38913,37,,,1,100,,38896,37,,,1,71,,38912,37,,,1,30,,38915,37,,,1,70,,38910,37,,,1,29,,38916,37,,,1,68,,38920,37,,,1,85,,38904,37,,,1,99,,38914,37,,,1,101,,38906,37,,,1,99,,38903,37,,,1,57,,38908,37,,,1
3801,'Samedi-0-_26ÉTÉ-0000010-',725,,39108,24,,,1,30,,39104,24,,,1,70,,39116,24,,,1,31,,39109,24,,,1,69,,39105,24,,,1,32,,39117,24,,,1,68,,39110,24,,,1,33,,39114,24,,,1,66,,39106,24,,,1,34,,39111,24,,,1,70,,39115,24,,,1,30,,39107,24,,,1,70,,39112,24,,,1,72,,39113,24,,,1,28,,39118,24,,,1,72,,39119,24,,,1,28,,39120,24,,,1,72,,39121,24,,,1,28,,39122,24,,,1,31,,39123,24,,,1,69,,39124,24,,,1,30,,39125,24,,,1,66,,39126,24,,,1,32,,39128,24,,,1,69,,39127,24,,,1,31,,39130,24,,,1,69,,39129,24,,,1,31,,39131,24,,,1,69,,39132,24,,,1,30,,39136,24,,,1,70,,39133,24,,,1,30,,39134,24,,,1,71,,39135,24,,,1
3801,'Dimanche-0-_26ÉTÉ-0000001-',725,,39144,24,,,1,30,,39140,24,,,1,70,,39151,24,,,1,31,,39143,24,,,1,69,,39137,24,,,1,32,,39152,24,,,1,68,,39146,24,,,1,33,,39138,24,,,1,66,,39150,24,,,1,34,,39145,24,,,1,70,,39139,24,,,1,30,,39141,24,,,1,70,,39142,24,,,1,72,,39148,24,,,1,28,,39154,24,,,1,72,,39155,24,,,1,28,,39149,24,,,1,72,,39153,24,,,1,28,,39159,24,,,1,31,,39164,24,,,1,69,,39165,24,,,1,30,,39160,24,,,1,66,,39147,24,,,1,32,,39162,24,,,1,69,,39157,24,,,1,31,,39158,24,,,1,69,,39161,24,,,1,31,,39163,24,,,1,69,,39167,24,,,1,30,,39166,24,,,1,70,,39156,24,,,1,30,,39168,24,,,1,71,,39169,24,,,1
3801,'Dimanche-10-_26ÉTÉ-0000001-',725,,39177,24,,,1,30,,39173,24,,,1,70,,39184,24,,,1,31,,39176,24,,,1,69,,39170,24,,,1,32,,39185,24,,,1,68,,39179,24,,,1,33,,39171,24,,,1,66,,39183,24,,,1,34,,39178,24,,,1,70,,39172,24,,,1,30,,39174,24,,,1,70,,39175,24,,,1,72,,39181,24,,,1,28,,39187,24,,,1,72,,39188,24,,,1,28,,39182,24,,,1,72,,39186,24,,,1,28,,39192,24,,,1,31,,39197,24,,,1,69,,39198,24,,,1,30,,39193,24,,,1,66,,39180,24,,,1,32,,39195,24,,,1,69,,39190,24,,,1,31,,39191,24,,,1,69,,39194,24,,,1,31,,39196,24,,,1,69,,39200,24,,,1,30,,39199,24,,,1,70,,39189,24,,,1,30,,39201,24,,,1,71,,39202,24,,,1
3801,'Semaine-1-_26ÉTÉ-1111100-',632,,39231,25,,,1,71,,39203,25,,,1,33,,39230,25,,,1,13,,39241,25,,,1,61,,39237,25,,,1,27,,39219,25,,,1,67,,39239,25,,,1,30,,39226,24,,,1,19,,39209,24,,,1,60,,39235,24,,,1,20,,39220,24,,,1,20,,39212,24,,,1,62,,39227,24,,,1,20,,39210,24,,,1,20,,39234,24,,,1,60,,39240,24,,,1,22,,39213,24,,,1,21,,39242,24,,,1,59,,39228,24,,,1,20,,39233,24,,,1,18,,39221,24,,,1,60,,39214,24,,,1,19,,39229,24,,,1,21,,39243,24,,,1,62,,39216,24,,,1,22,,39222,24,,,1,70,,39236,24,,,1,28,,39211,24,,,1,72,,39218,24,,,1,29,,39208,24,,,1,68,,39244,24,,,1,20,,39205,24,,,1,19,,39238,24,,,1,69,,39207,24,,,1,30,,39217,24,,,1,70,,39225,24,,,1,30,,39232,24,,,1,70,,39215,24,,,1,30,,39223,24,,,1,69,,39224,24,,,1,29,,39204,24,,,1,85,,39206,24,,,1
3801,'Semaine-10-_26ÉTÉ-1111100-',632,,39273,25,,,1,71,,39245,25,,,1,33,,39272,25,,,1,13,,39283,25,,,1,61,,39279,25,,,1,27,,39261,25,,,1,67,,39281,25,,,1,30,,39268,24,,,1,19,,39251,24,,,1,60,,39277,24,,,1,20,,39262,24,,,1,20,,39254,24,,,1,62,,39269,24,,,1,20,,39252,24,,,1,20,,39276,24,,,1,60,,39282,24,,,1,22,,39255,24,,,1,21,,39284,24,,,1,59,,39270,24,,,1,20,,39275,24,,,1,18,,39263,24,,,1,60,,39256,24,,,1,19,,39271,24,,,1,21,,39285,24,,,1,62,,39258,24,,,1,22,,39264,24,,,1,70,,39278,24,,,1,28,,39253,24,,,1,72,,39260,24,,,1,29,,39250,24,,,1,68,,39286,24,,,1,20,,39247,24,,,1,19,,39280,24,,,1,69,,39249,24,,,1,30,,39259,24,,,1,70,,39267,24,,,1,30,,39274,24,,,1,70,,39257,24,,,1,30,,39265,24,,,1,69,,39266,24,,,1,29,,39246,24,,,1,85,,39248,24,,,1
4001,'Semaine-1-_26ÉTÉ-1111100-',637,,39588,54,,,2,72,,39587,54,,,2,34,,39590,54,,,2,74,,39586,54,,,1,25,,39585,54,,,2,67,,39589,54,,,2
4001,'Semaine-10-_26ÉTÉ-1111100-',637,,39594,54,,,2,72,,39593,54,,,2,34,,39596,54,,,2,74,,39592,54,,,1,25,,39591,54,,,2,67,,39595,54,,,2
4101,'Semaine-1-_26ÉTÉ-1111100-',704,,39609,45,,,2,31,,39610,45,,,2,72,,39611,45,,,2,30,,39608,45,,,1,67,,39607,45,,,2
4101,'Semaine-10-_26ÉTÉ-1111100-',704,,39614,45,,,2,31,,39615,45,,,2,72,,39616,45,,,2,30,,39613,45,,,1,67,,39612,45,,,2
4501,'Semaine-1-_26ÉTÉ-1111100-',651,,39637,48,,,2,79,,39641,48,,,1,27,,39640,48,,,2,70,,39639,48,,,1,25,,39642,48,,,1,70,,39638,48,,,2
4501,'Semaine-10-_26ÉTÉ-1111100-',651,,39643,48,,,2,79,,39647,48,,,1,27,,39646,48,,,2,70,,39645,48,,,1,25,,39648,48,,,1,70,,39644,48,,,2
4701,'Semaine-1-_26ÉTÉ-1111100-',640,,39657,41,,,2,87,,39658,41,,,2,89,,39655,41,,,2,25,,39656,41,,,2
4701,'Semaine-10-_26ÉTÉ-1111100-',640,,39661,41,,,2,87,,39662,41,,,2,89,,39659,41,,,2,25,,39660,41,,,2
5501,'Samedi-0-_26ÉTÉ-0000010-',723,,40305,54,,,1,30,,40308,54,,,1,70,,40307,54,,,1,30,,40317,54,,,1,70,,40306,54,,,1,31,,40309,54,,,1,70,,40310,54,,,1,30,,40316,54,,,1,73,,40312,54,,,1,30,,40313,54,,,1,71,,40311,54,,,1,28,,40319,54,,,1,70,,40318,54,,,1,30,,40314,54,,,1,70,,40315,54,,,1,30,,40320,54,,,1,70,,40321,54,,,1,30,,40322,54,,,1,70,,40323,54,,,1,30,,40324,54,,,1,70,,40325,54,,,1,30,,40326,54,,,1,70,,40327,54,,,1,27,,40328,54,,,1,70,,40329,54,,,1,30,,40330,54,,,1,70,,40331,54,,,1,28,,40332,54,,,1,70,,40333,54,,,1,30,,40335,54,,,1,68,,40334,54,,,1,32,,40337,54,,,1,68,,40336,54,,,1
5501,'Dimanche-0-_26ÉTÉ-0000001-',723,,40339,54,,,1,30,,40344,54,,,1,70,,40340,54,,,1,30,,40348,54,,,1,70,,40351,54,,,1,31,,40343,54,,,1,70,,40355,54,,,1,30,,40349,54,,,1,73,,40350,54,,,1,30,,40341,54,,,1,71,,40338,54,,,1,28,,40345,54,,,1,70,,40352,54,,,1,30,,40342,54,,,1,70,,40353,54,,,1,30,,40347,54,,,1,70,,40346,54,,,1,30,,40356,54,,,1,70,,40360,54,,,1,30,,40354,54,,,1,70,,40357,54,,,1,30,,40367,54,,,1,70,,40364,54,,,1,27,,40369,54,,,1,70,,40370,54,,,1,30,,40358,54,,,1,70,,40361,54,,,1,28,,40359,54,,,1,70,,40362,54,,,1,30,,40363,54,,,1,68,,40366,54,,,1,32,,40368,54,,,1,68,,40365,54,,,1
5501,'Dimanche-10-_26ÉTÉ-0000001-',723,,40372,54,,,1,30,,40377,54,,,1,70,,40373,54,,,1,30,,40381,54,,,1,70,,40384,54,,,1,31,,40376,54,,,1,70,,40388,54,,,1,30,,40382,54,,,1,73,,40383,54,,,1,30,,40374,54,,,1,71,,40371,54,,,1,28,,40378,54,,,1,70,,40385,54,,,1,30,,40375,54,,,1,70,,40386,54,,,1,30,,40380,54,,,1,70,,40379,54,,,1,30,,40389,54,,,1,70,,40393,54,,,1,30,,40387,54,,,1,70,,40390,54,,,1,30,,40400,54,,,1,70,,40397,54,,,1,27,,40402,54,,,1,70,,40403,54,,,1,30,,40391,54,,,1,70,,40394,54,,,1,28,,40392,54,,,1,70,,40395,54,,,1,30,,40396,54,,,1,68,,40399,54,,,1,32,,40401,54,,,1,68,,40398,54,,,1
5501,'Semaine-1-_26ÉTÉ-1111100-',539,,40417,54,,,1,16,,40424,54,,,1,53,,40423,52,,,1,18,,40407,52,,,1,16,,40445,52,,,1,63,,40444,52,,,1,7,,40404,52,,,1,16,,40449,52,,,1,15,,40430,52,,,1,15,,40438,52,,,1,54,,40408,52,,,1,10,,40412,52,,,1,12,,40410,52,,,1,9,,40439,52,,,1,3,,40441,52,,,1,13,,40418,52,,,1,67,,40422,52,,,1,12,,40409,52,,,1,11,,40443,52,,,1,71,,40436,54,,,1,23,,40448,21,,,1,8,,40440,54,,,1,67,,40406,54,,,1,30,,40413,54,,,1,70,,40426,54,,,1,30,,40437,54,,,1,70,,40433,54,,,1,30,,40414,54,,,1,70,,40446,54,,,1,30,,40405,54,,,1,74,,40411,54,,,1,91,,40415,54,,,1,98,,40420,54,,,1,99,,40425,54,,,1,98,,40442,54,,,1,20,,40431,54,,,1,30,,40419,54,,,1,70,,40435,54,,,1,30,,40428,54,,,1,70,,40447,54,,,1,30,,40421,54,,,1,70,,40427,54,,,1,29,,40429,54,,,1,70,,40416,54,,,1,28,,40434,54,,,1,70,,40432,54,,,1
5501,'Semaine-10-_26ÉTÉ-1111100-',539,,40463,54,,,1,16,,40470,54,,,1,53,,40469,52,,,1,18,,40453,52,,,1,16,,40491,52,,,1,63,,40490,52,,,1,7,,40450,52,,,1,16,,40495,52,,,1,15,,40476,52,,,1,15,,40484,52,,,1,54,,40454,52,,,1,10,,40458,52,,,1,12,,40456,52,,,1,9,,40485,52,,,1,3,,40487,52,,,1,13,,40464,52,,,1,67,,40468,52,,,1,12,,40455,52,,,1,11,,40489,52,,,1,71,,40482,54,,,1,23,,40494,21,,,1,8,,40486,54,,,1,67,,40452,54,,,1,30,,40459,54,,,1,70,,40472,54,,,1,30,,40483,54,,,1,70,,40479,54,,,1,30,,40460,54,,,1,70,,40492,54,,,1,30,,40451,54,,,1,74,,40457,54,,,1,91,,40461,54,,,1,98,,40466,54,,,1,99,,40471,54,,,1,98,,40488,54,,,1,20,,40477,54,,,1,30,,40465,54,,,1,70,,40481,54,,,1,30,,40474,54,,,1,70,,40493,54,,,1,30,,40467,54,,,1,70,,40473,54,,,1,29,,40475,54,,,1,70,,40462,54,,,1,28,,40480,54,,,1,70,,40478,54,,,1
5901,'Samedi-0-_26ÉTÉ-0000010-',734,,40754,43,,,1,70,,40761,43,,,1,32,,40758,43,,,1,70,,40763,43,,,1,30,,40755,43,,,1,70,,40760,43,,,1,31,,40759,43,,,1,70,,40762,43,,,1,30,,40766,43,,,1,71,,40767,43,,,1,30,,40756,43,,,1,70,,40757,43,,,1,30,,40765,43,,,1,70,,40764,43,,,1,30,,40768,43,,,1,70,,40769,43,,,1,30,,40770,43,,,1,70,,40771,43,,,1,30,,40772,43,,,1,70,,40773,43,,,1,30,,40774,43,,,1,70,,40775,43,,,1,30,,40776,43,,,1,67,,40777,43,,,1,30,,40778,43,,,1,71,,40780,43,,,1,30,,40779,43,,,1,68,,40781,43,,,1,30,,40782,43,,,1,70,,40783,43,,,1,30,,40785,43,,,1,68,,40784,43,,,1
5901,'Dimanche-0-_26ÉTÉ-0000001-',734,,40792,43,,,1,70,,40795,43,,,1,32,,40797,43,,,1,70,,40788,43,,,1,30,,40791,43,,,1,70,,40794,43,,,1,31,,40798,43,,,1,70,,40786,43,,,1,30,,40789,43,,,1,71,,40803,43,,,1,30,,40796,43,,,1,70,,40787,43,,,1,30,,40790,43,,,1,70,,40793,43,,,1,30,,40800,43,,,1,70,,40799,43,,,1,30,,40802,43,,,1,70,,40804,43,,,1,30,,40801,43,,,1,70,,40810,43,,,1,30,,40811,43,,,1,70,,40807,43,,,1,30,,40806,43,,,1,67,,40816,43,,,1,30,,40813,43,,,1,71,,40814,43,,,1,30,,40805,43,,,1,68,,40808,43,,,1,30,,40812,43,,,1,70,,40809,43,,,1,30,,40815,43,,,1,68,,40817,43,,,1
5901,'Dimanche-10-_26ÉTÉ-0000001-',734,,40824,43,,,1,70,,40827,43,,,1,32,,40829,43,,,1,70,,40820,43,,,1,30,,40823,43,,,1,70,,40826,43,,,1,31,,40830,43,,,1,70,,40818,43,,,1,30,,40821,43,,,1,71,,40835,43,,,1,30,,40828,43,,,1,70,,40819,43,,,1,30,,40822,43,,,1,70,,40825,43,,,1,30,,40832,43,,,1,70,,40831,43,,,1,30,,40834,43,,,1,70,,40836,43,,,1,30,,40833,43,,,1,70,,40842,43,,,1,30,,40843,43,,,1,70,,40839,43,,,1,30,,40838,43,,,1,67,,40848,43,,,1,30,,40845,43,,,1,71,,40846,43,,,1,30,,40837,43,,,1,68,,40840,43,,,1,30,,40844,43,,,1,70,,40841,43,,,1,30,,40847,43,,,1,68,,40849,43,,,1
5901,'Semaine-1-_26ÉTÉ-1111100-',533,,40854,43,,,1,14,,40890,43,,,1,55,,40863,43,,,1,15,,40884,41,,,1,17,,40864,41,,,1,15,,40853,41,,,1,8,,40855,41,,,1,63,,40858,41,,,1,5,,40893,19,,,1,11,,40894,19,,,1,9,,40861,41,,,1,4,,40895,19,,,1,54,,40862,41,,,1,11,,40857,41,,,1,12,,40886,41,,,1,10,,40872,41,,,1,6,,40877,41,,,1,13,,40851,41,,,1,52,,40867,41,,,1,13,,40852,41,,,1,12,,40870,41,,,1,72,,40896,41,,,1,29,,40891,43,,,1,70,,40878,43,,,1,30,,40860,43,,,1,70,,40871,43,,,1,30,,40874,43,,,1,70,,40859,43,,,1,30,,40888,43,,,1,70,,40850,43,,,1,30,,40892,43,,,1,70,,40882,43,,,1,40,,40885,43,,,1,99,,40889,43,,,1,100,,40869,43,,,1,97,,40876,43,,,1,73,,40881,43,,,1,30,,40868,43,,,1,70,,40875,43,,,1,30,,40880,43,,,1,69,,40887,43,,,1,30,,40865,43,,,1,70,,40883,43,,,1,29,,40873,43,,,1,70,,40856,43,,,1,30,,40866,43,,,1,70,,40879,43,,,1
5901,'Semaine-10-_26ÉTÉ-1111100-',533,,40901,43,,,1,14,,40937,43,,,1,55,,40910,43,,,1,15,,40931,41,,,1,17,,40911,41,,,1,15,,40900,41,,,1,8,,40902,41,,,1,63,,40905,41,,,1,5,,40940,19,,,1,11,,40941,19,,,1,9,,40908,41,,,1,4,,40942,19,,,1,54,,40909,41,,,1,11,,40904,41,,,1,12,,40933,41,,,1,10,,40919,41,,,1,6,,40924,41,,,1,13,,40898,41,,,1,52,,40914,41,,,1,13,,40899,41,,,1,12,,40917,41,,,1,72,,40943,41,,,1,29,,40938,43,,,1,70,,40925,43,,,1,30,,40907,43,,,1,70,,40918,43,,,1,30,,40921,43,,,1,70,,40906,43,,,1,30,,40935,43,,,1,70,,40897,43,,,1,30,,40939,43,,,1,70,,40929,43,,,1,40,,40932,43,,,1,99,,40936,43,,,1,100,,40916,43,,,1,97,,40923,43,,,1,73,,40928,43,,,1,30,,40915,43,,,1,70,,40922,43,,,1,30,,40927,43,,,1,69,,40934,43,,,1,30,,40912,43,,,1,70,,40930,43,,,1,29,,40920,43,,,1,70,,40903,43,,,1,30,,40913,43,,,1,70,,40926,43,,,1
6700,'Samedi-0-_26ÉTÉ-0000010-',712,,41794,7,,,2,101,,41793,7,,,1,100,,41792,7,,,1,30,,41788,7,,,1,70,,41796,7,,,1,30,,41789,7,,,1,70,,41790,7,,,1,31,,41795,7,,,1,70,,41800,7,,,1,30,,41791,7,,,1,70,,41799,7,,,1,30,,41797,7,,,1,70,,41798,7,,,1,30,,41801,7,,,2,70,,41802,7,,,2,30,,41803,7,,,1,70,,41804,7,,,1,30,,41805,7,,,2,70,,41806,7,,,2,30,,41807,7,,,1,70,,41808,7,,,1,29,,41809,7,,,2,70,,41810,7,,,1,30,,41811,7,,,1,100,,41815,7,,,2,100,,41812,7,,,2,100,,41813,7,,,1,99,,41814,7,,,1
6700,'Dimanche-0-_26ÉTÉ-0000001-',712,,41822,7,,,2,101,,41816,7,,,1,100,,41819,7,,,1,30,,41821,7,,,1,70,,41827,7,,,1,30,,41824,7,,,1,70,,41830,7,,,1,31,,41832,7,,,1,70,,41826,7,,,1,30,,41828,7,,,1,70,,41817,7,,,1,30,,41818,7,,,1,70,,41820,7,,,1,30,,41823,7,,,2,70,,41829,7,,,2,30,,41825,7,,,1,70,,41831,7,,,1,30,,41840,7,,,2,70,,41839,7,,,2,30,,41835,7,,,1,70,,41833,7,,,1,29,,41843,7,,,2,70,,41834,7,,,1,30,,41841,7,,,1,100,,41838,7,,,2,100,,41837,7,,,2,100,,41836,7,,,1,99,,41842,7,,,1
6700,'Dimanche-10-_26ÉTÉ-0000001-',712,,41850,7,,,2,101,,41844,7,,,1,100,,41847,7,,,1,30,,41849,7,,,1,70,,41855,7,,,1,30,,41852,7,,,1,70,,41858,7,,,1,31,,41860,7,,,1,70,,41854,7,,,1,30,,41856,7,,,1,70,,41845,7,,,1,30,,41846,7,,,1,70,,41848,7,,,1,30,,41851,7,,,2,70,,41857,7,,,2,30,,41853,7,,,1,70,,41859,7,,,1,30,,41868,7,,,2,70,,41867,7,,,2,30,,41863,7,,,1,70,,41861,7,,,1,29,,41871,7,,,2,70,,41862,7,,,1,30,,41869,7,,,1,100,,41866,7,,,2,100,,41865,7,,,2,100,,41864,7,,,1,99,,41870,7,,,1
6700,'Semaine-1-_26ÉTÉ-1111100-',612,,41880,7,,,1,32,,41874,7,,,1,66,,41882,7,,,1,23,,41891,7,,,1,20,,41875,7,,,2,57,,41900,7,,,1,30,,41885,7,,,1,73,,41893,7,,,1,20,,41883,7,,,2,18,,41903,7,,,2,60,,41901,7,,,1,21,,41888,7,,,2,20,,41904,7,,,2,60,,41894,7,,,1,20,,41897,7,,,2,20,,41905,7,,,1,60,,41902,7,,,1,20,,41889,7,,,1,20,,41906,7,,,1,60,,41895,7,,,1,20,,41898,7,,,2,20,,41907,7,,,1,60,,41887,7,,,1,20,,41890,7,,,2,16,,41908,7,,,1,370,,41910,7,,,1,15,,41884,7,,,2,19,,41909,7,,,1,59,,41892,7,,,1,30,,41872,7,,,1,70,,41896,7,,,2,30,,41876,7,,,1,70,,41899,7,,,1,31,,41873,7,,,1,69,,41881,7,,,2,30,,41877,7,,,1,69,,41886,7,,,2,30,,41879,7,,,2,70,,41878,7,,,1
6700,'Semaine-10-_26ÉTÉ-1111100-',612,,41919,7,,,1,32,,41913,7,,,1,66,,41921,7,,,1,23,,41930,7,,,1,20,,41914,7,,,2,57,,41939,7,,,1,30,,41924,7,,,1,73,,41932,7,,,1,20,,41922,7,,,2,18,,41942,7,,,2,60,,41940,7,,,1,21,,41927,7,,,2,20,,41943,7,,,2,60,,41933,7,,,1,20,,41936,7,,,2,20,,41944,7,,,1,60,,41941,7,,,1,20,,41928,7,,,1,20,,41945,7,,,1,60,,41934,7,,,1,20,,41937,7,,,2,20,,41946,7,,,2,60,,41926,7,,,1,20,,41929,7,,,2,16,,41947,7,,,1,370,,41949,7,,,1,15,,41923,7,,,2,19,,41948,7,,,1,59,,41931,7,,,1,30,,41911,7,,,1,70,,41935,7,,,2,30,,41915,7,,,1,70,,41938,7,,,1,31,,41912,7,,,1,69,,41920,7,,,2,30,,41916,7,,,1,69,,41925,7,,,2,30,,41918,7,,,2,70,,41917,7,,,1
37101,'Samedi-0-_26ÉTÉ-0000010-',742,,44208,38,,,1,99,,44207,38,,,1,105,,44211,38,,,1,100,,44210,38,,,1,99,,44212,38,,,1,102,,44209,38,,,1,101,,44213,38,,,1,100,,44214,38,,,1,98,,44215,38,,,1,100,,44216,38,,,1,98,,44217,38,,,1,100,,44218,38,,,1,100,,44219,38,,,1,98,,44220,38,,,1,100,,44221,38,,,1,97,,44222,38,,,1,100,,44223,38,,,1
37101,'Dimanche-0-_26ÉTÉ-0000001-',742,,44227,38,,,1,99,,44224,38,,,1,105,,44228,38,,,1,100,,44225,38,,,1,99,,44231,38,,,1,102,,44226,38,,,1,101,,44229,38,,,1,100,,44234,38,,,1,98,,44230,38,,,1,100,,44235,38,,,1,98,,44240,38,,,1,100,,44232,38,,,1,100,,44233,38,,,1,98,,44237,38,,,1,100,,44239,38,,,1,97,,44236,38,,,1,100,,44238,38,,,1
37101,'Dimanche-10-_26ÉTÉ-0000001-',742,,44244,38,,,1,99,,44241,38,,,1,105,,44245,38,,,1,100,,44242,38,,,1,99,,44248,38,,,1,102,,44243,38,,,1,101,,44246,38,,,1,100,,44251,38,,,1,98,,44247,38,,,1,100,,44252,38,,,1,98,,44257,38,,,1,100,,44249,38,,,1,100,,44250,38,,,1,98,,44254,38,,,1,100,,44256,38,,,1,97,,44253,38,,,1,100,,44255,38,,,1
37101,'Semaine-1-_26ÉTÉ-1111100-',551,,44274,38,,,1,71,,44277,37,,,1,32,,44270,37,,,1,72,,44272,37,,,1,31,,44282,37,,,1,70,,44281,37,,,1,28,,44276,37,,,1,70,,44260,37,,,1,100,,44267,38,,,1,100,,44265,38,,,1,100,,44266,38,,,1,102,,44280,38,,,1,100,,44263,38,,,1,102,,44264,38,,,1,71,,44261,38,,,1,28,,44268,38,,,1,30,,44278,38,,,1,70,,44279,38,,,1,30,,44258,38,,,1,80,,44262,38,,,1,93,,44273,38,,,1,100,,44275,38,,,1,100,,44259,38,,,1,99,,44269,38,,,1,183,,44271,38,,,1
37101,'Semaine-10-_26ÉTÉ-1111100-',551,,44299,38,,,1,71,,44302,37,,,1,32,,44295,37,,,1,72,,44297,37,,,1,31,,44307,37,,,1,70,,44306,37,,,1,28,,44301,37,,,1,70,,44285,37,,,1,100,,44292,38,,,1,100,,44290,38,,,1,100,,44291,38,,,1,102,,44305,38,,,1,100,,44288,38,,,1,102,,44289,38,,,1,71,,44286,38,,,1,28,,44293,38,,,1,30,,44303,38,,,1,70,,44304,38,,,1,30,,44283,38,,,1,80,,44287,38,,,1,93,,44298,38,,,1,100,,44300,38,,,1,100,,44284,38,,,1,99,,44294,38,,,1,183,,44296,38,,,1
40001,'Samedi-0-_26ÉTÉ-0000010-',646,,44713,16,,,1,55,,44716,16,,,1,15,,44718,16,,,1,15,,44714,16,,,1,15,,44715,16,,,1,55,,44717,16,,,1,16,,44723,16,,,1,15,,44730,16,,,1,15,,44721,16,,,1,54,,44741,16,,,1,15,,44719,16,,,1,15,,44720,16,,,1,15,,44729,16,,,1,56,,44722,16,,,1,15,,44724,16,,,1,15,,44732,16,,,1,15,,44733,16,,,1,55,,44734,16,,,1,15,,44740,16,,,1,16,,44739,16,,,1,15,,44743,16,,,1,55,,44726,16,,,1,14,,44725,16,,,1,15,,44728,16,,,1,15,,44731,16,,,1,55,,44727,16,,,1,15,,44736,16,,,1,15,,44738,16,,,1,16,,44744,16,,,1,55,,44735,16,,,1,15,,44737,16,,,1,15,,44742,16,,,1,15,,44745,16,,,1,55,,44746,16,,,1,15,,44747,16,,,1,15,,44748,16,,,1,15,,44749,16,,,1,55,,44750,16,,,1,15,,44751,16,,,1,15,,44752,16,,,1,15,,44753,16,,,1,55,,44754,16,,,1,15,,44755,16,,,1,15,,44756,16,,,1,15,,44757,16,,,1,55,,44758,16,,,1,15,,44759,16,,,1,16,,44762,16,,,1,17,,44760,16,,,1,54,,44761,16,,,1,12,,44764,16,,,1,16,,44763,16,,,1,14,,44768,16,,,1,56,,44766,16,,,1,15,,44767,16,,,1,15,,44765,16,,,1,15,,44769,16,,,1,55,,44771,16,,,1,15,,44772,16,,,1,15,,44773,16,,,1,15,,44770,16,,,1,56,,44776,16,,,1,13,,44775,16,,,1,15,,44774,16,,,1,15,,44777,16,,,1,55,,44778,16,,,1,15,,44779,16,,,1,15,,44780,16,,,1,15,,44782,16,,,1,54,,44781,16,,,1,16,,44784,16,,,1,15,,44783,16,,,1,15,,44785,16,,,1
40001,'Dimanche-0-_26ÉTÉ-0000001-',646,,44786,16,,,1,55,,44789,16,,,1,15,,44797,16,,,1,15,,44802,16,,,1,15,,44787,16,,,1,55,,44792,16,,,1,16,,44798,16,,,1,15,,44808,16,,,1,15,,44788,16,,,1,54,,44790,16,,,1,15,,44796,16,,,1,15,,44801,16,,,1,15,,44804,16,,,1,56,,44793,16,,,1,15,,44817,16,,,1,15,,44809,16,,,1,15,,44799,16,,,1,55,,44810,16,,,1,15,,44813,16,,,1,16,,44822,16,,,1,15,,44791,16,,,1,55,,44819,16,,,1,14,,44818,16,,,1,15,,44820,16,,,1,15,,44800,16,,,1,55,,44794,16,,,1,15,,44823,16,,,1,15,,44821,16,,,1,16,,44806,16,,,1,55,,44803,16,,,1,15,,44811,16,,,1,15,,44816,16,,,1,15,,44827,16,,,1,55,,44795,16,,,1,15,,44824,16,,,1,15,,44814,16,,,1,15,,44807,16,,,1,55,,44805,16,,,1,15,,44812,16,,,1,15,,44815,16,,,1,15,,44834,16,,,1,55,,44838,16,,,1,15,,44830,16,,,1,15,,44847,16,,,1,15,,44826,16,,,1,55,,44841,16,,,1,15,,44831,16,,,1,16,,44848,16,,,1,17,,44835,16,,,1,54,,44839,16,,,1,12,,44854,16,,,1,16,,44846,16,,,1,14,,44825,16,,,1,56,,44840,16,,,1,15,,44845,16,,,1,15,,44849,16,,,1,15,,44828,16,,,1,55,,44833,16,,,1,15,,44837,16,,,1,15,,44843,16,,,1,15,,44858,16,,,1,56,,44851,16,,,1,13,,44844,16,,,1,15,,44853,16,,,1,15,,44856,16,,,1,55,,44832,16,,,1,15,,44836,16,,,1,15,,44842,16,,,1,15,,44857,16,,,1,54,,44850,16,,,1,16,,44829,16,,,1,15,,44852,16,,,1,15,,44855,16,,,1
40001,'Dimanche-10-_26ÉTÉ-0000001-',646,,44859,16,,,1,55,,44862,16,,,1,15,,44870,16,,,1,15,,44875,16,,,1,15,,44860,16,,,1,55,,44865,16,,,1,16,,44871,16,,,1,15,,44881,16,,,1,15,,44861,16,,,1,54,,44863,16,,,1,15,,44869,16,,,1,15,,44874,16,,,1,15,,44877,16,,,1,56,,44866,16,,,1,15,,44890,16,,,1,15,,44882,16,,,1,15,,44872,16,,,1,55,,44883,16,,,1,15,,44886,16,,,1,16,,44895,16,,,1,15,,44864,16,,,1,55,,44892,16,,,1,14,,44891,16,,,1,15,,44893,16,,,1,15,,44873,16,,,1,55,,44867,16,,,1,15,,44896,16,,,1,15,,44894,16,,,1,16,,44879,16,,,1,55,,44876,16,,,1,15,,44884,16,,,1,15,,44889,16,,,1,15,,44900,16,,,1,55,,44868,16,,,1,15,,44897,16,,,1,15,,44887,16,,,1,15,,44880,16,,,1,55,,44878,16,,,1,15,,44885,16,,,1,15,,44888,16,,,1,15,,44907,16,,,1,55,,44911,16,,,1,15,,44903,16,,,1,15,,44920,16,,,1,15,,44899,16,,,1,55,,44914,16,,,1,15,,44904,16,,,1,16,,44921,16,,,1,17,,44908,16,,,1,54,,44912,16,,,1,12,,44927,16,,,1,16,,44919,16,,,1,14,,44898,16,,,1,56,,44913,16,,,1,15,,44918,16,,,1,15,,44922,16,,,1,15,,44901,16,,,1,55,,44906,16,,,1,15,,44910,16,,,1,15,,44916,16,,,1,15,,44931,16,,,1,56,,44924,16,,,1,13,,44917,16,,,1,15,,44926,16,,,1,15,,44929,16,,,1,55,,44905,16,,,1,15,,44909,16,,,1,15,,44915,16,,,1,15,,44930,16,,,1,54,,44923,16,,,1,16,,44902,16,,,1,15,,44925,16,,,1,15,,44928,16,,,1
40001,'Semaine-1-_26ÉTÉ-1111100-',517,,45001,16,,,1,12,,45002,16,,,1,8,,45003,16,,,1,12,,45004,16,,,1,10,,45005,16,,,1,51,,45006,16,,,1,4,,45007,16,,,1,5,,45008,16,,,1,5,,45009,16,,,1,5,,45015,16,,,1,271,,45010,16,,,1,9,,45011,14,,,1,6,,45012,16,,,1,10,,45013,16,,,1,11,,45014,16,,,1,10,,44960,16,,,1,10,,44946,16,,,1,50,,44970,16,,,1,11,,44971,16,,,1,9,,45016,16,,,1,10,,44936,16,,,1,10,,45017,16,,,1,10,,44934,16,,,1,50,,44967,16,,,1,10,,44987,16,,,1,9,,44955,16,,,1,11,,44962,16,,,1,10,,44959,16,,,1,10,,44938,16,,,1,50,,44998,16,,,1,10,,44972,16,,,1,10,,44984,16,,,1,10,,44937,16,,,1,10,,44947,16,,,1,10,,44940,16,,,1,50,,44956,16,,,1,10,,44988,16,,,1,10,,44969,16,,,1,10,,44963,16,,,1,10,,44958,16,,,1,10,,44952,16,,,1,50,,44994,16,,,1,10,,44973,16,,,1,10,,44985,16,,,1,10,,45000,16,,,1,10,,44949,16,,,1,55,,44932,16,,,1,10,,44990,16,,,1,7,,44989,16,,,1,10,,44974,16,,,1,10,,44964,16,,,1,12,,44942,16,,,1,51,,44992,16,,,1,13,,44999,16,,,1,11,,44986,16,,,1,11,,45020,16,,,1,14,,44966,16,,,1,55,,44995,16,,,1,10,,45018,16,,,1,11,,44979,16,,,1,13,,44957,16,,,1,11,,44943,16,,,1,52,,44948,16,,,1,12,,45019,16,,,1,12,,44950,16,,,1,12,,44975,16,,,1,10,,44965,16,,,1,52,,44996,16,,,1,10,,44982,16,,,1,12,,44961,16,,,1,11,,44944,16,,,1,14,,44983,16,,,1,12,,45022,16,,,1,51,,45021,16,,,1,12,,44951,16,,,1,12,,44976,16,,,1,12,,44954,16,,,1,12,,44997,16,,,1,52,,44980,16,,,1,13,,44939,16,,,1,13,,45023,16,,,1,17,,44945,16,,,1,55,,44941,16,,,1,15,,44991,16,,,1,12,,44977,16,,,1,14,,44953,16,,,1,56,,44981,16,,,1,15,,44993,16,,,1,15,,44935,16,,,1,15,,44933,16,,,1,55,,44968,16,,,1,29,,44978,16,,,1
40001,'Semaine-10-_26ÉTÉ-1111100-',517,,45093,16,,,1,12,,45094,16,,,1,8,,45095,16,,,1,12,,45096,16,,,1,10,,45097,16,,,1,51,,45098,16,,,1,4,,45099,16,,,1,5,,45100,16,,,1,5,,45101,16,,,1,5,,45107,16,,,1,271,,45102,16,,,1,9,,45103,14,,,1,6,,45104,16,,,1,10,,45105,16,,,1,11,,45106,16,,,1,10,,45052,16,,,1,10,,45038,16,,,1,50,,45062,16,,,1,11,,45063,16,,,1,9,,45108,16,,,1,10,,45028,16,,,1,10,,45109,16,,,1,10,,45026,16,,,1,50,,45059,16,,,1,10,,45079,16,,,1,9,,45047,16,,,1,11,,45054,16,,,1,10,,45051,16,,,1,10,,45030,16,,,1,50,,45090,16,,,1,10,,45064,16,,,1,10,,45076,16,,,1,10,,45029,16,,,1,10,,45039,16,,,1,10,,45032,16,,,1,50,,45048,16,,,1,10,,45080,16,,,1,10,,45061,16,,,1,10,,45055,16,,,1,10,,45050,16,,,1,10,,45044,16,,,1,50,,45086,16,,,1,10,,45065,16,,,1,10,,45077,16,,,1,10,,45092,16,,,1,10,,45041,16,,,1,55,,45024,16,,,1,10,,45082,16,,,1,7,,45081,16,,,1,10,,45066,16,,,1,10,,45056,16,,,1,12,,45034,16,,,1,51,,45084,16,,,1,13,,45091,16,,,1,11,,45078,16,,,1,11,,45112,16,,,1,14,,45058,16,,,1,55,,45087,16,,,1,10,,45110,16,,,1,11,,45071,16,,,1,13,,45049,16,,,1,11,,45035,16,,,1,52,,45040,16,,,1,12,,45111,16,,,1,12,,45042,16,,,1,12,,45067,16,,,1,10,,45057,16,,,1,52,,45088,16,,,1,10,,45074,16,,,1,12,,45053,16,,,1,11,,45036,16,,,1,14,,45075,16,,,1,12,,45114,16,,,1,51,,45113,16,,,1,12,,45043,16,,,1,12,,45068,16,,,1,12,,45046,16,,,1,12,,45089,16,,,1,52,,45072,16,,,1,13,,45031,16,,,1,13,,45115,16,,,1,17,,45037,16,,,1,55,,45033,16,,,1,15,,45083,16,,,1,12,,45069,16,,,1,14,,45045,16,,,1,56,,45073,16,,,1,15,,45085,16,,,1,15,,45027,16,,,1,15,,45025,16,,,1,55,,45060,16,,,1,29,,45070,16,,,1
