9300,'Semaine-1-_26ÉTÉ-1111100-',1544,,43682,29,,,2,60,,43685,29,,,2,20,,43681,29,,,1,20,,43684,29,,,1,71,,43683,29,,,2,30,,43679,29,,,2,67,,43680,29,,,1
9300,'Semaine-10-_26ÉTÉ-1111100-',1544,,43689,29,,,2,60,,43692,29,,,2,20,,43688,29,,,1,20,,43691,29,,,1,71,,43690,29,,,2,30,,43686,29,,,2,67,,43687,29,,,1
9300,'Semaine-11-_26ÉTÉ-1111100-',1544,,48131,29,,,2,60,,48134,29,,,2,20,,48130,29,,,1,20,,48133,29,,,1,71,,48132,29,,,2,30,,48128,29,,,2,67,,48129,29,,,1
9700,'Samedi-0-_26ÉTÉ-0000010-',827,,43743,14,,,2,100,,43746,14,,,2,100,,43741,14,,,1,100,,43742,14,,,1,100,,43745,14,,,2,100,,43744,14,,,2,100,,43747,14,,,1,100,,43748,14,,,2,100,,43749,14,,,2,101,,43750,14,,,1,100,,43755,14,,,1,100,,43751,14,,,1,100,,43752,14,,,1,100,,43753,14,,,1,99,,43754,14,,,2,100,,43756,14,,,1,100,,43757,14,,,1
9700,'Samedi-10-_26ÉTÉ-0000010-',827,,48161,14,,,2,100,,48164,14,,,2,100,,48159,14,,,1,100,,48160,14,,,1,100,,48163,14,,,2,100,,48162,14,,,2,100,,48165,14,,,1,100,,48166,14,,,2,100,,48167,14,,,2,101,,48168,14,,,1,100,,48173,14,,,1,100,,48169,14,,,1,100,,48170,14,,,1,100,,48171,14,,,1,99,,48172,14,,,2,100,,48174,14,,,1,100,,48175,14,,,1
9700,'Dimanche-0-_26ÉTÉ-0000001-',827,,43761,14,,,2,100,,43763,14,,,2,100,,43760,14,,,1,100,,43759,14,,,1,100,,43758,14,,,2,100,,43762,14,,,2,100,,43765,14,,,1,100,,43764,14,,,2,100,,43770,14,,,2,101,,43772,14,,,1,100,,43774,14,,,1,100,,43766,14,,,1,100,,43767,14,,,1,100,,43768,14,,,1,99,,43769,14,,,2,100,,43773,14,,,1,100,,43771,14,,,1
9700,'Dimanche-10-_26ÉTÉ-0000001-',827,,43778,14,,,2,100,,43780,14,,,2,100,,43777,14,,,1,100,,43776,14,,,1,100,,43775,14,,,2,100,,43779,14,,,2,100,,43782,14,,,1,100,,43781,14,,,2,100,,43787,14,,,2,101,,43789,14,,,1,100,,43791,14,,,1,100,,43783,14,,,1,100,,43784,14,,,1,100,,43785,14,,,1,99,,43786,14,,,2,100,,43790,14,,,1,100,,43788,14,,,1
9700,'Semaine-1-_26ÉTÉ-1111100-',659,,43810,14,,,1,66,,43811,14,,,1,97,,43800,14,,,2,101,,43796,14,,,1,96,,43809,14,,,2,100,,43804,14,,,2,100,,43801,14,,,1,100,,43806,14,,,2,101,,43792,14,,,1,94,,43797,14,,,1,105,,43805,14,,,1,96,,43807,18,,,2,103,,43798,18,,,2,34,,43793,18,,,2,59,,43802,14,,,1,102,,43794,14,,,2,99,,43803,14,,,1,100,,43799,14,,,1,102,,43795,14,,,2,110,,43808,14,,,1
9700,'Semaine-10-_26ÉTÉ-1111100-',659,,43830,14,,,1,66,,43831,14,,,1,97,,43820,14,,,2,101,,43816,14,,,1,96,,43829,14,,,2,100,,43824,14,,,2,100,,43821,14,,,1,100,,43826,14,,,2,101,,43812,14,,,1,94,,43817,14,,,1,105,,43825,14,,,1,96,,43827,18,,,2,103,,43818,18,,,2,34,,43813,18,,,2,59,,43822,14,,,1,102,,43814,14,,,2,99,,43823,14,,,1,100,,43819,14,,,1,102,,43815,14,,,2,110,,43828,14,,,1
9700,'Semaine-11-_26ÉTÉ-1111100-',659,,48194,14,,,1,66,,48195,14,,,1,97,,48184,14,,,2,101,,48180,14,,,1,96,,48193,14,,,2,100,,48188,14,,,2,100,,48185,14,,,1,100,,48190,14,,,2,101,,48176,14,,,1,94,,48181,14,,,1,105,,48189,14,,,1,96,,48191,18,,,2,103,,48182,18,,,2,34,,48177,18,,,2,59,,48186,14,,,1,102,,48178,14,,,2,99,,48187,14,,,1,100,,48183,14,,,1,102,,48179,14,,,2,110,,48192,14,,,1
