1800,'Semaine-1-_26ÉTÉ-1111100-',1318,,37312,24,,,2,238,,37311,24,,,2,98,,37314,24,,,1,72,,37313,24,,,1
1800,'Semaine-10-_26ÉTÉ-1111100-',1318,,37316,24,,,2,238,,37315,24,,,2,98,,37318,24,,,1,72,,37317,24,,,1
6800,'Semaine-1-_26ÉTÉ-1111100-',632,,42111,23,,,1,70,,42120,23,,,1,30,,42118,23,,,1,70,,42127,23,,,1,30,,42124,23,,,1,70,,42103,23,,,1,30,,42125,23,,,1,70,,42104,23,,,1,30,,42108,23,,,1,70,,42126,23,,,1,30,,42113,23,,,1,70,,42106,23,,,1,34,,42122,23,,,1,76,,42114,23,,,1,30,,42121,23,,,1,70,,42115,23,,,1,30,,42109,23,,,1,70,,42112,23,,,1,20,,42119,23,,,1,18,,42129,23,,,1,66,,42116,23,,,1,20,,42123,23,,,1,22,,42117,23,,,1,58,,42131,23,,,1,16,,42128,23,,,1,20,,42130,23,,,1,60,,42105,23,,,1,30,,42110,23,,,1,70,,42107,23,,,1
6800,'Semaine-10-_26ÉTÉ-1111100-',632,,42140,23,,,1,70,,42149,23,,,1,30,,42147,23,,,1,70,,42156,23,,,1,30,,42153,23,,,1,70,,42132,23,,,1,30,,42154,23,,,1,70,,42133,23,,,1,30,,42137,23,,,1,70,,42155,23,,,1,30,,42142,23,,,1,70,,42135,23,,,1,34,,42151,23,,,1,76,,42143,23,,,1,30,,42150,23,,,1,70,,42144,23,,,1,30,,42138,23,,,1,70,,42141,23,,,1,20,,42148,23,,,1,18,,42158,23,,,1,66,,42145,23,,,1,20,,42152,23,,,1,22,,42146,23,,,1,58,,42160,23,,,1,16,,42157,23,,,1,20,,42159,23,,,1,60,,42134,23,,,1,30,,42139,23,,,1,70,,42136,23,,,1
9700,'Semaine-1-_26ÉTÉ-1111100-',1657,,43807,4,,,2,143,,43798,4,,,2,35,,43793,4,,,2
9700,'Semaine-10-_26ÉTÉ-1111100-',1657,,43827,4,,,2,143,,43818,4,,,2,35,,43813,4,,,2
10000,'Semaine-1-_26ÉTÉ-1111100-',1548,,43933,20,,,1,7,,43935,20,,,1,50,,43920,20,,,1,8,,43921,20,,,1,5,,43922,20,,,1,12,,43934,20,,,1,8,,43923,20,,,1,11,,43924,20,,,1,9,,43925,20,,,1,51,,43926,20,,,1,10,,43927,20,,,1,9,,43928,20,,,1,10,,43929,20,,,1,9,,43930,20,,,1,9,,43931,20,,,1,50,,43932,20,,,1
10000,'Semaine-10-_26ÉTÉ-1111100-',1548,,43949,20,,,1,7,,43951,20,,,1,50,,43936,20,,,1,8,,43937,20,,,1,5,,43938,20,,,1,12,,43950,20,,,1,8,,43939,20,,,1,11,,43940,20,,,1,9,,43941,20,,,1,51,,43942,20,,,1,10,,43943,20,,,1,9,,43944,20,,,1,10,,43945,20,,,1,9,,43946,20,,,1,9,,43947,20,,,1,50,,43948,20,,,1
20000,'Semaine-1-_26ÉTÉ-1111100-',1546,,43982,16,,,1,5,,43983,16,,,1,6,,44006,16,,,1,45,,43984,16,,,1,5,,43985,16,,,1,3,,44011,16,,,1,7,,43986,16,,,1,5,,43988,16,,,1,5,,43989,16,,,1,5,,43990,16,,,1,3,,43992,16,,,1,7,,43993,16,,,1,5,,43987,16,,,1,5,,44010,16,,,1,5,,43991,16,,,1,45,,43994,16,,,1,5,,43995,16,,,1,5,,43996,16,,,1,6,,43997,16,,,1,5,,44009,16,,,1,4,,43998,16,,,1,5,,44007,16,,,1,5,,43999,16,,,1,5,,44000,16,,,1,5,,44002,16,,,1,5,,44001,16,,,1,5,,44003,16,,,1,43,,44004,16,,,1,5,,44005,16,,,1,5,,44008,16,,,1
20000,'Semaine-10-_26ÉTÉ-1111100-',1546,,44012,16,,,1,5,,44013,16,,,1,6,,44036,16,,,1,45,,44014,16,,,1,5,,44015,16,,,1,3,,44041,16,,,1,7,,44016,16,,,1,5,,44018,16,,,1,5,,44019,16,,,1,5,,44020,16,,,1,3,,44022,16,,,1,7,,44023,16,,,1,5,,44017,16,,,1,5,,44040,16,,,1,5,,44021,16,,,1,45,,44024,16,,,1,5,,44025,16,,,1,5,,44026,16,,,1,6,,44027,16,,,1,5,,44039,16,,,1,4,,44028,16,,,1,5,,44037,16,,,1,5,,44029,16,,,1,5,,44030,16,,,1,5,,44032,16,,,1,5,,44031,16,,,1,5,,44033,16,,,1,43,,44034,16,,,1,5,,44035,16,,,1,5,,44038,16,,,1
40000,'Samedi-0-_26ÉTÉ-0000010-',637,,44308,20,,,1,20,,44309,20,,,1,55,,44312,20,,,1,15,,44317,20,,,1,15,,44326,20,,,1,15,,44327,20,,,1,55,,44310,20,,,1,15,,44314,20,,,1,15,,44311,20,,,1,15,,44335,20,,,1,55,,44313,20,,,1,15,,44316,20,,,1,15,,44315,20,,,1,15,,44318,20,,,1,55,,44336,20,,,1,15,,44334,20,,,1,15,,44337,20,,,1,16,,44319,20,,,1,54,,44321,20,,,1,15,,44324,20,,,1,15,,44325,20,,,1,15,,44320,20,,,1,55,,44331,20,,,1,15,,44333,20,,,1,15,,44338,20,,,1,15,,44323,20,,,1,55,,44322,20,,,1,15,,44328,20,,,1,17,,44329,20,,,1,15,,44330,20,,,1,55,,44339,20,,,1,15,,44332,20,,,1,15,,44340,20,,,1,15,,44341,20,,,1,55,,44342,20,,,1,15,,44343,20,,,1,15,,44344,20,,,1,15,,44345,20,,,1,55,,44346,20,,,1,15,,44347,20,,,1,15,,44348,20,,,1,15,,44349,20,,,1,55,,44350,20,,,1,15,,44351,20,,,1,14,,44352,20,,,1,14,,44353,20,,,1,56,,44354,20,,,1,15,,44355,20,,,1,15,,44361,20,,,1,15,,44356,20,,,1,55,,44357,20,,,1,15,,44358,20,,,1,14,,44359,20,,,1,15,,44360,20,,,1,55,,44364,20,,,1,16,,44362,20,,,1,14,,44363,20,,,1,16,,44368,20,,,1,54,,44367,20,,,1,15,,44366,20,,,1,15,,44365,20,,,1,15,,44372,20,,,1,55,,44369,20,,,1,15,,44370,20,,,1,15,,44371,20,,,1,15,,44379,20,,,1,55,,44374,20,,,1,15,,44373,20,,,1,14,,44375,20,,,1,15,,44376,20,,,1,54,,44377,20,,,1,15,,44378,20,,,1,12,,44380,20,,,1
40000,'Dimanche-0-_26ÉTÉ-0000001-',637,,44381,20,,,1,20,,44383,20,,,1,55,,44388,20,,,1,15,,44394,20,,,1,15,,44396,20,,,1,15,,44382,20,,,1,55,,44385,20,,,1,15,,44392,20,,,1,15,,44399,20,,,1,15,,44403,20,,,1,55,,44387,20,,,1,15,,44395,20,,,1,15,,44406,20,,,1,15,,44384,20,,,1,55,,44386,20,,,1,15,,44393,20,,,1,15,,44400,20,,,1,16,,44401,20,,,1,54,,44417,20,,,1,15,,44416,20,,,1,15,,44407,20,,,1,15,,44398,20,,,1,55,,44408,20,,,1,15,,44411,20,,,1,15,,44420,20,,,1,15,,44389,20,,,1,55,,44418,20,,,1,15,,44415,20,,,1,17,,44419,20,,,1,15,,44397,20,,,1,55,,44390,20,,,1,15,,44421,20,,,1,15,,44412,20,,,1,15,,44404,20,,,1,55,,44402,20,,,1,15,,44409,20,,,1,15,,44414,20,,,1,15,,44424,20,,,1,55,,44391,20,,,1,15,,44426,20,,,1,15,,44413,20,,,1,15,,44405,20,,,1,55,,44436,20,,,1,15,,44410,20,,,1,14,,44445,20,,,1,14,,44431,20,,,1,56,,44435,20,,,1,15,,44451,20,,,1,15,,44442,20,,,1,15,,44423,20,,,1,55,,44437,20,,,1,15,,44427,20,,,1,14,,44444,20,,,1,15,,44430,20,,,1,55,,44434,20,,,1,16,,44450,20,,,1,14,,44443,20,,,1,16,,44422,20,,,1,54,,44447,20,,,1,15,,44441,20,,,1,15,,44449,20,,,1,15,,44425,20,,,1,55,,44429,20,,,1,15,,44433,20,,,1,15,,44439,20,,,1,15,,44453,20,,,1,55,,44446,20,,,1,15,,44440,20,,,1,14,,44448,20,,,1,15,,44452,20,,,1,54,,44428,20,,,1,15,,44432,20,,,1,12,,44438,20,,,1
40000,'Dimanche-10-_26ÉTÉ-0000001-',637,,44454,20,,,1,20,,44456,20,,,1,55,,44461,20,,,1,15,,44467,20,,,1,15,,44469,20,,,1,15,,44455,20,,,1,55,,44458,20,,,1,15,,44465,20,,,1,15,,44472,20,,,1,15,,44476,20,,,1,55,,44460,20,,,1,15,,44468,20,,,1,15,,44479,20,,,1,15,,44457,20,,,1,55,,44459,20,,,1,15,,44466,20,,,1,15,,44473,20,,,1,16,,44474,20,,,1,54,,44490,20,,,1,15,,44489,20,,,1,15,,44480,20,,,1,15,,44471,20,,,1,55,,44481,20,,,1,15,,44484,20,,,1,15,,44493,20,,,1,15,,44462,20,,,1,55,,44491,20,,,1,15,,44488,20,,,1,17,,44492,20,,,1,15,,44470,20,,,1,55,,44463,20,,,1,15,,44494,20,,,1,15,,44485,20,,,1,15,,44477,20,,,1,55,,44475,20,,,1,15,,44482,20,,,1,15,,44487,20,,,1,15,,44497,20,,,1,55,,44464,20,,,1,15,,44499,20,,,1,15,,44486,20,,,1,15,,44478,20,,,1,55,,44509,20,,,1,15,,44483,20,,,1,14,,44518,20,,,1,14,,44504,20,,,1,56,,44508,20,,,1,15,,44524,20,,,1,15,,44515,20,,,1,15,,44496,20,,,1,55,,44510,20,,,1,15,,44500,20,,,1,14,,44517,20,,,1,15,,44503,20,,,1,55,,44507,20,,,1,16,,44523,20,,,1,14,,44516,20,,,1,16,,44495,20,,,1,54,,44520,20,,,1,15,,44514,20,,,1,15,,44522,20,,,1,15,,44498,20,,,1,55,,44502,20,,,1,15,,44506,20,,,1,15,,44512,20,,,1,15,,44526,20,,,1,55,,44519,20,,,1,15,,44513,20,,,1,14,,44521,20,,,1,15,,44525,20,,,1,54,,44501,20,,,1,15,,44505,20,,,1,12,,44511,20,,,1
40000,'Semaine-1-_26ÉTÉ-1111100-',611,,44527,20,,,1,15,,44533,20,,,1,15,,44556,20,,,1,15,,44571,20,,,1,55,,44561,20,,,1,17,,44619,20,,,1,10,,44591,20,,,1,10,,44543,20,,,1,10,,44590,20,,,1,54,,44585,20,,,1,15,,44586,20,,,1,11,,44541,20,,,1,12,,44563,20,,,1,52,,44565,20,,,1,12,,44612,20,,,1,11,,44582,20,,,1,10,,44536,20,,,1,12,,44545,20,,,1,10,,44531,20,,,1,50,,44534,20,,,1,10,,44587,20,,,1,10,,44553,20,,,1,10,,44566,20,,,1,10,,44559,20,,,1,10,,44560,20,,,1,51,,44592,20,,,1,9,,44572,20,,,1,10,,44583,20,,,1,10,,44537,20,,,1,11,,44546,20,,,1,9,,44535,20,,,1,50,,44613,20,,,1,10,,44588,20,,,1,10,,44554,20,,,1,10,,44567,20,,,1,10,,44558,20,,,1,10,,44550,20,,,1,50,,44579,20,,,1,10,,44562,20,,,1,5,,44573,20,,,1,5,,44584,20,,,1,11,,44538,20,,,1,10,,44548,20,,,1,10,,44540,20,,,1,50,,44530,20,,,1,10,,44589,20,,,1,10,,44570,20,,,1,10,,44568,20,,,1,7,,44580,20,,,1,6,,44557,20,,,1,8,,44549,20,,,1,46,,44597,20,,,1,6,,44598,20,,,1,5,,44599,20,,,1,5,,44600,20,,,1,5,,44601,20,,,1,8,,44611,20,,,1,5,,44617,20,,,1,4,,44602,20,,,1,273,,44603,20,,,1,5,,44604,20,,,1,5,,44605,20,,,1,5,,44606,20,,,1,5,,44618,20,,,1,5,,44607,20,,,1,5,,44608,20,,,1,8,,44609,20,,,1,52,,44610,20,,,1,12,,44574,20,,,1,12,,44575,20,,,1,10,,44569,20,,,1,12,,44595,20,,,1,52,,44578,20,,,1,12,,44564,20,,,1,12,,44542,20,,,1,12,,44614,20,,,1,12,,44547,20,,,1,51,,44615,20,,,1,13,,44555,20,,,1,12,,44576,20,,,1,14,,44616,20,,,1,12,,44552,20,,,1,55,,44596,20,,,1,14,,44594,20,,,1,15,,44539,20,,,1,15,,44528,20,,,1,55,,44544,20,,,1,13,,44577,20,,,1,15,,44551,20,,,1,15,,44581,20,,,1,55,,44593,20,,,1,15,,44532,20,,,1,15,,44529,20,,,1
40000,'Semaine-10-_26ÉTÉ-1111100-',611,,44620,20,,,1,15,,44626,20,,,1,15,,44649,20,,,1,15,,44664,20,,,1,55,,44654,20,,,1,17,,44712,20,,,1,10,,44684,20,,,1,10,,44636,20,,,1,10,,44683,20,,,1,54,,44678,20,,,1,15,,44679,20,,,1,11,,44634,20,,,1,12,,44656,20,,,1,52,,44658,20,,,1,12,,44705,20,,,1,11,,44675,20,,,1,10,,44629,20,,,1,12,,44638,20,,,1,10,,44624,20,,,1,50,,44627,20,,,1,10,,44680,20,,,1,10,,44646,20,,,1,10,,44659,20,,,1,10,,44652,20,,,1,10,,44653,20,,,1,51,,44685,20,,,1,9,,44665,20,,,1,10,,44676,20,,,1,10,,44630,20,,,1,11,,44639,20,,,1,9,,44628,20,,,1,50,,44706,20,,,1,10,,44681,20,,,1,10,,44647,20,,,1,10,,44660,20,,,1,10,,44651,20,,,1,10,,44643,20,,,1,50,,44672,20,,,1,10,,44655,20,,,1,5,,44666,20,,,1,5,,44677,20,,,1,11,,44631,20,,,1,10,,44641,20,,,1,10,,44633,20,,,1,50,,44623,20,,,1,10,,44682,20,,,1,10,,44663,20,,,1,10,,44661,20,,,1,7,,44673,20,,,1,6,,44650,20,,,1,8,,44642,20,,,1,46,,44690,20,,,1,6,,44691,20,,,1,5,,44692,20,,,1,5,,44693,20,,,1,5,,44694,20,,,1,8,,44704,20,,,1,5,,44710,20,,,1,4,,44695,20,,,1,273,,44696,20,,,1,5,,44697,20,,,1,5,,44698,20,,,1,5,,44699,20,,,1,5,,44711,20,,,1,5,,44700,20,,,1,5,,44701,20,,,1,8,,44702,20,,,1,52,,44703,20,,,1,12,,44667,20,,,1,12,,44668,20,,,1,10,,44662,20,,,1,12,,44688,20,,,1,52,,44671,20,,,1,12,,44657,20,,,1,12,,44635,20,,,1,12,,44707,20,,,1,12,,44640,20,,,1,51,,44708,20,,,1,13,,44648,20,,,1,12,,44669,20,,,1,14,,44709,20,,,1,12,,44645,20,,,1,55,,44689,20,,,1,14,,44687,20,,,1,15,,44632,20,,,1,15,,44621,20,,,1,55,,44637,20,,,1,13,,44670,20,,,1,15,,44644,20,,,1,15,,44674,20,,,1,55,,44686,20,,,1,15,,44625,20,,,1,15,,44622,20,,,1
80000,'Samedi-0-_26ÉTÉ-0000010-',800,,45116,53,,,2,102,,45117,53,,,1,100,,45118,53,,,2,101,,45120,53,,,1,100,,45121,53,,,2,100,,45119,53,,,2,100,,45122,53,,,1,102,,45123,53,,,2,100,,45124,53,,,1,100,,45125,53,,,2,99,,45126,53,,,2,99,,45127,53,,,1,100,,45130,53,,,1,98,,45128,53,,,1,100,,45129,53,,,2,58,,45131,53,,,1,100,,45132,53,,,1
80000,'Dimanche-0-_26ÉTÉ-0000001-',800,,45137,53,,,2,102,,45133,53,,,1,100,,45138,53,,,2,101,,45134,53,,,1,100,,45135,53,,,2,100,,45139,53,,,2,100,,45136,53,,,1,102,,45141,53,,,2,100,,45140,53,,,1,100,,45142,53,,,2,99,,45145,53,,,2,99,,45143,53,,,1,100,,45144,53,,,1,98,,45146,53,,,1,100,,45147,53,,,2,58,,45149,53,,,1,100,,45148,53,,,1
80000,'Dimanche-10-_26ÉTÉ-0000001-',800,,45154,53,,,2,102,,45150,53,,,1,100,,45155,53,,,2,101,,45151,53,,,1,100,,45152,53,,,2,100,,45156,53,,,2,100,,45153,53,,,1,102,,45158,53,,,2,100,,45157,53,,,1,100,,45159,53,,,2,99,,45162,53,,,2,99,,45160,53,,,1,100,,45161,53,,,1,98,,45163,53,,,1,100,,45164,53,,,2,58,,45166,53,,,1,100,,45165,53,,,1
80000,'Semaine-1-_26ÉTÉ-1111100-',639,,45197,52,,,1,74,,45179,52,,,2,31,,45170,52,,,1,71,,45192,52,,,1,30,,45180,52,,,1,57,,45169,52,,,1,29,,45194,52,,,2,69,,45172,53,,,2,30,,45189,53,,,2,70,,45183,53,,,2,30,,45201,53,,,1,70,,45171,53,,,1,29,,45187,53,,,2,71,,45185,53,,,1,29,,45200,53,,,1,30,,45182,53,,,1,72,,45195,53,,,2,72,,45184,53,,,2,30,,45191,53,,,1,71,,45190,53,,,1,33,,45186,53,,,1,74,,45198,53,,,1,27,,45173,53,,,2,69,,45181,53,,,1,30,,45175,53,,,2,67,,45196,53,,,1,28,,45174,53,,,1,68,,45178,53,,,1,30,,45167,53,,,1,28,,45199,53,,,1,70,,45176,53,,,1,27,,45177,53,,,1,70,,45193,53,,,1,30,,45168,53,,,1,68,,45188,53,,,1
80000,'Semaine-10-_26ÉTÉ-1111100-',639,,45232,52,,,1,74,,45214,52,,,2,31,,45205,52,,,1,71,,45227,52,,,1,30,,45215,52,,,1,57,,45204,52,,,1,29,,45229,52,,,2,69,,45207,53,,,2,30,,45224,53,,,2,70,,45218,53,,,2,30,,45236,53,,,1,70,,45206,53,,,1,29,,45222,53,,,2,71,,45220,53,,,1,29,,45235,53,,,1,30,,45217,53,,,1,72,,45230,53,,,2,72,,45219,53,,,2,30,,45226,53,,,1,71,,45225,53,,,1,33,,45221,53,,,1,74,,45233,53,,,1,27,,45208,53,,,2,69,,45216,53,,,1,30,,45210,53,,,2,67,,45231,53,,,1,28,,45209,53,,,1,68,,45213,53,,,1,30,,45202,53,,,1,28,,45234,53,,,1,70,,45211,53,,,1,27,,45212,53,,,1,70,,45228,53,,,1,30,,45203,53,,,1,68,,45223,53,,,1
