3601,'Semaine-1-_26ÉTÉ-1111100-',842,,25047,9,,,1,90,,25045,9,,,1,100,,25048,9,,,1,100,,25046,9,,,1,99,,25051,9,,,1,100,,25050,9,,,1,101,,25049,9,,,1
3601,'Semaine-10-_26ÉTÉ-1111100-',842,,27732,9,,,1,90,,27730,9,,,1,100,,27733,9,,,1,100,,27731,9,,,1,99,,27736,9,,,1,100,,27735,9,,,1,101,,27734,9,,,1
3701,'Samedi-0-_26ÉTÉ-0000010-',647,,27803,9,,,1,100,,27808,9,,,1,100,,27802,9,,,1,100,,27807,9,,,1,101,,27804,9,,,1,99,,27805,9,,,1,100,,27809,9,,,1,100,,27806,9,,,1,100,,27810,9,,,1,100,,27811,9,,,1,100,,27812,9,,,1,100,,27813,9,,,1,100,,27814,9,,,1,102,,27815,9,,,1,98,,27816,9,,,1,99,,27817,9,,,1,100,,27818,9,,,1
3701,'Dimanche-0-_26ÉTÉ-0000001-',647,,27819,9,,,1,100,,27823,9,,,1,100,,27824,9,,,1,100,,27826,9,,,1,101,,27825,9,,,1,99,,27821,9,,,1,100,,27820,9,,,1,100,,27822,9,,,1,100,,27827,9,,,1,100,,27831,9,,,1,100,,27834,9,,,1,100,,27828,9,,,1,100,,27829,9,,,1,102,,27835,9,,,1,98,,27833,9,,,1,99,,27830,9,,,1,100,,27832,9,,,1
3701,'Dimanche-10-_26ÉTÉ-0000001-',647,,31689,9,,,1,100,,31693,9,,,1,100,,31694,9,,,1,100,,31696,9,,,1,101,,31695,9,,,1,99,,31691,9,,,1,100,,31690,9,,,1,100,,31692,9,,,1,100,,31697,9,,,1,100,,31701,9,,,1,100,,31704,9,,,1,100,,31698,9,,,1,100,,31699,9,,,1,102,,31705,9,,,1,98,,31703,9,,,1,99,,31700,9,,,1,100,,31702,9,,,1
3701,'Semaine-1-_26ÉTÉ-1111100-',515,,25094,9,,,1,29,,25092,9,,,1,75,,25096,9,,,1,30,,25086,9,,,1,67,,25103,9,,,1,20,,25083,9,,,1,10,,25104,9,,,1,72,,25085,9,,,1,100,,25102,9,,,1,100,,25090,9,,,1,100,,25084,9,,,1,101,,25082,9,,,1,99,,25087,9,,,1,100,,25098,9,,,1,97,,25081,9,,,1,31,,25097,9,,,1,70,,25100,9,,,1,30,,25095,9,,,1,72,,25101,9,,,1,30,,25105,9,,,1,85,,25089,9,,,1,100,,25099,9,,,1,101,,25091,9,,,1,99,,25088,9,,,1,103,,25093,9,,,1
3701,'Semaine-10-_26ÉTÉ-1111100-',515,,27849,9,,,1,29,,27847,9,,,1,75,,27851,9,,,1,30,,27841,9,,,1,67,,27858,9,,,1,20,,27838,9,,,1,10,,27859,9,,,1,72,,27840,9,,,1,100,,27857,9,,,1,100,,27845,9,,,1,100,,27839,9,,,1,101,,27837,9,,,1,99,,27842,9,,,1,100,,27853,9,,,1,97,,27836,9,,,1,31,,27852,9,,,1,70,,27855,9,,,1,30,,27850,9,,,1,72,,27856,9,,,1,30,,27860,9,,,1,85,,27844,9,,,1,100,,27854,9,,,1,101,,27846,9,,,1,99,,27843,9,,,1,103,,27848,9,,,1
37101,'Samedi-0-_26ÉTÉ-0000010-',718,,30859,9,,,1,99,,30858,9,,,1,102,,30862,9,,,1,100,,30861,9,,,1,100,,30863,9,,,1,100,,30860,9,,,1,100,,30864,9,,,1,100,,30865,9,,,1,100,,30866,9,,,1,99,,30867,9,,,1,100,,30868,9,,,1,100,,30869,9,,,1,100,,30870,9,,,1,100,,30871,9,,,1,100,,30872,9,,,1,100,,30873,9,,,1,100,,30874,9,,,1
37101,'Dimanche-0-_26ÉTÉ-0000001-',718,,30878,9,,,1,99,,30875,9,,,1,102,,30879,9,,,1,100,,30876,9,,,1,100,,30882,9,,,1,100,,30877,9,,,1,100,,30880,9,,,1,100,,30885,9,,,1,100,,30881,9,,,1,99,,30886,9,,,1,100,,30891,9,,,1,100,,30883,9,,,1,100,,30884,9,,,1,100,,30888,9,,,1,100,,30890,9,,,1,100,,30887,9,,,1,100,,30889,9,,,1
37101,'Dimanche-10-_26ÉTÉ-0000001-',718,,32417,9,,,1,99,,32414,9,,,1,102,,32418,9,,,1,100,,32415,9,,,1,100,,32421,9,,,1,100,,32416,9,,,1,100,,32419,9,,,1,100,,32424,9,,,1,100,,32420,9,,,1,99,,32425,9,,,1,100,,32430,9,,,1,100,,32422,9,,,1,100,,32423,9,,,1,100,,32427,9,,,1,100,,32429,9,,,1,100,,32426,9,,,1,100,,32428,9,,,1
37101,'Semaine-1-_26ÉTÉ-1111100-',526,,26703,9,,,1,30,,26706,9,,,1,69,,26699,9,,,1,32,,26701,9,,,1,69,,26711,9,,,1,30,,26710,9,,,1,70,,26705,9,,,1,30,,26689,9,,,1,100,,26696,9,,,1,100,,26694,9,,,1,98,,26695,9,,,1,102,,26709,9,,,1,100,,26692,9,,,1,100,,26693,9,,,1,69,,26690,9,,,1,28,,26697,9,,,1,73,,26707,9,,,1,30,,26708,9,,,1,70,,26687,9,,,1,80,,26691,9,,,1,96,,26702,9,,,1,100,,26704,9,,,1,100,,26688,9,,,1,100,,26698,9,,,1,145,,26700,9,,,1
37101,'Semaine-10-_26ÉTÉ-1111100-',526,,30908,9,,,1,30,,30911,9,,,1,69,,30904,9,,,1,32,,30906,9,,,1,69,,30916,9,,,1,30,,30915,9,,,1,70,,30910,9,,,1,30,,30894,9,,,1,100,,30901,9,,,1,100,,30899,9,,,1,98,,30900,9,,,1,102,,30914,9,,,1,100,,30897,9,,,1,100,,30898,9,,,1,69,,30895,9,,,1,28,,30902,9,,,1,73,,30912,9,,,1,30,,30913,9,,,1,70,,30892,9,,,1,80,,30896,9,,,1,96,,30907,9,,,1,100,,30909,9,,,1,100,,30893,9,,,1,100,,30903,9,,,1,145,,30905,9,,,1
