4500,'Semaine-1-_26ÉTÉ-1111100-',1525,,39630,36,,,1,75,,39625,36,,,2,32,,39626,36,,,2,70,,39628,36,,,1,29,,39629,36,,,1,25,,39627,36,,,2
4500,'Semaine-10-_26ÉTÉ-1111100-',1525,,39636,36,,,1,75,,39631,36,,,2,32,,39632,36,,,2,70,,39634,36,,,1,29,,39635,36,,,1,25,,39633,36,,,2
4500,'Semaine-11-_26ÉTÉ-1111100-',1525,,46378,36,,,1,75,,46373,36,,,2,32,,46374,36,,,2,70,,46376,36,,,1,29,,46377,36,,,1,25,,46375,36,,,2
4500,'Semaine-12-_26ÉTÉ-1111100-',1525,,53098,36,,,1,75,,53093,36,,,2,32,,53094,36,,,2,70,,53096,36,,,1,29,,53097,36,,,1,25,,53095,36,,,2
4500,'Semaine-5-_26ÉTÉ-1111100-',1525,,50662,36,,,1,75,,50657,36,,,2,32,,50658,36,,,2,70,,50660,36,,,1,29,,50661,36,,,1,25,,50659,36,,,2
5200,'Samedi-0-_26ÉTÉ-0000010-',640,,39909,22,,,1,100,,39910,22,,,2,100,,39911,22,,,1,101,,39912,22,,,2,100,,39913,22,,,1,101,,39914,22,,,1,101,,39915,22,,,2,100,,39916,22,,,2,99,,39917,22,,,1,100,,39918,22,,,2,100,,39919,22,,,1,100,,39920,22,,,1,99,,39921,22,,,1,100,,39924,22,,,1,100,,39922,22,,,1,100,,39923,22,,,2,98,,39925,22,,,2,100,,39926,22,,,1
5200,'Dimanche-0-_26ÉTÉ-0000001-',640,,39928,22,,,1,100,,39927,22,,,2,100,,39929,22,,,1,101,,39930,22,,,2,100,,39932,22,,,1,101,,39937,22,,,1,101,,39931,22,,,2,100,,39934,22,,,2,99,,39935,22,,,1,100,,39933,22,,,2,100,,39936,22,,,1,100,,39943,22,,,1,99,,39942,22,,,1,100,,39938,22,,,1,100,,39944,22,,,1,100,,39941,22,,,2,98,,39940,22,,,2,100,,39939,22,,,1
5200,'Dimanche-10-_26ÉTÉ-0000001-',640,,39946,22,,,1,100,,39945,22,,,2,100,,39947,22,,,1,101,,39948,22,,,2,100,,39950,22,,,1,101,,39955,22,,,1,101,,39949,22,,,2,100,,39952,22,,,2,99,,39953,22,,,1,100,,39951,22,,,2,100,,39954,22,,,1,100,,39961,22,,,1,99,,39960,22,,,1,100,,39956,22,,,1,100,,39962,22,,,1,100,,39959,22,,,2,98,,39958,22,,,2,100,,39957,22,,,1
5200,'Dimanche-11-_26ÉTÉ-0000001-',640,,49171,22,,,1,100,,49170,22,,,2,100,,49172,22,,,1,101,,49173,22,,,2,100,,49175,22,,,1,101,,49180,22,,,1,101,,49174,22,,,2,100,,49177,22,,,2,99,,49178,22,,,1,100,,49176,22,,,2,100,,49179,22,,,1,100,,49186,22,,,1,99,,49185,22,,,1,100,,49181,22,,,1,100,,49187,22,,,1,100,,49184,22,,,2,98,,49183,22,,,2,100,,49182,22,,,1
5200,'Semaine-1-_26ÉTÉ-1111100-',611,,39966,22,,,1,99,,39968,22,,,1,108,,39963,22,,,1,98,,39979,22,,,1,96,,39977,22,,,2,100,,39964,22,,,1,100,,39971,22,,,1,100,,39970,22,,,1,100,,39967,22,,,1,100,,39965,22,,,1,108,,39969,22,,,1,103,,39980,22,,,1,105,,39978,22,,,1,99,,39972,22,,,1,84,,39976,22,,,1,100,,39975,22,,,1,100,,39973,22,,,1,100,,39974,22,,,1
5200,'Semaine-10-_26ÉTÉ-1111100-',611,,39984,22,,,1,99,,39986,22,,,1,108,,39981,22,,,1,98,,39997,22,,,1,96,,39995,22,,,2,100,,39982,22,,,1,100,,39989,22,,,1,100,,39988,22,,,1,100,,39985,22,,,1,100,,39983,22,,,1,108,,39987,22,,,1,103,,39998,22,,,1,105,,39996,22,,,1,99,,39990,22,,,1,84,,39994,22,,,1,100,,39993,22,,,1,100,,39991,22,,,1,100,,39992,22,,,1
5200,'Semaine-11-_26ÉTÉ-1111100-',611,,46519,22,,,1,99,,46521,22,,,1,108,,46516,22,,,1,98,,46532,22,,,1,96,,46530,22,,,2,100,,46517,22,,,1,100,,46524,22,,,1,100,,46523,22,,,1,100,,46520,22,,,1,100,,46518,22,,,1,108,,46522,22,,,1,103,,46533,22,,,1,105,,46531,22,,,1,99,,46525,22,,,1,84,,46529,22,,,1,100,,46528,22,,,1,100,,46526,22,,,1,100,,46527,22,,,1
5200,'Semaine-12-_26ÉTÉ-1111100-',611,,53187,22,,,1,99,,53189,22,,,1,108,,53184,22,,,1,98,,53200,22,,,1,96,,53198,22,,,2,100,,53185,22,,,1,100,,53192,22,,,1,100,,53191,22,,,1,100,,53188,22,,,1,100,,53186,22,,,1,108,,53190,22,,,1,103,,53201,22,,,1,105,,53199,22,,,1,99,,53193,22,,,1,84,,53197,22,,,1,100,,53196,22,,,1,100,,53194,22,,,1,100,,53195,22,,,1
5200,'Semaine-5-_26ÉTÉ-1111100-',611,,50753,22,,,1,99,,50755,22,,,1,108,,50750,22,,,1,98,,50766,22,,,1,96,,50764,22,,,2,100,,50751,22,,,1,100,,50758,22,,,1,100,,50757,22,,,1,100,,50754,22,,,1,100,,50752,22,,,1,108,,50756,22,,,1,103,,50767,22,,,1,105,,50765,22,,,1,99,,50759,22,,,1,84,,50763,22,,,1,100,,50762,22,,,1,100,,50760,22,,,1,100,,50761,22,,,1
