4501,'Semaine-1-_26ÉTÉ-1111100-',633,,39637,26,,,2,75,,39641,26,,,1,27,,39640,26,,,2,71,,39639,26,,,1,26,,39642,26,,,1,71,,39638,26,,,2
4501,'Semaine-10-_26ÉTÉ-1111100-',633,,39643,26,,,2,75,,39647,26,,,1,27,,39646,26,,,2,71,,39645,26,,,1,26,,39648,26,,,1,71,,39644,26,,,2
4501,'Semaine-11-_26ÉTÉ-1111100-',633,,46379,26,,,2,75,,46383,26,,,1,27,,46382,26,,,2,71,,46381,26,,,1,26,,46384,26,,,1,71,,46380,26,,,2
4501,'Semaine-5-_26ÉTÉ-1111100-',633,,50663,26,,,2,75,,50667,26,,,1,27,,50666,26,,,2,71,,50665,26,,,1,26,,50668,26,,,1,71,,50664,26,,,2
5201,'Samedi-0-_26ÉTÉ-0000010-',702,,39999,50,,,2,100,,40000,50,,,1,101,,40001,50,,,2,100,,40002,50,,,1,102,,40004,50,,,1,100,,40003,50,,,1,100,,40005,50,,,2,100,,40006,50,,,1,101,,40007,50,,,2,99,,40008,50,,,1,100,,40009,50,,,1,100,,40010,50,,,1,99,,40013,50,,,1,100,,40011,50,,,1,97,,40015,50,,,2,101,,40012,50,,,1,100,,40014,50,,,1,100,,40016,50,,,1
5201,'Dimanche-0-_26ÉTÉ-0000001-',702,,40017,50,,,2,100,,40018,50,,,1,101,,40019,50,,,2,100,,40020,50,,,1,102,,40025,50,,,1,100,,40021,50,,,1,100,,40022,50,,,2,100,,40026,50,,,1,101,,40023,50,,,2,99,,40024,50,,,1,100,,40027,50,,,1,100,,40030,50,,,1,99,,40028,50,,,1,100,,40034,50,,,1,97,,40029,50,,,2,101,,40031,50,,,1,100,,40032,50,,,1,100,,40033,50,,,1
5201,'Dimanche-10-_26ÉTÉ-0000001-',702,,40035,50,,,2,100,,40036,50,,,1,101,,40037,50,,,2,100,,40038,50,,,1,102,,40043,50,,,1,100,,40039,50,,,1,100,,40040,50,,,2,100,,40044,50,,,1,101,,40041,50,,,2,99,,40042,50,,,1,100,,40045,50,,,1,100,,40048,50,,,1,99,,40046,50,,,1,100,,40052,50,,,1,97,,40047,50,,,2,101,,40049,50,,,1,100,,40050,50,,,1,100,,40051,50,,,1
5201,'Dimanche-11-_26ÉTÉ-0000001-',702,,49188,50,,,2,100,,49189,50,,,1,101,,49190,50,,,2,100,,49191,50,,,1,102,,49196,50,,,1,100,,49192,50,,,1,100,,49193,50,,,2,100,,49197,50,,,1,101,,49194,50,,,2,99,,49195,50,,,1,100,,49198,50,,,1,100,,49201,50,,,1,99,,49199,50,,,1,100,,49205,50,,,1,97,,49200,50,,,2,101,,49202,50,,,1,100,,49203,50,,,1,100,,49204,50,,,1
5201,'Semaine-1-_26ÉTÉ-1111100-',634,,40068,50,,,1,102,,40070,50,,,1,99,,40069,50,,,1,100,,40053,50,,,1,101,,40059,50,,,1,100,,40056,50,,,2,100,,40063,50,,,1,100,,40054,50,,,1,100,,40058,50,,,1,102,,40057,50,,,1,100,,40067,50,,,1,100,,40066,50,,,1,98,,40060,50,,,1,96,,40061,50,,,1,100,,40065,50,,,1,100,,40062,50,,,1,100,,40064,50,,,1,100,,40055,50,,,1
5201,'Semaine-10-_26ÉTÉ-1111100-',634,,40086,50,,,1,102,,40088,50,,,1,99,,40087,50,,,1,100,,40071,50,,,1,101,,40077,50,,,1,100,,40074,50,,,2,100,,40081,50,,,1,100,,40072,50,,,1,100,,40076,50,,,1,102,,40075,50,,,1,100,,40085,50,,,1,100,,40084,50,,,1,98,,40078,50,,,1,96,,40079,50,,,1,100,,40083,50,,,1,100,,40080,50,,,1,100,,40082,50,,,1,100,,40073,50,,,1
5201,'Semaine-11-_26ÉTÉ-1111100-',634,,46567,50,,,1,102,,46569,50,,,1,99,,46568,50,,,1,100,,46552,50,,,1,101,,46558,50,,,1,100,,46555,50,,,2,100,,46562,50,,,1,100,,46553,50,,,1,100,,46557,50,,,1,102,,46556,50,,,1,100,,46566,50,,,1,100,,46565,50,,,1,98,,46559,50,,,1,96,,46560,50,,,1,100,,46564,50,,,1,100,,46561,50,,,1,100,,46563,50,,,1,100,,46554,50,,,1
5201,'Semaine-5-_26ÉTÉ-1111100-',634,,50783,50,,,1,102,,50785,50,,,1,99,,50784,50,,,1,100,,50768,50,,,1,101,,50774,50,,,1,100,,50771,50,,,2,100,,50778,50,,,1,100,,50769,50,,,1,100,,50773,50,,,1,102,,50772,50,,,1,100,,50782,50,,,1,100,,50781,50,,,1,98,,50775,50,,,1,96,,50776,50,,,1,100,,50780,50,,,1,100,,50777,50,,,1,100,,50779,50,,,1,100,,50770,50,,,1
5600,'Semaine-1-_26ÉTÉ-1111100-',640,,40502,17,,,2,61,,40500,17,,,1,5,,40504,17,,,2,31,,40503,17,,,2,71,,40497,17,,,2,105,,40496,17,,,2,104,,40498,17,,,1,98,,40501,17,,,2,100,,40499,17,,,1
5600,'Semaine-10-_26ÉTÉ-1111100-',640,,40511,17,,,2,61,,40509,17,,,1,5,,40513,17,,,2,31,,40512,17,,,2,71,,40506,17,,,2,105,,40505,17,,,2,104,,40507,17,,,1,98,,40510,17,,,2,100,,40508,17,,,1
5600,'Semaine-11-_26ÉTÉ-1111100-',640,,46745,17,,,2,61,,46743,17,,,1,5,,46747,17,,,2,31,,46746,17,,,2,71,,46740,17,,,2,105,,46739,17,,,2,104,,46741,17,,,1,98,,46744,17,,,2,100,,46742,17,,,1
5600,'Semaine-5-_26ÉTÉ-1111100-',640,,50892,17,,,2,61,,50890,17,,,1,5,,50894,17,,,2,31,,50893,17,,,2,71,,50887,17,,,2,105,,50886,17,,,2,104,,50888,17,,,1,98,,50891,17,,,2,100,,50889,17,,,1
75200,'Semaine-5-_26ÉTÉ-1111100-',724,,52289,13,,,1
