2500,'Semaine-4',1546,,32637,31,,,1,70,,32640,31,,,1,32,,32638,31,,,1,71,,32642,31,,,1,27,,32639,31,,,1,64,,32641,31,,,1
2800,'Semaine-4',1617,,32668,41,,,2,39,,32669,41,,,1,93,,32670,41,,,2
3900,'Samedi-3',648,,33722,19,,,1,101,,33723,19,,,1,100,,33727,19,,,1,101,,33726,19,,,1,100,,33729,19,,,1,100,,33728,19,,,1,102,,33724,19,,,1,70,,33725,19,,,1,30,,33730,19,,,1,71,,33731,19,,,2,30,,33732,19,,,1,70,,33733,19,,,1,31,,33734,19,,,2,70,,33735,19,,,1,30,,33736,19,,,1,70,,33737,19,,,1,30,,33738,19,,,1,69,,33739,19,,,1,29,,33740,19,,,1,68,,33741,19,,,1,100,,33742,19,,,1,100,,33743,19,,,1,100,,33744,19,,,1,100,,33745,19,,,1
3900,'Dimanche-3',648,,33746,19,,,1,101,,33753,19,,,1,100,,33747,19,,,1,101,,33749,19,,,1,100,,33755,19,,,1,100,,33748,19,,,1,102,,33754,19,,,1,70,,33750,19,,,1,30,,33751,19,,,1,71,,33756,19,,,2,30,,33758,19,,,1,70,,33752,19,,,1,31,,33757,19,,,2,70,,33759,19,,,1,30,,33760,19,,,1,70,,33766,19,,,1,30,,33767,19,,,1,69,,33769,19,,,1,29,,33765,19,,,1,68,,33763,19,,,1,100,,33764,19,,,1,100,,33768,19,,,1,100,,33761,19,,,1,100,,33762,19,,,1
3900,'Semaine-4',624,,33787,19,,,1,23,,33773,19,,,1,72,,33792,19,,,1,28,,33785,19,,,1,73,,33786,19,,,1,33,,33784,19,,,1,72,,33781,19,,,1,30,,33798,19,,,1,70,,33793,19,,,1,31,,33805,19,,,1,70,,33790,19,,,1,30,,33794,19,,,1,70,,33782,19,,,1,31,,33780,19,,,1,70,,33795,19,,,2,29,,33783,19,,,1,70,,33770,19,,,1,33,,33796,19,,,2,73,,33777,19,,,1,71,,33779,19,,,1,30,,33797,19,,,1,72,,33776,19,,,1,28,,33771,19,,,1,69,,33799,19,,,1,28,,33778,19,,,1,71,,33772,19,,,2,29,,33800,19,,,2,72,,33775,19,,,1,25,,33791,19,,,2,26,,33801,19,,,1,70,,33774,19,,,1,30,,33789,19,,,1,69,,33802,19,,,2,30,,33788,19,,,1,70,,33804,19,,,1,30,,33803,19,,,2
5000,'Semaine-4',658,,34079,35,,,1,65,,34077,35,,,1,5,,34078,14,,,2,25,,34080,35,,,2,71,,34076,35,,,1,105,,34081,35,,,1
32500,'Semaine-4',1645,,36460,39,0,7 8,1
42501,'Semaine-4',1515,,37070,25,0,9 14,1
55000,'Semaine-4',714,,37092,35,0,5 6,1,2,,37093,35,0,5 6,1
63900,'Semaine-4',1526,,37109,32,0,9 10,1
82500,'Semaine-4',1546,,37282,23,0,9 12 13,1
