9501,'Semaine-1-_26ÉTÉ-1111100-',532,,43729,6,,,1,15,,43725,6,,,1,55,,43727,6,,,1,15,,43732,6,,,2,15,,43728,6,,,2,15,,43730,6,,,2,57,,43731,6,,,1,13,,43726,6,,,2
9501,'Semaine-10-_26ÉTÉ-1111100-',532,,43737,6,,,1,15,,43733,6,,,1,55,,43735,6,,,1,15,,43740,6,,,2,15,,43736,6,,,2,15,,43738,6,,,2,57,,43739,6,,,1,13,,43734,6,,,2
9501,'Semaine-11-_26ÉTÉ-1111100-',532,,48155,6,,,1,15,,48151,6,,,1,55,,48153,6,,,1,15,,48158,6,,,2,15,,48154,6,,,2,15,,48156,6,,,2,57,,48157,6,,,1,13,,48152,6,,,2
9700,'Samedi-0-_26ÉTÉ-0000010-',901,,43743,66,,,2,100,,43746,66,,,2,100,,43741,66,,,1,100,,43742,66,,,1,100,,43745,66,,,2,100,,43744,66,,,2,100,,43747,66,,,1,101,,43748,66,,,2,100,,43749,66,,,2,101,,43750,66,,,1,100,,43755,66,,,1,100,,43751,66,,,1,100,,43752,66,,,1,100,,43753,66,,,1,99,,43754,66,,,2,98,,43756,66,,,1,100,,43757,66,,,1
9700,'Samedi-10-_26ÉTÉ-0000010-',901,,48161,66,,,2,100,,48164,66,,,2,100,,48159,66,,,1,100,,48160,66,,,1,100,,48163,66,,,2,100,,48162,66,,,2,100,,48165,66,,,1,101,,48166,66,,,2,100,,48167,66,,,2,101,,48168,66,,,1,100,,48173,66,,,1,100,,48169,66,,,1,100,,48170,66,,,1,100,,48171,66,,,1,99,,48172,66,,,2,98,,48174,66,,,1,100,,48175,66,,,1
9700,'Dimanche-0-_26ÉTÉ-0000001-',901,,43761,66,,,2,100,,43763,66,,,2,100,,43760,66,,,1,100,,43759,66,,,1,100,,43758,66,,,2,100,,43762,66,,,2,100,,43765,66,,,1,101,,43764,66,,,2,100,,43770,66,,,2,101,,43772,66,,,1,100,,43774,66,,,1,100,,43766,66,,,1,100,,43767,66,,,1,100,,43768,66,,,1,99,,43769,66,,,2,98,,43773,66,,,1,100,,43771,66,,,1
9700,'Dimanche-10-_26ÉTÉ-0000001-',901,,43778,66,,,2,100,,43780,66,,,2,100,,43777,66,,,1,100,,43776,66,,,1,100,,43775,66,,,2,100,,43779,66,,,2,100,,43782,66,,,1,101,,43781,66,,,2,100,,43787,66,,,2,101,,43789,66,,,1,100,,43791,66,,,1,100,,43783,66,,,1,100,,43784,66,,,1,100,,43785,66,,,1,99,,43786,66,,,2,98,,43790,66,,,1,100,,43788,66,,,1
9700,'Semaine-1-_26ÉTÉ-1111100-',734,,43810,66,,,1,72,,43811,66,,,1,51,,43800,66,,,2,101,,43796,66,,,1,96,,43809,66,,,2,100,,43804,66,,,2,100,,43801,66,,,1,100,,43806,66,,,2,101,,43792,66,,,1,94,,43797,66,,,1,105,,43805,66,,,1,96,,43807,70,,,2,101,,43798,70,,,2,72,,43793,70,,,2,21,,43802,66,,,1,101,,43794,66,,,2,99,,43803,66,,,1,100,,43799,66,,,1,100,,43795,66,,,2,110,,43808,66,,,1
9700,'Semaine-10-_26ÉTÉ-1111100-',734,,43830,66,,,1,72,,43831,66,,,1,51,,43820,66,,,2,101,,43816,66,,,1,96,,43829,66,,,2,100,,43824,66,,,2,100,,43821,66,,,1,100,,43826,66,,,2,101,,43812,66,,,1,94,,43817,66,,,1,105,,43825,66,,,1,96,,43827,70,,,2,101,,43818,70,,,2,72,,43813,70,,,2,21,,43822,66,,,1,101,,43814,66,,,2,99,,43823,66,,,1,100,,43819,66,,,1,100,,43815,66,,,2,110,,43828,66,,,1
9700,'Semaine-11-_26ÉTÉ-1111100-',734,,48194,66,,,1,72,,48195,66,,,1,51,,48184,66,,,2,101,,48180,66,,,1,96,,48193,66,,,2,100,,48188,66,,,2,100,,48185,66,,,1,100,,48190,66,,,2,101,,48176,66,,,1,94,,48181,66,,,1,105,,48189,66,,,1,96,,48191,70,,,2,101,,48182,70,,,2,72,,48177,70,,,2,21,,48186,66,,,1,101,,48178,66,,,2,99,,48187,66,,,1,100,,48183,66,,,1,100,,48179,66,,,2,110,,48192,66,,,1
9801,'Semaine-1-_26ÉTÉ-1111100-',503,,43914,6,,,1,10,,43915,6,,,1,10,,43916,6,,,1
9801,'Semaine-10-_26ÉTÉ-1111100-',503,,43917,6,,,1,10,,43918,6,,,1,10,,43919,6,,,1
9801,'Semaine-11-_26ÉTÉ-1111100-',503,,48229,6,,,1,10,,48230,6,,,1,10,,48231,6,,,1
