7100,'Samedi-3',821,,35515,31,4,,2,100,,35516,31,4,,1,100,,35518,31,4,,1,104,,35513,31,4,,1,100,,35517,31,4,,1,100,,35514,31,4,,1,100,,35519,31,4,,1,100,,35520,31,4,,2,100,,35521,31,4,,2,100,,35522,31,4,,2,100,,35523,31,4,,2,97,,35524,31,4,,2,100,,35525,31,4,,1,100,,35526,31,4,,1,100,,35527,31,4,,2,100,,35528,31,4,,1
7100,'Dimanche-3',821,,35532,31,4,,2,100,,35533,31,4,,1,100,,35534,31,4,,1,104,,35535,31,4,,1,100,,35531,31,4,,1,100,,35530,31,4,,1,100,,35536,31,4,,1,100,,35529,31,4,,2,100,,35539,31,4,,2,100,,35541,31,4,,2,100,,35542,31,4,,2,97,,35540,31,4,,2,100,,35537,31,4,,1,100,,35538,31,4,,1,100,,35544,31,4,,2,100,,35543,31,4,,1
7100,'Semaine-4',551,,35578,31,4,,1,70,,35561,31,4,,1,30,,35579,31,4,,1,60,,35582,31,4,,1,20,,35552,31,4,,1,22,,35556,31,4,,1,58,,35555,31,4,,1,10,,35577,31,4,,2,10,,35553,31,4,,1,10,,35568,31,4,,1,60,,35545,31,4,,1,20,,35571,31,4,,1,20,,35576,31,4,,2,70,,35567,31,4,,1,31,,35572,31,4,,1,70,,35573,31,4,,1,30,,35587,31,4,,1,70,,35548,31,4,,1,29,,35574,31,4,,2,71,,35586,31,4,,1,29,,35547,31,4,,2,70,,35549,31,4,,1,35,,35557,31,4,,1,69,,35580,31,4,,2,30,,35551,31,4,,2,6,,35581,31,4,,2,60,,35584,31,4,,1,20,,35583,31,4,,2,15,,35564,31,4,,1,5,,35559,31,4,,1,60,,35560,31,4,,1,17,,35550,31,4,,2,20,,35569,31,4,,1,63,,35546,31,4,,2,26,,35570,31,4,,2,71,,35585,31,4,,1,30,,35558,31,4,,1,70,,35562,31,4,,1,31,,35565,31,4,,1,99,,35563,31,4,,1,101,,35575,31,4,,1,99,,35554,31,4,,1,99,,35566,31,4,,1
7200,'Samedi-3',711,,35664,13,4,,2,100,,35663,13,4,,1,100,,35662,13,4,,1,100,,35666,13,4,,1,100,,35660,13,4,,2,100,,35661,13,4,,1,100,,35665,13,4,,2,100,,35667,13,4,,1,100,,35668,13,4,,1,100,,35669,13,4,,2,100,,35670,13,4,,1,100,,35671,13,4,,2,100,,35672,13,4,,1,100,,35673,13,4,,2
7200,'Dimanche-3',711,,35678,13,4,,2,100,,35679,13,4,,1,100,,35674,13,4,,1,100,,35682,13,4,,1,100,,35677,13,4,,2,100,,35681,13,4,,1,100,,35676,13,4,,2,100,,35680,13,4,,1,100,,35675,13,4,,1,100,,35684,13,4,,2,100,,35683,13,4,,1,100,,35685,13,4,,2,100,,35687,13,4,,1,100,,35686,13,4,,2
7200,'Semaine-4',646,,35707,13,4,,2,70,,35699,13,4,,1,30,,35700,13,4,,1,71,,35701,13,4,,1,29,,35702,13,4,,1,70,,35703,13,4,,2,100,,35704,13,4,,1,100,,35705,13,4,,1,100,,35706,13,4,,1,100,,35708,13,4,,1,100,,35695,13,4,,1,100,,35691,13,4,,1,29,,35697,13,4,,1,71,,35693,13,4,,1,30,,35690,13,4,,1,70,,35689,13,4,,2,30,,35698,13,4,,2,70,,35696,13,4,,1,30,,35694,13,4,,1,69,,35692,13,4,,1,101,,35688,13,4,,1
7300,'Semaine-4',637,,35723,32,4,,2,70,,35721,32,4,,1,33,,35724,32,4,,2,70,,35731,32,4,,1,29,,35725,32,4,,1,68,,35726,32,4,,1,100,,35728,32,4,,1,100,,35712,32,4,,1,100,,35709,32,4,,1,100,,35710,32,4,,1,100,,35711,32,4,,1,101,,35713,32,4,,1,29,,35714,32,4,,2,70,,35732,32,4,,2,35,,35729,32,4,,1,65,,35730,32,4,,1,30,,35727,32,4,,1,70,,35715,32,4,,1,30,,35716,32,4,,1,68,,35717,32,4,,1,100,,35718,32,4,,1,105,,35719,32,4,,1,98,,35720,32,4,,1,102,,35722,32,4,,1
7600,'Samedi-3',748,,35903,23,4,,1,100,,35906,23,4,,1,100,,35905,23,4,,1,100,,35908,23,4,,1,100,,35907,23,4,,1,101,,35902,23,4,,2,99,,35904,23,4,,1,100,,35909,23,4,,1,100,,35910,23,4,,2,100,,35911,23,4,,1,100,,35912,23,4,,2,100,,35913,23,4,,1,100,,35914,23,4,,1,100,,35915,23,4,,2,100,,35916,23,4,,2,100,,35917,23,4,,1
7600,'Dimanche-3',748,,35921,23,4,,1,100,,35920,23,4,,1,100,,35925,23,4,,1,100,,35924,23,4,,1,100,,35923,23,4,,1,101,,35919,23,4,,2,99,,35922,23,4,,1,100,,35918,23,4,,1,100,,35926,23,4,,2,100,,35930,23,4,,1,100,,35927,23,4,,2,100,,35933,23,4,,1,100,,35931,23,4,,1,100,,35932,23,4,,2,100,,35929,23,4,,2,100,,35928,23,4,,1
7600,'Semaine-4',556,,35959,23,4,,1,70,,35962,23,4,,1,30,,35952,23,4,,2,60,,35947,23,4,,1,19,,35940,23,4,,1,21,,35956,23,4,,1,62,,35954,23,4,,2,15,,35965,23,4,,1,14,,35960,23,4,,1,59,,35957,23,4,,1,18,,35968,23,4,,1,25,,35963,23,4,,2,70,,35969,23,4,,1,30,,35964,23,4,,1,70,,35935,23,4,,1,30,,35966,23,4,,1,70,,35951,23,4,,1,30,,35970,23,4,,1,70,,35939,23,4,,1,30,,35936,23,4,,1,70,,35937,23,4,,1,33,,35942,23,4,,1,69,,35971,23,4,,1,31,,35941,23,4,,2,60,,35953,23,4,,1,21,,35955,23,4,,2,19,,35967,23,4,,2,60,,35934,23,4,,1,18,,35938,23,4,,2,20,,35948,23,4,,1,68,,35949,23,4,,1,30,,35950,23,4,,1,70,,35961,23,4,,1,85,,35943,23,4,,1,100,,35944,23,4,,1,100,,35945,23,4,,1,100,,35946,23,4,,1,100,,35958,23,4,,2
7900,'Semaine-4',1217,,36176,9,4,,2,33,,36167,28,4,,1,100,,36170,28,4,,1,175,,36168,28,4,,1,30,,36169,28,4,,1,70,,36174,28,4,,2,31,,36172,28,4,,2,67,,36171,28,4,,1,30,,36166,28,4,,1,84,,36173,28,4,,2,85,,36175,28,4,,1
57100,'Semaine-4',1613,,37105,68,4,,1
