6601,'Samedi-0-_26ÉTÉ-0000010-',652,,41664,18,,,1,100,,41666,18,,,1,100,,41670,18,,,1,100,,41667,18,,,2,100,,41671,18,,,1,100,,41665,18,,,1,100,,41668,18,,,1,100,,41669,18,,,1,100,,41672,18,,,2,100,,41673,18,,,1,100,,41674,18,,,1,100,,41675,18,,,1,100,,41676,18,,,1,100,,41678,18,,,1,100,,41677,18,,,1,100,,41679,18,,,1,100,,41680,18,,,1,100,,41681,18,,,2
6601,'Dimanche-0-_26ÉTÉ-0000001-',652,,41683,18,,,1,100,,41687,18,,,1,100,,41688,18,,,1,100,,41689,18,,,2,100,,41691,18,,,1,100,,41682,18,,,1,100,,41690,18,,,1,100,,41684,18,,,1,100,,41685,18,,,2,100,,41686,18,,,1,100,,41695,18,,,1,100,,41697,18,,,1,100,,41693,18,,,1,100,,41694,18,,,1,100,,41692,18,,,1,100,,41696,18,,,1,100,,41698,18,,,1,100,,41699,18,,,2
6601,'Dimanche-10-_26ÉTÉ-0000001-',652,,41701,18,,,1,100,,41705,18,,,1,100,,41706,18,,,1,100,,41707,18,,,2,100,,41709,18,,,1,100,,41700,18,,,1,100,,41708,18,,,1,100,,41702,18,,,1,100,,41703,18,,,2,100,,41704,18,,,1,100,,41713,18,,,1,100,,41715,18,,,1,100,,41711,18,,,1,100,,41712,18,,,1,100,,41710,18,,,1,100,,41714,18,,,1,100,,41716,18,,,1,100,,41717,18,,,2
6601,'Dimanche-11-_26ÉTÉ-0000001-',652,,49432,18,,,1,100,,49436,18,,,1,100,,49437,18,,,1,100,,49438,18,,,2,100,,49440,18,,,1,100,,49431,18,,,1,100,,49439,18,,,1,100,,49433,18,,,1,100,,49434,18,,,2,100,,49435,18,,,1,100,,49444,18,,,1,100,,49446,18,,,1,100,,49442,18,,,1,100,,49443,18,,,1,100,,49441,18,,,1,100,,49445,18,,,1,100,,49447,18,,,1,100,,49448,18,,,2
6601,'Semaine-1-_26ÉTÉ-1111100-',543,,41727,18,,,2,60,,41720,18,,,2,20,,41729,18,,,2,16,,41735,18,,,1,20,,41730,18,,,2,60,,41721,18,,,2,20,,41733,18,,,2,20,,41726,18,,,2,60,,41742,18,,,1,20,,41719,18,,,2,20,,41732,18,,,2,60,,41743,18,,,2,20,,41751,18,,,2,102,,41731,18,,,1,100,,41723,18,,,2,100,,41747,18,,,1,100,,41748,18,,,2,101,,41734,18,,,2,63,,41722,18,,,2,19,,41739,18,,,2,17,,41736,18,,,1,61,,41749,18,,,2,20,,41718,18,,,1,20,,41744,18,,,2,60,,41737,18,,,2,21,,41750,18,,,2,19,,41740,18,,,1,60,,41745,18,,,2,20,,41738,18,,,1,20,,41746,18,,,2,58,,41752,18,,,1,100,,41725,18,,,1,100,,41724,18,,,1,55,,41728,18,,,1,100,,41741,18,,,1
6601,'Semaine-10-_26ÉTÉ-1111100-',543,,41762,18,,,2,60,,41755,18,,,2,20,,41764,18,,,2,16,,41770,18,,,1,20,,41765,18,,,2,60,,41756,18,,,2,20,,41768,18,,,2,20,,41761,18,,,2,60,,41777,18,,,1,20,,41754,18,,,2,20,,41767,18,,,2,60,,41778,18,,,2,20,,41786,18,,,2,102,,41766,18,,,1,100,,41758,18,,,2,100,,41782,18,,,1,100,,41783,18,,,2,101,,41769,18,,,2,63,,41757,18,,,2,19,,41774,18,,,2,17,,41771,18,,,1,61,,41784,18,,,2,20,,41753,18,,,1,20,,41779,18,,,2,60,,41772,18,,,2,21,,41785,18,,,2,19,,41775,18,,,1,60,,41780,18,,,2,20,,41773,18,,,1,20,,41781,18,,,2,58,,41787,18,,,1,100,,41760,18,,,1,100,,41759,18,,,1,55,,41763,18,,,1,100,,41776,18,,,1
6601,'Semaine-11-_26ÉTÉ-1111100-',543,,47272,18,,,2,60,,47265,18,,,2,20,,47274,18,,,2,16,,47280,18,,,1,20,,47275,18,,,2,60,,47266,18,,,2,20,,47278,18,,,2,20,,47271,18,,,2,60,,47287,18,,,1,20,,47264,18,,,2,20,,47277,18,,,2,60,,47288,18,,,2,20,,47296,18,,,2,102,,47276,18,,,1,100,,47268,18,,,2,100,,47292,18,,,1,100,,47293,18,,,2,101,,47279,18,,,2,63,,47267,18,,,2,19,,47284,18,,,2,17,,47281,18,,,1,61,,47294,18,,,2,20,,47263,18,,,1,20,,47289,18,,,2,60,,47282,18,,,2,21,,47295,18,,,2,19,,47285,18,,,1,60,,47290,18,,,2,20,,47283,18,,,1,20,,47291,18,,,2,58,,47297,18,,,1,100,,47270,18,,,1,100,,47269,18,,,1,55,,47273,18,,,1,100,,47286,18,,,1
6601,'Semaine-12-_26ÉTÉ-1111100-',543,,53679,18,,,2,60,,53672,18,,,2,20,,53681,18,,,2,16,,53687,18,,,1,20,,53682,18,,,2,60,,53673,18,,,2,20,,53685,18,,,2,20,,53678,18,,,2,60,,53694,18,,,1,20,,53671,18,,,2,20,,53684,18,,,2,60,,53695,18,,,2,20,,53703,18,,,2,102,,53683,18,,,1,100,,53675,18,,,2,100,,53699,18,,,1,100,,53700,18,,,2,101,,53686,18,,,2,63,,53674,18,,,2,19,,53691,18,,,2,17,,53688,18,,,1,61,,53701,18,,,2,20,,53670,18,,,1,20,,53696,18,,,2,60,,53689,18,,,2,21,,53702,18,,,2,19,,53692,18,,,1,60,,53697,18,,,2,20,,53690,18,,,1,20,,53698,18,,,2,58,,53704,18,,,1,100,,53677,18,,,1,100,,53676,18,,,1,55,,53680,18,,,1,100,,53693,18,,,1
6601,'Semaine-5-_26ÉTÉ-1111100-',543,,51246,18,,,2,60,,51239,18,,,2,20,,51248,18,,,2,16,,51254,18,,,1,20,,51249,18,,,2,60,,51240,18,,,2,20,,51252,18,,,2,20,,51245,18,,,2,60,,51261,18,,,1,20,,51238,18,,,2,20,,51251,18,,,2,60,,51262,18,,,2,20,,51270,18,,,2,102,,51250,18,,,1,100,,51242,18,,,2,100,,51266,18,,,1,100,,51267,18,,,2,101,,51253,18,,,2,63,,51241,18,,,2,19,,51258,18,,,2,17,,51255,18,,,1,61,,51268,18,,,2,20,,51237,18,,,1,20,,51263,18,,,2,60,,51256,18,,,2,21,,51269,18,,,2,19,,51259,18,,,1,60,,51264,18,,,2,20,,51257,18,,,1,20,,51265,18,,,2,58,,51271,18,,,1,100,,51244,18,,,1,100,,51243,18,,,1,55,,51247,18,,,1,100,,51260,18,,,1
56601,'Semaine-5-_26ÉTÉ-1111100-',651,,52279,7,,,1
