2601,'Semaine-1-_26ÉTÉ-1111100-',610,,37394,27,,,1,31,,37396,27,,,1,71,,37397,27,,,1,24,,37395,27,,,1,75,,37393,27,,,2
2601,'Semaine-10-_26ÉTÉ-1111100-',610,,37399,27,,,1,31,,37401,27,,,1,71,,37402,27,,,1,24,,37400,27,,,1,75,,37398,27,,,2
2601,'Semaine-11-_26ÉTÉ-1111100-',610,,45402,27,,,1,31,,45404,27,,,1,71,,45405,27,,,1,24,,45403,27,,,1,75,,45401,27,,,2
2601,'Semaine-5-_26ÉTÉ-1111100-',610,,49973,27,,,1,31,,49975,27,,,1,71,,49976,27,,,1,24,,49974,27,,,1,75,,49972,27,,,2
2801,'Semaine-1-_26ÉTÉ-1111100-',706,,37428,37,,,1,31,,37429,37,,,1,99,,37427,37,,,2
2801,'Semaine-10-_26ÉTÉ-1111100-',706,,37431,37,,,1,31,,37432,37,,,1,99,,37430,37,,,2
2801,'Semaine-11-_26ÉTÉ-1111100-',706,,45419,37,,,1,31,,45420,37,,,1,99,,45418,37,,,2
2801,'Semaine-5-_26ÉTÉ-1111100-',706,,49990,37,,,1,31,,49991,37,,,1,99,,49989,37,,,2
2901,'Semaine-1-_26ÉTÉ-1111100-',722,,37443,13,,,1,29,,37446,13,,,1,69,,37444,13,,,1,30,,37445,13,,,1
2901,'Semaine-10-_26ÉTÉ-1111100-',722,,37447,13,,,1,29,,37450,13,,,1,69,,37448,13,,,1,30,,37449,13,,,1
2901,'Semaine-11-_26ÉTÉ-1111100-',722,,45426,13,,,1,29,,45429,13,,,1,69,,45427,13,,,1,30,,45428,13,,,1
2901,'Semaine-5-_26ÉTÉ-1111100-',722,,49997,13,,,1,29,,50000,13,,,1,69,,49998,13,,,1,30,,49999,13,,,1
3201,'Semaine-1-_26ÉTÉ-1111100-',524,,37885,25,,,2,20,,37884,25,,,1,60,,37876,25,,,2,21,,37886,25,,,1,10,,37866,25,,,2,10,,37887,25,,,1,10,,37867,25,,,2,50,,37868,25,,,1,8,,37860,25,,,1,10,,37863,25,,,1,8,,37889,25,,,1,8,,37869,25,,,1,9,,37864,25,,,1,7,,37877,25,,,2,48,,37859,25,,,1,9,,37870,25,,,1,8,,37888,25,,,1,8,,37858,25,,,1,10,,37857,25,,,2,10,,37862,25,,,1,9,,37865,25,,,1,50,,37871,25,,,1,21,,37845,25,,,1,30,,37855,25,,,2,70,,37848,25,,,1,30,,37851,25,,,2,69,,37844,25,,,1,31,,37854,25,,,2,70,,37849,25,,,1,30,,37856,25,,,1,70,,37838,25,,,1,29,,37843,25,,,2,70,,37850,25,,,1,31,,37861,25,,,1,71,,37878,25,,,1,28,,37879,25,,,1,71,,37880,25,,,1,31,,37881,25,,,1,69,,37882,25,,,1,30,,37883,25,,,1,70,,37841,25,,,1,29,,37839,25,,,1,70,,37852,25,,,1,30,,37847,25,,,1,70,,37842,25,,,1,30,,37840,25,,,1,70,,37853,25,,,1,28,,37846,25,,,1,70,,37873,25,,,2,30,,37872,25,,,1,69,,37874,25,,,1,30,,37875,25,,,1
3201,'Semaine-10-_26ÉTÉ-1111100-',524,,37937,25,,,2,20,,37936,25,,,1,60,,37928,25,,,2,21,,37938,25,,,1,10,,37918,25,,,2,10,,37939,25,,,1,10,,37919,25,,,2,50,,37920,25,,,1,8,,37912,25,,,1,10,,37915,25,,,1,8,,37941,25,,,1,8,,37921,25,,,1,9,,37916,25,,,1,7,,37929,25,,,2,48,,37911,25,,,1,9,,37922,25,,,1,8,,37940,25,,,1,8,,37910,25,,,1,10,,37909,25,,,2,10,,37914,25,,,1,9,,37917,25,,,1,50,,37923,25,,,1,21,,37897,25,,,1,30,,37907,25,,,2,70,,37900,25,,,1,30,,37903,25,,,2,69,,37896,25,,,1,31,,37906,25,,,2,70,,37901,25,,,1,30,,37908,25,,,1,70,,37890,25,,,1,29,,37895,25,,,1,70,,37902,25,,,1,31,,37913,25,,,1,71,,37930,25,,,1,28,,37931,25,,,1,71,,37932,25,,,1,31,,37933,25,,,1,69,,37934,25,,,1,30,,37935,25,,,1,70,,37893,25,,,1,29,,37891,25,,,1,70,,37904,25,,,1,30,,37899,25,,,1,70,,37894,25,,,1,30,,37892,25,,,1,70,,37905,25,,,1,28,,37898,25,,,1,70,,37925,25,,,2,30,,37924,25,,,1,69,,37926,25,,,1,30,,37927,25,,,1
3201,'Semaine-11-_26ÉTÉ-1111100-',524,,45652,25,,,2,20,,45651,25,,,1,60,,45643,25,,,2,21,,45653,25,,,1,10,,45633,25,,,2,10,,45654,25,,,1,10,,45634,25,,,2,50,,45635,25,,,1,8,,45627,25,,,1,10,,45630,25,,,1,8,,45656,25,,,1,8,,45636,25,,,1,9,,45631,25,,,1,7,,45644,25,,,2,48,,45626,25,,,1,9,,45637,25,,,1,8,,45655,25,,,1,8,,45625,25,,,1,10,,45624,25,,,2,10,,45629,25,,,1,9,,45632,25,,,1,50,,45638,25,,,1,21,,45612,25,,,1,30,,45622,25,,,2,70,,45615,25,,,1,30,,45618,25,,,2,69,,45611,25,,,1,31,,45621,25,,,2,70,,45616,25,,,1,30,,45623,25,,,1,70,,45605,25,,,1,29,,45610,25,,,2,70,,45617,25,,,1,31,,45628,25,,,1,71,,45645,25,,,1,28,,45646,25,,,1,71,,45647,25,,,1,31,,45648,25,,,1,69,,45649,25,,,1,30,,45650,25,,,1,70,,45608,25,,,1,29,,45606,25,,,1,70,,45619,25,,,1,30,,45614,25,,,1,70,,45609,25,,,1,30,,45607,25,,,1,70,,45620,25,,,1,28,,45613,25,,,1,70,,45640,25,,,2,30,,45639,25,,,1,69,,45641,25,,,1,30,,45642,25,,,1
3201,'Semaine-5-_26ÉTÉ-1111100-',524,,50187,25,,,2,20,,50186,25,,,1,60,,50178,25,,,2,21,,50188,25,,,1,10,,50168,25,,,2,10,,50189,25,,,1,10,,50169,25,,,2,50,,50170,25,,,1,8,,50162,25,,,1,10,,50165,25,,,1,8,,50191,25,,,1,8,,50171,25,,,1,9,,50166,25,,,1,7,,50179,25,,,2,48,,50161,25,,,1,9,,50172,25,,,1,8,,50190,25,,,1,8,,50160,25,,,1,10,,50159,25,,,2,10,,50164,25,,,1,9,,50167,25,,,1,50,,50173,25,,,1,21,,50147,25,,,1,30,,50157,25,,,2,70,,50150,25,,,1,30,,50153,25,,,2,69,,50146,25,,,1,31,,50156,25,,,2,70,,50151,25,,,1,30,,50158,25,,,1,70,,50140,25,,,1,29,,50145,25,,,2,70,,50152,25,,,1,31,,50163,25,,,1,71,,50180,25,,,1,28,,50181,25,,,1,71,,50182,25,,,1,31,,50183,25,,,1,69,,50184,25,,,1,30,,50185,25,,,1,70,,50143,25,,,1,29,,50141,25,,,1,70,,50154,25,,,1,30,,50149,25,,,1,70,,50144,25,,,1,30,,50142,25,,,1,70,,50155,25,,,1,28,,50148,25,,,1,70,,50175,25,,,2,30,,50174,25,,,1,69,,50176,25,,,1,30,,50177,25,,,1
3401,'Samedi-0-_26ÉTÉ-0000010-',715,,38384,46,,,1,100,,38387,46,,,2,30,,38396,46,,,1,73,,38385,46,,,1,29,,38390,46,,,1,70,,38392,46,,,1,31,,38386,46,,,2,70,,38395,46,,,1,32,,38388,46,,,1,70,,38397,46,,,1,29,,38389,46,,,1,70,,38391,46,,,1,30,,38393,46,,,2,70,,38394,46,,,2,30,,38398,46,,,1,70,,38399,46,,,2,30,,38400,46,,,1,70,,38401,46,,,1,31,,38402,46,,,1,69,,38403,46,,,1,30,,38404,46,,,2,70,,38405,46,,,1,27,,38406,46,,,1,70,,38408,46,,,1,31,,38407,46,,,2,70,,38409,46,,,1,30,,38410,46,,,2,68,,38411,46,,,1,30,,38413,46,,,1,70,,38412,46,,,1,30,,38414,46,,,1,96,,38415,46,,,1
3401,'Dimanche-0-_26ÉTÉ-0000001-',715,,38417,46,,,1,100,,38428,46,,,2,30,,38421,46,,,1,73,,38424,46,,,1,29,,38423,46,,,1,70,,38432,46,,,1,31,,38429,46,,,2,70,,38416,46,,,1,32,,38427,46,,,1,70,,38420,46,,,1,29,,38418,46,,,1,70,,38419,46,,,1,30,,38422,46,,,2,70,,38430,46,,,2,30,,38426,46,,,1,70,,38425,46,,,2,30,,38431,46,,,1,70,,38436,46,,,1,31,,38434,46,,,1,69,,38440,46,,,1,30,,38443,46,,,2,70,,38433,46,,,1,27,,38442,46,,,1,70,,38435,46,,,1,31,,38439,46,,,2,70,,38446,46,,,1,30,,38438,46,,,2,68,,38437,46,,,1,30,,38444,46,,,1,70,,38445,46,,,1,30,,38441,46,,,1,96,,38447,46,,,1
3401,'Dimanche-10-_26ÉTÉ-0000001-',715,,38449,46,,,1,100,,38460,46,,,2,30,,38453,46,,,1,73,,38456,46,,,1,29,,38455,46,,,1,70,,38464,46,,,1,31,,38461,46,,,2,70,,38448,46,,,1,32,,38459,46,,,1,70,,38452,46,,,1,29,,38450,46,,,1,70,,38451,46,,,1,30,,38454,46,,,2,70,,38462,46,,,2,30,,38458,46,,,1,70,,38457,46,,,2,30,,38463,46,,,1,70,,38468,46,,,1,31,,38466,46,,,1,69,,38472,46,,,1,30,,38475,46,,,2,70,,38465,46,,,1,27,,38474,46,,,1,70,,38467,46,,,1,31,,38471,46,,,2,70,,38478,46,,,1,30,,38470,46,,,2,68,,38469,46,,,1,30,,38476,46,,,1,70,,38477,46,,,1,30,,38473,46,,,1,96,,38479,46,,,1
3401,'Dimanche-11-_26ÉTÉ-0000001-',715,,48956,46,,,1,100,,48967,46,,,2,30,,48960,46,,,1,73,,48963,46,,,1,29,,48962,46,,,1,70,,48971,46,,,1,31,,48968,46,,,2,70,,48955,46,,,1,32,,48966,46,,,1,70,,48959,46,,,1,29,,48957,46,,,1,70,,48958,46,,,1,30,,48961,46,,,2,70,,48969,46,,,2,30,,48965,46,,,1,70,,48964,46,,,2,30,,48970,46,,,1,70,,48975,46,,,1,31,,48973,46,,,1,69,,48979,46,,,1,30,,48982,46,,,2,70,,48972,46,,,1,27,,48981,46,,,1,70,,48974,46,,,1,31,,48978,46,,,2,70,,48985,46,,,1,30,,48977,46,,,2,68,,48976,46,,,1,30,,48983,46,,,1,70,,48984,46,,,1,30,,48980,46,,,1,96,,48986,46,,,1
3401,'Semaine-1-_26ÉTÉ-1111100-',920,,38505,46,,,2,32,,38485,46,,,1,70,,38489,46,,,1,30,,38509,46,,,1,70,,38482,46,,,1,30,,38486,46,,,1,70,,38490,46,,,2,30,,38480,46,,,1,71,,38483,46,,,1,29,,38487,46,,,1,71,,38491,46,,,1,30,,38484,46,,,1,69,,38506,46,,,1,32,,38481,46,,,2,72,,38507,46,,,1,30,,38508,46,,,1,72,,38502,46,,,1,25,,38498,46,,,2,69,,38488,46,,,1,29,,38495,46,,,1,69,,38504,46,,,1,30,,38492,46,,,1,70,,38494,46,,,1,30,,38496,46,,,1,70,,38500,46,,,2,30,,38493,46,,,1,70,,38499,46,,,1,29,,38497,46,,,1,70,,38501,46,,,1,30,,38503,46,,,1
3401,'Semaine-10-_26ÉTÉ-1111100-',920,,38535,46,,,2,32,,38515,46,,,1,70,,38519,46,,,1,30,,38539,46,,,1,70,,38512,46,,,1,30,,38516,46,,,1,70,,38520,46,,,2,30,,38510,46,,,1,71,,38513,46,,,1,29,,38517,46,,,1,71,,38521,46,,,1,30,,38514,46,,,1,69,,38536,46,,,1,32,,38511,46,,,2,72,,38537,46,,,1,30,,38538,46,,,1,72,,38532,46,,,1,25,,38528,46,,,2,69,,38518,46,,,1,29,,38525,46,,,1,69,,38534,46,,,1,30,,38522,46,,,1,70,,38524,46,,,1,30,,38526,46,,,1,70,,38530,46,,,2,30,,38523,46,,,1,70,,38529,46,,,1,29,,38527,46,,,1,70,,38531,46,,,1,30,,38533,46,,,1
3401,'Semaine-11-_26ÉTÉ-1111100-',920,,45900,46,,,2,32,,45880,46,,,1,70,,45884,46,,,1,30,,45904,46,,,1,70,,45877,46,,,1,30,,45881,46,,,1,70,,45885,46,,,2,30,,45875,46,,,1,71,,45878,46,,,1,29,,45882,46,,,1,71,,45886,46,,,1,30,,45879,46,,,1,69,,45901,46,,,1,32,,45876,46,,,2,72,,45902,46,,,1,30,,45903,46,,,1,72,,45897,46,,,1,25,,45893,46,,,2,69,,45883,46,,,1,29,,45890,46,,,1,69,,45899,46,,,1,30,,45887,46,,,1,70,,45889,46,,,1,30,,45891,46,,,1,70,,45895,46,,,2,30,,45888,46,,,1,70,,45894,46,,,1,29,,45892,46,,,1,70,,45896,46,,,1,30,,45898,46,,,1
3401,'Semaine-5-_26ÉTÉ-1111100-',920,,50333,46,,,2,32,,50313,46,,,1,70,,50317,46,,,1,30,,50337,46,,,1,70,,50310,46,,,1,30,,50314,46,,,1,70,,50318,46,,,2,30,,50308,46,,,1,71,,50311,46,,,1,29,,50315,46,,,1,71,,50319,46,,,1,30,,50312,46,,,1,69,,50334,46,,,1,32,,50309,46,,,2,72,,50335,46,,,1,30,,50336,46,,,1,72,,50330,46,,,1,25,,50326,46,,,2,69,,50316,46,,,1,29,,50323,46,,,1,69,,50332,46,,,1,30,,50320,46,,,1,70,,50322,46,,,1,30,,50324,46,,,1,70,,50328,46,,,2,30,,50321,46,,,1,70,,50327,46,,,1,29,,50325,46,,,1,70,,50329,46,,,1,30,,50331,46,,,1
4001,'Semaine-1-_26ÉTÉ-1111100-',626,,39588,45,,,2,32,,39587,45,,,2,72,,39590,45,,,2,74,,39586,45,,,1,27,,39585,45,,,2,26,,39589,45,,,2
4001,'Semaine-10-_26ÉTÉ-1111100-',626,,39594,45,,,2,32,,39593,45,,,2,72,,39596,45,,,2,74,,39592,45,,,1,27,,39591,45,,,2,26,,39595,45,,,2
4001,'Semaine-11-_26ÉTÉ-1111100-',626,,46356,45,,,2,32,,46355,45,,,2,72,,46358,45,,,2,74,,46354,45,,,1,27,,46353,45,,,2,26,,46357,45,,,2
4001,'Semaine-5-_26ÉTÉ-1111100-',626,,50640,45,,,2,32,,50639,45,,,2,72,,50642,45,,,2,74,,50638,45,,,1,27,,50637,45,,,2,26,,50641,45,,,2
4101,'Semaine-1-_26ÉTÉ-1111100-',651,,39609,36,,,2,71,,39610,36,,,2,32,,39611,36,,,2,70,,39608,36,,,1,28,,39607,36,,,2
4101,'Semaine-10-_26ÉTÉ-1111100-',651,,39614,36,,,2,71,,39615,36,,,2,32,,39616,36,,,2,70,,39613,36,,,1,28,,39612,36,,,2
4101,'Semaine-11-_26ÉTÉ-1111100-',651,,46366,36,,,2,71,,46367,36,,,2,32,,46368,36,,,2,70,,46365,36,,,1,28,,46364,36,,,2
4101,'Semaine-5-_26ÉTÉ-1111100-',651,,50650,36,,,2,71,,50651,36,,,2,32,,50652,36,,,2,70,,50649,36,,,1,28,,50648,36,,,2
4501,'Semaine-1-_26ÉTÉ-1111100-',641,,39637,39,,,2,76,,39641,39,,,1,27,,39640,39,,,2,70,,39639,39,,,1,27,,39642,39,,,1,70,,39638,39,,,2
4501,'Semaine-10-_26ÉTÉ-1111100-',641,,39643,39,,,2,76,,39647,39,,,1,27,,39646,39,,,2,70,,39645,39,,,1,27,,39648,39,,,1,70,,39644,39,,,2
4501,'Semaine-11-_26ÉTÉ-1111100-',641,,46379,39,,,2,76,,46383,39,,,1,27,,46382,39,,,2,70,,46381,39,,,1,27,,46384,39,,,1,70,,46380,39,,,2
4501,'Semaine-5-_26ÉTÉ-1111100-',641,,50663,39,,,2,76,,50667,39,,,1,27,,50666,39,,,2,70,,50665,39,,,1,27,,50668,39,,,1,70,,50664,39,,,2
4701,'Semaine-1-_26ÉTÉ-1111100-',629,,39657,32,,,2,86,,39658,32,,,2,86,,39655,32,,,2,28,,39656,32,,,2
4701,'Semaine-10-_26ÉTÉ-1111100-',629,,39661,32,,,2,86,,39662,32,,,2,86,,39659,32,,,2,28,,39660,32,,,2
4701,'Semaine-11-_26ÉTÉ-1111100-',629,,46390,32,,,2,86,,46391,32,,,2,86,,46388,32,,,2,28,,46389,32,,,2
4701,'Semaine-5-_26ÉTÉ-1111100-',629,,50674,32,,,2,86,,50675,32,,,2,86,,50672,32,,,2,28,,50673,32,,,2
5501,'Samedi-0-_26ÉTÉ-0000010-',714,,40305,44,,,1,30,,40308,44,,,1,70,,40307,44,,,1,30,,40317,44,,,1,70,,40306,44,,,1,30,,40309,44,,,1,70,,40310,44,,,1,30,,40316,44,,,1,73,,40312,44,,,1,30,,40313,44,,,1,71,,40311,44,,,1,28,,40319,44,,,1,70,,40318,44,,,1,30,,40314,44,,,1,70,,40315,44,,,1,30,,40320,44,,,1,70,,40321,44,,,1,30,,40322,44,,,1,70,,40323,44,,,1,30,,40324,44,,,1,70,,40325,44,,,1,30,,40326,44,,,1,70,,40327,44,,,1,28,,40328,44,,,1,70,,40329,44,,,1,30,,40330,44,,,1,70,,40331,44,,,1,28,,40332,44,,,1,70,,40333,44,,,1,30,,40335,44,,,1,68,,40334,44,,,1,32,,40337,44,,,1,68,,40336,44,,,1
5501,'Dimanche-0-_26ÉTÉ-0000001-',714,,40339,44,,,1,30,,40344,44,,,1,70,,40340,44,,,1,30,,40348,44,,,1,70,,40351,44,,,1,30,,40343,44,,,1,70,,40355,44,,,1,30,,40349,44,,,1,73,,40350,44,,,1,30,,40341,44,,,1,71,,40338,44,,,1,28,,40345,44,,,1,70,,40352,44,,,1,30,,40342,44,,,1,70,,40353,44,,,1,30,,40347,44,,,1,70,,40346,44,,,1,30,,40356,44,,,1,70,,40360,44,,,1,30,,40354,44,,,1,70,,40357,44,,,1,30,,40367,44,,,1,70,,40364,44,,,1,28,,40369,44,,,1,70,,40370,44,,,1,30,,40358,44,,,1,70,,40361,44,,,1,28,,40359,44,,,1,70,,40362,44,,,1,30,,40363,44,,,1,68,,40366,44,,,1,32,,40368,44,,,1,68,,40365,44,,,1
5501,'Dimanche-10-_26ÉTÉ-0000001-',714,,40372,44,,,1,30,,40377,44,,,1,70,,40373,44,,,1,30,,40381,44,,,1,70,,40384,44,,,1,30,,40376,44,,,1,70,,40388,44,,,1,30,,40382,44,,,1,73,,40383,44,,,1,30,,40374,44,,,1,71,,40371,44,,,1,28,,40378,44,,,1,70,,40385,44,,,1,30,,40375,44,,,1,70,,40386,44,,,1,30,,40380,44,,,1,70,,40379,44,,,1,30,,40389,44,,,1,70,,40393,44,,,1,30,,40387,44,,,1,70,,40390,44,,,1,30,,40400,44,,,1,70,,40397,44,,,1,28,,40402,44,,,1,70,,40403,44,,,1,30,,40391,44,,,1,70,,40394,44,,,1,28,,40392,44,,,1,70,,40395,44,,,1,30,,40396,44,,,1,68,,40399,44,,,1,32,,40401,44,,,1,68,,40398,44,,,1
5501,'Dimanche-11-_26ÉTÉ-0000001-',714,,49243,44,,,1,30,,49248,44,,,1,70,,49244,44,,,1,30,,49252,44,,,1,70,,49255,44,,,1,30,,49247,44,,,1,70,,49259,44,,,1,30,,49253,44,,,1,73,,49254,44,,,1,30,,49245,44,,,1,71,,49242,44,,,1,28,,49249,44,,,1,70,,49256,44,,,1,30,,49246,44,,,1,70,,49257,44,,,1,30,,49251,44,,,1,70,,49250,44,,,1,30,,49260,44,,,1,70,,49264,44,,,1,30,,49258,44,,,1,70,,49261,44,,,1,30,,49271,44,,,1,70,,49268,44,,,1,28,,49273,44,,,1,70,,49274,44,,,1,30,,49262,44,,,1,70,,49265,44,,,1,28,,49263,44,,,1,70,,49266,44,,,1,30,,49267,44,,,1,68,,49270,44,,,1,32,,49272,44,,,1,68,,49269,44,,,1
5501,'Semaine-1-_26ÉTÉ-1111100-',530,,40417,44,,,1,15,,40424,44,,,1,13,,40423,43,,,1,58,,40407,43,,,1,15,,40445,43,,,1,23,,40444,43,,,1,47,,40404,43,,,1,14,,40449,43,,,1,15,,40430,43,,,1,15,,40438,43,,,1,14,,40408,43,,,1,50,,40412,43,,,1,12,,40410,43,,,1,9,,40439,43,,,1,4,,40441,43,,,1,13,,40418,43,,,1,69,,40422,43,,,1,12,,40409,43,,,1,11,,40443,43,,,1,69,,40436,44,,,1,23,,40448,11,,,1,8,,40440,44,,,1,67,,40406,44,,,1,31,,40413,44,,,1,70,,40426,44,,,1,30,,40437,44,,,1,70,,40433,44,,,1,30,,40414,44,,,1,70,,40446,44,,,1,31,,40405,44,,,1,72,,40411,44,,,1,49,,40415,44,,,1,100,,40420,44,,,1,100,,40425,44,,,1,99,,40442,44,,,1,60,,40431,44,,,1,30,,40419,44,,,1,70,,40435,44,,,1,30,,40428,44,,,1,70,,40447,44,,,1,30,,40421,44,,,1,70,,40427,44,,,1,30,,40429,44,,,1,70,,40416,44,,,1,28,,40434,44,,,1,70,,40432,44,,,1
5501,'Semaine-10-_26ÉTÉ-1111100-',530,,40463,44,,,1,15,,40470,44,,,1,13,,40469,43,,,1,58,,40453,43,,,1,15,,40491,43,,,1,23,,40490,43,,,1,47,,40450,43,,,1,14,,40495,43,,,1,15,,40476,43,,,1,15,,40484,43,,,1,14,,40454,43,,,1,50,,40458,43,,,1,12,,40456,43,,,1,9,,40485,43,,,1,4,,40487,43,,,1,13,,40464,43,,,1,69,,40468,43,,,1,12,,40455,43,,,1,11,,40489,43,,,1,69,,40482,44,,,1,23,,40494,11,,,1,8,,40486,44,,,1,67,,40452,44,,,1,31,,40459,44,,,1,70,,40472,44,,,1,30,,40483,44,,,1,70,,40479,44,,,1,30,,40460,44,,,1,70,,40492,44,,,1,31,,40451,44,,,1,72,,40457,44,,,1,49,,40461,44,,,1,100,,40466,44,,,1,100,,40471,44,,,1,99,,40488,44,,,1,60,,40477,44,,,1,30,,40465,44,,,1,70,,40481,44,,,1,30,,40474,44,,,1,70,,40493,44,,,1,30,,40467,44,,,1,70,,40473,44,,,1,30,,40475,44,,,1,70,,40462,44,,,1,28,,40480,44,,,1,70,,40478,44,,,1
5501,'Semaine-11-_26ÉTÉ-1111100-',530,,46706,44,,,1,15,,46713,44,,,1,13,,46712,43,,,1,58,,46696,43,,,1,15,,46734,43,,,1,23,,46733,43,,,1,47,,46693,43,,,1,14,,46738,43,,,1,15,,46719,43,,,1,15,,46727,43,,,1,14,,46697,43,,,1,50,,46701,43,,,1,12,,46699,43,,,1,9,,46728,43,,,1,4,,46730,43,,,1,13,,46707,43,,,1,69,,46711,43,,,1,12,,46698,43,,,1,11,,46732,43,,,1,69,,46725,44,,,1,23,,46737,11,,,1,8,,46729,44,,,1,67,,46695,44,,,1,31,,46702,44,,,1,70,,46715,44,,,1,30,,46726,44,,,1,70,,46722,44,,,1,30,,46703,44,,,1,70,,46735,44,,,1,31,,46694,44,,,1,72,,46700,44,,,1,49,,46704,44,,,1,100,,46709,44,,,1,100,,46714,44,,,1,99,,46731,44,,,1,60,,46720,44,,,1,30,,46708,44,,,1,70,,46724,44,,,1,30,,46717,44,,,1,70,,46736,44,,,1,30,,46710,44,,,1,70,,46716,44,,,1,30,,46718,44,,,1,70,,46705,44,,,1,28,,46723,44,,,1,70,,46721,44,,,1
5501,'Semaine-5-_26ÉTÉ-1111100-',530,,50853,44,,,1,15,,50860,44,,,1,13,,50859,43,,,1,58,,50843,43,,,1,15,,50881,43,,,1,23,,50880,43,,,1,47,,50840,43,,,1,14,,50885,43,,,1,15,,50866,43,,,1,15,,50874,43,,,1,14,,50844,43,,,1,50,,50848,43,,,1,12,,50846,43,,,1,9,,50875,43,,,1,4,,50877,43,,,1,13,,50854,43,,,1,69,,50858,43,,,1,12,,50845,43,,,1,11,,50879,43,,,1,69,,50872,44,,,1,23,,50884,11,,,1,8,,50876,44,,,1,67,,50842,44,,,1,31,,50849,44,,,1,70,,50862,44,,,1,30,,50873,44,,,1,70,,50869,44,,,1,30,,50850,44,,,1,70,,50882,44,,,1,31,,50841,44,,,1,72,,50847,44,,,1,49,,50851,44,,,1,100,,50856,44,,,1,100,,50861,44,,,1,99,,50878,44,,,1,60,,50867,44,,,1,30,,50855,44,,,1,70,,50871,44,,,1,30,,50864,44,,,1,70,,50883,44,,,1,30,,50857,44,,,1,70,,50863,44,,,1,30,,50865,44,,,1,70,,50852,44,,,1,28,,50870,44,,,1,70,,50868,44,,,1
5901,'Samedi-0-_26ÉTÉ-0000010-',724,,40754,33,,,1,30,,40761,33,,,1,72,,40758,33,,,1,30,,40763,33,,,1,70,,40755,33,,,1,30,,40760,33,,,1,71,,40759,33,,,1,30,,40762,33,,,1,70,,40766,33,,,1,31,,40767,33,,,1,70,,40756,33,,,1,30,,40757,33,,,1,70,,40765,33,,,1,30,,40764,33,,,1,70,,40768,33,,,1,29,,40769,33,,,1,70,,40770,33,,,1,30,,40771,33,,,1,70,,40772,33,,,1,30,,40773,33,,,1,70,,40774,33,,,1,30,,40775,33,,,1,70,,40776,33,,,1,29,,40777,33,,,1,70,,40778,33,,,1,30,,40780,33,,,1,70,,40779,33,,,1,28,,40781,33,,,1,70,,40782,33,,,1,30,,40783,33,,,1,70,,40785,33,,,1,28,,40784,33,,,1
5901,'Dimanche-0-_26ÉTÉ-0000001-',724,,40792,33,,,1,30,,40795,33,,,1,72,,40797,33,,,1,30,,40788,33,,,1,70,,40791,33,,,1,30,,40794,33,,,1,71,,40798,33,,,1,30,,40786,33,,,1,70,,40789,33,,,1,31,,40803,33,,,1,70,,40796,33,,,1,30,,40787,33,,,1,70,,40790,33,,,1,30,,40793,33,,,1,70,,40800,33,,,1,29,,40799,33,,,1,70,,40802,33,,,1,30,,40804,33,,,1,70,,40801,33,,,1,30,,40810,33,,,1,70,,40811,33,,,1,30,,40807,33,,,1,70,,40806,33,,,1,29,,40816,33,,,1,70,,40813,33,,,1,30,,40814,33,,,1,70,,40805,33,,,1,28,,40808,33,,,1,70,,40812,33,,,1,30,,40809,33,,,1,70,,40815,33,,,1,28,,40817,33,,,1
5901,'Dimanche-10-_26ÉTÉ-0000001-',724,,40824,33,,,1,30,,40827,33,,,1,72,,40829,33,,,1,30,,40820,33,,,1,70,,40823,33,,,1,30,,40826,33,,,1,71,,40830,33,,,1,30,,40818,33,,,1,70,,40821,33,,,1,31,,40835,33,,,1,70,,40828,33,,,1,30,,40819,33,,,1,70,,40822,33,,,1,30,,40825,33,,,1,70,,40832,33,,,1,29,,40831,33,,,1,70,,40834,33,,,1,30,,40836,33,,,1,70,,40833,33,,,1,30,,40842,33,,,1,70,,40843,33,,,1,30,,40839,33,,,1,70,,40838,33,,,1,29,,40848,33,,,1,70,,40845,33,,,1,30,,40846,33,,,1,70,,40837,33,,,1,28,,40840,33,,,1,70,,40844,33,,,1,30,,40841,33,,,1,70,,40847,33,,,1,28,,40849,33,,,1
5901,'Dimanche-11-_26ÉTÉ-0000001-',724,,49315,33,,,1,30,,49318,33,,,1,72,,49320,33,,,1,30,,49311,33,,,1,70,,49314,33,,,1,30,,49317,33,,,1,71,,49321,33,,,1,30,,49309,33,,,1,70,,49312,33,,,1,31,,49326,33,,,1,70,,49319,33,,,1,30,,49310,33,,,1,70,,49313,33,,,1,30,,49316,33,,,1,70,,49323,33,,,1,29,,49322,33,,,1,70,,49325,33,,,1,30,,49327,33,,,1,70,,49324,33,,,1,30,,49333,33,,,1,70,,49334,33,,,1,30,,49330,33,,,1,70,,49329,33,,,1,29,,49339,33,,,1,70,,49336,33,,,1,30,,49337,33,,,1,70,,49328,33,,,1,28,,49331,33,,,1,70,,49335,33,,,1,30,,49332,33,,,1,70,,49338,33,,,1,28,,49340,33,,,1
5901,'Semaine-1-_26ÉTÉ-1111100-',524,,40854,33,,,1,14,,40890,33,,,1,15,,40863,33,,,1,55,,40884,32,,,1,16,,40864,32,,,1,15,,40853,32,,,1,8,,40855,32,,,1,62,,40858,32,,,1,4,,40893,10,,,1,11,,40894,10,,,1,9,,40861,32,,,1,4,,40895,10,,,1,14,,40862,32,,,1,51,,40857,32,,,1,12,,40886,32,,,1,10,,40872,32,,,1,7,,40877,32,,,1,13,,40851,32,,,1,12,,40867,32,,,1,53,,40852,32,,,1,12,,40870,32,,,1,32,,40896,32,,,1,70,,40891,33,,,1,30,,40878,33,,,1,70,,40860,33,,,1,30,,40871,33,,,1,70,,40874,33,,,1,30,,40859,33,,,1,70,,40888,33,,,1,30,,40850,33,,,1,70,,40892,33,,,1,30,,40882,33,,,1,77,,40885,33,,,1,99,,40889,33,,,1,100,,40869,33,,,1,99,,40876,33,,,1,75,,40881,33,,,1,30,,40868,33,,,1,70,,40875,33,,,1,30,,40880,33,,,1,70,,40887,33,,,1,30,,40865,33,,,1,70,,40883,33,,,1,29,,40873,33,,,1,70,,40856,33,,,1,30,,40866,33,,,1,70,,40879,33,,,1
5901,'Semaine-10-_26ÉTÉ-1111100-',524,,40901,33,,,1,14,,40937,33,,,1,15,,40910,33,,,1,55,,40931,32,,,1,16,,40911,32,,,1,15,,40900,32,,,1,8,,40902,32,,,1,62,,40905,32,,,1,4,,40940,10,,,1,11,,40941,10,,,1,9,,40908,32,,,1,4,,40942,10,,,1,14,,40909,32,,,1,51,,40904,32,,,1,12,,40933,32,,,1,10,,40919,32,,,1,7,,40924,32,,,1,13,,40898,32,,,1,12,,40914,32,,,1,53,,40899,32,,,1,12,,40917,32,,,1,32,,40943,32,,,1,70,,40938,33,,,1,30,,40925,33,,,1,70,,40907,33,,,1,30,,40918,33,,,1,70,,40921,33,,,1,30,,40906,33,,,1,70,,40935,33,,,1,30,,40897,33,,,1,70,,40939,33,,,1,30,,40929,33,,,1,77,,40932,33,,,1,99,,40936,33,,,1,100,,40916,33,,,1,99,,40923,33,,,1,75,,40928,33,,,1,30,,40915,33,,,1,70,,40922,33,,,1,30,,40927,33,,,1,70,,40934,33,,,1,30,,40912,33,,,1,70,,40930,33,,,1,29,,40920,33,,,1,70,,40903,33,,,1,30,,40913,33,,,1,70,,40926,33,,,1
5901,'Semaine-11-_26ÉTÉ-1111100-',524,,46887,33,,,1,14,,46923,33,,,1,15,,46896,33,,,1,55,,46917,32,,,1,16,,46897,32,,,1,15,,46886,32,,,1,8,,46888,32,,,1,62,,46891,32,,,1,4,,46926,10,,,1,11,,46927,10,,,1,9,,46894,32,,,1,4,,46928,10,,,1,14,,46895,32,,,1,51,,46890,32,,,1,12,,46919,32,,,1,10,,46905,32,,,1,7,,46910,32,,,1,13,,46884,32,,,1,12,,46900,32,,,1,53,,46885,32,,,1,12,,46903,32,,,1,32,,46929,32,,,1,70,,46924,33,,,1,30,,46911,33,,,1,70,,46893,33,,,1,30,,46904,33,,,1,70,,46907,33,,,1,30,,46892,33,,,1,70,,46921,33,,,1,30,,46883,33,,,1,70,,46925,33,,,1,30,,46915,33,,,1,77,,46918,33,,,1,99,,46922,33,,,1,100,,46902,33,,,1,99,,46909,33,,,1,75,,46914,33,,,1,30,,46901,33,,,1,70,,46908,33,,,1,30,,46913,33,,,1,70,,46920,33,,,1,30,,46898,33,,,1,70,,46916,33,,,1,29,,46906,33,,,1,70,,46889,33,,,1,30,,46899,33,,,1,70,,46912,33,,,1
5901,'Semaine-5-_26ÉTÉ-1111100-',524,,50968,33,,,1,14,,51004,33,,,1,15,,50977,33,,,1,55,,50998,32,,,1,16,,50978,32,,,1,15,,50967,32,,,1,8,,50969,32,,,1,62,,50972,32,,,1,4,,51007,10,,,1,11,,51008,10,,,1,9,,50975,32,,,1,4,,51009,10,,,1,14,,50976,32,,,1,51,,50971,32,,,1,12,,51000,32,,,1,10,,50986,32,,,1,7,,50991,32,,,1,13,,50965,32,,,1,12,,50981,32,,,1,53,,50966,32,,,1,12,,50984,32,,,1,32,,51010,32,,,1,70,,51005,33,,,1,30,,50992,33,,,1,70,,50974,33,,,1,30,,50985,33,,,1,70,,50988,33,,,1,30,,50973,33,,,1,70,,51002,33,,,1,30,,50964,33,,,1,70,,51006,33,,,1,30,,50996,33,,,1,77,,50999,33,,,1,99,,51003,33,,,1,100,,50983,33,,,1,99,,50990,33,,,1,75,,50995,33,,,1,30,,50982,33,,,1,70,,50989,33,,,1,30,,50994,33,,,1,70,,51001,33,,,1,30,,50979,33,,,1,70,,50997,33,,,1,29,,50987,33,,,1,70,,50970,33,,,1,30,,50980,33,,,1,70,,50993,33,,,1
80000,'Samedi-0-_26ÉTÉ-0000010-',731,,45116,37,,,2,101,,45117,37,,,1,100,,45118,37,,,2,101,,45120,37,,,1,100,,45121,37,,,2,100,,45119,37,,,2,100,,45122,37,,,1,100,,45123,37,,,2,100,,45124,37,,,1,100,,45125,37,,,2,99,,45126,37,,,2,100,,45127,37,,,1,100,,45130,37,,,1,99,,45128,37,,,1,100,,45129,37,,,2,98,,45131,37,,,1,100,,45132,37,,,1
80000,'Dimanche-0-_26ÉTÉ-0000001-',731,,45137,37,,,2,101,,45133,37,,,1,100,,45138,37,,,2,101,,45134,37,,,1,100,,45135,37,,,2,100,,45139,37,,,2,100,,45136,37,,,1,100,,45141,37,,,2,100,,45140,37,,,1,100,,45142,37,,,2,99,,45145,37,,,2,100,,45143,37,,,1,100,,45144,37,,,1,99,,45146,37,,,1,100,,45147,37,,,2,98,,45149,37,,,1,100,,45148,37,,,1
80000,'Dimanche-10-_26ÉTÉ-0000001-',731,,45154,37,,,2,101,,45150,37,,,1,100,,45155,37,,,2,101,,45151,37,,,1,100,,45152,37,,,2,100,,45156,37,,,2,100,,45153,37,,,1,100,,45158,37,,,2,100,,45157,37,,,1,100,,45159,37,,,2,99,,45162,37,,,2,100,,45160,37,,,1,100,,45161,37,,,1,99,,45163,37,,,1,100,,45164,37,,,2,98,,45166,37,,,1,100,,45165,37,,,1
80000,'Dimanche-11-_26ÉTÉ-0000001-',731,,49897,37,,,2,101,,49893,37,,,1,100,,49898,37,,,2,101,,49894,37,,,1,100,,49895,37,,,2,100,,49899,37,,,2,100,,49896,37,,,1,100,,49901,37,,,2,100,,49900,37,,,1,100,,49902,37,,,2,99,,49905,37,,,2,100,,49903,37,,,1,100,,49904,37,,,1,99,,49906,37,,,1,100,,49907,37,,,2,98,,49909,37,,,1,100,,49908,37,,,1
80000,'Semaine-1-_26ÉTÉ-1111100-',607,,45197,36,,,1,32,,45179,36,,,2,71,,45170,36,,,1,31,,45192,36,,,1,70,,45180,36,,,1,18,,45169,36,,,1,29,,45194,36,,,2,70,,45172,37,,,2,30,,45189,37,,,2,70,,45183,37,,,2,29,,45201,37,,,1,70,,45171,37,,,1,29,,45187,37,,,2,71,,45185,37,,,1,31,,45200,37,,,1,68,,45182,37,,,1,32,,45195,37,,,2,70,,45184,37,,,2,31,,45191,37,,,1,71,,45190,37,,,1,71,,45186,37,,,1,32,,45198,37,,,1,69,,45173,37,,,2,29,,45181,37,,,1,70,,45175,37,,,2,28,,45196,37,,,1,29,,45174,37,,,1,70,,45178,37,,,1,29,,45167,37,,,1,70,,45199,37,,,1,29,,45176,37,,,1,68,,45177,37,,,1,30,,45193,37,,,1,69,,45168,37,,,1,30,,45188,37,,,1
80000,'Semaine-10-_26ÉTÉ-1111100-',607,,45232,36,,,1,32,,45214,36,,,2,71,,45205,36,,,1,31,,45227,36,,,1,70,,45215,36,,,1,18,,45204,36,,,1,29,,45229,36,,,2,70,,45207,37,,,2,30,,45224,37,,,2,70,,45218,37,,,2,29,,45236,37,,,1,70,,45206,37,,,1,29,,45222,37,,,2,71,,45220,37,,,1,31,,45235,37,,,1,68,,45217,37,,,1,32,,45230,37,,,2,70,,45219,37,,,2,31,,45226,37,,,1,71,,45225,37,,,1,71,,45221,37,,,1,32,,45233,37,,,1,69,,45208,37,,,2,29,,45216,37,,,1,70,,45210,37,,,2,28,,45231,37,,,1,29,,45209,37,,,1,70,,45213,37,,,1,29,,45202,37,,,1,70,,45234,37,,,1,29,,45211,37,,,1,68,,45212,37,,,1,30,,45228,37,,,1,69,,45203,37,,,1,30,,45223,37,,,1
80000,'Semaine-11-_26ÉTÉ-1111100-',607,,48787,36,,,1,32,,48769,36,,,2,71,,48760,36,,,1,31,,48782,36,,,1,70,,48770,36,,,1,18,,48759,36,,,1,29,,48784,36,,,2,70,,48762,37,,,2,30,,48779,37,,,2,70,,48773,37,,,2,29,,48791,37,,,1,70,,48761,37,,,1,29,,48777,37,,,2,71,,48775,37,,,1,31,,48790,37,,,1,68,,48772,37,,,1,32,,48785,37,,,2,70,,48774,37,,,2,31,,48781,37,,,1,71,,48780,37,,,1,71,,48776,37,,,1,32,,48788,37,,,1,69,,48763,37,,,2,29,,48771,37,,,1,70,,48765,37,,,2,28,,48786,37,,,1,29,,48764,37,,,1,70,,48768,37,,,1,29,,48757,37,,,1,70,,48789,37,,,1,29,,48766,37,,,1,68,,48767,37,,,1,30,,48783,37,,,1,69,,48758,37,,,1,30,,48778,37,,,1
80000,'Semaine-5-_26ÉTÉ-1111100-',607,,52321,36,,,1,32,,52303,36,,,2,71,,52294,36,,,1,31,,52316,36,,,1,70,,52304,36,,,1,18,,52293,36,,,1,29,,52318,36,,,2,70,,52296,37,,,2,30,,52313,37,,,2,70,,52307,37,,,2,29,,52325,37,,,1,70,,52295,37,,,1,29,,52311,37,,,2,71,,52309,37,,,1,31,,52324,37,,,1,68,,52306,37,,,1,32,,52319,37,,,2,70,,52308,37,,,2,31,,52315,37,,,1,71,,52314,37,,,1,71,,52310,37,,,1,32,,52322,37,,,1,69,,52297,37,,,2,29,,52305,37,,,1,70,,52299,37,,,2,28,,52320,37,,,1,29,,52298,37,,,1,70,,52302,37,,,1,29,,52291,37,,,1,70,,52323,37,,,1,29,,52300,37,,,1,68,,52301,37,,,1,30,,52317,37,,,1,69,,52292,37,,,1,30,,52312,37,,,1
82901,'Semaine-5-_26ÉTÉ-1111100-',759,,52363,13,,,1
