6700,'Samedi-0-_26ÉTÉ-0000010-',732,,41794,37,,,2,102,,41793,37,,,1,100,,41792,37,,,1,71,,41788,37,,,1,30,,41796,37,,,1,70,,41789,37,,,1,30,,41790,37,,,1,71,,41795,37,,,1,30,,41800,37,,,1,70,,41791,37,,,1,30,,41799,37,,,1,70,,41797,37,,,1,30,,41798,37,,,1,72,,41801,37,,,2,30,,41802,37,,,2,70,,41803,37,,,1,30,,41804,37,,,1,69,,41805,37,,,2,30,,41806,37,,,2,69,,41807,37,,,1,30,,41808,37,,,1,70,,41809,37,,,2,28,,41810,37,,,1,70,,41811,37,,,1,100,,41815,37,,,2,100,,41812,37,,,2,99,,41813,37,,,1,100,,41814,37,,,1
6700,'Samedi-10-_26ÉTÉ-0000010-',732,,47304,37,,,2,102,,47303,37,,,1,100,,47302,37,,,1,71,,47298,37,,,1,30,,47306,37,,,1,70,,47299,37,,,1,30,,47300,37,,,1,71,,47305,37,,,1,30,,47310,37,,,1,70,,47301,37,,,1,30,,47309,37,,,1,70,,47307,37,,,1,30,,47308,37,,,1,72,,47311,37,,,2,30,,47312,37,,,2,70,,47313,37,,,1,30,,47314,37,,,1,69,,47315,37,,,2,30,,47316,37,,,2,69,,47317,37,,,1,30,,47318,37,,,1,70,,47319,37,,,2,28,,47320,37,,,1,70,,47321,37,,,1,100,,47325,37,,,2,100,,47322,37,,,2,99,,47323,37,,,1,100,,47324,37,,,1
6700,'Dimanche-0-_26ÉTÉ-0000001-',732,,41822,37,,,2,102,,41816,37,,,1,100,,41819,37,,,1,71,,41821,37,,,1,30,,41827,37,,,1,70,,41824,37,,,1,30,,41830,37,,,1,71,,41832,37,,,1,30,,41826,37,,,1,70,,41828,37,,,1,30,,41817,37,,,1,70,,41818,37,,,1,30,,41820,37,,,1,72,,41823,37,,,2,30,,41829,37,,,2,70,,41825,37,,,1,30,,41831,37,,,1,69,,41840,37,,,2,30,,41839,37,,,2,69,,41835,37,,,1,30,,41833,37,,,1,70,,41843,37,,,2,28,,41834,37,,,1,70,,41841,37,,,1,100,,41838,37,,,2,100,,41837,37,,,2,99,,41836,37,,,1,100,,41842,37,,,1
6700,'Dimanche-10-_26ÉTÉ-0000001-',732,,41850,37,,,2,102,,41844,37,,,1,100,,41847,37,,,1,71,,41849,37,,,1,30,,41855,37,,,1,70,,41852,37,,,1,30,,41858,37,,,1,71,,41860,37,,,1,30,,41854,37,,,1,70,,41856,37,,,1,30,,41845,37,,,1,70,,41846,37,,,1,30,,41848,37,,,1,72,,41851,37,,,2,30,,41857,37,,,2,70,,41853,37,,,1,30,,41859,37,,,1,69,,41868,37,,,2,30,,41867,37,,,2,69,,41863,37,,,1,30,,41861,37,,,1,70,,41871,37,,,2,28,,41862,37,,,1,70,,41869,37,,,1,100,,41866,37,,,2,100,,41865,37,,,2,99,,41864,37,,,1,100,,41870,37,,,1
6700,'Semaine-1-_26ÉTÉ-1111100-',634,,41880,37,,,1,71,,41874,37,,,1,30,,41882,37,,,1,21,,41891,37,,,1,60,,41875,37,,,2,17,,41900,37,,,1,70,,41885,37,,,1,30,,41893,37,,,1,20,,41883,37,,,2,59,,41903,37,,,2,20,,41901,37,,,1,21,,41888,37,,,2,60,,41904,37,,,2,20,,41894,37,,,1,20,,41897,37,,,2,61,,41905,37,,,1,20,,41902,37,,,1,20,,41889,37,,,1,60,,41906,37,,,1,20,,41895,37,,,1,20,,41898,37,,,2,60,,41907,37,,,1,22,,41887,37,,,1,20,,41890,37,,,2,57,,41908,37,,,1,330,,41910,37,,,1,15,,41884,37,,,2,56,,41909,37,,,1,19,,41892,37,,,1,70,,41872,37,,,1,30,,41896,37,,,2,70,,41876,37,,,1,30,,41899,37,,,1,71,,41873,37,,,1,28,,41881,37,,,2,70,,41877,37,,,1,27,,41886,37,,,2,29,,41879,37,,,2,69,,41878,37,,,1
6700,'Semaine-10-_26ÉTÉ-1111100-',634,,41919,37,,,1,71,,41913,37,,,1,30,,41921,37,,,1,21,,41930,37,,,1,60,,41914,37,,,2,17,,41939,37,,,1,70,,41924,37,,,1,30,,41932,37,,,1,20,,41922,37,,,2,59,,41942,37,,,2,20,,41940,37,,,1,21,,41927,37,,,2,60,,41943,37,,,2,20,,41933,37,,,1,20,,41936,37,,,2,61,,41944,37,,,1,20,,41941,37,,,1,20,,41928,37,,,1,60,,41945,37,,,1,20,,41934,37,,,1,20,,41937,37,,,2,60,,41946,37,,,2,22,,41926,37,,,1,20,,41929,37,,,2,57,,41947,37,,,1,330,,41949,37,,,1,15,,41923,37,,,2,56,,41948,37,,,1,19,,41931,37,,,1,70,,41911,37,,,1,30,,41935,37,,,2,70,,41915,37,,,1,30,,41938,37,,,1,71,,41912,37,,,1,28,,41920,37,,,2,70,,41916,37,,,1,27,,41925,37,,,2,29,,41918,37,,,2,69,,41917,37,,,1
6700,'Semaine-11-_26ÉTÉ-1111100-',634,,47334,37,,,1,71,,47328,37,,,1,30,,47336,37,,,1,21,,47345,37,,,1,60,,47329,37,,,2,17,,47354,37,,,1,70,,47339,37,,,1,30,,47347,37,,,1,20,,47337,37,,,2,59,,47357,37,,,2,20,,47355,37,,,1,21,,47342,37,,,2,60,,47358,37,,,2,20,,47348,37,,,1,20,,47351,37,,,2,61,,47359,37,,,1,20,,47356,37,,,1,20,,47343,37,,,1,60,,47360,37,,,1,20,,47349,37,,,1,20,,47352,37,,,2,60,,47361,37,,,1,22,,47341,37,,,1,20,,47344,37,,,2,57,,47362,37,,,1,330,,47364,37,,,1,15,,47338,37,,,2,56,,47363,37,,,1,19,,47346,37,,,1,70,,47326,37,,,1,30,,47350,37,,,2,70,,47330,37,,,1,30,,47353,37,,,1,71,,47327,37,,,1,28,,47335,37,,,2,70,,47331,37,,,1,27,,47340,37,,,2,29,,47333,37,,,2,69,,47332,37,,,1
8700,'Semaine-1-_26ÉTÉ-1111100-',1529,,43642,35,,,2,21,,43641,35,,,1,60,,43634,35,,,1,14,,43636,35,,,1,14,,43633,35,,,1,17,,43643,35,,,1,57,,43639,35,,,1,14,,43640,35,,,2,18,,43635,35,,,1,58,,43638,35,,,1,16,,43637,35,,,2
8700,'Semaine-10-_26ÉTÉ-1111100-',1529,,43653,35,,,2,21,,43652,35,,,1,60,,43645,35,,,1,14,,43647,35,,,1,14,,43644,35,,,1,17,,43654,35,,,1,57,,43650,35,,,1,14,,43651,35,,,2,18,,43646,35,,,1,58,,43649,35,,,1,16,,43648,35,,,2
8700,'Semaine-11-_26ÉTÉ-1111100-',1529,,48114,35,,,2,21,,48113,35,,,1,60,,48106,35,,,1,14,,48108,35,,,1,14,,48105,35,,,1,17,,48115,35,,,1,57,,48111,35,,,1,14,,48112,35,,,2,18,,48107,35,,,1,58,,48110,35,,,1,16,,48109,35,,,2
