6201,'Semaine-1-_26ÉTÉ-1111100-',518,,41000,9,,,2,30,,40994,9,,,2,70,,41010,9,,,1,31,,41005,9,,,2,69,,40990,9,,,2,32,,40991,9,,,2,69,,40995,9,,,2,29,,41004,9,,,1,91,,40996,9,,,1,100,,40992,9,,,2,100,,41001,9,,,2,100,,41008,9,,,2,100,,41011,9,,,2,99,,41002,9,,,1,95,,41012,9,,,1,83,,41007,9,,,1,85,,40993,9,,,1,37,,41006,9,,,2,69,,41009,9,,,1,100,,40999,9,,,1,100,,40998,9,,,1,45,,41003,9,,,1,100,,40997,9,,,1
6201,'Semaine-10-_26ÉTÉ-1111100-',518,,41023,9,,,2,30,,41017,9,,,2,70,,41033,9,,,1,31,,41028,9,,,2,69,,41013,9,,,2,32,,41014,9,,,2,69,,41018,9,,,2,29,,41027,9,,,1,91,,41019,9,,,1,100,,41015,9,,,2,100,,41024,9,,,2,100,,41031,9,,,2,100,,41034,9,,,2,99,,41025,9,,,1,95,,41035,9,,,1,83,,41030,9,,,1,85,,41016,9,,,1,37,,41029,9,,,2,69,,41032,9,,,1,100,,41022,9,,,2,100,,41021,9,,,1,45,,41026,9,,,1,100,,41020,9,,,1
6201,'Semaine-11-_26ÉTÉ-1111100-',518,,46963,9,,,2,30,,46957,9,,,2,70,,46973,9,,,1,31,,46968,9,,,2,69,,46953,9,,,2,32,,46954,9,,,2,69,,46958,9,,,2,29,,46967,9,,,1,91,,46959,9,,,1,100,,46955,9,,,2,100,,46964,9,,,2,100,,46971,9,,,2,100,,46974,9,,,2,99,,46965,9,,,1,95,,46975,9,,,1,83,,46970,9,,,1,85,,46956,9,,,1,37,,46969,9,,,2,69,,46972,9,,,1,100,,46962,9,,,1,100,,46961,9,,,1,45,,46966,9,,,1,100,,46960,9,,,1
6201,'Semaine-5-_26ÉTÉ-1111100-',518,,51044,9,,,2,30,,51038,9,,,2,70,,51054,9,,,1,31,,51049,9,,,2,69,,51034,9,,,2,32,,51035,9,,,2,69,,51039,9,,,2,29,,51048,9,,,1,91,,51040,9,,,1,100,,51036,9,,,2,100,,51045,9,,,2,100,,51052,9,,,2,100,,51055,9,,,2,99,,51046,9,,,1,95,,51056,9,,,1,83,,51051,9,,,1,85,,51037,9,,,1,37,,51050,9,,,2,69,,51053,9,,,1,100,,51043,9,,,1,100,,51042,9,,,1,45,,51047,9,,,1,100,,51041,9,,,1
7100,'Samedi-0-_26ÉTÉ-0000010-',807,,42399,9,,,2,100,,42400,9,,,1,100,,42402,9,,,1,103,,42397,9,,,1,100,,42401,9,,,1,100,,42398,9,,,1,100,,42403,9,,,1,100,,42404,9,,,2,100,,42405,9,,,2,100,,42406,9,,,2,100,,42407,9,,,2,98,,42408,9,,,2,100,,42409,9,,,1,100,,42410,9,,,1,100,,42411,9,,,2,100,,42412,9,,,1
7100,'Dimanche-0-_26ÉTÉ-0000001-',807,,42416,9,,,2,100,,42417,9,,,1,100,,42418,9,,,1,103,,42419,9,,,1,100,,42415,9,,,1,100,,42414,9,,,1,100,,42420,9,,,1,100,,42413,9,,,2,100,,42423,9,,,2,100,,42425,9,,,2,100,,42426,9,,,2,98,,42424,9,,,2,100,,42421,9,,,1,100,,42422,9,,,1,100,,42428,9,,,2,100,,42427,9,,,1
7100,'Dimanche-10-_26ÉTÉ-0000001-',807,,42432,9,,,2,100,,42433,9,,,1,100,,42434,9,,,1,103,,42435,9,,,1,100,,42431,9,,,1,100,,42430,9,,,1,100,,42436,9,,,1,100,,42429,9,,,2,100,,42439,9,,,2,100,,42441,9,,,2,100,,42442,9,,,2,98,,42440,9,,,2,100,,42437,9,,,1,100,,42438,9,,,1,100,,42444,9,,,2,100,,42443,9,,,1
7100,'Dimanche-11-_26ÉTÉ-0000001-',807,,49537,9,,,2,100,,49538,9,,,1,100,,49539,9,,,1,103,,49540,9,,,1,100,,49536,9,,,1,100,,49535,9,,,1,100,,49541,9,,,1,100,,49534,9,,,2,100,,49544,9,,,2,100,,49546,9,,,2,100,,49547,9,,,2,98,,49545,9,,,2,100,,49542,9,,,1,100,,49543,9,,,1,100,,49549,9,,,2,100,,49548,9,,,1
7100,'Semaine-1-_26ÉTÉ-1111100-',534,,42478,9,,,2,70,,42461,9,,,1,30,,42479,9,,,2,19,,42482,9,,,2,61,,42452,9,,,1,20,,42456,9,,,2,20,,42455,9,,,2,50,,42477,9,,,1,10,,42453,9,,,1,10,,42468,9,,,2,20,,42445,9,,,2,60,,42471,9,,,1,20,,42476,9,,,1,30,,42467,9,,,1,71,,42472,9,,,1,30,,42473,9,,,2,70,,42487,9,,,2,30,,42448,9,,,1,70,,42474,9,,,1,30,,42486,9,,,1,70,,42447,9,,,1,30,,42449,9,,,1,71,,42457,9,,,2,28,,42480,9,,,1,70,,42451,9,,,2,7,,42481,9,,,2,21,,42484,9,,,2,59,,42483,9,,,2,14,,42464,9,,,2,6,,42459,9,,,2,20,,42460,9,,,2,60,,42450,9,,,2,20,,42469,9,,,1,23,,42446,9,,,2,67,,42470,9,,,2,31,,42485,9,,,1,70,,42458,9,,,2,30,,42462,9,,,1,70,,42465,9,,,1,101,,42463,9,,,1,99,,42475,9,,,1,100,,42454,9,,,2,101,,42466,9,,,1
7100,'Semaine-10-_26ÉTÉ-1111100-',534,,42521,9,,,2,70,,42504,9,,,1,30,,42522,9,,,2,19,,42525,9,,,2,61,,42495,9,,,1,20,,42499,9,,,2,20,,42498,9,,,2,50,,42520,9,,,1,10,,42496,9,,,1,10,,42511,9,,,2,20,,42488,9,,,2,60,,42514,9,,,1,20,,42519,9,,,1,30,,42510,9,,,1,71,,42515,9,,,1,30,,42516,9,,,2,70,,42530,9,,,2,30,,42491,9,,,1,70,,42517,9,,,1,30,,42529,9,,,1,70,,42490,9,,,1,30,,42492,9,,,1,71,,42500,9,,,2,28,,42523,9,,,1,70,,42494,9,,,2,7,,42524,9,,,2,21,,42527,9,,,2,59,,42526,9,,,2,14,,42507,9,,,2,6,,42502,9,,,2,20,,42503,9,,,2,60,,42493,9,,,2,20,,42512,9,,,1,23,,42489,9,,,2,67,,42513,9,,,2,31,,42528,9,,,1,70,,42501,9,,,2,30,,42505,9,,,1,70,,42508,9,,,1,101,,42506,9,,,1,99,,42518,9,,,1,100,,42497,9,,,2,101,,42509,9,,,1
7100,'Semaine-11-_26ÉTÉ-1111100-',534,,47609,9,,,2,70,,47592,9,,,1,30,,47610,9,,,2,19,,47613,9,,,2,61,,47583,9,,,1,20,,47587,9,,,2,20,,47586,9,,,2,50,,47608,9,,,1,10,,47584,9,,,1,10,,47599,9,,,2,20,,47576,9,,,2,60,,47602,9,,,1,20,,47607,9,,,1,30,,47598,9,,,1,71,,47603,9,,,1,30,,47604,9,,,2,70,,47618,9,,,2,30,,47579,9,,,1,70,,47605,9,,,1,30,,47617,9,,,1,70,,47578,9,,,1,30,,47580,9,,,1,71,,47588,9,,,2,28,,47611,9,,,1,70,,47582,9,,,2,7,,47612,9,,,2,21,,47615,9,,,2,59,,47614,9,,,2,14,,47595,9,,,2,6,,47590,9,,,2,20,,47591,9,,,2,60,,47581,9,,,2,20,,47600,9,,,1,23,,47577,9,,,2,67,,47601,9,,,2,31,,47616,9,,,1,70,,47589,9,,,2,30,,47593,9,,,1,70,,47596,9,,,1,101,,47594,9,,,1,99,,47606,9,,,1,100,,47585,9,,,2,101,,47597,9,,,1
7100,'Semaine-5-_26ÉTÉ-1111100-',534,,51482,9,,,2,70,,51465,9,,,1,30,,51483,9,,,2,19,,51486,9,,,2,61,,51456,9,,,1,20,,51460,9,,,2,20,,51459,9,,,2,50,,51481,9,,,1,10,,51457,9,,,1,10,,51472,9,,,2,20,,51449,9,,,2,60,,51475,9,,,1,20,,51480,9,,,1,30,,51471,9,,,1,71,,51476,9,,,1,30,,51477,9,,,2,70,,51491,9,,,2,30,,51452,9,,,1,70,,51478,9,,,1,30,,51490,9,,,1,70,,51451,9,,,1,30,,51453,9,,,1,71,,51461,9,,,2,28,,51484,9,,,1,70,,51455,9,,,2,7,,51485,9,,,2,21,,51488,9,,,2,59,,51487,9,,,2,14,,51468,9,,,2,6,,51463,9,,,2,20,,51464,9,,,2,60,,51454,9,,,2,20,,51473,9,,,1,23,,51450,9,,,2,67,,51474,9,,,2,31,,51489,9,,,1,70,,51462,9,,,2,30,,51466,9,,,1,70,,51469,9,,,1,101,,51467,9,,,1,99,,51479,9,,,1,100,,51458,9,,,2,101,,51470,9,,,1
