2300,'Semaine-1-_26ÉTÉ-1111100-',1521,,24580,2,,,1,28,,24578,2,,,1,70,,24576,2,,,1,32,,24577,2,,,2,71,,24579,2,,,2,28,,24575,2,,,2
2300,'Semaine-10-_26ÉTÉ-1111100-',1521,,26987,2,,,1,28,,26985,2,,,1,70,,26983,2,,,1,32,,26984,2,,,2,71,,26986,2,,,2,28,,26982,2,,,2
2500,'Semaine-1-_26ÉTÉ-1111100-',1505,,24586,2,,,1,31,,24589,2,,,1,70,,24587,2,,,1,33,,24591,2,,,1,70,,24588,2,,,1,30,,24590,2,,,1
2500,'Semaine-10-_26ÉTÉ-1111100-',1505,,26993,2,,,1,31,,26996,2,,,1,70,,26994,2,,,1,33,,26998,2,,,1,70,,26995,2,,,1,30,,26997,2,,,1
2600,'Semaine-1-_26ÉTÉ-1111100-',1529,,24600,2,,,1,30,,24599,2,,,1,71,,24598,2,,,2,71,,24601,2,,,1,30,,24602,2,,,1
2600,'Semaine-10-_26ÉTÉ-1111100-',1529,,27007,2,,,1,30,,27006,2,,,1,71,,27005,2,,,2,71,,27008,2,,,1,30,,27009,2,,,1
2900,'Semaine-1-_26ÉTÉ-1111100-',1522,,24626,2,,,2,30,,24625,2,,,2,74,,24623,2,,,1,27,,24627,2,,,2,75,,24624,2,,,2
2900,'Semaine-10-_26ÉTÉ-1111100-',1522,,27033,2,,,2,30,,27032,2,,,2,74,,27030,2,,,1,27,,27034,2,,,2,75,,27031,2,,,2
3201,'Semaine-1-_26ÉTÉ-1111100-',543,,24817,37,,,2,60,,24816,37,,,1,20,,24808,37,,,2,22,,24818,37,,,1,10,,24798,37,,,2,51,,24819,37,,,1,10,,24799,37,,,2,12,,24800,37,,,1,8,,24792,37,,,1,10,,24795,37,,,1,8,,24821,37,,,1,49,,24801,37,,,1,9,,24796,37,,,1,7,,24809,37,,,2,8,,24791,37,,,1,10,,24802,37,,,1,8,,24820,37,,,1,8,,24790,37,,,1,50,,24789,37,,,2,10,,24794,37,,,1,9,,24797,37,,,1,8,,24803,37,,,1,21,,24777,37,,,1,68,,24787,38,,,2,28,,24780,38,,,1,70,,24783,38,,,2,30,,24776,38,,,1,71,,24786,38,,,2,30,,24781,38,,,1,70,,24788,38,,,1,30,,24770,38,,,1,70,,24775,38,,,2,30,,24782,38,,,1,73,,24793,38,,,1,33,,24810,38,,,1,69,,24811,38,,,1,30,,24812,38,,,1,70,,24813,38,,,1,27,,24814,38,,,1,68,,24815,38,,,1,30,,24773,38,,,1,68,,24771,38,,,1,29,,24784,38,,,1,70,,24779,38,,,1,30,,24774,38,,,1,70,,24772,38,,,1,30,,24785,38,,,1,68,,24778,38,,,1,30,,24805,38,,,2,70,,24804,38,,,1,28,,24806,38,,,1,70,,24807,38,,,1
3201,'Semaine-10-_26ÉTÉ-1111100-',543,,27298,37,,,2,60,,27297,37,,,1,20,,27289,37,,,2,22,,27299,37,,,1,10,,27279,37,,,2,51,,27300,37,,,1,10,,27280,37,,,2,12,,27281,37,,,1,8,,27273,37,,,1,10,,27276,37,,,1,8,,27302,37,,,1,49,,27282,37,,,1,9,,27277,37,,,1,7,,27290,37,,,2,8,,27272,37,,,1,10,,27283,37,,,1,8,,27301,37,,,1,8,,27271,37,,,1,50,,27270,37,,,2,10,,27275,37,,,1,9,,27278,37,,,1,8,,27284,37,,,1,21,,27258,37,,,1,68,,27268,38,,,2,28,,27261,38,,,1,70,,27264,38,,,2,30,,27257,38,,,1,71,,27267,38,,,2,30,,27262,38,,,1,70,,27269,38,,,1,30,,27251,38,,,1,70,,27256,38,,,1,30,,27263,38,,,1,73,,27274,38,,,1,33,,27291,38,,,1,69,,27292,38,,,1,30,,27293,38,,,1,70,,27294,38,,,1,27,,27295,38,,,1,68,,27296,38,,,1,30,,27254,38,,,1,68,,27252,38,,,1,29,,27265,38,,,1,70,,27260,38,,,1,30,,27255,38,,,1,70,,27253,38,,,1,30,,27266,38,,,1,68,,27259,38,,,1,30,,27286,38,,,2,70,,27285,38,,,1,28,,27287,38,,,1,70,,27288,38,,,1
3401,'Samedi-0-_26ÉTÉ-0000010-',733,,27559,59,,,1,100,,27562,59,,,2,70,,27571,59,,,1,33,,27560,59,,,1,69,,27565,59,,,1,30,,27567,59,,,1,71,,27561,59,,,2,30,,27570,59,,,1,73,,27563,59,,,1,30,,27572,59,,,1,69,,27564,59,,,1,30,,27566,59,,,1,70,,27568,59,,,2,30,,27569,59,,,2,70,,27573,59,,,1,32,,27574,59,,,2,70,,27575,59,,,1,30,,27576,59,,,1,69,,27577,59,,,1,29,,27578,59,,,1,70,,27579,59,,,2,29,,27580,59,,,1,67,,27581,59,,,1,30,,27583,59,,,1,71,,27582,59,,,2,30,,27584,59,,,1,70,,27585,59,,,2,28,,27586,59,,,1,70,,27588,59,,,1,30,,27587,59,,,1,70,,27589,59,,,1,55,,27590,59,,,1
3401,'Dimanche-0-_26ÉTÉ-0000001-',733,,27592,59,,,1,100,,27603,59,,,2,70,,27596,59,,,1,33,,27599,59,,,1,69,,27598,59,,,1,30,,27607,59,,,1,71,,27604,59,,,2,30,,27591,59,,,1,73,,27602,59,,,1,30,,27595,59,,,1,69,,27593,59,,,1,30,,27594,59,,,1,70,,27597,59,,,2,30,,27605,59,,,2,70,,27601,59,,,1,32,,27600,59,,,2,70,,27606,59,,,1,30,,27611,59,,,1,69,,27609,59,,,1,29,,27615,59,,,1,70,,27618,59,,,2,29,,27608,59,,,1,67,,27617,59,,,1,30,,27610,59,,,1,71,,27614,59,,,2,30,,27621,59,,,1,70,,27613,59,,,2,28,,27612,59,,,1,70,,27619,59,,,1,30,,27620,59,,,1,70,,27616,59,,,1,55,,27622,59,,,1
3401,'Dimanche-10-_26ÉTÉ-0000001-',733,,31640,59,,,1,100,,31651,59,,,2,70,,31644,59,,,1,33,,31647,59,,,1,69,,31646,59,,,1,30,,31655,59,,,1,71,,31652,59,,,2,30,,31639,59,,,1,73,,31650,59,,,1,30,,31643,59,,,1,69,,31641,59,,,1,30,,31642,59,,,1,70,,31645,59,,,2,30,,31653,59,,,2,70,,31649,59,,,1,32,,31648,59,,,2,70,,31654,59,,,1,30,,31659,59,,,1,69,,31657,59,,,1,29,,31663,59,,,1,70,,31666,59,,,2,29,,31656,59,,,1,67,,31665,59,,,1,30,,31658,59,,,1,71,,31662,59,,,2,30,,31669,59,,,1,70,,31661,59,,,2,28,,31660,59,,,1,70,,31667,59,,,1,30,,31668,59,,,1,70,,31664,59,,,1,55,,31670,59,,,1
3401,'Semaine-1-_26ÉTÉ-1111100-',940,,24963,58,,,2,71,,24943,58,,,1,30,,24947,59,,,1,70,,24967,59,,,1,30,,24940,59,,,1,70,,24944,59,,,1,30,,24948,59,,,2,70,,24938,59,,,1,31,,24941,59,,,1,69,,24945,59,,,1,34,,24949,59,,,1,70,,24942,59,,,1,31,,24964,59,,,1,73,,24939,59,,,2,32,,24965,59,,,1,70,,24966,59,,,1,31,,24960,59,,,1,64,,24956,59,,,2,25,,24946,59,,,1,69,,24953,59,,,1,29,,24962,59,,,1,69,,24950,59,,,1,30,,24952,59,,,1,70,,24954,59,,,1,30,,24958,59,,,2,70,,24951,59,,,1,30,,24957,59,,,1,68,,24955,59,,,1,30,,24959,59,,,1,70,,24961,59,,,1
3401,'Semaine-10-_26ÉTÉ-1111100-',940,,27648,58,,,2,71,,27628,58,,,1,30,,27632,59,,,1,70,,27652,59,,,1,30,,27625,59,,,1,70,,27629,59,,,1,30,,27633,59,,,2,70,,27623,59,,,1,31,,27626,59,,,1,69,,27630,59,,,1,34,,27634,59,,,1,70,,27627,59,,,1,31,,27649,59,,,1,73,,27624,59,,,2,32,,27650,59,,,1,70,,27651,59,,,1,31,,27645,59,,,1,64,,27641,59,,,2,25,,27631,59,,,1,69,,27638,59,,,1,29,,27647,59,,,1,69,,27635,59,,,1,30,,27637,59,,,1,70,,27639,59,,,1,30,,27643,59,,,2,70,,27636,59,,,1,30,,27642,59,,,1,68,,27640,59,,,1,30,,27644,59,,,1,70,,27646,59,,,1
3601,'Semaine-1-_26ÉTÉ-1111100-',924,,25047,47,,,1,90,,25045,48,,,1,98,,25048,48,,,1,102,,25046,48,,,1,99,,25051,48,,,1,100,,25050,48,,,1,101,,25049,48,,,1
3601,'Semaine-10-_26ÉTÉ-1111100-',924,,27732,47,,,1,90,,27730,48,,,1,98,,27733,48,,,1,102,,27731,48,,,1,99,,27736,48,,,1,100,,27735,48,,,1,101,,27734,48,,,1
3701,'Samedi-0-_26ÉTÉ-0000010-',719,,27803,40,,,1,100,,27808,40,,,1,100,,27802,40,,,1,102,,27807,40,,,1,101,,27804,40,,,1,99,,27805,40,,,1,100,,27809,40,,,1,104,,27806,40,,,1,100,,27810,40,,,1,100,,27811,40,,,1,100,,27812,40,,,1,95,,27813,40,,,1,100,,27814,40,,,1,102,,27815,40,,,1,98,,27816,40,,,1,96,,27817,40,,,1,98,,27818,40,,,1
3701,'Dimanche-0-_26ÉTÉ-0000001-',719,,27819,40,,,1,100,,27823,40,,,1,100,,27824,40,,,1,102,,27826,40,,,1,101,,27825,40,,,1,99,,27821,40,,,1,100,,27820,40,,,1,104,,27822,40,,,1,100,,27827,40,,,1,100,,27831,40,,,1,100,,27834,40,,,1,95,,27828,40,,,1,100,,27829,40,,,1,102,,27835,40,,,1,98,,27833,40,,,1,96,,27830,40,,,1,98,,27832,40,,,1
3701,'Dimanche-10-_26ÉTÉ-0000001-',719,,31689,40,,,1,100,,31693,40,,,1,100,,31694,40,,,1,102,,31696,40,,,1,101,,31695,40,,,1,99,,31691,40,,,1,100,,31690,40,,,1,104,,31692,40,,,1,100,,31697,40,,,1,100,,31701,40,,,1,100,,31704,40,,,1,95,,31698,40,,,1,100,,31699,40,,,1,102,,31705,40,,,1,98,,31703,40,,,1,96,,31700,40,,,1,98,,31702,40,,,1
3701,'Semaine-1-_26ÉTÉ-1111100-',546,,25094,39,,,1,71,,25092,39,,,1,35,,25096,39,,,1,70,,25086,39,,,1,34,,25103,39,,,1,61,,25083,39,,,1,10,,25104,39,,,1,30,,25085,39,,,1,98,,25102,39,,,1,100,,25090,40,,,1,100,,25084,40,,,1,101,,25082,40,,,1,99,,25087,40,,,1,101,,25098,40,,,1,102,,25081,40,,,1,72,,25097,40,,,1,70,,25100,40,,,1,29,,25095,40,,,1,28,,25101,40,,,1,67,,25105,40,,,1,85,,25089,40,,,1,98,,25099,40,,,1,101,,25091,40,,,1,99,,25088,40,,,1,95,,25093,40,,,1
3701,'Semaine-10-_26ÉTÉ-1111100-',546,,27849,39,,,1,71,,27847,39,,,1,35,,27851,39,,,1,70,,27841,39,,,1,34,,27858,39,,,1,61,,27838,39,,,1,10,,27859,39,,,1,30,,27840,39,,,1,98,,27857,39,,,1,100,,27845,40,,,1,100,,27839,40,,,1,101,,27837,40,,,1,99,,27842,40,,,1,101,,27853,40,,,1,102,,27836,40,,,1,72,,27852,40,,,1,70,,27855,40,,,1,29,,27850,40,,,1,28,,27856,40,,,1,67,,27860,40,,,1,85,,27844,40,,,1,98,,27854,40,,,1,101,,27846,40,,,1,99,,27843,40,,,1,95,,27848,40,,,1
3801,'Samedi-0-_26ÉTÉ-0000010-',732,,27973,27,,,1,70,,27969,27,,,1,30,,27981,27,,,1,71,,27974,27,,,1,29,,27970,27,,,1,72,,27982,27,,,1,28,,27975,27,,,1,73,,27979,27,,,1,27,,27971,27,,,1,74,,27976,27,,,1,30,,27980,27,,,1,70,,27972,27,,,1,30,,27977,27,,,1,72,,27978,27,,,1,28,,27983,27,,,1,72,,27984,27,,,1,28,,27985,27,,,1,72,,27986,27,,,1,28,,27987,27,,,1,71,,27988,27,,,1,29,,27989,27,,,1,70,,27990,27,,,1,26,,27991,27,,,1,71,,27993,27,,,1,29,,27992,27,,,1,71,,27995,27,,,1,29,,27994,27,,,1,71,,27996,27,,,1,29,,27997,27,,,1,70,,28001,27,,,1,30,,27998,27,,,1,70,,27999,27,,,1,31,,28000,27,,,1
3801,'Dimanche-0-_26ÉTÉ-0000001-',732,,28009,27,,,1,70,,28005,27,,,1,30,,28016,27,,,1,71,,28008,27,,,1,29,,28002,27,,,1,72,,28017,27,,,1,28,,28011,27,,,1,73,,28003,27,,,1,27,,28015,27,,,1,74,,28010,27,,,1,30,,28004,27,,,1,70,,28006,27,,,1,30,,28007,27,,,1,72,,28013,27,,,1,28,,28019,27,,,1,72,,28020,27,,,1,28,,28014,27,,,1,72,,28018,27,,,1,28,,28024,27,,,1,71,,28029,27,,,1,29,,28030,27,,,1,70,,28025,27,,,1,26,,28012,27,,,1,71,,28027,27,,,1,29,,28022,27,,,1,71,,28023,27,,,1,29,,28026,27,,,1,71,,28028,27,,,1,29,,28032,27,,,1,70,,28031,27,,,1,30,,28021,27,,,1,70,,28033,27,,,1,31,,28034,27,,,1
3801,'Dimanche-10-_26ÉTÉ-0000001-',732,,31746,27,,,1,70,,31742,27,,,1,30,,31753,27,,,1,71,,31745,27,,,1,29,,31739,27,,,1,72,,31754,27,,,1,28,,31748,27,,,1,73,,31740,27,,,1,27,,31752,27,,,1,74,,31747,27,,,1,30,,31741,27,,,1,70,,31743,27,,,1,30,,31744,27,,,1,72,,31750,27,,,1,28,,31756,27,,,1,72,,31757,27,,,1,28,,31751,27,,,1,72,,31755,27,,,1,28,,31761,27,,,1,71,,31766,27,,,1,29,,31767,27,,,1,70,,31762,27,,,1,26,,31749,27,,,1,71,,31764,27,,,1,29,,31759,27,,,1,71,,31760,27,,,1,29,,31763,27,,,1,71,,31765,27,,,1,29,,31769,27,,,1,70,,31768,27,,,1,30,,31758,27,,,1,70,,31770,27,,,1,31,,31771,27,,,1
3801,'Semaine-1-_26ÉTÉ-1111100-',640,,25176,28,,,1,72,,25148,28,,,1,33,,25175,28,,,1,55,,25186,28,,,1,21,,25182,28,,,1,27,,25164,28,,,1,67,,25184,28,,,1,29,,25171,27,,,1,59,,25154,27,,,1,20,,25180,27,,,1,20,,25165,27,,,1,60,,25157,27,,,1,22,,25172,27,,,1,20,,25155,27,,,1,60,,25179,27,,,1,21,,25185,27,,,1,22,,25158,27,,,1,61,,25187,27,,,1,19,,25173,27,,,1,20,,25178,27,,,1,58,,25166,27,,,1,20,,25159,27,,,1,19,,25174,27,,,1,61,,25188,27,,,1,23,,25161,27,,,1,22,,25167,27,,,1,70,,25181,27,,,1,28,,25156,27,,,1,72,,25163,27,,,1,29,,25153,27,,,1,68,,25189,27,,,1,20,,25150,27,,,1,19,,25183,27,,,1,69,,25152,27,,,1,30,,25162,27,,,1,70,,25170,27,,,1,30,,25177,27,,,1,70,,25160,27,,,1,30,,25168,27,,,1,69,,25169,27,,,1,29,,25149,27,,,1,85,,25151,27,,,1
3801,'Semaine-10-_26ÉTÉ-1111100-',640,,28063,28,,,1,72,,28035,28,,,1,33,,28062,28,,,1,55,,28073,28,,,1,21,,28069,28,,,1,27,,28051,28,,,1,67,,28071,28,,,1,29,,28058,27,,,1,59,,28041,27,,,1,20,,28067,27,,,1,20,,28052,27,,,1,60,,28044,27,,,1,22,,28059,27,,,1,20,,28042,27,,,1,60,,28066,27,,,1,21,,28072,27,,,1,22,,28045,27,,,1,61,,28074,27,,,1,19,,28060,27,,,1,20,,28065,27,,,1,58,,28053,27,,,1,20,,28046,27,,,1,19,,28061,27,,,1,61,,28075,27,,,1,23,,28048,27,,,1,22,,28054,27,,,1,70,,28068,27,,,1,28,,28043,27,,,1,72,,28050,27,,,1,29,,28040,27,,,1,68,,28076,27,,,1,20,,28037,27,,,1,19,,28070,27,,,1,69,,28039,27,,,1,30,,28049,27,,,1,70,,28057,27,,,1,30,,28064,27,,,1,70,,28047,27,,,1,30,,28055,27,,,1,69,,28056,27,,,1,29,,28036,27,,,1,85,,28038,27,,,1
4000,'Semaine-1-_26ÉTÉ-1111100-',1501,,25265,2,,,2,29,,25261,2,,,2,71,,25264,2,,,1,30,,25263,2,,,1,73,,25262,2,,,1,29,,25266,2,,,2
4000,'Semaine-10-_26ÉTÉ-1111100-',1501,,28248,2,,,2,29,,28244,2,,,2,71,,28247,2,,,1,30,,28246,2,,,1,73,,28245,2,,,1,29,,28249,2,,,2
4100,'Semaine-1-_26ÉTÉ-1111100-',1511,,25274,2,,,2,28,,25276,2,,,1,72,,25275,2,,,2,30,,25273,2,,,1,70,,25277,2,,,1
4100,'Semaine-10-_26ÉTÉ-1111100-',1511,,28257,2,,,2,28,,28259,2,,,1,72,,28258,2,,,2,30,,28256,2,,,1,70,,28260,2,,,1
4500,'Semaine-1-_26ÉTÉ-1111100-',1449,,25292,2,,,1,70,,25287,2,,,2,32,,25288,2,,,2,71,,25290,2,,,1,29,,25291,2,,,1,70,,25289,2,,,2
4500,'Semaine-10-_26ÉTÉ-1111100-',1449,,28275,2,,,1,70,,28270,2,,,2,32,,28271,2,,,2,71,,28273,2,,,1,29,,28274,2,,,1,70,,28272,2,,,2
4700,'Semaine-1-_26ÉTÉ-1111100-',1506,,25299,2,,,2,100,,25301,2,,,2,103,,25300,2,,,2
4700,'Semaine-10-_26ÉTÉ-1111100-',1506,,28282,2,,,2,100,,28284,2,,,2,103,,28283,2,,,2
4800,'Semaine-1-_26ÉTÉ-1111100-',1700,,25306,2,,,1
4800,'Semaine-10-_26ÉTÉ-1111100-',1700,,28289,2,,,1
5501,'Samedi-0-_26ÉTÉ-0000010-',731,,28663,57,,,1,70,,28666,57,,,1,30,,28665,57,,,1,70,,28675,57,,,1,30,,28664,57,,,1,71,,28667,57,,,1,30,,28668,57,,,1,70,,28674,57,,,1,33,,28670,57,,,1,70,,28671,57,,,1,31,,28669,57,,,1,68,,28677,57,,,1,30,,28676,57,,,1,70,,28672,57,,,1,30,,28673,57,,,1,70,,28678,57,,,1,30,,28679,57,,,1,70,,28680,57,,,1,30,,28681,57,,,1,70,,28682,57,,,1,30,,28683,57,,,1,70,,28684,57,,,1,30,,28685,57,,,1,67,,28686,57,,,1,30,,28687,57,,,1,70,,28688,57,,,1,30,,28689,57,,,1,27,,28690,57,,,1,70,,28691,57,,,1,30,,28693,57,,,1,68,,28692,57,,,1,32,,28695,57,,,1,68,,28694,57,,,1
5501,'Dimanche-0-_26ÉTÉ-0000001-',731,,28697,57,,,1,70,,28702,57,,,1,30,,28698,57,,,1,70,,28706,57,,,1,30,,28709,57,,,1,71,,28701,57,,,1,30,,28713,57,,,1,70,,28707,57,,,1,33,,28708,57,,,1,70,,28699,57,,,1,31,,28696,57,,,1,68,,28703,57,,,1,30,,28710,57,,,1,70,,28700,57,,,1,30,,28711,57,,,1,70,,28705,57,,,1,30,,28704,57,,,1,70,,28714,57,,,1,30,,28718,57,,,1,70,,28712,57,,,1,30,,28715,57,,,1,70,,28725,57,,,1,30,,28722,57,,,1,67,,28727,57,,,1,30,,28728,57,,,1,70,,28716,57,,,1,30,,28719,57,,,1,27,,28717,57,,,1,70,,28720,57,,,1,30,,28721,57,,,1,68,,28724,57,,,1,32,,28726,57,,,1,68,,28723,57,,,1
5501,'Dimanche-10-_26ÉTÉ-0000001-',731,,31927,57,,,1,70,,31932,57,,,1,30,,31928,57,,,1,70,,31936,57,,,1,30,,31939,57,,,1,71,,31931,57,,,1,30,,31943,57,,,1,70,,31937,57,,,1,33,,31938,57,,,1,70,,31929,57,,,1,31,,31926,57,,,1,68,,31933,57,,,1,30,,31940,57,,,1,70,,31930,57,,,1,30,,31941,57,,,1,70,,31935,57,,,1,30,,31934,57,,,1,70,,31944,57,,,1,30,,31948,57,,,1,70,,31942,57,,,1,30,,31945,57,,,1,70,,31955,57,,,1,30,,31952,57,,,1,67,,31957,57,,,1,30,,31958,57,,,1,70,,31946,57,,,1,30,,31949,57,,,1,27,,31947,57,,,1,70,,31950,57,,,1,30,,31951,57,,,1,68,,31954,57,,,1,32,,31956,57,,,1,68,,31953,57,,,1
5501,'Semaine-1-_26ÉTÉ-1111100-',547,,25481,57,,,1,56,,25488,57,,,1,13,,25487,55,,,1,18,,25471,55,,,1,16,,25509,55,,,1,63,,25508,55,,,1,7,,25468,55,,,1,17,,25513,55,,,1,15,,25494,55,,,1,56,,25502,55,,,1,14,,25472,55,,,1,10,,25476,55,,,1,12,,25474,55,,,1,9,,25503,55,,,1,3,,25505,55,,,1,53,,25482,55,,,1,26,,25486,55,,,1,12,,25473,55,,,1,11,,25507,55,,,1,70,,25500,57,,,1,23,,25512,24,,,1,8,,25504,57,,,1,67,,25470,57,,,1,30,,25477,57,,,1,70,,25490,57,,,1,30,,25501,57,,,1,70,,25497,57,,,1,30,,25478,57,,,1,70,,25510,57,,,1,30,,25469,57,,,1,76,,25475,57,,,1,94,,25479,57,,,1,95,,25484,57,,,1,99,,25489,57,,,1,96,,25506,57,,,1,19,,25495,57,,,1,70,,25483,57,,,1,30,,25499,57,,,1,70,,25492,57,,,1,30,,25511,57,,,1,70,,25485,57,,,1,30,,25491,57,,,1,68,,25493,57,,,1,30,,25480,57,,,1,68,,25498,57,,,1,30,,25496,57,,,1
5501,'Semaine-10-_26ÉTÉ-1111100-',547,,28742,57,,,1,56,,28749,57,,,1,13,,28748,55,,,1,18,,28732,55,,,1,16,,28770,55,,,1,63,,28769,55,,,1,7,,28729,55,,,1,17,,28774,55,,,1,15,,28755,55,,,1,56,,28763,55,,,1,14,,28733,55,,,1,10,,28737,55,,,1,12,,28735,55,,,1,9,,28764,55,,,1,3,,28766,55,,,1,53,,28743,55,,,1,26,,28747,55,,,1,12,,28734,55,,,1,11,,28768,55,,,1,70,,28761,57,,,1,23,,28773,24,,,1,8,,28765,57,,,1,67,,28731,57,,,1,30,,28738,57,,,1,70,,28751,57,,,1,30,,28762,57,,,1,70,,28758,57,,,1,30,,28739,57,,,1,70,,28771,57,,,1,30,,28730,57,,,1,76,,28736,57,,,1,94,,28740,57,,,1,95,,28745,57,,,1,99,,28750,57,,,1,96,,28767,57,,,1,19,,28756,57,,,1,70,,28744,57,,,1,30,,28760,57,,,1,70,,28753,57,,,1,30,,28772,57,,,1,70,,28746,57,,,1,30,,28752,57,,,1,68,,28754,57,,,1,30,,28741,57,,,1,68,,28759,57,,,1,30,,28757,57,,,1
5901,'Samedi-0-_26ÉTÉ-0000010-',741,,28921,46,,,1,70,,28928,46,,,1,33,,28925,46,,,1,70,,28930,46,,,1,30,,28922,46,,,1,70,,28927,46,,,1,31,,28926,46,,,1,70,,28929,46,,,1,30,,28933,46,,,1,71,,28934,46,,,1,30,,28923,46,,,1,70,,28924,46,,,1,30,,28932,46,,,1,70,,28931,46,,,1,30,,28935,46,,,1,70,,28936,46,,,1,30,,28937,46,,,1,70,,28938,46,,,1,30,,28939,46,,,1,70,,28940,46,,,1,30,,28941,46,,,1,70,,28942,46,,,1,30,,28943,46,,,1,67,,28944,46,,,1,30,,28945,46,,,1,71,,28947,46,,,1,30,,28946,46,,,1,68,,28948,46,,,1,30,,28949,46,,,1,70,,28950,46,,,1,30,,28952,46,,,1,67,,28951,46,,,1
5901,'Dimanche-0-_26ÉTÉ-0000001-',741,,28959,46,,,1,70,,28962,46,,,1,33,,28964,46,,,1,70,,28955,46,,,1,30,,28958,46,,,1,70,,28961,46,,,1,31,,28965,46,,,1,70,,28953,46,,,1,30,,28956,46,,,1,71,,28970,46,,,1,30,,28963,46,,,1,70,,28954,46,,,1,30,,28957,46,,,1,70,,28960,46,,,1,30,,28967,46,,,1,70,,28966,46,,,1,30,,28969,46,,,1,70,,28971,46,,,1,30,,28968,46,,,1,70,,28977,46,,,1,30,,28978,46,,,1,70,,28974,46,,,1,30,,28973,46,,,1,67,,28983,46,,,1,30,,28980,46,,,1,71,,28981,46,,,1,30,,28972,46,,,1,68,,28975,46,,,1,30,,28979,46,,,1,70,,28976,46,,,1,30,,28982,46,,,1,67,,28984,46,,,1
5901,'Dimanche-10-_26ÉTÉ-0000001-',741,,31999,46,,,1,70,,32002,46,,,1,33,,32004,46,,,1,70,,31995,46,,,1,30,,31998,46,,,1,70,,32001,46,,,1,31,,32005,46,,,1,70,,31993,46,,,1,30,,31996,46,,,1,71,,32010,46,,,1,30,,32003,46,,,1,70,,31994,46,,,1,30,,31997,46,,,1,70,,32000,46,,,1,30,,32007,46,,,1,70,,32006,46,,,1,30,,32009,46,,,1,70,,32011,46,,,1,30,,32008,46,,,1,70,,32017,46,,,1,30,,32018,46,,,1,70,,32014,46,,,1,30,,32013,46,,,1,67,,32023,46,,,1,30,,32020,46,,,1,71,,32021,46,,,1,30,,32012,46,,,1,68,,32015,46,,,1,30,,32019,46,,,1,70,,32016,46,,,1,30,,32022,46,,,1,67,,32024,46,,,1
5901,'Semaine-1-_26ÉTÉ-1111100-',540,,25596,46,,,1,14,,25632,46,,,1,55,,25605,46,,,1,15,,25626,44,,,1,18,,25606,44,,,1,15,,25595,44,,,1,48,,25597,44,,,1,25,,25600,44,,,1,5,,25635,22,,,1,13,,25636,22,,,1,9,,25603,44,,,1,44,,25637,22,,,1,14,,25604,44,,,1,11,,25599,44,,,1,12,,25628,44,,,1,10,,25614,44,,,1,6,,25619,44,,,1,53,,25593,44,,,1,12,,25609,44,,,1,9,,25594,44,,,1,12,,25612,44,,,1,72,,25638,44,,,1,29,,25633,46,,,1,70,,25620,46,,,1,30,,25602,46,,,1,71,,25613,46,,,1,30,,25616,46,,,1,70,,25601,46,,,1,30,,25630,46,,,1,70,,25592,46,,,1,30,,25634,46,,,1,70,,25624,46,,,1,43,,25627,46,,,1,99,,25631,46,,,1,96,,25611,46,,,1,98,,25618,46,,,1,72,,25623,46,,,1,30,,25610,46,,,1,70,,25617,46,,,1,30,,25622,46,,,1,69,,25629,46,,,1,30,,25607,46,,,1,70,,25625,46,,,1,29,,25615,46,,,1,70,,25598,46,,,1,30,,25608,46,,,1,70,,25621,46,,,1
5901,'Semaine-10-_26ÉTÉ-1111100-',540,,28989,46,,,1,14,,29025,46,,,1,55,,28998,46,,,1,15,,29019,44,,,1,18,,28999,44,,,1,15,,28988,44,,,1,48,,28990,44,,,1,25,,28993,44,,,1,5,,29028,22,,,1,13,,29029,22,,,1,9,,28996,44,,,1,44,,29030,22,,,1,14,,28997,44,,,1,11,,28992,44,,,1,12,,29021,44,,,1,10,,29007,44,,,1,6,,29012,44,,,1,53,,28986,44,,,1,12,,29002,44,,,1,9,,28987,44,,,1,12,,29005,44,,,1,72,,29031,44,,,1,29,,29026,46,,,1,70,,29013,46,,,1,30,,28995,46,,,1,71,,29006,46,,,1,30,,29009,46,,,1,70,,28994,46,,,1,30,,29023,46,,,1,70,,28985,46,,,1,30,,29027,46,,,1,70,,29017,46,,,1,43,,29020,46,,,1,99,,29024,46,,,1,96,,29004,46,,,1,98,,29011,46,,,1,72,,29016,46,,,1,30,,29003,46,,,1,70,,29010,46,,,1,30,,29015,46,,,1,69,,29022,46,,,1,30,,29000,46,,,1,70,,29018,46,,,1,29,,29008,46,,,1,70,,28991,46,,,1,30,,29001,46,,,1,70,,29014,46,,,1
6701,'Samedi-0-_26ÉTÉ-0000010-',658,,29603,35,,,1,100,,29609,35,,,1,101,,29605,35,,,1,141,,29604,35,,,1,31,,29607,35,,,1,69,,29612,35,,,1,32,,29613,35,,,2,70,,29606,35,,,1,30,,29608,35,,,1,70,,29611,35,,,1,30,,29614,35,,,1,71,,29615,35,,,1,30,,29610,35,,,1,70,,29616,35,,,1,30,,29617,35,,,1,71,,29618,35,,,2,31,,29619,35,,,2,67,,29620,35,,,1,32,,29621,35,,,1,69,,29622,35,,,1,30,,29623,35,,,2,26,,29624,35,,,1,72,,29625,35,,,2,100,,29626,35,,,1,100,,29627,35,,,1,100,,29629,35,,,1,98,,29628,35,,,1
6701,'Dimanche-0-_26ÉTÉ-0000001-',658,,29630,35,,,1,100,,29635,35,,,1,101,,29638,35,,,1,141,,29633,35,,,1,31,,29631,35,,,1,69,,29632,35,,,1,32,,29634,35,,,2,70,,29642,35,,,1,30,,29636,35,,,1,70,,29640,35,,,1,30,,29637,35,,,1,71,,29645,35,,,1,30,,29646,35,,,1,70,,29643,35,,,1,30,,29648,35,,,1,71,,29639,35,,,2,31,,29651,35,,,2,67,,29644,35,,,1,32,,29641,35,,,1,69,,29649,35,,,1,30,,29652,35,,,2,26,,29656,35,,,1,72,,29655,35,,,2,100,,29647,35,,,1,100,,29653,35,,,1,100,,29650,35,,,1,98,,29654,35,,,1
6701,'Dimanche-10-_26ÉTÉ-0000001-',658,,32161,35,,,1,100,,32166,35,,,1,101,,32169,35,,,1,141,,32164,35,,,1,31,,32162,35,,,1,69,,32163,35,,,1,32,,32165,35,,,2,70,,32173,35,,,1,30,,32167,35,,,1,70,,32171,35,,,1,30,,32168,35,,,1,71,,32176,35,,,1,30,,32177,35,,,1,70,,32174,35,,,1,30,,32179,35,,,1,71,,32170,35,,,2,31,,32182,35,,,2,67,,32175,35,,,1,32,,32172,35,,,1,69,,32180,35,,,1,30,,32183,35,,,2,26,,32187,35,,,1,72,,32186,35,,,2,100,,32178,35,,,1,100,,32184,35,,,1,100,,32181,35,,,1,98,,32185,35,,,1
6701,'Semaine-1-_26ÉTÉ-1111100-',939,,25958,35,,,1,18,,25947,35,,,1,60,,25965,35,,,2,20,,25951,35,,,1,20,,25945,35,,,2,60,,25966,35,,,1,20,,25959,35,,,1,20,,25948,35,,,1,60,,25967,35,,,2,20,,25952,35,,,1,20,,25955,35,,,2,61,,25968,35,,,1,19,,25954,35,,,1,20,,25949,35,,,2,61,,25969,35,,,1,20,,25960,35,,,1,20,,25962,35,,,1,63,,25964,35,,,1,20,,25956,35,,,2,74,,25940,35,,,1,30,,25963,35,,,2,67,,25943,35,,,1,30,,25961,35,,,1,69,,25957,35,,,1,28,,25950,35,,,1,68,,25938,35,,,1,28,,25953,35,,,1,70,,25941,35,,,1,30,,25970,35,,,1,70,,25939,35,,,1,30,,25972,35,,,1,69,,25942,35,,,1,30,,25973,35,,,1,68,,25944,35,,,2,29,,25971,35,,,1,70,,25946,35,,,2
6701,'Semaine-10-_26ÉTÉ-1111100-',939,,29677,35,,,1,18,,29666,35,,,1,60,,29684,35,,,2,20,,29670,35,,,1,20,,29664,35,,,2,60,,29685,35,,,1,20,,29678,35,,,1,20,,29667,35,,,1,60,,29686,35,,,2,20,,29671,35,,,1,20,,29674,35,,,2,61,,29687,35,,,2,19,,29673,35,,,1,20,,29668,35,,,2,61,,29688,35,,,1,20,,29679,35,,,1,20,,29681,35,,,1,63,,29683,35,,,1,20,,29675,35,,,2,74,,29659,35,,,1,30,,29682,35,,,2,67,,29662,35,,,1,30,,29680,35,,,1,69,,29676,35,,,1,28,,29669,35,,,1,68,,29657,35,,,1,28,,29672,35,,,1,70,,29660,35,,,1,30,,29689,35,,,1,70,,29658,35,,,1,30,,29691,35,,,1,69,,29661,35,,,1,30,,29692,35,,,1,68,,29663,35,,,2,29,,29690,35,,,1,70,,29665,35,,,2
8501,'Semaine-1-_26ÉTÉ-1111100-',551,,26465,37,,,1,70,,26467,37,,,1,25,,26470,37,,,1,60,,26469,37,,,2,15,,26474,37,,,2,20,,26466,37,,,2,16,,26472,37,,,1,55,,26468,37,,,2,15,,26473,37,,,1,20,,26471,37,,,1
8501,'Semaine-10-_26ÉTÉ-1111100-',551,,30536,37,,,1,70,,30538,37,,,1,25,,30541,37,,,1,60,,30540,37,,,2,15,,30545,37,,,2,20,,30537,37,,,2,16,,30543,37,,,1,55,,30539,37,,,2,15,,30544,37,,,1,20,,30542,37,,,1
8701,'Semaine-1-_26ÉTÉ-1111100-',535,,26494,33,,,1,71,,26487,33,,,1,29,,26492,33,,,2,20,,26490,33,,,2,61,,26488,33,,,1,15,,26497,33,,,2,13,,26493,33,,,2,59,,26489,33,,,2,15,,26496,33,,,1,18,,26495,33,,,2,20,,26491,33,,,2,60,,26486,33,,,2
8701,'Semaine-10-_26ÉTÉ-1111100-',535,,30565,33,,,1,71,,30558,33,,,1,29,,30563,33,,,2,20,,30561,33,,,2,61,,30559,33,,,1,15,,30568,33,,,2,13,,30564,33,,,2,59,,30560,33,,,2,15,,30567,33,,,1,18,,30566,33,,,2,20,,30562,33,,,2,60,,30557,33,,,2
20001,'Semaine-1-_26ÉTÉ-1111100-',641,,26631,12,,,1,6,,26632,14,,,1,6,,26633,12,,,1,5,,26634,14,,,1,45,,26635,12,,,1,6,,26657,14,,,1,6,,26636,12,,,1,6,,26637,14,,,1,8,,26654,12,,,1,6,,26638,14,,,1,5,,26653,12,,,1,4,,26640,14,,,1,4,,26649,12,,,1,3,,26639,12,,,1,3,,26630,14,,,1,4,,26656,12,,,1,43,,26645,12,,,1,3,,26641,14,,,1,4,,26643,12,,,1,3,,26655,12,,,1,3,,26642,14,,,1,6,,26646,12,,,1,5,,26644,14,,,1,4,,26648,12,,,1,5,,26647,14,,,1,6,,26658,12,,,1,6,,26650,14,,,1,6,,26651,12,,,1,5,,26652,14,,,1,47,,26659,12,,,1
20001,'Semaine-10-_26ÉTÉ-1111100-',641,,30768,12,,,1,6,,30769,14,,,1,6,,30770,12,,,1,5,,30771,14,,,1,45,,30772,12,,,1,6,,30794,14,,,1,6,,30773,12,,,1,6,,30774,14,,,1,8,,30791,12,,,1,6,,30775,14,,,1,5,,30790,12,,,1,4,,30777,14,,,1,4,,30786,12,,,1,3,,30776,12,,,1,3,,30767,14,,,1,4,,30793,12,,,1,43,,30782,12,,,1,3,,30778,14,,,1,4,,30780,12,,,1,3,,30792,12,,,1,3,,30779,14,,,1,6,,30783,12,,,1,5,,30781,14,,,1,4,,30785,12,,,1,5,,30784,14,,,1,6,,30795,12,,,1,6,,30787,14,,,1,6,,30788,12,,,1,5,,30789,14,,,1,47,,30796,12,,,1
37101,'Samedi-0-_26ÉTÉ-0000010-',750,,30859,41,,,1,99,,30858,41,,,1,105,,30862,41,,,1,100,,30861,41,,,1,99,,30863,41,,,1,102,,30860,41,,,1,101,,30864,41,,,1,100,,30865,41,,,1,98,,30866,41,,,1,100,,30867,41,,,1,98,,30868,41,,,1,100,,30869,41,,,1,100,,30870,41,,,1,98,,30871,41,,,1,100,,30872,41,,,1,97,,30873,41,,,1,100,,30874,41,,,1
37101,'Dimanche-0-_26ÉTÉ-0000001-',750,,30878,41,,,1,99,,30875,41,,,1,105,,30879,41,,,1,100,,30876,41,,,1,99,,30882,41,,,1,102,,30877,41,,,1,101,,30880,41,,,1,100,,30885,41,,,1,98,,30881,41,,,1,100,,30886,41,,,1,98,,30891,41,,,1,100,,30883,41,,,1,100,,30884,41,,,1,98,,30888,41,,,1,100,,30890,41,,,1,97,,30887,41,,,1,100,,30889,41,,,1
37101,'Dimanche-10-_26ÉTÉ-0000001-',750,,32417,41,,,1,99,,32414,41,,,1,105,,32418,41,,,1,100,,32415,41,,,1,99,,32421,41,,,1,102,,32416,41,,,1,101,,32419,41,,,1,100,,32424,41,,,1,98,,32420,41,,,1,100,,32425,41,,,1,98,,32430,41,,,1,100,,32422,41,,,1,100,,32423,41,,,1,98,,32427,41,,,1,100,,32429,41,,,1,97,,32426,41,,,1,100,,32428,41,,,1
37101,'Semaine-1-_26ÉTÉ-1111100-',559,,26703,41,,,1,71,,26706,40,,,1,72,,26699,40,,,1,33,,26701,40,,,1,72,,26711,40,,,1,30,,26710,40,,,1,67,,26705,40,,,1,30,,26689,40,,,1,100,,26696,41,,,1,100,,26694,41,,,1,99,,26695,41,,,1,102,,26709,41,,,1,100,,26692,41,,,1,107,,26693,41,,,1,71,,26690,41,,,1,28,,26697,41,,,1,69,,26707,41,,,1,27,,26708,41,,,1,70,,26687,41,,,1,40,,26691,41,,,1,92,,26702,41,,,1,100,,26704,41,,,1,100,,26688,41,,,1,97,,26698,41,,,1,183,,26700,41,,,1
37101,'Semaine-10-_26ÉTÉ-1111100-',559,,30908,41,,,1,71,,30911,40,,,1,72,,30904,40,,,1,33,,30906,40,,,1,72,,30916,40,,,1,30,,30915,40,,,1,67,,30910,40,,,1,30,,30894,40,,,1,100,,30901,41,,,1,100,,30899,41,,,1,99,,30900,41,,,1,102,,30914,41,,,1,100,,30897,41,,,1,107,,30898,41,,,1,71,,30895,41,,,1,28,,30902,41,,,1,69,,30912,41,,,1,27,,30913,41,,,1,70,,30892,41,,,1,40,,30896,41,,,1,92,,30907,41,,,1,100,,30909,41,,,1,100,,30893,41,,,1,97,,30903,41,,,1,183,,30905,41,,,1
40001,'Samedi-0-_26ÉTÉ-0000010-',653,,31156,19,,,1,55,,31159,19,,,1,15,,31161,19,,,1,15,,31157,19,,,1,15,,31158,19,,,1,55,,31160,19,,,1,16,,31166,19,,,1,15,,31173,19,,,1,15,,31164,19,,,1,54,,31184,19,,,1,15,,31162,19,,,1,15,,31163,19,,,1,16,,31172,19,,,1,56,,31165,19,,,1,15,,31167,19,,,1,15,,31175,19,,,1,15,,31176,19,,,1,55,,31177,19,,,1,15,,31183,19,,,1,16,,31182,19,,,1,15,,31186,19,,,1,55,,31169,19,,,1,14,,31168,19,,,1,15,,31171,19,,,1,15,,31174,19,,,1,55,,31170,19,,,1,15,,31179,19,,,1,15,,31181,19,,,1,16,,31187,19,,,1,55,,31178,19,,,1,15,,31180,19,,,1,15,,31185,19,,,1,15,,31188,19,,,1,55,,31189,19,,,1,15,,31190,19,,,1,15,,31191,19,,,1,15,,31192,19,,,1,55,,31193,19,,,1,15,,31194,19,,,1,15,,31195,19,,,1,15,,31196,19,,,1,55,,31197,19,,,1,15,,31198,19,,,1,15,,31199,19,,,1,15,,31200,19,,,1,55,,31201,19,,,1,15,,31202,19,,,1,16,,31205,19,,,1,16,,31203,19,,,1,54,,31204,19,,,1,12,,31207,19,,,1,16,,31206,19,,,1,14,,31211,19,,,1,56,,31209,19,,,1,15,,31210,19,,,1,15,,31208,19,,,1,15,,31212,19,,,1,55,,31214,19,,,1,15,,31215,19,,,1,15,,31216,19,,,1,15,,31213,19,,,1,56,,31219,19,,,1,13,,31218,19,,,1,15,,31217,19,,,1,15,,31220,19,,,1,55,,31221,19,,,1,15,,31222,19,,,1,15,,31223,19,,,1,15,,31225,19,,,1,54,,31224,19,,,1,16,,31227,19,,,1,15,,31226,19,,,1,15,,31228,19,,,1
40001,'Dimanche-0-_26ÉTÉ-0000001-',653,,31229,19,,,1,55,,31232,19,,,1,15,,31240,19,,,1,15,,31245,19,,,1,15,,31230,19,,,1,55,,31235,19,,,1,16,,31241,19,,,1,15,,31251,19,,,1,15,,31231,19,,,1,54,,31233,19,,,1,15,,31239,19,,,1,15,,31244,19,,,1,16,,31247,19,,,1,56,,31236,19,,,1,15,,31260,19,,,1,15,,31252,19,,,1,15,,31242,19,,,1,55,,31253,19,,,1,15,,31256,19,,,1,16,,31265,19,,,1,15,,31234,19,,,1,55,,31262,19,,,1,14,,31261,19,,,1,15,,31263,19,,,1,15,,31243,19,,,1,55,,31237,19,,,1,15,,31266,19,,,1,15,,31264,19,,,1,16,,31249,19,,,1,55,,31246,19,,,1,15,,31254,19,,,1,15,,31259,19,,,1,15,,31270,19,,,1,55,,31238,19,,,1,15,,31267,19,,,1,15,,31257,19,,,1,15,,31250,19,,,1,55,,31248,19,,,1,15,,31255,19,,,1,15,,31258,19,,,1,15,,31277,19,,,1,55,,31281,19,,,1,15,,31273,19,,,1,15,,31290,19,,,1,15,,31269,19,,,1,55,,31284,19,,,1,15,,31274,19,,,1,16,,31291,19,,,1,16,,31278,19,,,1,54,,31282,19,,,1,12,,31297,19,,,1,16,,31289,19,,,1,14,,31268,19,,,1,56,,31283,19,,,1,15,,31288,19,,,1,15,,31292,19,,,1,15,,31271,19,,,1,55,,31276,19,,,1,15,,31280,19,,,1,15,,31286,19,,,1,15,,31301,19,,,1,56,,31294,19,,,1,13,,31287,19,,,1,15,,31296,19,,,1,15,,31299,19,,,1,55,,31275,19,,,1,15,,31279,19,,,1,15,,31285,19,,,1,15,,31300,19,,,1,54,,31293,19,,,1,16,,31272,19,,,1,15,,31295,19,,,1,15,,31298,19,,,1
40001,'Dimanche-10-_26ÉTÉ-0000001-',653,,32504,19,,,1,55,,32507,19,,,1,15,,32515,19,,,1,15,,32520,19,,,1,15,,32505,19,,,1,55,,32510,19,,,1,16,,32516,19,,,1,15,,32526,19,,,1,15,,32506,19,,,1,54,,32508,19,,,1,15,,32514,19,,,1,15,,32519,19,,,1,16,,32522,19,,,1,56,,32511,19,,,1,15,,32535,19,,,1,15,,32527,19,,,1,15,,32517,19,,,1,55,,32528,19,,,1,15,,32531,19,,,1,16,,32540,19,,,1,15,,32509,19,,,1,55,,32537,19,,,1,14,,32536,19,,,1,15,,32538,19,,,1,15,,32518,19,,,1,55,,32512,19,,,1,15,,32541,19,,,1,15,,32539,19,,,1,16,,32524,19,,,1,55,,32521,19,,,1,15,,32529,19,,,1,15,,32534,19,,,1,15,,32545,19,,,1,55,,32513,19,,,1,15,,32542,19,,,1,15,,32532,19,,,1,15,,32525,19,,,1,55,,32523,19,,,1,15,,32530,19,,,1,15,,32533,19,,,1,15,,32552,19,,,1,55,,32556,19,,,1,15,,32548,19,,,1,15,,32565,19,,,1,15,,32544,19,,,1,55,,32559,19,,,1,15,,32549,19,,,1,16,,32566,19,,,1,16,,32553,19,,,1,54,,32557,19,,,1,12,,32572,19,,,1,16,,32564,19,,,1,14,,32543,19,,,1,56,,32558,19,,,1,15,,32563,19,,,1,15,,32567,19,,,1,15,,32546,19,,,1,55,,32551,19,,,1,15,,32555,19,,,1,15,,32561,19,,,1,15,,32576,19,,,1,56,,32569,19,,,1,13,,32562,19,,,1,15,,32571,19,,,1,15,,32574,19,,,1,55,,32550,19,,,1,15,,32554,19,,,1,15,,32560,19,,,1,15,,32575,19,,,1,54,,32568,19,,,1,16,,32547,19,,,1,15,,32570,19,,,1,15,,32573,19,,,1
40001,'Semaine-1-_26ÉTÉ-1111100-',525,,26874,19,,,1,12,,26875,19,,,1,8,,26876,19,,,1,12,,26877,19,,,1,50,,26878,19,,,1,11,,26879,19,,,1,4,,26880,19,,,1,5,,26881,19,,,1,5,,26882,19,,,1,5,,26888,19,,,1,271,,26883,19,,,1,9,,26884,17,,,1,6,,26885,19,,,1,10,,26886,19,,,1,11,,26887,19,,,1,10,,26833,19,,,1,50,,26819,19,,,1,10,,26843,19,,,1,11,,26844,19,,,1,9,,26889,19,,,1,10,,26809,19,,,1,10,,26890,19,,,1,50,,26807,19,,,1,10,,26840,19,,,1,10,,26860,19,,,1,9,,26828,19,,,1,11,,26835,19,,,1,10,,26832,19,,,1,50,,26811,19,,,1,10,,26871,19,,,1,10,,26845,19,,,1,10,,26857,19,,,1,10,,26810,19,,,1,10,,26820,19,,,1,50,,26813,19,,,1,10,,26829,19,,,1,10,,26861,19,,,1,10,,26842,19,,,1,10,,26836,19,,,1,10,,26831,19,,,1,50,,26825,19,,,1,10,,26867,19,,,1,10,,26846,19,,,1,10,,26858,19,,,1,10,,26873,19,,,1,10,,26822,19,,,1,56,,26805,19,,,1,10,,26863,19,,,1,8,,26862,19,,,1,10,,26847,19,,,1,10,,26837,19,,,1,52,,26815,19,,,1,11,,26865,19,,,1,13,,26872,19,,,1,11,,26859,19,,,1,11,,26893,19,,,1,54,,26839,19,,,1,15,,26868,19,,,1,10,,26891,19,,,1,11,,26852,19,,,1,12,,26830,19,,,1,10,,26816,19,,,1,52,,26821,19,,,1,12,,26892,19,,,1,12,,26823,19,,,1,12,,26848,19,,,1,10,,26838,19,,,1,52,,26869,19,,,1,10,,26855,19,,,1,12,,26834,19,,,1,11,,26817,19,,,1,14,,26856,19,,,1,52,,26895,19,,,1,10,,26894,19,,,1,12,,26824,19,,,1,12,,26849,19,,,1,12,,26827,19,,,1,52,,26870,19,,,1,12,,26853,19,,,1,13,,26812,19,,,1,13,,26896,19,,,1,57,,26818,19,,,1,15,,26814,19,,,1,15,,26864,19,,,1,12,,26850,19,,,1,14,,26826,19,,,1,56,,26854,19,,,1,15,,26866,19,,,1,15,,26808,19,,,1,15,,26806,19,,,1,55,,26841,19,,,1,29,,26851,19,,,1
40001,'Semaine-10-_26ÉTÉ-1111100-',525,,31371,19,,,1,12,,31372,19,,,1,8,,31373,19,,,1,12,,31374,19,,,1,50,,31375,19,,,1,11,,31376,19,,,1,4,,31377,19,,,1,5,,31378,19,,,1,5,,31379,19,,,1,5,,31385,19,,,1,271,,31380,19,,,1,9,,31381,17,,,1,6,,31382,19,,,1,10,,31383,19,,,1,11,,31384,19,,,1,10,,31330,19,,,1,50,,31316,19,,,1,10,,31340,19,,,1,11,,31341,19,,,1,9,,31386,19,,,1,10,,31306,19,,,1,10,,31387,19,,,1,50,,31304,19,,,1,10,,31337,19,,,1,10,,31357,19,,,1,9,,31325,19,,,1,11,,31332,19,,,1,10,,31329,19,,,1,50,,31308,19,,,1,10,,31368,19,,,1,10,,31342,19,,,1,10,,31354,19,,,1,10,,31307,19,,,1,10,,31317,19,,,1,50,,31310,19,,,1,10,,31326,19,,,1,10,,31358,19,,,1,10,,31339,19,,,1,10,,31333,19,,,1,10,,31328,19,,,1,50,,31322,19,,,1,10,,31364,19,,,1,10,,31343,19,,,1,10,,31355,19,,,1,10,,31370,19,,,1,10,,31319,19,,,1,56,,31302,19,,,1,10,,31360,19,,,1,8,,31359,19,,,1,10,,31344,19,,,1,10,,31334,19,,,1,52,,31312,19,,,1,11,,31362,19,,,1,13,,31369,19,,,1,11,,31356,19,,,1,11,,31390,19,,,1,54,,31336,19,,,1,15,,31365,19,,,1,10,,31388,19,,,1,11,,31349,19,,,1,12,,31327,19,,,1,10,,31313,19,,,1,52,,31318,19,,,1,12,,31389,19,,,1,12,,31320,19,,,1,12,,31345,19,,,1,10,,31335,19,,,1,52,,31366,19,,,1,10,,31352,19,,,1,12,,31331,19,,,1,11,,31314,19,,,1,14,,31353,19,,,1,52,,31392,19,,,1,10,,31391,19,,,1,12,,31321,19,,,1,12,,31346,19,,,1,12,,31324,19,,,1,52,,31367,19,,,1,12,,31350,19,,,1,13,,31309,19,,,1,13,,31393,19,,,1,57,,31315,19,,,1,15,,31311,19,,,1,15,,31361,19,,,1,12,,31347,19,,,1,14,,31323,19,,,1,56,,31351,19,,,1,15,,31363,19,,,1,15,,31305,19,,,1,15,,31303,19,,,1,55,,31338,19,,,1,29,,31348,19,,,1
