4001,'Semaine-4',615,,33898,29,,,1,32,,33897,29,,,1,71,,33900,29,,,2,32,,33896,29,,,2,68,,33895,29,,,1,27,,33899,29,,,1
4101,'Semaine-4',638,,33908,20,,,1,72,,33909,20,,,2,31,,33910,20,,,2,69,,33907,20,,,1,30,,33906,20,,,1
4900,'Samedi-3',718,,33938,17,,,1,100,,33939,17,,,1,103,,33936,17,,,1,100,,33940,17,,,1,100,,33937,17,,,1,100,,33941,17,,,1,99,,33942,17,,,1,104,,33943,17,,,1,97,,33944,17,,,1,100,,33945,17,,,1,100,,33946,17,,,1,97,,33947,17,,,1,100,,33948,17,,,1,100,,33949,17,,,1,100,,33950,17,,,1,100,,33951,17,,,1,101,,33952,17,,,1
4900,'Dimanche-3',718,,33953,17,,,1,100,,33956,17,,,1,103,,33954,17,,,1,100,,33957,17,,,1,100,,33959,17,,,1,100,,33963,17,,,1,99,,33961,17,,,1,104,,33960,17,,,1,97,,33955,17,,,1,100,,33965,17,,,1,100,,33962,17,,,1,97,,33964,17,,,1,100,,33969,17,,,1,100,,33958,17,,,1,100,,33967,17,,,1,100,,33968,17,,,1,101,,33966,17,,,1
4900,'Semaine-4',637,,33997,17,,,1,9,,33992,4,,,1,5,,34004,4,,,1,3,,33980,4,,,1,3,,34008,17,,,1,2,,34003,4,,,1,43,,34005,4,,,1,1,,34007,4,,,1,5,,34006,4,,,1,15,,34000,17,,,1,32,,34001,17,,,1,47,,33996,4,,,1,30,,33995,17,,,1,72,,33990,17,,,1,32,,33982,17,,,1,71,,34002,17,,,1,32,,33998,17,,,1,70,,33993,17,,,1,30,,33970,17,,,1,70,,33991,17,,,1,30,,33972,17,,,1,70,,33977,17,,,1,30,,33979,17,,,1,70,,33983,17,,,1,31,,33999,17,,,1,71,,33981,17,,,1,30,,33984,17,,,1,70,,33975,17,,,1,30,,33987,17,,,1,70,,33978,17,,,1,30,,33976,17,,,1,70,,33994,17,,,1,28,,33988,17,,,1,100,,33971,17,,,1,100,,33989,17,,,1,100,,33986,17,,,1,98,,33973,17,,,1,98,,33985,17,,,1,100,,33974,17,,,1
5501,'Samedi-3',703,,34319,27,,,1,30,,34322,27,,,1,70,,34321,27,,,1,30,,34331,27,,,1,70,,34320,27,,,1,30,,34323,27,,,1,70,,34324,27,,,1,30,,34330,27,,,1,72,,34326,27,,,1,30,,34327,27,,,1,71,,34325,27,,,1,28,,34333,27,,,1,70,,34332,27,,,1,30,,34328,27,,,1,70,,34329,27,,,1,30,,34334,27,,,1,70,,34335,27,,,1,30,,34336,27,,,1,70,,34337,27,,,1,30,,34338,27,,,1,70,,34339,27,,,1,30,,34340,27,,,1,70,,34341,27,,,1,29,,34342,27,,,1,70,,34343,27,,,1,30,,34344,27,,,1,70,,34345,27,,,1,29,,34346,27,,,1,70,,34347,27,,,1,30,,34349,27,,,1,69,,34348,27,,,1,32,,34351,27,,,1,68,,34350,27,,,1
5501,'Dimanche-3',703,,34353,27,,,1,30,,34358,27,,,1,70,,34354,27,,,1,30,,34362,27,,,1,70,,34365,27,,,1,30,,34357,27,,,1,70,,34369,27,,,1,30,,34363,27,,,1,72,,34364,27,,,1,30,,34355,27,,,1,71,,34352,27,,,1,28,,34359,27,,,1,70,,34366,27,,,1,30,,34356,27,,,1,70,,34367,27,,,1,30,,34361,27,,,1,70,,34360,27,,,1,30,,34370,27,,,1,70,,34374,27,,,1,30,,34368,27,,,1,70,,34371,27,,,1,30,,34381,27,,,1,70,,34378,27,,,1,29,,34383,27,,,1,70,,34384,27,,,1,30,,34372,27,,,1,70,,34375,27,,,1,29,,34373,27,,,1,70,,34376,27,,,1,30,,34377,27,,,1,69,,34380,27,,,1,31,,34382,27,,,1,69,,34379,27,,,1
5501,'Semaine-4',521,,34398,27,,,1,14,,34405,27,,,1,15,,34404,27,,,1,56,,34388,27,,,1,15,,34426,27,,,1,20,,34425,27,,,1,9,,34385,27,,,1,52,,34430,27,,,1,15,,34411,27,,,1,13,,34419,27,,,1,15,,34389,27,,,1,10,,34393,27,,,1,52,,34391,27,,,1,9,,34420,27,,,1,6,,34422,27,,,1,13,,34399,27,,,1,71,,34403,27,,,1,10,,34390,27,,,1,11,,34424,27,,,1,30,,34417,27,,,1,71,,34421,27,,,1,28,,34387,27,,,1,70,,34394,27,,,1,31,,34407,27,,,1,69,,34418,27,,,1,30,,34414,27,,,1,70,,34395,27,,,1,30,,34427,27,,,1,70,,34386,27,,,1,31,,34392,27,,,1,88,,34396,27,,,1,99,,34401,27,,,1,100,,34406,27,,,1,102,,34423,27,,,1,60,,34412,27,,,1,30,,34400,27,,,1,72,,34416,27,,,1,30,,34409,27,,,1,70,,34428,27,,,1,30,,34402,27,,,1,70,,34408,27,,,1,31,,34410,27,,,1,70,,34397,27,,,1,30,,34415,27,,,1,70,,34413,27,,,1
5801,'Semaine-4',558,,34457,15,,,1,71,,34461,15,,,1,30,,34459,15,,,1,70,,34458,15,,,2,30,,34455,15,,,1,70,,34460,15,,,1,800,,34456,15,,,1
5901,'Samedi-3',715,,34577,16,,,1,30,,34584,16,,,1,71,,34581,16,,,1,30,,34586,16,,,1,70,,34578,16,,,1,30,,34583,16,,,1,70,,34582,16,,,1,30,,34585,16,,,1,70,,34589,16,,,1,30,,34590,16,,,1,70,,34579,16,,,1,30,,34580,16,,,1,70,,34588,16,,,1,30,,34587,16,,,1,70,,34591,16,,,1,30,,34592,16,,,1,70,,34593,16,,,1,30,,34594,16,,,1,70,,34595,16,,,1,30,,34596,16,,,1,70,,34597,16,,,1,30,,34598,16,,,1,70,,34599,16,,,1,29,,34600,16,,,1,70,,34601,16,,,1,30,,34603,16,,,1,70,,34602,16,,,1,30,,34604,16,,,1,70,,34605,16,,,1,30,,34606,16,,,1,70,,34608,16,,,1,29,,34607,16,,,1
5901,'Dimanche-3',715,,34615,16,,,1,30,,34618,16,,,1,71,,34620,16,,,1,30,,34611,16,,,1,70,,34614,16,,,1,30,,34617,16,,,1,70,,34621,16,,,1,30,,34609,16,,,1,70,,34612,16,,,1,30,,34626,16,,,1,70,,34619,16,,,1,30,,34610,16,,,1,70,,34613,16,,,1,30,,34616,16,,,1,70,,34623,16,,,1,30,,34622,16,,,1,70,,34625,16,,,1,30,,34627,16,,,1,70,,34624,16,,,1,30,,34633,16,,,1,70,,34634,16,,,1,30,,34630,16,,,1,70,,34629,16,,,1,29,,34639,16,,,1,70,,34636,16,,,1,30,,34637,16,,,1,70,,34628,16,,,1,30,,34631,16,,,1,70,,34635,16,,,1,30,,34632,16,,,1,70,,34638,16,,,1,29,,34640,16,,,1
5901,'Semaine-4',514,,34645,16,,,1,13,,34681,16,,,1,16,,34654,16,,,1,15,,34675,16,,,1,55,,34655,16,,,1,15,,34644,16,,,1,6,,34646,16,,,1,20,,34649,16,,,1,66,,34652,16,,,1,18,,34653,16,,,1,14,,34648,16,,,1,50,,34677,16,,,1,8,,34663,16,,,1,10,,34668,16,,,1,13,,34642,16,,,1,12,,34658,16,,,1,13,,34643,16,,,1,52,,34661,16,,,1,32,,34687,16,,,1,70,,34682,16,,,1,30,,34669,16,,,1,70,,34651,16,,,1,30,,34662,16,,,1,70,,34665,16,,,1,30,,34650,16,,,1,71,,34679,16,,,1,29,,34641,16,,,1,70,,34683,16,,,1,30,,34673,16,,,1,74,,34676,16,,,1,100,,34680,16,,,1,100,,34660,16,,,1,99,,34667,16,,,1,38,,34672,16,,,1,70,,34659,16,,,1,30,,34666,16,,,1,70,,34671,16,,,1,30,,34678,16,,,1,70,,34656,16,,,1,30,,34674,16,,,1,71,,34664,16,,,1,30,,34647,16,,,1,70,,34657,16,,,1,30,,34670,16,,,1
65501,'Semaine-4',1512,,37125,15,0,9 10,1
74001,'Semaine-4',818,,37134,30,0,5 11,1,2,,37135,30,0,5 11,1
75201,'Semaine-4',1501,,37138,2,0,9 18,1
75400,'Semaine-4',1500,,37140,2,0,9 18,1
80000,'Samedi-3',721,,37142,20,,,2,100,,37143,20,,,1,100,,37144,20,,,2,101,,37146,20,,,1,100,,37147,20,,,2,100,,37145,20,,,2,100,,37148,20,,,1,100,,37149,20,,,2,100,,37150,20,,,1,100,,37151,20,,,1,100,,37152,20,,,2,100,,37153,20,,,1,100,,37156,20,,,1,99,,37154,20,,,1,100,,37155,20,,,2,99,,37157,20,,,1,100,,37158,20,,,1
80000,'Dimanche-3',721,,37163,20,,,2,100,,37159,20,,,1,100,,37164,20,,,2,101,,37160,20,,,1,100,,37161,20,,,2,100,,37165,20,,,2,100,,37162,20,,,1,100,,37167,20,,,2,100,,37166,20,,,1,100,,37168,20,,,1,100,,37171,20,,,2,100,,37169,20,,,1,100,,37170,20,,,1,99,,37172,20,,,1,100,,37173,20,,,2,99,,37175,20,,,1,100,,37174,20,,,1
80000,'Semaine-4',558,,37207,20,,,1,70,,37189,20,,,1,30,,37179,20,,,1,54,,37182,20,,,1,16,,37202,20,,,1,73,,37190,20,,,1,19,,37178,20,,,1,26,,37204,20,,,1,70,,37181,20,,,2,30,,37199,20,,,1,70,,37193,20,,,1,31,,37211,20,,,1,70,,37180,20,,,1,30,,37197,20,,,2,70,,37195,20,,,1,30,,37210,20,,,1,70,,37192,20,,,1,30,,37205,20,,,1,70,,37194,20,,,1,30,,37201,20,,,1,72,,37200,20,,,2,31,,37196,20,,,1,70,,37208,20,,,2,31,,37183,20,,,1,67,,37191,20,,,1,29,,37185,20,,,1,71,,37206,20,,,1,29,,37184,20,,,1,70,,37188,20,,,1,30,,37176,20,,,1,70,,37209,20,,,1,29,,37186,20,,,1,69,,37187,20,,,1,30,,37203,20,,,1,70,,37177,20,,,1,29,,37198,20,,,1
