4200,'Semaine-1-_26ÉTÉ-1111100-',620,,39617,7,,,1,101,,39618,7,,,1,901,,39619,7,,,1,100,,39620,7,,,1
4200,'Semaine-10-_26ÉTÉ-1111100-',620,,39621,7,,,1,101,,39622,7,,,1,901,,39623,7,,,1,100,,39624,7,,,1
4200,'Semaine-11-_26ÉTÉ-1111100-',620,,46369,7,,,1,101,,46370,7,,,1,901,,46371,7,,,1,100,,46372,7,,,1
5201,'Samedi-0-_26ÉTÉ-0000010-',709,,39999,60,,,2,100,,40000,60,,,1,100,,40001,60,,,2,100,,40002,60,,,1,102,,40004,60,,,1,100,,40003,60,,,1,100,,40005,60,,,2,100,,40006,60,,,1,101,,40007,60,,,2,99,,40008,60,,,1,100,,40009,60,,,1,100,,40010,60,,,1,99,,40013,60,,,1,100,,40011,60,,,1,96,,40015,60,,,2,101,,40012,60,,,1,100,,40014,60,,,1,100,,40016,60,,,1
5201,'Samedi-10-_26ÉTÉ-0000010-',709,,46534,60,,,2,100,,46535,60,,,1,100,,46536,60,,,2,100,,46537,60,,,1,102,,46539,60,,,1,100,,46538,60,,,1,100,,46540,60,,,2,100,,46541,60,,,1,101,,46542,60,,,2,99,,46543,60,,,1,100,,46544,60,,,1,100,,46545,60,,,1,99,,46548,60,,,1,100,,46546,60,,,1,96,,46550,60,,,2,101,,46547,60,,,1,100,,46549,60,,,1,100,,46551,60,,,1
5201,'Dimanche-0-_26ÉTÉ-0000001-',709,,40017,60,,,2,100,,40018,60,,,1,100,,40019,60,,,2,100,,40020,60,,,1,102,,40025,60,,,1,100,,40021,60,,,1,100,,40022,60,,,2,100,,40026,60,,,1,101,,40023,60,,,2,99,,40024,60,,,1,100,,40027,60,,,1,100,,40030,60,,,1,99,,40028,60,,,1,100,,40034,60,,,1,96,,40029,60,,,2,101,,40031,60,,,1,100,,40032,60,,,1,100,,40033,60,,,1
5201,'Dimanche-10-_26ÉTÉ-0000001-',709,,40035,60,,,2,100,,40036,60,,,1,100,,40037,60,,,2,100,,40038,60,,,1,102,,40043,60,,,1,100,,40039,60,,,1,100,,40040,60,,,2,100,,40044,60,,,1,101,,40041,60,,,2,99,,40042,60,,,1,100,,40045,60,,,1,100,,40048,60,,,1,99,,40046,60,,,1,100,,40052,60,,,1,96,,40047,60,,,2,101,,40049,60,,,1,100,,40050,60,,,1,100,,40051,60,,,1
5201,'Semaine-1-_26ÉTÉ-1111100-',642,,40068,60,,,1,104,,40070,60,,,1,99,,40069,60,,,1,100,,40053,60,,,1,101,,40059,60,,,1,100,,40056,60,,,2,100,,40063,60,,,1,100,,40054,60,,,1,100,,40058,60,,,1,103,,40057,60,,,1,100,,40067,60,,,1,98,,40066,60,,,1,98,,40060,60,,,1,96,,40061,60,,,1,100,,40065,60,,,1,100,,40062,60,,,1,100,,40064,60,,,1,100,,40055,60,,,1
5201,'Semaine-10-_26ÉTÉ-1111100-',642,,40086,60,,,1,104,,40088,60,,,1,99,,40087,60,,,1,100,,40071,60,,,1,101,,40077,60,,,1,100,,40074,60,,,2,100,,40081,60,,,1,100,,40072,60,,,1,100,,40076,60,,,1,103,,40075,60,,,1,100,,40085,60,,,1,98,,40084,60,,,1,98,,40078,60,,,1,96,,40079,60,,,1,100,,40083,60,,,1,100,,40080,60,,,1,100,,40082,60,,,1,100,,40073,60,,,1
5201,'Semaine-11-_26ÉTÉ-1111100-',642,,46567,60,,,1,104,,46569,60,,,1,99,,46568,60,,,1,100,,46552,60,,,1,101,,46558,60,,,1,100,,46555,60,,,2,100,,46562,60,,,1,100,,46553,60,,,1,100,,46557,60,,,1,103,,46556,60,,,1,100,,46566,60,,,1,98,,46565,60,,,1,98,,46559,60,,,1,96,,46560,60,,,1,100,,46564,60,,,1,100,,46561,60,,,1,100,,46563,60,,,1,100,,46554,60,,,1
