2700,'Semaine-1-_26ÉTÉ-1111100-',1606,,37405,19,,,1,30,,37403,19,,,2,67,,37407,19,,,1,31,,37404,19,,,1,68,,37406,19,,,2
2700,'Semaine-10-_26ÉTÉ-1111100-',1606,,37410,19,,,1,30,,37408,19,,,2,67,,37412,19,,,1,31,,37409,19,,,1,68,,37411,19,,,2
2700,'Semaine-11-_26ÉTÉ-1111100-',1606,,45408,19,,,1,30,,45406,19,,,2,67,,45410,19,,,1,31,,45407,19,,,1,68,,45409,19,,,2
2700,'Semaine-12-_26ÉTÉ-1111100-',1606,,52416,19,,,1,30,,52414,19,,,2,67,,52418,19,,,1,31,,52415,19,,,1,68,,52417,19,,,2
2700,'Semaine-5-_26ÉTÉ-1111100-',1606,,49979,19,,,1,30,,49977,19,,,2,67,,49981,19,,,1,31,,49978,19,,,1,68,,49980,19,,,2
3900,'Samedi-0-_26ÉTÉ-0000010-',712,,39287,48,,,1,101,,39288,48,,,1,100,,39292,48,,,1,102,,39291,48,,,1,100,,39294,48,,,1,98,,39293,48,,,1,104,,39289,48,,,1,30,,39290,48,,,1,70,,39295,48,,,1,31,,39296,48,,,2,70,,39297,48,,,1,30,,39298,48,,,1,71,,39299,48,,,2,30,,39300,48,,,1,70,,39301,48,,,1,30,,39302,48,,,1,67,,39303,48,,,1,29,,39304,48,,,1,69,,39305,48,,,1,30,,39306,48,,,1,100,,39307,48,,,1,100,,39308,48,,,1,100,,39309,48,,,1,97,,39310,48,,,1
3900,'Dimanche-0-_26ÉTÉ-0000001-',712,,39311,48,,,1,101,,39318,48,,,1,100,,39312,48,,,1,102,,39314,48,,,1,100,,39320,48,,,1,98,,39313,48,,,1,104,,39319,48,,,1,30,,39315,48,,,1,70,,39316,48,,,1,31,,39321,48,,,2,70,,39323,48,,,1,30,,39317,48,,,1,71,,39322,48,,,2,30,,39324,48,,,1,70,,39325,48,,,1,30,,39331,48,,,1,67,,39332,48,,,1,29,,39334,48,,,1,69,,39330,48,,,1,30,,39328,48,,,1,100,,39329,48,,,1,100,,39333,48,,,1,100,,39326,48,,,1,97,,39327,48,,,1
3900,'Dimanche-10-_26ÉTÉ-0000001-',712,,39335,48,,,1,101,,39342,48,,,1,100,,39336,48,,,1,102,,39338,48,,,1,100,,39344,48,,,1,98,,39337,48,,,1,104,,39343,48,,,1,30,,39339,48,,,1,70,,39340,48,,,1,31,,39345,48,,,2,70,,39347,48,,,1,30,,39341,48,,,1,71,,39346,48,,,2,30,,39348,48,,,1,70,,39349,48,,,1,30,,39355,48,,,1,67,,39356,48,,,1,29,,39358,48,,,1,69,,39354,48,,,1,30,,39352,48,,,1,100,,39353,48,,,1,100,,39357,48,,,1,100,,39350,48,,,1,97,,39351,48,,,1
3900,'Dimanche-11-_26ÉTÉ-0000001-',712,,49088,48,,,1,101,,49095,48,,,1,100,,49089,48,,,1,102,,49091,48,,,1,100,,49097,48,,,1,98,,49090,48,,,1,104,,49096,48,,,1,30,,49092,48,,,1,70,,49093,48,,,1,31,,49098,48,,,2,70,,49100,48,,,1,30,,49094,48,,,1,71,,49099,48,,,2,30,,49101,48,,,1,70,,49102,48,,,1,30,,49108,48,,,1,67,,49109,48,,,1,29,,49111,48,,,1,69,,49107,48,,,1,30,,49105,48,,,1,100,,49106,48,,,1,100,,49110,48,,,1,100,,49103,48,,,1,97,,49104,48,,,1
3900,'Semaine-1-_26ÉTÉ-1111100-',650,,39376,48,,,2,68,,39362,48,,,1,34,,39381,48,,,2,68,,39374,48,,,1,30,,39375,48,,,1,69,,39373,48,,,1,32,,39370,48,,,1,70,,39387,48,,,1,30,,39382,48,,,1,71,,39394,48,,,1,30,,39379,48,,,2,71,,39383,48,,,1,29,,39371,48,,,1,72,,39369,48,,,2,29,,39384,48,,,1,69,,39372,48,,,1,30,,39359,48,,,2,74,,39385,48,,,1,33,,39366,48,,,2,70,,39368,48,,,1,71,,39386,48,,,2,34,,39365,48,,,1,67,,39360,48,,,1,30,,39388,48,,,1,23,,39367,48,,,1,71,,39361,48,,,1,29,,39389,48,,,2,72,,39364,48,,,1,25,,39380,48,,,2,65,,39390,48,,,1,30,,39363,48,,,1,70,,39378,48,,,1,30,,39391,48,,,1,70,,39377,48,,,1,30,,39393,48,,,1,70,,39392,48,,,1
3900,'Semaine-10-_26ÉTÉ-1111100-',650,,39412,48,,,2,68,,39398,48,,,1,34,,39417,48,,,2,68,,39410,48,,,1,30,,39411,48,,,1,69,,39409,48,,,1,32,,39406,48,,,1,70,,39423,48,,,1,30,,39418,48,,,1,71,,39430,48,,,1,30,,39415,48,,,2,71,,39419,48,,,1,29,,39407,48,,,1,72,,39405,48,,,2,29,,39420,48,,,1,69,,39408,48,,,1,30,,39395,48,,,2,74,,39421,48,,,1,33,,39402,48,,,2,70,,39404,48,,,1,71,,39422,48,,,2,34,,39401,48,,,1,67,,39396,48,,,1,30,,39424,48,,,1,23,,39403,48,,,1,71,,39397,48,,,1,29,,39425,48,,,2,72,,39400,48,,,1,25,,39416,48,,,2,65,,39426,48,,,1,30,,39399,48,,,1,70,,39414,48,,,1,30,,39427,48,,,1,70,,39413,48,,,1,30,,39429,48,,,1,70,,39428,48,,,1
3900,'Semaine-11-_26ÉTÉ-1111100-',650,,46269,48,,,2,68,,46255,48,,,1,34,,46274,48,,,2,68,,46267,48,,,1,30,,46268,48,,,1,69,,46266,48,,,1,32,,46263,48,,,1,70,,46280,48,,,1,30,,46275,48,,,1,71,,46287,48,,,1,30,,46272,48,,,2,71,,46276,48,,,1,29,,46264,48,,,1,72,,46262,48,,,2,29,,46277,48,,,1,69,,46265,48,,,1,30,,46252,48,,,2,74,,46278,48,,,1,33,,46259,48,,,2,70,,46261,48,,,1,71,,46279,48,,,2,34,,46258,48,,,1,67,,46253,48,,,1,30,,46281,48,,,1,23,,46260,48,,,1,71,,46254,48,,,1,29,,46282,48,,,2,72,,46257,48,,,1,25,,46273,48,,,2,65,,46283,48,,,1,30,,46256,48,,,1,70,,46271,48,,,1,30,,46284,48,,,1,70,,46270,48,,,1,30,,46286,48,,,1,70,,46285,48,,,1
3900,'Semaine-12-_26ÉTÉ-1111100-',650,,53013,48,,,2,68,,52999,48,,,1,34,,53018,48,,,2,68,,53011,48,,,1,30,,53012,48,,,1,69,,53010,48,,,1,32,,53007,48,,,1,70,,53024,48,,,1,30,,53019,48,,,1,71,,53031,48,,,1,30,,53016,48,,,2,71,,53020,48,,,1,29,,53008,48,,,1,72,,53006,48,,,2,29,,53021,48,,,1,69,,53009,48,,,1,30,,52996,48,,,2,74,,53022,48,,,1,33,,53003,48,,,2,70,,53005,48,,,1,71,,53023,48,,,2,34,,53002,48,,,1,67,,52997,48,,,1,30,,53025,48,,,1,23,,53004,48,,,1,71,,52998,48,,,1,29,,53026,48,,,2,72,,53001,48,,,1,25,,53017,48,,,2,65,,53027,48,,,1,30,,53000,48,,,1,70,,53015,48,,,1,30,,53028,48,,,1,70,,53014,48,,,1,30,,53030,48,,,1,70,,53029,48,,,1
3900,'Semaine-5-_26ÉTÉ-1111100-',650,,50577,48,,,2,68,,50563,48,,,1,34,,50582,48,,,2,68,,50575,48,,,1,30,,50576,48,,,1,69,,50574,48,,,1,32,,50571,48,,,1,70,,50588,48,,,1,30,,50583,48,,,1,71,,50595,48,,,1,30,,50580,48,,,2,71,,50584,48,,,1,29,,50572,48,,,1,72,,50570,48,,,2,29,,50585,48,,,1,69,,50573,48,,,1,30,,50560,48,,,2,74,,50586,48,,,1,33,,50567,48,,,2,70,,50569,48,,,1,71,,50587,48,,,2,34,,50566,48,,,1,67,,50561,48,,,1,30,,50589,48,,,1,23,,50568,48,,,1,71,,50562,48,,,1,29,,50590,48,,,2,72,,50565,48,,,1,25,,50581,48,,,2,65,,50591,48,,,1,30,,50564,48,,,1,70,,50579,48,,,1,30,,50592,48,,,1,70,,50578,48,,,1,30,,50594,48,,,1,70,,50593,48,,,1
