1801,'Semaine-4',624,,32617,9,,,1,86,,32619,9,,,1,45,,32618,9,,,1
2001,'Semaine-4',1541,,32623,14,,,1,101,,32624,14,,,1,100,,32625,14,,,1
9301,'Semaine-4',640,,36237,47,,,1,60,,36235,47,,,1,23,,36234,47,,,1,34,,36238,47,,,2,70,,36236,47,,,1
9501,'Semaine-4',633,,36254,61,,,2,15,,36250,61,,,1,53,,36252,61,,,1,20,,36257,61,,,2,17,,36253,61,,,2,16,,36255,61,,,1,55,,36256,61,,,2,16,,36251,61,,,2
10001,'Semaine-4',625,,36384,9,,,1,10,,36382,9,,,1,10,,36381,9,,,1,10,,36380,9,,,1,49,,36383,9,,,1,11,,36385,9,,,1,10,,36386,9,,,1,10,,36387,9,,,1,10,,36388,9,,,1,10,,36389,9,,,1,50,,36390,9,,,1,10,,36391,9,,,1,10,,36392,9,,,1,10,,36393,9,,,1,10,,36394,9,,,1
20001,'Semaine-4',626,,36426,7,,,1,3,,36427,9,,,1,10,,36428,7,,,1,2,,36429,9,,,1,7,,36430,7,,,1,7,,36452,9,,,1,45,,36431,7,,,1,7,,36432,9,,,1,5,,36449,7,,,1,5,,36433,9,,,1,6,,36448,7,,,1,4,,36435,9,,,1,4,,36444,7,,,1,3,,36434,7,,,1,3,,36425,9,,,1,4,,36451,7,,,1,3,,36440,7,,,1,3,,36436,9,,,1,4,,36438,7,,,1,4,,36450,7,,,1,2,,36437,9,,,1,49,,36441,7,,,1,5,,36439,9,,,1,1,,36443,7,,,1,7,,36442,9,,,1,6,,36453,7,,,1,7,,36445,9,,,1,6,,36446,7,,,1,3,,36447,9,,,1,6,,36454,7,,,1
40001,'Samedi-3',636,,36828,9,,,1,15,,36831,9,,,1,55,,36833,9,,,1,15,,36829,9,,,1,15,,36830,9,,,1,15,,36832,9,,,1,56,,36838,9,,,1,15,,36845,9,,,1,15,,36836,9,,,1,14,,36856,9,,,1,55,,36834,9,,,1,14,,36835,9,,,1,15,,36844,9,,,1,16,,36837,9,,,1,55,,36839,9,,,1,15,,36847,9,,,1,15,,36848,9,,,1,15,,36849,9,,,1,55,,36855,9,,,1,16,,36854,9,,,1,15,,36858,9,,,1,15,,36841,9,,,1,53,,36840,9,,,1,15,,36843,9,,,1,15,,36846,9,,,1,15,,36842,9,,,1,55,,36851,9,,,1,15,,36853,9,,,1,16,,36859,9,,,1,15,,36850,9,,,1,55,,36852,9,,,1,15,,36857,9,,,1,15,,36860,9,,,1,15,,36861,9,,,1,55,,36862,9,,,1,15,,36863,9,,,1,15,,36864,9,,,1,15,,36865,9,,,1,55,,36866,9,,,1,15,,36867,9,,,1,15,,36868,9,,,1,15,,36869,9,,,1,55,,36870,9,,,1,15,,36871,9,,,1,15,,36872,9,,,1,15,,36873,9,,,1,55,,36874,9,,,1,16,,36877,9,,,1,18,,36875,9,,,1,14,,36876,9,,,1,52,,36879,9,,,1,16,,36878,9,,,1,14,,36883,9,,,1,16,,36881,9,,,1,55,,36882,9,,,1,15,,36880,9,,,1,15,,36884,9,,,1,15,,36886,9,,,1,55,,36887,9,,,1,15,,36888,9,,,1,15,,36885,9,,,1,16,,36891,9,,,1,53,,36890,9,,,1,15,,36889,9,,,1,15,,36892,9,,,1,15,,36893,9,,,1,55,,36894,9,,,1,15,,36895,9,,,1,14,,36897,9,,,1,15,,36896,9,,,1,56,,36899,9,,,1,15,,36898,9,,,1,15,,36900,9,,,1
40001,'Dimanche-3',636,,36901,9,,,1,15,,36904,9,,,1,55,,36912,9,,,1,15,,36917,9,,,1,15,,36902,9,,,1,15,,36907,9,,,1,56,,36913,9,,,1,15,,36923,9,,,1,15,,36903,9,,,1,14,,36905,9,,,1,55,,36911,9,,,1,14,,36916,9,,,1,15,,36919,9,,,1,16,,36908,9,,,1,55,,36932,9,,,1,15,,36924,9,,,1,15,,36914,9,,,1,15,,36925,9,,,1,55,,36928,9,,,1,16,,36937,9,,,1,15,,36906,9,,,1,15,,36934,9,,,1,53,,36933,9,,,1,15,,36935,9,,,1,15,,36915,9,,,1,15,,36909,9,,,1,55,,36938,9,,,1,15,,36936,9,,,1,16,,36921,9,,,1,15,,36918,9,,,1,55,,36926,9,,,1,15,,36931,9,,,1,15,,36942,9,,,1,15,,36910,9,,,1,55,,36939,9,,,1,15,,36929,9,,,1,15,,36922,9,,,1,15,,36920,9,,,1,55,,36927,9,,,1,15,,36930,9,,,1,15,,36949,9,,,1,15,,36953,9,,,1,55,,36945,9,,,1,15,,36962,9,,,1,15,,36941,9,,,1,15,,36956,9,,,1,55,,36946,9,,,1,16,,36963,9,,,1,18,,36950,9,,,1,14,,36954,9,,,1,52,,36969,9,,,1,16,,36961,9,,,1,14,,36940,9,,,1,16,,36955,9,,,1,55,,36960,9,,,1,15,,36964,9,,,1,15,,36943,9,,,1,15,,36948,9,,,1,55,,36952,9,,,1,15,,36958,9,,,1,15,,36973,9,,,1,15,,36966,9,,,1,54,,36959,9,,,1,15,,36968,9,,,1,15,,36971,9,,,1,15,,36947,9,,,1,55,,36951,9,,,1,15,,36957,9,,,1,15,,36972,9,,,1,14,,36965,9,,,1,56,,36944,9,,,1,15,,36967,9,,,1,15,,36970,9,,,1
40001,'Semaine-4',509,,37044,9,,,1,10,,37045,9,,,1,10,,37046,9,,,1,10,,37047,9,,,1,10,,37048,9,,,1,10,,37049,9,,,1,45,,37050,9,,,1,5,,37051,9,,,1,5,,37052,9,,,1,5,,37058,9,,,1,232,,37053,9,,,1,8,,37054,7,,,1,46,,37055,9,,,1,10,,37056,9,,,1,11,,37057,9,,,1,10,,37003,9,,,1,10,,36988,9,,,1,10,,37013,9,,,1,50,,37014,9,,,1,10,,37060,9,,,1,10,,36978,9,,,1,12,,37061,9,,,1,9,,36976,9,,,1,12,,37010,9,,,1,48,,37030,9,,,1,10,,36997,9,,,1,9,,37005,9,,,1,11,,37002,9,,,1,10,,36980,9,,,1,10,,37041,9,,,1,50,,37015,9,,,1,10,,37027,9,,,1,10,,36979,9,,,1,10,,36989,9,,,1,10,,36982,9,,,1,10,,36998,9,,,1,50,,37031,9,,,1,10,,37012,9,,,1,10,,37006,9,,,1,13,,37001,9,,,1,7,,36994,9,,,1,10,,37037,9,,,1,49,,37016,9,,,1,10,,37028,9,,,1,10,,37043,9,,,1,10,,36991,9,,,1,11,,36974,9,,,1,10,,37033,9,,,1,49,,37032,9,,,1,10,,37017,9,,,1,10,,37007,9,,,1,5,,36999,5,,,1,7,,36984,9,,,1,12,,37035,9,,,1,53,,37042,9,,,1,5,,37059,5,,,1,9,,37029,9,,,1,9,,37064,9,,,1,12,,37009,9,,,1,12,,37038,9,,,1,52,,37062,9,,,1,12,,37022,9,,,1,13,,37000,9,,,1,11,,36985,9,,,1,12,,36990,9,,,1,52,,37063,9,,,1,12,,36992,9,,,1,12,,37018,9,,,1,12,,37008,9,,,1,11,,37039,9,,,1,52,,37025,9,,,1,15,,37004,9,,,1,10,,36986,9,,,1,11,,37026,9,,,1,12,,37066,9,,,1,10,,37065,9,,,1,52,,36993,9,,,1,12,,37019,9,,,1,12,,36996,9,,,1,12,,37040,9,,,1,12,,37023,9,,,1,53,,36981,9,,,1,15,,37067,9,,,1,15,,36987,9,,,1,15,,36983,9,,,1,55,,37034,9,,,1,15,,37020,9,,,1,13,,36995,9,,,1,17,,37024,9,,,1,55,,37036,9,,,1,15,,36977,9,,,1,15,,36975,9,,,1,15,,37011,9,,,1,70,,37021,9,,,1
57601,'Semaine-4',729,,37108,26,0,5 6,1
80001,'Samedi-3',622,,37212,9,,,1,100,,37214,9,,,1,99,,37215,9,,,2,100,,37218,9,,,1,101,,37213,9,,,2,100,,37216,9,,,1,99,,37219,9,,,1,99,,37217,9,,,2,100,,37220,9,,,1,100,,37221,9,,,1,100,,37222,9,,,2,99,,37223,9,,,1,98,,37226,9,,,1,101,,37224,9,,,1,100,,37225,9,,,2,100,,37227,9,,,1,103,,37228,9,,,1
80001,'Dimanche-3',622,,37229,9,,,1,100,,37230,9,,,1,99,,37234,9,,,2,100,,37231,9,,,1,101,,37235,9,,,2,100,,37232,9,,,1,99,,37233,9,,,1,99,,37237,9,,,2,100,,37236,9,,,1,100,,37238,9,,,1,100,,37240,9,,,2,99,,37241,9,,,1,98,,37242,9,,,1,101,,37239,9,,,1,100,,37243,9,,,2,100,,37244,9,,,1,103,,37245,9,,,1
80001,'Semaine-4',609,,37268,9,,,1,31,,37254,9,,,1,69,,37274,9,,,2,31,,37258,9,,,1,70,,37248,9,,,1,29,,37265,9,,,1,70,,37262,9,,,1,32,,37270,9,,,1,70,,37275,9,,,1,30,,37261,9,,,2,70,,37269,9,,,1,30,,37251,9,,,1,70,,37279,9,,,1,31,,37278,9,,,1,69,,37249,9,,,1,30,,37272,9,,,1,70,,37260,9,,,2,30,,37266,9,,,1,72,,37276,9,,,2,30,,37263,9,,,1,15,,37273,9,,,1,55,,37280,9,,,1,30,,37271,9,,,2,70,,37264,9,,,1,30,,37252,9,,,2,69,,37256,9,,,1,29,,37246,9,,,1,70,,37277,9,,,1,30,,37253,9,,,1,69,,37255,9,,,1,28,,37259,9,,,1,72,,37247,9,,,1,30,,37267,9,,,1,70,,37250,9,,,1,30,,37257,9,,,1
