2701,'Semaine-1-_26ÉTÉ-1111100-',625,,37415,24,,,1,87,,37416,24,,,1,46,,37413,24,,,1,68,,37414,24,,,1
2701,'Semaine-10-_26ÉTÉ-1111100-',625,,37419,24,,,1,87,,37420,24,,,1,46,,37417,24,,,1,68,,37418,24,,,1
2701,'Semaine-11-_26ÉTÉ-1111100-',625,,45413,24,,,1,87,,45414,24,,,1,46,,45411,24,,,1,68,,45412,24,,,1
3901,'Samedi-0-_26ÉTÉ-0000010-',611,,39431,8,,,1,100,,39433,8,,,1,100,,39437,8,,,1,100,,39436,8,,,1,100,,39439,8,,,1,100,,39438,8,,,1,100,,39434,8,,,1,30,,39432,8,,,1,70,,39440,8,,,1,30,,39435,8,,,2,70,,39441,8,,,1,30,,39442,8,,,1,70,,39443,8,,,2,30,,39444,8,,,1,70,,39445,8,,,1,30,,39446,8,,,1,70,,39447,8,,,1,30,,39448,8,,,1,70,,39449,8,,,1,30,,39450,8,,,1,100,,39451,8,,,1,100,,39452,8,,,1,100,,39453,8,,,1,100,,39454,8,,,1
3901,'Samedi-10-_26ÉTÉ-0000010-',611,,46288,8,,,1,100,,46290,8,,,1,100,,46294,8,,,1,100,,46293,8,,,1,100,,46296,8,,,1,100,,46295,8,,,1,100,,46291,8,,,1,30,,46289,8,,,1,70,,46297,8,,,1,30,,46292,8,,,2,70,,46298,8,,,1,30,,46299,8,,,1,70,,46300,8,,,2,30,,46301,8,,,1,70,,46302,8,,,1,30,,46303,8,,,1,70,,46304,8,,,1,30,,46305,8,,,1,70,,46306,8,,,1,30,,46307,8,,,1,100,,46308,8,,,1,100,,46309,8,,,1,100,,46310,8,,,1,100,,46311,8,,,1
3901,'Dimanche-0-_26ÉTÉ-0000001-',611,,39455,8,,,1,100,,39462,8,,,1,100,,39456,8,,,1,100,,39459,8,,,1,100,,39464,8,,,1,100,,39457,8,,,1,100,,39463,8,,,1,30,,39458,8,,,1,70,,39460,8,,,1,30,,39465,8,,,2,70,,39467,8,,,1,30,,39461,8,,,1,70,,39466,8,,,2,30,,39468,8,,,1,70,,39469,8,,,1,30,,39474,8,,,1,70,,39476,8,,,1,30,,39478,8,,,1,70,,39475,8,,,1,30,,39472,8,,,1,100,,39473,8,,,1,100,,39477,8,,,1,100,,39470,8,,,1,100,,39471,8,,,1
3901,'Dimanche-10-_26ÉTÉ-0000001-',611,,39479,8,,,1,100,,39486,8,,,1,100,,39480,8,,,1,100,,39483,8,,,1,100,,39488,8,,,1,100,,39481,8,,,1,100,,39487,8,,,1,30,,39482,8,,,1,70,,39484,8,,,1,30,,39489,8,,,2,70,,39491,8,,,1,30,,39485,8,,,1,70,,39490,8,,,2,30,,39492,8,,,1,70,,39493,8,,,1,30,,39498,8,,,1,70,,39500,8,,,1,30,,39502,8,,,1,70,,39499,8,,,1,30,,39496,8,,,1,100,,39497,8,,,1,100,,39501,8,,,1,100,,39494,8,,,1,100,,39495,8,,,1
3901,'Dimanche-11-_26ÉTÉ-0000001-',611,,49112,8,,,1,100,,49119,8,,,1,100,,49113,8,,,1,100,,49116,8,,,1,100,,49121,8,,,1,100,,49114,8,,,1,100,,49120,8,,,1,30,,49115,8,,,1,70,,49117,8,,,1,30,,49122,8,,,2,70,,49124,8,,,1,30,,49118,8,,,1,70,,49123,8,,,2,30,,49125,8,,,1,70,,49126,8,,,1,30,,49131,8,,,1,70,,49133,8,,,1,30,,49135,8,,,1,70,,49132,8,,,1,30,,49129,8,,,1,100,,49130,8,,,1,100,,49134,8,,,1,100,,49127,8,,,1,100,,49128,8,,,1
3901,'Semaine-1-_26ÉTÉ-1111100-',631,,39525,8,,,2,26,,39514,8,,,1,76,,39515,8,,,1,74,,39511,8,,,1,33,,39517,8,,,1,70,,39519,8,,,1,30,,39526,8,,,1,70,,39537,8,,,1,30,,39532,8,,,2,70,,39527,8,,,1,30,,39512,8,,,1,70,,39521,8,,,2,30,,39528,8,,,1,70,,39513,8,,,1,30,,39510,8,,,2,71,,39529,8,,,1,29,,39522,8,,,2,71,,39503,8,,,1,31,,39530,8,,,2,70,,39508,8,,,1,30,,39505,8,,,1,71,,39533,8,,,1,28,,39518,8,,,1,71,,39524,8,,,1,32,,39509,8,,,2,72,,39531,8,,,1,25,,39504,8,,,2,66,,39534,8,,,1,30,,39507,8,,,1,70,,39523,8,,,1,32,,39535,8,,,1,70,,39506,8,,,1,30,,39516,8,,,1,73,,39536,8,,,1,30,,39520,8,,,1
3901,'Semaine-10-_26ÉTÉ-1111100-',631,,39560,8,,,2,26,,39549,8,,,1,76,,39550,8,,,1,74,,39546,8,,,1,33,,39552,8,,,1,70,,39554,8,,,1,30,,39561,8,,,1,70,,39572,8,,,1,30,,39567,8,,,2,70,,39562,8,,,1,30,,39547,8,,,1,70,,39556,8,,,2,30,,39563,8,,,1,70,,39548,8,,,1,30,,39545,8,,,2,71,,39564,8,,,1,29,,39557,8,,,2,71,,39538,8,,,1,31,,39565,8,,,2,70,,39543,8,,,1,30,,39540,8,,,1,71,,39568,8,,,1,28,,39553,8,,,1,71,,39559,8,,,1,32,,39544,8,,,2,72,,39566,8,,,1,25,,39539,8,,,2,66,,39569,8,,,1,30,,39542,8,,,1,70,,39558,8,,,1,32,,39570,8,,,1,70,,39541,8,,,1,30,,39551,8,,,1,73,,39571,8,,,1,30,,39555,8,,,1
3901,'Semaine-11-_26ÉTÉ-1111100-',631,,46334,8,,,2,26,,46323,8,,,1,76,,46324,8,,,1,74,,46320,8,,,1,33,,46326,8,,,1,70,,46328,8,,,1,30,,46335,8,,,1,70,,46346,8,,,1,30,,46341,8,,,2,70,,46336,8,,,1,30,,46321,8,,,1,70,,46330,8,,,2,30,,46337,8,,,1,70,,46322,8,,,1,30,,46319,8,,,2,71,,46338,8,,,1,29,,46331,8,,,2,71,,46312,8,,,1,31,,46339,8,,,2,70,,46317,8,,,1,30,,46314,8,,,1,71,,46342,8,,,1,28,,46327,8,,,1,71,,46333,8,,,1,32,,46318,8,,,2,72,,46340,8,,,1,25,,46313,8,,,2,66,,46343,8,,,1,30,,46316,8,,,1,70,,46332,8,,,1,32,,46344,8,,,1,70,,46315,8,,,1,30,,46325,8,,,1,73,,46345,8,,,1,30,,46329,8,,,1
6800,'Semaine-1-_26ÉTÉ-1111100-',612,,42111,16,,,1,30,,42120,16,,,1,70,,42118,16,,,1,30,,42127,16,,,1,70,,42124,16,,,1,30,,42103,16,,,1,70,,42125,16,,,1,30,,42104,16,,,1,70,,42108,16,,,1,30,,42126,16,,,1,70,,42113,16,,,1,30,,42106,16,,,1,74,,42122,16,,,1,36,,42114,16,,,1,70,,42121,16,,,1,30,,42115,16,,,1,70,,42109,16,,,1,30,,42112,16,,,1,60,,42119,16,,,1,18,,42129,16,,,1,24,,42116,16,,,1,60,,42123,16,,,1,22,,42117,16,,,1,18,,42131,16,,,1,57,,42128,16,,,1,20,,42130,16,,,1,20,,42105,16,,,1,70,,42110,16,,,1,30,,42107,16,,,1
6800,'Semaine-10-_26ÉTÉ-1111100-',612,,42140,16,,,1,30,,42149,16,,,1,70,,42147,16,,,1,30,,42156,16,,,1,70,,42153,16,,,1,30,,42132,16,,,1,70,,42154,16,,,1,30,,42133,16,,,1,70,,42137,16,,,1,30,,42155,16,,,1,70,,42142,16,,,1,30,,42135,16,,,1,74,,42151,16,,,1,36,,42143,16,,,1,70,,42150,16,,,1,30,,42144,16,,,1,70,,42138,16,,,1,30,,42141,16,,,1,60,,42148,16,,,1,18,,42158,16,,,1,24,,42145,16,,,1,60,,42152,16,,,1,22,,42146,16,,,1,18,,42160,16,,,1,57,,42157,16,,,1,20,,42159,16,,,1,20,,42134,16,,,1,70,,42139,16,,,1,30,,42136,16,,,1
6800,'Semaine-11-_26ÉTÉ-1111100-',612,,47436,16,,,1,30,,47445,16,,,1,70,,47443,16,,,1,30,,47452,16,,,1,70,,47449,16,,,1,30,,47428,16,,,1,70,,47450,16,,,1,30,,47429,16,,,1,70,,47433,16,,,1,30,,47451,16,,,1,70,,47438,16,,,1,30,,47431,16,,,1,74,,47447,16,,,1,36,,47439,16,,,1,70,,47446,16,,,1,30,,47440,16,,,1,70,,47434,16,,,1,30,,47437,16,,,1,60,,47444,16,,,1,18,,47454,16,,,1,24,,47441,16,,,1,60,,47448,16,,,1,22,,47442,16,,,1,18,,47456,16,,,1,57,,47453,16,,,1,20,,47455,16,,,1,20,,47430,16,,,1,70,,47435,16,,,1,30,,47432,16,,,1
