6200,'Semaine-1-_26ÉTÉ-1111100-',608,,40944,33,,,2,30,,40960,33,,,2,70,,40945,33,,,1,31,,40957,33,,,2,70,,40956,33,,,2,31,,40955,33,,,1,98,,40946,33,,,1,100,,40951,33,,,2,100,,40948,33,,,1,100,,40958,33,,,2,100,,40961,33,,,2,100,,40964,33,,,2,86,,40965,33,,,1,30,,40953,33,,,2,71,,40959,33,,,1,29,,40947,33,,,1,70,,40966,33,,,2,28,,40962,33,,,1,70,,40954,33,,,1,100,,40963,33,,,1,96,,40949,33,,,1,100,,40952,33,,,1,100,,40950,33,,,2
6200,'Semaine-10-_26ÉTÉ-1111100-',608,,40967,33,,,2,30,,40983,33,,,2,70,,40968,33,,,1,31,,40980,33,,,2,70,,40979,33,,,2,31,,40978,33,,,1,98,,40969,33,,,1,100,,40974,33,,,2,100,,40971,33,,,1,100,,40981,33,,,2,100,,40984,33,,,2,100,,40987,33,,,2,86,,40988,33,,,1,30,,40976,33,,,2,71,,40982,33,,,1,29,,40970,33,,,1,70,,40989,33,,,2,28,,40985,33,,,1,70,,40977,33,,,1,100,,40986,33,,,1,96,,40972,33,,,1,100,,40975,33,,,1,100,,40973,33,,,2
6200,'Semaine-11-_26ÉTÉ-1111100-',608,,46930,33,,,2,30,,46946,33,,,2,70,,46931,33,,,1,31,,46943,33,,,2,70,,46942,33,,,2,31,,46941,33,,,1,98,,46932,33,,,1,100,,46937,33,,,2,100,,46934,33,,,1,100,,46944,33,,,2,100,,46947,33,,,2,100,,46950,33,,,2,86,,46951,33,,,1,30,,46939,33,,,2,71,,46945,33,,,1,29,,46933,33,,,1,70,,46952,33,,,2,28,,46948,33,,,1,70,,46940,33,,,1,100,,46949,33,,,1,96,,46935,33,,,1,100,,46938,33,,,1,100,,46936,33,,,2
6200,'Semaine-12-_26ÉTÉ-1111100-',608,,53445,33,,,2,30,,53461,33,,,2,70,,53446,33,,,1,31,,53458,33,,,2,70,,53457,33,,,2,31,,53456,33,,,1,98,,53447,33,,,1,100,,53452,33,,,2,100,,53449,33,,,1,100,,53459,33,,,2,100,,53462,33,,,2,100,,53465,33,,,2,86,,53466,33,,,1,30,,53454,33,,,2,71,,53460,33,,,1,29,,53448,33,,,1,70,,53467,33,,,2,28,,53463,33,,,1,70,,53455,33,,,1,100,,53464,33,,,1,96,,53450,33,,,1,100,,53453,33,,,1,100,,53451,33,,,2
6200,'Semaine-5-_26ÉTÉ-1111100-',608,,51011,33,,,2,30,,51027,33,,,2,70,,51012,33,,,1,31,,51024,33,,,2,70,,51023,33,,,2,31,,51022,33,,,1,98,,51013,33,,,1,100,,51018,33,,,2,100,,51015,33,,,1,100,,51025,33,,,2,100,,51028,33,,,2,100,,51031,33,,,2,86,,51032,33,,,1,30,,51020,33,,,2,71,,51026,33,,,1,29,,51014,33,,,1,70,,51033,33,,,2,28,,51029,33,,,1,70,,51021,33,,,1,100,,51030,33,,,1,96,,51016,33,,,1,100,,51019,33,,,1,100,,51017,33,,,2
7101,'Samedi-0-_26ÉTÉ-0000010-',748,,42533,23,,,2,100,,42532,23,,,2,100,,42537,23,,,1,100,,42535,23,,,1,100,,42536,23,,,1,100,,42531,23,,,1,102,,42534,23,,,1,99,,42538,23,,,2,99,,42539,23,,,2,100,,42540,23,,,2,100,,42541,23,,,2,100,,42542,23,,,2,100,,42543,23,,,1,100,,42544,23,,,1,100,,42545,23,,,2,100,,42546,23,,,1
7101,'Dimanche-0-_26ÉTÉ-0000001-',748,,42552,23,,,2,100,,42551,23,,,2,100,,42553,23,,,1,100,,42554,23,,,1,100,,42549,23,,,1,100,,42548,23,,,1,102,,42550,23,,,1,99,,42547,23,,,2,99,,42557,23,,,2,100,,42558,23,,,2,100,,42559,23,,,2,100,,42560,23,,,2,100,,42555,23,,,1,100,,42556,23,,,1,100,,42562,23,,,2,100,,42561,23,,,1
7101,'Dimanche-10-_26ÉTÉ-0000001-',748,,42568,23,,,2,100,,42567,23,,,2,100,,42569,23,,,1,100,,42570,23,,,1,100,,42565,23,,,1,100,,42564,23,,,1,102,,42566,23,,,1,99,,42563,23,,,2,99,,42573,23,,,2,100,,42574,23,,,2,100,,42575,23,,,2,100,,42576,23,,,2,100,,42571,23,,,1,100,,42572,23,,,1,100,,42578,23,,,2,100,,42577,23,,,1
7101,'Dimanche-11-_26ÉTÉ-0000001-',748,,49555,23,,,2,100,,49554,23,,,2,100,,49556,23,,,1,100,,49557,23,,,1,100,,49552,23,,,1,100,,49551,23,,,1,102,,49553,23,,,1,99,,49550,23,,,2,99,,49560,23,,,2,100,,49561,23,,,2,100,,49562,23,,,2,100,,49563,23,,,2,100,,49558,23,,,1,100,,49559,23,,,1,100,,49565,23,,,2,100,,49564,23,,,1
7101,'Semaine-1-_26ÉTÉ-1111100-',551,,42596,23,,,2,62,,42613,23,,,2,18,,42614,23,,,2,20,,42597,23,,,1,60,,42598,23,,,1,15,,42608,23,,,1,20,,42590,23,,,1,55,,42593,23,,,2,18,,42616,23,,,2,30,,42579,23,,,1,69,,42606,23,,,1,30,,42605,23,,,1,70,,42584,23,,,1,30,,42618,23,,,2,70,,42604,23,,,1,30,,42607,23,,,1,70,,42617,23,,,2,30,,42580,23,,,1,70,,42582,23,,,2,30,,42594,23,,,2,71,,42583,23,,,1,30,,42615,23,,,2,70,,42610,23,,,2,15,,42599,23,,,2,15,,42602,23,,,1,55,,42600,23,,,1,16,,42585,23,,,1,19,,42591,23,,,1,11,,42612,23,,,1,55,,42581,23,,,2,14,,42611,23,,,1,20,,42586,23,,,2,20,,42589,23,,,2,68,,42587,23,,,1,30,,42588,23,,,2,100,,42603,23,,,1,100,,42601,23,,,1,100,,42595,23,,,1,101,,42609,23,,,2,99,,42592,23,,,1
7101,'Semaine-10-_26ÉTÉ-1111100-',551,,42636,23,,,2,62,,42653,23,,,2,18,,42654,23,,,2,20,,42637,23,,,1,60,,42638,23,,,1,15,,42648,23,,,1,20,,42630,23,,,1,55,,42633,23,,,2,18,,42656,23,,,2,30,,42619,23,,,1,69,,42646,23,,,1,30,,42645,23,,,1,70,,42624,23,,,1,30,,42658,23,,,2,70,,42644,23,,,1,30,,42647,23,,,1,70,,42657,23,,,2,30,,42620,23,,,1,70,,42622,23,,,2,30,,42634,23,,,2,71,,42623,23,,,1,30,,42655,23,,,2,70,,42650,23,,,2,15,,42639,23,,,2,15,,42642,23,,,1,55,,42640,23,,,1,16,,42625,23,,,1,19,,42631,23,,,1,11,,42652,23,,,1,55,,42621,23,,,2,14,,42651,23,,,1,20,,42626,23,,,2,20,,42629,23,,,2,68,,42627,23,,,1,30,,42628,23,,,2,100,,42643,23,,,1,100,,42641,23,,,1,100,,42635,23,,,1,101,,42649,23,,,2,99,,42632,23,,,1
7101,'Semaine-11-_26ÉTÉ-1111100-',551,,47652,23,,,2,62,,47669,23,,,2,18,,47670,23,,,2,20,,47653,23,,,1,60,,47654,23,,,1,15,,47664,23,,,1,20,,47646,23,,,1,55,,47649,23,,,2,18,,47672,23,,,2,30,,47635,23,,,1,69,,47662,23,,,1,30,,47661,23,,,1,70,,47640,23,,,1,30,,47674,23,,,2,70,,47660,23,,,1,30,,47663,23,,,1,70,,47673,23,,,2,30,,47636,23,,,1,70,,47638,23,,,2,30,,47650,23,,,2,71,,47639,23,,,1,30,,47671,23,,,2,70,,47666,23,,,2,15,,47655,23,,,2,15,,47658,23,,,1,55,,47656,23,,,1,16,,47641,23,,,1,19,,47647,23,,,1,11,,47668,23,,,1,55,,47637,23,,,2,14,,47667,23,,,1,20,,47642,23,,,2,20,,47645,23,,,2,68,,47643,23,,,1,30,,47644,23,,,2,100,,47659,23,,,1,100,,47657,23,,,1,100,,47651,23,,,1,101,,47665,23,,,2,99,,47648,23,,,1
7101,'Semaine-12-_26ÉTÉ-1111100-',551,,53942,23,,,2,62,,53959,23,,,2,18,,53960,23,,,2,20,,53943,23,,,1,60,,53944,23,,,1,15,,53954,23,,,1,20,,53936,23,,,1,55,,53939,23,,,2,18,,53962,23,,,2,30,,53925,23,,,1,69,,53952,23,,,1,30,,53951,23,,,1,70,,53930,23,,,1,30,,53964,23,,,2,70,,53950,23,,,1,30,,53953,23,,,1,70,,53963,23,,,2,30,,53926,23,,,1,70,,53928,23,,,2,30,,53940,23,,,2,71,,53929,23,,,1,30,,53961,23,,,2,70,,53956,23,,,2,15,,53945,23,,,2,15,,53948,23,,,1,55,,53946,23,,,1,16,,53931,23,,,1,19,,53937,23,,,1,11,,53958,23,,,1,55,,53927,23,,,2,14,,53957,23,,,1,20,,53932,23,,,2,20,,53935,23,,,2,68,,53933,23,,,1,30,,53934,23,,,2,100,,53949,23,,,1,100,,53947,23,,,1,100,,53941,23,,,1,101,,53955,23,,,2,99,,53938,23,,,1
7101,'Semaine-5-_26ÉTÉ-1111100-',551,,51509,23,,,2,62,,51526,23,,,2,18,,51527,23,,,2,20,,51510,23,,,1,60,,51511,23,,,1,15,,51521,23,,,1,20,,51503,23,,,1,55,,51506,23,,,2,18,,51529,23,,,2,30,,51492,23,,,1,69,,51519,23,,,1,30,,51518,23,,,1,70,,51497,23,,,1,30,,51531,23,,,2,70,,51517,23,,,1,30,,51520,23,,,1,70,,51530,23,,,2,30,,51493,23,,,1,70,,51495,23,,,2,30,,51507,23,,,2,71,,51496,23,,,1,30,,51528,23,,,2,70,,51523,23,,,2,15,,51512,23,,,2,15,,51515,23,,,1,55,,51513,23,,,1,16,,51498,23,,,1,19,,51504,23,,,1,11,,51525,23,,,1,55,,51494,23,,,2,14,,51524,23,,,1,20,,51499,23,,,2,20,,51502,23,,,2,68,,51500,23,,,1,30,,51501,23,,,2,100,,51516,23,,,1,100,,51514,23,,,1,100,,51508,23,,,1,101,,51522,23,,,2,99,,51505,23,,,1
