7700,'Samedi-0-_26ÉTÉ-0000010-',747,,43331,10,,,1,100,,43330,10,,,2,100,,43329,10,,,2,100,,43334,10,,,1,100,,43332,10,,,1,100,,43333,10,,,1,100,,43335,10,,,1,102,,43336,10,,,1,98,,43337,10,,,1,100,,43338,10,,,1,100,,43339,10,,,1,100,,43340,10,,,1,100,,43341,10,,,1,100,,43344,10,,,1,100,,43342,10,,,1,100,,43343,10,,,2
7700,'Dimanche-0-_26ÉTÉ-0000001-',747,,43345,10,,,1,100,,43349,10,,,2,100,,43351,10,,,2,100,,43346,10,,,1,100,,43350,10,,,1,100,,43352,10,,,1,100,,43347,10,,,1,102,,43348,10,,,1,98,,43353,10,,,1,100,,43354,10,,,1,100,,43357,10,,,1,100,,43359,10,,,1,100,,43358,10,,,1,100,,43360,10,,,1,100,,43355,10,,,1,100,,43356,10,,,2
7700,'Dimanche-10-_26ÉTÉ-0000001-',747,,43361,10,,,1,100,,43365,10,,,2,100,,43367,10,,,2,100,,43362,10,,,1,100,,43366,10,,,1,100,,43368,10,,,1,100,,43363,10,,,1,102,,43364,10,,,1,98,,43369,10,,,1,100,,43370,10,,,1,100,,43373,10,,,1,100,,43375,10,,,1,100,,43374,10,,,1,100,,43376,10,,,1,100,,43371,10,,,1,100,,43372,10,,,2
7700,'Dimanche-11-_26ÉTÉ-0000001-',747,,49648,10,,,1,100,,49652,10,,,2,100,,49654,10,,,2,100,,49649,10,,,1,100,,49653,10,,,1,100,,49655,10,,,1,100,,49650,10,,,1,102,,49651,10,,,1,98,,49656,10,,,1,100,,49657,10,,,1,100,,49660,10,,,1,100,,49662,10,,,1,100,,49661,10,,,1,100,,49663,10,,,1,100,,49658,10,,,1,100,,49659,10,,,2
7700,'Semaine-1-_26ÉTÉ-1111100-',526,,43402,10,,,1,29,,43387,10,,,1,70,,43389,10,,,1,30,,43379,10,,,1,72,,43390,10,,,2,28,,43401,10,,,2,67,,43386,10,,,2,29,,43391,10,,,2,70,,43406,10,,,2,30,,43392,10,,,2,70,,43407,10,,,1,30,,43393,10,,,1,70,,43408,10,,,1,30,,43394,10,,,1,70,,43405,10,,,1,30,,43395,10,,,1,70,,43404,10,,,1,30,,43396,10,,,1,72,,43403,10,,,2,28,,43378,10,,,2,71,,43398,10,,,1,30,,43383,10,,,2,70,,43397,10,,,2,30,,43381,10,,,1,70,,43399,10,,,1,29,,43382,10,,,1,70,,43388,10,,,1,30,,43400,10,,,1,100,,43384,10,,,2,100,,43385,10,,,2,100,,43380,10,,,2,100,,43377,10,,,1
7700,'Semaine-10-_26ÉTÉ-1111100-',526,,43434,10,,,1,29,,43419,10,,,1,70,,43421,10,,,1,30,,43411,10,,,1,72,,43422,10,,,2,28,,43433,10,,,2,67,,43418,10,,,2,29,,43423,10,,,2,70,,43438,10,,,2,30,,43424,10,,,2,70,,43439,10,,,1,30,,43425,10,,,1,70,,43440,10,,,1,30,,43426,10,,,1,70,,43437,10,,,1,30,,43427,10,,,1,70,,43436,10,,,1,30,,43428,10,,,1,72,,43435,10,,,2,28,,43410,10,,,2,71,,43430,10,,,2,30,,43415,10,,,2,70,,43429,10,,,2,30,,43413,10,,,1,70,,43431,10,,,1,29,,43414,10,,,1,70,,43420,10,,,1,30,,43432,10,,,1,100,,43416,10,,,2,100,,43417,10,,,2,100,,43412,10,,,2,100,,43409,10,,,1
7700,'Semaine-11-_26ÉTÉ-1111100-',526,,48010,10,,,1,29,,47995,10,,,1,70,,47997,10,,,1,30,,47987,10,,,1,72,,47998,10,,,2,28,,48009,10,,,2,67,,47994,10,,,2,29,,47999,10,,,2,70,,48014,10,,,2,30,,48000,10,,,2,70,,48015,10,,,1,30,,48001,10,,,1,70,,48016,10,,,1,30,,48002,10,,,1,70,,48013,10,,,1,30,,48003,10,,,1,70,,48012,10,,,1,30,,48004,10,,,1,72,,48011,10,,,2,28,,47986,10,,,2,71,,48006,10,,,1,30,,47991,10,,,2,70,,48005,10,,,2,30,,47989,10,,,1,70,,48007,10,,,1,29,,47990,10,,,1,70,,47996,10,,,1,30,,48008,10,,,1,100,,47992,10,,,2,100,,47993,10,,,2,100,,47988,10,,,2,100,,47985,10,,,1
7700,'Semaine-12-_26ÉTÉ-1111100-',526,,54202,10,,,1,29,,54187,10,,,1,70,,54189,10,,,1,30,,54179,10,,,1,72,,54190,10,,,2,28,,54201,10,,,2,67,,54186,10,,,2,29,,54191,10,,,2,70,,54206,10,,,2,30,,54192,10,,,2,70,,54207,10,,,1,30,,54193,10,,,1,70,,54208,10,,,1,30,,54194,10,,,1,70,,54205,10,,,1,30,,54195,10,,,1,70,,54204,10,,,1,30,,54196,10,,,1,72,,54203,10,,,2,28,,54178,10,,,2,71,,54198,10,,,1,30,,54183,10,,,2,70,,54197,10,,,2,30,,54181,10,,,1,70,,54199,10,,,1,29,,54182,10,,,1,70,,54188,10,,,1,30,,54200,10,,,1,100,,54184,10,,,2,100,,54185,10,,,2,100,,54180,10,,,2,100,,54177,10,,,1
7700,'Semaine-5-_26ÉTÉ-1111100-',526,,51769,10,,,1,29,,51754,10,,,1,70,,51756,10,,,1,30,,51746,10,,,1,72,,51757,10,,,2,28,,51768,10,,,2,67,,51753,10,,,2,29,,51758,10,,,2,70,,51773,10,,,2,30,,51759,10,,,2,70,,51774,10,,,1,30,,51760,10,,,1,70,,51775,10,,,1,30,,51761,10,,,1,70,,51772,10,,,1,30,,51762,10,,,1,70,,51771,10,,,1,30,,51763,10,,,1,72,,51770,10,,,2,28,,51745,10,,,2,71,,51765,10,,,1,30,,51750,10,,,2,70,,51764,10,,,2,30,,51748,10,,,1,70,,51766,10,,,1,29,,51749,10,,,1,70,,51755,10,,,1,30,,51767,10,,,1,100,,51751,10,,,2,100,,51752,10,,,2,100,,51747,10,,,2,100,,51744,10,,,1
7800,'Samedi-0-_26ÉTÉ-0000010-',818,,43444,10,,,1,100,,43443,10,,,2,100,,43441,10,,,2,100,,43446,10,,,1,100,,43442,10,,,1,100,,43445,10,,,1,99,,43447,10,,,1,101,,43448,10,,,1,100,,43449,10,,,1,100,,43450,10,,,1,100,,43451,10,,,1,100,,43452,10,,,2,100,,43453,10,,,1,100,,43454,10,,,1,100,,43455,10,,,1,99,,43456,10,,,2
7800,'Dimanche-0-_26ÉTÉ-0000001-',818,,43457,10,,,1,100,,43461,10,,,2,100,,43463,10,,,2,100,,43458,10,,,1,100,,43462,10,,,1,100,,43464,10,,,1,99,,43459,10,,,1,101,,43460,10,,,1,100,,43465,10,,,1,100,,43468,10,,,1,100,,43470,10,,,1,100,,43469,10,,,2,100,,43471,10,,,1,100,,43472,10,,,1,100,,43466,10,,,1,99,,43467,10,,,2
7800,'Dimanche-10-_26ÉTÉ-0000001-',818,,43473,10,,,1,100,,43477,10,,,2,100,,43479,10,,,2,100,,43474,10,,,1,100,,43478,10,,,1,100,,43480,10,,,1,99,,43475,10,,,1,101,,43476,10,,,1,100,,43481,10,,,1,100,,43484,10,,,1,100,,43486,10,,,1,100,,43485,10,,,2,100,,43487,10,,,1,100,,43488,10,,,1,100,,43482,10,,,1,99,,43483,10,,,2
7800,'Dimanche-11-_26ÉTÉ-0000001-',818,,49664,10,,,1,100,,49668,10,,,2,100,,49670,10,,,2,100,,49665,10,,,1,100,,49669,10,,,1,100,,49671,10,,,1,99,,49666,10,,,1,101,,49667,10,,,1,100,,49672,10,,,1,100,,49675,10,,,1,100,,49677,10,,,1,100,,49676,10,,,2,100,,49678,10,,,1,100,,49679,10,,,1,100,,49673,10,,,1,99,,49674,10,,,2
7800,'Semaine-1-_26ÉTÉ-1111100-',449,,43501,10,,,1,60,,43502,10,,,1,30,,43491,10,,,1,71,,43503,10,,,2,30,,43489,10,,,2,70,,43504,10,,,2,30,,43513,10,,,2,65,,43494,10,,,1,34,,43505,10,,,1,68,,43506,10,,,2,30,,43517,10,,,2,70,,43507,10,,,1,30,,43518,10,,,2,70,,43508,10,,,1,30,,43519,10,,,1,70,,43509,10,,,1,30,,43520,10,,,2,70,,43510,10,,,1,30,,43521,10,,,1,70,,43511,10,,,1,30,,43496,10,,,2,70,,43512,10,,,1,28,,43490,10,,,1,70,,43499,10,,,1,32,,43514,10,,,1,72,,43498,10,,,1,28,,43522,10,,,1,70,,43515,10,,,1,30,,43492,10,,,1,85,,43516,10,,,1,98,,43497,10,,,1,102,,43500,10,,,1,100,,43493,10,,,2,100,,43495,10,,,1
7800,'Semaine-10-_26ÉTÉ-1111100-',449,,43535,10,,,1,60,,43536,10,,,1,30,,43525,10,,,1,71,,43537,10,,,2,30,,43523,10,,,2,70,,43538,10,,,2,30,,43547,10,,,2,65,,43528,10,,,1,34,,43539,10,,,1,68,,43540,10,,,2,30,,43551,10,,,2,70,,43541,10,,,1,30,,43552,10,,,2,70,,43542,10,,,1,30,,43553,10,,,1,70,,43543,10,,,1,30,,43554,10,,,2,70,,43544,10,,,1,30,,43555,10,,,1,70,,43545,10,,,1,30,,43530,10,,,1,70,,43546,10,,,1,28,,43524,10,,,1,70,,43533,10,,,1,32,,43548,10,,,1,72,,43532,10,,,1,28,,43556,10,,,1,70,,43549,10,,,1,30,,43526,10,,,1,85,,43550,10,,,1,98,,43531,10,,,1,102,,43534,10,,,1,100,,43527,10,,,2,100,,43529,10,,,1
7800,'Semaine-11-_26ÉTÉ-1111100-',449,,48045,10,,,1,60,,48046,10,,,1,30,,48035,10,,,1,71,,48047,10,,,2,30,,48033,10,,,2,70,,48048,10,,,2,30,,48057,10,,,2,65,,48038,10,,,1,34,,48049,10,,,1,68,,48050,10,,,2,30,,48061,10,,,2,70,,48051,10,,,1,30,,48062,10,,,2,70,,48052,10,,,1,30,,48063,10,,,1,70,,48053,10,,,1,30,,48064,10,,,2,70,,48054,10,,,1,30,,48065,10,,,1,70,,48055,10,,,1,30,,48040,10,,,2,70,,48056,10,,,1,28,,48034,10,,,1,70,,48043,10,,,1,32,,48058,10,,,1,72,,48042,10,,,1,28,,48066,10,,,1,70,,48059,10,,,1,30,,48036,10,,,1,85,,48060,10,,,1,98,,48041,10,,,1,102,,48044,10,,,1,100,,48037,10,,,2,100,,48039,10,,,1
7800,'Semaine-12-_26ÉTÉ-1111100-',449,,54221,10,,,1,60,,54222,10,,,1,30,,54211,10,,,1,71,,54223,10,,,2,30,,54209,10,,,2,70,,54224,10,,,2,30,,54233,10,,,2,65,,54214,10,,,1,34,,54225,10,,,1,68,,54226,10,,,2,30,,54237,10,,,2,70,,54227,10,,,1,30,,54238,10,,,2,70,,54228,10,,,1,30,,54239,10,,,1,70,,54229,10,,,1,30,,54240,10,,,2,70,,54230,10,,,1,30,,54241,10,,,1,70,,54231,10,,,1,30,,54216,10,,,2,70,,54232,10,,,1,28,,54210,10,,,1,70,,54219,10,,,1,32,,54234,10,,,1,72,,54218,10,,,1,28,,54242,10,,,1,70,,54235,10,,,1,30,,54212,10,,,1,85,,54236,10,,,1,98,,54217,10,,,1,102,,54220,10,,,1,100,,54213,10,,,2,100,,54215,10,,,1
7800,'Semaine-5-_26ÉTÉ-1111100-',449,,51788,10,,,1,60,,51789,10,,,1,30,,51778,10,,,1,71,,51790,10,,,2,30,,51776,10,,,2,70,,51791,10,,,2,30,,51800,10,,,2,65,,51781,10,,,1,34,,51792,10,,,1,68,,51793,10,,,2,30,,51804,10,,,2,70,,51794,10,,,1,30,,51805,10,,,2,70,,51795,10,,,1,30,,51806,10,,,1,70,,51796,10,,,1,30,,51807,10,,,2,70,,51797,10,,,1,30,,51808,10,,,1,70,,51798,10,,,1,30,,51783,10,,,2,70,,51799,10,,,1,28,,51777,10,,,1,70,,51786,10,,,1,32,,51801,10,,,1,72,,51785,10,,,1,28,,51809,10,,,1,70,,51802,10,,,1,30,,51779,10,,,1,85,,51803,10,,,1,98,,51784,10,,,1,102,,51787,10,,,1,100,,51780,10,,,2,100,,51782,10,,,1
