4500,'Semaine-1-_26ÉTÉ-1111100-',1522,,39630,32,,,1,35,,39625,32,,,2,72,,39626,32,,,2,30,,39628,32,,,1,69,,39629,32,,,1,25,,39627,32,,,2
4500,'Semaine-10-_26ÉTÉ-1111100-',1522,,39636,32,,,1,35,,39631,32,,,2,72,,39632,32,,,2,30,,39634,32,,,1,69,,39635,32,,,1,25,,39633,32,,,2
4500,'Semaine-11-_26ÉTÉ-1111100-',1522,,46378,32,,,1,35,,46373,32,,,2,72,,46374,32,,,2,30,,46376,32,,,1,69,,46377,32,,,1,25,,46375,32,,,2
5200,'Samedi-0-_26ÉTÉ-0000010-',638,,39909,18,,,1,100,,39910,18,,,2,100,,39911,18,,,1,101,,39912,18,,,2,100,,39913,18,,,1,101,,39914,18,,,1,101,,39915,18,,,2,100,,39916,18,,,2,99,,39917,18,,,1,100,,39918,18,,,2,100,,39919,18,,,1,100,,39920,18,,,1,99,,39921,18,,,1,100,,39924,18,,,1,100,,39922,18,,,1,100,,39923,18,,,2,98,,39925,18,,,2,100,,39926,18,,,1
5200,'Samedi-10-_26ÉTÉ-0000010-',638,,46498,18,,,1,100,,46499,18,,,2,100,,46500,18,,,1,101,,46501,18,,,2,100,,46502,18,,,1,101,,46503,18,,,1,101,,46504,18,,,2,100,,46505,18,,,2,99,,46506,18,,,1,100,,46507,18,,,2,100,,46508,18,,,1,100,,46509,18,,,1,99,,46510,18,,,1,100,,46513,18,,,1,100,,46511,18,,,1,100,,46512,18,,,2,98,,46514,18,,,2,100,,46515,18,,,1
5200,'Dimanche-0-_26ÉTÉ-0000001-',638,,39928,18,,,1,100,,39927,18,,,2,100,,39929,18,,,1,101,,39930,18,,,2,100,,39932,18,,,1,101,,39937,18,,,1,101,,39931,18,,,2,100,,39934,18,,,2,99,,39935,18,,,1,100,,39933,18,,,2,100,,39936,18,,,1,100,,39943,18,,,1,99,,39942,18,,,1,100,,39938,18,,,1,100,,39944,18,,,1,100,,39941,18,,,2,98,,39940,18,,,2,100,,39939,18,,,1
5200,'Dimanche-10-_26ÉTÉ-0000001-',638,,39946,18,,,1,100,,39945,18,,,2,100,,39947,18,,,1,101,,39948,18,,,2,100,,39950,18,,,1,101,,39955,18,,,1,101,,39949,18,,,2,100,,39952,18,,,2,99,,39953,18,,,1,100,,39951,18,,,2,100,,39954,18,,,1,100,,39961,18,,,1,99,,39960,18,,,1,100,,39956,18,,,1,100,,39962,18,,,1,100,,39959,18,,,2,98,,39958,18,,,2,100,,39957,18,,,1
5200,'Dimanche-11-_26ÉTÉ-0000001-',638,,49171,18,,,1,100,,49170,18,,,2,100,,49172,18,,,1,101,,49173,18,,,2,100,,49175,18,,,1,101,,49180,18,,,1,101,,49174,18,,,2,100,,49177,18,,,2,99,,49178,18,,,1,100,,49176,18,,,2,100,,49179,18,,,1,100,,49186,18,,,1,99,,49185,18,,,1,100,,49181,18,,,1,100,,49187,18,,,1,100,,49184,18,,,2,98,,49183,18,,,2,100,,49182,18,,,1
5200,'Semaine-1-_26ÉTÉ-1111100-',609,,39966,18,,,1,99,,39968,18,,,1,107,,39963,18,,,1,99,,39979,18,,,1,96,,39977,18,,,2,100,,39964,18,,,1,100,,39971,18,,,1,100,,39970,18,,,1,100,,39967,18,,,1,100,,39965,18,,,1,108,,39969,18,,,1,103,,39980,18,,,1,105,,39978,18,,,1,99,,39972,18,,,1,84,,39976,18,,,1,100,,39975,18,,,1,100,,39973,18,,,1,100,,39974,18,,,1
5200,'Semaine-10-_26ÉTÉ-1111100-',609,,39984,18,,,1,99,,39986,18,,,1,107,,39981,18,,,1,99,,39997,18,,,1,96,,39995,18,,,2,100,,39982,18,,,1,100,,39989,18,,,1,100,,39988,18,,,1,100,,39985,18,,,1,100,,39983,18,,,1,108,,39987,18,,,1,103,,39998,18,,,1,105,,39996,18,,,1,99,,39990,18,,,1,84,,39994,18,,,1,100,,39993,18,,,1,100,,39991,18,,,1,100,,39992,18,,,1
5200,'Semaine-11-_26ÉTÉ-1111100-',609,,46519,18,,,1,99,,46521,18,,,1,107,,46516,18,,,1,99,,46532,18,,,1,96,,46530,18,,,2,100,,46517,18,,,1,100,,46524,18,,,1,100,,46523,18,,,1,100,,46520,18,,,1,100,,46518,18,,,1,108,,46522,18,,,1,103,,46533,18,,,1,105,,46531,18,,,1,99,,46525,18,,,1,84,,46529,18,,,1,100,,46528,18,,,1,100,,46526,18,,,1,100,,46527,18,,,1
5601,'Semaine-1-_26ÉTÉ-1111100-',1241,,40518,35,,,2,102,,40515,35,,,1,100,,40514,35,,,1,100,,40517,35,,,1,106,,40516,35,,,1,98,,40519,35,,,2,94,,40520,35,,,1
5601,'Semaine-10-_26ÉTÉ-1111100-',1241,,40525,35,,,2,102,,40522,35,,,1,100,,40521,35,,,1,100,,40524,35,,,1,106,,40523,35,,,1,98,,40526,35,,,2,94,,40527,35,,,1
5601,'Semaine-11-_26ÉTÉ-1111100-',1241,,46752,35,,,2,102,,46749,35,,,1,100,,46748,35,,,1,100,,46751,35,,,1,106,,46750,35,,,1,98,,46753,35,,,2,94,,46754,35,,,1
