2701,'Semaine-1-_26ÉTÉ-1111100-',619,,37415,15,,,1,85,,37416,15,,,1,46,,37413,15,,,1,69,,37414,15,,,1
2701,'Semaine-10-_26ÉTÉ-1111100-',619,,37419,15,,,1,85,,37420,15,,,1,46,,37417,15,,,1,69,,37418,15,,,1
2701,'Semaine-11-_26ÉTÉ-1111100-',619,,45413,15,,,1,85,,45414,15,,,1,46,,45411,15,,,1,69,,45412,15,,,1
3300,'Samedi-0-_26ÉTÉ-0000010-',726,,37942,53,,,1,132,,37947,53,,,1,99,,37944,53,,,1,99,,37948,53,,,1,103,,37943,53,,,1,100,,37946,53,,,1,141,,37945,53,,,1,100,,37949,53,,,1,103,,37950,53,,,1,97,,37951,53,,,1,100,,37952,53,,,1,58,,37953,53,,,1,96,,37954,53,,,1,100,,37958,53,,,1,100,,37955,53,,,1,100,,37956,53,,,1,100,,37957,53,,,1,97,,37959,53,,,1
3300,'Samedi-10-_26ÉTÉ-0000010-',726,,45657,53,,,1,132,,45662,53,,,1,99,,45659,53,,,1,99,,45663,53,,,1,103,,45658,53,,,1,100,,45661,53,,,1,141,,45660,53,,,1,100,,45664,53,,,1,103,,45665,53,,,1,97,,45666,53,,,1,100,,45667,53,,,1,58,,45668,53,,,1,96,,45669,53,,,1,100,,45673,53,,,1,100,,45670,53,,,1,100,,45671,53,,,1,100,,45672,53,,,1,97,,45674,53,,,1
3300,'Dimanche-0-_26ÉTÉ-0000001-',726,,37961,53,,,1,132,,37960,53,,,1,99,,37963,53,,,1,99,,37965,53,,,1,103,,37966,53,,,1,100,,37967,53,,,1,141,,37962,53,,,1,100,,37969,53,,,1,103,,37964,53,,,1,97,,37970,53,,,1,100,,37973,53,,,1,58,,37977,53,,,1,96,,37974,53,,,1,100,,37968,53,,,1,100,,37971,53,,,1,100,,37976,53,,,1,100,,37972,53,,,1,97,,37975,53,,,1
3300,'Dimanche-10-_26ÉTÉ-0000001-',726,,37979,53,,,1,132,,37978,53,,,1,99,,37981,53,,,1,99,,37983,53,,,1,103,,37984,53,,,1,100,,37985,53,,,1,141,,37980,53,,,1,100,,37987,53,,,1,103,,37982,53,,,1,97,,37988,53,,,1,100,,37991,53,,,1,58,,37995,53,,,1,96,,37992,53,,,1,100,,37986,53,,,1,100,,37989,53,,,1,100,,37994,53,,,1,100,,37990,53,,,1,97,,37993,53,,,1
3300,'Dimanche-11-_26ÉTÉ-0000001-',726,,48886,53,,,1,132,,48885,53,,,1,99,,48888,53,,,1,99,,48890,53,,,1,103,,48891,53,,,1,100,,48892,53,,,1,141,,48887,53,,,1,100,,48894,53,,,1,103,,48889,53,,,1,97,,48895,53,,,1,100,,48898,53,,,1,58,,48902,53,,,1,96,,48899,53,,,1,100,,48893,53,,,1,100,,48896,53,,,1,100,,48901,53,,,1,100,,48897,53,,,1,97,,48900,53,,,1
3300,'Semaine-1-_26ÉTÉ-1111100-',701,,38023,47,,,1,36,,38022,54,,,2,22,,38028,54,,,2,55,,38001,54,,,2,22,,38016,54,,,2,23,,38024,54,,,2,44,,38035,54,,,1,9,,38036,54,,,1,32,,38029,54,,,2,12,,38011,54,,,1,50,,38014,54,,,2,8,,38031,53,,,1,29,,38017,53,,,1,67,,38006,53,,,1,31,,38012,53,,,2,68,,37996,53,,,1,31,,38019,53,,,1,69,,38007,53,,,1,32,,38015,53,,,1,60,,38034,53,,,1,6,,38018,53,,,1,28,,38021,53,,,1,71,,38008,53,,,1,15,,38030,46,,,1,16,,38026,53,,,1,79,,38020,53,,,1,12,,37998,53,,,1,19,,38010,53,,,1,57,,38033,53,,,2,13,,38032,53,,,2,12,,38027,46,,,1,21,,38005,53,,,1,67,,38004,53,,,1,21,,38009,53,,,2,65,,37997,53,,,2,27,,38002,53,,,1,72,,38037,46,,,1,40,,38013,53,,,1,95,,38003,53,,,1,80,,37999,53,,,1,105,,38025,53,,,1,97,,38038,53,,,1,24,,38000,53,,,1
3300,'Semaine-10-_26ÉTÉ-1111100-',701,,38066,47,,,1,36,,38065,54,,,2,22,,38071,54,,,2,55,,38044,54,,,2,22,,38059,54,,,2,23,,38067,54,,,2,44,,38078,54,,,1,9,,38079,54,,,1,32,,38072,54,,,2,12,,38054,54,,,1,50,,38057,54,,,2,8,,38074,53,,,1,29,,38060,53,,,1,67,,38049,53,,,1,31,,38055,53,,,2,68,,38039,53,,,1,31,,38062,53,,,1,69,,38050,53,,,1,32,,38058,53,,,1,60,,38077,53,,,1,6,,38061,53,,,1,28,,38064,53,,,1,71,,38051,53,,,1,15,,38073,46,,,1,16,,38069,53,,,1,79,,38063,53,,,1,12,,38041,53,,,1,19,,38053,53,,,1,57,,38076,53,,,2,13,,38075,53,,,2,12,,38070,46,,,1,21,,38048,53,,,1,67,,38047,53,,,1,21,,38052,53,,,2,65,,38040,53,,,2,27,,38045,53,,,1,72,,38080,46,,,1,40,,38056,53,,,1,95,,38046,53,,,1,80,,38042,53,,,1,105,,38068,53,,,1,97,,38081,53,,,1,24,,38043,53,,,1
3300,'Semaine-11-_26ÉTÉ-1111100-',701,,45702,47,,,1,36,,45701,54,,,2,22,,45707,54,,,2,55,,45680,54,,,2,22,,45695,54,,,2,23,,45703,54,,,2,44,,45714,54,,,1,9,,45715,54,,,1,32,,45708,54,,,2,12,,45690,54,,,1,50,,45693,54,,,2,8,,45710,53,,,1,29,,45696,53,,,1,67,,45685,53,,,1,31,,45691,53,,,2,68,,45675,53,,,1,31,,45698,53,,,1,69,,45686,53,,,1,32,,45694,53,,,1,60,,45713,53,,,1,6,,45697,53,,,1,28,,45700,53,,,1,71,,45687,53,,,1,15,,45709,46,,,1,16,,45705,53,,,1,79,,45699,53,,,1,12,,45677,53,,,1,19,,45689,53,,,1,57,,45712,53,,,2,13,,45711,53,,,2,12,,45706,46,,,1,21,,45684,53,,,1,67,,45683,53,,,1,21,,45688,53,,,2,65,,45676,53,,,2,27,,45681,53,,,1,72,,45716,46,,,1,40,,45692,53,,,1,95,,45682,53,,,1,80,,45678,53,,,1,105,,45704,53,,,1,97,,45717,53,,,1,24,,45679,53,,,1
