9500,'Semaine-1-_26ÉTÉ-1111100-',1534,,43711,39,,,1,16,,43714,39,,,2,56,,43710,39,,,1,19,,43705,39,,,1,15,,43709,39,,,2,16,,43706,39,,,1,55,,43707,39,,,2,15,,43712,39,,,1,23,,43713,39,,,1,65,,43708,39,,,1
9500,'Semaine-10-_26ÉTÉ-1111100-',1534,,43721,39,,,1,16,,43724,39,,,2,56,,43720,39,,,1,19,,43715,39,,,1,15,,43719,39,,,2,16,,43716,39,,,1,55,,43717,39,,,2,15,,43722,39,,,1,23,,43723,39,,,2,65,,43718,39,,,1
9500,'Semaine-11-_26ÉTÉ-1111100-',1534,,48147,39,,,1,16,,48150,39,,,2,56,,48146,39,,,1,19,,48141,39,,,1,15,,48145,39,,,2,16,,48142,39,,,1,55,,48143,39,,,2,15,,48148,39,,,1,23,,48149,39,,,1,65,,48144,39,,,1
9700,'Samedi-0-_26ÉTÉ-0000010-',853,,43743,51,,,2,100,,43746,51,,,2,100,,43741,51,,,1,100,,43742,51,,,1,100,,43745,51,,,2,100,,43744,51,,,2,100,,43747,51,,,1,101,,43748,51,,,2,100,,43749,51,,,2,101,,43750,51,,,1,100,,43755,51,,,1,100,,43751,51,,,1,100,,43752,51,,,1,100,,43753,51,,,1,99,,43754,51,,,2,98,,43756,51,,,1,100,,43757,51,,,1
9700,'Samedi-10-_26ÉTÉ-0000010-',853,,48161,51,,,2,100,,48164,51,,,2,100,,48159,51,,,1,100,,48160,51,,,1,100,,48163,51,,,2,100,,48162,51,,,2,100,,48165,51,,,1,101,,48166,51,,,2,100,,48167,51,,,2,101,,48168,51,,,1,100,,48173,51,,,1,100,,48169,51,,,1,100,,48170,51,,,1,100,,48171,51,,,1,99,,48172,51,,,2,98,,48174,51,,,1,100,,48175,51,,,1
9700,'Dimanche-0-_26ÉTÉ-0000001-',853,,43761,51,,,2,100,,43763,51,,,2,100,,43760,51,,,1,100,,43759,51,,,1,100,,43758,51,,,2,100,,43762,51,,,2,100,,43765,51,,,1,101,,43764,51,,,2,100,,43770,51,,,2,101,,43772,51,,,1,100,,43774,51,,,1,100,,43766,51,,,1,100,,43767,51,,,1,100,,43768,51,,,1,99,,43769,51,,,2,98,,43773,51,,,1,100,,43771,51,,,1
9700,'Dimanche-10-_26ÉTÉ-0000001-',853,,43778,51,,,2,100,,43780,51,,,2,100,,43777,51,,,1,100,,43776,51,,,1,100,,43775,51,,,2,100,,43779,51,,,2,100,,43782,51,,,1,101,,43781,51,,,2,100,,43787,51,,,2,101,,43789,51,,,1,100,,43791,51,,,1,100,,43783,51,,,1,100,,43784,51,,,1,100,,43785,51,,,1,99,,43786,51,,,2,98,,43790,51,,,1,100,,43788,51,,,1
9700,'Dimanche-11-_26ÉTÉ-0000001-',853,,49683,51,,,2,100,,49685,51,,,2,100,,49682,51,,,1,100,,49681,51,,,1,100,,49680,51,,,2,100,,49684,51,,,2,100,,49687,51,,,1,101,,49686,51,,,2,100,,49692,51,,,2,101,,49694,51,,,1,100,,49696,51,,,1,100,,49688,51,,,1,100,,49689,51,,,1,100,,49690,51,,,1,99,,49691,51,,,2,98,,49695,51,,,1,100,,49693,51,,,1
9700,'Semaine-1-_26ÉTÉ-1111100-',725,,43810,51,,,1,31,,43811,51,,,1,91,,43800,51,,,2,101,,43796,51,,,1,96,,43809,51,,,2,100,,43804,51,,,2,100,,43801,51,,,1,100,,43806,51,,,2,101,,43792,51,,,1,94,,43797,51,,,1,105,,43805,51,,,1,96,,43807,55,,,2,103,,43798,55,,,2,72,,43793,55,,,2,20,,43802,51,,,1,102,,43794,51,,,2,99,,43803,51,,,1,100,,43799,51,,,1,101,,43795,51,,,2,110,,43808,51,,,1
9700,'Semaine-10-_26ÉTÉ-1111100-',725,,43830,51,,,1,31,,43831,51,,,1,91,,43820,51,,,2,101,,43816,51,,,1,96,,43829,51,,,2,100,,43824,51,,,2,100,,43821,51,,,1,100,,43826,51,,,2,101,,43812,51,,,1,94,,43817,51,,,1,105,,43825,51,,,1,96,,43827,55,,,2,103,,43818,55,,,2,72,,43813,55,,,2,20,,43822,51,,,1,102,,43814,51,,,2,99,,43823,51,,,1,100,,43819,51,,,1,101,,43815,51,,,2,110,,43828,51,,,1
9700,'Semaine-11-_26ÉTÉ-1111100-',725,,48194,51,,,1,31,,48195,51,,,1,91,,48184,51,,,2,101,,48180,51,,,1,96,,48193,51,,,2,100,,48188,51,,,2,100,,48185,51,,,1,100,,48190,51,,,2,101,,48176,51,,,1,94,,48181,51,,,1,105,,48189,51,,,1,96,,48191,55,,,2,103,,48182,55,,,2,72,,48177,55,,,2,20,,48186,51,,,1,102,,48178,51,,,2,99,,48187,51,,,1,100,,48183,51,,,1,101,,48179,51,,,2,110,,48192,51,,,1
