5200,'Samedi-0-_26ÉTÉ-0000010-',648,,39909,31,,,1,100,,39910,31,,,2,100,,39911,31,,,1,101,,39912,31,,,2,100,,39913,31,,,1,101,,39914,31,,,1,100,,39915,31,,,2,100,,39916,31,,,2,99,,39917,31,,,1,101,,39918,31,,,2,100,,39919,31,,,1,100,,39920,31,,,1,99,,39921,31,,,1,100,,39924,31,,,1,100,,39922,31,,,1,99,,39923,31,,,2,98,,39925,31,,,2,100,,39926,31,,,1
5200,'Samedi-10-_26ÉTÉ-0000010-',648,,46498,31,,,1,100,,46499,31,,,2,100,,46500,31,,,1,101,,46501,31,,,2,100,,46502,31,,,1,101,,46503,31,,,1,100,,46504,31,,,2,100,,46505,31,,,2,99,,46506,31,,,1,101,,46507,31,,,2,100,,46508,31,,,1,100,,46509,31,,,1,99,,46510,31,,,1,100,,46513,31,,,1,100,,46511,31,,,1,99,,46512,31,,,2,98,,46514,31,,,2,100,,46515,31,,,1
5200,'Dimanche-0-_26ÉTÉ-0000001-',648,,39928,31,,,1,100,,39927,31,,,2,100,,39929,31,,,1,101,,39930,31,,,2,100,,39932,31,,,1,101,,39937,31,,,1,100,,39931,31,,,2,100,,39934,31,,,2,99,,39935,31,,,1,101,,39933,31,,,2,100,,39936,31,,,1,100,,39943,31,,,1,99,,39942,31,,,1,100,,39938,31,,,1,100,,39944,31,,,1,99,,39941,31,,,2,98,,39940,31,,,2,100,,39939,31,,,1
5200,'Dimanche-10-_26ÉTÉ-0000001-',648,,39946,31,,,1,100,,39945,31,,,2,100,,39947,31,,,1,101,,39948,31,,,2,100,,39950,31,,,1,101,,39955,31,,,1,100,,39949,31,,,2,100,,39952,31,,,2,99,,39953,31,,,1,101,,39951,31,,,2,100,,39954,31,,,1,100,,39961,31,,,1,99,,39960,31,,,1,100,,39956,31,,,1,100,,39962,31,,,1,99,,39959,31,,,2,98,,39958,31,,,2,100,,39957,31,,,1
5200,'Dimanche-11-_26ÉTÉ-0000001-',648,,49171,31,,,1,100,,49170,31,,,2,100,,49172,31,,,1,101,,49173,31,,,2,100,,49175,31,,,1,101,,49180,31,,,1,100,,49174,31,,,2,100,,49177,31,,,2,99,,49178,31,,,1,101,,49176,31,,,2,100,,49179,31,,,1,100,,49186,31,,,1,99,,49185,31,,,1,100,,49181,31,,,1,100,,49187,31,,,1,99,,49184,31,,,2,98,,49183,31,,,2,100,,49182,31,,,1
5200,'Semaine-1-_26ÉTÉ-1111100-',619,,39966,31,,,1,99,,39968,31,,,1,108,,39963,31,,,1,98,,39979,31,,,1,96,,39977,31,,,2,100,,39964,31,,,1,100,,39971,31,,,1,100,,39970,31,,,1,100,,39967,31,,,1,100,,39965,31,,,1,108,,39969,31,,,1,103,,39980,31,,,1,105,,39978,31,,,1,99,,39972,31,,,1,84,,39976,31,,,1,100,,39975,31,,,1,99,,39973,31,,,1,100,,39974,31,,,1
5200,'Semaine-10-_26ÉTÉ-1111100-',619,,39984,31,,,1,99,,39986,31,,,1,108,,39981,31,,,1,98,,39997,31,,,1,96,,39995,31,,,2,100,,39982,31,,,1,100,,39989,31,,,1,100,,39988,31,,,1,100,,39985,31,,,1,100,,39983,31,,,1,108,,39987,31,,,1,103,,39998,31,,,1,105,,39996,31,,,1,99,,39990,31,,,1,84,,39994,31,,,1,100,,39993,31,,,1,99,,39991,31,,,1,100,,39992,31,,,1
5200,'Semaine-11-_26ÉTÉ-1111100-',619,,46519,31,,,1,99,,46521,31,,,1,108,,46516,31,,,1,98,,46532,31,,,1,96,,46530,31,,,2,100,,46517,31,,,1,100,,46524,31,,,1,100,,46523,31,,,1,100,,46520,31,,,1,100,,46518,31,,,1,108,,46522,31,,,1,103,,46533,31,,,1,105,,46531,31,,,1,99,,46525,31,,,1,84,,46529,31,,,1,100,,46528,31,,,1,99,,46526,31,,,1,100,,46527,31,,,1
5601,'Semaine-1-_26ÉTÉ-1111100-',1248,,40518,42,,,2,102,,40515,42,,,1,100,,40514,42,,,1,102,,40517,42,,,1,106,,40516,42,,,1,98,,40519,42,,,2,94,,40520,42,,,1
5601,'Semaine-10-_26ÉTÉ-1111100-',1248,,40525,42,,,2,102,,40522,42,,,1,100,,40521,42,,,1,102,,40524,42,,,1,106,,40523,42,,,1,98,,40526,42,,,2,94,,40527,42,,,1
5601,'Semaine-11-_26ÉTÉ-1111100-',1248,,46752,42,,,2,102,,46749,42,,,1,100,,46748,42,,,1,102,,46751,42,,,1,106,,46750,42,,,1,98,,46753,42,,,2,94,,46754,42,,,1
