9301,'Semaine-1-_26ÉTÉ-1111100-',556,,43696,17,,,1,60,,43694,17,,,1,20,,43693,17,,,1,71,,43697,17,,,2,30,,43695,17,,,1
9301,'Semaine-10-_26ÉTÉ-1111100-',556,,43701,17,,,1,60,,43699,17,,,1,20,,43698,17,,,1,71,,43702,17,,,2,30,,43700,17,,,1
9301,'Semaine-11-_26ÉTÉ-1111100-',556,,48138,17,,,1,60,,48136,17,,,1,20,,48135,17,,,1,71,,48139,17,,,2,30,,48137,17,,,1
9301,'Semaine-5-_26ÉTÉ-1111100-',556,,51881,17,,,1,60,,51879,17,,,1,20,,51878,17,,,1,71,,51882,17,,,2,30,,51880,17,,,1
9401,'Semaine-1-_26ÉTÉ-1111100-',537,,43703,17,,,1
9401,'Semaine-10-_26ÉTÉ-1111100-',537,,43704,17,,,1
9401,'Semaine-11-_26ÉTÉ-1111100-',537,,48140,17,,,1
9401,'Semaine-5-_26ÉTÉ-1111100-',537,,51883,17,,,1
9701,'Samedi-0-_26ÉTÉ-0000010-',800,,43834,62,,,2,100,,43837,62,,,1,101,,43835,62,,,2,100,,43838,62,,,2,100,,43832,62,,,1,100,,43833,62,,,1,101,,43836,62,,,2,100,,43839,62,,,2,100,,43840,62,,,1,100,,43841,62,,,2,100,,43842,62,,,2,100,,43843,62,,,1,100,,43847,62,,,1,100,,43844,62,,,1,99,,43845,62,,,1,100,,43846,62,,,1
9701,'Dimanche-0-_26ÉTÉ-0000001-',800,,43854,62,,,2,100,,43851,62,,,1,101,,43852,62,,,2,100,,43855,62,,,2,100,,43850,62,,,1,100,,43849,62,,,1,101,,43848,62,,,2,100,,43853,62,,,2,100,,43857,62,,,1,100,,43856,62,,,2,100,,43861,62,,,2,100,,43862,62,,,1,100,,43863,62,,,1,100,,43858,62,,,1,99,,43859,62,,,1,100,,43860,62,,,1
9701,'Dimanche-10-_26ÉTÉ-0000001-',800,,43870,62,,,2,100,,43867,62,,,1,101,,43868,62,,,2,100,,43871,62,,,2,100,,43866,62,,,1,100,,43865,62,,,1,101,,43864,62,,,2,100,,43869,62,,,2,100,,43873,62,,,1,100,,43872,62,,,2,100,,43877,62,,,2,100,,43878,62,,,1,100,,43879,62,,,1,100,,43874,62,,,1,99,,43875,62,,,1,100,,43876,62,,,1
9701,'Dimanche-11-_26ÉTÉ-0000001-',800,,49703,62,,,2,100,,49700,62,,,1,101,,49701,62,,,2,100,,49704,62,,,2,100,,49699,62,,,1,100,,49698,62,,,1,101,,49697,62,,,2,100,,49702,62,,,2,100,,49706,62,,,1,100,,49705,62,,,2,100,,49710,62,,,2,100,,49711,62,,,1,100,,49712,62,,,1,100,,49707,62,,,1,99,,49708,62,,,1,100,,49709,62,,,1
9701,'Semaine-1-_26ÉTÉ-1111100-',642,,43894,62,,,1,99,,43887,62,,,2,111,,43896,62,,,1,103,,43885,62,,,2,99,,43882,62,,,1,100,,43895,62,,,2,98,,43890,62,,,2,101,,43886,62,,,1,101,,43892,62,,,2,103,,43880,62,,,1,97,,43883,62,,,1,99,,43891,62,,,1,96,,43893,62,,,2,96,,43884,62,,,2,97,,43888,62,,,1,100,,43881,62,,,2,99,,43889,62,,,1
9701,'Semaine-10-_26ÉTÉ-1111100-',642,,43911,62,,,1,99,,43904,62,,,2,111,,43913,62,,,1,103,,43902,62,,,2,99,,43899,62,,,1,100,,43912,62,,,2,98,,43907,62,,,2,101,,43903,62,,,1,101,,43909,62,,,2,103,,43897,62,,,1,97,,43900,62,,,1,99,,43908,62,,,1,96,,43910,62,,,2,96,,43901,62,,,2,97,,43905,62,,,1,100,,43898,62,,,2,99,,43906,62,,,1
9701,'Semaine-11-_26ÉTÉ-1111100-',642,,48226,62,,,1,99,,48219,62,,,2,111,,48228,62,,,1,103,,48217,62,,,2,99,,48214,62,,,1,100,,48227,62,,,2,98,,48222,62,,,2,101,,48218,62,,,1,101,,48224,62,,,2,103,,48212,62,,,1,97,,48215,62,,,1,99,,48223,62,,,1,96,,48225,62,,,2,96,,48216,62,,,2,97,,48220,62,,,1,100,,48213,62,,,2,99,,48221,62,,,1
9701,'Semaine-5-_26ÉTÉ-1111100-',642,,51936,62,,,1,99,,51929,62,,,2,111,,51938,62,,,1,103,,51927,62,,,2,99,,51924,62,,,1,100,,51937,62,,,2,98,,51932,62,,,2,101,,51928,62,,,1,101,,51934,62,,,2,103,,51922,62,,,1,97,,51925,62,,,1,99,,51933,62,,,1,96,,51935,62,,,2,96,,51926,62,,,2,97,,51930,62,,,1,100,,51923,62,,,2,99,,51931,62,,,1
