1501,'Semaine-1-_26ÉTÉ-1111100-',659,,37309,7,,,2
1501,'Semaine-10-_26ÉTÉ-1111100-',659,,37310,7,,,2
1501,'Semaine-11-_26ÉTÉ-1111100-',659,,45359,7,,,2
1501,'Semaine-5-_26ÉTÉ-1111100-',659,,49930,7,,,2
6900,'Samedi-0-_26ÉTÉ-0000010-',857,,42224,24,,,1,100,,42223,24,,,1,100,,42225,24,,,1,100,,42227,24,,,1,100,,42226,24,,,1,100,,42228,24,,,1,101,,42229,24,,,1,99,,42230,24,,,1,100,,42231,24,,,1,100,,42232,24,,,1,100,,42233,24,,,1,100,,42234,24,,,2,100,,42235,24,,,2,100,,42236,24,,,2,100,,42237,24,,,2
6900,'Dimanche-0-_26ÉTÉ-0000001-',857,,42240,24,,,1,100,,42241,24,,,1,100,,42238,24,,,1,100,,42239,24,,,1,100,,42242,24,,,1,100,,42243,24,,,1,101,,42246,24,,,1,99,,42247,24,,,1,100,,42244,24,,,1,100,,42245,24,,,1,100,,42252,24,,,1,100,,42250,24,,,2,100,,42251,24,,,2,100,,42248,24,,,2,100,,42249,24,,,2
6900,'Dimanche-10-_26ÉTÉ-0000001-',857,,42255,24,,,1,100,,42256,24,,,1,100,,42253,24,,,1,100,,42254,24,,,1,100,,42257,24,,,1,100,,42258,24,,,1,101,,42261,24,,,1,99,,42262,24,,,1,100,,42259,24,,,1,100,,42260,24,,,1,100,,42267,24,,,1,100,,42265,24,,,2,100,,42266,24,,,2,100,,42263,24,,,2,100,,42264,24,,,2
6900,'Dimanche-11-_26ÉTÉ-0000001-',857,,49506,24,,,1,100,,49507,24,,,1,100,,49504,24,,,1,100,,49505,24,,,1,100,,49508,24,,,1,100,,49509,24,,,1,101,,49512,24,,,1,99,,49513,24,,,1,100,,49510,24,,,1,100,,49511,24,,,1,100,,49518,24,,,1,100,,49516,24,,,2,100,,49517,24,,,2,100,,49514,24,,,2,100,,49515,24,,,2
6900,'Semaine-1-_26ÉTÉ-1111100-',850,,42277,24,,,1,101,,42278,24,,,2,100,,42279,24,,,2,100,,42280,24,,,2,95,,42281,24,,,2,100,,42282,24,,,1,100,,42286,24,,,2,70,,42273,24,,,1,30,,42270,24,,,2,71,,42268,24,,,1,29,,42283,24,,,2,72,,42274,24,,,2,28,,42284,24,,,2,70,,42287,24,,,2,30,,42285,24,,,2,80,,42276,24,,,2,100,,42275,24,,,2,100,,42269,24,,,1,100,,42272,24,,,1,100,,42271,24,,,1
6900,'Semaine-10-_26ÉTÉ-1111100-',850,,42297,24,,,1,101,,42298,24,,,2,100,,42299,24,,,2,100,,42300,24,,,2,95,,42301,24,,,2,100,,42302,24,,,1,100,,42306,24,,,2,70,,42293,24,,,1,30,,42290,24,,,2,71,,42288,24,,,1,29,,42303,24,,,2,72,,42294,24,,,2,28,,42304,24,,,2,70,,42307,24,,,2,30,,42305,24,,,2,80,,42296,24,,,2,100,,42295,24,,,2,100,,42289,24,,,2,100,,42292,24,,,2,100,,42291,24,,,2
6900,'Semaine-11-_26ÉTÉ-1111100-',850,,47512,24,,,1,101,,47513,24,,,2,100,,47514,24,,,2,100,,47515,24,,,2,95,,47516,24,,,2,100,,47517,24,,,1,100,,47521,24,,,2,70,,47508,24,,,1,30,,47505,24,,,2,71,,47503,24,,,1,29,,47518,24,,,2,72,,47509,24,,,2,28,,47519,24,,,2,70,,47522,24,,,2,30,,47520,24,,,2,80,,47511,24,,,2,100,,47510,24,,,2,100,,47504,24,,,1,100,,47507,24,,,1,100,,47506,24,,,1
6900,'Semaine-5-_26ÉTÉ-1111100-',850,,51416,24,,,1,101,,51417,24,,,2,100,,51418,24,,,2,100,,51419,24,,,2,95,,51420,24,,,2,100,,51421,24,,,1,100,,51425,24,,,2,70,,51412,24,,,1,30,,51409,24,,,2,71,,51407,24,,,1,29,,51422,24,,,2,72,,51413,24,,,2,28,,51423,24,,,2,70,,51426,24,,,2,30,,51424,24,,,2,80,,51415,24,,,2,100,,51414,24,,,2,100,,51408,24,,,1,100,,51411,24,,,1,100,,51410,24,,,1
56601,'Semaine-5-_26ÉTÉ-1111100-',700,,52279,20,,,1
