3100,'Samedi-0-_26ÉTÉ-0000010-',742,,37452,32,,,1,70,,37453,32,,,1,103,,37454,32,,,1,101,,37451,32,,,1,102,,37457,32,,,1,102,,37458,32,,,1,101,,37455,32,,,1,100,,37456,32,,,1,100,,37459,32,,,1,102,,37460,32,,,1,98,,37461,32,,,1,100,,37462,32,,,1,91,,37468,32,,,1,100,,37463,32,,,1,99,,37464,32,,,1,100,,37465,32,,,1,100,,37466,32,,,1,100,,37467,32,,,1,96,,37469,32,,,1
3100,'Dimanche-0-_26ÉTÉ-0000001-',742,,37474,32,,,1,70,,37475,32,,,1,103,,37476,32,,,1,101,,37477,32,,,1,102,,37470,32,,,1,102,,37471,32,,,1,101,,37472,32,,,1,100,,37473,32,,,1,100,,37479,32,,,1,102,,37480,32,,,1,98,,37478,32,,,1,100,,37481,32,,,1,91,,37484,32,,,1,100,,37488,32,,,1,99,,37482,32,,,1,100,,37483,32,,,1,100,,37486,32,,,1,100,,37485,32,,,1,96,,37487,32,,,1
3100,'Dimanche-10-_26ÉTÉ-0000001-',742,,37493,32,,,1,70,,37494,32,,,1,103,,37495,32,,,1,101,,37496,32,,,1,102,,37489,32,,,1,102,,37490,32,,,1,101,,37491,32,,,1,100,,37492,32,,,1,100,,37498,32,,,1,102,,37499,32,,,1,98,,37497,32,,,1,100,,37500,32,,,1,91,,37503,32,,,1,100,,37507,32,,,1,99,,37501,32,,,1,100,,37502,32,,,1,100,,37505,32,,,1,100,,37504,32,,,1,96,,37506,32,,,1
3100,'Semaine-1-_26ÉTÉ-1111100-',629,,37512,30,,,1,75,,37547,30,,,1,32,,37525,30,,,1,71,,37513,30,,,1,20,,37553,30,,,1,13,,37550,30,,,1,61,,37509,30,,,1,16,,37522,30,,,1,17,,37523,30,,,1,12,,37539,30,,,1,59,,37514,30,,,1,21,,37516,30,,,1,20,,37533,30,,,1,60,,37534,30,,,1,20,,37540,30,,,1,20,,37515,30,,,1,60,,37520,30,,,1,21,,37541,30,,,1,20,,37548,30,,,1,60,,37536,30,,,1,20,,37517,30,,,1,20,,37510,30,,,1,57,,37546,30,,,1,22,,37551,30,,,1,19,,37535,30,,,1,60,,37518,30,,,1,19,,37538,30,,,1,25,,37542,30,,,1,61,,37549,30,,,1,19,,37537,30,,,1,14,,37519,30,,,1,61,,37530,30,,,1,20,,37532,30,,,1,22,,37521,30,,,1,4,,37508,23,,,1,54,,37526,30,,,1,21,,37511,30,,,1,13,,37544,30,,,1,17,,37552,30,,,1,67,,37527,32,,,1,97,,37545,32,,,1,100,,37528,32,,,1,100,,37524,32,,,1,99,,37529,32,,,1,102,,37531,32,,,1,103,,37543,32,,,1
3100,'Semaine-10-_26ÉTÉ-1111100-',629,,37558,30,,,1,75,,37593,30,,,1,32,,37571,30,,,1,71,,37559,30,,,1,20,,37599,30,,,1,13,,37596,30,,,1,61,,37555,30,,,1,16,,37568,30,,,1,17,,37569,30,,,1,12,,37585,30,,,1,59,,37560,30,,,1,21,,37562,30,,,1,20,,37579,30,,,1,60,,37580,30,,,1,20,,37586,30,,,1,20,,37561,30,,,1,60,,37566,30,,,1,21,,37587,30,,,1,20,,37594,30,,,1,60,,37582,30,,,1,20,,37563,30,,,1,20,,37556,30,,,1,57,,37592,30,,,1,22,,37597,30,,,1,19,,37581,30,,,1,60,,37564,30,,,1,19,,37584,30,,,1,25,,37588,30,,,1,61,,37595,30,,,1,19,,37583,30,,,1,14,,37565,30,,,1,61,,37576,30,,,1,20,,37578,30,,,1,22,,37567,30,,,1,4,,37554,23,,,1,54,,37572,30,,,1,21,,37557,30,,,1,13,,37590,30,,,1,17,,37598,30,,,1,67,,37573,32,,,1,97,,37591,32,,,1,100,,37574,32,,,1,100,,37570,32,,,1,99,,37575,32,,,1,102,,37577,32,,,1,103,,37589,32,,,1
3901,'Samedi-0-_26ÉTÉ-0000010-',619,,39431,22,,,1,100,,39433,22,,,1,100,,39437,22,,,1,101,,39436,22,,,1,100,,39439,22,,,1,100,,39438,22,,,1,100,,39434,22,,,1,30,,39432,22,,,1,70,,39440,22,,,1,30,,39435,22,,,2,71,,39441,22,,,1,30,,39442,22,,,1,70,,39443,22,,,2,30,,39444,22,,,1,70,,39445,22,,,1,30,,39446,22,,,1,70,,39447,22,,,1,30,,39448,22,,,1,70,,39449,22,,,1,29,,39450,22,,,1,100,,39451,22,,,1,100,,39452,22,,,1,100,,39453,22,,,1,100,,39454,22,,,1
3901,'Dimanche-0-_26ÉTÉ-0000001-',619,,39455,22,,,1,100,,39462,22,,,1,100,,39456,22,,,1,101,,39459,22,,,1,100,,39464,22,,,1,100,,39457,22,,,1,100,,39463,22,,,1,30,,39458,22,,,1,70,,39460,22,,,1,30,,39465,22,,,2,71,,39467,22,,,1,30,,39461,22,,,1,70,,39466,22,,,2,30,,39468,22,,,1,70,,39469,22,,,1,30,,39474,22,,,1,70,,39476,22,,,1,30,,39478,22,,,1,70,,39475,22,,,1,29,,39472,22,,,1,100,,39473,22,,,1,100,,39477,22,,,1,100,,39470,22,,,1,100,,39471,22,,,1
3901,'Dimanche-10-_26ÉTÉ-0000001-',619,,39479,22,,,1,100,,39486,22,,,1,100,,39480,22,,,1,101,,39483,22,,,1,100,,39488,22,,,1,100,,39481,22,,,1,100,,39487,22,,,1,30,,39482,22,,,1,70,,39484,22,,,1,30,,39489,22,,,2,71,,39491,22,,,1,30,,39485,22,,,1,70,,39490,22,,,2,30,,39492,22,,,1,70,,39493,22,,,1,30,,39498,22,,,1,70,,39500,22,,,1,30,,39502,22,,,1,70,,39499,22,,,1,29,,39496,22,,,1,100,,39497,22,,,1,100,,39501,22,,,1,100,,39494,22,,,1,100,,39495,22,,,1
3901,'Semaine-1-_26ÉTÉ-1111100-',641,,39525,22,,,2,66,,39514,22,,,1,35,,39515,22,,,1,74,,39511,22,,,1,33,,39517,22,,,1,70,,39519,22,,,1,30,,39526,22,,,1,70,,39537,22,,,1,30,,39532,22,,,2,70,,39527,22,,,1,30,,39512,22,,,1,72,,39521,22,,,2,30,,39528,22,,,1,69,,39513,22,,,1,30,,39510,22,,,2,73,,39529,22,,,1,29,,39522,22,,,2,71,,39503,22,,,1,31,,39530,22,,,2,71,,39508,22,,,1,30,,39505,22,,,1,70,,39533,22,,,1,27,,39518,22,,,1,72,,39524,22,,,1,30,,39509,22,,,2,72,,39531,22,,,1,25,,39504,22,,,2,66,,39534,22,,,1,30,,39507,22,,,1,70,,39523,22,,,1,32,,39535,22,,,1,70,,39506,22,,,1,30,,39516,22,,,1,72,,39536,22,,,1,30,,39520,22,,,1
3901,'Semaine-10-_26ÉTÉ-1111100-',641,,39560,22,,,2,66,,39549,22,,,1,35,,39550,22,,,1,74,,39546,22,,,1,33,,39552,22,,,1,70,,39554,22,,,1,30,,39561,22,,,1,70,,39572,22,,,1,30,,39567,22,,,2,70,,39562,22,,,1,30,,39547,22,,,1,72,,39556,22,,,2,30,,39563,22,,,1,69,,39548,22,,,1,30,,39545,22,,,2,73,,39564,22,,,1,29,,39557,22,,,2,71,,39538,22,,,1,31,,39565,22,,,2,71,,39543,22,,,1,30,,39540,22,,,1,70,,39568,22,,,1,27,,39553,22,,,1,72,,39559,22,,,1,30,,39544,22,,,2,72,,39566,22,,,1,25,,39539,22,,,2,66,,39569,22,,,1,30,,39542,22,,,1,70,,39558,22,,,1,32,,39570,22,,,1,70,,39541,22,,,1,30,,39551,22,,,1,72,,39571,22,,,1,30,,39555,22,,,1
