6700,'Samedi-0-_26ÉTÉ-0000010-',730,,41794,34,,,2,102,,41793,34,,,1,100,,41792,34,,,1,71,,41788,34,,,1,30,,41796,34,,,1,70,,41789,34,,,1,30,,41790,34,,,1,71,,41795,34,,,1,30,,41800,34,,,1,70,,41791,34,,,1,30,,41799,34,,,1,70,,41797,34,,,1,30,,41798,34,,,1,72,,41801,34,,,2,30,,41802,34,,,2,70,,41803,34,,,1,30,,41804,34,,,1,68,,41805,34,,,2,30,,41806,34,,,2,70,,41807,34,,,1,30,,41808,34,,,1,70,,41809,34,,,2,28,,41810,34,,,1,70,,41811,34,,,1,100,,41815,34,,,2,100,,41812,34,,,2,100,,41813,34,,,1,99,,41814,34,,,1
6700,'Dimanche-0-_26ÉTÉ-0000001-',730,,41822,34,,,2,102,,41816,34,,,1,100,,41819,34,,,1,71,,41821,34,,,1,30,,41827,34,,,1,70,,41824,34,,,1,30,,41830,34,,,1,71,,41832,34,,,1,30,,41826,34,,,1,70,,41828,34,,,1,30,,41817,34,,,1,70,,41818,34,,,1,30,,41820,34,,,1,72,,41823,34,,,2,30,,41829,34,,,2,70,,41825,34,,,1,30,,41831,34,,,1,68,,41840,34,,,2,30,,41839,34,,,2,70,,41835,34,,,1,30,,41833,34,,,1,70,,41843,34,,,2,28,,41834,34,,,1,70,,41841,34,,,1,100,,41838,34,,,2,100,,41837,34,,,2,100,,41836,34,,,1,99,,41842,34,,,1
6700,'Dimanche-10-_26ÉTÉ-0000001-',730,,41850,34,,,2,102,,41844,34,,,1,100,,41847,34,,,1,71,,41849,34,,,1,30,,41855,34,,,1,70,,41852,34,,,1,30,,41858,34,,,1,71,,41860,34,,,1,30,,41854,34,,,1,70,,41856,34,,,1,30,,41845,34,,,1,70,,41846,34,,,1,30,,41848,34,,,1,72,,41851,34,,,2,30,,41857,34,,,2,70,,41853,34,,,1,30,,41859,34,,,1,68,,41868,34,,,2,30,,41867,34,,,2,70,,41863,34,,,1,30,,41861,34,,,1,70,,41871,34,,,2,28,,41862,34,,,1,70,,41869,34,,,1,100,,41866,34,,,2,100,,41865,34,,,2,100,,41864,34,,,1,99,,41870,34,,,1
6700,'Dimanche-11-_26ÉTÉ-0000001-',730,,49455,34,,,2,102,,49449,34,,,1,100,,49452,34,,,1,71,,49454,34,,,1,30,,49460,34,,,1,70,,49457,34,,,1,30,,49463,34,,,1,71,,49465,34,,,1,30,,49459,34,,,1,70,,49461,34,,,1,30,,49450,34,,,1,70,,49451,34,,,1,30,,49453,34,,,1,72,,49456,34,,,2,30,,49462,34,,,2,70,,49458,34,,,1,30,,49464,34,,,1,68,,49473,34,,,2,30,,49472,34,,,2,70,,49468,34,,,1,30,,49466,34,,,1,70,,49476,34,,,2,28,,49467,34,,,1,70,,49474,34,,,1,100,,49471,34,,,2,100,,49470,34,,,2,100,,49469,34,,,1,99,,49475,34,,,1
6700,'Semaine-1-_26ÉTÉ-1111100-',632,,41880,34,,,1,71,,41874,34,,,1,29,,41882,34,,,1,22,,41891,34,,,1,60,,41875,34,,,2,17,,41900,34,,,1,70,,41885,34,,,1,31,,41893,34,,,1,20,,41883,34,,,2,59,,41903,34,,,2,20,,41901,34,,,1,21,,41888,34,,,2,60,,41904,34,,,2,20,,41894,34,,,1,20,,41897,34,,,2,60,,41905,34,,,1,20,,41902,34,,,1,20,,41889,34,,,1,60,,41906,34,,,1,20,,41895,34,,,1,20,,41898,34,,,2,60,,41907,34,,,1,22,,41887,34,,,1,20,,41890,34,,,2,57,,41908,34,,,1,330,,41910,34,,,1,15,,41884,34,,,2,56,,41909,34,,,1,19,,41892,34,,,1,70,,41872,34,,,1,30,,41896,34,,,2,70,,41876,34,,,1,30,,41899,34,,,1,71,,41873,34,,,1,28,,41881,34,,,2,70,,41877,34,,,1,28,,41886,34,,,2,28,,41879,34,,,2,69,,41878,34,,,1
6700,'Semaine-10-_26ÉTÉ-1111100-',632,,41919,34,,,1,71,,41913,34,,,1,29,,41921,34,,,1,22,,41930,34,,,1,60,,41914,34,,,2,17,,41939,34,,,1,70,,41924,34,,,1,31,,41932,34,,,1,20,,41922,34,,,2,59,,41942,34,,,2,20,,41940,34,,,1,21,,41927,34,,,2,60,,41943,34,,,2,20,,41933,34,,,1,20,,41936,34,,,2,60,,41944,34,,,1,20,,41941,34,,,1,20,,41928,34,,,1,60,,41945,34,,,1,20,,41934,34,,,1,20,,41937,34,,,2,60,,41946,34,,,2,22,,41926,34,,,1,20,,41929,34,,,2,57,,41947,34,,,1,330,,41949,34,,,1,15,,41923,34,,,2,56,,41948,34,,,1,19,,41931,34,,,1,70,,41911,34,,,1,30,,41935,34,,,2,70,,41915,34,,,1,30,,41938,34,,,1,71,,41912,34,,,1,28,,41920,34,,,2,70,,41916,34,,,1,28,,41925,34,,,2,28,,41918,34,,,2,69,,41917,34,,,1
6700,'Semaine-11-_26ÉTÉ-1111100-',632,,47334,34,,,1,71,,47328,34,,,1,29,,47336,34,,,1,22,,47345,34,,,1,60,,47329,34,,,2,17,,47354,34,,,1,70,,47339,34,,,1,31,,47347,34,,,1,20,,47337,34,,,2,59,,47357,34,,,2,20,,47355,34,,,1,21,,47342,34,,,2,60,,47358,34,,,2,20,,47348,34,,,1,20,,47351,34,,,2,60,,47359,34,,,1,20,,47356,34,,,1,20,,47343,34,,,1,60,,47360,34,,,1,20,,47349,34,,,1,20,,47352,34,,,2,60,,47361,34,,,1,22,,47341,34,,,1,20,,47344,34,,,2,57,,47362,34,,,1,330,,47364,34,,,1,15,,47338,34,,,2,56,,47363,34,,,1,19,,47346,34,,,1,70,,47326,34,,,1,30,,47350,34,,,2,70,,47330,34,,,1,30,,47353,34,,,1,71,,47327,34,,,1,28,,47335,34,,,2,70,,47331,34,,,1,28,,47340,34,,,2,28,,47333,34,,,2,69,,47332,34,,,1
6700,'Semaine-12-_26ÉTÉ-1111100-',632,,53713,34,,,1,71,,53707,34,,,1,29,,53715,34,,,1,22,,53724,34,,,1,60,,53708,34,,,2,17,,53733,34,,,1,70,,53718,34,,,1,31,,53726,34,,,1,20,,53716,34,,,2,59,,53736,34,,,2,20,,53734,34,,,1,21,,53721,34,,,2,60,,53737,34,,,2,20,,53727,34,,,1,20,,53730,34,,,2,60,,53738,34,,,1,20,,53735,34,,,1,20,,53722,34,,,1,60,,53739,34,,,1,20,,53728,34,,,1,20,,53731,34,,,2,60,,53740,34,,,1,22,,53720,34,,,1,20,,53723,34,,,2,57,,53741,34,,,1,330,,53743,34,,,1,15,,53717,34,,,2,56,,53742,34,,,1,19,,53725,34,,,1,70,,53705,34,,,1,30,,53729,34,,,2,70,,53709,34,,,1,30,,53732,34,,,1,71,,53706,34,,,1,28,,53714,34,,,2,70,,53710,34,,,1,28,,53719,34,,,2,28,,53712,34,,,2,69,,53711,34,,,1
6700,'Semaine-5-_26ÉTÉ-1111100-',632,,51280,34,,,1,71,,51274,34,,,1,29,,51282,34,,,1,22,,51291,34,,,1,60,,51275,34,,,2,17,,51300,34,,,1,70,,51285,34,,,1,31,,51293,34,,,1,20,,51283,34,,,2,59,,51303,34,,,2,20,,51301,34,,,1,21,,51288,34,,,2,60,,51304,34,,,2,20,,51294,34,,,1,20,,51297,34,,,2,60,,51305,34,,,1,20,,51302,34,,,1,20,,51289,34,,,1,60,,51306,34,,,1,20,,51295,34,,,1,20,,51298,34,,,2,60,,51307,34,,,1,22,,51287,34,,,1,20,,51290,34,,,2,57,,51308,34,,,1,330,,51310,34,,,1,15,,51284,34,,,2,56,,51309,34,,,1,19,,51292,34,,,1,70,,51272,34,,,1,30,,51296,34,,,2,70,,51276,34,,,1,30,,51299,34,,,1,71,,51273,34,,,1,28,,51281,34,,,2,70,,51277,34,,,1,28,,51286,34,,,2,28,,51279,34,,,2,69,,51278,34,,,1
8700,'Semaine-1-_26ÉTÉ-1111100-',1526,,43642,32,,,2,21,,43641,32,,,1,60,,43634,32,,,1,14,,43636,32,,,1,14,,43633,32,,,1,17,,43643,32,,,1,57,,43639,32,,,1,14,,43640,32,,,2,18,,43635,32,,,1,18,,43638,32,,,1,56,,43637,32,,,2
8700,'Semaine-10-_26ÉTÉ-1111100-',1526,,43653,32,,,2,21,,43652,32,,,1,60,,43645,32,,,1,14,,43647,32,,,1,14,,43644,32,,,1,17,,43654,32,,,1,57,,43650,32,,,1,14,,43651,32,,,2,18,,43646,32,,,1,18,,43649,32,,,1,56,,43648,32,,,2
8700,'Semaine-11-_26ÉTÉ-1111100-',1526,,48114,32,,,2,21,,48113,32,,,1,60,,48106,32,,,1,14,,48108,32,,,1,14,,48105,32,,,1,17,,48115,32,,,1,57,,48111,32,,,1,14,,48112,32,,,2,18,,48107,32,,,1,18,,48110,32,,,1,56,,48109,32,,,2
8700,'Semaine-12-_26ÉTÉ-1111100-',1526,,54290,32,,,2,21,,54289,32,,,1,60,,54282,32,,,1,14,,54284,32,,,1,14,,54281,32,,,1,17,,54291,32,,,1,57,,54287,32,,,1,14,,54288,32,,,2,18,,54283,32,,,1,18,,54286,32,,,1,56,,54285,32,,,2
8700,'Semaine-5-_26ÉTÉ-1111100-',1526,,51857,32,,,2,21,,51856,32,,,1,60,,51849,32,,,1,14,,51851,32,,,1,14,,51848,32,,,1,17,,51858,32,,,1,57,,51854,32,,,1,14,,51855,32,,,2,18,,51850,32,,,1,18,,51853,32,,,1,56,,51852,32,,,2
