3101,'Samedi-0-_26ÉTÉ-0000010-',648,,37600,7,,,1,94,,37606,7,,,1,99,,37603,7,,,1,97,,37607,7,,,1,97,,37601,7,,,1,100,,37605,7,,,1,100,,37602,7,,,1,100,,37604,7,,,1,103,,37608,7,,,1,97,,37609,7,,,1,100,,37610,7,,,1,100,,37611,7,,,1,102,,37612,7,,,1,102,,37617,7,,,1,100,,37613,7,,,1,100,,37614,7,,,1,102,,37615,7,,,1,100,,37616,7,,,1
3101,'Dimanche-0-_26ÉTÉ-0000001-',648,,37620,7,,,1,94,,37618,7,,,1,99,,37621,7,,,1,97,,37623,7,,,1,97,,37624,7,,,1,100,,37625,7,,,1,100,,37619,7,,,1,100,,37628,7,,,1,103,,37622,7,,,1,97,,37627,7,,,1,100,,37631,7,,,1,100,,37635,7,,,1,102,,37632,7,,,1,102,,37626,7,,,1,100,,37629,7,,,1,100,,37634,7,,,1,102,,37630,7,,,1,100,,37633,7,,,1
3101,'Dimanche-10-_26ÉTÉ-0000001-',648,,37638,7,,,1,94,,37636,7,,,1,99,,37639,7,,,1,97,,37641,7,,,1,97,,37642,7,,,1,100,,37643,7,,,1,100,,37637,7,,,1,100,,37646,7,,,1,103,,37640,7,,,1,97,,37645,7,,,1,100,,37649,7,,,1,100,,37653,7,,,1,102,,37650,7,,,1,102,,37644,7,,,1,100,,37647,7,,,1,100,,37652,7,,,1,102,,37648,7,,,1,100,,37651,7,,,1
3101,'Dimanche-11-_26ÉTÉ-0000001-',648,,48869,7,,,1,94,,48867,7,,,1,99,,48870,7,,,1,97,,48872,7,,,1,97,,48873,7,,,1,100,,48874,7,,,1,100,,48868,7,,,1,100,,48877,7,,,1,103,,48871,7,,,1,97,,48876,7,,,1,100,,48880,7,,,1,100,,48884,7,,,1,102,,48881,7,,,1,102,,48875,7,,,1,100,,48878,7,,,1,100,,48883,7,,,1,102,,48879,7,,,1,100,,48882,7,,,1
3101,'Semaine-1-_26ÉTÉ-1111100-',529,,37657,7,,,1,75,,37691,7,,,1,30,,37671,7,,,1,67,,37658,7,,,1,29,,37694,7,,,1,21,,37654,7,,,1,56,,37668,7,,,1,17,,37669,7,,,1,14,,37688,7,,,1,19,,37659,7,,,1,62,,37661,7,,,1,20,,37686,7,,,1,20,,37678,7,,,1,60,,37687,7,,,1,20,,37660,7,,,1,20,,37662,7,,,1,61,,37682,7,,,1,20,,37692,7,,,1,60,,37681,7,,,1,20,,37663,7,,,1,20,,37655,7,,,1,17,,37685,7,,,1,62,,37695,7,,,1,19,,37680,7,,,1,20,,37664,7,,,1,59,,37683,7,,,1,23,,37684,7,,,1,60,,37693,7,,,1,19,,37679,7,,,1,14,,37665,7,,,1,18,,37676,7,,,1,60,,37677,7,,,1,22,,37666,7,,,1,19,,37672,7,,,1,61,,37656,7,,,1,22,,37689,7,,,1,20,,37696,7,,,1,66,,37667,7,,,1,97,,37690,7,,,1,101,,37673,7,,,1,100,,37670,7,,,1,100,,37674,7,,,1,102,,37675,7,,,1
3101,'Semaine-10-_26ÉTÉ-1111100-',529,,37700,7,,,1,75,,37734,7,,,1,30,,37714,7,,,1,67,,37701,7,,,1,29,,37737,7,,,1,21,,37697,7,,,1,56,,37711,7,,,1,17,,37712,7,,,1,14,,37731,7,,,1,19,,37702,7,,,1,62,,37704,7,,,1,20,,37729,7,,,1,20,,37721,7,,,1,60,,37730,7,,,1,20,,37703,7,,,1,20,,37705,7,,,1,61,,37725,7,,,1,20,,37735,7,,,1,60,,37724,7,,,1,20,,37706,7,,,1,20,,37698,7,,,1,17,,37728,7,,,1,62,,37738,7,,,1,19,,37723,7,,,1,20,,37707,7,,,1,59,,37726,7,,,1,23,,37727,7,,,1,60,,37736,7,,,1,19,,37722,7,,,1,14,,37708,7,,,1,18,,37719,7,,,1,60,,37720,7,,,1,22,,37709,7,,,1,19,,37715,7,,,1,61,,37699,7,,,1,22,,37732,7,,,1,20,,37739,7,,,1,66,,37710,7,,,1,97,,37733,7,,,1,101,,37716,7,,,1,100,,37713,7,,,1,100,,37717,7,,,1,102,,37718,7,,,1
3101,'Semaine-11-_26ÉTÉ-1111100-',529,,45516,7,,,1,75,,45550,7,,,1,30,,45530,7,,,1,67,,45517,7,,,1,29,,45553,7,,,1,21,,45513,7,,,1,56,,45527,7,,,1,17,,45528,7,,,1,14,,45547,7,,,1,19,,45518,7,,,1,62,,45520,7,,,1,20,,45545,7,,,1,20,,45537,7,,,1,60,,45546,7,,,1,20,,45519,7,,,1,20,,45521,7,,,1,61,,45541,7,,,1,20,,45551,7,,,1,60,,45540,7,,,1,20,,45522,7,,,1,20,,45514,7,,,1,17,,45544,7,,,1,62,,45554,7,,,1,19,,45539,7,,,1,20,,45523,7,,,1,59,,45542,7,,,1,23,,45543,7,,,1,60,,45552,7,,,1,19,,45538,7,,,1,14,,45524,7,,,1,18,,45535,7,,,1,60,,45536,7,,,1,22,,45525,7,,,1,19,,45531,7,,,1,61,,45515,7,,,1,22,,45548,7,,,1,20,,45555,7,,,1,66,,45526,7,,,1,97,,45549,7,,,1,101,,45532,7,,,1,100,,45529,7,,,1,100,,45533,7,,,1,102,,45534,7,,,1
3101,'Semaine-12-_26ÉTÉ-1111100-',529,,52487,7,,,1,75,,52521,7,,,1,30,,52501,7,,,1,67,,52488,7,,,1,29,,52524,7,,,1,21,,52484,7,,,1,56,,52498,7,,,1,17,,52499,7,,,1,14,,52518,7,,,1,19,,52489,7,,,1,62,,52491,7,,,1,20,,52516,7,,,1,20,,52508,7,,,1,60,,52517,7,,,1,20,,52490,7,,,1,20,,52492,7,,,1,61,,52512,7,,,1,20,,52522,7,,,1,60,,52511,7,,,1,20,,52493,7,,,1,20,,52485,7,,,1,17,,52515,7,,,1,62,,52525,7,,,1,19,,52510,7,,,1,20,,52494,7,,,1,59,,52513,7,,,1,23,,52514,7,,,1,60,,52523,7,,,1,19,,52509,7,,,1,14,,52495,7,,,1,18,,52506,7,,,1,60,,52507,7,,,1,22,,52496,7,,,1,19,,52502,7,,,1,61,,52486,7,,,1,22,,52519,7,,,1,20,,52526,7,,,1,66,,52497,7,,,1,97,,52520,7,,,1,101,,52503,7,,,1,100,,52500,7,,,1,100,,52504,7,,,1,102,,52505,7,,,1
3101,'Semaine-5-_26ÉTÉ-1111100-',529,,50050,7,,,1,75,,50084,7,,,1,30,,50064,7,,,1,67,,50051,7,,,1,29,,50087,7,,,1,21,,50047,7,,,1,56,,50061,7,,,1,17,,50062,7,,,1,14,,50081,7,,,1,19,,50052,7,,,1,62,,50054,7,,,1,20,,50079,7,,,1,20,,50071,7,,,1,60,,50080,7,,,1,20,,50053,7,,,1,20,,50055,7,,,1,61,,50075,7,,,1,20,,50085,7,,,1,60,,50074,7,,,1,20,,50056,7,,,1,20,,50048,7,,,1,17,,50078,7,,,1,62,,50088,7,,,1,19,,50073,7,,,1,20,,50057,7,,,1,59,,50076,7,,,1,23,,50077,7,,,1,60,,50086,7,,,1,19,,50072,7,,,1,14,,50058,7,,,1,18,,50069,7,,,1,60,,50070,7,,,1,22,,50059,7,,,1,19,,50065,7,,,1,61,,50049,7,,,1,22,,50082,7,,,1,20,,50089,7,,,1,66,,50060,7,,,1,97,,50083,7,,,1,101,,50066,7,,,1,100,,50063,7,,,1,100,,50067,7,,,1,102,,50068,7,,,1
83101,'Semaine-5-_26ÉTÉ-1111100-',800,,52364,7,,,1
