3201,'Semaine-1-_26ÉTÉ-1111100-',1004,,37855,32,,,2,30,,37848,32,,,1,70,,37851,32,,,2,30,,37844,32,,,1,70,,37854,32,,,2,30,,37849,32,,,1,70,,37856,32,,,1,30,,37838,32,,,1,69,,37843,32,,,2,30,,37850,32,,,1,71,,37861,32,,,1,33,,37878,32,,,1,68,,37879,32,,,1,31,,37880,32,,,1,71,,37881,32,,,1,27,,37882,32,,,1,70,,37883,32,,,1,30,,37841,32,,,1,70,,37839,32,,,1,29,,37852,32,,,1,70,,37847,32,,,1,30,,37842,32,,,1,70,,37840,32,,,1,30,,37853,32,,,1,68,,37846,32,,,1,30,,37873,32,,,2,70,,37872,32,,,1,29,,37874,32,,,1,70,,37875,32,,,1
3201,'Semaine-10-_26ÉTÉ-1111100-',1004,,37907,32,,,2,30,,37900,32,,,1,70,,37903,32,,,2,30,,37896,32,,,1,70,,37906,32,,,2,30,,37901,32,,,1,70,,37908,32,,,1,30,,37890,32,,,1,69,,37895,32,,,1,30,,37902,32,,,1,71,,37913,32,,,1,33,,37930,32,,,1,68,,37931,32,,,1,31,,37932,32,,,1,71,,37933,32,,,1,27,,37934,32,,,1,70,,37935,32,,,1,30,,37893,32,,,1,70,,37891,32,,,1,29,,37904,32,,,1,70,,37899,32,,,1,30,,37894,32,,,1,70,,37892,32,,,1,30,,37905,32,,,1,68,,37898,32,,,1,30,,37925,32,,,2,70,,37924,32,,,1,29,,37926,32,,,1,70,,37927,32,,,1
3201,'Semaine-11-_26ÉTÉ-1111100-',1004,,45622,32,,,2,30,,45615,32,,,1,70,,45618,32,,,2,30,,45611,32,,,1,70,,45621,32,,,2,30,,45616,32,,,1,70,,45623,32,,,1,30,,45605,32,,,1,69,,45610,32,,,2,30,,45617,32,,,1,71,,45628,32,,,1,33,,45645,32,,,1,68,,45646,32,,,1,31,,45647,32,,,1,71,,45648,32,,,1,27,,45649,32,,,1,70,,45650,32,,,1,30,,45608,32,,,1,70,,45606,32,,,1,29,,45619,32,,,1,70,,45614,32,,,1,30,,45609,32,,,1,70,,45607,32,,,1,30,,45620,32,,,1,68,,45613,32,,,1,30,,45640,32,,,2,70,,45639,32,,,1,29,,45641,32,,,1,70,,45642,32,,,1
3201,'Semaine-12-_26ÉTÉ-1111100-',1004,,52593,32,,,2,30,,52586,32,,,1,70,,52589,32,,,2,30,,52582,32,,,1,70,,52592,32,,,2,30,,52587,32,,,1,70,,52594,32,,,1,30,,52576,32,,,1,69,,52581,32,,,2,30,,52588,32,,,1,71,,52599,32,,,1,33,,52616,32,,,1,68,,52617,32,,,1,31,,52618,32,,,1,71,,52619,32,,,1,27,,52620,32,,,1,70,,52621,32,,,1,30,,52579,32,,,1,70,,52577,32,,,1,29,,52590,32,,,1,70,,52585,32,,,1,30,,52580,32,,,1,70,,52578,32,,,1,30,,52591,32,,,1,68,,52584,32,,,1,30,,52611,32,,,2,70,,52610,32,,,1,29,,52612,32,,,1,70,,52613,32,,,1
3201,'Semaine-5-_26ÉTÉ-1111100-',1004,,50157,32,,,2,30,,50150,32,,,1,70,,50153,32,,,2,30,,50146,32,,,1,70,,50156,32,,,2,30,,50151,32,,,1,70,,50158,32,,,1,30,,50140,32,,,1,69,,50145,32,,,2,30,,50152,32,,,1,71,,50163,32,,,1,33,,50180,32,,,1,68,,50181,32,,,1,31,,50182,32,,,1,71,,50183,32,,,1,27,,50184,32,,,1,70,,50185,32,,,1,30,,50143,32,,,1,70,,50141,32,,,1,29,,50154,32,,,1,70,,50149,32,,,1,30,,50144,32,,,1,70,,50142,32,,,1,30,,50155,32,,,1,68,,50148,32,,,1,30,,50175,32,,,2,70,,50174,32,,,1,29,,50176,32,,,1,70,,50177,32,,,1
3401,'Samedi-0-_26ÉTÉ-0000010-',721,,38384,53,,,1,100,,38387,53,,,2,30,,38396,53,,,1,73,,38385,53,,,1,29,,38390,53,,,1,70,,38392,53,,,1,31,,38386,53,,,2,70,,38395,53,,,1,33,,38388,53,,,1,70,,38397,53,,,1,29,,38389,53,,,1,70,,38391,53,,,1,30,,38393,53,,,2,70,,38394,53,,,2,30,,38398,53,,,1,70,,38399,53,,,2,30,,38400,53,,,1,70,,38401,53,,,1,31,,38402,53,,,1,69,,38403,53,,,1,30,,38404,53,,,2,69,,38405,53,,,1,27,,38406,53,,,1,70,,38408,53,,,1,31,,38407,53,,,2,70,,38409,53,,,1,30,,38410,53,,,2,68,,38411,53,,,1,30,,38413,53,,,1,70,,38412,53,,,1,30,,38414,53,,,1,96,,38415,53,,,1
3401,'Dimanche-0-_26ÉTÉ-0000001-',721,,38417,53,,,1,100,,38428,53,,,2,30,,38421,53,,,1,73,,38424,53,,,1,29,,38423,53,,,1,70,,38432,53,,,1,31,,38429,53,,,2,70,,38416,53,,,1,33,,38427,53,,,1,70,,38420,53,,,1,29,,38418,53,,,1,70,,38419,53,,,1,30,,38422,53,,,2,70,,38430,53,,,2,30,,38426,53,,,1,70,,38425,53,,,2,30,,38431,53,,,1,70,,38436,53,,,1,31,,38434,53,,,1,69,,38440,53,,,1,30,,38443,53,,,2,69,,38433,53,,,1,27,,38442,53,,,1,70,,38435,53,,,1,31,,38439,53,,,2,70,,38446,53,,,1,30,,38438,53,,,2,68,,38437,53,,,1,30,,38444,53,,,1,70,,38445,53,,,1,30,,38441,53,,,1,96,,38447,53,,,1
3401,'Dimanche-10-_26ÉTÉ-0000001-',721,,38449,53,,,1,100,,38460,53,,,2,30,,38453,53,,,1,73,,38456,53,,,1,29,,38455,53,,,1,70,,38464,53,,,1,31,,38461,53,,,2,70,,38448,53,,,1,33,,38459,53,,,1,70,,38452,53,,,1,29,,38450,53,,,1,70,,38451,53,,,1,30,,38454,53,,,2,70,,38462,53,,,2,30,,38458,53,,,1,70,,38457,53,,,2,30,,38463,53,,,1,70,,38468,53,,,1,31,,38466,53,,,1,69,,38472,53,,,1,30,,38475,53,,,2,69,,38465,53,,,1,27,,38474,53,,,1,70,,38467,53,,,1,31,,38471,53,,,2,70,,38478,53,,,1,30,,38470,53,,,2,68,,38469,53,,,1,30,,38476,53,,,1,70,,38477,53,,,1,30,,38473,53,,,1,96,,38479,53,,,1
3401,'Dimanche-11-_26ÉTÉ-0000001-',721,,48956,53,,,1,100,,48967,53,,,2,30,,48960,53,,,1,73,,48963,53,,,1,29,,48962,53,,,1,70,,48971,53,,,1,31,,48968,53,,,2,70,,48955,53,,,1,33,,48966,53,,,1,70,,48959,53,,,1,29,,48957,53,,,1,70,,48958,53,,,1,30,,48961,53,,,2,70,,48969,53,,,2,30,,48965,53,,,1,70,,48964,53,,,2,30,,48970,53,,,1,70,,48975,53,,,1,31,,48973,53,,,1,69,,48979,53,,,1,30,,48982,53,,,2,69,,48972,53,,,1,27,,48981,53,,,1,70,,48974,53,,,1,31,,48978,53,,,2,70,,48985,53,,,1,30,,48977,53,,,2,68,,48976,53,,,1,30,,48983,53,,,1,70,,48984,53,,,1,30,,48980,53,,,1,96,,48986,53,,,1
3401,'Semaine-1-_26ÉTÉ-1111100-',1029,,38489,53,,,1,30,,38509,53,,,1,70,,38482,53,,,1,30,,38486,53,,,1,70,,38490,53,,,2,30,,38480,53,,,1,71,,38483,53,,,1,29,,38487,53,,,1,71,,38491,53,,,1,70,,38484,53,,,1,30,,38506,53,,,1,72,,38481,53,,,2,33,,38507,53,,,1,70,,38508,53,,,1,33,,38502,53,,,1,64,,38498,53,,,2,27,,38488,53,,,1,29,,38495,53,,,1,69,,38504,53,,,1,29,,38492,53,,,1,70,,38494,53,,,1,30,,38496,53,,,1,70,,38500,53,,,2,30,,38493,53,,,1,70,,38499,53,,,1,28,,38497,53,,,1,70,,38501,53,,,1,30,,38503,53,,,1
3401,'Semaine-10-_26ÉTÉ-1111100-',1029,,38519,53,,,1,30,,38539,53,,,1,70,,38512,53,,,1,30,,38516,53,,,1,70,,38520,53,,,2,30,,38510,53,,,1,71,,38513,53,,,1,29,,38517,53,,,1,71,,38521,53,,,1,70,,38514,53,,,1,30,,38536,53,,,1,72,,38511,53,,,2,33,,38537,53,,,1,70,,38538,53,,,1,33,,38532,53,,,1,64,,38528,53,,,2,27,,38518,53,,,1,29,,38525,53,,,1,69,,38534,53,,,1,29,,38522,53,,,1,70,,38524,53,,,1,30,,38526,53,,,1,70,,38530,53,,,2,30,,38523,53,,,1,70,,38529,53,,,1,28,,38527,53,,,1,70,,38531,53,,,1,30,,38533,53,,,1
3401,'Semaine-11-_26ÉTÉ-1111100-',1029,,45884,53,,,1,30,,45904,53,,,1,70,,45877,53,,,1,30,,45881,53,,,1,70,,45885,53,,,2,30,,45875,53,,,1,71,,45878,53,,,1,29,,45882,53,,,1,71,,45886,53,,,1,70,,45879,53,,,1,30,,45901,53,,,1,72,,45876,53,,,2,33,,45902,53,,,1,70,,45903,53,,,1,33,,45897,53,,,1,64,,45893,53,,,2,27,,45883,53,,,1,29,,45890,53,,,1,69,,45899,53,,,1,29,,45887,53,,,1,70,,45889,53,,,1,30,,45891,53,,,1,70,,45895,53,,,2,30,,45888,53,,,1,70,,45894,53,,,1,28,,45892,53,,,1,70,,45896,53,,,1,30,,45898,53,,,1
3401,'Semaine-12-_26ÉTÉ-1111100-',1029,,52753,53,,,1,30,,52773,53,,,1,70,,52746,53,,,1,30,,52750,53,,,1,70,,52754,53,,,2,30,,52744,53,,,1,71,,52747,53,,,1,29,,52751,53,,,1,71,,52755,53,,,1,70,,52748,53,,,1,30,,52770,53,,,1,72,,52745,53,,,2,33,,52771,53,,,1,70,,52772,53,,,1,33,,52766,53,,,1,64,,52762,53,,,2,27,,52752,53,,,1,29,,52759,53,,,1,69,,52768,53,,,1,29,,52756,53,,,1,70,,52758,53,,,1,30,,52760,53,,,1,70,,52764,53,,,2,30,,52757,53,,,1,70,,52763,53,,,1,28,,52761,53,,,1,70,,52765,53,,,1,30,,52767,53,,,1
3401,'Semaine-5-_26ÉTÉ-1111100-',1029,,50317,53,,,1,30,,50337,53,,,1,70,,50310,53,,,1,30,,50314,53,,,1,70,,50318,53,,,2,30,,50308,53,,,1,71,,50311,53,,,1,29,,50315,53,,,1,71,,50319,53,,,1,70,,50312,53,,,1,30,,50334,53,,,1,72,,50309,53,,,2,33,,50335,53,,,1,70,,50336,53,,,1,33,,50330,53,,,1,64,,50326,53,,,2,27,,50316,53,,,1,29,,50323,53,,,1,69,,50332,53,,,1,29,,50320,53,,,1,70,,50322,53,,,1,30,,50324,53,,,1,70,,50328,53,,,2,30,,50321,53,,,1,70,,50327,53,,,1,28,,50325,53,,,1,70,,50329,53,,,1,30,,50331,53,,,1
3601,'Semaine-1-_26ÉTÉ-1111100-',1000,,38694,42,,,1,100,,38697,42,,,1,101,,38695,42,,,1,100,,38700,42,,,1,100,,38699,42,,,1,101,,38698,42,,,1
3601,'Semaine-10-_26ÉTÉ-1111100-',1000,,38701,42,,,1,100,,38704,42,,,1,101,,38702,42,,,1,100,,38707,42,,,1,100,,38706,42,,,1,101,,38705,42,,,1
3601,'Semaine-11-_26ÉTÉ-1111100-',1000,,45982,42,,,1,100,,45985,42,,,1,101,,45983,42,,,1,100,,45988,42,,,1,100,,45987,42,,,1,101,,45986,42,,,1
3601,'Semaine-12-_26ÉTÉ-1111100-',1000,,52851,42,,,1,100,,52854,42,,,1,101,,52852,42,,,1,100,,52857,42,,,1,100,,52856,42,,,1,101,,52855,42,,,1
3601,'Semaine-5-_26ÉTÉ-1111100-',1000,,50415,42,,,1,100,,50418,42,,,1,101,,50416,42,,,1,100,,50421,42,,,1,100,,50420,42,,,1,101,,50419,42,,,1
3701,'Samedi-0-_26ÉTÉ-0000010-',707,,38821,34,,,1,100,,38826,34,,,1,100,,38820,34,,,1,102,,38825,34,,,1,101,,38822,34,,,1,99,,38823,34,,,1,100,,38827,34,,,1,103,,38824,34,,,1,100,,38828,34,,,1,100,,38829,34,,,1,100,,38830,34,,,1,96,,38831,34,,,1,100,,38832,34,,,1,102,,38833,34,,,1,98,,38834,34,,,1,96,,38835,34,,,1,99,,38836,34,,,1
3701,'Dimanche-0-_26ÉTÉ-0000001-',707,,38837,34,,,1,100,,38841,34,,,1,100,,38842,34,,,1,102,,38844,34,,,1,101,,38843,34,,,1,99,,38839,34,,,1,100,,38838,34,,,1,103,,38840,34,,,1,100,,38845,34,,,1,100,,38849,34,,,1,100,,38852,34,,,1,96,,38846,34,,,1,100,,38847,34,,,1,102,,38853,34,,,1,98,,38851,34,,,1,96,,38848,34,,,1,99,,38850,34,,,1
3701,'Dimanche-10-_26ÉTÉ-0000001-',707,,38854,34,,,1,100,,38858,34,,,1,100,,38859,34,,,1,102,,38861,34,,,1,101,,38860,34,,,1,99,,38856,34,,,1,100,,38855,34,,,1,103,,38857,34,,,1,100,,38862,34,,,1,100,,38866,34,,,1,100,,38869,34,,,1,96,,38863,34,,,1,100,,38864,34,,,1,102,,38870,34,,,1,98,,38868,34,,,1,96,,38865,34,,,1,99,,38867,34,,,1
3701,'Dimanche-11-_26ÉTÉ-0000001-',707,,49005,34,,,1,100,,49009,34,,,1,100,,49010,34,,,1,102,,49012,34,,,1,101,,49011,34,,,1,99,,49007,34,,,1,100,,49006,34,,,1,103,,49008,34,,,1,100,,49013,34,,,1,100,,49017,34,,,1,100,,49020,34,,,1,96,,49014,34,,,1,100,,49015,34,,,1,102,,49021,34,,,1,98,,49019,34,,,1,96,,49016,34,,,1,99,,49018,34,,,1
3701,'Semaine-1-_26ÉTÉ-1111100-',1041,,38880,34,,,1,100,,38874,34,,,1,101,,38872,34,,,1,99,,38877,34,,,1,102,,38888,34,,,1,100,,38871,34,,,1,71,,38887,34,,,1,30,,38890,34,,,1,70,,38885,34,,,1,29,,38891,34,,,1,69,,38895,34,,,1,45,,38879,34,,,1,99,,38889,34,,,1,101,,38881,34,,,1,99,,38878,34,,,1,97,,38883,34,,,1
3701,'Semaine-10-_26ÉTÉ-1111100-',1041,,38905,34,,,1,100,,38899,34,,,1,101,,38897,34,,,1,99,,38902,34,,,1,102,,38913,34,,,1,100,,38896,34,,,1,71,,38912,34,,,1,30,,38915,34,,,1,70,,38910,34,,,1,29,,38916,34,,,1,69,,38920,34,,,1,45,,38904,34,,,1,99,,38914,34,,,1,101,,38906,34,,,1,99,,38903,34,,,1,97,,38908,34,,,1
3701,'Semaine-11-_26ÉTÉ-1111100-',1041,,46062,34,,,1,100,,46056,34,,,1,101,,46054,34,,,1,99,,46059,34,,,1,102,,46070,34,,,1,100,,46053,34,,,1,71,,46069,34,,,1,30,,46072,34,,,1,70,,46067,34,,,1,29,,46073,34,,,1,69,,46077,34,,,1,45,,46061,34,,,1,99,,46071,34,,,1,101,,46063,34,,,1,99,,46060,34,,,1,97,,46065,34,,,1
3701,'Semaine-12-_26ÉTÉ-1111100-',1041,,52896,34,,,1,100,,52890,34,,,1,101,,52888,34,,,1,99,,52893,34,,,1,102,,52904,34,,,1,100,,52887,34,,,1,71,,52903,34,,,1,30,,52906,34,,,1,70,,52901,34,,,1,29,,52907,34,,,1,69,,52911,34,,,1,45,,52895,34,,,1,99,,52905,34,,,1,101,,52897,34,,,1,99,,52894,34,,,1,97,,52899,34,,,1
3701,'Semaine-5-_26ÉTÉ-1111100-',1041,,50460,34,,,1,100,,50454,34,,,1,101,,50452,34,,,1,99,,50457,34,,,1,102,,50468,34,,,1,100,,50451,34,,,1,71,,50467,34,,,1,30,,50470,34,,,1,70,,50465,34,,,1,29,,50471,34,,,1,69,,50475,34,,,1,45,,50459,34,,,1,99,,50469,34,,,1,101,,50461,34,,,1,99,,50458,34,,,1,97,,50463,34,,,1
5501,'Samedi-0-_26ÉTÉ-0000010-',719,,40305,51,,,1,30,,40308,51,,,1,70,,40307,51,,,1,30,,40317,51,,,1,70,,40306,51,,,1,31,,40309,51,,,1,70,,40310,51,,,1,30,,40316,51,,,1,73,,40312,51,,,1,30,,40313,51,,,1,71,,40311,51,,,1,28,,40319,51,,,1,70,,40318,51,,,1,30,,40314,51,,,1,70,,40315,51,,,1,30,,40320,51,,,1,70,,40321,51,,,1,30,,40322,51,,,1,70,,40323,51,,,1,30,,40324,51,,,1,70,,40325,51,,,1,30,,40326,51,,,1,70,,40327,51,,,1,27,,40328,51,,,1,70,,40329,51,,,1,30,,40330,51,,,1,70,,40331,51,,,1,28,,40332,51,,,1,70,,40333,51,,,1,30,,40335,51,,,1,68,,40334,51,,,1,32,,40337,51,,,1,68,,40336,51,,,1
5501,'Dimanche-0-_26ÉTÉ-0000001-',719,,40339,51,,,1,30,,40344,51,,,1,70,,40340,51,,,1,30,,40348,51,,,1,70,,40351,51,,,1,31,,40343,51,,,1,70,,40355,51,,,1,30,,40349,51,,,1,73,,40350,51,,,1,30,,40341,51,,,1,71,,40338,51,,,1,28,,40345,51,,,1,70,,40352,51,,,1,30,,40342,51,,,1,70,,40353,51,,,1,30,,40347,51,,,1,70,,40346,51,,,1,30,,40356,51,,,1,70,,40360,51,,,1,30,,40354,51,,,1,70,,40357,51,,,1,30,,40367,51,,,1,70,,40364,51,,,1,27,,40369,51,,,1,70,,40370,51,,,1,30,,40358,51,,,1,70,,40361,51,,,1,28,,40359,51,,,1,70,,40362,51,,,1,30,,40363,51,,,1,68,,40366,51,,,1,32,,40368,51,,,1,68,,40365,51,,,1
5501,'Dimanche-10-_26ÉTÉ-0000001-',719,,40372,51,,,1,30,,40377,51,,,1,70,,40373,51,,,1,30,,40381,51,,,1,70,,40384,51,,,1,31,,40376,51,,,1,70,,40388,51,,,1,30,,40382,51,,,1,73,,40383,51,,,1,30,,40374,51,,,1,71,,40371,51,,,1,28,,40378,51,,,1,70,,40385,51,,,1,30,,40375,51,,,1,70,,40386,51,,,1,30,,40380,51,,,1,70,,40379,51,,,1,30,,40389,51,,,1,70,,40393,51,,,1,30,,40387,51,,,1,70,,40390,51,,,1,30,,40400,51,,,1,70,,40397,51,,,1,27,,40402,51,,,1,70,,40403,51,,,1,30,,40391,51,,,1,70,,40394,51,,,1,28,,40392,51,,,1,70,,40395,51,,,1,30,,40396,51,,,1,68,,40399,51,,,1,32,,40401,51,,,1,68,,40398,51,,,1
5501,'Dimanche-11-_26ÉTÉ-0000001-',719,,49243,51,,,1,30,,49248,51,,,1,70,,49244,51,,,1,30,,49252,51,,,1,70,,49255,51,,,1,31,,49247,51,,,1,70,,49259,51,,,1,30,,49253,51,,,1,73,,49254,51,,,1,30,,49245,51,,,1,71,,49242,51,,,1,28,,49249,51,,,1,70,,49256,51,,,1,30,,49246,51,,,1,70,,49257,51,,,1,30,,49251,51,,,1,70,,49250,51,,,1,30,,49260,51,,,1,70,,49264,51,,,1,30,,49258,51,,,1,70,,49261,51,,,1,30,,49271,51,,,1,70,,49268,51,,,1,27,,49273,51,,,1,70,,49274,51,,,1,30,,49262,51,,,1,70,,49265,51,,,1,28,,49263,51,,,1,70,,49266,51,,,1,30,,49267,51,,,1,68,,49270,51,,,1,32,,49272,51,,,1,68,,49269,51,,,1
5501,'Semaine-1-_26ÉTÉ-1111100-',535,,40417,51,,,1,16,,40424,51,,,1,465,,40436,51,,,1,23,,40448,18,,,1,8,,40440,51,,,1,67,,40406,51,,,1,30,,40413,51,,,1,70,,40426,51,,,1,30,,40437,51,,,1,70,,40433,51,,,1,30,,40414,51,,,1,70,,40446,51,,,1,30,,40405,51,,,1,73,,40411,51,,,1,90,,40415,51,,,1,98,,40420,51,,,1,100,,40425,51,,,1,99,,40442,51,,,1,20,,40431,51,,,1,30,,40419,51,,,1,70,,40435,51,,,1,30,,40428,51,,,1,70,,40447,51,,,1,30,,40421,51,,,1,70,,40427,51,,,1,29,,40429,51,,,1,70,,40416,51,,,1,28,,40434,51,,,1,70,,40432,51,,,1
5501,'Semaine-10-_26ÉTÉ-1111100-',535,,40463,51,,,1,16,,40470,51,,,1,465,,40482,51,,,1,23,,40494,18,,,1,8,,40486,51,,,1,67,,40452,51,,,1,30,,40459,51,,,1,70,,40472,51,,,1,30,,40483,51,,,1,70,,40479,51,,,1,30,,40460,51,,,1,70,,40492,51,,,1,30,,40451,51,,,1,73,,40457,51,,,1,90,,40461,51,,,1,98,,40466,51,,,1,100,,40471,51,,,1,99,,40488,51,,,1,20,,40477,51,,,1,30,,40465,51,,,1,70,,40481,51,,,1,30,,40474,51,,,1,70,,40493,51,,,1,30,,40467,51,,,1,70,,40473,51,,,1,29,,40475,51,,,1,70,,40462,51,,,1,28,,40480,51,,,1,70,,40478,51,,,1
5501,'Semaine-11-_26ÉTÉ-1111100-',535,,46706,51,,,1,16,,46713,51,,,1,465,,46725,51,,,1,23,,46737,18,,,1,8,,46729,51,,,1,67,,46695,51,,,1,30,,46702,51,,,1,70,,46715,51,,,1,30,,46726,51,,,1,70,,46722,51,,,1,30,,46703,51,,,1,70,,46735,51,,,1,30,,46694,51,,,1,73,,46700,51,,,1,90,,46704,51,,,1,98,,46709,51,,,1,100,,46714,51,,,1,99,,46731,51,,,1,20,,46720,51,,,1,30,,46708,51,,,1,70,,46724,51,,,1,30,,46717,51,,,1,70,,46736,51,,,1,30,,46710,51,,,1,70,,46716,51,,,1,29,,46718,51,,,1,70,,46705,51,,,1,28,,46723,51,,,1,70,,46721,51,,,1
5501,'Semaine-12-_26ÉTÉ-1111100-',535,,53287,51,,,1,16,,53294,51,,,1,465,,53306,51,,,1,23,,53318,18,,,1,8,,53310,51,,,1,67,,53276,51,,,1,30,,53283,51,,,1,70,,53296,51,,,1,30,,53307,51,,,1,70,,53303,51,,,1,30,,53284,51,,,1,70,,53316,51,,,1,30,,53275,51,,,1,73,,53281,51,,,1,90,,53285,51,,,1,98,,53290,51,,,1,100,,53295,51,,,1,99,,53312,51,,,1,20,,53301,51,,,1,30,,53289,51,,,1,70,,53305,51,,,1,30,,53298,51,,,1,70,,53317,51,,,1,30,,53291,51,,,1,70,,53297,51,,,1,29,,53299,51,,,1,70,,53286,51,,,1,28,,53304,51,,,1,70,,53302,51,,,1
5501,'Semaine-5-_26ÉTÉ-1111100-',535,,50853,51,,,1,16,,50860,51,,,1,465,,50872,51,,,1,23,,50884,18,,,1,8,,50876,51,,,1,67,,50842,51,,,1,30,,50849,51,,,1,70,,50862,51,,,1,30,,50873,51,,,1,70,,50869,51,,,1,30,,50850,51,,,1,70,,50882,51,,,1,30,,50841,51,,,1,73,,50847,51,,,1,90,,50851,51,,,1,98,,50856,51,,,1,100,,50861,51,,,1,99,,50878,51,,,1,20,,50867,51,,,1,30,,50855,51,,,1,70,,50871,51,,,1,30,,50864,51,,,1,70,,50883,51,,,1,30,,50857,51,,,1,70,,50863,51,,,1,29,,50865,51,,,1,70,,50852,51,,,1,28,,50870,51,,,1,70,,50868,51,,,1
5901,'Samedi-0-_26ÉTÉ-0000010-',730,,40754,40,,,1,70,,40761,40,,,1,32,,40758,40,,,1,70,,40763,40,,,1,30,,40755,40,,,1,70,,40760,40,,,1,31,,40759,40,,,1,70,,40762,40,,,1,30,,40766,40,,,1,71,,40767,40,,,1,30,,40756,40,,,1,70,,40757,40,,,1,30,,40765,40,,,1,70,,40764,40,,,1,30,,40768,40,,,1,70,,40769,40,,,1,30,,40770,40,,,1,70,,40771,40,,,1,30,,40772,40,,,1,70,,40773,40,,,1,30,,40774,40,,,1,70,,40775,40,,,1,30,,40776,40,,,1,67,,40777,40,,,1,30,,40778,40,,,1,71,,40780,40,,,1,30,,40779,40,,,1,68,,40781,40,,,1,30,,40782,40,,,1,70,,40783,40,,,1,30,,40785,40,,,1,28,,40784,40,,,1
5901,'Dimanche-0-_26ÉTÉ-0000001-',730,,40792,40,,,1,70,,40795,40,,,1,32,,40797,40,,,1,70,,40788,40,,,1,30,,40791,40,,,1,70,,40794,40,,,1,31,,40798,40,,,1,70,,40786,40,,,1,30,,40789,40,,,1,71,,40803,40,,,1,30,,40796,40,,,1,70,,40787,40,,,1,30,,40790,40,,,1,70,,40793,40,,,1,30,,40800,40,,,1,70,,40799,40,,,1,30,,40802,40,,,1,70,,40804,40,,,1,30,,40801,40,,,1,70,,40810,40,,,1,30,,40811,40,,,1,70,,40807,40,,,1,30,,40806,40,,,1,67,,40816,40,,,1,30,,40813,40,,,1,71,,40814,40,,,1,30,,40805,40,,,1,68,,40808,40,,,1,30,,40812,40,,,1,70,,40809,40,,,1,30,,40815,40,,,1,28,,40817,40,,,1
5901,'Dimanche-10-_26ÉTÉ-0000001-',730,,40824,40,,,1,70,,40827,40,,,1,32,,40829,40,,,1,70,,40820,40,,,1,30,,40823,40,,,1,70,,40826,40,,,1,31,,40830,40,,,1,70,,40818,40,,,1,30,,40821,40,,,1,71,,40835,40,,,1,30,,40828,40,,,1,70,,40819,40,,,1,30,,40822,40,,,1,70,,40825,40,,,1,30,,40832,40,,,1,70,,40831,40,,,1,30,,40834,40,,,1,70,,40836,40,,,1,30,,40833,40,,,1,70,,40842,40,,,1,30,,40843,40,,,1,70,,40839,40,,,1,30,,40838,40,,,1,67,,40848,40,,,1,30,,40845,40,,,1,71,,40846,40,,,1,30,,40837,40,,,1,68,,40840,40,,,1,30,,40844,40,,,1,70,,40841,40,,,1,30,,40847,40,,,1,28,,40849,40,,,1
5901,'Dimanche-11-_26ÉTÉ-0000001-',730,,49315,40,,,1,70,,49318,40,,,1,32,,49320,40,,,1,70,,49311,40,,,1,30,,49314,40,,,1,70,,49317,40,,,1,31,,49321,40,,,1,70,,49309,40,,,1,30,,49312,40,,,1,71,,49326,40,,,1,30,,49319,40,,,1,70,,49310,40,,,1,30,,49313,40,,,1,70,,49316,40,,,1,30,,49323,40,,,1,70,,49322,40,,,1,30,,49325,40,,,1,70,,49327,40,,,1,30,,49324,40,,,1,70,,49333,40,,,1,30,,49334,40,,,1,70,,49330,40,,,1,30,,49329,40,,,1,67,,49339,40,,,1,30,,49336,40,,,1,71,,49337,40,,,1,30,,49328,40,,,1,68,,49331,40,,,1,30,,49335,40,,,1,70,,49332,40,,,1,30,,49338,40,,,1,28,,49340,40,,,1
5901,'Semaine-1-_26ÉTÉ-1111100-',529,,40854,40,,,1,14,,40890,40,,,1,15,,40863,40,,,1,471,,40891,40,,,1,30,,40878,40,,,1,70,,40860,40,,,1,30,,40871,40,,,1,70,,40874,40,,,1,30,,40859,40,,,1,70,,40888,40,,,1,30,,40850,40,,,1,70,,40892,40,,,1,30,,40882,40,,,1,79,,40885,40,,,1,99,,40889,40,,,1,100,,40869,40,,,1,98,,40876,40,,,1,74,,40881,40,,,1,30,,40868,40,,,1,70,,40875,40,,,1,30,,40880,40,,,1,69,,40887,40,,,1,30,,40865,40,,,1,70,,40883,40,,,1,30,,40873,40,,,1,70,,40856,40,,,1,30,,40866,40,,,1,70,,40879,40,,,1
5901,'Semaine-10-_26ÉTÉ-1111100-',529,,40901,40,,,1,14,,40937,40,,,1,15,,40910,40,,,1,471,,40938,40,,,1,30,,40925,40,,,1,70,,40907,40,,,1,30,,40918,40,,,1,70,,40921,40,,,1,30,,40906,40,,,1,70,,40935,40,,,1,30,,40897,40,,,1,70,,40939,40,,,1,30,,40929,40,,,1,79,,40932,40,,,1,99,,40936,40,,,1,100,,40916,40,,,1,98,,40923,40,,,1,74,,40928,40,,,1,30,,40915,40,,,1,70,,40922,40,,,1,30,,40927,40,,,1,69,,40934,40,,,1,30,,40912,40,,,1,70,,40930,40,,,1,30,,40920,40,,,1,70,,40903,40,,,1,30,,40913,40,,,1,70,,40926,40,,,1
5901,'Semaine-11-_26ÉTÉ-1111100-',529,,46887,40,,,1,14,,46923,40,,,1,15,,46896,40,,,1,471,,46924,40,,,1,30,,46911,40,,,1,70,,46893,40,,,1,30,,46904,40,,,1,70,,46907,40,,,1,30,,46892,40,,,1,70,,46921,40,,,1,30,,46883,40,,,1,70,,46925,40,,,1,30,,46915,40,,,1,79,,46918,40,,,1,99,,46922,40,,,1,100,,46902,40,,,1,98,,46909,40,,,1,74,,46914,40,,,1,30,,46901,40,,,1,70,,46908,40,,,1,30,,46913,40,,,1,69,,46920,40,,,1,30,,46898,40,,,1,70,,46916,40,,,1,30,,46906,40,,,1,70,,46889,40,,,1,30,,46899,40,,,1,70,,46912,40,,,1
5901,'Semaine-12-_26ÉTÉ-1111100-',529,,53402,40,,,1,14,,53438,40,,,1,15,,53411,40,,,1,471,,53439,40,,,1,30,,53426,40,,,1,70,,53408,40,,,1,30,,53419,40,,,1,70,,53422,40,,,1,30,,53407,40,,,1,70,,53436,40,,,1,30,,53398,40,,,1,70,,53440,40,,,1,30,,53430,40,,,1,79,,53433,40,,,1,99,,53437,40,,,1,100,,53417,40,,,1,98,,53424,40,,,1,74,,53429,40,,,1,30,,53416,40,,,1,70,,53423,40,,,1,30,,53428,40,,,1,69,,53435,40,,,1,30,,53413,40,,,1,70,,53431,40,,,1,30,,53421,40,,,1,70,,53404,40,,,1,30,,53414,40,,,1,70,,53427,40,,,1
5901,'Semaine-5-_26ÉTÉ-1111100-',529,,50968,40,,,1,14,,51004,40,,,1,15,,50977,40,,,1,471,,51005,40,,,1,30,,50992,40,,,1,70,,50974,40,,,1,30,,50985,40,,,1,70,,50988,40,,,1,30,,50973,40,,,1,70,,51002,40,,,1,30,,50964,40,,,1,70,,51006,40,,,1,30,,50996,40,,,1,79,,50999,40,,,1,99,,51003,40,,,1,100,,50983,40,,,1,98,,50990,40,,,1,74,,50995,40,,,1,30,,50982,40,,,1,70,,50989,40,,,1,30,,50994,40,,,1,69,,51001,40,,,1,30,,50979,40,,,1,70,,50997,40,,,1,30,,50987,40,,,1,70,,50970,40,,,1,30,,50980,40,,,1,70,,50993,40,,,1
37101,'Samedi-0-_26ÉTÉ-0000010-',739,,44208,35,,,1,99,,44207,35,,,1,104,,44211,35,,,1,100,,44210,35,,,1,99,,44212,35,,,1,102,,44209,35,,,1,101,,44213,35,,,1,100,,44214,35,,,1,98,,44215,35,,,1,100,,44216,35,,,1,98,,44217,35,,,1,100,,44218,35,,,1,100,,44219,35,,,1,98,,44220,35,,,1,100,,44221,35,,,1,97,,44222,35,,,1,100,,44223,35,,,1
37101,'Dimanche-0-_26ÉTÉ-0000001-',739,,44227,35,,,1,99,,44224,35,,,1,104,,44228,35,,,1,100,,44225,35,,,1,99,,44231,35,,,1,102,,44226,35,,,1,101,,44229,35,,,1,100,,44234,35,,,1,98,,44230,35,,,1,100,,44235,35,,,1,98,,44240,35,,,1,100,,44232,35,,,1,100,,44233,35,,,1,98,,44237,35,,,1,100,,44239,35,,,1,97,,44236,35,,,1,100,,44238,35,,,1
37101,'Dimanche-10-_26ÉTÉ-0000001-',739,,44244,35,,,1,99,,44241,35,,,1,104,,44245,35,,,1,100,,44242,35,,,1,99,,44248,35,,,1,102,,44243,35,,,1,101,,44246,35,,,1,100,,44251,35,,,1,98,,44247,35,,,1,100,,44252,35,,,1,98,,44257,35,,,1,100,,44249,35,,,1,100,,44250,35,,,1,98,,44254,35,,,1,100,,44256,35,,,1,97,,44253,35,,,1,100,,44255,35,,,1
37101,'Dimanche-11-_26ÉTÉ-0000001-',739,,49733,35,,,1,99,,49730,35,,,1,104,,49734,35,,,1,100,,49731,35,,,1,99,,49737,35,,,1,102,,49732,35,,,1,101,,49735,35,,,1,100,,49740,35,,,1,98,,49736,35,,,1,100,,49741,35,,,1,98,,49746,35,,,1,100,,49738,35,,,1,100,,49739,35,,,1,98,,49743,35,,,1,100,,49745,35,,,1,97,,49742,35,,,1,100,,49744,35,,,1
37101,'Semaine-1-_26ÉTÉ-1111100-',547,,44274,35,,,1,473,,44267,35,,,1,100,,44265,35,,,1,100,,44266,35,,,1,102,,44280,35,,,1,100,,44263,35,,,1,101,,44264,35,,,1,31,,44261,35,,,1,68,,44268,35,,,1,31,,44278,35,,,1,69,,44279,35,,,1,30,,44258,35,,,1,80,,44262,35,,,1,94,,44273,35,,,1,100,,44275,35,,,1,100,,44259,35,,,1,99,,44269,35,,,1,183,,44271,35,,,1
37101,'Semaine-10-_26ÉTÉ-1111100-',547,,44299,35,,,1,473,,44292,35,,,1,100,,44290,35,,,1,100,,44291,35,,,1,102,,44305,35,,,1,100,,44288,35,,,1,101,,44289,35,,,1,31,,44286,35,,,1,68,,44293,35,,,1,31,,44303,35,,,1,69,,44304,35,,,1,30,,44283,35,,,1,80,,44287,35,,,1,94,,44298,35,,,1,100,,44300,35,,,1,100,,44284,35,,,1,99,,44294,35,,,1,183,,44296,35,,,1
37101,'Semaine-11-_26ÉTÉ-1111100-',547,,48400,35,,,1,473,,48393,35,,,1,100,,48391,35,,,1,100,,48392,35,,,1,102,,48406,35,,,1,100,,48389,35,,,1,101,,48390,35,,,1,31,,48387,35,,,1,68,,48394,35,,,1,31,,48404,35,,,1,69,,48405,35,,,1,30,,48384,35,,,1,80,,48388,35,,,1,94,,48399,35,,,1,100,,48401,35,,,1,100,,48385,35,,,1,99,,48395,35,,,1,183,,48397,35,,,1
37101,'Semaine-12-_26ÉTÉ-1111100-',547,,54509,35,,,1,473,,54502,35,,,1,100,,54500,35,,,1,100,,54501,35,,,1,102,,54515,35,,,1,100,,54498,35,,,1,101,,54499,35,,,1,31,,54496,35,,,1,68,,54503,35,,,1,31,,54513,35,,,1,69,,54514,35,,,1,30,,54493,35,,,1,80,,54497,35,,,1,94,,54508,35,,,1,100,,54510,35,,,1,100,,54494,35,,,1,99,,54504,35,,,1,183,,54506,35,,,1
37101,'Semaine-5-_26ÉTÉ-1111100-',547,,52077,35,,,1,473,,52070,35,,,1,100,,52068,35,,,1,100,,52069,35,,,1,102,,52083,35,,,1,100,,52066,35,,,1,101,,52067,35,,,1,31,,52064,35,,,1,68,,52071,35,,,1,31,,52081,35,,,1,69,,52082,35,,,1,30,,52061,35,,,1,80,,52065,35,,,1,94,,52076,35,,,1,100,,52078,35,,,1,100,,52062,35,,,1,99,,52072,35,,,1,183,,52074,35,,,1
