2601,'Semaine-1-_26ÉTÉ-1111100-',554,,37394,9,,,1,71,,37396,9,,,1,31,,37397,9,,,1,64,,37395,9,,,1,36,,37393,9,,,2
2601,'Semaine-10-_26ÉTÉ-1111100-',554,,37399,9,,,1,71,,37401,9,,,1,31,,37402,9,,,1,64,,37400,9,,,1,36,,37398,9,,,2
2601,'Semaine-11-_26ÉTÉ-1111100-',554,,45402,9,,,1,71,,45404,9,,,1,31,,45405,9,,,1,64,,45403,9,,,1,36,,45401,9,,,2
2601,'Semaine-12-_26ÉTÉ-1111100-',554,,52410,9,,,1,71,,52412,9,,,1,31,,52413,9,,,1,64,,52411,9,,,1,36,,52409,9,,,2
2601,'Semaine-5-_26ÉTÉ-1111100-',554,,49973,9,,,1,71,,49975,9,,,1,31,,49976,9,,,1,64,,49974,9,,,1,36,,49972,9,,,2
4801,'Semaine-1-_26ÉTÉ-1111100-',737,,39665,33,,,1
4801,'Semaine-10-_26ÉTÉ-1111100-',737,,39666,33,,,1
4801,'Semaine-11-_26ÉTÉ-1111100-',737,,46393,33,,,1
4801,'Semaine-12-_26ÉTÉ-1111100-',737,,53113,33,,,1
4801,'Semaine-5-_26ÉTÉ-1111100-',737,,50677,33,,,1
42600,'Semaine-5-_26ÉTÉ-1111100-',724,,52272,9,,,1
82601,'Semaine-5-_26ÉTÉ-1111100-',746,,52362,25,,,1
