6700,'Samedi-0-_26ÉTÉ-0000010-',725,,41794,27,,,2,101,,41793,27,,,1,100,,41792,27,,,1,31,,41788,27,,,1,70,,41796,27,,,1,30,,41789,27,,,1,70,,41790,27,,,1,31,,41795,27,,,1,70,,41800,27,,,1,30,,41791,27,,,1,70,,41799,27,,,1,30,,41797,27,,,1,70,,41798,27,,,1,72,,41801,27,,,2,30,,41802,27,,,2,70,,41803,27,,,1,30,,41804,27,,,1,28,,41805,27,,,2,70,,41806,27,,,2,30,,41807,27,,,1,70,,41808,27,,,1,30,,41809,27,,,2,69,,41810,27,,,1,30,,41811,27,,,1,100,,41815,27,,,2,100,,41812,27,,,2,100,,41813,27,,,1,99,,41814,27,,,1
6700,'Samedi-10-_26ÉTÉ-0000010-',725,,47304,27,,,2,101,,47303,27,,,1,100,,47302,27,,,1,31,,47298,27,,,1,70,,47306,27,,,1,30,,47299,27,,,1,70,,47300,27,,,1,31,,47305,27,,,1,70,,47310,27,,,1,30,,47301,27,,,1,70,,47309,27,,,1,30,,47307,27,,,1,70,,47308,27,,,1,72,,47311,27,,,2,30,,47312,27,,,2,70,,47313,27,,,1,30,,47314,27,,,1,28,,47315,27,,,2,70,,47316,27,,,2,30,,47317,27,,,1,70,,47318,27,,,1,30,,47319,27,,,2,69,,47320,27,,,1,30,,47321,27,,,1,100,,47325,27,,,2,100,,47322,27,,,2,100,,47323,27,,,1,99,,47324,27,,,1
6700,'Dimanche-0-_26ÉTÉ-0000001-',725,,41822,27,,,2,101,,41816,27,,,1,100,,41819,27,,,1,31,,41821,27,,,1,70,,41827,27,,,1,30,,41824,27,,,1,70,,41830,27,,,1,31,,41832,27,,,1,70,,41826,27,,,1,30,,41828,27,,,1,70,,41817,27,,,1,30,,41818,27,,,1,70,,41820,27,,,1,72,,41823,27,,,2,30,,41829,27,,,2,70,,41825,27,,,1,30,,41831,27,,,1,28,,41840,27,,,2,70,,41839,27,,,2,30,,41835,27,,,1,70,,41833,27,,,1,30,,41843,27,,,2,69,,41834,27,,,1,30,,41841,27,,,1,100,,41838,27,,,2,100,,41837,27,,,2,100,,41836,27,,,1,99,,41842,27,,,1
6700,'Dimanche-10-_26ÉTÉ-0000001-',725,,41850,27,,,2,101,,41844,27,,,1,100,,41847,27,,,1,31,,41849,27,,,1,70,,41855,27,,,1,30,,41852,27,,,1,70,,41858,27,,,1,31,,41860,27,,,1,70,,41854,27,,,1,30,,41856,27,,,1,70,,41845,27,,,1,30,,41846,27,,,1,70,,41848,27,,,1,72,,41851,27,,,2,30,,41857,27,,,2,70,,41853,27,,,1,30,,41859,27,,,1,28,,41868,27,,,2,70,,41867,27,,,2,30,,41863,27,,,1,70,,41861,27,,,1,30,,41871,27,,,2,69,,41862,27,,,1,30,,41869,27,,,1,100,,41866,27,,,2,100,,41865,27,,,2,100,,41864,27,,,1,99,,41870,27,,,1
6700,'Semaine-1-_26ÉTÉ-1111100-',627,,41880,27,,,1,31,,41874,27,,,1,68,,41882,27,,,1,22,,41891,27,,,1,60,,41875,27,,,2,17,,41900,27,,,1,30,,41885,27,,,1,71,,41893,27,,,1,20,,41883,27,,,2,59,,41903,27,,,2,20,,41901,27,,,1,21,,41888,27,,,2,60,,41904,27,,,2,20,,41894,27,,,1,20,,41897,27,,,2,60,,41905,27,,,1,20,,41902,27,,,1,20,,41889,27,,,1,60,,41906,27,,,1,20,,41895,27,,,1,20,,41898,27,,,2,60,,41907,27,,,1,22,,41887,27,,,1,20,,41890,27,,,2,57,,41908,27,,,1,330,,41910,27,,,1,15,,41884,27,,,2,56,,41909,27,,,1,19,,41892,27,,,1,30,,41872,27,,,1,70,,41896,27,,,2,30,,41876,27,,,1,70,,41899,27,,,1,31,,41873,27,,,1,69,,41881,27,,,2,30,,41877,27,,,1,68,,41886,27,,,2,29,,41879,27,,,2,69,,41878,27,,,1
6700,'Semaine-10-_26ÉTÉ-1111100-',627,,41919,27,,,1,31,,41913,27,,,1,68,,41921,27,,,1,22,,41930,27,,,1,60,,41914,27,,,2,17,,41939,27,,,1,30,,41924,27,,,1,71,,41932,27,,,1,20,,41922,27,,,2,59,,41942,27,,,2,20,,41940,27,,,1,21,,41927,27,,,2,60,,41943,27,,,2,20,,41933,27,,,1,20,,41936,27,,,2,60,,41944,27,,,1,20,,41941,27,,,1,20,,41928,27,,,1,60,,41945,27,,,1,20,,41934,27,,,1,20,,41937,27,,,2,60,,41946,27,,,2,22,,41926,27,,,1,20,,41929,27,,,2,57,,41947,27,,,1,330,,41949,27,,,1,15,,41923,27,,,2,56,,41948,27,,,1,19,,41931,27,,,1,30,,41911,27,,,1,70,,41935,27,,,2,30,,41915,27,,,1,70,,41938,27,,,1,31,,41912,27,,,1,69,,41920,27,,,2,30,,41916,27,,,1,68,,41925,27,,,2,29,,41918,27,,,2,69,,41917,27,,,1
6700,'Semaine-11-_26ÉTÉ-1111100-',627,,47334,27,,,1,31,,47328,27,,,1,68,,47336,27,,,1,22,,47345,27,,,1,60,,47329,27,,,2,17,,47354,27,,,1,30,,47339,27,,,1,71,,47347,27,,,1,20,,47337,27,,,2,59,,47357,27,,,2,20,,47355,27,,,1,21,,47342,27,,,2,60,,47358,27,,,2,20,,47348,27,,,1,20,,47351,27,,,2,60,,47359,27,,,1,20,,47356,27,,,1,20,,47343,27,,,1,60,,47360,27,,,1,20,,47349,27,,,1,20,,47352,27,,,2,60,,47361,27,,,1,22,,47341,27,,,1,20,,47344,27,,,2,57,,47362,27,,,1,330,,47364,27,,,1,15,,47338,27,,,2,56,,47363,27,,,1,19,,47346,27,,,1,30,,47326,27,,,1,70,,47350,27,,,2,30,,47330,27,,,1,70,,47353,27,,,1,31,,47327,27,,,1,69,,47335,27,,,2,30,,47331,27,,,1,68,,47340,27,,,2,29,,47333,27,,,2,69,,47332,27,,,1
8500,'Semaine-1-_26ÉTÉ-1111100-',1528,,43600,21,,,1,20,,43595,21,,,2,56,,43592,21,,,1,16,,43601,21,,,2,15,,43591,21,,,1,14,,43594,21,,,1,56,,43599,21,,,2,19,,43597,21,,,1,17,,43596,21,,,2,61,,43593,21,,,1,16,,43598,21,,,2
8500,'Semaine-10-_26ÉTÉ-1111100-',1528,,43611,21,,,1,20,,43606,21,,,2,56,,43603,21,,,1,16,,43612,21,,,2,15,,43602,21,,,1,14,,43605,21,,,1,56,,43610,21,,,2,19,,43608,21,,,1,17,,43607,21,,,1,61,,43604,21,,,1,16,,43609,21,,,2
8500,'Semaine-11-_26ÉTÉ-1111100-',1528,,48093,21,,,1,20,,48088,21,,,2,56,,48085,21,,,1,16,,48094,21,,,2,15,,48084,21,,,1,14,,48087,21,,,1,56,,48092,21,,,2,19,,48090,21,,,1,17,,48089,21,,,2,61,,48086,21,,,1,16,,48091,21,,,2
8700,'Semaine-1-_26ÉTÉ-1111100-',1519,,43642,25,,,2,21,,43641,25,,,1,60,,43634,25,,,1,14,,43636,25,,,1,15,,43633,25,,,1,17,,43643,25,,,1,57,,43639,25,,,1,14,,43640,25,,,2,18,,43635,25,,,1,18,,43638,25,,,1,56,,43637,25,,,2
8700,'Semaine-10-_26ÉTÉ-1111100-',1519,,43653,25,,,2,21,,43652,25,,,1,60,,43645,25,,,1,14,,43647,25,,,1,15,,43644,25,,,1,17,,43654,25,,,1,57,,43650,25,,,1,14,,43651,25,,,2,18,,43646,25,,,1,18,,43649,25,,,1,56,,43648,25,,,2
8700,'Semaine-11-_26ÉTÉ-1111100-',1519,,48114,25,,,2,21,,48113,25,,,1,60,,48106,25,,,1,14,,48108,25,,,1,15,,48105,25,,,1,17,,48115,25,,,1,57,,48111,25,,,1,14,,48112,25,,,2,18,,48107,25,,,1,18,,48110,25,,,1,56,,48109,25,,,2
