9501,'Semaine-1-_26ÉTÉ-1111100-',557,,43729,45,,,1,55,,43725,45,,,1,16,,43727,45,,,1,15,,43732,45,,,2,16,,43728,45,,,2,55,,43730,45,,,2,17,,43731,45,,,1,13,,43726,45,,,2
9501,'Semaine-10-_26ÉTÉ-1111100-',557,,43737,45,,,1,55,,43733,45,,,1,16,,43735,45,,,1,15,,43740,45,,,2,16,,43736,45,,,2,55,,43738,45,,,2,17,,43739,45,,,1,13,,43734,45,,,2
9501,'Semaine-11-_26ÉTÉ-1111100-',557,,48155,45,,,1,55,,48151,45,,,1,16,,48153,45,,,1,15,,48158,45,,,2,16,,48154,45,,,2,55,,48156,45,,,2,17,,48157,45,,,1,13,,48152,45,,,2
9701,'Samedi-0-_26ÉTÉ-0000010-',751,,43834,49,,,2,100,,43837,49,,,1,101,,43835,49,,,2,100,,43838,49,,,2,99,,43832,49,,,1,100,,43833,49,,,1,101,,43836,49,,,2,100,,43839,49,,,2,100,,43840,49,,,1,100,,43841,49,,,2,100,,43842,49,,,2,100,,43843,49,,,1,100,,43847,49,,,1,100,,43844,49,,,1,99,,43845,49,,,1,100,,43846,49,,,1
9701,'Samedi-10-_26ÉTÉ-0000010-',751,,48198,49,,,2,100,,48201,49,,,1,101,,48199,49,,,2,100,,48202,49,,,2,99,,48196,49,,,1,100,,48197,49,,,1,101,,48200,49,,,2,100,,48203,49,,,2,100,,48204,49,,,1,100,,48205,49,,,2,100,,48206,49,,,2,100,,48207,49,,,1,100,,48211,49,,,1,100,,48208,49,,,1,99,,48209,49,,,1,100,,48210,49,,,1
9701,'Dimanche-0-_26ÉTÉ-0000001-',751,,43854,49,,,2,100,,43851,49,,,1,101,,43852,49,,,2,100,,43855,49,,,2,99,,43850,49,,,1,100,,43849,49,,,1,101,,43848,49,,,2,100,,43853,49,,,2,100,,43857,49,,,1,100,,43856,49,,,2,100,,43861,49,,,2,100,,43862,49,,,1,100,,43863,49,,,1,100,,43858,49,,,1,99,,43859,49,,,1,100,,43860,49,,,1
9701,'Dimanche-10-_26ÉTÉ-0000001-',751,,43870,49,,,2,100,,43867,49,,,1,101,,43868,49,,,2,100,,43871,49,,,2,99,,43866,49,,,1,100,,43865,49,,,1,101,,43864,49,,,2,100,,43869,49,,,2,100,,43873,49,,,1,100,,43872,49,,,2,100,,43877,49,,,2,100,,43878,49,,,1,100,,43879,49,,,1,100,,43874,49,,,1,99,,43875,49,,,1,100,,43876,49,,,1
9701,'Dimanche-11-_26ÉTÉ-0000001-',751,,49703,49,,,2,100,,49700,49,,,1,101,,49701,49,,,2,100,,49704,49,,,2,99,,49699,49,,,1,100,,49698,49,,,1,101,,49697,49,,,2,100,,49702,49,,,2,100,,49706,49,,,1,100,,49705,49,,,2,100,,49710,49,,,2,100,,49711,49,,,1,100,,49712,49,,,1,100,,49707,49,,,1,99,,49708,49,,,1,100,,49709,49,,,1
9701,'Semaine-1-_26ÉTÉ-1111100-',633,,43894,49,,,1,99,,43887,49,,,2,111,,43896,49,,,1,103,,43885,49,,,2,100,,43882,49,,,1,100,,43895,49,,,2,98,,43890,49,,,2,101,,43886,49,,,1,101,,43892,49,,,2,103,,43880,49,,,1,97,,43883,49,,,1,99,,43891,49,,,1,97,,43893,49,,,2,94,,43884,49,,,2,98,,43888,49,,,1,100,,43881,49,,,2,100,,43889,49,,,1
9701,'Semaine-10-_26ÉTÉ-1111100-',633,,43911,49,,,1,99,,43904,49,,,2,111,,43913,49,,,1,103,,43902,49,,,2,100,,43899,49,,,1,100,,43912,49,,,2,98,,43907,49,,,2,101,,43903,49,,,1,101,,43909,49,,,2,103,,43897,49,,,1,97,,43900,49,,,1,99,,43908,49,,,1,97,,43910,49,,,2,94,,43901,49,,,2,98,,43905,49,,,1,100,,43898,49,,,2,100,,43906,49,,,1
9701,'Semaine-11-_26ÉTÉ-1111100-',633,,48226,49,,,1,99,,48219,49,,,2,111,,48228,49,,,1,103,,48217,49,,,2,100,,48214,49,,,1,100,,48227,49,,,2,98,,48222,49,,,2,101,,48218,49,,,1,101,,48224,49,,,2,103,,48212,49,,,1,97,,48215,49,,,1,99,,48223,49,,,1,97,,48225,49,,,2,94,,48216,49,,,2,98,,48220,49,,,1,100,,48213,49,,,2,100,,48221,49,,,1
9801,'Semaine-1-_26ÉTÉ-1111100-',529,,43914,45,,,1,10,,43915,45,,,1,10,,43916,45,,,1
9801,'Semaine-10-_26ÉTÉ-1111100-',529,,43917,45,,,1,10,,43918,45,,,1,10,,43919,45,,,1
9801,'Semaine-11-_26ÉTÉ-1111100-',529,,48229,45,,,1,10,,48230,45,,,1,10,,48231,45,,,1
