9300,'Semaine-1-_26ÉTÉ-1111100-',1543,,43682,26,,,2,60,,43685,26,,,2,21,,43681,26,,,1,20,,43684,26,,,1,71,,43683,26,,,2,30,,43679,26,,,2,67,,43680,26,,,1
9300,'Semaine-10-_26ÉTÉ-1111100-',1543,,43689,26,,,2,60,,43692,26,,,2,21,,43688,26,,,1,20,,43691,26,,,1,71,,43690,26,,,2,30,,43686,26,,,2,67,,43687,26,,,1
9300,'Semaine-11-_26ÉTÉ-1111100-',1543,,48131,26,,,2,60,,48134,26,,,2,21,,48130,26,,,1,20,,48133,26,,,1,71,,48132,26,,,2,30,,48128,26,,,2,67,,48129,26,,,1
9700,'Samedi-0-_26ÉTÉ-0000010-',826,,43743,11,,,2,100,,43746,11,,,2,100,,43741,11,,,1,100,,43742,11,,,1,100,,43745,11,,,2,100,,43744,11,,,2,100,,43747,11,,,1,100,,43748,11,,,2,100,,43749,11,,,2,101,,43750,11,,,1,100,,43755,11,,,1,100,,43751,11,,,1,100,,43752,11,,,1,100,,43753,11,,,1,99,,43754,11,,,2,100,,43756,11,,,1,100,,43757,11,,,1
9700,'Samedi-10-_26ÉTÉ-0000010-',826,,48161,11,,,2,100,,48164,11,,,2,100,,48159,11,,,1,100,,48160,11,,,1,100,,48163,11,,,2,100,,48162,11,,,2,100,,48165,11,,,1,100,,48166,11,,,2,100,,48167,11,,,2,101,,48168,11,,,1,100,,48173,11,,,1,100,,48169,11,,,1,100,,48170,11,,,1,100,,48171,11,,,1,99,,48172,11,,,2,100,,48174,11,,,1,100,,48175,11,,,1
9700,'Dimanche-0-_26ÉTÉ-0000001-',826,,43761,11,,,2,100,,43763,11,,,2,100,,43760,11,,,1,100,,43759,11,,,1,100,,43758,11,,,2,100,,43762,11,,,2,100,,43765,11,,,1,100,,43764,11,,,2,100,,43770,11,,,2,101,,43772,11,,,1,100,,43774,11,,,1,100,,43766,11,,,1,100,,43767,11,,,1,100,,43768,11,,,1,99,,43769,11,,,2,100,,43773,11,,,1,100,,43771,11,,,1
9700,'Dimanche-10-_26ÉTÉ-0000001-',826,,43778,11,,,2,100,,43780,11,,,2,100,,43777,11,,,1,100,,43776,11,,,1,100,,43775,11,,,2,100,,43779,11,,,2,100,,43782,11,,,1,100,,43781,11,,,2,100,,43787,11,,,2,101,,43789,11,,,1,100,,43791,11,,,1,100,,43783,11,,,1,100,,43784,11,,,1,100,,43785,11,,,1,99,,43786,11,,,2,100,,43790,11,,,1,100,,43788,11,,,1
9700,'Dimanche-11-_26ÉTÉ-0000001-',826,,49683,11,,,2,100,,49685,11,,,2,100,,49682,11,,,1,100,,49681,11,,,1,100,,49680,11,,,2,100,,49684,11,,,2,100,,49687,11,,,1,100,,49686,11,,,2,100,,49692,11,,,2,101,,49694,11,,,1,100,,49696,11,,,1,100,,49688,11,,,1,100,,49689,11,,,1,100,,49690,11,,,1,99,,49691,11,,,2,100,,49695,11,,,1,100,,49693,11,,,1
9700,'Semaine-1-_26ÉTÉ-1111100-',658,,43810,11,,,1,66,,43811,11,,,1,97,,43800,11,,,2,101,,43796,11,,,1,96,,43809,11,,,2,100,,43804,11,,,2,100,,43801,11,,,1,100,,43806,11,,,2,101,,43792,11,,,1,94,,43797,11,,,1,105,,43805,11,,,1,96,,43807,15,,,2,103,,43798,15,,,2,34,,43793,15,,,2,59,,43802,11,,,1,102,,43794,11,,,2,99,,43803,11,,,1,100,,43799,11,,,1,102,,43795,11,,,2,110,,43808,11,,,1
9700,'Semaine-10-_26ÉTÉ-1111100-',658,,43830,11,,,1,66,,43831,11,,,1,97,,43820,11,,,2,101,,43816,11,,,1,96,,43829,11,,,2,100,,43824,11,,,2,100,,43821,11,,,1,100,,43826,11,,,2,101,,43812,11,,,1,94,,43817,11,,,1,105,,43825,11,,,1,96,,43827,15,,,2,103,,43818,15,,,2,34,,43813,15,,,2,59,,43822,11,,,1,102,,43814,11,,,2,99,,43823,11,,,1,100,,43819,11,,,1,102,,43815,11,,,2,110,,43828,11,,,1
9700,'Semaine-11-_26ÉTÉ-1111100-',658,,48194,11,,,1,66,,48195,11,,,1,97,,48184,11,,,2,101,,48180,11,,,1,96,,48193,11,,,2,100,,48188,11,,,2,100,,48185,11,,,1,100,,48190,11,,,2,101,,48176,11,,,1,94,,48181,11,,,1,105,,48189,11,,,1,96,,48191,15,,,2,103,,48182,15,,,2,34,,48177,15,,,2,59,,48186,11,,,1,102,,48178,11,,,2,99,,48187,11,,,1,100,,48183,11,,,1,102,,48179,11,,,2,110,,48192,11,,,1
