2001,'Semaine-1-_26ÉTÉ-1111100-',1547,,37331,17,,,1,101,,37332,17,,,1,99,,37333,17,,,2
2001,'Semaine-10-_26ÉTÉ-1111100-',1547,,37334,17,,,1,101,,37335,17,,,1,99,,37336,17,,,2
2001,'Semaine-11-_26ÉTÉ-1111100-',1547,,45370,17,,,1,101,,45371,17,,,1,99,,45372,17,,,2
2001,'Semaine-12-_26ÉTÉ-1111100-',1547,,52378,17,,,1,101,,52379,17,,,1,99,,52380,17,,,2
2001,'Semaine-5-_26ÉTÉ-1111100-',1547,,49941,17,,,1,101,,49942,17,,,1,99,,49943,17,,,2
3501,'Semaine-1-_26ÉTÉ-1111100-',554,,38639,24,,,1,81,,38614,24,,,2,21,,38621,24,,,2,62,,38630,35,,,2,15,,38636,24,,,1,22,,38641,35,,,1,54,,38617,24,,,1,29,,38637,24,,,1,62,,38642,24,,,1,28,,38623,24,,,1,31,,38625,24,,,1,70,,38616,24,,,1,30,,38622,24,,,2,70,,38632,24,,,1,30,,38615,24,,,1,70,,38629,24,,,2,30,,38631,24,,,1,70,,38634,24,,,2,30,,38619,24,,,2,73,,38643,24,,,2,26,,38633,24,,,1,76,,38618,24,,,2,70,,38645,24,,,1,27,,38640,24,,,2,70,,38624,24,,,1,27,,38627,24,,,2,80,,38646,24,,,2,22,,38635,24,,,2,98,,38628,24,,,1,103,,38626,24,,,1,100,,38644,24,,,2,97,,38638,24,,,1,108,,38620,24,,,1
3501,'Semaine-10-_26ÉTÉ-1111100-',554,,38672,24,,,1,81,,38647,24,,,2,21,,38654,24,,,2,62,,38663,35,,,2,15,,38669,24,,,1,22,,38674,35,,,1,54,,38650,24,,,1,29,,38670,24,,,1,62,,38675,24,,,1,28,,38656,24,,,1,31,,38658,24,,,1,70,,38649,24,,,1,30,,38655,24,,,2,70,,38665,24,,,1,30,,38648,24,,,1,70,,38662,24,,,2,30,,38664,24,,,1,70,,38667,24,,,2,30,,38652,24,,,2,73,,38676,24,,,2,26,,38666,24,,,1,76,,38651,24,,,2,70,,38678,24,,,1,27,,38673,24,,,2,70,,38657,24,,,1,27,,38660,24,,,2,80,,38679,24,,,2,22,,38668,24,,,2,98,,38661,24,,,1,103,,38659,24,,,1,100,,38677,24,,,2,97,,38671,24,,,1,108,,38653,24,,,1
3501,'Semaine-11-_26ÉTÉ-1111100-',554,,45967,24,,,1,81,,45942,24,,,2,21,,45949,24,,,2,62,,45958,35,,,2,15,,45964,24,,,1,22,,45969,35,,,1,54,,45945,24,,,1,29,,45965,24,,,1,62,,45970,24,,,1,28,,45951,24,,,1,31,,45953,24,,,1,70,,45944,24,,,1,30,,45950,24,,,2,70,,45960,24,,,1,30,,45943,24,,,1,70,,45957,24,,,2,30,,45959,24,,,1,70,,45962,24,,,2,30,,45947,24,,,2,73,,45971,24,,,2,26,,45961,24,,,1,76,,45946,24,,,2,70,,45973,24,,,1,27,,45968,24,,,2,70,,45952,24,,,1,27,,45955,24,,,2,80,,45974,24,,,2,22,,45963,24,,,2,98,,45956,24,,,1,103,,45954,24,,,1,100,,45972,24,,,2,97,,45966,24,,,1,108,,45948,24,,,1
3501,'Semaine-12-_26ÉTÉ-1111100-',554,,52836,24,,,1,81,,52811,24,,,2,21,,52818,24,,,2,62,,52827,35,,,2,15,,52833,24,,,1,22,,52838,35,,,1,54,,52814,24,,,1,29,,52834,24,,,1,62,,52839,24,,,1,28,,52820,24,,,1,31,,52822,24,,,1,70,,52813,24,,,1,30,,52819,24,,,2,70,,52829,24,,,1,30,,52812,24,,,1,70,,52826,24,,,2,30,,52828,24,,,1,70,,52831,24,,,2,30,,52816,24,,,2,73,,52840,24,,,2,26,,52830,24,,,1,76,,52815,24,,,2,70,,52842,24,,,1,27,,52837,24,,,2,70,,52821,24,,,1,27,,52824,24,,,2,80,,52843,24,,,2,22,,52832,24,,,2,98,,52825,24,,,1,103,,52823,24,,,1,100,,52841,24,,,2,97,,52835,24,,,1,108,,52817,24,,,1
3501,'Semaine-5-_26ÉTÉ-1111100-',554,,50400,24,,,1,81,,50375,24,,,2,21,,50382,24,,,2,62,,50391,35,,,2,15,,50397,24,,,1,22,,50402,35,,,1,54,,50378,24,,,1,29,,50398,24,,,1,62,,50403,24,,,1,28,,50384,24,,,1,31,,50386,24,,,1,70,,50377,24,,,1,30,,50383,24,,,2,70,,50393,24,,,1,30,,50376,24,,,1,70,,50390,24,,,2,30,,50392,24,,,1,70,,50395,24,,,2,30,,50380,24,,,2,73,,50404,24,,,2,26,,50394,24,,,1,76,,50379,24,,,2,70,,50406,24,,,1,27,,50401,24,,,2,70,,50385,24,,,1,27,,50388,24,,,2,80,,50407,24,,,2,22,,50396,24,,,2,98,,50389,24,,,1,103,,50387,24,,,1,100,,50405,24,,,2,97,,50399,24,,,1,108,,50381,24,,,1
3801,'Samedi-0-_26ÉTÉ-0000010-',721,,39108,20,,,1,30,,39104,20,,,1,70,,39116,20,,,1,31,,39109,20,,,1,69,,39105,20,,,1,32,,39117,20,,,1,68,,39110,20,,,1,33,,39114,20,,,1,66,,39106,20,,,1,34,,39111,20,,,1,70,,39115,20,,,1,30,,39107,20,,,1,70,,39112,20,,,1,32,,39113,20,,,1,68,,39118,20,,,1,32,,39119,20,,,1,68,,39120,20,,,1,32,,39121,20,,,1,68,,39122,20,,,1,31,,39123,20,,,1,69,,39124,20,,,1,30,,39125,20,,,1,66,,39126,20,,,1,32,,39128,20,,,1,69,,39127,20,,,1,31,,39130,20,,,1,69,,39129,20,,,1,31,,39131,20,,,1,69,,39132,20,,,1,30,,39136,20,,,1,70,,39133,20,,,1,30,,39134,20,,,1,71,,39135,20,,,1
3801,'Dimanche-0-_26ÉTÉ-0000001-',721,,39144,20,,,1,30,,39140,20,,,1,70,,39151,20,,,1,31,,39143,20,,,1,69,,39137,20,,,1,32,,39152,20,,,1,68,,39146,20,,,1,33,,39138,20,,,1,66,,39150,20,,,1,34,,39145,20,,,1,70,,39139,20,,,1,30,,39141,20,,,1,70,,39142,20,,,1,32,,39148,20,,,1,68,,39154,20,,,1,32,,39155,20,,,1,68,,39149,20,,,1,32,,39153,20,,,1,68,,39159,20,,,1,31,,39164,20,,,1,69,,39165,20,,,1,30,,39160,20,,,1,66,,39147,20,,,1,32,,39162,20,,,1,69,,39157,20,,,1,31,,39158,20,,,1,69,,39161,20,,,1,31,,39163,20,,,1,69,,39167,20,,,1,30,,39166,20,,,1,70,,39156,20,,,1,30,,39168,20,,,1,71,,39169,20,,,1
3801,'Dimanche-10-_26ÉTÉ-0000001-',721,,39177,20,,,1,30,,39173,20,,,1,70,,39184,20,,,1,31,,39176,20,,,1,69,,39170,20,,,1,32,,39185,20,,,1,68,,39179,20,,,1,33,,39171,20,,,1,66,,39183,20,,,1,34,,39178,20,,,1,70,,39172,20,,,1,30,,39174,20,,,1,70,,39175,20,,,1,32,,39181,20,,,1,68,,39187,20,,,1,32,,39188,20,,,1,68,,39182,20,,,1,32,,39186,20,,,1,68,,39192,20,,,1,31,,39197,20,,,1,69,,39198,20,,,1,30,,39193,20,,,1,66,,39180,20,,,1,32,,39195,20,,,1,69,,39190,20,,,1,31,,39191,20,,,1,69,,39194,20,,,1,31,,39196,20,,,1,69,,39200,20,,,1,30,,39199,20,,,1,70,,39189,20,,,1,30,,39201,20,,,1,71,,39202,20,,,1
3801,'Dimanche-11-_26ÉTÉ-0000001-',721,,49062,20,,,1,30,,49058,20,,,1,70,,49069,20,,,1,31,,49061,20,,,1,69,,49055,20,,,1,32,,49070,20,,,1,68,,49064,20,,,1,33,,49056,20,,,1,66,,49068,20,,,1,34,,49063,20,,,1,70,,49057,20,,,1,30,,49059,20,,,1,70,,49060,20,,,1,32,,49066,20,,,1,68,,49072,20,,,1,32,,49073,20,,,1,68,,49067,20,,,1,32,,49071,20,,,1,68,,49077,20,,,1,31,,49082,20,,,1,69,,49083,20,,,1,30,,49078,20,,,1,66,,49065,20,,,1,32,,49080,20,,,1,69,,49075,20,,,1,31,,49076,20,,,1,69,,49079,20,,,1,31,,49081,20,,,1,69,,49085,20,,,1,30,,49084,20,,,1,70,,49074,20,,,1,30,,49086,20,,,1,71,,49087,20,,,1
3801,'Semaine-1-_26ÉTÉ-1111100-',627,,39231,20,,,1,31,,39203,20,,,1,73,,39230,20,,,1,13,,39241,20,,,1,61,,39237,20,,,1,27,,39219,20,,,1,27,,39239,20,,,1,70,,39226,20,,,1,19,,39209,20,,,1,60,,39235,20,,,1,20,,39220,20,,,1,20,,39212,20,,,1,61,,39227,20,,,1,20,,39210,20,,,1,20,,39234,20,,,1,60,,39240,20,,,1,22,,39213,20,,,1,21,,39242,20,,,1,59,,39228,20,,,1,20,,39233,20,,,1,18,,39221,20,,,1,60,,39214,20,,,1,20,,39229,20,,,1,21,,39243,20,,,1,62,,39216,20,,,1,20,,39222,20,,,1,70,,39236,20,,,1,28,,39211,20,,,1,72,,39218,20,,,1,29,,39208,20,,,1,28,,39244,20,,,1,60,,39205,20,,,1,21,,39238,20,,,1,69,,39207,20,,,1,30,,39217,20,,,1,70,,39225,20,,,1,30,,39232,20,,,1,70,,39215,20,,,1,30,,39223,20,,,1,69,,39224,20,,,1,29,,39204,20,,,1,85,,39206,20,,,1
3801,'Semaine-10-_26ÉTÉ-1111100-',627,,39273,20,,,1,31,,39245,20,,,1,73,,39272,20,,,1,13,,39283,20,,,1,61,,39279,20,,,1,27,,39261,20,,,1,27,,39281,20,,,1,70,,39268,20,,,1,19,,39251,20,,,1,60,,39277,20,,,1,20,,39262,20,,,1,20,,39254,20,,,1,61,,39269,20,,,1,20,,39252,20,,,1,20,,39276,20,,,1,60,,39282,20,,,1,22,,39255,20,,,1,21,,39284,20,,,1,59,,39270,20,,,1,20,,39275,20,,,1,18,,39263,20,,,1,60,,39256,20,,,1,20,,39271,20,,,1,21,,39285,20,,,1,62,,39258,20,,,1,20,,39264,20,,,1,70,,39278,20,,,1,28,,39253,20,,,1,72,,39260,20,,,1,29,,39250,20,,,1,28,,39286,20,,,1,60,,39247,20,,,1,21,,39280,20,,,1,69,,39249,20,,,1,30,,39259,20,,,1,70,,39267,20,,,1,30,,39274,20,,,1,70,,39257,20,,,1,30,,39265,20,,,1,69,,39266,20,,,1,29,,39246,20,,,1,85,,39248,20,,,1
3801,'Semaine-11-_26ÉTÉ-1111100-',627,,46214,20,,,1,31,,46186,20,,,1,73,,46213,20,,,1,13,,46224,20,,,1,61,,46220,20,,,1,27,,46202,20,,,1,27,,46222,20,,,1,70,,46209,20,,,1,19,,46192,20,,,1,60,,46218,20,,,1,20,,46203,20,,,1,20,,46195,20,,,1,61,,46210,20,,,1,20,,46193,20,,,1,20,,46217,20,,,1,60,,46223,20,,,1,22,,46196,20,,,1,21,,46225,20,,,1,59,,46211,20,,,1,20,,46216,20,,,1,18,,46204,20,,,1,60,,46197,20,,,1,20,,46212,20,,,1,21,,46226,20,,,1,62,,46199,20,,,1,20,,46205,20,,,1,70,,46219,20,,,1,28,,46194,20,,,1,72,,46201,20,,,1,29,,46191,20,,,1,28,,46227,20,,,1,60,,46188,20,,,1,21,,46221,20,,,1,69,,46190,20,,,1,30,,46200,20,,,1,70,,46208,20,,,1,30,,46215,20,,,1,70,,46198,20,,,1,30,,46206,20,,,1,69,,46207,20,,,1,29,,46187,20,,,1,85,,46189,20,,,1
3801,'Semaine-12-_26ÉTÉ-1111100-',627,,52982,20,,,1,31,,52954,20,,,1,73,,52981,20,,,1,13,,52992,20,,,1,61,,52988,20,,,1,27,,52970,20,,,1,27,,52990,20,,,1,70,,52977,20,,,1,19,,52960,20,,,1,60,,52986,20,,,1,20,,52971,20,,,1,20,,52963,20,,,1,61,,52978,20,,,1,20,,52961,20,,,1,20,,52985,20,,,1,60,,52991,20,,,1,22,,52964,20,,,1,21,,52993,20,,,1,59,,52979,20,,,1,20,,52984,20,,,1,18,,52972,20,,,1,60,,52965,20,,,1,20,,52980,20,,,1,21,,52994,20,,,1,62,,52967,20,,,1,20,,52973,20,,,1,70,,52987,20,,,1,28,,52962,20,,,1,72,,52969,20,,,1,29,,52959,20,,,1,28,,52995,20,,,1,60,,52956,20,,,1,21,,52989,20,,,1,69,,52958,20,,,1,30,,52968,20,,,1,70,,52976,20,,,1,30,,52983,20,,,1,70,,52966,20,,,1,30,,52974,20,,,1,69,,52975,20,,,1,29,,52955,20,,,1,85,,52957,20,,,1
3801,'Semaine-5-_26ÉTÉ-1111100-',627,,50546,20,,,1,31,,50518,20,,,1,73,,50545,20,,,1,13,,50556,20,,,1,61,,50552,20,,,1,27,,50534,20,,,1,27,,50554,20,,,1,70,,50541,20,,,1,19,,50524,20,,,1,60,,50550,20,,,1,20,,50535,20,,,1,20,,50527,20,,,1,61,,50542,20,,,1,20,,50525,20,,,1,20,,50549,20,,,1,60,,50555,20,,,1,22,,50528,20,,,1,21,,50557,20,,,1,59,,50543,20,,,1,20,,50548,20,,,1,18,,50536,20,,,1,60,,50529,20,,,1,20,,50544,20,,,1,21,,50558,20,,,1,62,,50531,20,,,1,20,,50537,20,,,1,70,,50551,20,,,1,28,,50526,20,,,1,72,,50533,20,,,1,29,,50523,20,,,1,28,,50559,20,,,1,60,,50520,20,,,1,21,,50553,20,,,1,69,,50522,20,,,1,30,,50532,20,,,1,70,,50540,20,,,1,30,,50547,20,,,1,70,,50530,20,,,1,30,,50538,20,,,1,69,,50539,20,,,1,29,,50519,20,,,1,85,,50521,20,,,1
40001,'Samedi-0-_26ÉTÉ-0000010-',641,,44713,12,,,1,15,,44716,12,,,1,55,,44718,12,,,1,15,,44714,12,,,1,15,,44715,12,,,1,15,,44717,12,,,1,56,,44723,12,,,1,15,,44730,12,,,1,15,,44721,12,,,1,14,,44741,12,,,1,55,,44719,12,,,1,15,,44720,12,,,1,15,,44729,12,,,1,16,,44722,12,,,1,55,,44724,12,,,1,15,,44732,12,,,1,15,,44733,12,,,1,15,,44734,12,,,1,55,,44740,12,,,1,16,,44739,12,,,1,15,,44743,12,,,1,15,,44726,12,,,1,54,,44725,12,,,1,15,,44728,12,,,1,15,,44731,12,,,1,15,,44727,12,,,1,55,,44736,12,,,1,15,,44738,12,,,1,16,,44744,12,,,1,15,,44735,12,,,1,55,,44737,12,,,1,15,,44742,12,,,1,15,,44745,12,,,1,15,,44746,12,,,1,55,,44747,12,,,1,15,,44748,12,,,1,15,,44749,12,,,1,15,,44750,12,,,1,55,,44751,12,,,1,15,,44752,12,,,1,15,,44753,12,,,1,15,,44754,12,,,1,55,,44755,12,,,1,15,,44756,12,,,1,15,,44757,12,,,1,15,,44758,12,,,1,55,,44759,12,,,1,16,,44762,12,,,1,17,,44760,12,,,1,54,,44761,12,,,1,12,,44764,12,,,1,16,,44763,12,,,1,14,,44768,12,,,1,16,,44766,12,,,1,55,,44767,12,,,1,15,,44765,12,,,1,15,,44769,12,,,1,15,,44771,12,,,1,55,,44772,12,,,1,15,,44773,12,,,1,15,,44770,12,,,1,16,,44776,12,,,1,53,,44775,12,,,1,15,,44774,12,,,1,15,,44777,12,,,1,15,,44778,12,,,1,55,,44779,12,,,1,15,,44780,12,,,1,15,,44782,12,,,1,14,,44781,12,,,1,56,,44784,12,,,1,15,,44783,12,,,1,15,,44785,12,,,1
40001,'Dimanche-0-_26ÉTÉ-0000001-',641,,44786,12,,,1,15,,44789,12,,,1,55,,44797,12,,,1,15,,44802,12,,,1,15,,44787,12,,,1,15,,44792,12,,,1,56,,44798,12,,,1,15,,44808,12,,,1,15,,44788,12,,,1,14,,44790,12,,,1,55,,44796,12,,,1,15,,44801,12,,,1,15,,44804,12,,,1,16,,44793,12,,,1,55,,44817,12,,,1,15,,44809,12,,,1,15,,44799,12,,,1,15,,44810,12,,,1,55,,44813,12,,,1,16,,44822,12,,,1,15,,44791,12,,,1,15,,44819,12,,,1,54,,44818,12,,,1,15,,44820,12,,,1,15,,44800,12,,,1,15,,44794,12,,,1,55,,44823,12,,,1,15,,44821,12,,,1,16,,44806,12,,,1,15,,44803,12,,,1,55,,44811,12,,,1,15,,44816,12,,,1,15,,44827,12,,,1,15,,44795,12,,,1,55,,44824,12,,,1,15,,44814,12,,,1,15,,44807,12,,,1,15,,44805,12,,,1,55,,44812,12,,,1,15,,44815,12,,,1,15,,44834,12,,,1,15,,44838,12,,,1,55,,44830,12,,,1,15,,44847,12,,,1,15,,44826,12,,,1,15,,44841,12,,,1,55,,44831,12,,,1,16,,44848,12,,,1,17,,44835,12,,,1,54,,44839,12,,,1,12,,44854,12,,,1,16,,44846,12,,,1,14,,44825,12,,,1,16,,44840,12,,,1,55,,44845,12,,,1,15,,44849,12,,,1,15,,44828,12,,,1,15,,44833,12,,,1,55,,44837,12,,,1,15,,44843,12,,,1,15,,44858,12,,,1,16,,44851,12,,,1,53,,44844,12,,,1,15,,44853,12,,,1,15,,44856,12,,,1,15,,44832,12,,,1,55,,44836,12,,,1,15,,44842,12,,,1,15,,44857,12,,,1,14,,44850,12,,,1,56,,44829,12,,,1,15,,44852,12,,,1,15,,44855,12,,,1
40001,'Dimanche-10-_26ÉTÉ-0000001-',641,,44859,12,,,1,15,,44862,12,,,1,55,,44870,12,,,1,15,,44875,12,,,1,15,,44860,12,,,1,15,,44865,12,,,1,56,,44871,12,,,1,15,,44881,12,,,1,15,,44861,12,,,1,14,,44863,12,,,1,55,,44869,12,,,1,15,,44874,12,,,1,15,,44877,12,,,1,16,,44866,12,,,1,55,,44890,12,,,1,15,,44882,12,,,1,15,,44872,12,,,1,15,,44883,12,,,1,55,,44886,12,,,1,16,,44895,12,,,1,15,,44864,12,,,1,15,,44892,12,,,1,54,,44891,12,,,1,15,,44893,12,,,1,15,,44873,12,,,1,15,,44867,12,,,1,55,,44896,12,,,1,15,,44894,12,,,1,16,,44879,12,,,1,15,,44876,12,,,1,55,,44884,12,,,1,15,,44889,12,,,1,15,,44900,12,,,1,15,,44868,12,,,1,55,,44897,12,,,1,15,,44887,12,,,1,15,,44880,12,,,1,15,,44878,12,,,1,55,,44885,12,,,1,15,,44888,12,,,1,15,,44907,12,,,1,15,,44911,12,,,1,55,,44903,12,,,1,15,,44920,12,,,1,15,,44899,12,,,1,15,,44914,12,,,1,55,,44904,12,,,1,16,,44921,12,,,1,17,,44908,12,,,1,54,,44912,12,,,1,12,,44927,12,,,1,16,,44919,12,,,1,14,,44898,12,,,1,16,,44913,12,,,1,55,,44918,12,,,1,15,,44922,12,,,1,15,,44901,12,,,1,15,,44906,12,,,1,55,,44910,12,,,1,15,,44916,12,,,1,15,,44931,12,,,1,16,,44924,12,,,1,53,,44917,12,,,1,15,,44926,12,,,1,15,,44929,12,,,1,15,,44905,12,,,1,55,,44909,12,,,1,15,,44915,12,,,1,15,,44930,12,,,1,14,,44923,12,,,1,56,,44902,12,,,1,15,,44925,12,,,1,15,,44928,12,,,1
40001,'Dimanche-11-_26ÉTÉ-0000001-',641,,49820,12,,,1,15,,49823,12,,,1,55,,49831,12,,,1,15,,49836,12,,,1,15,,49821,12,,,1,15,,49826,12,,,1,56,,49832,12,,,1,15,,49842,12,,,1,15,,49822,12,,,1,14,,49824,12,,,1,55,,49830,12,,,1,15,,49835,12,,,1,15,,49838,12,,,1,16,,49827,12,,,1,55,,49851,12,,,1,15,,49843,12,,,1,15,,49833,12,,,1,15,,49844,12,,,1,55,,49847,12,,,1,16,,49856,12,,,1,15,,49825,12,,,1,15,,49853,12,,,1,54,,49852,12,,,1,15,,49854,12,,,1,15,,49834,12,,,1,15,,49828,12,,,1,55,,49857,12,,,1,15,,49855,12,,,1,16,,49840,12,,,1,15,,49837,12,,,1,55,,49845,12,,,1,15,,49850,12,,,1,15,,49861,12,,,1,15,,49829,12,,,1,55,,49858,12,,,1,15,,49848,12,,,1,15,,49841,12,,,1,15,,49839,12,,,1,55,,49846,12,,,1,15,,49849,12,,,1,15,,49868,12,,,1,15,,49872,12,,,1,55,,49864,12,,,1,15,,49881,12,,,1,15,,49860,12,,,1,15,,49875,12,,,1,55,,49865,12,,,1,16,,49882,12,,,1,17,,49869,12,,,1,54,,49873,12,,,1,12,,49888,12,,,1,16,,49880,12,,,1,14,,49859,12,,,1,16,,49874,12,,,1,55,,49879,12,,,1,15,,49883,12,,,1,15,,49862,12,,,1,15,,49867,12,,,1,55,,49871,12,,,1,15,,49877,12,,,1,15,,49892,12,,,1,16,,49885,12,,,1,53,,49878,12,,,1,15,,49887,12,,,1,15,,49890,12,,,1,15,,49866,12,,,1,55,,49870,12,,,1,15,,49876,12,,,1,15,,49891,12,,,1,14,,49884,12,,,1,56,,49863,12,,,1,15,,49886,12,,,1,15,,49889,12,,,1
40001,'Semaine-1-_26ÉTÉ-1111100-',512,,45001,12,,,1,12,,45002,12,,,1,8,,45003,12,,,1,12,,45004,12,,,1,10,,45005,12,,,1,51,,45006,12,,,1,4,,45007,12,,,1,5,,45008,12,,,1,5,,45009,12,,,1,5,,45015,12,,,1,230,,45010,12,,,1,49,,45011,10,,,1,6,,45012,12,,,1,11,,45013,12,,,1,11,,45014,12,,,1,10,,44960,12,,,1,10,,44946,12,,,1,50,,44970,12,,,1,11,,44971,12,,,1,9,,45016,12,,,1,10,,44936,12,,,1,10,,45017,12,,,1,10,,44934,12,,,1,50,,44967,12,,,1,10,,44987,12,,,1,9,,44955,12,,,1,11,,44962,12,,,1,10,,44959,12,,,1,10,,44938,12,,,1,50,,44998,12,,,1,10,,44972,12,,,1,10,,44984,12,,,1,10,,44937,12,,,1,10,,44947,12,,,1,10,,44940,12,,,1,50,,44956,12,,,1,10,,44988,12,,,1,10,,44969,12,,,1,10,,44963,12,,,1,10,,44958,12,,,1,10,,44952,12,,,1,50,,44994,12,,,1,10,,44973,12,,,1,10,,44985,12,,,1,10,,45000,12,,,1,10,,44949,12,,,1,14,,44932,12,,,1,50,,44990,12,,,1,7,,44989,12,,,1,10,,44974,12,,,1,10,,44964,12,,,1,12,,44942,12,,,1,11,,44992,12,,,1,53,,44999,12,,,1,11,,44986,12,,,1,11,,45020,12,,,1,15,,44966,12,,,1,55,,44995,12,,,1,10,,45018,12,,,1,11,,44979,12,,,1,13,,44957,12,,,1,11,,44943,12,,,1,12,,44948,12,,,1,52,,45019,12,,,1,12,,44950,12,,,1,12,,44975,12,,,1,10,,44965,12,,,1,12,,44996,12,,,1,51,,44982,12,,,1,12,,44961,12,,,1,12,,44944,12,,,1,14,,44983,12,,,1,12,,45022,12,,,1,50,,45021,12,,,1,12,,44951,12,,,1,12,,44976,12,,,1,12,,44954,12,,,1,12,,44997,12,,,1,52,,44980,12,,,1,13,,44939,12,,,1,13,,45023,12,,,1,17,,44945,12,,,1,55,,44941,12,,,1,15,,44991,12,,,1,12,,44977,12,,,1,14,,44953,12,,,1,56,,44981,12,,,1,15,,44993,12,,,1,15,,44935,12,,,1,15,,44933,12,,,1,55,,44968,12,,,1,29,,44978,12,,,1
40001,'Semaine-10-_26ÉTÉ-1111100-',512,,45093,12,,,1,12,,45094,12,,,1,8,,45095,12,,,1,12,,45096,12,,,1,10,,45097,12,,,1,51,,45098,12,,,1,4,,45099,12,,,1,5,,45100,12,,,1,5,,45101,12,,,1,5,,45107,12,,,1,230,,45102,12,,,1,49,,45103,10,,,1,6,,45104,12,,,1,11,,45105,12,,,1,11,,45106,12,,,1,10,,45052,12,,,1,10,,45038,12,,,1,50,,45062,12,,,1,11,,45063,12,,,1,9,,45108,12,,,1,10,,45028,12,,,1,10,,45109,12,,,1,10,,45026,12,,,1,50,,45059,12,,,1,10,,45079,12,,,1,9,,45047,12,,,1,11,,45054,12,,,1,10,,45051,12,,,1,10,,45030,12,,,1,50,,45090,12,,,1,10,,45064,12,,,1,10,,45076,12,,,1,10,,45029,12,,,1,10,,45039,12,,,1,10,,45032,12,,,1,50,,45048,12,,,1,10,,45080,12,,,1,10,,45061,12,,,1,10,,45055,12,,,1,10,,45050,12,,,1,10,,45044,12,,,1,50,,45086,12,,,1,10,,45065,12,,,1,10,,45077,12,,,1,10,,45092,12,,,1,10,,45041,12,,,1,14,,45024,12,,,1,50,,45082,12,,,1,7,,45081,12,,,1,10,,45066,12,,,1,10,,45056,12,,,1,12,,45034,12,,,1,11,,45084,12,,,1,53,,45091,12,,,1,11,,45078,12,,,1,11,,45112,12,,,1,15,,45058,12,,,1,55,,45087,12,,,1,10,,45110,12,,,1,11,,45071,12,,,1,13,,45049,12,,,1,11,,45035,12,,,1,12,,45040,12,,,1,52,,45111,12,,,1,12,,45042,12,,,1,12,,45067,12,,,1,10,,45057,12,,,1,12,,45088,12,,,1,51,,45074,12,,,1,12,,45053,12,,,1,12,,45036,12,,,1,14,,45075,12,,,1,12,,45114,12,,,1,50,,45113,12,,,1,12,,45043,12,,,1,12,,45068,12,,,1,12,,45046,12,,,1,12,,45089,12,,,1,52,,45072,12,,,1,13,,45031,12,,,1,13,,45115,12,,,1,17,,45037,12,,,1,55,,45033,12,,,1,15,,45083,12,,,1,12,,45069,12,,,1,14,,45045,12,,,1,56,,45073,12,,,1,15,,45085,12,,,1,15,,45027,12,,,1,15,,45025,12,,,1,55,,45060,12,,,1,29,,45070,12,,,1
40001,'Semaine-11-_26ÉTÉ-1111100-',512,,48717,12,,,1,12,,48718,12,,,1,8,,48719,12,,,1,12,,48720,12,,,1,10,,48721,12,,,1,51,,48722,12,,,1,4,,48723,12,,,1,5,,48724,12,,,1,5,,48725,12,,,1,5,,48731,12,,,1,230,,48726,12,,,1,49,,48727,10,,,1,6,,48728,12,,,1,11,,48729,12,,,1,11,,48730,12,,,1,10,,48676,12,,,1,10,,48662,12,,,1,50,,48686,12,,,1,11,,48687,12,,,1,9,,48732,12,,,1,10,,48652,12,,,1,10,,48733,12,,,1,10,,48650,12,,,1,50,,48683,12,,,1,10,,48703,12,,,1,9,,48671,12,,,1,11,,48678,12,,,1,10,,48675,12,,,1,10,,48654,12,,,1,50,,48714,12,,,1,10,,48688,12,,,1,10,,48700,12,,,1,10,,48653,12,,,1,10,,48663,12,,,1,10,,48656,12,,,1,50,,48672,12,,,1,10,,48704,12,,,1,10,,48685,12,,,1,10,,48679,12,,,1,10,,48674,12,,,1,10,,48668,12,,,1,50,,48710,12,,,1,10,,48689,12,,,1,10,,48701,12,,,1,10,,48716,12,,,1,10,,48665,12,,,1,14,,48648,12,,,1,50,,48706,12,,,1,7,,48705,12,,,1,10,,48690,12,,,1,10,,48680,12,,,1,12,,48658,12,,,1,11,,48708,12,,,1,53,,48715,12,,,1,11,,48702,12,,,1,11,,48736,12,,,1,15,,48682,12,,,1,55,,48711,12,,,1,10,,48734,12,,,1,11,,48695,12,,,1,13,,48673,12,,,1,11,,48659,12,,,1,12,,48664,12,,,1,52,,48735,12,,,1,12,,48666,12,,,1,12,,48691,12,,,1,10,,48681,12,,,1,12,,48712,12,,,1,51,,48698,12,,,1,12,,48677,12,,,1,12,,48660,12,,,1,14,,48699,12,,,1,12,,48738,12,,,1,50,,48737,12,,,1,12,,48667,12,,,1,12,,48692,12,,,1,12,,48670,12,,,1,12,,48713,12,,,1,52,,48696,12,,,1,13,,48655,12,,,1,13,,48739,12,,,1,17,,48661,12,,,1,55,,48657,12,,,1,15,,48707,12,,,1,12,,48693,12,,,1,14,,48669,12,,,1,56,,48697,12,,,1,15,,48709,12,,,1,15,,48651,12,,,1,15,,48649,12,,,1,55,,48684,12,,,1,29,,48694,12,,,1
40001,'Semaine-12-_26ÉTÉ-1111100-',512,,54680,12,,,1,12,,54681,12,,,1,8,,54682,12,,,1,12,,54683,12,,,1,10,,54684,12,,,1,51,,54685,12,,,1,4,,54686,12,,,1,5,,54687,12,,,1,5,,54688,12,,,1,5,,54694,12,,,1,230,,54689,12,,,1,49,,54690,10,,,1,6,,54691,12,,,1,11,,54692,12,,,1,11,,54693,12,,,1,10,,54639,12,,,1,10,,54625,12,,,1,50,,54649,12,,,1,11,,54650,12,,,1,9,,54695,12,,,1,10,,54615,12,,,1,10,,54696,12,,,1,10,,54613,12,,,1,50,,54646,12,,,1,10,,54666,12,,,1,9,,54634,12,,,1,11,,54641,12,,,1,10,,54638,12,,,1,10,,54617,12,,,1,50,,54677,12,,,1,10,,54651,12,,,1,10,,54663,12,,,1,10,,54616,12,,,1,10,,54626,12,,,1,10,,54619,12,,,1,50,,54635,12,,,1,10,,54667,12,,,1,10,,54648,12,,,1,10,,54642,12,,,1,10,,54637,12,,,1,10,,54631,12,,,1,50,,54673,12,,,1,10,,54652,12,,,1,10,,54664,12,,,1,10,,54679,12,,,1,10,,54628,12,,,1,14,,54611,12,,,1,50,,54669,12,,,1,7,,54668,12,,,1,10,,54653,12,,,1,10,,54643,12,,,1,12,,54621,12,,,1,11,,54671,12,,,1,53,,54678,12,,,1,11,,54665,12,,,1,11,,54699,12,,,1,15,,54645,12,,,1,55,,54674,12,,,1,10,,54697,12,,,1,11,,54658,12,,,1,13,,54636,12,,,1,11,,54622,12,,,1,12,,54627,12,,,1,52,,54698,12,,,1,12,,54629,12,,,1,12,,54654,12,,,1,10,,54644,12,,,1,12,,54675,12,,,1,51,,54661,12,,,1,12,,54640,12,,,1,12,,54623,12,,,1,14,,54662,12,,,1,12,,54701,12,,,1,50,,54700,12,,,1,12,,54630,12,,,1,12,,54655,12,,,1,12,,54633,12,,,1,12,,54676,12,,,1,52,,54659,12,,,1,13,,54618,12,,,1,13,,54702,12,,,1,17,,54624,12,,,1,55,,54620,12,,,1,15,,54670,12,,,1,12,,54656,12,,,1,14,,54632,12,,,1,56,,54660,12,,,1,15,,54672,12,,,1,15,,54614,12,,,1,15,,54612,12,,,1,55,,54647,12,,,1,29,,54657,12,,,1
40001,'Semaine-5-_26ÉTÉ-1111100-',512,,52248,12,,,1,12,,52249,12,,,1,8,,52250,12,,,1,12,,52251,12,,,1,10,,52252,12,,,1,51,,52253,12,,,1,4,,52254,12,,,1,5,,52255,12,,,1,5,,52256,12,,,1,5,,52262,12,,,1,230,,52257,12,,,1,49,,52258,10,,,1,6,,52259,12,,,1,11,,52260,12,,,1,11,,52261,12,,,1,10,,52207,12,,,1,10,,52193,12,,,1,50,,52217,12,,,1,11,,52218,12,,,1,9,,52263,12,,,1,10,,52183,12,,,1,10,,52264,12,,,1,10,,52181,12,,,1,50,,52214,12,,,1,10,,52234,12,,,1,9,,52202,12,,,1,11,,52209,12,,,1,10,,52206,12,,,1,10,,52185,12,,,1,50,,52245,12,,,1,10,,52219,12,,,1,10,,52231,12,,,1,10,,52184,12,,,1,10,,52194,12,,,1,10,,52187,12,,,1,50,,52203,12,,,1,10,,52235,12,,,1,10,,52216,12,,,1,10,,52210,12,,,1,10,,52205,12,,,1,10,,52199,12,,,1,50,,52241,12,,,1,10,,52220,12,,,1,10,,52232,12,,,1,10,,52247,12,,,1,10,,52196,12,,,1,14,,52179,12,,,1,50,,52237,12,,,1,7,,52236,12,,,1,10,,52221,12,,,1,10,,52211,12,,,1,12,,52189,12,,,1,11,,52239,12,,,1,53,,52246,12,,,1,11,,52233,12,,,1,11,,52267,12,,,1,15,,52213,12,,,1,55,,52242,12,,,1,10,,52265,12,,,1,11,,52226,12,,,1,13,,52204,12,,,1,11,,52190,12,,,1,12,,52195,12,,,1,52,,52266,12,,,1,12,,52197,12,,,1,12,,52222,12,,,1,10,,52212,12,,,1,12,,52243,12,,,1,51,,52229,12,,,1,12,,52208,12,,,1,12,,52191,12,,,1,14,,52230,12,,,1,12,,52269,12,,,1,50,,52268,12,,,1,12,,52198,12,,,1,12,,52223,12,,,1,12,,52201,12,,,1,12,,52244,12,,,1,52,,52227,12,,,1,13,,52186,12,,,1,13,,52270,12,,,1,17,,52192,12,,,1,55,,52188,12,,,1,15,,52238,12,,,1,12,,52224,12,,,1,14,,52200,12,,,1,56,,52228,12,,,1,15,,52240,12,,,1,15,,52182,12,,,1,15,,52180,12,,,1,55,,52215,12,,,1,29,,52225,12,,,1
