3401,'Samedi-0-_26ÉTÉ-0000010-',642,,38384,5,,,1,100,,38387,5,,,2,70,,38396,5,,,1,33,,38385,5,,,1,67,,38390,5,,,1,30,,38392,5,,,1,72,,38386,5,,,2,30,,38395,5,,,1,71,,38388,5,,,1,30,,38397,5,,,1,68,,38389,5,,,1,30,,38391,5,,,1,70,,38393,5,,,2,30,,38394,5,,,2,70,,38398,5,,,1,29,,38399,5,,,2,70,,38400,5,,,1,30,,38401,5,,,1,71,,38402,5,,,1,31,,38403,5,,,1,70,,38404,5,,,2,31,,38405,5,,,1,67,,38406,5,,,1,30,,38408,5,,,1,72,,38407,5,,,2,30,,38409,5,,,1,70,,38410,5,,,2,28,,38411,5,,,1,70,,38413,5,,,1,30,,38412,5,,,1,70,,38414,5,,,1,101,,38415,5,,,1
3401,'Dimanche-0-_26ÉTÉ-0000001-',642,,38417,5,,,1,100,,38428,5,,,2,70,,38421,5,,,1,33,,38424,5,,,1,67,,38423,5,,,1,30,,38432,5,,,1,72,,38429,5,,,2,30,,38416,5,,,1,71,,38427,5,,,1,30,,38420,5,,,1,68,,38418,5,,,1,30,,38419,5,,,1,70,,38422,5,,,2,30,,38430,5,,,2,70,,38426,5,,,1,29,,38425,5,,,2,70,,38431,5,,,1,30,,38436,5,,,1,71,,38434,5,,,1,31,,38440,5,,,1,70,,38443,5,,,2,31,,38433,5,,,1,67,,38442,5,,,1,30,,38435,5,,,1,72,,38439,5,,,2,30,,38446,5,,,1,70,,38438,5,,,2,28,,38437,5,,,1,70,,38444,5,,,1,30,,38445,5,,,1,70,,38441,5,,,1,101,,38447,5,,,1
3401,'Dimanche-10-_26ÉTÉ-0000001-',642,,38449,5,,,1,100,,38460,5,,,2,70,,38453,5,,,1,33,,38456,5,,,1,67,,38455,5,,,1,30,,38464,5,,,1,72,,38461,5,,,2,30,,38448,5,,,1,71,,38459,5,,,1,30,,38452,5,,,1,68,,38450,5,,,1,30,,38451,5,,,1,70,,38454,5,,,2,30,,38462,5,,,2,70,,38458,5,,,1,29,,38457,5,,,2,70,,38463,5,,,1,30,,38468,5,,,1,71,,38466,5,,,1,31,,38472,5,,,1,70,,38475,5,,,2,31,,38465,5,,,1,67,,38474,5,,,1,30,,38467,5,,,1,72,,38471,5,,,2,30,,38478,5,,,1,70,,38470,5,,,2,28,,38469,5,,,1,70,,38476,5,,,1,30,,38477,5,,,1,70,,38473,5,,,1,101,,38479,5,,,1
3401,'Semaine-1-_26ÉTÉ-1111100-',844,,38505,5,,,2,74,,38485,5,,,1,30,,38489,5,,,1,70,,38509,5,,,1,30,,38482,5,,,1,70,,38486,5,,,1,30,,38490,5,,,2,70,,38480,5,,,1,31,,38483,5,,,1,69,,38487,5,,,1,30,,38491,5,,,1,70,,38484,5,,,1,27,,38506,5,,,1,70,,38481,5,,,2,30,,38507,5,,,1,70,,38508,5,,,1,33,,38502,5,,,1,68,,38498,5,,,2,29,,38488,5,,,1,72,,38495,5,,,1,30,,38504,5,,,1,72,,38492,5,,,1,30,,38494,5,,,1,70,,38496,5,,,1,30,,38500,5,,,2,70,,38493,5,,,1,30,,38499,5,,,1,71,,38497,5,,,1,30,,38501,5,,,1,70,,38503,5,,,1
3401,'Semaine-10-_26ÉTÉ-1111100-',844,,38535,5,,,2,74,,38515,5,,,1,30,,38519,5,,,1,70,,38539,5,,,1,30,,38512,5,,,1,70,,38516,5,,,1,30,,38520,5,,,2,70,,38510,5,,,1,31,,38513,5,,,1,69,,38517,5,,,1,30,,38521,5,,,1,70,,38514,5,,,1,27,,38536,5,,,1,70,,38511,5,,,2,30,,38537,5,,,1,70,,38538,5,,,1,33,,38532,5,,,1,68,,38528,5,,,2,29,,38518,5,,,1,72,,38525,5,,,1,30,,38534,5,,,1,72,,38522,5,,,1,30,,38524,5,,,1,70,,38526,5,,,1,30,,38530,5,,,2,70,,38523,5,,,1,30,,38529,5,,,1,71,,38527,5,,,1,30,,38531,5,,,1,70,,38533,5,,,1
4001,'Semaine-1-_26ÉTÉ-1111100-',606,,39588,17,,,2,31,,39587,17,,,2,70,,39590,17,,,2,32,,39586,17,,,1,69,,39585,17,,,2,28,,39589,17,,,2
4001,'Semaine-10-_26ÉTÉ-1111100-',606,,39594,17,,,2,31,,39593,17,,,2,70,,39596,17,,,2,32,,39592,17,,,1,69,,39591,17,,,2,28,,39595,17,,,2
5000,'Semaine-1-_26ÉTÉ-1111100-',641,,39895,18,,,2,64,,39894,18,,,1,28,,39896,18,,,1,70,,39893,18,,,1,109,,39897,18,,,1
5000,'Semaine-10-_26ÉTÉ-1111100-',641,,39900,18,,,2,64,,39899,18,,,1,28,,39901,18,,,1,70,,39898,18,,,1,109,,39902,18,,,1
5201,'Samedi-0-_26ÉTÉ-0000010-',642,,39999,18,,,2,100,,40000,18,,,1,100,,40001,18,,,2,100,,40002,18,,,1,100,,40004,18,,,1,100,,40003,18,,,1,100,,40005,18,,,2,100,,40006,18,,,1,101,,40007,18,,,2,99,,40008,18,,,1,100,,40009,18,,,1,100,,40010,18,,,1,100,,40013,18,,,1,100,,40011,18,,,1,99,,40015,18,,,2,100,,40012,18,,,1,100,,40014,18,,,1,100,,40016,18,,,1
5201,'Dimanche-0-_26ÉTÉ-0000001-',642,,40017,18,,,2,100,,40018,18,,,1,100,,40019,18,,,2,100,,40020,18,,,1,100,,40025,18,,,1,100,,40021,18,,,1,100,,40022,18,,,2,100,,40026,18,,,1,101,,40023,18,,,2,99,,40024,18,,,1,100,,40027,18,,,1,100,,40030,18,,,1,100,,40028,18,,,1,100,,40034,18,,,1,99,,40029,18,,,2,100,,40031,18,,,1,100,,40032,18,,,1,100,,40033,18,,,1
5201,'Dimanche-10-_26ÉTÉ-0000001-',642,,40035,18,,,2,100,,40036,18,,,1,100,,40037,18,,,2,100,,40038,18,,,1,100,,40043,18,,,1,100,,40039,18,,,1,100,,40040,18,,,2,100,,40044,18,,,1,101,,40041,18,,,2,99,,40042,18,,,1,100,,40045,18,,,1,100,,40048,18,,,1,100,,40046,18,,,1,100,,40052,18,,,1,99,,40047,18,,,2,100,,40049,18,,,1,100,,40050,18,,,1,100,,40051,18,,,1
5201,'Semaine-1-_26ÉTÉ-1111100-',613,,40068,18,,,1,100,,40070,18,,,1,100,,40069,18,,,1,100,,40053,18,,,1,100,,40059,18,,,1,100,,40056,18,,,2,100,,40063,18,,,1,100,,40054,18,,,1,99,,40058,18,,,1,102,,40057,18,,,1,100,,40067,18,,,1,100,,40066,18,,,1,99,,40060,18,,,1,99,,40061,18,,,1,100,,40065,18,,,1,100,,40062,18,,,1,100,,40064,18,,,1,100,,40055,18,,,1
5201,'Semaine-10-_26ÉTÉ-1111100-',613,,40086,18,,,1,100,,40088,18,,,1,100,,40087,18,,,1,100,,40071,18,,,1,100,,40077,18,,,1,100,,40074,18,,,2,100,,40081,18,,,1,100,,40072,18,,,1,99,,40076,18,,,1,102,,40075,18,,,1,100,,40085,18,,,1,100,,40084,18,,,1,99,,40078,18,,,1,99,,40079,18,,,1,100,,40083,18,,,1,100,,40080,18,,,1,100,,40082,18,,,1,100,,40073,18,,,1
