7601,'Samedi-0-_26ÉTÉ-0000010-',709,,43217,9,,,1,100,,43220,9,,,2,100,,43219,9,,,1,100,,43223,9,,,1,100,,43222,9,,,1,100,,43221,9,,,2,100,,43218,9,,,1,100,,43224,9,,,1,100,,43225,9,,,2,100,,43226,9,,,1,100,,43227,9,,,2,100,,43228,9,,,1,100,,43229,9,,,1,100,,43230,9,,,2,100,,43231,9,,,2,100,,43232,9,,,2
7601,'Dimanche-0-_26ÉTÉ-0000001-',709,,43235,9,,,1,100,,43238,9,,,2,100,,43236,9,,,1,100,,43237,9,,,1,100,,43240,9,,,1,100,,43233,9,,,2,100,,43239,9,,,1,100,,43234,9,,,1,100,,43242,9,,,2,100,,43246,9,,,1,100,,43243,9,,,2,100,,43248,9,,,1,100,,43241,9,,,1,100,,43244,9,,,2,100,,43247,9,,,2,100,,43245,9,,,2
7601,'Dimanche-10-_26ÉTÉ-0000001-',709,,43251,9,,,1,100,,43254,9,,,2,100,,43252,9,,,1,100,,43253,9,,,1,100,,43256,9,,,1,100,,43249,9,,,2,100,,43255,9,,,1,100,,43250,9,,,1,100,,43258,9,,,2,100,,43262,9,,,1,100,,43259,9,,,2,100,,43264,9,,,1,100,,43257,9,,,1,100,,43260,9,,,2,100,,43263,9,,,2,100,,43261,9,,,2
7601,'Dimanche-11-_26ÉTÉ-0000001-',709,,49634,9,,,1,100,,49637,9,,,2,100,,49635,9,,,1,100,,49636,9,,,1,100,,49639,9,,,1,100,,49632,9,,,2,100,,49638,9,,,1,100,,49633,9,,,1,100,,49641,9,,,2,100,,49645,9,,,1,100,,49642,9,,,2,100,,49647,9,,,1,100,,49640,9,,,1,100,,49643,9,,,2,100,,49646,9,,,2,100,,49644,9,,,2
7601,'Semaine-1-_26ÉTÉ-1111100-',628,,43276,9,,,2,15,,43265,9,,,2,59,,43291,9,,,2,23,,43280,9,,,2,20,,43292,9,,,2,60,,43282,9,,,1,18,,43289,9,,,2,30,,43290,9,,,2,70,,43283,9,,,2,30,,43288,9,,,1,70,,43295,9,,,1,30,,43293,9,,,1,70,,43268,9,,,2,30,,43296,9,,,2,70,,43269,9,,,1,30,,43284,9,,,1,70,,43270,9,,,1,30,,43266,9,,,1,70,,43271,9,,,1,30,,43267,9,,,2,73,,43294,9,,,1,28,,43277,9,,,2,70,,43279,9,,,2,25,,43278,9,,,1,67,,43281,9,,,1,23,,43286,9,,,1,65,,43285,9,,,1,29,,43287,9,,,1,85,,43272,9,,,1,100,,43273,9,,,1,100,,43274,9,,,1,100,,43275,9,,,1
7601,'Semaine-10-_26ÉTÉ-1111100-',628,,43308,9,,,2,15,,43297,9,,,2,59,,43323,9,,,2,23,,43312,9,,,2,20,,43324,9,,,2,60,,43314,9,,,1,18,,43321,9,,,2,30,,43322,9,,,2,70,,43315,9,,,2,30,,43320,9,,,1,70,,43327,9,,,1,30,,43325,9,,,1,70,,43300,9,,,2,30,,43328,9,,,2,70,,43301,9,,,1,30,,43316,9,,,1,70,,43302,9,,,1,30,,43298,9,,,1,70,,43303,9,,,1,30,,43299,9,,,2,73,,43326,9,,,1,28,,43309,9,,,2,70,,43311,9,,,2,25,,43310,9,,,1,67,,43313,9,,,1,23,,43318,9,,,1,65,,43317,9,,,1,29,,43319,9,,,1,85,,43304,9,,,1,100,,43305,9,,,1,100,,43306,9,,,1,100,,43307,9,,,1
7601,'Semaine-11-_26ÉTÉ-1111100-',628,,47948,9,,,2,15,,47937,9,,,2,59,,47963,9,,,2,23,,47952,9,,,2,20,,47964,9,,,2,60,,47954,9,,,1,18,,47961,9,,,2,30,,47962,9,,,2,70,,47955,9,,,2,30,,47960,9,,,1,70,,47967,9,,,1,30,,47965,9,,,1,70,,47940,9,,,2,30,,47968,9,,,2,70,,47941,9,,,1,30,,47956,9,,,1,70,,47942,9,,,1,30,,47938,9,,,1,70,,47943,9,,,1,30,,47939,9,,,2,73,,47966,9,,,1,28,,47949,9,,,2,70,,47951,9,,,2,25,,47950,9,,,1,67,,47953,9,,,1,23,,47958,9,,,1,65,,47957,9,,,1,29,,47959,9,,,1,85,,47944,9,,,1,100,,47945,9,,,1,100,,47946,9,,,1,100,,47947,9,,,1
7601,'Semaine-12-_26ÉTÉ-1111100-',628,,54156,9,,,2,15,,54145,9,,,2,59,,54171,9,,,2,23,,54160,9,,,2,20,,54172,9,,,2,60,,54162,9,,,1,18,,54169,9,,,2,30,,54170,9,,,2,70,,54163,9,,,2,30,,54168,9,,,1,70,,54175,9,,,1,30,,54173,9,,,1,70,,54148,9,,,2,30,,54176,9,,,2,70,,54149,9,,,1,30,,54164,9,,,1,70,,54150,9,,,1,30,,54146,9,,,1,70,,54151,9,,,1,30,,54147,9,,,2,73,,54174,9,,,1,28,,54157,9,,,2,70,,54159,9,,,2,25,,54158,9,,,1,67,,54161,9,,,1,23,,54166,9,,,1,65,,54165,9,,,1,29,,54167,9,,,1,85,,54152,9,,,1,100,,54153,9,,,1,100,,54154,9,,,1,100,,54155,9,,,1
7601,'Semaine-5-_26ÉTÉ-1111100-',628,,51723,9,,,2,15,,51712,9,,,2,59,,51738,9,,,2,23,,51727,9,,,2,20,,51739,9,,,2,60,,51729,9,,,1,18,,51736,9,,,2,30,,51737,9,,,2,70,,51730,9,,,2,30,,51735,9,,,1,70,,51742,9,,,1,30,,51740,9,,,1,70,,51715,9,,,2,30,,51743,9,,,2,70,,51716,9,,,1,30,,51731,9,,,1,70,,51717,9,,,1,30,,51713,9,,,1,70,,51718,9,,,1,30,,51714,9,,,2,73,,51741,9,,,1,28,,51724,9,,,2,70,,51726,9,,,2,25,,51725,9,,,1,67,,51728,9,,,1,23,,51733,9,,,1,65,,51732,9,,,1,29,,51734,9,,,1,85,,51719,9,,,1,100,,51720,9,,,1,100,,51721,9,,,1,100,,51722,9,,,1
57601,'Semaine-5-_26ÉTÉ-1111100-',707,,52282,11,,,2
