3301,'Samedi-0-_26ÉTÉ-0000010-',723,,38084,30,,,1,100,,38085,30,,,1,100,,38082,30,,,2,100,,38088,30,,,1,100,,38089,30,,,1,101,,38083,30,,,1,100,,38086,30,,,1,100,,38087,30,,,1,102,,38090,30,,,1,97,,38091,30,,,1,100,,38092,30,,,1,98,,38099,30,,,1,100,,38093,30,,,1,100,,38094,30,,,1,100,,38095,30,,,1,100,,38096,30,,,1,100,,38097,30,,,1,100,,38098,30,,,1
3301,'Dimanche-0-_26ÉTÉ-0000001-',723,,38104,30,,,1,100,,38105,30,,,1,100,,38106,30,,,2,100,,38100,30,,,1,100,,38101,30,,,1,101,,38102,30,,,1,100,,38103,30,,,1,100,,38108,30,,,1,102,,38109,30,,,1,97,,38107,30,,,1,100,,38110,30,,,1,98,,38113,30,,,1,100,,38117,30,,,1,100,,38111,30,,,1,100,,38112,30,,,1,100,,38115,30,,,1,100,,38114,30,,,1,100,,38116,30,,,1
3301,'Dimanche-10-_26ÉTÉ-0000001-',723,,38122,30,,,1,100,,38123,30,,,1,100,,38124,30,,,2,100,,38118,30,,,1,100,,38119,30,,,1,101,,38120,30,,,1,100,,38121,30,,,1,100,,38126,30,,,1,102,,38127,30,,,1,97,,38125,30,,,1,100,,38128,30,,,1,98,,38131,30,,,1,100,,38135,30,,,1,100,,38129,30,,,1,100,,38130,30,,,1,100,,38133,30,,,1,100,,38132,30,,,1,100,,38134,30,,,1
3301,'Dimanche-11-_26ÉTÉ-0000001-',723,,48907,30,,,1,100,,48908,30,,,1,100,,48909,30,,,2,100,,48903,30,,,1,100,,48904,30,,,1,101,,48905,30,,,1,100,,48906,30,,,1,100,,48911,30,,,1,102,,48912,30,,,1,97,,48910,30,,,1,100,,48913,30,,,1,98,,48916,30,,,1,100,,48920,30,,,1,100,,48914,30,,,1,100,,48915,30,,,1,100,,48918,30,,,1,100,,48917,30,,,1,100,,48919,30,,,1
3301,'Semaine-1-_26ÉTÉ-1111100-',611,,38159,30,,,2,22,,38167,30,,,2,24,,38144,30,,,1,57,,38164,30,,,1,16,,38160,30,,,2,4,,38155,30,,,1,9,,38175,30,,,1,11,,38173,30,,,2,62,,38162,30,,,2,12,,38150,30,,,1,10,,38166,30,,,2,16,,38140,30,,,1,70,,38152,30,,,1,28,,38158,30,,,1,71,,38148,30,,,2,28,,38169,30,,,1,71,,38153,30,,,1,29,,38145,30,,,1,72,,38147,30,,,1,20,,38165,30,,,1,6,,38174,30,,,1,68,,38156,30,,,1,28,,38146,30,,,1,71,,38151,30,,,1,34,,38154,31,,,1,51,,38176,31,,,1,19,,38157,31,,,1,18,,38149,31,,,2,13,,38161,31,,,2,73,,38142,31,,,1,28,,38172,31,,,1,63,,38139,31,,,2,28,,38136,31,,,2,68,,38170,30,,,1,42,,38143,30,,,1,70,,38138,30,,,1,97,,38141,30,,,1,81,,38163,30,,,1,106,,38168,30,,,1,97,,38137,30,,,1,124,,38171,30,,,1
3301,'Semaine-10-_26ÉTÉ-1111100-',611,,38200,30,,,2,22,,38208,30,,,2,24,,38185,30,,,1,57,,38205,30,,,1,16,,38201,30,,,2,4,,38196,30,,,1,9,,38216,30,,,1,11,,38214,30,,,2,62,,38203,30,,,2,12,,38191,30,,,1,10,,38207,30,,,2,16,,38181,30,,,1,70,,38193,30,,,1,28,,38199,30,,,1,71,,38189,30,,,2,28,,38210,30,,,1,71,,38194,30,,,1,29,,38186,30,,,1,72,,38188,30,,,1,20,,38206,30,,,1,6,,38215,30,,,1,68,,38197,30,,,1,28,,38187,30,,,1,71,,38192,30,,,1,34,,38195,31,,,1,51,,38217,31,,,1,19,,38198,31,,,1,18,,38190,31,,,2,13,,38202,31,,,2,73,,38183,31,,,1,28,,38213,31,,,1,63,,38180,31,,,2,28,,38177,31,,,2,68,,38211,30,,,1,42,,38184,30,,,1,70,,38179,30,,,1,97,,38182,30,,,1,81,,38204,30,,,1,106,,38209,30,,,1,97,,38178,30,,,1,124,,38212,30,,,1
3301,'Semaine-11-_26ÉTÉ-1111100-',611,,45759,30,,,2,22,,45767,30,,,2,24,,45744,30,,,1,57,,45764,30,,,1,16,,45760,30,,,2,4,,45755,30,,,1,9,,45775,30,,,1,11,,45773,30,,,2,62,,45762,30,,,2,12,,45750,30,,,1,10,,45766,30,,,2,16,,45740,30,,,1,70,,45752,30,,,1,28,,45758,30,,,1,71,,45748,30,,,2,28,,45769,30,,,1,71,,45753,30,,,1,29,,45745,30,,,1,72,,45747,30,,,1,20,,45765,30,,,1,6,,45774,30,,,1,68,,45756,30,,,1,28,,45746,30,,,1,71,,45751,30,,,1,34,,45754,31,,,1,51,,45776,31,,,1,19,,45757,31,,,1,18,,45749,31,,,2,13,,45761,31,,,2,73,,45742,31,,,1,28,,45772,31,,,1,63,,45739,31,,,2,28,,45736,31,,,2,68,,45770,30,,,1,42,,45743,30,,,1,70,,45738,30,,,1,97,,45741,30,,,1,81,,45763,30,,,1,106,,45768,30,,,1,97,,45737,30,,,1,124,,45771,30,,,1
3301,'Semaine-5-_26ÉTÉ-1111100-',611,,50258,30,,,2,22,,50266,30,,,2,24,,50243,30,,,1,57,,50263,30,,,1,16,,50259,30,,,2,4,,50254,30,,,1,9,,50274,30,,,1,11,,50272,30,,,2,62,,50261,30,,,2,12,,50249,30,,,1,10,,50265,30,,,2,16,,50239,30,,,1,70,,50251,30,,,1,28,,50257,30,,,1,71,,50247,30,,,2,28,,50268,30,,,1,71,,50252,30,,,1,29,,50244,30,,,1,72,,50246,30,,,1,20,,50264,30,,,1,6,,50273,30,,,1,68,,50255,30,,,1,28,,50245,30,,,1,71,,50250,30,,,1,34,,50253,31,,,1,51,,50275,31,,,1,19,,50256,31,,,1,18,,50248,31,,,2,13,,50260,31,,,2,73,,50241,31,,,1,28,,50271,31,,,1,63,,50238,31,,,2,28,,50235,31,,,2,68,,50269,30,,,1,42,,50242,30,,,1,70,,50237,30,,,1,97,,50240,30,,,1,81,,50262,30,,,1,106,,50267,30,,,1,97,,50236,30,,,1,124,,50270,30,,,1
3601,'Semaine-1-_26ÉTÉ-1111100-',859,,38696,30,,,1,90,,38694,30,,,1,100,,38697,30,,,1,100,,38695,30,,,1,100,,38700,30,,,1,100,,38699,30,,,1,100,,38698,30,,,1
3601,'Semaine-10-_26ÉTÉ-1111100-',859,,38703,30,,,1,90,,38701,30,,,1,100,,38704,30,,,1,100,,38702,30,,,1,100,,38707,30,,,1,100,,38706,30,,,1,100,,38705,30,,,1
3601,'Semaine-11-_26ÉTÉ-1111100-',859,,45984,30,,,1,90,,45982,30,,,1,100,,45985,30,,,1,100,,45983,30,,,1,100,,45988,30,,,1,100,,45987,30,,,1,100,,45986,30,,,1
3601,'Semaine-5-_26ÉTÉ-1111100-',859,,50417,30,,,1,90,,50415,30,,,1,100,,50418,30,,,1,100,,50416,30,,,1,100,,50421,30,,,1,100,,50420,30,,,1,100,,50419,30,,,1
