3300,'Samedi-0-_26ÉTÉ-0000010-',708,,37942,26,,,1,132,,37947,26,,,1,99,,37944,26,,,1,99,,37948,26,,,1,101,,37943,26,,,1,100,,37946,26,,,1,100,,37945,26,,,1,100,,37949,26,,,1,103,,37950,26,,,1,97,,37951,26,,,1,100,,37952,26,,,1,99,,37953,26,,,1,97,,37954,26,,,1,100,,37958,26,,,1,100,,37955,26,,,1,100,,37956,26,,,1,100,,37957,26,,,1,99,,37959,26,,,1
3300,'Dimanche-0-_26ÉTÉ-0000001-',708,,37961,26,,,1,132,,37960,26,,,1,99,,37963,26,,,1,99,,37965,26,,,1,101,,37966,26,,,1,100,,37967,26,,,1,100,,37962,26,,,1,100,,37969,26,,,1,103,,37964,26,,,1,97,,37970,26,,,1,100,,37973,26,,,1,99,,37977,26,,,1,97,,37974,26,,,1,100,,37968,26,,,1,100,,37971,26,,,1,100,,37976,26,,,1,100,,37972,26,,,1,99,,37975,26,,,1
3300,'Dimanche-10-_26ÉTÉ-0000001-',708,,37979,26,,,1,132,,37978,26,,,1,99,,37981,26,,,1,99,,37983,26,,,1,101,,37984,26,,,1,100,,37985,26,,,1,100,,37980,26,,,1,100,,37987,26,,,1,103,,37982,26,,,1,97,,37988,26,,,1,100,,37991,26,,,1,99,,37995,26,,,1,97,,37992,26,,,1,100,,37986,26,,,1,100,,37989,26,,,1,100,,37994,26,,,1,100,,37990,26,,,1,99,,37993,26,,,1
3300,'Dimanche-11-_26ÉTÉ-0000001-',708,,48886,26,,,1,132,,48885,26,,,1,99,,48888,26,,,1,99,,48890,26,,,1,101,,48891,26,,,1,100,,48892,26,,,1,100,,48887,26,,,1,100,,48894,26,,,1,103,,48889,26,,,1,97,,48895,26,,,1,100,,48898,26,,,1,99,,48902,26,,,1,97,,48899,26,,,1,100,,48893,26,,,1,100,,48896,26,,,1,100,,48901,26,,,1,100,,48897,26,,,1,99,,48900,26,,,1
3300,'Semaine-1-_26ÉTÉ-1111100-',634,,38023,19,,,1,76,,38022,26,,,2,22,,38028,26,,,2,15,,38001,26,,,2,62,,38016,26,,,2,22,,38024,26,,,2,4,,38035,26,,,1,9,,38036,26,,,1,73,,38029,26,,,2,12,,38011,26,,,1,10,,38014,26,,,2,13,,38031,26,,,1,70,,38017,26,,,1,27,,38006,26,,,1,71,,38012,26,,,2,28,,37996,26,,,1,71,,38019,26,,,1,29,,38007,26,,,1,72,,38015,26,,,1,20,,38034,26,,,1,6,,38018,26,,,1,68,,38021,26,,,1,30,,38008,26,,,1,15,,38030,19,,,1,56,,38026,26,,,1,37,,38020,26,,,1,52,,37998,26,,,1,19,,38010,26,,,1,19,,38033,26,,,2,13,,38032,26,,,2,52,,38027,19,,,1,21,,38005,26,,,1,27,,38004,26,,,1,61,,38009,26,,,2,25,,37997,26,,,2,67,,38002,26,,,1,32,,38037,19,,,1,80,,38013,26,,,1,96,,38003,26,,,1,40,,37999,26,,,1,145,,38025,26,,,1,57,,38038,26,,,1,65,,38000,26,,,1
3300,'Semaine-10-_26ÉTÉ-1111100-',634,,38066,19,,,1,76,,38065,26,,,2,22,,38071,26,,,2,15,,38044,26,,,2,62,,38059,26,,,2,22,,38067,26,,,2,4,,38078,26,,,1,9,,38079,26,,,1,73,,38072,26,,,2,12,,38054,26,,,1,10,,38057,26,,,2,13,,38074,26,,,1,70,,38060,26,,,1,27,,38049,26,,,1,71,,38055,26,,,2,28,,38039,26,,,1,71,,38062,26,,,1,29,,38050,26,,,1,72,,38058,26,,,1,20,,38077,26,,,1,6,,38061,26,,,1,68,,38064,26,,,1,30,,38051,26,,,1,15,,38073,19,,,1,56,,38069,26,,,1,37,,38063,26,,,1,52,,38041,26,,,1,19,,38053,26,,,1,19,,38076,26,,,2,13,,38075,26,,,2,52,,38070,19,,,1,21,,38048,26,,,1,27,,38047,26,,,1,61,,38052,26,,,2,25,,38040,26,,,2,67,,38045,26,,,1,32,,38080,19,,,1,80,,38056,26,,,1,96,,38046,26,,,1,40,,38042,26,,,1,145,,38068,26,,,1,57,,38081,26,,,1,65,,38043,26,,,1
3300,'Semaine-11-_26ÉTÉ-1111100-',634,,45702,19,,,1,76,,45701,26,,,2,22,,45707,26,,,2,15,,45680,26,,,2,62,,45695,26,,,2,22,,45703,26,,,2,4,,45714,26,,,1,9,,45715,26,,,1,73,,45708,26,,,2,12,,45690,26,,,1,10,,45693,26,,,2,13,,45710,26,,,1,70,,45696,26,,,1,27,,45685,26,,,1,71,,45691,26,,,2,28,,45675,26,,,1,71,,45698,26,,,1,29,,45686,26,,,1,72,,45694,26,,,1,20,,45713,26,,,1,6,,45697,26,,,1,68,,45700,26,,,1,30,,45687,26,,,1,15,,45709,19,,,1,56,,45705,26,,,1,37,,45699,26,,,1,52,,45677,26,,,1,19,,45689,26,,,1,19,,45712,26,,,2,13,,45711,26,,,2,52,,45706,19,,,1,21,,45684,26,,,1,27,,45683,26,,,1,61,,45688,26,,,2,25,,45676,26,,,2,67,,45681,26,,,1,32,,45716,19,,,1,80,,45692,26,,,1,96,,45682,26,,,1,40,,45678,26,,,1,145,,45704,26,,,1,57,,45717,26,,,1,65,,45679,26,,,1
3300,'Semaine-5-_26ÉTÉ-1111100-',634,,50219,19,,,1,76,,50218,26,,,2,22,,50224,26,,,2,15,,50197,26,,,2,62,,50212,26,,,2,22,,50220,26,,,2,4,,50231,26,,,1,9,,50232,26,,,1,73,,50225,26,,,2,12,,50207,26,,,1,10,,50210,26,,,2,13,,50227,26,,,1,70,,50213,26,,,1,27,,50202,26,,,1,71,,50208,26,,,2,28,,50192,26,,,1,71,,50215,26,,,1,29,,50203,26,,,1,72,,50211,26,,,1,20,,50230,26,,,1,6,,50214,26,,,1,68,,50217,26,,,1,30,,50204,26,,,1,15,,50226,19,,,1,56,,50222,26,,,1,37,,50216,26,,,1,52,,50194,26,,,1,19,,50206,26,,,1,19,,50229,26,,,2,13,,50228,26,,,2,52,,50223,19,,,1,21,,50201,26,,,1,27,,50200,26,,,1,61,,50205,26,,,2,25,,50193,26,,,2,67,,50198,26,,,1,32,,50233,19,,,1,80,,50209,26,,,1,96,,50199,26,,,1,40,,50195,26,,,1,145,,50221,26,,,1,57,,50234,26,,,1,65,,50196,26,,,1
3600,'Semaine-1-_26ÉTÉ-1111100-',912,,38681,21,,,1,100,,38682,21,,,1,101,,38680,21,,,1,100,,38683,21,,,1,100,,38685,21,,,1,100,,38686,21,,,1,98,,38684,21,,,1
3600,'Semaine-10-_26ÉTÉ-1111100-',912,,38688,21,,,1,100,,38689,21,,,1,101,,38687,21,,,1,100,,38690,21,,,1,100,,38692,21,,,1,100,,38693,21,,,1,98,,38691,21,,,1
3600,'Semaine-11-_26ÉTÉ-1111100-',912,,45976,21,,,1,100,,45977,21,,,1,101,,45975,21,,,1,100,,45978,21,,,1,100,,45980,21,,,1,100,,45981,21,,,1,98,,45979,21,,,1
3600,'Semaine-5-_26ÉTÉ-1111100-',912,,50409,21,,,1,100,,50410,21,,,1,101,,50408,21,,,1,100,,50411,21,,,1,100,,50413,21,,,1,100,,50414,21,,,1,98,,50412,21,,,1
