6301,'Samedi-0-_26ÉTÉ-0000010-',1126,,41102,7,,,1,100,,41103,7,,,1,100,,41104,7,,,1,100,,41105,7,,,1,100,,41106,7,,,1,100,,41107,7,,,1,100,,41108,7,,,1,100,,41109,7,,,2
6301,'Dimanche-0-_26ÉTÉ-0000001-',1126,,41112,7,,,1,100,,41110,7,,,1,100,,41114,7,,,1,100,,41111,7,,,1,100,,41113,7,,,1,100,,41115,7,,,1,100,,41117,7,,,1,100,,41116,7,,,2
6301,'Dimanche-10-_26ÉTÉ-0000001-',1126,,41120,7,,,1,100,,41118,7,,,1,100,,41122,7,,,1,100,,41119,7,,,1,100,,41121,7,,,1,100,,41123,7,,,1,100,,41125,7,,,1,100,,41124,7,,,2
6301,'Semaine-1-_26ÉTÉ-1111100-',553,,41131,7,,,2,70,,41141,7,,,2,30,,41137,7,,,2,70,,41142,7,,,1,30,,41138,7,,,1,70,,41145,7,,,1,100,,41143,7,,,2,100,,41144,7,,,2,100,,41146,7,,,2,100,,41126,7,,,1,100,,41139,7,,,2,100,,41128,7,,,1,100,,41133,7,,,1,31,,41147,7,,,2,70,,41130,7,,,1,31,,41127,7,,,1,69,,41134,7,,,1,30,,41136,7,,,2,80,,41135,7,,,1,100,,41140,7,,,1,100,,41132,7,,,1,100,,41129,7,,,2
6301,'Semaine-10-_26ÉTÉ-1111100-',553,,41153,7,,,2,70,,41163,7,,,2,30,,41159,7,,,2,70,,41164,7,,,1,30,,41160,7,,,1,70,,41167,7,,,1,100,,41165,7,,,2,100,,41166,7,,,2,100,,41168,7,,,2,100,,41148,7,,,1,100,,41161,7,,,2,100,,41150,7,,,1,100,,41155,7,,,1,31,,41169,7,,,1,70,,41152,7,,,1,31,,41149,7,,,1,69,,41156,7,,,1,30,,41158,7,,,2,80,,41157,7,,,1,100,,41162,7,,,1,100,,41154,7,,,1,100,,41151,7,,,2
6701,'Samedi-0-_26ÉTÉ-0000010-',634,,41950,15,,,1,101,,41956,15,,,1,99,,41952,15,,,1,101,,41951,15,,,1,71,,41954,15,,,1,28,,41959,15,,,1,72,,41960,15,,,2,30,,41953,15,,,1,70,,41955,15,,,1,30,,41958,15,,,1,70,,41961,15,,,1,30,,41962,15,,,1,70,,41957,15,,,1,30,,41963,15,,,1,70,,41964,15,,,1,30,,41965,15,,,2,70,,41966,15,,,2,30,,41967,15,,,1,71,,41968,15,,,1,29,,41969,15,,,1,70,,41970,15,,,2,29,,41971,15,,,1,70,,41972,15,,,2,100,,41973,15,,,1,100,,41974,15,,,1,100,,41976,15,,,1,100,,41975,15,,,1
6701,'Dimanche-0-_26ÉTÉ-0000001-',634,,41977,15,,,1,101,,41982,15,,,1,99,,41985,15,,,1,101,,41980,15,,,1,71,,41978,15,,,1,28,,41979,15,,,1,72,,41981,15,,,2,30,,41989,15,,,1,70,,41983,15,,,1,30,,41987,15,,,1,70,,41984,15,,,1,30,,41992,15,,,1,70,,41993,15,,,1,30,,41990,15,,,1,70,,41995,15,,,1,30,,41986,15,,,2,70,,41998,15,,,2,30,,41991,15,,,1,71,,41988,15,,,1,29,,41996,15,,,1,70,,41999,15,,,2,29,,42003,15,,,1,70,,42002,15,,,2,100,,41994,15,,,1,100,,42000,15,,,1,100,,41997,15,,,1,100,,42001,15,,,1
6701,'Dimanche-10-_26ÉTÉ-0000001-',634,,42004,15,,,1,101,,42009,15,,,1,99,,42012,15,,,1,101,,42007,15,,,1,71,,42005,15,,,1,28,,42006,15,,,1,72,,42008,15,,,2,30,,42016,15,,,1,70,,42010,15,,,1,30,,42014,15,,,1,70,,42011,15,,,1,30,,42019,15,,,1,70,,42020,15,,,1,30,,42017,15,,,1,70,,42022,15,,,1,30,,42013,15,,,2,70,,42025,15,,,2,30,,42018,15,,,1,71,,42015,15,,,1,29,,42023,15,,,1,70,,42026,15,,,2,29,,42030,15,,,1,70,,42029,15,,,2,100,,42021,15,,,1,100,,42027,15,,,1,100,,42024,15,,,1,100,,42028,15,,,1
6701,'Semaine-1-_26ÉTÉ-1111100-',911,,42051,15,,,1,20,,42040,15,,,1,20,,42058,15,,,2,60,,42044,15,,,1,20,,42038,15,,,2,20,,42059,15,,,1,60,,42052,15,,,1,20,,42041,15,,,1,20,,42060,15,,,2,60,,42045,15,,,1,20,,42048,15,,,2,21,,42061,15,,,1,59,,42047,15,,,1,20,,42042,15,,,2,20,,42062,15,,,1,60,,42053,15,,,1,20,,42055,15,,,1,20,,42057,15,,,1,60,,42049,15,,,2,32,,42033,15,,,1,70,,42056,15,,,2,29,,42036,15,,,1,70,,42054,15,,,1,30,,42050,15,,,1,69,,42043,15,,,1,30,,42031,15,,,1,69,,42046,15,,,1,30,,42034,15,,,1,70,,42063,15,,,1,30,,42032,15,,,1,70,,42065,15,,,1,30,,42035,15,,,1,70,,42066,15,,,1,29,,42037,15,,,2,70,,42064,15,,,1,30,,42039,15,,,2
6701,'Semaine-10-_26ÉTÉ-1111100-',911,,42087,15,,,1,20,,42076,15,,,1,20,,42094,15,,,2,60,,42080,15,,,1,20,,42074,15,,,2,20,,42095,15,,,1,60,,42088,15,,,1,20,,42077,15,,,1,20,,42096,15,,,2,60,,42081,15,,,1,20,,42084,15,,,2,21,,42097,15,,,2,59,,42083,15,,,1,20,,42078,15,,,2,20,,42098,15,,,1,60,,42089,15,,,1,20,,42091,15,,,1,20,,42093,15,,,1,60,,42085,15,,,2,32,,42069,15,,,1,70,,42092,15,,,2,29,,42072,15,,,1,70,,42090,15,,,1,30,,42086,15,,,1,69,,42079,15,,,1,30,,42067,15,,,1,69,,42082,15,,,1,30,,42070,15,,,1,70,,42099,15,,,1,30,,42068,15,,,1,70,,42101,15,,,1,30,,42071,15,,,1,70,,42102,15,,,1,29,,42073,15,,,2,70,,42100,15,,,1,30,,42075,15,,,2
8701,'Semaine-1-_26ÉTÉ-1111100-',515,,43663,15,,,1,31,,43656,15,,,1,68,,43661,15,,,2,20,,43659,15,,,2,18,,43657,15,,,1,55,,43666,15,,,2,13,,43662,15,,,2,17,,43658,15,,,2,15,,43665,15,,,1,59,,43664,15,,,2,20,,43660,15,,,2,20,,43655,15,,,2
8701,'Semaine-10-_26ÉTÉ-1111100-',515,,43675,15,,,1,31,,43668,15,,,1,68,,43673,15,,,2,20,,43671,15,,,2,18,,43669,15,,,1,55,,43678,15,,,2,13,,43674,15,,,2,17,,43670,15,,,2,15,,43677,15,,,1,59,,43676,15,,,2,20,,43672,15,,,2,20,,43667,15,,,2
