6200,'Semaine-1-_26ÉTÉ-1111100-',606,,40944,31,,,2,30,,40960,31,,,2,70,,40945,31,,,1,31,,40957,31,,,2,70,,40956,31,,,2,31,,40955,31,,,1,98,,40946,31,,,1,100,,40951,31,,,2,100,,40948,31,,,1,100,,40958,31,,,2,100,,40961,31,,,2,100,,40964,31,,,2,86,,40965,31,,,1,30,,40953,31,,,2,71,,40959,31,,,1,29,,40947,31,,,1,70,,40966,31,,,2,28,,40962,31,,,1,70,,40954,31,,,1,100,,40963,31,,,1,96,,40949,31,,,1,100,,40952,31,,,1,100,,40950,31,,,2
6200,'Semaine-10-_26ÉTÉ-1111100-',606,,40967,31,,,2,30,,40983,31,,,2,70,,40968,31,,,1,31,,40980,31,,,2,70,,40979,31,,,2,31,,40978,31,,,1,98,,40969,31,,,1,100,,40974,31,,,2,100,,40971,31,,,1,100,,40981,31,,,2,100,,40984,31,,,2,100,,40987,31,,,2,86,,40988,31,,,1,30,,40976,31,,,2,71,,40982,31,,,1,29,,40970,31,,,1,70,,40989,31,,,2,28,,40985,31,,,1,70,,40977,31,,,1,100,,40986,31,,,1,96,,40972,31,,,1,100,,40975,31,,,1,100,,40973,31,,,2
6200,'Semaine-11-_26ÉTÉ-1111100-',606,,46930,31,,,2,30,,46946,31,,,2,70,,46931,31,,,1,31,,46943,31,,,2,70,,46942,31,,,2,31,,46941,31,,,1,98,,46932,31,,,1,100,,46937,31,,,2,100,,46934,31,,,1,100,,46944,31,,,2,100,,46947,31,,,2,100,,46950,31,,,2,86,,46951,31,,,1,30,,46939,31,,,2,71,,46945,31,,,1,29,,46933,31,,,1,70,,46952,31,,,2,28,,46948,31,,,1,70,,46940,31,,,1,100,,46949,31,,,1,96,,46935,31,,,1,100,,46938,31,,,1,100,,46936,31,,,2
6200,'Semaine-12-_26ÉTÉ-1111100-',606,,53445,31,,,2,30,,53461,31,,,2,70,,53446,31,,,1,31,,53458,31,,,2,70,,53457,31,,,2,31,,53456,31,,,1,98,,53447,31,,,1,100,,53452,31,,,2,100,,53449,31,,,1,100,,53459,31,,,2,100,,53462,31,,,2,100,,53465,31,,,2,86,,53466,31,,,1,30,,53454,31,,,2,71,,53460,31,,,1,29,,53448,31,,,1,70,,53467,31,,,2,28,,53463,31,,,1,70,,53455,31,,,1,100,,53464,31,,,1,96,,53450,31,,,1,100,,53453,31,,,1,100,,53451,31,,,2
6200,'Semaine-5-_26ÉTÉ-1111100-',606,,51011,31,,,2,30,,51027,31,,,2,70,,51012,31,,,1,31,,51024,31,,,2,70,,51023,31,,,2,31,,51022,31,,,1,98,,51013,31,,,1,100,,51018,31,,,2,100,,51015,31,,,1,100,,51025,31,,,2,100,,51028,31,,,2,100,,51031,31,,,2,86,,51032,31,,,1,30,,51020,31,,,2,71,,51026,31,,,1,29,,51014,31,,,1,70,,51033,31,,,2,28,,51029,31,,,1,70,,51021,31,,,1,100,,51030,31,,,1,96,,51016,31,,,1,100,,51019,31,,,1,100,,51017,31,,,2
7101,'Samedi-0-_26ÉTÉ-0000010-',747,,42533,21,,,2,100,,42532,21,,,2,100,,42537,21,,,1,100,,42535,21,,,1,100,,42536,21,,,1,100,,42531,21,,,1,102,,42534,21,,,1,99,,42538,21,,,2,99,,42539,21,,,2,100,,42540,21,,,2,100,,42541,21,,,2,100,,42542,21,,,2,100,,42543,21,,,1,100,,42544,21,,,1,100,,42545,21,,,2,100,,42546,21,,,1
7101,'Dimanche-0-_26ÉTÉ-0000001-',747,,42552,21,,,2,100,,42551,21,,,2,100,,42553,21,,,1,100,,42554,21,,,1,100,,42549,21,,,1,100,,42548,21,,,1,102,,42550,21,,,1,99,,42547,21,,,2,99,,42557,21,,,2,100,,42558,21,,,2,100,,42559,21,,,2,100,,42560,21,,,2,100,,42555,21,,,1,100,,42556,21,,,1,100,,42562,21,,,2,100,,42561,21,,,1
7101,'Dimanche-10-_26ÉTÉ-0000001-',747,,42568,21,,,2,100,,42567,21,,,2,100,,42569,21,,,1,100,,42570,21,,,1,100,,42565,21,,,1,100,,42564,21,,,1,102,,42566,21,,,1,99,,42563,21,,,2,99,,42573,21,,,2,100,,42574,21,,,2,100,,42575,21,,,2,100,,42576,21,,,2,100,,42571,21,,,1,100,,42572,21,,,1,100,,42578,21,,,2,100,,42577,21,,,1
7101,'Dimanche-11-_26ÉTÉ-0000001-',747,,49555,21,,,2,100,,49554,21,,,2,100,,49556,21,,,1,100,,49557,21,,,1,100,,49552,21,,,1,100,,49551,21,,,1,102,,49553,21,,,1,99,,49550,21,,,2,99,,49560,21,,,2,100,,49561,21,,,2,100,,49562,21,,,2,100,,49563,21,,,2,100,,49558,21,,,1,100,,49559,21,,,1,100,,49565,21,,,2,100,,49564,21,,,1
7101,'Semaine-1-_26ÉTÉ-1111100-',550,,42596,21,,,2,62,,42613,21,,,2,17,,42614,21,,,2,20,,42597,21,,,1,60,,42598,21,,,1,15,,42608,21,,,1,20,,42590,21,,,1,15,,42593,21,,,2,58,,42616,21,,,2,30,,42579,21,,,1,69,,42606,21,,,1,30,,42605,21,,,1,70,,42584,21,,,1,30,,42618,21,,,2,70,,42604,21,,,1,30,,42607,21,,,1,70,,42617,21,,,2,30,,42580,21,,,1,70,,42582,21,,,2,30,,42594,21,,,2,71,,42583,21,,,1,30,,42615,21,,,2,70,,42610,21,,,2,15,,42599,21,,,2,15,,42602,21,,,1,55,,42600,21,,,1,16,,42585,21,,,1,19,,42591,21,,,1,11,,42612,21,,,1,55,,42581,21,,,2,14,,42611,21,,,1,20,,42586,21,,,2,20,,42589,21,,,2,69,,42587,21,,,1,30,,42588,21,,,2,100,,42603,21,,,1,100,,42601,21,,,1,100,,42595,21,,,1,101,,42609,21,,,2,99,,42592,21,,,1
7101,'Semaine-10-_26ÉTÉ-1111100-',550,,42636,21,,,2,62,,42653,21,,,2,17,,42654,21,,,2,20,,42637,21,,,1,60,,42638,21,,,1,15,,42648,21,,,1,20,,42630,21,,,1,15,,42633,21,,,2,58,,42656,21,,,2,30,,42619,21,,,1,69,,42646,21,,,1,30,,42645,21,,,1,70,,42624,21,,,1,30,,42658,21,,,2,70,,42644,21,,,1,30,,42647,21,,,1,70,,42657,21,,,2,30,,42620,21,,,1,70,,42622,21,,,2,30,,42634,21,,,2,71,,42623,21,,,1,30,,42655,21,,,2,70,,42650,21,,,2,15,,42639,21,,,2,15,,42642,21,,,1,55,,42640,21,,,1,16,,42625,21,,,1,19,,42631,21,,,1,11,,42652,21,,,1,55,,42621,21,,,2,14,,42651,21,,,1,20,,42626,21,,,2,20,,42629,21,,,2,69,,42627,21,,,1,30,,42628,21,,,2,100,,42643,21,,,1,100,,42641,21,,,1,100,,42635,21,,,1,101,,42649,21,,,2,99,,42632,21,,,1
7101,'Semaine-11-_26ÉTÉ-1111100-',550,,47652,21,,,2,62,,47669,21,,,2,17,,47670,21,,,2,20,,47653,21,,,1,60,,47654,21,,,1,15,,47664,21,,,1,20,,47646,21,,,1,15,,47649,21,,,2,58,,47672,21,,,2,30,,47635,21,,,1,69,,47662,21,,,1,30,,47661,21,,,1,70,,47640,21,,,1,30,,47674,21,,,2,70,,47660,21,,,1,30,,47663,21,,,1,70,,47673,21,,,2,30,,47636,21,,,1,70,,47638,21,,,2,30,,47650,21,,,2,71,,47639,21,,,1,30,,47671,21,,,2,70,,47666,21,,,2,15,,47655,21,,,2,15,,47658,21,,,1,55,,47656,21,,,1,16,,47641,21,,,1,19,,47647,21,,,1,11,,47668,21,,,1,55,,47637,21,,,2,14,,47667,21,,,1,20,,47642,21,,,2,20,,47645,21,,,2,69,,47643,21,,,1,30,,47644,21,,,2,100,,47659,21,,,1,100,,47657,21,,,1,100,,47651,21,,,1,101,,47665,21,,,2,99,,47648,21,,,1
7101,'Semaine-12-_26ÉTÉ-1111100-',550,,53942,21,,,2,62,,53959,21,,,2,17,,53960,21,,,2,20,,53943,21,,,1,60,,53944,21,,,1,15,,53954,21,,,1,20,,53936,21,,,1,15,,53939,21,,,2,58,,53962,21,,,2,30,,53925,21,,,1,69,,53952,21,,,1,30,,53951,21,,,1,70,,53930,21,,,1,30,,53964,21,,,2,70,,53950,21,,,1,30,,53953,21,,,1,70,,53963,21,,,2,30,,53926,21,,,1,70,,53928,21,,,2,30,,53940,21,,,2,71,,53929,21,,,1,30,,53961,21,,,2,70,,53956,21,,,2,15,,53945,21,,,2,15,,53948,21,,,1,55,,53946,21,,,1,16,,53931,21,,,1,19,,53937,21,,,1,11,,53958,21,,,1,55,,53927,21,,,2,14,,53957,21,,,1,20,,53932,21,,,2,20,,53935,21,,,2,69,,53933,21,,,1,30,,53934,21,,,2,100,,53949,21,,,1,100,,53947,21,,,1,100,,53941,21,,,1,101,,53955,21,,,2,99,,53938,21,,,1
7101,'Semaine-5-_26ÉTÉ-1111100-',550,,51509,21,,,2,62,,51526,21,,,2,17,,51527,21,,,2,20,,51510,21,,,1,60,,51511,21,,,1,15,,51521,21,,,1,20,,51503,21,,,1,15,,51506,21,,,2,58,,51529,21,,,2,30,,51492,21,,,1,69,,51519,21,,,1,30,,51518,21,,,1,70,,51497,21,,,1,30,,51531,21,,,2,70,,51517,21,,,1,30,,51520,21,,,1,70,,51530,21,,,2,30,,51493,21,,,1,70,,51495,21,,,2,30,,51507,21,,,2,71,,51496,21,,,1,30,,51528,21,,,2,70,,51523,21,,,2,15,,51512,21,,,2,15,,51515,21,,,1,55,,51513,21,,,1,16,,51498,21,,,1,19,,51504,21,,,1,11,,51525,21,,,1,55,,51494,21,,,2,14,,51524,21,,,1,20,,51499,21,,,2,20,,51502,21,,,2,69,,51500,21,,,1,30,,51501,21,,,2,100,,51516,21,,,1,100,,51514,21,,,1,100,,51508,21,,,1,101,,51522,21,,,2,99,,51505,21,,,1
