2600,'Semaine-1-_26ÉTÉ-1111100-',1549,,37385,9,,,1,72,,37384,9,,,1,29,,37383,9,,,2,71,,37386,9,,,1,26,,37387,9,,,1
2600,'Semaine-10-_26ÉTÉ-1111100-',1549,,37390,9,,,1,72,,37389,9,,,1,29,,37388,9,,,2,71,,37391,9,,,1,26,,37392,9,,,1
2600,'Semaine-11-_26ÉTÉ-1111100-',1549,,45398,9,,,1,72,,45397,9,,,1,29,,45396,9,,,2,71,,45399,9,,,1,26,,45400,9,,,1
2600,'Semaine-12-_26ÉTÉ-1111100-',1549,,52406,9,,,1,72,,52405,9,,,1,29,,52404,9,,,2,71,,52407,9,,,1,26,,52408,9,,,1
2600,'Semaine-5-_26ÉTÉ-1111100-',1549,,49969,9,,,1,72,,49968,9,,,1,29,,49967,9,,,2,71,,49970,9,,,1,26,,49971,9,,,1
2900,'Semaine-1-_26ÉTÉ-1111100-',1542,,37436,9,,,2,70,,37435,9,,,2,34,,37433,9,,,1,65,,37437,9,,,2,34,,37434,9,,,2
2900,'Semaine-10-_26ÉTÉ-1111100-',1542,,37441,9,,,2,70,,37440,9,,,2,34,,37438,9,,,1,65,,37442,9,,,2,34,,37439,9,,,2
2900,'Semaine-11-_26ÉTÉ-1111100-',1542,,45424,9,,,2,70,,45423,9,,,2,34,,45421,9,,,1,65,,45425,9,,,2,34,,45422,9,,,2
2900,'Semaine-12-_26ÉTÉ-1111100-',1542,,52432,9,,,2,70,,52431,9,,,2,34,,52429,9,,,1,65,,52433,9,,,2,34,,52430,9,,,2
2900,'Semaine-5-_26ÉTÉ-1111100-',1542,,49995,9,,,2,70,,49994,9,,,2,34,,49992,9,,,1,65,,49996,9,,,2,34,,49993,9,,,2
3200,'Semaine-1-_26ÉTÉ-1111100-',624,,37783,10,,,1,32,,37782,10,,,2,71,,37778,10,,,2,31,,37780,10,,,2,70,,37779,10,,,1,30,,37781,10,,,2,69,,37754,10,,,1,30,,37749,10,,,2,70,,37750,10,,,1,30,,37761,10,,,2,70,,37755,10,,,1,30,,37741,10,,,1,70,,37742,10,,,1,30,,37753,10,,,2,70,,37756,10,,,1,30,,37762,10,,,1,70,,37743,10,,,1,31,,37788,10,,,2,56,,37740,10,,,2,13,,37770,10,,,1,8,,37760,10,,,1,12,,37766,10,,,2,10,,37767,10,,,1,50,,37785,10,,,1,10,,37786,10,,,2,10,,37787,10,,,1,10,,37784,10,,,1,11,,37757,10,,,1,11,,37768,10,,,1,48,,37776,10,,,2,12,,37769,10,,,2,9,,37746,10,,,1,8,,37777,10,,,2,10,,37763,10,,,1,8,,37765,10,,,1,50,,37764,10,,,1,20,,37758,10,,,1,24,,37752,10,,,1,71,,37747,10,,,1,30,,37744,10,,,1,69,,37759,10,,,1,30,,37751,10,,,1,70,,37748,10,,,1,30,,37745,10,,,1,70,,37771,10,,,1,29,,37772,10,,,1,69,,37773,10,,,2,30,,37774,10,,,1,70,,37775,10,,,1
3200,'Semaine-10-_26ÉTÉ-1111100-',624,,37832,10,,,1,32,,37831,10,,,2,71,,37827,10,,,2,31,,37829,10,,,2,70,,37828,10,,,1,30,,37830,10,,,2,69,,37803,10,,,1,30,,37798,10,,,2,70,,37799,10,,,1,30,,37810,10,,,2,70,,37804,10,,,1,30,,37790,10,,,1,70,,37791,10,,,1,30,,37802,10,,,2,70,,37805,10,,,1,30,,37811,10,,,1,70,,37792,10,,,1,31,,37837,10,,,1,56,,37789,10,,,2,13,,37819,10,,,1,8,,37809,10,,,1,12,,37815,10,,,2,10,,37816,10,,,1,50,,37834,10,,,1,10,,37835,10,,,2,10,,37836,10,,,1,10,,37833,10,,,1,11,,37806,10,,,1,11,,37817,10,,,1,48,,37825,10,,,2,12,,37818,10,,,2,9,,37795,10,,,1,8,,37826,10,,,2,10,,37812,10,,,1,8,,37814,10,,,1,50,,37813,10,,,1,20,,37807,10,,,1,24,,37801,10,,,1,71,,37796,10,,,1,30,,37793,10,,,1,69,,37808,10,,,1,30,,37800,10,,,1,70,,37797,10,,,1,30,,37794,10,,,1,70,,37820,10,,,1,29,,37821,10,,,1,69,,37822,10,,,2,30,,37823,10,,,1,70,,37824,10,,,1
3200,'Semaine-11-_26ÉTÉ-1111100-',624,,45599,10,,,1,32,,45598,10,,,2,71,,45594,10,,,2,31,,45596,10,,,2,70,,45595,10,,,1,30,,45597,10,,,2,69,,45570,10,,,1,30,,45565,10,,,2,70,,45566,10,,,1,30,,45577,10,,,2,70,,45571,10,,,1,30,,45557,10,,,1,70,,45558,10,,,1,30,,45569,10,,,2,70,,45572,10,,,1,30,,45578,10,,,1,70,,45559,10,,,1,31,,45604,10,,,2,56,,45556,10,,,2,13,,45586,10,,,1,8,,45576,10,,,1,12,,45582,10,,,2,10,,45583,10,,,1,50,,45601,10,,,1,10,,45602,10,,,2,10,,45603,10,,,1,10,,45600,10,,,1,11,,45573,10,,,1,11,,45584,10,,,1,48,,45592,10,,,2,12,,45585,10,,,2,9,,45562,10,,,1,8,,45593,10,,,2,10,,45579,10,,,1,8,,45581,10,,,1,50,,45580,10,,,1,20,,45574,10,,,1,24,,45568,10,,,1,71,,45563,10,,,1,30,,45560,10,,,1,69,,45575,10,,,1,30,,45567,10,,,1,70,,45564,10,,,1,30,,45561,10,,,1,70,,45587,10,,,1,29,,45588,10,,,1,69,,45589,10,,,2,30,,45590,10,,,1,70,,45591,10,,,1
3200,'Semaine-12-_26ÉTÉ-1111100-',624,,52570,10,,,1,32,,52569,10,,,2,71,,52565,10,,,2,31,,52567,10,,,2,70,,52566,10,,,1,30,,52568,10,,,2,69,,52541,10,,,1,30,,52536,10,,,2,70,,52537,10,,,1,30,,52548,10,,,2,70,,52542,10,,,1,30,,52528,10,,,1,70,,52529,10,,,1,30,,52540,10,,,2,70,,52543,10,,,1,30,,52549,10,,,1,70,,52530,10,,,1,31,,52575,10,,,2,56,,52527,10,,,2,13,,52557,10,,,1,8,,52547,10,,,1,12,,52553,10,,,2,10,,52554,10,,,1,50,,52572,10,,,1,10,,52573,10,,,2,10,,52574,10,,,1,10,,52571,10,,,1,11,,52544,10,,,1,11,,52555,10,,,1,48,,52563,10,,,2,12,,52556,10,,,2,9,,52533,10,,,1,8,,52564,10,,,2,10,,52550,10,,,1,8,,52552,10,,,1,50,,52551,10,,,1,20,,52545,10,,,1,24,,52539,10,,,1,71,,52534,10,,,1,30,,52531,10,,,1,69,,52546,10,,,1,30,,52538,10,,,1,70,,52535,10,,,1,30,,52532,10,,,1,70,,52558,10,,,1,29,,52559,10,,,1,69,,52560,10,,,2,30,,52561,10,,,1,70,,52562,10,,,1
3200,'Semaine-5-_26ÉTÉ-1111100-',624,,50134,10,,,1,32,,50133,10,,,2,71,,50129,10,,,2,31,,50131,10,,,2,70,,50130,10,,,1,30,,50132,10,,,2,69,,50105,10,,,1,30,,50100,10,,,2,70,,50101,10,,,1,30,,50112,10,,,2,70,,50106,10,,,1,30,,50092,10,,,1,70,,50093,10,,,1,30,,50104,10,,,2,70,,50107,10,,,1,30,,50113,10,,,1,70,,50094,10,,,1,31,,50139,10,,,2,56,,50091,10,,,2,13,,50121,10,,,1,8,,50111,10,,,1,12,,50117,10,,,2,10,,50118,10,,,1,50,,50136,10,,,1,10,,50137,10,,,2,10,,50138,10,,,1,10,,50135,10,,,1,11,,50108,10,,,1,11,,50119,10,,,1,48,,50127,10,,,2,12,,50120,10,,,2,9,,50097,10,,,1,8,,50128,10,,,2,10,,50114,10,,,1,8,,50116,10,,,1,50,,50115,10,,,1,20,,50109,10,,,1,24,,50103,10,,,1,71,,50098,10,,,1,30,,50095,10,,,1,69,,50110,10,,,1,30,,50102,10,,,1,70,,50099,10,,,1,30,,50096,10,,,1,70,,50122,10,,,1,29,,50123,10,,,1,69,,50124,10,,,2,30,,50125,10,,,1,70,,50126,10,,,1
3400,'Samedi-0-_26ÉTÉ-0000010-',728,,38218,10,,,1,104,,38223,10,,,1,70,,38219,10,,,2,31,,38225,10,,,1,70,,38226,10,,,1,30,,38220,10,,,1,70,,38221,10,,,2,30,,38222,10,,,1,70,,38224,10,,,2,30,,38227,10,,,1,70,,38229,10,,,1,31,,38228,10,,,2,70,,38230,10,,,1,30,,38231,10,,,1,70,,38232,10,,,2,29,,38233,10,,,1,70,,38234,10,,,1,30,,38235,10,,,1,70,,38236,10,,,1,30,,38237,10,,,1,70,,38238,10,,,1,30,,38239,10,,,1,70,,38240,10,,,2,30,,38241,10,,,1,70,,38242,10,,,1,30,,38243,10,,,1,70,,38244,10,,,1,30,,38245,10,,,1,70,,38246,10,,,1,29,,38248,10,,,1,71,,38247,10,,,1,30,,38250,10,,,1,70,,38249,10,,,1,27,,38251,10,,,1
3400,'Dimanche-0-_26ÉTÉ-0000001-',728,,38256,10,,,1,104,,38260,10,,,1,70,,38258,10,,,2,31,,38253,10,,,1,70,,38261,10,,,1,30,,38264,10,,,1,70,,38263,10,,,2,30,,38252,10,,,1,70,,38254,10,,,2,30,,38265,10,,,1,70,,38255,10,,,1,31,,38257,10,,,2,70,,38259,10,,,1,30,,38268,10,,,1,70,,38262,10,,,2,29,,38266,10,,,1,70,,38269,10,,,1,30,,38273,10,,,1,70,,38278,10,,,1,30,,38270,10,,,1,70,,38271,10,,,1,30,,38281,10,,,1,70,,38272,10,,,2,30,,38277,10,,,1,70,,38267,10,,,1,30,,38274,10,,,1,70,,38276,10,,,1,30,,38279,10,,,1,70,,38285,10,,,1,29,,38280,10,,,1,71,,38282,10,,,1,30,,38275,10,,,1,70,,38283,10,,,1,27,,38284,10,,,1
3400,'Dimanche-10-_26ÉTÉ-0000001-',728,,38290,10,,,1,104,,38294,10,,,1,70,,38292,10,,,2,31,,38287,10,,,1,70,,38295,10,,,1,30,,38298,10,,,1,70,,38297,10,,,2,30,,38286,10,,,1,70,,38288,10,,,2,30,,38299,10,,,1,70,,38289,10,,,1,31,,38291,10,,,2,70,,38293,10,,,1,30,,38302,10,,,1,70,,38296,10,,,2,29,,38300,10,,,1,70,,38303,10,,,1,30,,38307,10,,,1,70,,38312,10,,,1,30,,38304,10,,,1,70,,38305,10,,,1,30,,38315,10,,,1,70,,38306,10,,,2,30,,38311,10,,,1,70,,38301,10,,,1,30,,38308,10,,,1,70,,38310,10,,,1,30,,38313,10,,,1,70,,38319,10,,,1,29,,38314,10,,,1,71,,38316,10,,,1,30,,38309,10,,,1,70,,38317,10,,,1,27,,38318,10,,,1
3400,'Dimanche-11-_26ÉTÉ-0000001-',728,,48925,10,,,1,104,,48929,10,,,1,70,,48927,10,,,2,31,,48922,10,,,1,70,,48930,10,,,1,30,,48933,10,,,1,70,,48932,10,,,2,30,,48921,10,,,1,70,,48923,10,,,2,30,,48934,10,,,1,70,,48924,10,,,1,31,,48926,10,,,2,70,,48928,10,,,1,30,,48937,10,,,1,70,,48931,10,,,2,29,,48935,10,,,1,70,,48938,10,,,1,30,,48942,10,,,1,70,,48947,10,,,1,30,,48939,10,,,1,70,,48940,10,,,1,30,,48950,10,,,1,70,,48941,10,,,2,30,,48946,10,,,1,70,,48936,10,,,1,30,,48943,10,,,1,70,,48945,10,,,1,30,,48948,10,,,1,70,,48954,10,,,1,29,,48949,10,,,1,71,,48951,10,,,1,30,,48944,10,,,1,70,,48952,10,,,1,27,,48953,10,,,1
3400,'Semaine-1-_26ÉTÉ-1111100-',609,,38350,10,,,1,32,,38335,10,,,1,71,,38329,10,,,1,31,,38333,10,,,1,71,,38324,10,,,1,32,,38344,10,,,1,68,,38330,10,,,1,28,,38320,10,,,1,70,,38325,10,,,2,30,,38326,10,,,2,70,,38331,10,,,1,30,,38321,10,,,1,70,,38351,10,,,1,30,,38327,10,,,1,70,,38332,10,,,1,30,,38322,10,,,1,70,,38348,10,,,2,31,,38323,10,,,1,66,,38349,10,,,1,305,,38347,10,,,2,20,,38336,10,,,1,69,,38328,10,,,2,30,,38340,10,,,1,70,,38346,10,,,1,30,,38337,10,,,1,70,,38339,10,,,1,30,,38341,10,,,1,70,,38334,10,,,1,30,,38343,10,,,1,71,,38338,10,,,1,28,,38342,10,,,1,70,,38345,10,,,1
3400,'Semaine-10-_26ÉTÉ-1111100-',609,,38382,10,,,1,32,,38367,10,,,1,71,,38361,10,,,1,31,,38365,10,,,1,71,,38356,10,,,1,32,,38376,10,,,1,68,,38362,10,,,1,28,,38352,10,,,1,70,,38357,10,,,2,30,,38358,10,,,2,70,,38363,10,,,1,30,,38353,10,,,1,70,,38383,10,,,1,30,,38359,10,,,1,70,,38364,10,,,1,30,,38354,10,,,1,70,,38380,10,,,2,31,,38355,10,,,1,66,,38381,10,,,1,305,,38379,10,,,2,20,,38368,10,,,1,69,,38360,10,,,2,30,,38372,10,,,1,70,,38378,10,,,1,30,,38369,10,,,1,70,,38371,10,,,1,30,,38373,10,,,1,70,,38366,10,,,1,30,,38375,10,,,1,71,,38370,10,,,1,28,,38374,10,,,1,70,,38377,10,,,1
3400,'Semaine-11-_26ÉTÉ-1111100-',609,,45841,10,,,1,32,,45826,10,,,1,71,,45820,10,,,1,31,,45824,10,,,1,71,,45815,10,,,1,32,,45835,10,,,1,68,,45821,10,,,1,28,,45811,10,,,1,70,,45816,10,,,2,30,,45817,10,,,2,70,,45822,10,,,1,30,,45812,10,,,1,70,,45842,10,,,1,30,,45818,10,,,1,70,,45823,10,,,1,30,,45813,10,,,1,70,,45839,10,,,2,31,,45814,10,,,1,66,,45840,10,,,1,305,,45838,10,,,2,20,,45827,10,,,1,69,,45819,10,,,2,30,,45831,10,,,1,70,,45837,10,,,1,30,,45828,10,,,1,70,,45830,10,,,1,30,,45832,10,,,1,70,,45825,10,,,1,30,,45834,10,,,1,71,,45829,10,,,1,28,,45833,10,,,1,70,,45836,10,,,1
3400,'Semaine-12-_26ÉTÉ-1111100-',609,,52742,10,,,1,32,,52727,10,,,1,71,,52721,10,,,1,31,,52725,10,,,1,71,,52716,10,,,1,32,,52736,10,,,1,68,,52722,10,,,1,28,,52712,10,,,1,70,,52717,10,,,2,30,,52718,10,,,2,70,,52723,10,,,1,30,,52713,10,,,1,70,,52743,10,,,1,30,,52719,10,,,1,70,,52724,10,,,1,30,,52714,10,,,1,70,,52740,10,,,2,31,,52715,10,,,1,66,,52741,10,,,1,305,,52739,10,,,2,20,,52728,10,,,1,69,,52720,10,,,2,30,,52732,10,,,1,70,,52738,10,,,1,30,,52729,10,,,1,70,,52731,10,,,1,30,,52733,10,,,1,70,,52726,10,,,1,30,,52735,10,,,1,71,,52730,10,,,1,28,,52734,10,,,1,70,,52737,10,,,1
3400,'Semaine-5-_26ÉTÉ-1111100-',609,,50306,10,,,1,32,,50291,10,,,1,71,,50285,10,,,1,31,,50289,10,,,1,71,,50280,10,,,1,32,,50300,10,,,1,68,,50286,10,,,1,28,,50276,10,,,1,70,,50281,10,,,2,30,,50282,10,,,2,70,,50287,10,,,1,30,,50277,10,,,1,70,,50307,10,,,1,30,,50283,10,,,1,70,,50288,10,,,1,30,,50278,10,,,1,70,,50304,10,,,2,31,,50279,10,,,1,66,,50305,10,,,1,305,,50303,10,,,2,20,,50292,10,,,1,69,,50284,10,,,2,30,,50296,10,,,1,70,,50302,10,,,1,30,,50293,10,,,1,70,,50295,10,,,1,30,,50297,10,,,1,70,,50290,10,,,1,30,,50299,10,,,1,71,,50294,10,,,1,28,,50298,10,,,1,70,,50301,10,,,1
3600,'Semaine-1-_26ÉTÉ-1111100-',903,,38681,10,,,1,99,,38682,10,,,1,101,,38680,10,,,1,100,,38683,10,,,1,100,,38685,10,,,1,100,,38686,10,,,1,98,,38684,10,,,1
3600,'Semaine-10-_26ÉTÉ-1111100-',903,,38688,10,,,1,99,,38689,10,,,1,101,,38687,10,,,1,100,,38690,10,,,1,100,,38692,10,,,1,100,,38693,10,,,1,98,,38691,10,,,1
3600,'Semaine-11-_26ÉTÉ-1111100-',903,,45976,10,,,1,99,,45977,10,,,1,101,,45975,10,,,1,100,,45978,10,,,1,100,,45980,10,,,1,100,,45981,10,,,1,98,,45979,10,,,1
3600,'Semaine-12-_26ÉTÉ-1111100-',903,,52845,10,,,1,99,,52846,10,,,1,101,,52844,10,,,1,100,,52847,10,,,1,100,,52849,10,,,1,100,,52850,10,,,1,98,,52848,10,,,1
3600,'Semaine-5-_26ÉTÉ-1111100-',903,,50409,10,,,1,99,,50410,10,,,1,101,,50408,10,,,1,100,,50411,10,,,1,100,,50413,10,,,1,100,,50414,10,,,1,98,,50412,10,,,1
3700,'Samedi-0-_26ÉTÉ-0000010-',726,,38708,10,,,1,100,,38709,10,,,1,101,,38711,10,,,1,100,,38712,10,,,1,100,,38710,10,,,1,100,,38713,10,,,1,100,,38714,10,,,1,101,,38715,10,,,1,99,,38716,10,,,1,100,,38717,10,,,1,100,,38718,10,,,1,99,,38719,10,,,1,100,,38720,10,,,1,100,,38721,10,,,1,100,,38722,10,,,1,100,,38723,10,,,1,100,,38724,10,,,1,100,,38725,10,,,1
3700,'Dimanche-0-_26ÉTÉ-0000001-',726,,38726,10,,,1,100,,38729,10,,,1,101,,38733,10,,,1,100,,38730,10,,,1,100,,38728,10,,,1,100,,38732,10,,,1,100,,38727,10,,,1,101,,38731,10,,,1,99,,38738,10,,,1,100,,38734,10,,,1,100,,38737,10,,,1,99,,38741,10,,,1,100,,38735,10,,,1,100,,38736,10,,,1,100,,38740,10,,,1,100,,38742,10,,,1,100,,38739,10,,,1,100,,38743,10,,,1
3700,'Dimanche-10-_26ÉTÉ-0000001-',726,,38744,10,,,1,100,,38747,10,,,1,101,,38751,10,,,1,100,,38748,10,,,1,100,,38746,10,,,1,100,,38750,10,,,1,100,,38745,10,,,1,101,,38749,10,,,1,99,,38756,10,,,1,100,,38752,10,,,1,100,,38755,10,,,1,99,,38759,10,,,1,100,,38753,10,,,1,100,,38754,10,,,1,100,,38758,10,,,1,100,,38760,10,,,1,100,,38757,10,,,1,100,,38761,10,,,1
3700,'Dimanche-11-_26ÉTÉ-0000001-',726,,48987,10,,,1,100,,48990,10,,,1,101,,48994,10,,,1,100,,48991,10,,,1,100,,48989,10,,,1,100,,48993,10,,,1,100,,48988,10,,,1,101,,48992,10,,,1,99,,48999,10,,,1,100,,48995,10,,,1,100,,48998,10,,,1,99,,49002,10,,,1,100,,48996,10,,,1,100,,48997,10,,,1,100,,49001,10,,,1,100,,49003,10,,,1,100,,49000,10,,,1,100,,49004,10,,,1
3700,'Semaine-1-_26ÉTÉ-1111100-',643,,38783,10,,,1,81,,38789,10,,,1,31,,38780,10,,,1,71,,38764,10,,,1,28,,38778,10,,,1,90,,38770,10,,,1,100,,38766,10,,,1,100,,38767,10,,,1,100,,38768,10,,,1,100,,38769,10,,,1,100,,38775,10,,,1,86,,38776,10,,,1,17,,38777,10,,,1,55,,38763,10,,,1,15,,38785,10,,,1,25,,38772,10,,,1,72,,38781,10,,,1,21,,38771,10,,,1,68,,38765,10,,,1,30,,38762,10,,,1,69,,38773,10,,,1,31,,38788,10,,,1,68,,38779,10,,,1,35,,38790,10,,,1,100,,38786,10,,,1,100,,38774,10,,,1,100,,38784,10,,,1,100,,38787,10,,,1,15,,38782,10,,,1
3700,'Semaine-10-_26ÉTÉ-1111100-',643,,38812,10,,,1,81,,38818,10,,,1,31,,38809,10,,,1,71,,38793,10,,,1,28,,38807,10,,,1,90,,38799,10,,,1,100,,38795,10,,,1,100,,38796,10,,,1,100,,38797,10,,,1,100,,38798,10,,,1,100,,38804,10,,,1,86,,38805,10,,,1,17,,38806,10,,,1,55,,38792,10,,,1,15,,38814,10,,,1,25,,38801,10,,,1,72,,38810,10,,,1,21,,38800,10,,,1,68,,38794,10,,,1,30,,38791,10,,,1,69,,38802,10,,,1,31,,38817,10,,,1,68,,38808,10,,,1,35,,38819,10,,,1,100,,38815,10,,,1,100,,38803,10,,,1,100,,38813,10,,,1,100,,38816,10,,,1,15,,38811,10,,,1
3700,'Semaine-11-_26ÉTÉ-1111100-',643,,46028,10,,,1,81,,46034,10,,,1,31,,46025,10,,,1,71,,46009,10,,,1,28,,46023,10,,,1,90,,46015,10,,,1,100,,46011,10,,,1,100,,46012,10,,,1,100,,46013,10,,,1,100,,46014,10,,,1,100,,46020,10,,,1,86,,46021,10,,,1,17,,46022,10,,,1,55,,46008,10,,,1,15,,46030,10,,,1,25,,46017,10,,,1,72,,46026,10,,,1,21,,46016,10,,,1,68,,46010,10,,,1,30,,46007,10,,,1,69,,46018,10,,,1,31,,46033,10,,,1,68,,46024,10,,,1,35,,46035,10,,,1,100,,46031,10,,,1,100,,46019,10,,,1,100,,46029,10,,,1,100,,46032,10,,,1,15,,46027,10,,,1
3700,'Semaine-12-_26ÉTÉ-1111100-',643,,52879,10,,,1,81,,52885,10,,,1,31,,52876,10,,,1,71,,52860,10,,,1,28,,52874,10,,,1,90,,52866,10,,,1,100,,52862,10,,,1,100,,52863,10,,,1,100,,52864,10,,,1,100,,52865,10,,,1,100,,52871,10,,,1,86,,52872,10,,,1,17,,52873,10,,,1,55,,52859,10,,,1,15,,52881,10,,,1,25,,52868,10,,,1,72,,52877,10,,,1,21,,52867,10,,,1,68,,52861,10,,,1,30,,52858,10,,,1,69,,52869,10,,,1,31,,52884,10,,,1,68,,52875,10,,,1,35,,52886,10,,,1,100,,52882,10,,,1,100,,52870,10,,,1,100,,52880,10,,,1,100,,52883,10,,,1,15,,52878,10,,,1
3700,'Semaine-5-_26ÉTÉ-1111100-',643,,50443,10,,,1,81,,50449,10,,,1,31,,50440,10,,,1,71,,50424,10,,,1,28,,50438,10,,,1,90,,50430,10,,,1,100,,50426,10,,,1,100,,50427,10,,,1,100,,50428,10,,,1,100,,50429,10,,,1,100,,50435,10,,,1,86,,50436,10,,,1,17,,50437,10,,,1,55,,50423,10,,,1,15,,50445,10,,,1,25,,50432,10,,,1,72,,50441,10,,,1,21,,50431,10,,,1,68,,50425,10,,,1,30,,50422,10,,,1,69,,50433,10,,,1,31,,50448,10,,,1,68,,50439,10,,,1,35,,50450,10,,,1,100,,50446,10,,,1,100,,50434,10,,,1,100,,50444,10,,,1,100,,50447,10,,,1,15,,50442,10,,,1
4000,'Semaine-1-_26ÉTÉ-1111100-',1519,,39577,9,,,2,29,,39573,9,,,2,75,,39576,9,,,1,27,,39575,9,,,1,73,,39574,9,,,1,25,,39578,9,,,2
4000,'Semaine-10-_26ÉTÉ-1111100-',1519,,39583,9,,,2,29,,39579,9,,,2,75,,39582,9,,,1,27,,39581,9,,,1,73,,39580,9,,,1,25,,39584,9,,,2
4000,'Semaine-11-_26ÉTÉ-1111100-',1519,,46351,9,,,2,29,,46347,9,,,2,75,,46350,9,,,1,27,,46349,9,,,1,73,,46348,9,,,1,25,,46352,9,,,2
4000,'Semaine-12-_26ÉTÉ-1111100-',1519,,53071,9,,,2,29,,53067,9,,,2,75,,53070,9,,,1,27,,53069,9,,,1,73,,53068,9,,,1,25,,53072,9,,,2
4000,'Semaine-5-_26ÉTÉ-1111100-',1519,,50635,9,,,2,29,,50631,9,,,2,75,,50634,9,,,1,27,,50633,9,,,1,73,,50632,9,,,1,25,,50636,9,,,2
4100,'Semaine-1-_26ÉTÉ-1111100-',1531,,39598,9,,,2,28,,39600,9,,,1,73,,39599,9,,,2,68,,39597,9,,,1,29,,39601,9,,,1
4100,'Semaine-10-_26ÉTÉ-1111100-',1531,,39603,9,,,2,28,,39605,9,,,1,73,,39604,9,,,2,68,,39602,9,,,1,29,,39606,9,,,1
4100,'Semaine-11-_26ÉTÉ-1111100-',1531,,46360,9,,,2,28,,46362,9,,,1,73,,46361,9,,,2,68,,46359,9,,,1,29,,46363,9,,,1
4100,'Semaine-12-_26ÉTÉ-1111100-',1531,,53080,9,,,2,28,,53082,9,,,1,73,,53081,9,,,2,68,,53079,9,,,1,29,,53083,9,,,1
4100,'Semaine-5-_26ÉTÉ-1111100-',1531,,50644,9,,,2,28,,50646,9,,,1,73,,50645,9,,,2,68,,50643,9,,,1,29,,50647,9,,,1
4500,'Semaine-1-_26ÉTÉ-1111100-',1504,,39630,9,,,1,34,,39625,9,,,2,72,,39626,9,,,2,29,,39628,9,,,1,69,,39629,9,,,1,28,,39627,9,,,2
4500,'Semaine-10-_26ÉTÉ-1111100-',1504,,39636,9,,,1,34,,39631,9,,,2,72,,39632,9,,,2,29,,39634,9,,,1,69,,39635,9,,,1,28,,39633,9,,,2
4500,'Semaine-11-_26ÉTÉ-1111100-',1504,,46378,9,,,1,34,,46373,9,,,2,72,,46374,9,,,2,29,,46376,9,,,1,69,,46377,9,,,1,28,,46375,9,,,2
4500,'Semaine-12-_26ÉTÉ-1111100-',1504,,53098,9,,,1,34,,53093,9,,,2,72,,53094,9,,,2,29,,53096,9,,,1,69,,53097,9,,,1,28,,53095,9,,,2
4500,'Semaine-5-_26ÉTÉ-1111100-',1504,,50662,9,,,1,34,,50657,9,,,2,72,,50658,9,,,2,29,,50660,9,,,1,69,,50661,9,,,1,28,,50659,9,,,2
4700,'Semaine-1-_26ÉTÉ-1111100-',1526,,39649,9,,,2,101,,39651,9,,,2,99,,39650,9,,,2
4700,'Semaine-10-_26ÉTÉ-1111100-',1526,,39652,9,,,2,101,,39654,9,,,2,99,,39653,9,,,2
4700,'Semaine-11-_26ÉTÉ-1111100-',1526,,46385,9,,,2,101,,46387,9,,,2,99,,46386,9,,,2
4700,'Semaine-12-_26ÉTÉ-1111100-',1526,,53105,9,,,2,101,,53107,9,,,2,99,,53106,9,,,2
4700,'Semaine-5-_26ÉTÉ-1111100-',1526,,50669,9,,,2,101,,50671,9,,,2,99,,50670,9,,,2
5500,'Samedi-0-_26ÉTÉ-0000010-',701,,40104,10,,,1,30,,40101,10,,,1,70,,40102,10,,,1,30,,40105,10,,,1,70,,40103,10,,,1,29,,40110,10,,,1,29,,40107,10,,,1,69,,40108,10,,,1,75,,40113,10,,,1,27,,40112,10,,,1,28,,40106,10,,,1,70,,40109,10,,,1,30,,40111,10,,,1,74,,40114,10,,,1,70,,40115,10,,,1,30,,40116,10,,,1,70,,40117,10,,,1,28,,40118,10,,,1,70,,40119,10,,,1,29,,40120,10,,,1,30,,40121,10,,,1,70,,40122,10,,,1,72,,40123,10,,,1,28,,40124,10,,,1,71,,40126,10,,,1,33,,40125,10,,,1,67,,40127,10,,,1,30,,40129,10,,,1,71,,40128,10,,,1,31,,40130,10,,,1,68,,40131,10,,,1,30,,40134,10,,,1,70,,40136,10,,,1,30,,40133,10,,,1,71,,40132,10,,,1,28,,40135,10,,,1
5500,'Dimanche-0-_26ÉTÉ-0000001-',701,,40139,10,,,1,30,,40144,10,,,1,70,,40148,10,,,1,30,,40142,10,,,1,70,,40140,10,,,1,29,,40145,10,,,1,29,,40147,10,,,1,69,,40141,10,,,1,75,,40137,10,,,1,27,,40138,10,,,1,28,,40150,10,,,1,70,,40154,10,,,1,30,,40152,10,,,1,74,,40149,10,,,1,70,,40143,10,,,1,30,,40157,10,,,1,70,,40158,10,,,1,28,,40159,10,,,1,70,,40153,10,,,1,29,,40166,10,,,1,30,,40163,10,,,1,70,,40151,10,,,1,72,,40171,10,,,1,28,,40165,10,,,1,71,,40146,10,,,1,33,,40169,10,,,1,67,,40162,10,,,1,30,,40155,10,,,1,71,,40160,10,,,1,31,,40156,10,,,1,68,,40167,10,,,1,30,,40164,10,,,1,70,,40161,10,,,1,30,,40170,10,,,1,71,,40168,10,,,1,28,,40172,10,,,1
5500,'Dimanche-10-_26ÉTÉ-0000001-',701,,40175,10,,,1,30,,40180,10,,,1,70,,40184,10,,,1,30,,40178,10,,,1,70,,40176,10,,,1,29,,40181,10,,,1,29,,40183,10,,,1,69,,40177,10,,,1,75,,40173,10,,,1,27,,40174,10,,,1,28,,40186,10,,,1,70,,40190,10,,,1,30,,40188,10,,,1,74,,40185,10,,,1,70,,40179,10,,,1,30,,40193,10,,,1,70,,40194,10,,,1,28,,40195,10,,,1,70,,40189,10,,,1,29,,40202,10,,,1,30,,40199,10,,,1,70,,40187,10,,,1,72,,40207,10,,,1,28,,40201,10,,,1,71,,40182,10,,,1,33,,40205,10,,,1,67,,40198,10,,,1,30,,40191,10,,,1,71,,40196,10,,,1,31,,40192,10,,,1,68,,40203,10,,,1,30,,40200,10,,,1,70,,40197,10,,,1,30,,40206,10,,,1,71,,40204,10,,,1,28,,40208,10,,,1
5500,'Dimanche-11-_26ÉTÉ-0000001-',701,,49208,10,,,1,30,,49213,10,,,1,70,,49217,10,,,1,30,,49211,10,,,1,70,,49209,10,,,1,29,,49214,10,,,1,29,,49216,10,,,1,69,,49210,10,,,1,75,,49206,10,,,1,27,,49207,10,,,1,28,,49219,10,,,1,70,,49223,10,,,1,30,,49221,10,,,1,74,,49218,10,,,1,70,,49212,10,,,1,30,,49226,10,,,1,70,,49227,10,,,1,28,,49228,10,,,1,70,,49222,10,,,1,29,,49235,10,,,1,30,,49232,10,,,1,70,,49220,10,,,1,72,,49240,10,,,1,28,,49234,10,,,1,71,,49215,10,,,1,33,,49238,10,,,1,67,,49231,10,,,1,30,,49224,10,,,1,71,,49229,10,,,1,31,,49225,10,,,1,68,,49236,10,,,1,30,,49233,10,,,1,70,,49230,10,,,1,30,,49239,10,,,1,71,,49237,10,,,1,28,,49241,10,,,1
5500,'Semaine-1-_26ÉTÉ-1111100-',556,,40211,10,,,1,144,,40227,10,,,1,100,,40210,10,,,1,101,,40246,10,,,1,28,,40247,10,,,1,30,,40216,10,,,1,69,,40226,10,,,1,30,,40230,10,,,1,71,,40252,10,,,1,30,,40212,10,,,1,71,,40251,10,,,1,29,,40229,10,,,1,70,,40244,10,,,1,30,,40238,10,,,1,63,,40245,10,,,1,15,,40231,10,,,1,17,,40209,10,,,1,53,,40250,10,,,1,17,,40220,10,,,1,15,,40253,10,,,1,13,,40241,10,,,1,50,,40213,10,,,1,13,,40224,10,,,1,14,,40256,10,,,1,13,,40249,10,,,1,11,,40215,10,,,1,51,,40232,10,,,1,12,,40225,10,,,1,9,,40254,10,,,1,12,,40239,10,,,1,10,,40219,10,,,1,12,,40214,10,,,1,50,,40255,10,,,1,12,,40223,10,,,1,11,,40218,10,,,1,10,,40228,10,,,1,70,,40243,10,,,1,29,,40248,10,,,1,71,,40235,10,,,1,29,,40221,10,,,1,70,,40242,10,,,1,29,,40233,10,,,1,71,,40236,10,,,1,29,,40222,10,,,1,70,,40237,10,,,1,30,,40234,10,,,1,69,,40217,10,,,1,30,,40240,10,,,1
5500,'Semaine-10-_26ÉTÉ-1111100-',556,,40259,10,,,1,144,,40275,10,,,1,100,,40258,10,,,1,101,,40294,10,,,1,28,,40295,10,,,1,30,,40264,10,,,1,69,,40274,10,,,1,30,,40278,10,,,1,71,,40300,10,,,1,30,,40260,10,,,1,71,,40299,10,,,1,29,,40277,10,,,1,70,,40292,10,,,1,30,,40286,10,,,1,63,,40293,10,,,1,15,,40279,10,,,1,17,,40257,10,,,1,53,,40298,10,,,1,17,,40268,10,,,1,15,,40301,10,,,1,13,,40289,10,,,1,50,,40261,10,,,1,13,,40272,10,,,1,14,,40304,10,,,1,13,,40297,10,,,1,11,,40263,10,,,1,51,,40280,10,,,1,12,,40273,10,,,1,9,,40302,10,,,1,12,,40287,10,,,1,10,,40267,10,,,1,12,,40262,10,,,1,50,,40303,10,,,1,12,,40271,10,,,1,11,,40266,10,,,1,10,,40276,10,,,1,70,,40291,10,,,1,29,,40296,10,,,1,71,,40283,10,,,1,29,,40269,10,,,1,70,,40290,10,,,1,29,,40281,10,,,1,71,,40284,10,,,1,29,,40270,10,,,1,70,,40285,10,,,1,30,,40282,10,,,1,69,,40265,10,,,1,30,,40288,10,,,1
5500,'Semaine-11-_26ÉTÉ-1111100-',556,,46614,10,,,1,144,,46630,10,,,1,100,,46613,10,,,1,101,,46649,10,,,1,28,,46650,10,,,1,30,,46619,10,,,1,69,,46629,10,,,1,30,,46633,10,,,1,71,,46655,10,,,1,30,,46615,10,,,1,71,,46654,10,,,1,29,,46632,10,,,1,70,,46647,10,,,1,30,,46641,10,,,1,63,,46648,10,,,1,15,,46634,10,,,1,17,,46612,10,,,1,53,,46653,10,,,1,17,,46623,10,,,1,15,,46656,10,,,1,13,,46644,10,,,1,50,,46616,10,,,1,13,,46627,10,,,1,14,,46659,10,,,1,13,,46652,10,,,1,11,,46618,10,,,1,51,,46635,10,,,1,12,,46628,10,,,1,9,,46657,10,,,1,12,,46642,10,,,1,10,,46622,10,,,1,12,,46617,10,,,1,50,,46658,10,,,1,12,,46626,10,,,1,11,,46621,10,,,1,10,,46631,10,,,1,70,,46646,10,,,1,29,,46651,10,,,1,71,,46638,10,,,1,29,,46624,10,,,1,70,,46645,10,,,1,29,,46636,10,,,1,71,,46639,10,,,1,29,,46625,10,,,1,70,,46640,10,,,1,30,,46637,10,,,1,69,,46620,10,,,1,30,,46643,10,,,1
5500,'Semaine-12-_26ÉTÉ-1111100-',556,,53228,10,,,1,144,,53244,10,,,1,100,,53227,10,,,1,101,,53263,10,,,1,28,,53264,10,,,1,30,,53233,10,,,1,69,,53243,10,,,1,30,,53247,10,,,1,71,,53269,10,,,1,30,,53229,10,,,1,71,,53268,10,,,1,29,,53246,10,,,1,70,,53261,10,,,1,30,,53255,10,,,1,63,,53262,10,,,1,15,,53248,10,,,1,17,,53226,10,,,1,53,,53267,10,,,1,17,,53237,10,,,1,15,,53270,10,,,1,13,,53258,10,,,1,50,,53230,10,,,1,13,,53241,10,,,1,14,,53273,10,,,1,13,,53266,10,,,1,11,,53232,10,,,1,51,,53249,10,,,1,12,,53242,10,,,1,9,,53271,10,,,1,12,,53256,10,,,1,10,,53236,10,,,1,12,,53231,10,,,1,50,,53272,10,,,1,12,,53240,10,,,1,11,,53235,10,,,1,10,,53245,10,,,1,70,,53260,10,,,1,29,,53265,10,,,1,71,,53252,10,,,1,29,,53238,10,,,1,70,,53259,10,,,1,29,,53250,10,,,1,71,,53253,10,,,1,29,,53239,10,,,1,70,,53254,10,,,1,30,,53251,10,,,1,69,,53234,10,,,1,30,,53257,10,,,1
5500,'Semaine-5-_26ÉTÉ-1111100-',556,,50794,10,,,1,144,,50810,10,,,1,100,,50793,10,,,1,101,,50829,10,,,1,28,,50830,10,,,1,30,,50799,10,,,1,69,,50809,10,,,1,30,,50813,10,,,1,71,,50835,10,,,1,30,,50795,10,,,1,71,,50834,10,,,1,29,,50812,10,,,1,70,,50827,10,,,1,30,,50821,10,,,1,63,,50828,10,,,1,15,,50814,10,,,1,17,,50792,10,,,1,53,,50833,10,,,1,17,,50803,10,,,1,15,,50836,10,,,1,13,,50824,10,,,1,50,,50796,10,,,1,13,,50807,10,,,1,14,,50839,10,,,1,13,,50832,10,,,1,11,,50798,10,,,1,51,,50815,10,,,1,12,,50808,10,,,1,9,,50837,10,,,1,12,,50822,10,,,1,10,,50802,10,,,1,12,,50797,10,,,1,50,,50838,10,,,1,12,,50806,10,,,1,11,,50801,10,,,1,10,,50811,10,,,1,70,,50826,10,,,1,29,,50831,10,,,1,71,,50818,10,,,1,29,,50804,10,,,1,70,,50825,10,,,1,29,,50816,10,,,1,71,,50819,10,,,1,29,,50805,10,,,1,70,,50820,10,,,1,30,,50817,10,,,1,69,,50800,10,,,1,30,,50823,10,,,1
5900,'Samedi-0-_26ÉTÉ-0000010-',715,,40562,10,,,1,30,,40565,10,,,1,70,,40558,10,,,1,30,,40564,10,,,1,70,,40561,10,,,1,30,,40566,10,,,1,70,,40570,10,,,1,30,,40571,10,,,1,70,,40560,10,,,1,30,,40559,10,,,1,70,,40569,10,,,1,30,,40563,10,,,1,70,,40567,10,,,1,30,,40572,10,,,1,70,,40568,10,,,1,30,,40573,10,,,1,70,,40574,10,,,1,30,,40575,10,,,1,70,,40576,10,,,1,32,,40577,10,,,1,69,,40578,10,,,1,30,,40579,10,,,1,69,,40580,10,,,1,30,,40581,10,,,1,70,,40582,10,,,1,30,,40584,10,,,1,70,,40583,10,,,1,30,,40586,10,,,1,70,,40585,10,,,1,30,,40587,10,,,1,70,,40588,10,,,1,30,,40590,10,,,1,70,,40589,10,,,1,30,,40591,10,,,1
5900,'Dimanche-0-_26ÉTÉ-0000001-',715,,40598,10,,,1,30,,40593,10,,,1,70,,40596,10,,,1,30,,40601,10,,,1,70,,40605,10,,,1,30,,40594,10,,,1,70,,40597,10,,,1,30,,40603,10,,,1,70,,40604,10,,,1,30,,40592,10,,,1,70,,40595,10,,,1,30,,40600,10,,,1,70,,40602,10,,,1,30,,40599,10,,,1,70,,40607,10,,,1,30,,40612,10,,,1,70,,40606,10,,,1,30,,40617,10,,,1,70,,40618,10,,,1,32,,40609,10,,,1,69,,40613,10,,,1,30,,40624,10,,,1,69,,40608,10,,,1,30,,40614,10,,,1,70,,40610,10,,,1,30,,40615,10,,,1,70,,40620,10,,,1,30,,40621,10,,,1,70,,40611,10,,,1,30,,40625,10,,,1,70,,40619,10,,,1,30,,40616,10,,,1,70,,40623,10,,,1,30,,40622,10,,,1
5900,'Dimanche-10-_26ÉTÉ-0000001-',715,,40632,10,,,1,30,,40627,10,,,1,70,,40630,10,,,1,30,,40635,10,,,1,70,,40639,10,,,1,30,,40628,10,,,1,70,,40631,10,,,1,30,,40637,10,,,1,70,,40638,10,,,1,30,,40626,10,,,1,70,,40629,10,,,1,30,,40634,10,,,1,70,,40636,10,,,1,30,,40633,10,,,1,70,,40641,10,,,1,30,,40646,10,,,1,70,,40640,10,,,1,30,,40651,10,,,1,70,,40652,10,,,1,32,,40643,10,,,1,69,,40647,10,,,1,30,,40658,10,,,1,69,,40642,10,,,1,30,,40648,10,,,1,70,,40644,10,,,1,30,,40649,10,,,1,70,,40654,10,,,1,30,,40655,10,,,1,70,,40645,10,,,1,30,,40659,10,,,1,70,,40653,10,,,1,30,,40650,10,,,1,70,,40657,10,,,1,30,,40656,10,,,1
5900,'Dimanche-11-_26ÉTÉ-0000001-',715,,49281,10,,,1,30,,49276,10,,,1,70,,49279,10,,,1,30,,49284,10,,,1,70,,49288,10,,,1,30,,49277,10,,,1,70,,49280,10,,,1,30,,49286,10,,,1,70,,49287,10,,,1,30,,49275,10,,,1,70,,49278,10,,,1,30,,49283,10,,,1,70,,49285,10,,,1,30,,49282,10,,,1,70,,49290,10,,,1,30,,49295,10,,,1,70,,49289,10,,,1,30,,49300,10,,,1,70,,49301,10,,,1,32,,49292,10,,,1,69,,49296,10,,,1,30,,49307,10,,,1,69,,49291,10,,,1,30,,49297,10,,,1,70,,49293,10,,,1,30,,49298,10,,,1,70,,49303,10,,,1,30,,49304,10,,,1,70,,49294,10,,,1,30,,49308,10,,,1,70,,49302,10,,,1,30,,49299,10,,,1,70,,49306,10,,,1,30,,49305,10,,,1
5900,'Semaine-1-_26ÉTÉ-1111100-',629,,40667,10,,,1,102,,40702,10,,,1,100,,40683,10,,,1,85,,40679,10,,,1,29,,40700,10,,,1,70,,40676,10,,,1,30,,40699,10,,,1,70,,40690,10,,,1,30,,40684,10,,,1,71,,40692,10,,,1,30,,40675,10,,,1,70,,40703,10,,,1,30,,40666,10,,,1,70,,40697,10,,,1,14,,40668,10,,,1,16,,40701,10,,,1,71,,40661,10,,,1,14,,40705,10,,,1,16,,40660,10,,,1,8,,40695,10,,,1,54,,40691,10,,,1,7,,40704,5,,,1,6,,40678,10,,,1,13,,40662,10,,,1,6,,40706,5,,,1,8,,40663,10,,,1,10,,40671,10,,,1,50,,40698,10,,,1,17,,40687,10,,,1,9,,40674,10,,,1,9,,40696,10,,,1,12,,40682,10,,,1,52,,40694,10,,,1,9,,40664,10,,,1,10,,40669,10,,,1,31,,40689,10,,,1,70,,40680,10,,,1,30,,40685,10,,,1,69,,40673,10,,,1,30,,40681,10,,,1,70,,40686,10,,,1,30,,40693,10,,,1,70,,40670,10,,,1,30,,40688,10,,,1,69,,40677,10,,,1,31,,40665,10,,,1,68,,40672,10,,,1
5900,'Semaine-10-_26ÉTÉ-1111100-',629,,40714,10,,,1,102,,40749,10,,,1,100,,40730,10,,,1,85,,40726,10,,,1,29,,40747,10,,,1,70,,40723,10,,,1,30,,40746,10,,,1,70,,40737,10,,,1,30,,40731,10,,,1,71,,40739,10,,,1,30,,40722,10,,,1,70,,40750,10,,,1,30,,40713,10,,,1,70,,40744,10,,,1,14,,40715,10,,,1,16,,40748,10,,,1,71,,40708,10,,,1,14,,40752,10,,,1,16,,40707,10,,,1,8,,40742,10,,,1,54,,40738,10,,,1,7,,40751,5,,,1,6,,40725,10,,,1,13,,40709,10,,,1,6,,40753,5,,,1,8,,40710,10,,,1,10,,40718,10,,,1,50,,40745,10,,,1,17,,40734,10,,,1,9,,40721,10,,,1,9,,40743,10,,,1,12,,40729,10,,,1,52,,40741,10,,,1,9,,40711,10,,,1,10,,40716,10,,,1,31,,40736,10,,,1,70,,40727,10,,,1,30,,40732,10,,,1,69,,40720,10,,,1,30,,40728,10,,,1,70,,40733,10,,,1,30,,40740,10,,,1,70,,40717,10,,,1,30,,40735,10,,,1,69,,40724,10,,,1,31,,40712,10,,,1,68,,40719,10,,,1
5900,'Semaine-11-_26ÉTÉ-1111100-',629,,46811,10,,,1,102,,46846,10,,,1,100,,46827,10,,,1,85,,46823,10,,,1,29,,46844,10,,,1,70,,46820,10,,,1,30,,46843,10,,,1,70,,46834,10,,,1,30,,46828,10,,,1,71,,46836,10,,,1,30,,46819,10,,,1,70,,46847,10,,,1,30,,46810,10,,,1,70,,46841,10,,,1,14,,46812,10,,,1,16,,46845,10,,,1,71,,46805,10,,,1,14,,46849,10,,,1,16,,46804,10,,,1,8,,46839,10,,,1,54,,46835,10,,,1,7,,46848,5,,,1,6,,46822,10,,,1,13,,46806,10,,,1,6,,46850,5,,,1,8,,46807,10,,,1,10,,46815,10,,,1,50,,46842,10,,,1,17,,46831,10,,,1,9,,46818,10,,,1,9,,46840,10,,,1,12,,46826,10,,,1,52,,46838,10,,,1,9,,46808,10,,,1,10,,46813,10,,,1,31,,46833,10,,,1,70,,46824,10,,,1,30,,46829,10,,,1,69,,46817,10,,,1,30,,46825,10,,,1,70,,46830,10,,,1,30,,46837,10,,,1,70,,46814,10,,,1,30,,46832,10,,,1,69,,46821,10,,,1,31,,46809,10,,,1,68,,46816,10,,,1
5900,'Semaine-12-_26ÉTÉ-1111100-',629,,53358,10,,,1,102,,53393,10,,,1,100,,53374,10,,,1,85,,53370,10,,,1,29,,53391,10,,,1,70,,53367,10,,,1,30,,53390,10,,,1,70,,53381,10,,,1,30,,53375,10,,,1,71,,53383,10,,,1,30,,53366,10,,,1,70,,53394,10,,,1,30,,53357,10,,,1,70,,53388,10,,,1,14,,53359,10,,,1,16,,53392,10,,,1,71,,53352,10,,,1,14,,53396,10,,,1,16,,53351,10,,,1,8,,53386,10,,,1,54,,53382,10,,,1,7,,53395,5,,,1,6,,53369,10,,,1,13,,53353,10,,,1,6,,53397,5,,,1,8,,53354,10,,,1,10,,53362,10,,,1,50,,53389,10,,,1,17,,53378,10,,,1,9,,53365,10,,,1,9,,53387,10,,,1,12,,53373,10,,,1,52,,53385,10,,,1,9,,53355,10,,,1,10,,53360,10,,,1,31,,53380,10,,,1,70,,53371,10,,,1,30,,53376,10,,,1,69,,53364,10,,,1,30,,53372,10,,,1,70,,53377,10,,,1,30,,53384,10,,,1,70,,53361,10,,,1,30,,53379,10,,,1,69,,53368,10,,,1,31,,53356,10,,,1,68,,53363,10,,,1
5900,'Semaine-5-_26ÉTÉ-1111100-',629,,50924,10,,,1,102,,50959,10,,,1,100,,50940,10,,,1,85,,50936,10,,,1,29,,50957,10,,,1,70,,50933,10,,,1,30,,50956,10,,,1,70,,50947,10,,,1,30,,50941,10,,,1,71,,50949,10,,,1,30,,50932,10,,,1,70,,50960,10,,,1,30,,50923,10,,,1,70,,50954,10,,,1,14,,50925,10,,,1,16,,50958,10,,,1,71,,50918,10,,,1,14,,50962,10,,,1,16,,50917,10,,,1,8,,50952,10,,,1,54,,50948,10,,,1,7,,50961,5,,,1,6,,50935,10,,,1,13,,50919,10,,,1,6,,50963,5,,,1,8,,50920,10,,,1,10,,50928,10,,,1,50,,50955,10,,,1,17,,50944,10,,,1,9,,50931,10,,,1,9,,50953,10,,,1,12,,50939,10,,,1,52,,50951,10,,,1,9,,50921,10,,,1,10,,50926,10,,,1,31,,50946,10,,,1,70,,50937,10,,,1,30,,50942,10,,,1,69,,50930,10,,,1,30,,50938,10,,,1,70,,50943,10,,,1,30,,50950,10,,,1,70,,50927,10,,,1,30,,50945,10,,,1,69,,50934,10,,,1,31,,50922,10,,,1,68,,50929,10,,,1
37100,'Samedi-0-_26ÉTÉ-0000010-',756,,44103,10,,,1,101,,44107,10,,,1,99,,44102,10,,,1,101,,44108,10,,,1,100,,44104,10,,,1,100,,44105,10,,,1,100,,44106,10,,,1,100,,44109,10,,,1,100,,44110,10,,,1,100,,44111,10,,,1,100,,44112,10,,,1,100,,44113,10,,,1,100,,44114,10,,,1,99,,44115,10,,,1,100,,44116,10,,,1,100,,44117,10,,,1,100,,44118,10,,,1
37100,'Dimanche-0-_26ÉTÉ-0000001-',756,,44119,10,,,1,101,,44125,10,,,1,99,,44126,10,,,1,101,,44127,10,,,1,100,,44120,10,,,1,100,,44122,10,,,1,100,,44121,10,,,1,100,,44123,10,,,1,100,,44124,10,,,1,100,,44129,10,,,1,100,,44134,10,,,1,100,,44128,10,,,1,100,,44130,10,,,1,99,,44135,10,,,1,100,,44133,10,,,1,100,,44131,10,,,1,100,,44132,10,,,1
37100,'Dimanche-10-_26ÉTÉ-0000001-',756,,44136,10,,,1,101,,44142,10,,,1,99,,44143,10,,,1,101,,44144,10,,,1,100,,44137,10,,,1,100,,44139,10,,,1,100,,44138,10,,,1,100,,44140,10,,,1,100,,44141,10,,,1,100,,44146,10,,,1,100,,44151,10,,,1,100,,44145,10,,,1,100,,44147,10,,,1,99,,44152,10,,,1,100,,44150,10,,,1,100,,44148,10,,,1,100,,44149,10,,,1
37100,'Dimanche-11-_26ÉTÉ-0000001-',756,,49713,10,,,1,101,,49719,10,,,1,99,,49720,10,,,1,101,,49721,10,,,1,100,,49714,10,,,1,100,,49716,10,,,1,100,,49715,10,,,1,100,,49717,10,,,1,100,,49718,10,,,1,100,,49723,10,,,1,100,,49728,10,,,1,100,,49722,10,,,1,100,,49724,10,,,1,99,,49729,10,,,1,100,,49727,10,,,1,100,,49725,10,,,1,100,,49726,10,,,1
37100,'Semaine-1-_26ÉTÉ-1111100-',702,,44166,10,,,1,33,,44163,10,,,1,70,,44159,10,,,1,29,,44154,10,,,1,90,,44173,10,,,1,97,,44158,10,,,1,102,,44160,10,,,1,100,,44172,10,,,1,99,,44167,10,,,1,102,,44156,10,,,1,92,,44168,10,,,1,18,,44177,10,,,1,17,,44157,10,,,1,55,,44178,10,,,1,26,,44153,10,,,1,21,,44162,10,,,1,71,,44169,10,,,1,23,,44175,10,,,1,67,,44174,10,,,1,30,,44164,10,,,1,69,,44176,10,,,1,30,,44179,10,,,1,70,,44165,10,,,1,95,,44161,10,,,1,100,,44171,10,,,1,100,,44170,10,,,1,98,,44155,10,,,1
37100,'Semaine-10-_26ÉTÉ-1111100-',702,,44193,10,,,1,33,,44190,10,,,1,70,,44186,10,,,1,29,,44181,10,,,1,90,,44200,10,,,1,97,,44185,10,,,1,102,,44187,10,,,1,100,,44199,10,,,1,99,,44194,10,,,1,102,,44183,10,,,1,92,,44195,10,,,1,18,,44204,10,,,1,17,,44184,10,,,1,55,,44205,10,,,1,26,,44180,10,,,1,21,,44189,10,,,1,71,,44196,10,,,1,23,,44202,10,,,1,67,,44201,10,,,1,30,,44191,10,,,1,69,,44203,10,,,1,30,,44206,10,,,1,70,,44192,10,,,1,95,,44188,10,,,1,100,,44198,10,,,1,100,,44197,10,,,1,98,,44182,10,,,1
37100,'Semaine-11-_26ÉTÉ-1111100-',702,,48353,10,,,1,33,,48350,10,,,1,70,,48346,10,,,1,29,,48341,10,,,1,90,,48360,10,,,1,97,,48345,10,,,1,102,,48347,10,,,1,100,,48359,10,,,1,99,,48354,10,,,1,102,,48343,10,,,1,92,,48355,10,,,1,18,,48364,10,,,1,17,,48344,10,,,1,55,,48365,10,,,1,26,,48340,10,,,1,21,,48349,10,,,1,71,,48356,10,,,1,23,,48362,10,,,1,67,,48361,10,,,1,30,,48351,10,,,1,69,,48363,10,,,1,30,,48366,10,,,1,70,,48352,10,,,1,95,,48348,10,,,1,100,,48358,10,,,1,100,,48357,10,,,1,98,,48342,10,,,1
37100,'Semaine-12-_26ÉTÉ-1111100-',702,,54479,10,,,1,33,,54476,10,,,1,70,,54472,10,,,1,29,,54467,10,,,1,90,,54486,10,,,1,97,,54471,10,,,1,102,,54473,10,,,1,100,,54485,10,,,1,99,,54480,10,,,1,102,,54469,10,,,1,92,,54481,10,,,1,18,,54490,10,,,1,17,,54470,10,,,1,55,,54491,10,,,1,26,,54466,10,,,1,21,,54475,10,,,1,71,,54482,10,,,1,23,,54488,10,,,1,67,,54487,10,,,1,30,,54477,10,,,1,69,,54489,10,,,1,30,,54492,10,,,1,70,,54478,10,,,1,95,,54474,10,,,1,100,,54484,10,,,1,100,,54483,10,,,1,98,,54468,10,,,1
37100,'Semaine-5-_26ÉTÉ-1111100-',702,,52047,10,,,1,33,,52044,10,,,1,70,,52040,10,,,1,29,,52035,10,,,1,90,,52054,10,,,1,97,,52039,10,,,1,102,,52041,10,,,1,100,,52053,10,,,1,99,,52048,10,,,1,102,,52037,10,,,1,92,,52049,10,,,1,18,,52058,10,,,1,17,,52038,10,,,1,55,,52059,10,,,1,26,,52034,10,,,1,21,,52043,10,,,1,71,,52050,10,,,1,23,,52056,10,,,1,67,,52055,10,,,1,30,,52045,10,,,1,69,,52057,10,,,1,30,,52060,10,,,1,70,,52046,10,,,1,95,,52042,10,,,1,100,,52052,10,,,1,100,,52051,10,,,1,98,,52036,10,,,1
43700,'Semaine-5-_26ÉTÉ-1111100-',722,,52275,6,,,1
