2301,'Semaine-4',622,,32635,18,,,1,30,,32632,18,,,2,71,,32636,18,,,1,32,,32634,18,,,2,70,,32633,18,,,2
2501,'Semaine-4',608,,32647,25,,,1,30,,32646,25,,,1,71,,32644,25,,,1,30,,32645,25,,,2,70,,32648,25,,,1,31,,32643,25,,,1
2601,'Semaine-4',601,,32655,19,,,1,30,,32657,19,,,1,71,,32658,19,,,2,33,,32656,19,,,1,72,,32654,19,,,1
2801,'Semaine-4',653,,32672,21,,,2,70,,32673,21,,,1,100,,32671,21,,,1
3401,'Samedi-3',703,,33204,30,,,1,100,,33207,30,,,2,30,,33216,30,,,1,73,,33205,30,,,1,27,,33210,30,,,1,70,,33212,30,,,1,32,,33206,30,,,2,70,,33215,30,,,1,31,,33208,30,,,1,70,,33217,30,,,1,29,,33209,30,,,1,70,,33211,30,,,1,30,,33213,30,,,2,70,,33214,30,,,2,30,,33218,30,,,1,71,,33219,30,,,2,30,,33220,30,,,1,70,,33221,30,,,1,31,,33222,30,,,1,69,,33223,30,,,1,30,,33224,30,,,2,71,,33225,30,,,1,27,,33226,30,,,1,70,,33228,30,,,1,31,,33227,30,,,2,70,,33229,30,,,1,30,,33230,30,,,1,68,,33231,30,,,1,30,,33233,30,,,1,70,,33232,30,,,1,30,,33234,30,,,1,98,,33235,30,,,1
3401,'Dimanche-3',703,,33237,30,,,1,100,,33248,30,,,2,30,,33241,30,,,1,73,,33244,30,,,1,27,,33243,30,,,1,70,,33252,30,,,1,32,,33249,30,,,2,70,,33236,30,,,1,31,,33247,30,,,1,70,,33240,30,,,1,29,,33238,30,,,1,70,,33239,30,,,1,30,,33242,30,,,2,70,,33250,30,,,2,30,,33246,30,,,1,71,,33245,30,,,2,30,,33251,30,,,1,70,,33256,30,,,1,31,,33254,30,,,1,69,,33260,30,,,1,30,,33263,30,,,2,71,,33253,30,,,1,27,,33262,30,,,1,70,,33255,30,,,1,31,,33259,30,,,2,70,,33266,30,,,1,30,,33258,30,,,1,68,,33257,30,,,1,30,,33264,30,,,1,70,,33265,30,,,1,30,,33261,30,,,1,98,,33267,30,,,1
3401,'Semaine-4',912,,33293,30,,,1,27,,33273,30,,,1,70,,33277,30,,,1,30,,33297,30,,,1,70,,33270,30,,,1,30,,33274,30,,,1,70,,33278,30,,,1,30,,33268,30,,,1,70,,33271,30,,,1,30,,33275,30,,,1,70,,33279,30,,,1,30,,33272,30,,,1,70,,33294,30,,,1,31,,33269,30,,,1,71,,33295,30,,,1,31,,33296,30,,,2,69,,33290,30,,,1,28,,33286,30,,,1,70,,33276,30,,,1,29,,33283,30,,,1,70,,33292,30,,,1,30,,33280,30,,,1,70,,33282,30,,,1,30,,33284,30,,,1,70,,33288,30,,,1,30,,33281,30,,,1,70,,33287,30,,,1,30,,33285,30,,,1,70,,33289,30,,,1,30,,33291,30,,,1
4900,'Samedi-3',740,,33938,44,,,1,100,,33939,44,,,1,104,,33936,44,,,1,100,,33940,44,,,1,100,,33937,44,,,1,100,,33941,44,,,1,99,,33942,44,,,1,104,,33943,44,,,1,97,,33944,44,,,1,100,,33945,44,,,1,100,,33946,44,,,1,96,,33947,44,,,1,100,,33948,44,,,1,100,,33949,44,,,1,100,,33950,44,,,1,100,,33951,44,,,1,100,,33952,44,,,1
4900,'Dimanche-3',740,,33953,44,,,1,100,,33956,44,,,1,104,,33954,44,,,1,100,,33957,44,,,1,100,,33959,44,,,1,100,,33963,44,,,1,99,,33961,44,,,1,104,,33960,44,,,1,97,,33955,44,,,1,100,,33965,44,,,1,100,,33962,44,,,1,96,,33964,44,,,1,100,,33969,44,,,1,100,,33958,44,,,1,100,,33967,44,,,1,100,,33968,44,,,1,100,,33966,44,,,1
4900,'Semaine-4',701,,33997,44,,,1,10,,33992,31,,,1,5,,34004,31,,,1,3,,33980,31,,,1,3,,34008,44,,,1,2,,34003,31,,,1,3,,34005,31,,,1,3,,34007,31,,,1,5,,34006,31,,,1,15,,34000,44,,,1,73,,34001,44,,,1,6,,33996,31,,,1,71,,33995,44,,,1,29,,33990,44,,,1,71,,33982,44,,,1,32,,34002,44,,,1,72,,33998,44,,,1,30,,33993,44,,,1,70,,33970,44,,,1,30,,33991,44,,,1,70,,33972,44,,,1,30,,33977,44,,,1,70,,33979,44,,,1,29,,33983,44,,,1,71,,33999,44,,,1,37,,33981,44,,,1,70,,33984,44,,,1,30,,33975,44,,,1,70,,33987,44,,,1,30,,33978,44,,,1,67,,33976,44,,,1,30,,33994,44,,,1,67,,33988,44,,,1,96,,33971,44,,,1,100,,33989,44,,,1,100,,33986,44,,,1,57,,33973,44,,,1,98,,33985,44,,,1,100,,33974,44,,,1
32501,'Semaine-4',825,,36461,25,0,7 8,1,3,,36462,25,0,7 8,1
42500,'Semaine-4',710,,37068,25,0,9 14,1,2,,37069,25,0,9 14,1
73401,'Semaine-4',815,,37131,34,0,5 11,1
82501,'Semaine-4',753,,37283,25,0,9 12 13,1,1,,37284,25,0,9 12 13,1,1,,37285,25,0,9 12 13,1
