9500,'Semaine-1-_26ÉTÉ-1111100-',1538,,43711,44,,,1,16,,43714,44,,,2,56,,43710,44,,,1,19,,43705,44,,,1,15,,43709,44,,,2,56,,43706,44,,,1,15,,43707,44,,,2,15,,43712,44,,,1,22,,43713,44,,,1,65,,43708,44,,,1
9500,'Semaine-10-_26ÉTÉ-1111100-',1538,,43721,44,,,1,16,,43724,44,,,2,56,,43720,44,,,1,19,,43715,44,,,1,15,,43719,44,,,2,56,,43716,44,,,1,15,,43717,44,,,2,15,,43722,44,,,1,22,,43723,44,,,2,65,,43718,44,,,1
9500,'Semaine-11-_26ÉTÉ-1111100-',1538,,48147,44,,,1,16,,48150,44,,,2,56,,48146,44,,,1,19,,48141,44,,,1,15,,48145,44,,,2,56,,48142,44,,,1,15,,48143,44,,,2,15,,48148,44,,,1,22,,48149,44,,,1,65,,48144,44,,,1
9500,'Semaine-5-_26ÉTÉ-1111100-',1538,,51890,44,,,1,16,,51893,44,,,2,56,,51889,44,,,1,19,,51884,44,,,1,15,,51888,44,,,2,56,,51885,44,,,1,15,,51886,44,,,2,15,,51891,44,,,1,22,,51892,44,,,1,65,,51887,44,,,1
9700,'Samedi-0-_26ÉTÉ-0000010-',856,,43743,56,,,2,100,,43746,56,,,2,100,,43741,56,,,1,100,,43742,56,,,1,100,,43745,56,,,2,100,,43744,56,,,2,100,,43747,56,,,1,101,,43748,56,,,2,100,,43749,56,,,2,101,,43750,56,,,1,100,,43755,56,,,1,100,,43751,56,,,1,100,,43752,56,,,1,100,,43753,56,,,1,99,,43754,56,,,2,98,,43756,56,,,1,100,,43757,56,,,1
9700,'Dimanche-0-_26ÉTÉ-0000001-',856,,43761,56,,,2,100,,43763,56,,,2,100,,43760,56,,,1,100,,43759,56,,,1,100,,43758,56,,,2,100,,43762,56,,,2,100,,43765,56,,,1,101,,43764,56,,,2,100,,43770,56,,,2,101,,43772,56,,,1,100,,43774,56,,,1,100,,43766,56,,,1,100,,43767,56,,,1,100,,43768,56,,,1,99,,43769,56,,,2,98,,43773,56,,,1,100,,43771,56,,,1
9700,'Dimanche-10-_26ÉTÉ-0000001-',856,,43778,56,,,2,100,,43780,56,,,2,100,,43777,56,,,1,100,,43776,56,,,1,100,,43775,56,,,2,100,,43779,56,,,2,100,,43782,56,,,1,101,,43781,56,,,2,100,,43787,56,,,2,101,,43789,56,,,1,100,,43791,56,,,1,100,,43783,56,,,1,100,,43784,56,,,1,100,,43785,56,,,1,99,,43786,56,,,2,98,,43790,56,,,1,100,,43788,56,,,1
9700,'Dimanche-11-_26ÉTÉ-0000001-',856,,49683,56,,,2,100,,49685,56,,,2,100,,49682,56,,,1,100,,49681,56,,,1,100,,49680,56,,,2,100,,49684,56,,,2,100,,49687,56,,,1,101,,49686,56,,,2,100,,49692,56,,,2,101,,49694,56,,,1,100,,49696,56,,,1,100,,49688,56,,,1,100,,49689,56,,,1,100,,49690,56,,,1,99,,49691,56,,,2,98,,49695,56,,,1,100,,49693,56,,,1
9700,'Semaine-1-_26ÉTÉ-1111100-',728,,43810,56,,,1,72,,43811,56,,,1,51,,43800,56,,,2,101,,43796,56,,,1,96,,43809,56,,,2,100,,43804,56,,,2,100,,43801,56,,,1,100,,43806,56,,,2,101,,43792,56,,,1,94,,43797,56,,,1,105,,43805,56,,,1,96,,43807,60,,,2,102,,43798,60,,,2,72,,43793,60,,,2,20,,43802,56,,,1,102,,43794,56,,,2,99,,43803,56,,,1,100,,43799,56,,,1,100,,43795,56,,,2,110,,43808,56,,,1
9700,'Semaine-10-_26ÉTÉ-1111100-',728,,43830,56,,,1,72,,43831,56,,,1,51,,43820,56,,,2,101,,43816,56,,,1,96,,43829,56,,,2,100,,43824,56,,,2,100,,43821,56,,,1,100,,43826,56,,,2,101,,43812,56,,,1,94,,43817,56,,,1,105,,43825,56,,,1,96,,43827,60,,,2,102,,43818,60,,,2,72,,43813,60,,,2,20,,43822,56,,,1,102,,43814,56,,,2,99,,43823,56,,,1,100,,43819,56,,,1,100,,43815,56,,,2,110,,43828,56,,,1
9700,'Semaine-11-_26ÉTÉ-1111100-',728,,48194,56,,,1,72,,48195,56,,,1,51,,48184,56,,,2,101,,48180,56,,,1,96,,48193,56,,,2,100,,48188,56,,,2,100,,48185,56,,,1,100,,48190,56,,,2,101,,48176,56,,,1,94,,48181,56,,,1,105,,48189,56,,,1,96,,48191,60,,,2,102,,48182,60,,,2,72,,48177,60,,,2,20,,48186,56,,,1,102,,48178,56,,,2,99,,48187,56,,,1,100,,48183,56,,,1,100,,48179,56,,,2,110,,48192,56,,,1
9700,'Semaine-5-_26ÉTÉ-1111100-',728,,51920,56,,,1,72,,51921,56,,,1,51,,51910,56,,,2,101,,51906,56,,,1,96,,51919,56,,,2,100,,51914,56,,,2,100,,51911,56,,,1,100,,51916,56,,,2,101,,51902,56,,,1,94,,51907,56,,,1,105,,51915,56,,,1,96,,51917,60,,,2,102,,51908,60,,,2,72,,51903,60,,,2,20,,51912,56,,,1,102,,51904,56,,,2,99,,51913,56,,,1,100,,51909,56,,,1,100,,51905,56,,,2,110,,51918,56,,,1
29700,'Semaine-5-_26ÉTÉ-1111100-',757,,52033,46,,,2
