9301,'Semaine-1-_26ÉTÉ-1111100-',559,,43696,23,,,1,60,,43694,23,,,1,20,,43693,23,,,1,71,,43697,23,,,2,30,,43695,23,,,1
9301,'Semaine-10-_26ÉTÉ-1111100-',559,,43701,23,,,1,60,,43699,23,,,1,20,,43698,23,,,1,71,,43702,23,,,2,30,,43700,23,,,1
9301,'Semaine-11-_26ÉTÉ-1111100-',559,,48138,23,,,1,60,,48136,23,,,1,20,,48135,23,,,1,71,,48139,23,,,2,30,,48137,23,,,1
9301,'Semaine-12-_26ÉTÉ-1111100-',559,,54314,23,,,1,60,,54312,23,,,1,20,,54311,23,,,1,71,,54315,23,,,2,30,,54313,23,,,1
9301,'Semaine-5-_26ÉTÉ-1111100-',559,,51881,23,,,1,60,,51879,23,,,1,20,,51878,23,,,1,71,,51882,23,,,2,30,,51880,23,,,1
9401,'Semaine-1-_26ÉTÉ-1111100-',540,,43703,23,,,1
9401,'Semaine-10-_26ÉTÉ-1111100-',540,,43704,23,,,1
9401,'Semaine-11-_26ÉTÉ-1111100-',540,,48140,23,,,1
9401,'Semaine-12-_26ÉTÉ-1111100-',540,,54316,23,,,1
9401,'Semaine-5-_26ÉTÉ-1111100-',540,,51883,23,,,1
