9500,'Semaine-1-_26ÉTÉ-1111100-',1524,,43711,25,,,1,16,,43714,25,,,2,15,,43710,25,,,1,59,,43705,25,,,1,15,,43709,25,,,2,16,,43706,25,,,1,55,,43707,25,,,2,15,,43712,25,,,1,24,,43713,25,,,1,66,,43708,25,,,1
9500,'Semaine-10-_26ÉTÉ-1111100-',1524,,43721,25,,,1,16,,43724,25,,,2,15,,43720,25,,,1,59,,43715,25,,,1,15,,43719,25,,,2,16,,43716,25,,,1,55,,43717,25,,,2,15,,43722,25,,,1,24,,43723,25,,,2,66,,43718,25,,,1
9500,'Semaine-11-_26ÉTÉ-1111100-',1524,,48147,25,,,1,16,,48150,25,,,2,15,,48146,25,,,1,59,,48141,25,,,1,15,,48145,25,,,2,16,,48142,25,,,1,55,,48143,25,,,2,15,,48148,25,,,1,24,,48149,25,,,1,66,,48144,25,,,1
9700,'Samedi-0-_26ÉTÉ-0000010-',842,,43743,37,,,2,100,,43746,37,,,2,100,,43741,37,,,1,100,,43742,37,,,1,100,,43745,37,,,2,100,,43744,37,,,2,100,,43747,37,,,1,101,,43748,37,,,2,100,,43749,37,,,2,101,,43750,37,,,1,100,,43755,37,,,1,100,,43751,37,,,1,100,,43752,37,,,1,100,,43753,37,,,1,99,,43754,37,,,2,100,,43756,37,,,1,100,,43757,37,,,1
9700,'Samedi-10-_26ÉTÉ-0000010-',842,,48161,37,,,2,100,,48164,37,,,2,100,,48159,37,,,1,100,,48160,37,,,1,100,,48163,37,,,2,100,,48162,37,,,2,100,,48165,37,,,1,101,,48166,37,,,2,100,,48167,37,,,2,101,,48168,37,,,1,100,,48173,37,,,1,100,,48169,37,,,1,100,,48170,37,,,1,100,,48171,37,,,1,99,,48172,37,,,2,100,,48174,37,,,1,100,,48175,37,,,1
9700,'Dimanche-0-_26ÉTÉ-0000001-',842,,43761,37,,,2,100,,43763,37,,,2,100,,43760,37,,,1,100,,43759,37,,,1,100,,43758,37,,,2,100,,43762,37,,,2,100,,43765,37,,,1,101,,43764,37,,,2,100,,43770,37,,,2,101,,43772,37,,,1,100,,43774,37,,,1,100,,43766,37,,,1,100,,43767,37,,,1,100,,43768,37,,,1,99,,43769,37,,,2,100,,43773,37,,,1,100,,43771,37,,,1
9700,'Dimanche-10-_26ÉTÉ-0000001-',842,,43778,37,,,2,100,,43780,37,,,2,100,,43777,37,,,1,100,,43776,37,,,1,100,,43775,37,,,2,100,,43779,37,,,2,100,,43782,37,,,1,101,,43781,37,,,2,100,,43787,37,,,2,101,,43789,37,,,1,100,,43791,37,,,1,100,,43783,37,,,1,100,,43784,37,,,1,100,,43785,37,,,1,99,,43786,37,,,2,100,,43790,37,,,1,100,,43788,37,,,1
9700,'Semaine-1-_26ÉTÉ-1111100-',715,,43810,37,,,1,27,,43811,37,,,1,95,,43800,37,,,2,101,,43796,37,,,1,96,,43809,37,,,2,100,,43804,37,,,2,101,,43801,37,,,1,100,,43806,37,,,2,101,,43792,37,,,1,94,,43797,37,,,1,105,,43805,37,,,1,96,,43807,41,,,2,103,,43798,41,,,2,72,,43793,41,,,2,20,,43802,37,,,1,102,,43794,37,,,2,99,,43803,37,,,1,100,,43799,37,,,1,101,,43795,37,,,2,110,,43808,37,,,1
9700,'Semaine-10-_26ÉTÉ-1111100-',715,,43830,37,,,1,27,,43831,37,,,1,95,,43820,37,,,2,101,,43816,37,,,1,96,,43829,37,,,2,100,,43824,37,,,2,101,,43821,37,,,1,100,,43826,37,,,2,101,,43812,37,,,1,94,,43817,37,,,1,105,,43825,37,,,1,96,,43827,41,,,2,103,,43818,41,,,2,72,,43813,41,,,2,20,,43822,37,,,1,102,,43814,37,,,2,99,,43823,37,,,1,100,,43819,37,,,1,101,,43815,37,,,2,110,,43828,37,,,1
9700,'Semaine-11-_26ÉTÉ-1111100-',715,,48194,37,,,1,27,,48195,37,,,1,95,,48184,37,,,2,101,,48180,37,,,1,96,,48193,37,,,2,100,,48188,37,,,2,101,,48185,37,,,1,100,,48190,37,,,2,101,,48176,37,,,1,94,,48181,37,,,1,105,,48189,37,,,1,96,,48191,41,,,2,103,,48182,41,,,2,72,,48177,41,,,2,20,,48186,37,,,1,102,,48178,37,,,2,99,,48187,37,,,1,100,,48183,37,,,1,101,,48179,37,,,2,110,,48192,37,,,1
