6701,'Samedi-0-_26ÉTÉ-0000010-',645,,41950,26,,,1,101,,41956,26,,,1,99,,41952,26,,,1,101,,41951,26,,,1,71,,41954,26,,,1,29,,41959,26,,,1,72,,41960,26,,,2,30,,41953,26,,,1,70,,41955,26,,,1,30,,41958,26,,,1,70,,41961,26,,,1,31,,41962,26,,,1,70,,41957,26,,,1,30,,41963,26,,,1,70,,41964,26,,,1,30,,41965,26,,,2,71,,41966,26,,,2,28,,41967,26,,,1,72,,41968,26,,,1,29,,41969,26,,,1,70,,41970,26,,,2,27,,41971,26,,,1,71,,41972,26,,,2,100,,41973,26,,,1,100,,41974,26,,,1,100,,41976,26,,,1,99,,41975,26,,,1
6701,'Samedi-10-_26ÉTÉ-0000010-',645,,47365,26,,,1,101,,47371,26,,,1,99,,47367,26,,,1,101,,47366,26,,,1,71,,47369,26,,,1,29,,47374,26,,,1,72,,47375,26,,,2,30,,47368,26,,,1,70,,47370,26,,,1,30,,47373,26,,,1,70,,47376,26,,,1,31,,47377,26,,,1,70,,47372,26,,,1,30,,47378,26,,,1,70,,47379,26,,,1,30,,47380,26,,,2,71,,47381,26,,,2,28,,47382,26,,,1,72,,47383,26,,,1,29,,47384,26,,,1,70,,47385,26,,,2,27,,47386,26,,,1,71,,47387,26,,,2,100,,47388,26,,,1,100,,47389,26,,,1,100,,47391,26,,,1,99,,47390,26,,,1
6701,'Dimanche-0-_26ÉTÉ-0000001-',645,,41977,26,,,1,101,,41982,26,,,1,99,,41985,26,,,1,101,,41980,26,,,1,71,,41978,26,,,1,29,,41979,26,,,1,72,,41981,26,,,2,30,,41989,26,,,1,70,,41983,26,,,1,30,,41987,26,,,1,70,,41984,26,,,1,31,,41992,26,,,1,70,,41993,26,,,1,30,,41990,26,,,1,70,,41995,26,,,1,30,,41986,26,,,2,71,,41998,26,,,2,28,,41991,26,,,1,72,,41988,26,,,1,29,,41996,26,,,1,70,,41999,26,,,2,27,,42003,26,,,1,71,,42002,26,,,2,100,,41994,26,,,1,100,,42000,26,,,1,100,,41997,26,,,1,99,,42001,26,,,1
6701,'Dimanche-10-_26ÉTÉ-0000001-',645,,42004,26,,,1,101,,42009,26,,,1,99,,42012,26,,,1,101,,42007,26,,,1,71,,42005,26,,,1,29,,42006,26,,,1,72,,42008,26,,,2,30,,42016,26,,,1,70,,42010,26,,,1,30,,42014,26,,,1,70,,42011,26,,,1,31,,42019,26,,,1,70,,42020,26,,,1,30,,42017,26,,,1,70,,42022,26,,,1,30,,42013,26,,,2,71,,42025,26,,,2,28,,42018,26,,,1,72,,42015,26,,,1,29,,42023,26,,,1,70,,42026,26,,,2,27,,42030,26,,,1,71,,42029,26,,,2,100,,42021,26,,,1,100,,42027,26,,,1,100,,42024,26,,,1,99,,42028,26,,,1
6701,'Dimanche-11-_26ÉTÉ-0000001-',645,,49477,26,,,1,101,,49482,26,,,1,99,,49485,26,,,1,101,,49480,26,,,1,71,,49478,26,,,1,29,,49479,26,,,1,72,,49481,26,,,2,30,,49489,26,,,1,70,,49483,26,,,1,30,,49487,26,,,1,70,,49484,26,,,1,31,,49492,26,,,1,70,,49493,26,,,1,30,,49490,26,,,1,70,,49495,26,,,1,30,,49486,26,,,2,71,,49498,26,,,2,28,,49491,26,,,1,72,,49488,26,,,1,29,,49496,26,,,1,70,,49499,26,,,2,27,,49503,26,,,1,71,,49502,26,,,2,100,,49494,26,,,1,100,,49500,26,,,1,100,,49497,26,,,1,99,,49501,26,,,1
6701,'Semaine-1-_26ÉTÉ-1111100-',923,,42051,26,,,1,20,,42040,26,,,1,60,,42058,26,,,2,20,,42044,26,,,1,20,,42038,26,,,2,60,,42059,26,,,1,20,,42052,26,,,1,20,,42041,26,,,1,60,,42060,26,,,2,20,,42045,26,,,1,20,,42048,26,,,2,61,,42061,26,,,1,19,,42047,26,,,1,20,,42042,26,,,2,60,,42062,26,,,1,20,,42053,26,,,1,20,,42055,26,,,1,61,,42057,26,,,1,20,,42049,26,,,2,34,,42033,26,,,1,70,,42056,26,,,2,28,,42036,26,,,1,70,,42054,26,,,1,30,,42050,26,,,1,69,,42043,26,,,1,29,,42031,26,,,1,68,,42046,26,,,1,30,,42034,26,,,1,70,,42063,26,,,1,30,,42032,26,,,1,70,,42065,26,,,1,29,,42035,26,,,1,70,,42066,26,,,1,29,,42037,26,,,2,69,,42064,26,,,1,30,,42039,26,,,2
6701,'Semaine-10-_26ÉTÉ-1111100-',923,,42087,26,,,1,20,,42076,26,,,1,60,,42094,26,,,2,20,,42080,26,,,1,20,,42074,26,,,2,60,,42095,26,,,1,20,,42088,26,,,1,20,,42077,26,,,1,60,,42096,26,,,2,20,,42081,26,,,1,20,,42084,26,,,2,61,,42097,26,,,2,19,,42083,26,,,1,20,,42078,26,,,2,60,,42098,26,,,1,20,,42089,26,,,1,20,,42091,26,,,1,61,,42093,26,,,1,20,,42085,26,,,2,34,,42069,26,,,1,70,,42092,26,,,2,28,,42072,26,,,1,70,,42090,26,,,1,30,,42086,26,,,1,69,,42079,26,,,1,29,,42067,26,,,1,68,,42082,26,,,1,30,,42070,26,,,1,70,,42099,26,,,1,30,,42068,26,,,1,70,,42101,26,,,1,29,,42071,26,,,1,70,,42102,26,,,1,29,,42073,26,,,2,69,,42100,26,,,1,30,,42075,26,,,2
6701,'Semaine-11-_26ÉTÉ-1111100-',923,,47412,26,,,1,20,,47401,26,,,1,60,,47419,26,,,2,20,,47405,26,,,1,20,,47399,26,,,2,60,,47420,26,,,1,20,,47413,26,,,1,20,,47402,26,,,1,60,,47421,26,,,2,20,,47406,26,,,1,20,,47409,26,,,2,61,,47422,26,,,1,19,,47408,26,,,1,20,,47403,26,,,2,60,,47423,26,,,1,20,,47414,26,,,1,20,,47416,26,,,1,61,,47418,26,,,1,20,,47410,26,,,2,34,,47394,26,,,1,70,,47417,26,,,2,28,,47397,26,,,1,70,,47415,26,,,1,30,,47411,26,,,1,69,,47404,26,,,1,29,,47392,26,,,1,68,,47407,26,,,1,30,,47395,26,,,1,70,,47424,26,,,1,30,,47393,26,,,1,70,,47426,26,,,1,29,,47396,26,,,1,70,,47427,26,,,1,29,,47398,26,,,2,69,,47425,26,,,1,30,,47400,26,,,2
8501,'Semaine-1-_26ÉTÉ-1111100-',541,,43613,30,,,1,70,,43615,30,,,1,25,,43618,30,,,1,19,,43617,30,,,2,54,,43622,30,,,2,19,,43614,30,,,2,15,,43620,30,,,1,15,,43616,30,,,2,55,,43621,30,,,1,20,,43619,30,,,1
8501,'Semaine-10-_26ÉTÉ-1111100-',541,,43623,30,,,1,70,,43625,30,,,1,25,,43628,30,,,1,19,,43627,30,,,2,54,,43632,30,,,2,19,,43624,30,,,2,15,,43630,30,,,1,15,,43626,30,,,2,55,,43631,30,,,1,20,,43629,30,,,1
8501,'Semaine-11-_26ÉTÉ-1111100-',541,,48095,30,,,1,70,,48097,30,,,1,25,,48100,30,,,1,19,,48099,30,,,2,54,,48104,30,,,2,19,,48096,30,,,2,15,,48102,30,,,1,15,,48098,30,,,2,55,,48103,30,,,1,20,,48101,30,,,1
8701,'Semaine-1-_26ÉTÉ-1111100-',525,,43663,26,,,1,31,,43656,26,,,1,69,,43661,26,,,2,20,,43659,26,,,2,59,,43657,26,,,1,15,,43666,26,,,2,13,,43662,26,,,2,17,,43658,26,,,2,55,,43665,26,,,1,19,,43664,26,,,2,20,,43660,26,,,2,60,,43655,26,,,2
8701,'Semaine-10-_26ÉTÉ-1111100-',525,,43675,26,,,1,31,,43668,26,,,1,69,,43673,26,,,2,20,,43671,26,,,2,59,,43669,26,,,1,15,,43678,26,,,2,13,,43674,26,,,2,17,,43670,26,,,2,55,,43677,26,,,1,19,,43676,26,,,2,20,,43672,26,,,2,60,,43667,26,,,2
8701,'Semaine-11-_26ÉTÉ-1111100-',525,,48124,26,,,1,31,,48117,26,,,1,69,,48122,26,,,2,20,,48120,26,,,2,59,,48118,26,,,1,15,,48127,26,,,2,13,,48123,26,,,2,17,,48119,26,,,2,55,,48126,26,,,1,19,,48125,26,,,2,20,,48121,26,,,2,60,,48116,26,,,2
