3101,'Samedi-0-_26ÉTÉ-0000010-',644,,37600,1,,,1,94,,37606,1,,,1,99,,37603,1,,,1,97,,37607,1,,,1,97,,37601,1,,,1,100,,37605,1,,,1,100,,37602,1,,,1,100,,37604,1,,,1,103,,37608,1,,,1,97,,37609,1,,,1,100,,37610,1,,,1,100,,37611,1,,,1,102,,37612,1,,,1,102,,37617,1,,,1,100,,37613,1,,,1,100,,37614,1,,,1,102,,37615,1,,,1,100,,37616,1,,,1
3101,'Samedi-10-_26ÉTÉ-0000010-',644,,45495,1,,,1,94,,45501,1,,,1,99,,45498,1,,,1,97,,45502,1,,,1,97,,45496,1,,,1,100,,45500,1,,,1,100,,45497,1,,,1,100,,45499,1,,,1,103,,45503,1,,,1,97,,45504,1,,,1,100,,45505,1,,,1,100,,45506,1,,,1,102,,45507,1,,,1,102,,45512,1,,,1,100,,45508,1,,,1,100,,45509,1,,,1,102,,45510,1,,,1,100,,45511,1,,,1
3101,'Dimanche-0-_26ÉTÉ-0000001-',644,,37620,1,,,1,94,,37618,1,,,1,99,,37621,1,,,1,97,,37623,1,,,1,97,,37624,1,,,1,100,,37625,1,,,1,100,,37619,1,,,1,100,,37628,1,,,1,103,,37622,1,,,1,97,,37627,1,,,1,100,,37631,1,,,1,100,,37635,1,,,1,102,,37632,1,,,1,102,,37626,1,,,1,100,,37629,1,,,1,100,,37634,1,,,1,102,,37630,1,,,1,100,,37633,1,,,1
3101,'Dimanche-10-_26ÉTÉ-0000001-',644,,37638,1,,,1,94,,37636,1,,,1,99,,37639,1,,,1,97,,37641,1,,,1,97,,37642,1,,,1,100,,37643,1,,,1,100,,37637,1,,,1,100,,37646,1,,,1,103,,37640,1,,,1,97,,37645,1,,,1,100,,37649,1,,,1,100,,37653,1,,,1,102,,37650,1,,,1,102,,37644,1,,,1,100,,37647,1,,,1,100,,37652,1,,,1,102,,37648,1,,,1,100,,37651,1,,,1
3101,'Dimanche-11-_26ÉTÉ-0000001-',644,,48869,1,,,1,94,,48867,1,,,1,99,,48870,1,,,1,97,,48872,1,,,1,97,,48873,1,,,1,100,,48874,1,,,1,100,,48868,1,,,1,100,,48877,1,,,1,103,,48871,1,,,1,97,,48876,1,,,1,100,,48880,1,,,1,100,,48884,1,,,1,102,,48881,1,,,1,102,,48875,1,,,1,100,,48878,1,,,1,100,,48883,1,,,1,102,,48879,1,,,1,100,,48882,1,,,1
3101,'Semaine-1-_26ÉTÉ-1111100-',525,,37657,1,,,1,75,,37691,1,,,1,30,,37671,1,,,1,27,,37658,1,,,1,69,,37694,1,,,1,21,,37654,1,,,1,56,,37668,1,,,1,17,,37669,1,,,1,14,,37688,1,,,1,19,,37659,1,,,1,62,,37661,1,,,1,20,,37686,1,,,1,20,,37678,1,,,1,59,,37687,1,,,1,20,,37660,1,,,1,20,,37662,1,,,1,61,,37682,1,,,1,20,,37692,1,,,1,20,,37681,1,,,1,60,,37663,1,,,1,20,,37655,1,,,1,17,,37685,1,,,1,62,,37695,1,,,1,19,,37680,1,,,1,20,,37664,1,,,1,59,,37683,1,,,1,23,,37684,1,,,1,20,,37693,1,,,1,59,,37679,1,,,1,14,,37665,1,,,1,18,,37676,1,,,1,59,,37677,1,,,1,22,,37666,1,,,1,19,,37672,1,,,1,61,,37656,1,,,1,23,,37689,1,,,1,20,,37696,1,,,1,66,,37667,1,,,1,98,,37690,1,,,1,101,,37673,1,,,1,100,,37670,1,,,1,100,,37674,1,,,1,102,,37675,1,,,1
3101,'Semaine-10-_26ÉTÉ-1111100-',525,,37700,1,,,1,75,,37734,1,,,1,30,,37714,1,,,1,27,,37701,1,,,1,69,,37737,1,,,1,21,,37697,1,,,1,56,,37711,1,,,1,17,,37712,1,,,1,14,,37731,1,,,1,19,,37702,1,,,1,62,,37704,1,,,1,20,,37729,1,,,1,20,,37721,1,,,1,59,,37730,1,,,1,20,,37703,1,,,1,20,,37705,1,,,1,61,,37725,1,,,1,20,,37735,1,,,1,20,,37724,1,,,1,60,,37706,1,,,1,20,,37698,1,,,1,17,,37728,1,,,1,62,,37738,1,,,1,19,,37723,1,,,1,20,,37707,1,,,1,59,,37726,1,,,1,23,,37727,1,,,1,20,,37736,1,,,1,59,,37722,1,,,1,14,,37708,1,,,1,18,,37719,1,,,1,59,,37720,1,,,1,22,,37709,1,,,1,19,,37715,1,,,1,61,,37699,1,,,1,23,,37732,1,,,1,20,,37739,1,,,1,66,,37710,1,,,1,98,,37733,1,,,1,101,,37716,1,,,1,100,,37713,1,,,1,100,,37717,1,,,1,102,,37718,1,,,1
3101,'Semaine-11-_26ÉTÉ-1111100-',525,,45516,1,,,1,75,,45550,1,,,1,30,,45530,1,,,1,27,,45517,1,,,1,69,,45553,1,,,1,21,,45513,1,,,1,56,,45527,1,,,1,17,,45528,1,,,1,14,,45547,1,,,1,19,,45518,1,,,1,62,,45520,1,,,1,20,,45545,1,,,1,20,,45537,1,,,1,59,,45546,1,,,1,20,,45519,1,,,1,20,,45521,1,,,1,61,,45541,1,,,1,20,,45551,1,,,1,20,,45540,1,,,1,60,,45522,1,,,1,20,,45514,1,,,1,17,,45544,1,,,1,62,,45554,1,,,1,19,,45539,1,,,1,20,,45523,1,,,1,59,,45542,1,,,1,23,,45543,1,,,1,20,,45552,1,,,1,59,,45538,1,,,1,14,,45524,1,,,1,18,,45535,1,,,1,59,,45536,1,,,1,22,,45525,1,,,1,19,,45531,1,,,1,61,,45515,1,,,1,23,,45548,1,,,1,20,,45555,1,,,1,66,,45526,1,,,1,98,,45549,1,,,1,101,,45532,1,,,1,100,,45529,1,,,1,100,,45533,1,,,1,102,,45534,1,,,1
5001,'Semaine-1-_26ÉTÉ-1111100-',1605,,39903,1,,,1,100,,39905,1,,,1,100,,39904,1,,,1
5001,'Semaine-10-_26ÉTÉ-1111100-',1605,,39906,1,,,1,100,,39908,1,,,1,100,,39907,1,,,1
5001,'Semaine-11-_26ÉTÉ-1111100-',1605,,46495,1,,,1,100,,46497,1,,,1,100,,46496,1,,,1
