2601,'Semaine-1-_26ÉTÉ-1111100-',548,,37394,2,,,1,71,,37396,2,,,1,31,,37397,2,,,1,64,,37395,2,,,1,36,,37393,2,,,2
2601,'Semaine-10-_26ÉTÉ-1111100-',548,,37399,2,,,1,71,,37401,2,,,1,31,,37402,2,,,1,64,,37400,2,,,1,36,,37398,2,,,2
2601,'Semaine-11-_26ÉTÉ-1111100-',548,,45402,2,,,1,71,,45404,2,,,1,31,,45405,2,,,1,64,,45403,2,,,1,36,,45401,2,,,2
2601,'Semaine-12-_26ÉTÉ-1111100-',548,,52410,2,,,1,71,,52412,2,,,1,31,,52413,2,,,1,64,,52411,2,,,1,36,,52409,2,,,2
2601,'Semaine-5-_26ÉTÉ-1111100-',548,,49973,2,,,1,71,,49975,2,,,1,31,,49976,2,,,1,64,,49974,2,,,1,36,,49972,2,,,2
2801,'Semaine-1-_26ÉTÉ-1111100-',640,,37428,4,,,1,71,,37429,4,,,1,100,,37427,4,,,2
2801,'Semaine-10-_26ÉTÉ-1111100-',640,,37431,4,,,1,71,,37432,4,,,1,100,,37430,4,,,2
2801,'Semaine-11-_26ÉTÉ-1111100-',640,,45419,4,,,1,71,,45420,4,,,1,100,,45418,4,,,2
2801,'Semaine-12-_26ÉTÉ-1111100-',640,,52427,4,,,1,71,,52428,4,,,1,100,,52426,4,,,2
2801,'Semaine-5-_26ÉTÉ-1111100-',640,,49990,4,,,1,71,,49991,4,,,1,100,,49989,4,,,2
5001,'Semaine-1-_26ÉTÉ-1111100-',1616,,39903,8,,,1,100,,39905,8,,,1,99,,39904,8,,,1
5001,'Semaine-10-_26ÉTÉ-1111100-',1616,,39906,8,,,1,100,,39908,8,,,1,99,,39907,8,,,1
5001,'Semaine-11-_26ÉTÉ-1111100-',1616,,46495,8,,,1,100,,46497,8,,,1,99,,46496,8,,,1
5001,'Semaine-12-_26ÉTÉ-1111100-',1616,,53181,8,,,1,100,,53183,8,,,1,99,,53182,8,,,1
5001,'Semaine-5-_26ÉTÉ-1111100-',1616,,50747,8,,,1,100,,50749,8,,,1,99,,50748,8,,,1
42600,'Semaine-5-_26ÉTÉ-1111100-',720,,52272,2,,,1
