6401,'Samedi-0-_26ÉTÉ-0000010-',730,,41247,27,,,1,100,,41244,27,,,1,100,,41246,27,,,1,100,,41249,27,,,1,100,,41245,27,,,2,100,,41250,27,,,1,100,,41248,27,,,1,100,,41251,27,,,2,100,,41252,27,,,1,100,,41253,27,,,1,100,,41254,27,,,1
6401,'Dimanche-0-_26ÉTÉ-0000001-',730,,41259,27,,,1,100,,41257,27,,,1,100,,41262,27,,,1,100,,41255,27,,,1,100,,41261,27,,,2,100,,41263,27,,,1,100,,41256,27,,,1,100,,41260,27,,,2,100,,41258,27,,,1,100,,41264,27,,,1,100,,41265,27,,,1
6401,'Dimanche-10-_26ÉTÉ-0000001-',730,,41270,27,,,1,100,,41268,27,,,1,100,,41273,27,,,1,100,,41266,27,,,1,100,,41272,27,,,2,100,,41274,27,,,1,100,,41267,27,,,1,100,,41271,27,,,2,100,,41269,27,,,1,100,,41275,27,,,1,100,,41276,27,,,1
6401,'Dimanche-11-_26ÉTÉ-0000001-',730,,49373,27,,,1,100,,49371,27,,,1,100,,49376,27,,,1,100,,49369,27,,,1,100,,49375,27,,,2,100,,49377,27,,,1,100,,49370,27,,,1,100,,49374,27,,,2,100,,49372,27,,,1,100,,49378,27,,,1,100,,49379,27,,,1
6401,'Semaine-1-_26ÉTÉ-1111100-',530,,41277,27,,,1,108,,41287,27,,,2,100,,41289,27,,,2,100,,41286,27,,,2,96,,41294,27,,,2,100,,41281,27,,,2,100,,41280,27,,,2,100,,41292,27,,,1,100,,41288,27,,,1,100,,41290,27,,,1,115,,41291,27,,,1,87,,41282,27,,,1,98,,41278,27,,,1,100,,41279,27,,,1,97,,41285,27,,,1,100,,41283,27,,,1,100,,41284,27,,,1,100,,41293,27,,,1
6401,'Semaine-10-_26ÉTÉ-1111100-',530,,41295,27,,,1,108,,41305,27,,,2,100,,41307,27,,,2,100,,41304,27,,,2,96,,41312,27,,,2,100,,41299,27,,,2,100,,41298,27,,,2,100,,41310,27,,,1,100,,41306,27,,,1,100,,41308,27,,,1,115,,41309,27,,,1,87,,41300,27,,,1,98,,41296,27,,,1,100,,41297,27,,,1,97,,41303,27,,,1,100,,41301,27,,,1,100,,41302,27,,,1,100,,41311,27,,,1
6401,'Semaine-11-_26ÉTÉ-1111100-',530,,47077,27,,,1,108,,47087,27,,,2,100,,47089,27,,,2,100,,47086,27,,,2,96,,47094,27,,,2,100,,47081,27,,,2,100,,47080,27,,,2,100,,47092,27,,,1,100,,47088,27,,,1,100,,47090,27,,,1,115,,47091,27,,,1,87,,47082,27,,,1,98,,47078,27,,,1,100,,47079,27,,,1,97,,47085,27,,,1,100,,47083,27,,,1,100,,47084,27,,,1,100,,47093,27,,,1
6401,'Semaine-12-_26ÉTÉ-1111100-',530,,53553,27,,,1,108,,53563,27,,,2,100,,53565,27,,,2,100,,53562,27,,,2,96,,53570,27,,,2,100,,53557,27,,,2,100,,53556,27,,,2,100,,53568,27,,,1,100,,53564,27,,,1,100,,53566,27,,,1,115,,53567,27,,,1,87,,53558,27,,,1,98,,53554,27,,,1,100,,53555,27,,,1,97,,53561,27,,,1,100,,53559,27,,,1,100,,53560,27,,,1,100,,53569,27,,,1
6401,'Semaine-5-_26ÉTÉ-1111100-',530,,51120,27,,,1,108,,51130,27,,,2,100,,51132,27,,,2,100,,51129,27,,,2,96,,51137,27,,,2,100,,51124,27,,,2,100,,51123,27,,,2,100,,51135,27,,,1,100,,51131,27,,,1,100,,51133,27,,,1,115,,51134,27,,,1,87,,51125,27,,,1,98,,51121,27,,,1,100,,51122,27,,,1,97,,51128,27,,,1,100,,51126,27,,,1,100,,51127,27,,,1,100,,51136,27,,,1
6601,'Samedi-0-_26ÉTÉ-0000010-',657,,41664,29,,,1,100,,41666,29,,,1,100,,41670,29,,,1,100,,41667,29,,,2,100,,41671,29,,,1,100,,41665,29,,,1,100,,41668,29,,,1,100,,41669,29,,,1,100,,41672,29,,,2,100,,41673,29,,,1,100,,41674,29,,,1,100,,41675,29,,,1,100,,41676,29,,,1,100,,41678,29,,,1,100,,41677,29,,,1,100,,41679,29,,,1,100,,41680,29,,,1,100,,41681,29,,,2
6601,'Dimanche-0-_26ÉTÉ-0000001-',657,,41683,29,,,1,100,,41687,29,,,1,100,,41688,29,,,1,100,,41689,29,,,2,100,,41691,29,,,1,100,,41682,29,,,1,100,,41690,29,,,1,100,,41684,29,,,1,100,,41685,29,,,2,100,,41686,29,,,1,100,,41695,29,,,1,100,,41697,29,,,1,100,,41693,29,,,1,100,,41694,29,,,1,100,,41692,29,,,1,100,,41696,29,,,1,100,,41698,29,,,1,100,,41699,29,,,2
6601,'Dimanche-10-_26ÉTÉ-0000001-',657,,41701,29,,,1,100,,41705,29,,,1,100,,41706,29,,,1,100,,41707,29,,,2,100,,41709,29,,,1,100,,41700,29,,,1,100,,41708,29,,,1,100,,41702,29,,,1,100,,41703,29,,,2,100,,41704,29,,,1,100,,41713,29,,,1,100,,41715,29,,,1,100,,41711,29,,,1,100,,41712,29,,,1,100,,41710,29,,,1,100,,41714,29,,,1,100,,41716,29,,,1,100,,41717,29,,,2
6601,'Dimanche-11-_26ÉTÉ-0000001-',657,,49432,29,,,1,100,,49436,29,,,1,100,,49437,29,,,1,100,,49438,29,,,2,100,,49440,29,,,1,100,,49431,29,,,1,100,,49439,29,,,1,100,,49433,29,,,1,100,,49434,29,,,2,100,,49435,29,,,1,100,,49444,29,,,1,100,,49446,29,,,1,100,,49442,29,,,1,100,,49443,29,,,1,100,,49441,29,,,1,100,,49445,29,,,1,100,,49447,29,,,1,100,,49448,29,,,2
6601,'Semaine-1-_26ÉTÉ-1111100-',548,,41727,29,,,2,60,,41720,29,,,2,20,,41729,29,,,2,16,,41735,29,,,1,60,,41730,29,,,2,20,,41721,29,,,2,20,,41733,29,,,2,60,,41726,29,,,2,20,,41742,29,,,1,20,,41719,29,,,2,60,,41732,29,,,2,20,,41743,29,,,2,20,,41751,29,,,2,102,,41731,29,,,1,100,,41723,29,,,2,100,,41747,29,,,1,100,,41748,29,,,2,101,,41734,29,,,2,63,,41722,29,,,2,19,,41739,29,,,2,17,,41736,29,,,1,61,,41749,29,,,2,20,,41718,29,,,1,20,,41744,29,,,2,60,,41737,29,,,2,21,,41750,29,,,2,19,,41740,29,,,1,60,,41745,29,,,2,20,,41738,29,,,1,20,,41746,29,,,2,58,,41752,29,,,1,100,,41725,29,,,1,100,,41724,29,,,1,95,,41728,29,,,1,100,,41741,29,,,1
6601,'Semaine-10-_26ÉTÉ-1111100-',548,,41762,29,,,2,60,,41755,29,,,2,20,,41764,29,,,2,16,,41770,29,,,1,60,,41765,29,,,2,20,,41756,29,,,2,20,,41768,29,,,2,60,,41761,29,,,2,20,,41777,29,,,1,20,,41754,29,,,2,60,,41767,29,,,2,20,,41778,29,,,2,20,,41786,29,,,2,102,,41766,29,,,1,100,,41758,29,,,2,100,,41782,29,,,1,100,,41783,29,,,2,101,,41769,29,,,2,63,,41757,29,,,2,19,,41774,29,,,2,17,,41771,29,,,1,61,,41784,29,,,2,20,,41753,29,,,1,20,,41779,29,,,2,60,,41772,29,,,2,21,,41785,29,,,2,19,,41775,29,,,1,60,,41780,29,,,2,20,,41773,29,,,1,20,,41781,29,,,2,58,,41787,29,,,1,100,,41760,29,,,1,100,,41759,29,,,1,95,,41763,29,,,1,100,,41776,29,,,1
6601,'Semaine-11-_26ÉTÉ-1111100-',548,,47272,29,,,2,60,,47265,29,,,2,20,,47274,29,,,2,16,,47280,29,,,1,60,,47275,29,,,2,20,,47266,29,,,2,20,,47278,29,,,2,60,,47271,29,,,2,20,,47287,29,,,1,20,,47264,29,,,2,60,,47277,29,,,2,20,,47288,29,,,2,20,,47296,29,,,2,102,,47276,29,,,1,100,,47268,29,,,2,100,,47292,29,,,1,100,,47293,29,,,2,101,,47279,29,,,2,63,,47267,29,,,2,19,,47284,29,,,2,17,,47281,29,,,1,61,,47294,29,,,2,20,,47263,29,,,1,20,,47289,29,,,2,60,,47282,29,,,2,21,,47295,29,,,2,19,,47285,29,,,1,60,,47290,29,,,2,20,,47283,29,,,1,20,,47291,29,,,2,58,,47297,29,,,1,100,,47270,29,,,1,100,,47269,29,,,1,95,,47273,29,,,1,100,,47286,29,,,1
6601,'Semaine-12-_26ÉTÉ-1111100-',548,,53679,29,,,2,60,,53672,29,,,2,20,,53681,29,,,2,16,,53687,29,,,1,60,,53682,29,,,2,20,,53673,29,,,2,20,,53685,29,,,2,60,,53678,29,,,2,20,,53694,29,,,1,20,,53671,29,,,2,60,,53684,29,,,2,20,,53695,29,,,2,20,,53703,29,,,2,102,,53683,29,,,1,100,,53675,29,,,2,100,,53699,29,,,1,100,,53700,29,,,2,101,,53686,29,,,2,63,,53674,29,,,2,19,,53691,29,,,2,17,,53688,29,,,1,61,,53701,29,,,2,20,,53670,29,,,1,20,,53696,29,,,2,60,,53689,29,,,2,21,,53702,29,,,2,19,,53692,29,,,1,60,,53697,29,,,2,20,,53690,29,,,1,20,,53698,29,,,2,58,,53704,29,,,1,100,,53677,29,,,1,100,,53676,29,,,1,95,,53680,29,,,1,100,,53693,29,,,1
6601,'Semaine-5-_26ÉTÉ-1111100-',548,,51246,29,,,2,60,,51239,29,,,2,20,,51248,29,,,2,16,,51254,29,,,1,60,,51249,29,,,2,20,,51240,29,,,2,20,,51252,29,,,2,60,,51245,29,,,2,20,,51261,29,,,1,20,,51238,29,,,2,60,,51251,29,,,2,20,,51262,29,,,2,20,,51270,29,,,2,102,,51250,29,,,1,100,,51242,29,,,2,100,,51266,29,,,1,100,,51267,29,,,2,101,,51253,29,,,2,63,,51241,29,,,2,19,,51258,29,,,2,17,,51255,29,,,1,61,,51268,29,,,2,20,,51237,29,,,1,20,,51263,29,,,2,60,,51256,29,,,2,21,,51269,29,,,2,19,,51259,29,,,1,60,,51264,29,,,2,20,,51257,29,,,1,20,,51265,29,,,2,58,,51271,29,,,1,100,,51244,29,,,1,100,,51243,29,,,1,95,,51247,29,,,1,100,,51260,29,,,1
