7700,'Samedi-0-_26ÉTÉ-0000010-',743,,43331,2,,,1,100,,43330,2,,,2,100,,43329,2,,,2,100,,43334,2,,,1,100,,43332,2,,,1,100,,43333,2,,,1,100,,43335,2,,,1,102,,43336,2,,,1,98,,43337,2,,,1,100,,43338,2,,,1,100,,43339,2,,,1,100,,43340,2,,,1,100,,43341,2,,,1,100,,43344,2,,,1,100,,43342,2,,,1,100,,43343,2,,,2
7700,'Samedi-10-_26ÉTÉ-0000010-',743,,47971,2,,,1,100,,47970,2,,,2,100,,47969,2,,,2,100,,47974,2,,,1,100,,47972,2,,,1,100,,47973,2,,,1,100,,47975,2,,,1,102,,47976,2,,,1,98,,47977,2,,,1,100,,47978,2,,,1,100,,47979,2,,,1,100,,47980,2,,,1,100,,47981,2,,,1,100,,47984,2,,,1,100,,47982,2,,,1,100,,47983,2,,,2
7700,'Dimanche-0-_26ÉTÉ-0000001-',743,,43345,2,,,1,100,,43349,2,,,2,100,,43351,2,,,2,100,,43346,2,,,1,100,,43350,2,,,1,100,,43352,2,,,1,100,,43347,2,,,1,102,,43348,2,,,1,98,,43353,2,,,1,100,,43354,2,,,1,100,,43357,2,,,1,100,,43359,2,,,1,100,,43358,2,,,1,100,,43360,2,,,1,100,,43355,2,,,1,100,,43356,2,,,2
7700,'Dimanche-10-_26ÉTÉ-0000001-',743,,43361,2,,,1,100,,43365,2,,,2,100,,43367,2,,,2,100,,43362,2,,,1,100,,43366,2,,,1,100,,43368,2,,,1,100,,43363,2,,,1,102,,43364,2,,,1,98,,43369,2,,,1,100,,43370,2,,,1,100,,43373,2,,,1,100,,43375,2,,,1,100,,43374,2,,,1,100,,43376,2,,,1,100,,43371,2,,,1,100,,43372,2,,,2
7700,'Semaine-1-_26ÉTÉ-1111100-',522,,43402,2,,,1,29,,43387,2,,,1,70,,43389,2,,,1,30,,43379,2,,,1,72,,43390,2,,,2,28,,43401,2,,,2,67,,43386,2,,,2,29,,43391,2,,,2,70,,43406,2,,,2,30,,43392,2,,,2,70,,43407,2,,,1,30,,43393,2,,,1,70,,43408,2,,,1,30,,43394,2,,,1,70,,43405,2,,,1,30,,43395,2,,,1,70,,43404,2,,,1,30,,43396,2,,,1,72,,43403,2,,,2,28,,43378,2,,,2,71,,43398,2,,,1,30,,43383,2,,,2,70,,43397,2,,,2,30,,43381,2,,,1,70,,43399,2,,,1,29,,43382,2,,,1,70,,43388,2,,,1,30,,43400,2,,,1,100,,43384,2,,,2,100,,43385,2,,,2,100,,43380,2,,,2,100,,43377,2,,,1
7700,'Semaine-10-_26ÉTÉ-1111100-',522,,43434,2,,,1,29,,43419,2,,,1,70,,43421,2,,,1,30,,43411,2,,,1,72,,43422,2,,,2,28,,43433,2,,,2,67,,43418,2,,,2,29,,43423,2,,,2,70,,43438,2,,,2,30,,43424,2,,,2,70,,43439,2,,,1,30,,43425,2,,,1,70,,43440,2,,,1,30,,43426,2,,,1,70,,43437,2,,,1,30,,43427,2,,,1,70,,43436,2,,,1,30,,43428,2,,,1,72,,43435,2,,,2,28,,43410,2,,,2,71,,43430,2,,,2,30,,43415,2,,,2,70,,43429,2,,,2,30,,43413,2,,,1,70,,43431,2,,,1,29,,43414,2,,,1,70,,43420,2,,,1,30,,43432,2,,,1,100,,43416,2,,,2,100,,43417,2,,,2,100,,43412,2,,,2,100,,43409,2,,,1
7700,'Semaine-11-_26ÉTÉ-1111100-',522,,48010,2,,,1,29,,47995,2,,,1,70,,47997,2,,,1,30,,47987,2,,,1,72,,47998,2,,,2,28,,48009,2,,,2,67,,47994,2,,,2,29,,47999,2,,,2,70,,48014,2,,,2,30,,48000,2,,,2,70,,48015,2,,,1,30,,48001,2,,,1,70,,48016,2,,,1,30,,48002,2,,,1,70,,48013,2,,,1,30,,48003,2,,,1,70,,48012,2,,,1,30,,48004,2,,,1,72,,48011,2,,,2,28,,47986,2,,,2,71,,48006,2,,,1,30,,47991,2,,,2,70,,48005,2,,,2,30,,47989,2,,,1,70,,48007,2,,,1,29,,47990,2,,,1,70,,47996,2,,,1,30,,48008,2,,,1,100,,47992,2,,,2,100,,47993,2,,,2,100,,47988,2,,,2,100,,47985,2,,,1
7800,'Samedi-0-_26ÉTÉ-0000010-',814,,43444,2,,,1,100,,43443,2,,,2,100,,43441,2,,,2,100,,43446,2,,,1,100,,43442,2,,,1,100,,43445,2,,,1,99,,43447,2,,,1,101,,43448,2,,,1,100,,43449,2,,,1,100,,43450,2,,,1,100,,43451,2,,,1,100,,43452,2,,,2,100,,43453,2,,,1,100,,43454,2,,,1,100,,43455,2,,,1,100,,43456,2,,,2
7800,'Samedi-10-_26ÉTÉ-0000010-',814,,48020,2,,,1,100,,48019,2,,,2,100,,48017,2,,,2,100,,48022,2,,,1,100,,48018,2,,,1,100,,48021,2,,,1,99,,48023,2,,,1,101,,48024,2,,,1,100,,48025,2,,,1,100,,48026,2,,,1,100,,48027,2,,,1,100,,48028,2,,,2,100,,48029,2,,,1,100,,48030,2,,,1,100,,48031,2,,,1,100,,48032,2,,,2
7800,'Dimanche-0-_26ÉTÉ-0000001-',814,,43457,2,,,1,100,,43461,2,,,2,100,,43463,2,,,2,100,,43458,2,,,1,100,,43462,2,,,1,100,,43464,2,,,1,99,,43459,2,,,1,101,,43460,2,,,1,100,,43465,2,,,1,100,,43468,2,,,1,100,,43470,2,,,1,100,,43469,2,,,2,100,,43471,2,,,1,100,,43472,2,,,1,100,,43466,2,,,1,100,,43467,2,,,2
7800,'Dimanche-10-_26ÉTÉ-0000001-',814,,43473,2,,,1,100,,43477,2,,,2,100,,43479,2,,,2,100,,43474,2,,,1,100,,43478,2,,,1,100,,43480,2,,,1,99,,43475,2,,,1,101,,43476,2,,,1,100,,43481,2,,,1,100,,43484,2,,,1,100,,43486,2,,,1,100,,43485,2,,,2,100,,43487,2,,,1,100,,43488,2,,,1,100,,43482,2,,,1,100,,43483,2,,,2
7800,'Semaine-1-_26ÉTÉ-1111100-',445,,43501,2,,,1,60,,43502,2,,,1,30,,43491,2,,,1,71,,43503,2,,,2,30,,43489,2,,,2,70,,43504,2,,,2,30,,43513,2,,,2,65,,43494,2,,,1,34,,43505,2,,,1,68,,43506,2,,,2,30,,43517,2,,,2,70,,43507,2,,,1,30,,43518,2,,,2,70,,43508,2,,,1,30,,43519,2,,,1,70,,43509,2,,,1,30,,43520,2,,,2,70,,43510,2,,,1,30,,43521,2,,,1,70,,43511,2,,,1,30,,43496,2,,,2,70,,43512,2,,,1,29,,43490,2,,,1,69,,43499,2,,,1,32,,43514,2,,,1,72,,43498,2,,,1,28,,43522,2,,,1,70,,43515,2,,,1,30,,43492,2,,,1,85,,43516,2,,,1,98,,43497,2,,,1,102,,43500,2,,,1,100,,43493,2,,,2,100,,43495,2,,,1
7800,'Semaine-10-_26ÉTÉ-1111100-',445,,43535,2,,,1,60,,43536,2,,,1,30,,43525,2,,,1,71,,43537,2,,,2,30,,43523,2,,,2,70,,43538,2,,,2,30,,43547,2,,,2,65,,43528,2,,,1,34,,43539,2,,,1,68,,43540,2,,,2,30,,43551,2,,,2,70,,43541,2,,,1,30,,43552,2,,,2,70,,43542,2,,,1,30,,43553,2,,,1,70,,43543,2,,,1,30,,43554,2,,,2,70,,43544,2,,,1,30,,43555,2,,,1,70,,43545,2,,,1,30,,43530,2,,,1,70,,43546,2,,,1,29,,43524,2,,,1,69,,43533,2,,,1,32,,43548,2,,,1,72,,43532,2,,,1,28,,43556,2,,,1,70,,43549,2,,,1,30,,43526,2,,,1,85,,43550,2,,,1,98,,43531,2,,,1,102,,43534,2,,,1,100,,43527,2,,,2,100,,43529,2,,,1
7800,'Semaine-11-_26ÉTÉ-1111100-',445,,48045,2,,,1,60,,48046,2,,,1,30,,48035,2,,,1,71,,48047,2,,,2,30,,48033,2,,,2,70,,48048,2,,,2,30,,48057,2,,,2,65,,48038,2,,,1,34,,48049,2,,,1,68,,48050,2,,,2,30,,48061,2,,,2,70,,48051,2,,,1,30,,48062,2,,,2,70,,48052,2,,,1,30,,48063,2,,,1,70,,48053,2,,,1,30,,48064,2,,,2,70,,48054,2,,,1,30,,48065,2,,,1,70,,48055,2,,,1,30,,48040,2,,,2,70,,48056,2,,,1,29,,48034,2,,,1,69,,48043,2,,,1,32,,48058,2,,,1,72,,48042,2,,,1,28,,48066,2,,,1,70,,48059,2,,,1,30,,48036,2,,,1,85,,48060,2,,,1,98,,48041,2,,,1,102,,48044,2,,,1,100,,48037,2,,,2,100,,48039,2,,,1
