4100,'Semaine-4',1550,,33902,36,,,1,71,,33904,36,,,1,33,,33903,36,,,1,66,,33901,36,,,1,29,,33905,36,,,1
4901,'Samedi-3',749,,34012,44,,,1,100,,34011,44,,,1,100,,34013,44,,,1,102,,34009,44,,,1,100,,34014,44,,,1,102,,34010,44,,,1,98,,34015,44,,,1,103,,34016,44,,,1,99,,34017,44,,,1,100,,34018,44,,,1,100,,34019,44,,,1,95,,34020,44,,,1,102,,34021,44,,,1,100,,34022,44,,,1,100,,34023,44,,,1,98,,34024,44,,,1,99,,34025,44,,,1
4901,'Dimanche-3',749,,34030,44,,,1,100,,34026,44,,,1,100,,34029,44,,,1,102,,34031,44,,,1,100,,34028,44,,,1,102,,34027,44,,,1,98,,34033,44,,,1,103,,34034,44,,,1,99,,34032,44,,,1,100,,34038,44,,,1,100,,34042,44,,,1,95,,34035,44,,,1,102,,34036,44,,,1,100,,34037,44,,,1,99,,34039,44,,,1,99,,34040,44,,,1,99,,34041,44,,,1
4901,'Semaine-4',633,,34049,44,,,1,89,,34054,44,,,1,31,,34070,44,,,1,75,,34066,44,,,1,28,,34064,44,,,1,67,,34074,44,,,1,27,,34056,44,,,1,69,,34072,44,,,1,29,,34068,44,,,1,72,,34043,44,,,1,30,,34065,44,,,1,70,,34044,44,,,1,32,,34050,44,,,1,68,,34052,44,,,1,30,,34057,44,,,1,68,,34073,44,,,1,33,,34055,44,,,1,71,,34075,44,,,1,25,,34071,44,,,1,12,,34058,44,,,1,56,,34045,44,,,1,14,,34061,44,,,1,30,,34051,44,,,1,66,,34053,44,,,1,29,,34069,44,,,1,66,,34063,44,,,1,31,,34067,44,,,1,93,,34046,44,,,1,80,,34062,44,,,1,100,,34060,44,,,1,96,,34047,44,,,1,103,,34059,44,,,1,93,,34048,44,,,1
5201,'Samedi-3',649,,34139,29,,,2,100,,34140,29,,,1,99,,34141,29,,,2,100,,34142,29,,,1,101,,34144,29,,,1,100,,34143,29,,,1,100,,34145,29,,,1,100,,34146,29,,,1,101,,34147,29,,,1,99,,34148,29,,,1,100,,34149,29,,,1,100,,34150,29,,,1,99,,34153,29,,,1,100,,34151,29,,,1,99,,34155,29,,,2,100,,34152,29,,,1,100,,34154,29,,,1,100,,34156,29,,,1
5201,'Dimanche-3',649,,34157,29,,,2,100,,34158,29,,,1,99,,34159,29,,,2,100,,34160,29,,,1,101,,34165,29,,,1,100,,34161,29,,,1,100,,34162,29,,,1,100,,34166,29,,,1,101,,34163,29,,,1,99,,34164,29,,,1,100,,34167,29,,,1,100,,34170,29,,,1,99,,34168,29,,,1,100,,34174,29,,,1,99,,34169,29,,,2,100,,34171,29,,,1,100,,34172,29,,,1,100,,34173,29,,,1
5201,'Semaine-4',620,,34190,29,,,1,100,,34192,29,,,1,101,,34191,29,,,2,99,,34175,29,,,1,100,,34181,29,,,2,100,,34178,29,,,1,102,,34185,29,,,2,98,,34176,29,,,1,100,,34180,29,,,1,100,,34179,29,,,1,102,,34189,29,,,1,100,,34188,29,,,1,98,,34182,29,,,1,98,,34183,29,,,1,100,,34187,29,,,2,100,,34184,29,,,1,100,,34186,29,,,1,100,,34177,29,,,1
5500,'Samedi-3',719,,34202,37,,,1,30,,34199,37,,,1,70,,34200,37,,,1,30,,34203,37,,,1,70,,34201,37,,,1,29,,34208,37,,,1,71,,34205,37,,,1,30,,34206,37,,,1,73,,34211,37,,,1,28,,34210,37,,,1,68,,34204,37,,,1,30,,34207,37,,,1,70,,34209,37,,,1,34,,34212,37,,,1,70,,34213,37,,,1,30,,34214,37,,,1,70,,34215,37,,,1,29,,34216,37,,,1,70,,34217,37,,,1,30,,34218,37,,,1,70,,34219,37,,,1,30,,34220,37,,,1,72,,34221,37,,,1,28,,34222,37,,,1,69,,34224,37,,,1,33,,34223,37,,,1,67,,34225,37,,,1,30,,34227,37,,,1,71,,34226,37,,,1,31,,34228,37,,,1,66,,34229,37,,,1,30,,34232,37,,,1,70,,34234,37,,,1,30,,34231,37,,,1,71,,34230,37,,,1,26,,34233,37,,,1
5500,'Dimanche-3',719,,34237,37,,,1,30,,34242,37,,,1,70,,34246,37,,,1,30,,34240,37,,,1,70,,34238,37,,,1,29,,34243,37,,,1,71,,34245,37,,,1,30,,34239,37,,,1,73,,34235,37,,,1,28,,34236,37,,,1,68,,34248,37,,,1,30,,34252,37,,,1,70,,34250,37,,,1,34,,34247,37,,,1,70,,34241,37,,,1,30,,34255,37,,,1,70,,34256,37,,,1,29,,34257,37,,,1,70,,34251,37,,,1,30,,34264,37,,,1,70,,34261,37,,,1,30,,34249,37,,,1,72,,34269,37,,,1,28,,34263,37,,,1,69,,34244,37,,,1,33,,34267,37,,,1,67,,34260,37,,,1,30,,34253,37,,,1,71,,34258,37,,,1,31,,34254,37,,,1,66,,34265,37,,,1,30,,34262,37,,,1,70,,34259,37,,,1,30,,34268,37,,,1,71,,34266,37,,,1,27,,34270,37,,,1
5500,'Semaine-4',615,,34273,37,,,1,106,,34289,37,,,1,104,,34272,37,,,1,96,,34308,37,,,1,28,,34309,37,,,1,70,,34278,37,,,1,29,,34288,37,,,1,70,,34292,37,,,1,33,,34314,37,,,1,70,,34274,37,,,1,30,,34313,37,,,1,69,,34291,37,,,1,30,,34306,37,,,1,69,,34300,37,,,1,26,,34307,37,,,1,56,,34293,37,,,1,17,,34271,37,,,1,14,,34312,37,,,1,17,,34282,37,,,1,55,,34315,37,,,1,13,,34303,37,,,1,10,,34275,37,,,1,13,,34286,37,,,1,14,,34318,37,,,1,53,,34311,37,,,1,11,,34277,37,,,1,12,,34294,37,,,1,9,,34287,37,,,1,11,,34316,37,,,1,51,,34301,37,,,1,8,,34281,37,,,1,12,,34276,37,,,1,10,,34317,37,,,1,12,,34285,37,,,1,10,,34280,37,,,1,50,,34290,37,,,1,30,,34305,37,,,1,69,,34310,37,,,1,30,,34297,37,,,1,70,,34283,37,,,1,30,,34304,37,,,1,68,,34295,37,,,1,28,,34298,37,,,1,29,,34284,37,,,1,70,,34299,37,,,1,30,,34296,37,,,1,69,,34279,37,,,1,29,,34302,37,,,1
5800,'Semaine-4',836,,34451,24,,,2,398,,34452,24,,,1,301,,34454,24,,,2,71,,34449,24,,,2,30,,34450,24,,,1,70,,34453,24,,,1,28,,34448,24,,,1,70,,34447,24,,,1
5900,'Samedi-3',734,,34466,37,,,1,70,,34469,37,,,1,30,,34462,37,,,1,70,,34468,37,,,1,30,,34465,37,,,1,70,,34470,37,,,1,30,,34474,37,,,1,70,,34475,37,,,1,30,,34464,37,,,1,70,,34463,37,,,1,31,,34473,37,,,1,71,,34467,37,,,1,30,,34471,37,,,1,71,,34476,37,,,1,30,,34472,37,,,1,70,,34477,37,,,1,30,,34478,37,,,1,69,,34479,37,,,1,30,,34480,37,,,1,73,,34481,37,,,1,28,,34482,37,,,1,70,,34483,37,,,1,29,,34484,37,,,1,70,,34485,37,,,1,30,,34486,37,,,1,68,,34488,37,,,1,30,,34487,37,,,1,70,,34490,37,,,1,30,,34489,37,,,1,70,,34491,37,,,1,29,,34492,37,,,1,70,,34494,37,,,1,30,,34493,37,,,1,70,,34495,37,,,1
5900,'Dimanche-3',734,,34502,37,,,1,70,,34497,37,,,1,30,,34500,37,,,1,70,,34505,37,,,1,30,,34509,37,,,1,70,,34498,37,,,1,30,,34501,37,,,1,70,,34507,37,,,1,30,,34508,37,,,1,70,,34496,37,,,1,31,,34499,37,,,1,71,,34504,37,,,1,30,,34506,37,,,1,71,,34503,37,,,1,30,,34511,37,,,1,70,,34516,37,,,1,30,,34510,37,,,1,69,,34521,37,,,1,30,,34522,37,,,1,73,,34513,37,,,1,28,,34517,37,,,1,70,,34528,37,,,1,29,,34512,37,,,1,70,,34518,37,,,1,30,,34514,37,,,1,68,,34519,37,,,1,30,,34524,37,,,1,70,,34525,37,,,1,30,,34515,37,,,1,70,,34529,37,,,1,29,,34523,37,,,1,70,,34520,37,,,1,30,,34527,37,,,1,70,,34526,37,,,1
5900,'Semaine-4',647,,34537,37,,,1,105,,34572,37,,,1,100,,34553,37,,,1,83,,34549,37,,,1,68,,34570,37,,,1,30,,34546,37,,,1,70,,34569,37,,,1,30,,34560,37,,,1,70,,34554,37,,,1,33,,34562,37,,,1,69,,34545,37,,,1,31,,34573,37,,,1,70,,34536,37,,,1,31,,34567,37,,,1,13,,34538,37,,,1,59,,34571,37,,,1,31,,34531,37,,,1,14,,34575,37,,,1,56,,34530,37,,,1,7,,34565,37,,,1,17,,34561,37,,,1,8,,34574,32,,,1,4,,34548,37,,,1,56,,34532,37,,,1,4,,34576,32,,,1,6,,34533,37,,,1,12,,34541,37,,,1,9,,34568,37,,,1,12,,34557,37,,,1,11,,34544,37,,,1,49,,34566,37,,,1,10,,34552,37,,,1,12,,34564,37,,,1,9,,34534,37,,,1,11,,34539,37,,,1,71,,34559,37,,,1,29,,34550,37,,,1,70,,34555,37,,,1,30,,34543,37,,,1,70,,34551,37,,,1,30,,34556,37,,,1,68,,34563,37,,,1,30,,34540,37,,,1,70,,34558,37,,,1,28,,34547,37,,,1,70,,34535,37,,,1,28,,34542,37,,,1
54901,'Semaine-4',1555,,37091,37,,,1
65500,'Semaine-4',723,,37124,30,0,9 10,1
80001,'Samedi-3',646,,37212,39,,,1,100,,37214,39,,,1,99,,37215,39,,,2,100,,37218,39,,,1,102,,37213,39,,,2,100,,37216,39,,,1,100,,37219,39,,,1,99,,37217,39,,,2,100,,37220,39,,,1,100,,37221,39,,,1,100,,37222,39,,,2,100,,37223,39,,,1,97,,37226,39,,,1,101,,37224,39,,,1,100,,37225,39,,,2,100,,37227,39,,,1,100,,37228,39,,,1
80001,'Dimanche-3',646,,37229,39,,,1,100,,37230,39,,,1,99,,37234,39,,,2,100,,37231,39,,,1,102,,37235,39,,,2,100,,37232,39,,,1,100,,37233,39,,,1,99,,37237,39,,,2,100,,37236,39,,,1,100,,37238,39,,,1,100,,37240,39,,,2,100,,37241,39,,,1,97,,37242,39,,,1,101,,37239,39,,,1,100,,37243,39,,,2,100,,37244,39,,,1,100,,37245,39,,,1
80001,'Semaine-4',636,,37268,39,,,1,71,,37254,39,,,1,33,,37274,39,,,2,70,,37258,39,,,1,30,,37248,39,,,1,66,,37265,39,,,1,30,,37262,39,,,1,70,,37270,39,,,1,30,,37275,39,,,1,70,,37261,39,,,2,30,,37269,39,,,1,70,,37251,39,,,1,30,,37279,39,,,1,71,,37278,39,,,1,32,,37249,39,,,1,70,,37272,39,,,1,30,,37260,39,,,2,70,,37266,39,,,1,36,,37276,39,,,2,69,,37263,39,,,1,16,,37273,39,,,1,18,,37280,39,,,1,66,,37271,39,,,2,28,,37264,39,,,1,70,,37252,39,,,2,27,,37256,39,,,1,68,,37246,39,,,1,30,,37277,39,,,1,70,,37253,39,,,1,27,,37255,39,,,1,69,,37259,39,,,1,31,,37247,39,,,1,70,,37267,39,,,1,30,,37250,39,,,1,70,,37257,39,,,1
