6501,'Samedi-0-_26ÉTÉ-0000010-',747,,41440,17,,,1,100,,41438,17,,,2,100,,41437,17,,,1,100,,41435,17,,,1,100,,41434,17,,,1,100,,41436,17,,,1,100,,41439,17,,,1,100,,41441,17,,,1,100,,41442,17,,,1,100,,41443,17,,,1,100,,41444,17,,,1,100,,41448,17,,,1,100,,41445,17,,,1,100,,41446,17,,,1,100,,41447,17,,,1,100,,41449,17,,,2,100,,41450,17,,,1
6501,'Samedi-10-_26ÉTÉ-0000010-',747,,47153,17,,,1,100,,47151,17,,,2,100,,47150,17,,,1,100,,47148,17,,,1,100,,47147,17,,,1,100,,47149,17,,,1,100,,47152,17,,,1,100,,47154,17,,,1,100,,47155,17,,,1,100,,47156,17,,,1,100,,47157,17,,,1,100,,47161,17,,,1,100,,47158,17,,,1,100,,47159,17,,,1,100,,47160,17,,,1,100,,47162,17,,,2,100,,47163,17,,,1
6501,'Dimanche-0-_26ÉTÉ-0000001-',747,,41454,17,,,1,100,,41455,17,,,2,100,,41457,17,,,1,100,,41453,17,,,1,100,,41456,17,,,1,100,,41452,17,,,1,100,,41451,17,,,1,100,,41458,17,,,1,100,,41463,17,,,1,100,,41465,17,,,1,100,,41460,17,,,1,100,,41461,17,,,1,100,,41459,17,,,1,100,,41464,17,,,1,100,,41466,17,,,1,100,,41467,17,,,2,100,,41462,17,,,1
6501,'Dimanche-10-_26ÉTÉ-0000001-',747,,41471,17,,,1,100,,41472,17,,,2,100,,41474,17,,,1,100,,41470,17,,,1,100,,41473,17,,,1,100,,41469,17,,,1,100,,41468,17,,,1,100,,41475,17,,,1,100,,41480,17,,,1,100,,41482,17,,,1,100,,41477,17,,,1,100,,41478,17,,,1,100,,41476,17,,,1,100,,41481,17,,,1,100,,41483,17,,,1,100,,41484,17,,,2,100,,41479,17,,,1
6501,'Dimanche-11-_26ÉTÉ-0000001-',747,,49400,17,,,1,100,,49401,17,,,2,100,,49403,17,,,1,100,,49399,17,,,1,100,,49402,17,,,1,100,,49398,17,,,1,100,,49397,17,,,1,100,,49404,17,,,1,100,,49409,17,,,1,100,,49411,17,,,1,100,,49406,17,,,1,100,,49407,17,,,1,100,,49405,17,,,1,100,,49410,17,,,1,100,,49412,17,,,1,100,,49413,17,,,2,100,,49408,17,,,1
6501,'Semaine-1-_26ÉTÉ-1111100-',539,,41502,17,,,1,70,,41516,17,,,1,20,,41485,17,,,1,20,,41501,17,,,1,60,,41517,17,,,1,20,,41504,17,,,1,20,,41506,17,,,1,60,,41496,17,,,2,20,,41499,17,,,2,20,,41487,17,,,1,60,,41513,17,,,2,30,,41488,17,,,1,100,,41489,17,,,2,100,,41514,17,,,1,102,,41507,17,,,2,100,,41503,17,,,2,100,,41508,17,,,1,70,,41498,17,,,2,30,,41486,17,,,2,18,,41492,17,,,2,62,,41511,17,,,2,20,,41515,17,,,1,18,,41493,17,,,1,62,,41512,17,,,1,20,,41490,17,,,2,60,,41494,17,,,1,28,,41510,17,,,1,30,,41500,17,,,2,70,,41495,17,,,1,100,,41509,17,,,1,100,,41505,17,,,1,100,,41497,17,,,1,100,,41491,17,,,1
6501,'Semaine-10-_26ÉTÉ-1111100-',539,,41535,17,,,1,70,,41549,17,,,1,20,,41518,17,,,1,20,,41534,17,,,1,60,,41550,17,,,1,20,,41537,17,,,1,20,,41539,17,,,1,60,,41529,17,,,2,20,,41532,17,,,2,20,,41520,17,,,1,60,,41546,17,,,2,30,,41521,17,,,1,100,,41522,17,,,2,100,,41547,17,,,1,102,,41540,17,,,2,100,,41536,17,,,2,100,,41541,17,,,1,70,,41531,17,,,2,30,,41519,17,,,2,18,,41525,17,,,2,62,,41544,17,,,2,20,,41548,17,,,1,18,,41526,17,,,1,62,,41545,17,,,1,20,,41523,17,,,2,60,,41527,17,,,1,28,,41543,17,,,1,30,,41533,17,,,2,70,,41528,17,,,1,100,,41542,17,,,1,100,,41538,17,,,1,100,,41530,17,,,1,100,,41524,17,,,1
6501,'Semaine-11-_26ÉTÉ-1111100-',539,,47181,17,,,1,70,,47195,17,,,1,20,,47164,17,,,1,20,,47180,17,,,1,60,,47196,17,,,1,20,,47183,17,,,1,20,,47185,17,,,1,60,,47175,17,,,2,20,,47178,17,,,2,20,,47166,17,,,1,60,,47192,17,,,2,30,,47167,17,,,1,100,,47168,17,,,2,100,,47193,17,,,1,102,,47186,17,,,2,100,,47182,17,,,2,100,,47187,17,,,1,70,,47177,17,,,2,30,,47165,17,,,2,18,,47171,17,,,2,62,,47190,17,,,2,20,,47194,17,,,1,18,,47172,17,,,1,62,,47191,17,,,1,20,,47169,17,,,2,60,,47173,17,,,1,28,,47189,17,,,1,30,,47179,17,,,2,70,,47174,17,,,1,100,,47188,17,,,1,100,,47184,17,,,1,100,,47176,17,,,1,100,,47170,17,,,1
8501,'Semaine-1-_26ÉTÉ-1111100-',527,,43613,13,,,1,29,,43615,13,,,1,65,,43618,13,,,1,18,,43617,13,,,2,14,,43622,13,,,2,57,,43614,13,,,2,15,,43620,13,,,1,15,,43616,13,,,2,15,,43621,13,,,1,60,,43619,13,,,1
8501,'Semaine-10-_26ÉTÉ-1111100-',527,,43623,13,,,1,29,,43625,13,,,1,65,,43628,13,,,1,18,,43627,13,,,2,14,,43632,13,,,2,57,,43624,13,,,2,15,,43630,13,,,1,15,,43626,13,,,2,15,,43631,13,,,1,60,,43629,13,,,1
8501,'Semaine-11-_26ÉTÉ-1111100-',527,,48095,13,,,1,29,,48097,13,,,1,65,,48100,13,,,1,18,,48099,13,,,2,14,,48104,13,,,2,57,,48096,13,,,2,15,,48102,13,,,1,15,,48098,13,,,2,15,,48103,13,,,1,60,,48101,13,,,1
