6700,'Samedi-0-_26ÉTÉ-0000010-',729,,41794,33,,,2,102,,41793,33,,,1,100,,41792,33,,,1,71,,41788,33,,,1,30,,41796,33,,,1,70,,41789,33,,,1,30,,41790,33,,,1,72,,41795,33,,,1,30,,41800,33,,,1,70,,41791,33,,,1,30,,41799,33,,,1,70,,41797,33,,,1,30,,41798,33,,,1,72,,41801,33,,,2,30,,41802,33,,,2,70,,41803,33,,,1,30,,41804,33,,,1,68,,41805,33,,,2,30,,41806,33,,,2,70,,41807,33,,,1,30,,41808,33,,,1,70,,41809,33,,,2,28,,41810,33,,,1,70,,41811,33,,,1,99,,41815,33,,,2,101,,41812,33,,,2,99,,41813,33,,,1,99,,41814,33,,,1
6700,'Samedi-10-_26ÉTÉ-0000010-',729,,47304,33,,,2,102,,47303,33,,,1,100,,47302,33,,,1,71,,47298,33,,,1,30,,47306,33,,,1,70,,47299,33,,,1,30,,47300,33,,,1,72,,47305,33,,,1,30,,47310,33,,,1,70,,47301,33,,,1,30,,47309,33,,,1,70,,47307,33,,,1,30,,47308,33,,,1,72,,47311,33,,,2,30,,47312,33,,,2,70,,47313,33,,,1,30,,47314,33,,,1,68,,47315,33,,,2,30,,47316,33,,,2,70,,47317,33,,,1,30,,47318,33,,,1,70,,47319,33,,,2,28,,47320,33,,,1,70,,47321,33,,,1,99,,47325,33,,,2,101,,47322,33,,,2,99,,47323,33,,,1,99,,47324,33,,,1
6700,'Dimanche-0-_26ÉTÉ-0000001-',729,,41822,33,,,2,102,,41816,33,,,1,100,,41819,33,,,1,71,,41821,33,,,1,30,,41827,33,,,1,70,,41824,33,,,1,30,,41830,33,,,1,72,,41832,33,,,1,30,,41826,33,,,1,70,,41828,33,,,1,30,,41817,33,,,1,70,,41818,33,,,1,30,,41820,33,,,1,72,,41823,33,,,2,30,,41829,33,,,2,70,,41825,33,,,1,30,,41831,33,,,1,68,,41840,33,,,2,30,,41839,33,,,2,70,,41835,33,,,1,30,,41833,33,,,1,70,,41843,33,,,2,28,,41834,33,,,1,70,,41841,33,,,1,99,,41838,33,,,2,101,,41837,33,,,2,99,,41836,33,,,1,99,,41842,33,,,1
6700,'Dimanche-10-_26ÉTÉ-0000001-',729,,41850,33,,,2,102,,41844,33,,,1,100,,41847,33,,,1,71,,41849,33,,,1,30,,41855,33,,,1,70,,41852,33,,,1,30,,41858,33,,,1,72,,41860,33,,,1,30,,41854,33,,,1,70,,41856,33,,,1,30,,41845,33,,,1,70,,41846,33,,,1,30,,41848,33,,,1,72,,41851,33,,,2,30,,41857,33,,,2,70,,41853,33,,,1,30,,41859,33,,,1,68,,41868,33,,,2,30,,41867,33,,,2,70,,41863,33,,,1,30,,41861,33,,,1,70,,41871,33,,,2,28,,41862,33,,,1,70,,41869,33,,,1,99,,41866,33,,,2,101,,41865,33,,,2,99,,41864,33,,,1,99,,41870,33,,,1
6700,'Dimanche-11-_26ÉTÉ-0000001-',729,,49455,33,,,2,102,,49449,33,,,1,100,,49452,33,,,1,71,,49454,33,,,1,30,,49460,33,,,1,70,,49457,33,,,1,30,,49463,33,,,1,72,,49465,33,,,1,30,,49459,33,,,1,70,,49461,33,,,1,30,,49450,33,,,1,70,,49451,33,,,1,30,,49453,33,,,1,72,,49456,33,,,2,30,,49462,33,,,2,70,,49458,33,,,1,30,,49464,33,,,1,68,,49473,33,,,2,30,,49472,33,,,2,70,,49468,33,,,1,30,,49466,33,,,1,70,,49476,33,,,2,28,,49467,33,,,1,70,,49474,33,,,1,99,,49471,33,,,2,101,,49470,33,,,2,99,,49469,33,,,1,99,,49475,33,,,1
6700,'Semaine-1-_26ÉTÉ-1111100-',632,,41880,33,,,1,71,,41874,33,,,1,29,,41882,33,,,1,21,,41891,33,,,1,60,,41875,33,,,2,17,,41900,33,,,1,70,,41885,33,,,1,31,,41893,33,,,1,20,,41883,33,,,2,59,,41903,33,,,2,20,,41901,33,,,1,21,,41888,33,,,2,60,,41904,33,,,2,20,,41894,33,,,1,20,,41897,33,,,2,60,,41905,33,,,1,20,,41902,33,,,1,20,,41889,33,,,1,60,,41906,33,,,1,20,,41895,33,,,1,20,,41898,33,,,2,60,,41907,33,,,1,22,,41887,33,,,1,20,,41890,33,,,2,58,,41908,33,,,1,330,,41910,33,,,1,15,,41884,33,,,2,55,,41909,33,,,1,19,,41892,33,,,1,70,,41872,33,,,1,30,,41896,33,,,2,70,,41876,33,,,1,30,,41899,33,,,1,71,,41873,33,,,1,28,,41881,33,,,2,30,,41877,33,,,1,68,,41886,33,,,2,29,,41879,33,,,2,69,,41878,33,,,1
6700,'Semaine-10-_26ÉTÉ-1111100-',632,,41919,33,,,1,71,,41913,33,,,1,29,,41921,33,,,1,21,,41930,33,,,1,60,,41914,33,,,2,17,,41939,33,,,1,70,,41924,33,,,1,31,,41932,33,,,1,20,,41922,33,,,2,59,,41942,33,,,2,20,,41940,33,,,1,21,,41927,33,,,2,60,,41943,33,,,2,20,,41933,33,,,1,20,,41936,33,,,2,60,,41944,33,,,1,20,,41941,33,,,1,20,,41928,33,,,1,60,,41945,33,,,1,20,,41934,33,,,1,20,,41937,33,,,2,60,,41946,33,,,2,22,,41926,33,,,1,20,,41929,33,,,2,58,,41947,33,,,1,330,,41949,33,,,1,15,,41923,33,,,2,55,,41948,33,,,1,19,,41931,33,,,1,70,,41911,33,,,1,30,,41935,33,,,2,70,,41915,33,,,1,30,,41938,33,,,1,71,,41912,33,,,1,28,,41920,33,,,2,30,,41916,33,,,1,68,,41925,33,,,2,29,,41918,33,,,2,69,,41917,33,,,1
6700,'Semaine-11-_26ÉTÉ-1111100-',632,,47334,33,,,1,71,,47328,33,,,1,29,,47336,33,,,1,21,,47345,33,,,1,60,,47329,33,,,2,17,,47354,33,,,1,70,,47339,33,,,1,31,,47347,33,,,1,20,,47337,33,,,2,59,,47357,33,,,2,20,,47355,33,,,1,21,,47342,33,,,2,60,,47358,33,,,2,20,,47348,33,,,1,20,,47351,33,,,2,60,,47359,33,,,1,20,,47356,33,,,1,20,,47343,33,,,1,60,,47360,33,,,1,20,,47349,33,,,1,20,,47352,33,,,2,60,,47361,33,,,1,22,,47341,33,,,1,20,,47344,33,,,2,58,,47362,33,,,1,330,,47364,33,,,1,15,,47338,33,,,2,55,,47363,33,,,1,19,,47346,33,,,1,70,,47326,33,,,1,30,,47350,33,,,2,70,,47330,33,,,1,30,,47353,33,,,1,71,,47327,33,,,1,28,,47335,33,,,2,30,,47331,33,,,1,68,,47340,33,,,2,29,,47333,33,,,2,69,,47332,33,,,1
8700,'Semaine-1-_26ÉTÉ-1111100-',1525,,43642,31,,,2,21,,43641,31,,,1,60,,43634,31,,,1,14,,43636,31,,,1,15,,43633,31,,,1,17,,43643,31,,,1,57,,43639,31,,,1,14,,43640,31,,,2,18,,43635,31,,,1,18,,43638,31,,,1,56,,43637,31,,,2
8700,'Semaine-10-_26ÉTÉ-1111100-',1525,,43653,31,,,2,21,,43652,31,,,1,60,,43645,31,,,1,14,,43647,31,,,1,15,,43644,31,,,1,17,,43654,31,,,1,57,,43650,31,,,1,14,,43651,31,,,2,18,,43646,31,,,1,18,,43649,31,,,1,56,,43648,31,,,2
8700,'Semaine-11-_26ÉTÉ-1111100-',1525,,48114,31,,,2,21,,48113,31,,,1,60,,48106,31,,,1,14,,48108,31,,,1,15,,48105,31,,,1,17,,48115,31,,,1,57,,48111,31,,,1,14,,48112,31,,,2,18,,48107,31,,,1,18,,48110,31,,,1,56,,48109,31,,,2
