2501,'Semaine-1-_26ÉTÉ-1111100-',552,,37375,3,,,1,69,,37374,3,,,1,30,,37372,3,,,2,70,,37373,3,,,2,30,,37376,3,,,1,70,,37371,3,,,1
2501,'Semaine-10-_26ÉTÉ-1111100-',552,,37381,3,,,1,69,,37380,3,,,1,30,,37378,3,,,2,70,,37379,3,,,2,30,,37382,3,,,1,70,,37377,3,,,1
2501,'Semaine-11-_26ÉTÉ-1111100-',552,,45394,3,,,1,69,,45393,3,,,1,30,,45391,3,,,2,70,,45392,3,,,2,30,,45395,3,,,1,70,,45390,3,,,1
2501,'Semaine-12-_26ÉTÉ-1111100-',552,,52402,3,,,1,69,,52401,3,,,1,30,,52399,3,,,2,70,,52400,3,,,2,30,,52403,3,,,1,70,,52398,3,,,1
2501,'Semaine-5-_26ÉTÉ-1111100-',552,,49965,3,,,1,69,,49964,3,,,1,30,,49962,3,,,2,70,,49963,3,,,2,30,,49966,3,,,1,70,,49961,3,,,1
3900,'Samedi-0-_26ÉTÉ-0000010-',642,,39287,12,,,1,101,,39288,12,,,1,100,,39292,12,,,1,101,,39291,12,,,1,100,,39294,12,,,1,101,,39293,12,,,1,102,,39289,12,,,1,70,,39290,12,,,1,30,,39295,12,,,1,71,,39296,12,,,2,30,,39297,12,,,1,70,,39298,12,,,1,31,,39299,12,,,2,70,,39300,12,,,1,30,,39301,12,,,1,70,,39302,12,,,1,30,,39303,12,,,1,69,,39304,12,,,1,29,,39305,12,,,1,68,,39306,12,,,1,100,,39307,12,,,1,100,,39308,12,,,1,100,,39309,12,,,1,100,,39310,12,,,1
3900,'Dimanche-0-_26ÉTÉ-0000001-',642,,39311,12,,,1,101,,39318,12,,,1,100,,39312,12,,,1,101,,39314,12,,,1,100,,39320,12,,,1,101,,39313,12,,,1,102,,39319,12,,,1,70,,39315,12,,,1,30,,39316,12,,,1,71,,39321,12,,,2,30,,39323,12,,,1,70,,39317,12,,,1,31,,39322,12,,,2,70,,39324,12,,,1,30,,39325,12,,,1,70,,39331,12,,,1,30,,39332,12,,,1,69,,39334,12,,,1,29,,39330,12,,,1,68,,39328,12,,,1,100,,39329,12,,,1,100,,39333,12,,,1,100,,39326,12,,,1,100,,39327,12,,,1
3900,'Dimanche-10-_26ÉTÉ-0000001-',642,,39335,12,,,1,101,,39342,12,,,1,100,,39336,12,,,1,101,,39338,12,,,1,100,,39344,12,,,1,101,,39337,12,,,1,102,,39343,12,,,1,70,,39339,12,,,1,30,,39340,12,,,1,71,,39345,12,,,2,30,,39347,12,,,1,70,,39341,12,,,1,31,,39346,12,,,2,70,,39348,12,,,1,30,,39349,12,,,1,70,,39355,12,,,1,30,,39356,12,,,1,69,,39358,12,,,1,29,,39354,12,,,1,68,,39352,12,,,1,100,,39353,12,,,1,100,,39357,12,,,1,100,,39350,12,,,1,100,,39351,12,,,1
3900,'Dimanche-11-_26ÉTÉ-0000001-',642,,49088,12,,,1,101,,49095,12,,,1,100,,49089,12,,,1,101,,49091,12,,,1,100,,49097,12,,,1,101,,49090,12,,,1,102,,49096,12,,,1,70,,49092,12,,,1,30,,49093,12,,,1,71,,49098,12,,,2,30,,49100,12,,,1,70,,49094,12,,,1,31,,49099,12,,,2,70,,49101,12,,,1,30,,49102,12,,,1,70,,49108,12,,,1,30,,49109,12,,,1,69,,49111,12,,,1,29,,49107,12,,,1,68,,49105,12,,,1,100,,49106,12,,,1,100,,49110,12,,,1,100,,49103,12,,,1,100,,49104,12,,,1
3900,'Semaine-1-_26ÉTÉ-1111100-',619,,39376,12,,,2,25,,39362,12,,,1,68,,39381,12,,,2,28,,39374,12,,,1,74,,39375,12,,,1,33,,39373,12,,,1,72,,39370,12,,,1,30,,39387,12,,,1,70,,39382,12,,,1,30,,39394,12,,,1,70,,39379,12,,,2,31,,39383,12,,,1,69,,39371,12,,,1,32,,39369,12,,,2,69,,39384,12,,,1,29,,39372,12,,,1,70,,39359,12,,,2,33,,39385,12,,,1,74,,39366,12,,,2,29,,39368,12,,,1,71,,39386,12,,,2,74,,39365,12,,,1,27,,39360,12,,,1,30,,39388,12,,,1,66,,39367,12,,,1,32,,39361,12,,,1,69,,39389,12,,,2,32,,39364,12,,,1,65,,39380,12,,,2,26,,39390,12,,,1,70,,39363,12,,,1,30,,39378,12,,,1,70,,39391,12,,,1,30,,39377,12,,,1,70,,39393,12,,,1,30,,39392,12,,,1
3900,'Semaine-10-_26ÉTÉ-1111100-',619,,39412,12,,,2,25,,39398,12,,,1,68,,39417,12,,,2,28,,39410,12,,,1,74,,39411,12,,,1,33,,39409,12,,,1,72,,39406,12,,,1,30,,39423,12,,,1,70,,39418,12,,,1,30,,39430,12,,,1,70,,39415,12,,,2,31,,39419,12,,,1,69,,39407,12,,,1,32,,39405,12,,,2,69,,39420,12,,,1,29,,39408,12,,,1,70,,39395,12,,,2,33,,39421,12,,,1,74,,39402,12,,,2,29,,39404,12,,,1,71,,39422,12,,,2,74,,39401,12,,,1,27,,39396,12,,,1,30,,39424,12,,,1,66,,39403,12,,,1,32,,39397,12,,,1,69,,39425,12,,,2,32,,39400,12,,,1,65,,39416,12,,,2,26,,39426,12,,,1,70,,39399,12,,,1,30,,39414,12,,,1,70,,39427,12,,,1,30,,39413,12,,,1,70,,39429,12,,,1,30,,39428,12,,,1
3900,'Semaine-11-_26ÉTÉ-1111100-',619,,46269,12,,,2,25,,46255,12,,,1,68,,46274,12,,,2,28,,46267,12,,,1,74,,46268,12,,,1,33,,46266,12,,,1,72,,46263,12,,,1,30,,46280,12,,,1,70,,46275,12,,,1,30,,46287,12,,,1,70,,46272,12,,,2,31,,46276,12,,,1,69,,46264,12,,,1,32,,46262,12,,,2,69,,46277,12,,,1,29,,46265,12,,,1,70,,46252,12,,,2,33,,46278,12,,,1,74,,46259,12,,,2,29,,46261,12,,,1,71,,46279,12,,,2,74,,46258,12,,,1,27,,46253,12,,,1,30,,46281,12,,,1,66,,46260,12,,,1,32,,46254,12,,,1,69,,46282,12,,,2,32,,46257,12,,,1,65,,46273,12,,,2,26,,46283,12,,,1,70,,46256,12,,,1,30,,46271,12,,,1,70,,46284,12,,,1,30,,46270,12,,,1,70,,46286,12,,,1,30,,46285,12,,,1
3900,'Semaine-12-_26ÉTÉ-1111100-',619,,53013,12,,,2,25,,52999,12,,,1,68,,53018,12,,,2,28,,53011,12,,,1,74,,53012,12,,,1,33,,53010,12,,,1,72,,53007,12,,,1,30,,53024,12,,,1,70,,53019,12,,,1,30,,53031,12,,,1,70,,53016,12,,,2,31,,53020,12,,,1,69,,53008,12,,,1,32,,53006,12,,,2,69,,53021,12,,,1,29,,53009,12,,,1,70,,52996,12,,,2,33,,53022,12,,,1,74,,53003,12,,,2,29,,53005,12,,,1,71,,53023,12,,,2,74,,53002,12,,,1,27,,52997,12,,,1,30,,53025,12,,,1,66,,53004,12,,,1,32,,52998,12,,,1,69,,53026,12,,,2,32,,53001,12,,,1,65,,53017,12,,,2,26,,53027,12,,,1,70,,53000,12,,,1,30,,53015,12,,,1,70,,53028,12,,,1,30,,53014,12,,,1,70,,53030,12,,,1,30,,53029,12,,,1
3900,'Semaine-5-_26ÉTÉ-1111100-',619,,50577,12,,,2,25,,50563,12,,,1,68,,50582,12,,,2,28,,50575,12,,,1,74,,50576,12,,,1,33,,50574,12,,,1,72,,50571,12,,,1,30,,50588,12,,,1,70,,50583,12,,,1,30,,50595,12,,,1,70,,50580,12,,,2,31,,50584,12,,,1,69,,50572,12,,,1,32,,50570,12,,,2,69,,50585,12,,,1,29,,50573,12,,,1,70,,50560,12,,,2,33,,50586,12,,,1,74,,50567,12,,,2,29,,50569,12,,,1,71,,50587,12,,,2,74,,50566,12,,,1,27,,50561,12,,,1,30,,50589,12,,,1,66,,50568,12,,,1,32,,50562,12,,,1,69,,50590,12,,,2,32,,50565,12,,,1,65,,50581,12,,,2,26,,50591,12,,,1,70,,50564,12,,,1,30,,50579,12,,,1,70,,50592,12,,,1,30,,50578,12,,,1,70,,50594,12,,,1,30,,50593,12,,,1
5000,'Semaine-1-_26ÉTÉ-1111100-',654,,39895,28,,,2,65,,39894,28,,,1,29,,39896,28,,,1,70,,39893,28,,,1,107,,39897,28,,,1
5000,'Semaine-10-_26ÉTÉ-1111100-',654,,39900,28,,,2,65,,39899,28,,,1,29,,39901,28,,,1,70,,39898,28,,,1,107,,39902,28,,,1
5000,'Semaine-11-_26ÉTÉ-1111100-',654,,46492,28,,,2,65,,46491,28,,,1,29,,46493,28,,,1,70,,46490,28,,,1,107,,46494,28,,,1
5000,'Semaine-12-_26ÉTÉ-1111100-',654,,53178,28,,,2,65,,53177,28,,,1,29,,53179,28,,,1,70,,53176,28,,,1,107,,53180,28,,,1
5000,'Semaine-5-_26ÉTÉ-1111100-',654,,50744,28,,,2,65,,50743,28,,,1,29,,50745,28,,,1,70,,50742,28,,,1,107,,50746,28,,,1
42500,'Semaine-5-_26ÉTÉ-1111100-',657,,52271,3,,,1
55000,'Semaine-5-_26ÉTÉ-1111100-',710,,52277,28,,,1
63901,'Semaine-5-_26ÉTÉ-1111100-',714,,52283,29,,,1
82501,'Semaine-5-_26ÉTÉ-1111100-',737,,52361,3,,,1
