7601,'Samedi-0-_26ÉTÉ-0000010-',714,,43217,14,,,1,100,,43220,14,,,2,100,,43219,14,,,1,100,,43223,14,,,1,100,,43222,14,,,1,100,,43221,14,,,2,100,,43218,14,,,1,100,,43224,14,,,1,100,,43225,14,,,2,100,,43226,14,,,1,100,,43227,14,,,2,100,,43228,14,,,1,100,,43229,14,,,1,100,,43230,14,,,2,100,,43231,14,,,2,100,,43232,14,,,2
7601,'Samedi-10-_26ÉTÉ-0000010-',714,,47921,14,,,1,100,,47924,14,,,2,100,,47923,14,,,1,100,,47927,14,,,1,100,,47926,14,,,1,100,,47925,14,,,2,100,,47922,14,,,1,100,,47928,14,,,1,100,,47929,14,,,2,100,,47930,14,,,1,100,,47931,14,,,2,100,,47932,14,,,1,100,,47933,14,,,1,100,,47934,14,,,2,100,,47935,14,,,2,100,,47936,14,,,2
7601,'Dimanche-0-_26ÉTÉ-0000001-',713,,43235,14,,,1,100,,43238,14,,,2,100,,43236,14,,,1,100,,43237,14,,,1,100,,43240,14,,,1,100,,43233,14,,,2,100,,43239,14,,,1,100,,43234,14,,,1,100,,43242,14,,,2,100,,43246,14,,,1,100,,43243,14,,,2,100,,43248,14,,,1,100,,43241,14,,,1,100,,43244,14,,,2,100,,43247,14,,,2,100,,43245,14,,,2
7601,'Dimanche-10-_26ÉTÉ-0000001-',713,,43251,14,,,1,100,,43254,14,,,2,100,,43252,14,,,1,100,,43253,14,,,1,100,,43256,14,,,1,100,,43249,14,,,2,100,,43255,14,,,1,100,,43250,14,,,1,100,,43258,14,,,2,100,,43262,14,,,1,100,,43259,14,,,2,100,,43264,14,,,1,100,,43257,14,,,1,100,,43260,14,,,2,100,,43263,14,,,2,100,,43261,14,,,2
7601,'Dimanche-11-_26ÉTÉ-0000001-',713,,49634,14,,,1,100,,49637,14,,,2,100,,49635,14,,,1,100,,49636,14,,,1,100,,49639,14,,,1,100,,49632,14,,,2,100,,49638,14,,,1,100,,49633,14,,,1,100,,49641,14,,,2,100,,49645,14,,,1,100,,49642,14,,,2,100,,49647,14,,,1,100,,49640,14,,,1,100,,49643,14,,,2,100,,49646,14,,,2,100,,49644,14,,,2
7601,'Semaine-1-_26ÉTÉ-1111100-',634,,43276,14,,,2,15,,43265,14,,,2,59,,43291,14,,,2,24,,43280,14,,,2,20,,43292,14,,,2,60,,43282,14,,,1,17,,43289,14,,,2,30,,43290,14,,,2,70,,43283,14,,,2,30,,43288,14,,,1,70,,43295,14,,,1,30,,43293,14,,,1,70,,43268,14,,,2,30,,43296,14,,,2,70,,43269,14,,,1,30,,43284,14,,,1,70,,43270,14,,,1,30,,43266,14,,,1,70,,43271,14,,,1,30,,43267,14,,,2,73,,43294,14,,,1,68,,43277,14,,,2,30,,43279,14,,,2,25,,43278,14,,,1,67,,43281,14,,,1,23,,43286,14,,,1,65,,43285,14,,,1,29,,43287,14,,,1,85,,43272,14,,,1,100,,43273,14,,,1,100,,43274,14,,,1,100,,43275,14,,,1
7601,'Semaine-10-_26ÉTÉ-1111100-',634,,43308,14,,,2,15,,43297,14,,,2,59,,43323,14,,,2,24,,43312,14,,,2,20,,43324,14,,,2,60,,43314,14,,,1,17,,43321,14,,,2,30,,43322,14,,,2,70,,43315,14,,,2,30,,43320,14,,,1,70,,43327,14,,,1,30,,43325,14,,,1,70,,43300,14,,,2,30,,43328,14,,,2,70,,43301,14,,,1,30,,43316,14,,,1,70,,43302,14,,,1,30,,43298,14,,,1,70,,43303,14,,,1,30,,43299,14,,,2,73,,43326,14,,,1,68,,43309,14,,,2,30,,43311,14,,,2,25,,43310,14,,,1,67,,43313,14,,,1,23,,43318,14,,,1,65,,43317,14,,,1,29,,43319,14,,,1,85,,43304,14,,,1,100,,43305,14,,,1,100,,43306,14,,,1,100,,43307,14,,,1
7601,'Semaine-11-_26ÉTÉ-1111100-',634,,47948,14,,,2,15,,47937,14,,,2,59,,47963,14,,,2,24,,47952,14,,,2,20,,47964,14,,,2,60,,47954,14,,,1,17,,47961,14,,,2,30,,47962,14,,,2,70,,47955,14,,,2,30,,47960,14,,,1,70,,47967,14,,,1,30,,47965,14,,,1,70,,47940,14,,,2,30,,47968,14,,,2,70,,47941,14,,,1,30,,47956,14,,,1,70,,47942,14,,,1,30,,47938,14,,,1,70,,47943,14,,,1,30,,47939,14,,,2,73,,47966,14,,,1,68,,47949,14,,,2,30,,47951,14,,,2,25,,47950,14,,,1,67,,47953,14,,,1,23,,47958,14,,,1,65,,47957,14,,,1,29,,47959,14,,,1,85,,47944,14,,,1,100,,47945,14,,,1,100,,47946,14,,,1,100,,47947,14,,,1
8501,'Semaine-1-_26ÉTÉ-1111100-',521,,43613,2,,,1,28,,43615,2,,,1,64,,43618,2,,,1,18,,43617,2,,,2,14,,43622,2,,,2,57,,43614,2,,,2,15,,43620,2,,,1,15,,43616,2,,,2,15,,43621,2,,,1,60,,43619,2,,,1
8501,'Semaine-10-_26ÉTÉ-1111100-',521,,43623,2,,,1,28,,43625,2,,,1,64,,43628,2,,,1,18,,43627,2,,,2,14,,43632,2,,,2,57,,43624,2,,,2,15,,43630,2,,,1,15,,43626,2,,,2,15,,43631,2,,,1,60,,43629,2,,,1
8501,'Semaine-11-_26ÉTÉ-1111100-',521,,48095,2,,,1,28,,48097,2,,,1,64,,48100,2,,,1,18,,48099,2,,,2,14,,48104,2,,,2,57,,48096,2,,,2,15,,48102,2,,,1,15,,48098,2,,,2,15,,48103,2,,,1,60,,48101,2,,,1
