1501,'Semaine-4',707,,32612,14,,,2
6401,'Samedi-3',740,,34855,43,,,1,100,,34852,43,,,1,100,,34854,43,,,1,100,,34857,43,,,1,100,,34853,43,,,2,100,,34858,43,,,1,100,,34856,43,,,1,100,,34859,43,,,2,100,,34860,43,,,1,100,,34861,43,,,1,100,,34862,43,,,1
6401,'Dimanche-3',740,,34867,43,,,1,100,,34865,43,,,1,100,,34870,43,,,1,100,,34863,43,,,1,100,,34869,43,,,2,100,,34871,43,,,1,100,,34864,43,,,1,100,,34868,43,,,2,100,,34866,43,,,1,100,,34872,43,,,1,100,,34873,43,,,1
6401,'Semaine-4',539,,34874,43,,,1,108,,34884,43,,,1,100,,34886,43,,,1,100,,34883,43,,,1,97,,34891,43,,,1,99,,34878,43,,,1,101,,34877,43,,,1,100,,34889,43,,,1,100,,34885,43,,,1,100,,34887,43,,,1,157,,34888,52,,,2,45,,34879,43,,,2,97,,34875,43,,,1,101,,34876,43,,,2,97,,34882,43,,,1,100,,34880,43,,,1,100,,34881,43,,,1,100,,34890,43,,,1
6601,'Samedi-3',706,,35093,43,,,1,100,,35095,43,,,1,100,,35099,43,,,1,100,,35096,43,,,2,100,,35100,43,,,1,100,,35094,43,,,1,100,,35097,43,,,1,100,,35098,43,,,1,100,,35101,43,,,2,100,,35102,43,,,1,100,,35103,43,,,1,100,,35104,43,,,1,100,,35105,43,,,1,100,,35107,43,,,1,100,,35106,43,,,1,100,,35108,43,,,1,100,,35109,43,,,1,100,,35110,43,,,2
6601,'Dimanche-3',706,,35112,43,,,1,100,,35116,43,,,1,100,,35117,43,,,1,100,,35118,43,,,2,100,,35120,43,,,1,100,,35111,43,,,1,100,,35119,43,,,1,100,,35113,43,,,1,100,,35114,43,,,2,100,,35115,43,,,1,100,,35124,43,,,1,100,,35126,43,,,1,100,,35122,43,,,1,100,,35123,43,,,1,100,,35121,43,,,1,100,,35125,43,,,1,100,,35127,43,,,1,100,,35128,43,,,2
6601,'Semaine-4',557,,35138,43,,,1,60,,35131,43,,,1,20,,35140,43,,,2,18,,35146,43,,,1,60,,35141,43,,,1,20,,35132,43,,,1,22,,35144,43,,,1,60,,35137,43,,,1,18,,35153,43,,,2,20,,35130,43,,,1,60,,35143,43,,,1,18,,35154,43,,,1,19,,35162,43,,,1,103,,35142,43,,,1,99,,35134,43,,,1,101,,35158,43,,,1,98,,35159,43,,,1,101,,35145,43,,,1,65,,35133,43,,,1,19,,35150,43,,,1,18,,35147,43,,,1,63,,35160,43,,,1,18,,35129,43,,,1,20,,35155,43,,,1,62,,35148,43,,,1,18,,35161,43,,,2,20,,35151,43,,,1,62,,35156,43,,,1,17,,35149,43,,,2,22,,35157,43,,,1,58,,35163,43,,,1,92,,35136,43,,,1,100,,35135,43,,,1,98,,35139,43,,,1,100,,35152,43,,,1
6901,'Samedi-3',823,,35461,23,,,1,100,,35462,23,,,1,100,,35463,23,,,1,100,,35464,23,,,1,100,,35466,23,,,1,100,,35465,23,,,1,100,,35467,23,,,1,100,,35468,23,,,1,100,,35469,23,,,1,100,,35470,23,,,1,100,,35471,23,,,1,100,,35472,23,,,1,100,,35473,23,,,2,100,,35474,23,,,2,100,,35475,23,,,2
6901,'Dimanche-3',823,,35480,23,,,1,100,,35478,23,,,1,100,,35479,23,,,1,100,,35476,23,,,1,100,,35477,23,,,1,100,,35481,23,,,1,100,,35482,23,,,1,100,,35485,23,,,1,100,,35486,23,,,1,100,,35483,23,,,1,100,,35484,23,,,1,100,,35490,23,,,1,100,,35488,23,,,2,100,,35489,23,,,2,100,,35487,23,,,2
6901,'Semaine-4',556,,35495,23,,,1,69,,35509,23,,,1,30,,35498,23,,,1,72,,35506,23,,,2,73,,35494,23,,,1,25,,35499,23,,,1,30,,35512,23,,,1,59,,35500,23,,,1,101,,35501,23,,,2,100,,35502,23,,,2,100,,35503,23,,,2,95,,35504,23,,,2,100,,35505,23,,,2,100,,35510,23,,,2,100,,35491,23,,,2,100,,35507,23,,,1,100,,35508,23,,,1,40,,35497,23,,,1,100,,35496,23,,,1,100,,35511,23,,,1,100,,35493,23,,,1,100,,35492,23,,,1
