2801,'Semaine-1-_26ÉTÉ-1111100-',642,,37428,6,,,1,71,,37429,6,,,1,100,,37427,6,,,2
2801,'Semaine-10-_26ÉTÉ-1111100-',642,,37431,6,,,1,71,,37432,6,,,1,100,,37430,6,,,2
2801,'Semaine-11-_26ÉTÉ-1111100-',642,,45419,6,,,1,71,,45420,6,,,1,100,,45418,6,,,2
2801,'Semaine-5-_26ÉTÉ-1111100-',642,,49990,6,,,1,71,,49991,6,,,1,100,,49989,6,,,2
3901,'Samedi-0-_26ÉTÉ-0000010-',631,,39431,36,,,1,101,,39433,36,,,1,100,,39437,36,,,1,101,,39436,36,,,1,100,,39439,36,,,1,100,,39438,36,,,1,102,,39434,36,,,1,70,,39432,36,,,1,30,,39440,36,,,1,71,,39435,36,,,2,30,,39441,36,,,1,70,,39442,36,,,1,31,,39443,36,,,2,70,,39444,36,,,1,30,,39445,36,,,1,70,,39446,36,,,1,30,,39447,36,,,1,69,,39448,36,,,1,29,,39449,36,,,1,69,,39450,36,,,1,100,,39451,36,,,1,100,,39452,36,,,1,100,,39453,36,,,1,100,,39454,36,,,1
3901,'Dimanche-0-_26ÉTÉ-0000001-',631,,39455,36,,,1,101,,39462,36,,,1,100,,39456,36,,,1,101,,39459,36,,,1,100,,39464,36,,,1,100,,39457,36,,,1,102,,39463,36,,,1,70,,39458,36,,,1,30,,39460,36,,,1,71,,39465,36,,,2,30,,39467,36,,,1,70,,39461,36,,,1,31,,39466,36,,,2,70,,39468,36,,,1,30,,39469,36,,,1,70,,39474,36,,,1,30,,39476,36,,,1,69,,39478,36,,,1,29,,39475,36,,,1,69,,39472,36,,,1,100,,39473,36,,,1,100,,39477,36,,,1,100,,39470,36,,,1,100,,39471,36,,,1
3901,'Dimanche-10-_26ÉTÉ-0000001-',631,,39479,36,,,1,101,,39486,36,,,1,100,,39480,36,,,1,101,,39483,36,,,1,100,,39488,36,,,1,100,,39481,36,,,1,102,,39487,36,,,1,70,,39482,36,,,1,30,,39484,36,,,1,71,,39489,36,,,2,30,,39491,36,,,1,70,,39485,36,,,1,31,,39490,36,,,2,70,,39492,36,,,1,30,,39493,36,,,1,70,,39498,36,,,1,30,,39500,36,,,1,69,,39502,36,,,1,29,,39499,36,,,1,69,,39496,36,,,1,100,,39497,36,,,1,100,,39501,36,,,1,100,,39494,36,,,1,100,,39495,36,,,1
3901,'Dimanche-11-_26ÉTÉ-0000001-',631,,49112,36,,,1,101,,49119,36,,,1,100,,49113,36,,,1,101,,49116,36,,,1,100,,49121,36,,,1,100,,49114,36,,,1,102,,49120,36,,,1,70,,49115,36,,,1,30,,49117,36,,,1,71,,49122,36,,,2,30,,49124,36,,,1,70,,49118,36,,,1,31,,49123,36,,,2,70,,49125,36,,,1,30,,49126,36,,,1,70,,49131,36,,,1,30,,49133,36,,,1,69,,49135,36,,,1,29,,49132,36,,,1,69,,49129,36,,,1,100,,49130,36,,,1,100,,49134,36,,,1,100,,49127,36,,,1,100,,49128,36,,,1
3901,'Semaine-1-_26ÉTÉ-1111100-',655,,39525,36,,,2,68,,39514,36,,,1,35,,39515,36,,,1,74,,39511,36,,,1,71,,39517,36,,,1,30,,39519,36,,,1,70,,39526,36,,,1,30,,39537,36,,,1,70,,39532,36,,,2,30,,39527,36,,,1,70,,39512,36,,,1,33,,39521,36,,,2,69,,39528,36,,,1,29,,39513,36,,,1,70,,39510,36,,,2,33,,39529,36,,,1,70,,39522,36,,,2,32,,39503,36,,,1,71,,39530,36,,,2,33,,39508,36,,,1,68,,39505,36,,,1,30,,39533,36,,,1,67,,39518,36,,,1,32,,39524,36,,,1,69,,39509,36,,,2,31,,39531,36,,,1,65,,39504,36,,,2,26,,39534,36,,,1,70,,39507,36,,,1,30,,39523,36,,,1,72,,39535,36,,,1,30,,39506,36,,,1,70,,39516,36,,,1,30,,39536,36,,,1,70,,39520,36,,,1
3901,'Semaine-10-_26ÉTÉ-1111100-',655,,39560,36,,,2,68,,39549,36,,,1,35,,39550,36,,,1,74,,39546,36,,,1,71,,39552,36,,,1,30,,39554,36,,,1,70,,39561,36,,,1,30,,39572,36,,,1,70,,39567,36,,,2,30,,39562,36,,,1,70,,39547,36,,,1,33,,39556,36,,,2,69,,39563,36,,,1,29,,39548,36,,,1,70,,39545,36,,,2,33,,39564,36,,,1,70,,39557,36,,,2,32,,39538,36,,,1,71,,39565,36,,,2,33,,39543,36,,,1,68,,39540,36,,,1,30,,39568,36,,,1,67,,39553,36,,,1,32,,39559,36,,,1,69,,39544,36,,,2,31,,39566,36,,,1,65,,39539,36,,,2,26,,39569,36,,,1,70,,39542,36,,,1,30,,39558,36,,,1,72,,39570,36,,,1,30,,39541,36,,,1,70,,39551,36,,,1,30,,39571,36,,,1,70,,39555,36,,,1
3901,'Semaine-11-_26ÉTÉ-1111100-',655,,46334,36,,,2,68,,46323,36,,,1,35,,46324,36,,,1,74,,46320,36,,,1,71,,46326,36,,,1,30,,46328,36,,,1,70,,46335,36,,,1,30,,46346,36,,,1,70,,46341,36,,,2,30,,46336,36,,,1,70,,46321,36,,,1,33,,46330,36,,,2,69,,46337,36,,,1,29,,46322,36,,,1,70,,46319,36,,,2,33,,46338,36,,,1,70,,46331,36,,,2,32,,46312,36,,,1,71,,46339,36,,,2,33,,46317,36,,,1,68,,46314,36,,,1,30,,46342,36,,,1,67,,46327,36,,,1,32,,46333,36,,,1,69,,46318,36,,,2,31,,46340,36,,,1,65,,46313,36,,,2,26,,46343,36,,,1,70,,46316,36,,,1,30,,46332,36,,,1,72,,46344,36,,,1,30,,46315,36,,,1,70,,46325,36,,,1,30,,46345,36,,,1,70,,46329,36,,,1
3901,'Semaine-5-_26ÉTÉ-1111100-',655,,50618,36,,,2,68,,50607,36,,,1,35,,50608,36,,,1,74,,50604,36,,,1,71,,50610,36,,,1,30,,50612,36,,,1,70,,50619,36,,,1,30,,50630,36,,,1,70,,50625,36,,,2,30,,50620,36,,,1,70,,50605,36,,,1,33,,50614,36,,,2,69,,50621,36,,,1,29,,50606,36,,,1,70,,50603,36,,,2,33,,50622,36,,,1,70,,50615,36,,,2,32,,50596,36,,,1,71,,50623,36,,,2,33,,50601,36,,,1,68,,50598,36,,,1,30,,50626,36,,,1,67,,50611,36,,,1,32,,50617,36,,,1,69,,50602,36,,,2,31,,50624,36,,,1,65,,50597,36,,,2,26,,50627,36,,,1,70,,50600,36,,,1,30,,50616,36,,,1,72,,50628,36,,,1,30,,50599,36,,,1,70,,50609,36,,,1,30,,50629,36,,,1,70,,50613,36,,,1
5001,'Semaine-1-_26ÉTÉ-1111100-',1619,,39903,10,,,1,100,,39905,10,,,1,99,,39904,10,,,1
5001,'Semaine-10-_26ÉTÉ-1111100-',1619,,39906,10,,,1,100,,39908,10,,,1,99,,39907,10,,,1
5001,'Semaine-11-_26ÉTÉ-1111100-',1619,,46495,10,,,1,100,,46497,10,,,1,99,,46496,10,,,1
5001,'Semaine-5-_26ÉTÉ-1111100-',1619,,50747,10,,,1,100,,50749,10,,,1,99,,50748,10,,,1
63901,'Semaine-5-_26ÉTÉ-1111100-',702,,52283,11,,,1
