2700,'Semaine-1-_26ÉTÉ-1111100-',1613,,37405,27,,,1,30,,37403,27,,,2,67,,37407,27,,,1,31,,37404,27,,,1,68,,37406,27,,,2
2700,'Semaine-10-_26ÉTÉ-1111100-',1613,,37410,27,,,1,30,,37408,27,,,2,67,,37412,27,,,1,31,,37409,27,,,1,68,,37411,27,,,2
2700,'Semaine-11-_26ÉTÉ-1111100-',1613,,45408,27,,,1,30,,45406,27,,,2,67,,45410,27,,,1,31,,45407,27,,,1,68,,45409,27,,,2
2700,'Semaine-5-_26ÉTÉ-1111100-',1613,,49979,27,,,1,30,,49977,27,,,2,67,,49981,27,,,1,31,,49978,27,,,1,68,,49980,27,,,2
3301,'Samedi-0-_26ÉTÉ-0000010-',702,,38084,3,,,1,100,,38085,3,,,1,100,,38082,3,,,2,100,,38088,3,,,1,100,,38089,3,,,1,100,,38083,3,,,1,100,,38086,3,,,1,100,,38087,3,,,1,100,,38090,3,,,1,100,,38091,3,,,1,100,,38092,3,,,1,100,,38099,3,,,1,100,,38093,3,,,1,100,,38094,3,,,1,100,,38095,3,,,1,100,,38096,3,,,1,100,,38097,3,,,1,100,,38098,3,,,1
3301,'Dimanche-0-_26ÉTÉ-0000001-',702,,38104,3,,,1,100,,38105,3,,,1,100,,38106,3,,,2,100,,38100,3,,,1,100,,38101,3,,,1,100,,38102,3,,,1,100,,38103,3,,,1,100,,38108,3,,,1,100,,38109,3,,,1,100,,38107,3,,,1,100,,38110,3,,,1,100,,38113,3,,,1,100,,38117,3,,,1,100,,38111,3,,,1,100,,38112,3,,,1,100,,38115,3,,,1,100,,38114,3,,,1,100,,38116,3,,,1
3301,'Dimanche-10-_26ÉTÉ-0000001-',702,,38122,3,,,1,100,,38123,3,,,1,100,,38124,3,,,2,100,,38118,3,,,1,100,,38119,3,,,1,100,,38120,3,,,1,100,,38121,3,,,1,100,,38126,3,,,1,100,,38127,3,,,1,100,,38125,3,,,1,100,,38128,3,,,1,100,,38131,3,,,1,100,,38135,3,,,1,100,,38129,3,,,1,100,,38130,3,,,1,100,,38133,3,,,1,100,,38132,3,,,1,100,,38134,3,,,1
3301,'Dimanche-11-_26ÉTÉ-0000001-',702,,48907,3,,,1,100,,48908,3,,,1,100,,48909,3,,,2,100,,48903,3,,,1,100,,48904,3,,,1,100,,48905,3,,,1,100,,48906,3,,,1,100,,48911,3,,,1,100,,48912,3,,,1,100,,48910,3,,,1,100,,48913,3,,,1,100,,48916,3,,,1,100,,48920,3,,,1,100,,48914,3,,,1,100,,48915,3,,,1,100,,48918,3,,,1,100,,48917,3,,,1,100,,48919,3,,,1
3301,'Semaine-1-_26ÉTÉ-1111100-',548,,38159,3,,,2,62,,38167,3,,,2,23,,38144,3,,,1,17,,38164,3,,,1,55,,38160,3,,,2,4,,38155,3,,,1,9,,38175,3,,,1,11,,38173,3,,,2,22,,38162,3,,,2,54,,38150,3,,,1,10,,38166,3,,,2,17,,38140,3,,,1,70,,38152,3,,,1,29,,38158,3,,,1,71,,38148,3,,,2,28,,38169,3,,,1,71,,38153,3,,,1,29,,38145,3,,,1,72,,38147,3,,,1,19,,38165,3,,,1,6,,38174,3,,,1,27,,38156,3,,,1,70,,38146,3,,,1,31,,38151,3,,,1,71,,38154,3,,,1,11,,38176,3,,,1,19,,38157,3,,,1,56,,38149,3,,,2,13,,38161,3,,,2,32,,38142,3,,,1,67,,38172,3,,,1,23,,38139,3,,,2,70,,38136,3,,,2,32,,38170,3,,,1,83,,38143,3,,,1,70,,38138,3,,,1,57,,38141,3,,,1,81,,38163,3,,,1,106,,38168,3,,,1,97,,38137,3,,,1,164,,38171,3,,,1
3301,'Semaine-10-_26ÉTÉ-1111100-',548,,38200,3,,,2,62,,38208,3,,,2,23,,38185,3,,,1,17,,38205,3,,,1,55,,38201,3,,,2,4,,38196,3,,,1,9,,38216,3,,,1,11,,38214,3,,,2,22,,38203,3,,,2,54,,38191,3,,,1,10,,38207,3,,,2,17,,38181,3,,,1,70,,38193,3,,,1,29,,38199,3,,,1,71,,38189,3,,,2,28,,38210,3,,,1,71,,38194,3,,,1,29,,38186,3,,,1,72,,38188,3,,,1,19,,38206,3,,,1,6,,38215,3,,,1,27,,38197,3,,,1,70,,38187,3,,,1,31,,38192,3,,,1,71,,38195,3,,,1,11,,38217,3,,,1,19,,38198,3,,,1,56,,38190,3,,,2,13,,38202,3,,,2,32,,38183,3,,,1,67,,38213,3,,,1,23,,38180,3,,,2,70,,38177,3,,,2,32,,38211,3,,,1,83,,38184,3,,,1,70,,38179,3,,,1,57,,38182,3,,,1,81,,38204,3,,,1,106,,38209,3,,,1,97,,38178,3,,,1,164,,38212,3,,,1
3301,'Semaine-11-_26ÉTÉ-1111100-',548,,45759,3,,,2,62,,45767,3,,,2,23,,45744,3,,,1,17,,45764,3,,,1,55,,45760,3,,,2,4,,45755,3,,,1,9,,45775,3,,,1,11,,45773,3,,,2,22,,45762,3,,,2,54,,45750,3,,,1,10,,45766,3,,,2,17,,45740,3,,,1,70,,45752,3,,,1,29,,45758,3,,,1,71,,45748,3,,,2,28,,45769,3,,,1,71,,45753,3,,,1,29,,45745,3,,,1,72,,45747,3,,,1,19,,45765,3,,,1,6,,45774,3,,,1,27,,45756,3,,,1,70,,45746,3,,,1,31,,45751,3,,,1,71,,45754,3,,,1,11,,45776,3,,,1,19,,45757,3,,,1,56,,45749,3,,,2,13,,45761,3,,,2,32,,45742,3,,,1,67,,45772,3,,,1,23,,45739,3,,,2,70,,45736,3,,,2,32,,45770,3,,,1,83,,45743,3,,,1,70,,45738,3,,,1,57,,45741,3,,,1,81,,45763,3,,,1,106,,45768,3,,,1,97,,45737,3,,,1,164,,45771,3,,,1
3301,'Semaine-5-_26ÉTÉ-1111100-',548,,50258,3,,,2,62,,50266,3,,,2,23,,50243,3,,,1,17,,50263,3,,,1,55,,50259,3,,,2,4,,50254,3,,,1,9,,50274,3,,,1,11,,50272,3,,,2,22,,50261,3,,,2,54,,50249,3,,,1,10,,50265,3,,,2,17,,50239,3,,,1,70,,50251,3,,,1,29,,50257,3,,,1,71,,50247,3,,,2,28,,50268,3,,,1,71,,50252,3,,,1,29,,50244,3,,,1,72,,50246,3,,,1,19,,50264,3,,,1,6,,50273,3,,,1,27,,50255,3,,,1,70,,50245,3,,,1,31,,50250,3,,,1,71,,50253,3,,,1,11,,50275,3,,,1,19,,50256,3,,,1,56,,50248,3,,,2,13,,50260,3,,,2,32,,50241,3,,,1,67,,50271,3,,,1,23,,50238,3,,,2,70,,50235,3,,,2,32,,50269,3,,,1,83,,50242,3,,,1,70,,50237,3,,,1,57,,50240,3,,,1,81,,50262,3,,,1,106,,50267,3,,,1,97,,50236,3,,,1,164,,50270,3,,,1
56601,'Semaine-5-_26ÉTÉ-1111100-',710,,52279,28,,,1
56901,'Semaine-5-_26ÉTÉ-1111100-',710,,52280,11,,,1
