2701,'Semaine-4',618,,32666,13,,,1,85,,32667,13,,,1,45,,32664,13,,,1,70,,32665,13,,,1
3300,'Samedi-3',725,,32948,51,,,1,132,,32953,51,,,1,99,,32950,51,,,1,99,,32954,51,,,1,103,,32949,51,,,1,100,,32952,51,,,1,100,,32951,51,,,1,100,,32955,51,,,1,143,,32956,51,,,1,57,,32957,51,,,1,100,,32958,51,,,1,99,,32959,51,,,1,96,,32960,51,,,1,100,,32964,51,,,1,100,,32961,51,,,1,100,,32962,51,,,1,100,,32963,51,,,1,97,,32965,51,,,1
3300,'Dimanche-3',725,,32967,51,,,1,132,,32966,51,,,1,99,,32969,51,,,1,99,,32971,51,,,1,103,,32972,51,,,1,100,,32973,51,,,1,100,,32968,51,,,1,100,,32975,51,,,1,143,,32970,51,,,1,57,,32976,51,,,1,100,,32979,51,,,1,99,,32983,51,,,1,96,,32980,51,,,1,100,,32974,51,,,1,100,,32977,51,,,1,100,,32982,51,,,1,100,,32978,51,,,1,97,,32981,51,,,1
3300,'Semaine-4',659,,33011,45,,,1,76,,33010,52,,,1,22,,33016,52,,,2,55,,32989,52,,,1,23,,33004,52,,,1,21,,33012,52,,,1,45,,33023,52,,,1,9,,33024,52,,,1,30,,33017,52,,,1,15,,32999,52,,,1,50,,33002,52,,,2,8,,33019,51,,,1,29,,33005,51,,,2,67,,32994,51,,,1,31,,33000,51,,,1,68,,32984,51,,,1,31,,33007,51,,,1,69,,32995,51,,,1,33,,33003,51,,,1,59,,33022,51,,,1,6,,33006,51,,,1,28,,33009,51,,,1,71,,32996,51,,,1,15,,33018,44,,,1,16,,33014,51,,,1,79,,33008,51,,,1,13,,32986,51,,,2,17,,32998,51,,,1,58,,33021,51,,,2,13,,33020,51,,,1,11,,33015,44,,,1,21,,32993,51,,,1,64,,32992,51,,,2,22,,32997,51,,,2,67,,32985,51,,,2,27,,32990,51,,,1,72,,33025,44,,,1,40,,33001,51,,,2,95,,32991,51,,,1,80,,32987,51,,,2,104,,33013,51,,,1,98,,33026,51,,,2,25,,32988,51,,,1
33100,'Semaine-4',839,,36467,35,0,7 8,1
43300,'Semaine-4',1506,,37081,22,0,9 14,1,4,,37082,22,0,9 14,1
56600,'Semaine-4',1536,,37101,23,0,5 6,1
56900,'Semaine-4',1536,,37103,23,0,5 6,2
73300,'Semaine-4',1648,,37127,40,,,1
82701,'Semaine-4',754,,37291,13,0,9 12 13,1
