4901,'Samedi-0-_26ÉTÉ-0000010-',755,,39783,56,,,1,100,,39782,56,,,1,100,,39784,56,,,1,102,,39780,56,,,1,100,,39785,56,,,1,102,,39781,56,,,1,99,,39786,56,,,1,143,,39787,56,,,1,99,,39788,56,,,1,100,,39789,56,,,1,100,,39790,56,,,1,54,,39791,56,,,1,102,,39792,56,,,1,100,,39793,56,,,1,100,,39794,56,,,1,98,,39795,56,,,1,99,,39796,56,,,1
4901,'Dimanche-0-_26ÉTÉ-0000001-',755,,39801,56,,,1,100,,39797,56,,,1,100,,39800,56,,,1,102,,39802,56,,,1,100,,39799,56,,,1,102,,39798,56,,,1,99,,39804,56,,,1,143,,39805,56,,,1,99,,39803,56,,,1,100,,39809,56,,,1,100,,39813,56,,,1,54,,39806,56,,,1,102,,39807,56,,,1,100,,39808,56,,,1,100,,39810,56,,,1,98,,39811,56,,,1,99,,39812,56,,,1
4901,'Dimanche-10-_26ÉTÉ-0000001-',755,,39818,56,,,1,100,,39814,56,,,1,100,,39817,56,,,1,102,,39819,56,,,1,100,,39816,56,,,1,102,,39815,56,,,1,99,,39821,56,,,1,143,,39822,56,,,1,99,,39820,56,,,1,100,,39826,56,,,1,100,,39830,56,,,1,54,,39823,56,,,1,102,,39824,56,,,1,100,,39825,56,,,1,100,,39827,56,,,1,98,,39828,56,,,1,99,,39829,56,,,1
4901,'Dimanche-11-_26ÉTÉ-0000001-',755,,49157,56,,,1,100,,49153,56,,,1,100,,49156,56,,,1,102,,49158,56,,,1,100,,49155,56,,,1,102,,49154,56,,,1,99,,49160,56,,,1,143,,49161,56,,,1,99,,49159,56,,,1,100,,49165,56,,,1,100,,49169,56,,,1,54,,49162,56,,,1,102,,49163,56,,,1,100,,49164,56,,,1,100,,49166,56,,,1,98,,49167,56,,,1,99,,49168,56,,,1
4901,'Semaine-1-_26ÉTÉ-1111100-',642,,39836,56,,,1,89,,39841,56,,,1,71,,39857,56,,,1,33,,39853,56,,,1,70,,39851,56,,,1,26,,39860,56,,,1,28,,39843,56,,,1,69,,39858,56,,,1,30,,39855,56,,,1,71,,39831,56,,,1,30,,39852,56,,,1,70,,39832,56,,,1,72,,39837,56,,,1,28,,39839,56,,,1,28,,39844,56,,,1,71,,39859,56,,,1,72,,39842,56,,,1,32,,39861,56,,,1,75,,39845,56,,,1,32,,39848,56,,,1,70,,39838,56,,,1,26,,39840,56,,,1,68,,39856,56,,,1,26,,39850,56,,,1,30,,39854,56,,,1,94,,39833,56,,,1,80,,39849,56,,,1,100,,39847,56,,,1,96,,39834,56,,,1,100,,39846,56,,,1,95,,39835,56,,,1
4901,'Semaine-10-_26ÉTÉ-1111100-',642,,39867,56,,,1,89,,39872,56,,,1,71,,39888,56,,,1,33,,39884,56,,,1,70,,39882,56,,,1,26,,39891,56,,,1,28,,39874,56,,,1,69,,39889,56,,,1,30,,39886,56,,,1,71,,39862,56,,,1,30,,39883,56,,,1,70,,39863,56,,,1,72,,39868,56,,,1,28,,39870,56,,,1,28,,39875,56,,,1,71,,39890,56,,,1,72,,39873,56,,,1,32,,39892,56,,,1,75,,39876,56,,,1,32,,39879,56,,,1,70,,39869,56,,,1,26,,39871,56,,,1,68,,39887,56,,,1,26,,39881,56,,,1,30,,39885,56,,,1,94,,39864,56,,,1,80,,39880,56,,,1,100,,39878,56,,,1,96,,39865,56,,,1,100,,39877,56,,,1,95,,39866,56,,,1
4901,'Semaine-11-_26ÉTÉ-1111100-',642,,46464,56,,,1,89,,46469,56,,,1,71,,46485,56,,,1,33,,46481,56,,,1,70,,46479,56,,,1,26,,46488,56,,,1,28,,46471,56,,,1,69,,46486,56,,,1,30,,46483,56,,,1,71,,46459,56,,,1,30,,46480,56,,,1,70,,46460,56,,,1,72,,46465,56,,,1,28,,46467,56,,,1,28,,46472,56,,,1,71,,46487,56,,,1,72,,46470,56,,,1,32,,46489,56,,,1,75,,46473,56,,,1,32,,46476,56,,,1,70,,46466,56,,,1,26,,46468,56,,,1,68,,46484,56,,,1,26,,46478,56,,,1,30,,46482,56,,,1,94,,46461,56,,,1,80,,46477,56,,,1,100,,46475,56,,,1,96,,46462,56,,,1,100,,46474,56,,,1,95,,46463,56,,,1
4901,'Semaine-5-_26ÉTÉ-1111100-',642,,50716,56,,,1,89,,50721,56,,,1,71,,50737,56,,,1,33,,50733,56,,,1,70,,50731,56,,,1,26,,50740,56,,,1,28,,50723,56,,,1,69,,50738,56,,,1,30,,50735,56,,,1,71,,50711,56,,,1,30,,50732,56,,,1,70,,50712,56,,,1,72,,50717,56,,,1,28,,50719,56,,,1,28,,50724,56,,,1,71,,50739,56,,,1,72,,50722,56,,,1,32,,50741,56,,,1,75,,50725,56,,,1,32,,50728,56,,,1,70,,50718,56,,,1,26,,50720,56,,,1,68,,50736,56,,,1,26,,50730,56,,,1,30,,50734,56,,,1,94,,50713,56,,,1,80,,50729,56,,,1,100,,50727,56,,,1,96,,50714,56,,,1,100,,50726,56,,,1,95,,50715,56,,,1
5500,'Samedi-0-_26ÉTÉ-0000010-',732,,40104,59,,,1,70,,40101,59,,,1,30,,40102,59,,,1,70,,40105,59,,,1,30,,40103,59,,,1,70,,40110,59,,,1,31,,40107,59,,,1,70,,40108,59,,,1,31,,40113,59,,,1,71,,40112,59,,,1,28,,40106,59,,,1,70,,40109,59,,,1,30,,40111,59,,,1,74,,40114,59,,,1,30,,40115,59,,,1,70,,40116,59,,,1,30,,40117,59,,,1,69,,40118,59,,,1,30,,40119,59,,,1,70,,40120,59,,,1,30,,40121,59,,,1,70,,40122,59,,,1,32,,40123,59,,,1,68,,40124,59,,,1,29,,40126,59,,,1,72,,40125,59,,,1,28,,40127,59,,,1,70,,40129,59,,,1,31,,40128,59,,,1,70,,40130,59,,,1,26,,40131,59,,,1,70,,40134,59,,,1,30,,40136,59,,,1,70,,40133,59,,,1,30,,40132,59,,,1,27,,40135,59,,,1
5500,'Dimanche-0-_26ÉTÉ-0000001-',732,,40139,59,,,1,70,,40144,59,,,1,30,,40148,59,,,1,70,,40142,59,,,1,30,,40140,59,,,1,70,,40145,59,,,1,31,,40147,59,,,1,70,,40141,59,,,1,31,,40137,59,,,1,71,,40138,59,,,1,28,,40150,59,,,1,70,,40154,59,,,1,30,,40152,59,,,1,74,,40149,59,,,1,30,,40143,59,,,1,70,,40157,59,,,1,30,,40158,59,,,1,69,,40159,59,,,1,30,,40153,59,,,1,70,,40166,59,,,1,30,,40163,59,,,1,70,,40151,59,,,1,32,,40171,59,,,1,68,,40165,59,,,1,29,,40146,59,,,1,72,,40169,59,,,1,28,,40162,59,,,1,70,,40155,59,,,1,31,,40160,59,,,1,70,,40156,59,,,1,26,,40167,59,,,1,70,,40164,59,,,1,30,,40161,59,,,1,70,,40170,59,,,1,30,,40168,59,,,1,27,,40172,59,,,1
5500,'Dimanche-10-_26ÉTÉ-0000001-',732,,40175,59,,,1,70,,40180,59,,,1,30,,40184,59,,,1,70,,40178,59,,,1,30,,40176,59,,,1,70,,40181,59,,,1,31,,40183,59,,,1,70,,40177,59,,,1,31,,40173,59,,,1,71,,40174,59,,,1,28,,40186,59,,,1,70,,40190,59,,,1,30,,40188,59,,,1,74,,40185,59,,,1,30,,40179,59,,,1,70,,40193,59,,,1,30,,40194,59,,,1,69,,40195,59,,,1,30,,40189,59,,,1,70,,40202,59,,,1,30,,40199,59,,,1,70,,40187,59,,,1,32,,40207,59,,,1,68,,40201,59,,,1,29,,40182,59,,,1,72,,40205,59,,,1,28,,40198,59,,,1,70,,40191,59,,,1,31,,40196,59,,,1,70,,40192,59,,,1,26,,40203,59,,,1,70,,40200,59,,,1,30,,40197,59,,,1,70,,40206,59,,,1,30,,40204,59,,,1,27,,40208,59,,,1
5500,'Dimanche-11-_26ÉTÉ-0000001-',732,,49208,59,,,1,70,,49213,59,,,1,30,,49217,59,,,1,70,,49211,59,,,1,30,,49209,59,,,1,70,,49214,59,,,1,31,,49216,59,,,1,70,,49210,59,,,1,31,,49206,59,,,1,71,,49207,59,,,1,28,,49219,59,,,1,70,,49223,59,,,1,30,,49221,59,,,1,74,,49218,59,,,1,30,,49212,59,,,1,70,,49226,59,,,1,30,,49227,59,,,1,69,,49228,59,,,1,30,,49222,59,,,1,70,,49235,59,,,1,30,,49232,59,,,1,70,,49220,59,,,1,32,,49240,59,,,1,68,,49234,59,,,1,29,,49215,59,,,1,72,,49238,59,,,1,28,,49231,59,,,1,70,,49224,59,,,1,31,,49229,59,,,1,70,,49225,59,,,1,26,,49236,59,,,1,70,,49233,59,,,1,30,,49230,59,,,1,70,,49239,59,,,1,30,,49237,59,,,1,27,,49241,59,,,1
5500,'Semaine-1-_26ÉTÉ-1111100-',630,,40211,59,,,1,107,,40227,59,,,1,102,,40210,59,,,1,96,,40246,59,,,1,68,,40247,59,,,1,30,,40216,59,,,1,70,,40226,59,,,1,30,,40230,59,,,1,72,,40252,59,,,1,30,,40212,59,,,1,70,,40251,59,,,1,30,,40229,59,,,1,70,,40244,59,,,1,30,,40238,59,,,1,67,,40245,59,,,1,16,,40231,59,,,1,17,,40209,59,,,1,14,,40250,59,,,1,58,,40220,59,,,1,15,,40253,59,,,1,13,,40241,59,,,1,10,,40213,59,,,1,13,,40224,59,,,1,54,,40256,59,,,1,13,,40249,59,,,1,11,,40215,59,,,1,11,,40232,59,,,1,11,,40225,59,,,1,49,,40254,59,,,1,10,,40239,59,,,1,7,,40219,59,,,1,12,,40214,59,,,1,10,,40255,59,,,1,12,,40223,59,,,1,51,,40218,59,,,1,10,,40228,59,,,1,30,,40243,59,,,1,69,,40248,59,,,1,31,,40235,59,,,1,69,,40221,59,,,1,30,,40242,59,,,1,67,,40233,59,,,1,28,,40236,59,,,1,69,,40222,59,,,1,30,,40237,59,,,1,67,,40234,59,,,1,29,,40217,59,,,1,70,,40240,59,,,1
5500,'Semaine-10-_26ÉTÉ-1111100-',630,,40259,59,,,1,107,,40275,59,,,1,102,,40258,59,,,1,96,,40294,59,,,1,68,,40295,59,,,1,30,,40264,59,,,1,70,,40274,59,,,1,30,,40278,59,,,1,72,,40300,59,,,1,30,,40260,59,,,1,70,,40299,59,,,1,30,,40277,59,,,1,70,,40292,59,,,1,30,,40286,59,,,1,67,,40293,59,,,1,16,,40279,59,,,1,17,,40257,59,,,1,14,,40298,59,,,1,58,,40268,59,,,1,15,,40301,59,,,1,13,,40289,59,,,1,10,,40261,59,,,1,13,,40272,59,,,1,54,,40304,59,,,1,13,,40297,59,,,1,11,,40263,59,,,1,11,,40280,59,,,1,11,,40273,59,,,1,49,,40302,59,,,1,10,,40287,59,,,1,7,,40267,59,,,1,12,,40262,59,,,1,10,,40303,59,,,1,12,,40271,59,,,1,51,,40266,59,,,1,10,,40276,59,,,1,30,,40291,59,,,1,69,,40296,59,,,1,31,,40283,59,,,1,69,,40269,59,,,1,30,,40290,59,,,1,67,,40281,59,,,1,28,,40284,59,,,1,69,,40270,59,,,1,30,,40285,59,,,1,67,,40282,59,,,1,29,,40265,59,,,1,70,,40288,59,,,1
5500,'Semaine-11-_26ÉTÉ-1111100-',630,,46614,59,,,1,107,,46630,59,,,1,102,,46613,59,,,1,96,,46649,59,,,1,68,,46650,59,,,1,30,,46619,59,,,1,70,,46629,59,,,1,30,,46633,59,,,1,72,,46655,59,,,1,30,,46615,59,,,1,70,,46654,59,,,1,30,,46632,59,,,1,70,,46647,59,,,1,30,,46641,59,,,1,67,,46648,59,,,1,16,,46634,59,,,1,17,,46612,59,,,1,14,,46653,59,,,1,58,,46623,59,,,1,15,,46656,59,,,1,13,,46644,59,,,1,10,,46616,59,,,1,13,,46627,59,,,1,54,,46659,59,,,1,13,,46652,59,,,1,11,,46618,59,,,1,11,,46635,59,,,1,11,,46628,59,,,1,49,,46657,59,,,1,10,,46642,59,,,1,7,,46622,59,,,1,12,,46617,59,,,1,10,,46658,59,,,1,12,,46626,59,,,1,51,,46621,59,,,1,10,,46631,59,,,1,30,,46646,59,,,1,69,,46651,59,,,1,31,,46638,59,,,1,69,,46624,59,,,1,30,,46645,59,,,1,67,,46636,59,,,1,28,,46639,59,,,1,69,,46625,59,,,1,30,,46640,59,,,1,67,,46637,59,,,1,29,,46620,59,,,1,70,,46643,59,,,1
5500,'Semaine-5-_26ÉTÉ-1111100-',630,,50794,59,,,1,107,,50810,59,,,1,102,,50793,59,,,1,96,,50829,59,,,1,68,,50830,59,,,1,30,,50799,59,,,1,70,,50809,59,,,1,30,,50813,59,,,1,72,,50835,59,,,1,30,,50795,59,,,1,70,,50834,59,,,1,30,,50812,59,,,1,70,,50827,59,,,1,30,,50821,59,,,1,67,,50828,59,,,1,16,,50814,59,,,1,17,,50792,59,,,1,14,,50833,59,,,1,58,,50803,59,,,1,15,,50836,59,,,1,13,,50824,59,,,1,10,,50796,59,,,1,13,,50807,59,,,1,54,,50839,59,,,1,13,,50832,59,,,1,11,,50798,59,,,1,11,,50815,59,,,1,11,,50808,59,,,1,49,,50837,59,,,1,10,,50822,59,,,1,7,,50802,59,,,1,12,,50797,59,,,1,10,,50838,59,,,1,12,,50806,59,,,1,51,,50801,59,,,1,10,,50811,59,,,1,30,,50826,59,,,1,69,,50831,59,,,1,31,,50818,59,,,1,69,,50804,59,,,1,30,,50825,59,,,1,67,,50816,59,,,1,28,,50819,59,,,1,69,,50805,59,,,1,30,,50820,59,,,1,67,,50817,59,,,1,29,,50800,59,,,1,70,,50823,59,,,1
