3300,'Samedi-0-_26ÉTÉ-0000010-',719,,37942,42,,,1,132,,37947,42,,,1,99,,37944,42,,,1,99,,37948,42,,,1,103,,37943,42,,,1,100,,37946,42,,,1,100,,37945,42,,,1,100,,37949,42,,,1,103,,37950,42,,,1,97,,37951,42,,,1,100,,37952,42,,,1,99,,37953,42,,,1,96,,37954,42,,,1,100,,37958,42,,,1,100,,37955,42,,,1,100,,37956,42,,,1,100,,37957,42,,,1,97,,37959,42,,,1
3300,'Dimanche-0-_26ÉTÉ-0000001-',719,,37961,42,,,1,132,,37960,42,,,1,99,,37963,42,,,1,99,,37965,42,,,1,103,,37966,42,,,1,100,,37967,42,,,1,100,,37962,42,,,1,100,,37969,42,,,1,103,,37964,42,,,1,97,,37970,42,,,1,100,,37973,42,,,1,99,,37977,42,,,1,96,,37974,42,,,1,100,,37968,42,,,1,100,,37971,42,,,1,100,,37976,42,,,1,100,,37972,42,,,1,97,,37975,42,,,1
3300,'Dimanche-10-_26ÉTÉ-0000001-',719,,37979,42,,,1,132,,37978,42,,,1,99,,37981,42,,,1,99,,37983,42,,,1,103,,37984,42,,,1,100,,37985,42,,,1,100,,37980,42,,,1,100,,37987,42,,,1,103,,37982,42,,,1,97,,37988,42,,,1,100,,37991,42,,,1,99,,37995,42,,,1,96,,37992,42,,,1,100,,37986,42,,,1,100,,37989,42,,,1,100,,37994,42,,,1,100,,37990,42,,,1,97,,37993,42,,,1
3300,'Dimanche-11-_26ÉTÉ-0000001-',719,,48886,42,,,1,132,,48885,42,,,1,99,,48888,42,,,1,99,,48890,42,,,1,103,,48891,42,,,1,100,,48892,42,,,1,100,,48887,42,,,1,100,,48894,42,,,1,103,,48889,42,,,1,97,,48895,42,,,1,100,,48898,42,,,1,99,,48902,42,,,1,96,,48899,42,,,1,100,,48893,42,,,1,100,,48896,42,,,1,100,,48901,42,,,1,100,,48897,42,,,1,97,,48900,42,,,1
3300,'Semaine-1-_26ÉTÉ-1111100-',653,,38023,36,,,1,76,,38022,43,,,2,22,,38028,43,,,2,55,,38001,43,,,2,22,,38016,43,,,2,23,,38024,43,,,2,4,,38035,43,,,1,49,,38036,43,,,1,33,,38029,43,,,2,12,,38011,43,,,1,10,,38014,43,,,2,48,,38031,42,,,1,29,,38017,42,,,1,67,,38006,42,,,1,31,,38012,42,,,2,68,,37996,42,,,1,31,,38019,42,,,1,69,,38007,42,,,1,32,,38015,42,,,1,20,,38034,42,,,1,46,,38018,42,,,1,28,,38021,42,,,1,30,,38008,42,,,1,55,,38030,35,,,1,16,,38026,42,,,1,79,,38020,42,,,1,12,,37998,42,,,1,19,,38010,42,,,1,17,,38033,42,,,2,53,,38032,42,,,2,12,,38027,35,,,1,21,,38005,42,,,1,67,,38004,42,,,1,21,,38009,42,,,2,25,,37997,42,,,2,67,,38002,42,,,1,32,,38037,35,,,1,80,,38013,42,,,1,95,,38003,42,,,1,80,,37999,42,,,1,105,,38025,42,,,1,97,,38038,42,,,1,25,,38000,42,,,1
3300,'Semaine-10-_26ÉTÉ-1111100-',653,,38066,36,,,1,76,,38065,43,,,2,22,,38071,43,,,2,55,,38044,43,,,2,22,,38059,43,,,2,23,,38067,43,,,2,4,,38078,43,,,1,49,,38079,43,,,1,33,,38072,43,,,2,12,,38054,43,,,1,10,,38057,43,,,2,48,,38074,42,,,1,29,,38060,42,,,1,67,,38049,42,,,1,31,,38055,42,,,2,68,,38039,42,,,1,31,,38062,42,,,1,69,,38050,42,,,1,32,,38058,42,,,1,20,,38077,42,,,1,46,,38061,42,,,1,28,,38064,42,,,1,30,,38051,42,,,1,55,,38073,35,,,1,16,,38069,42,,,1,79,,38063,42,,,1,12,,38041,42,,,1,19,,38053,42,,,1,17,,38076,42,,,2,53,,38075,42,,,2,12,,38070,35,,,1,21,,38048,42,,,1,67,,38047,42,,,1,21,,38052,42,,,2,25,,38040,42,,,2,67,,38045,42,,,1,32,,38080,35,,,1,80,,38056,42,,,1,95,,38046,42,,,1,80,,38042,42,,,1,105,,38068,42,,,1,97,,38081,42,,,1,25,,38043,42,,,1
3300,'Semaine-11-_26ÉTÉ-1111100-',653,,45702,36,,,1,76,,45701,43,,,2,22,,45707,43,,,2,55,,45680,43,,,2,22,,45695,43,,,2,23,,45703,43,,,2,4,,45714,43,,,1,49,,45715,43,,,1,33,,45708,43,,,2,12,,45690,43,,,1,10,,45693,43,,,2,48,,45710,42,,,1,29,,45696,42,,,1,67,,45685,42,,,1,31,,45691,42,,,2,68,,45675,42,,,1,31,,45698,42,,,1,69,,45686,42,,,1,32,,45694,42,,,1,20,,45713,42,,,1,46,,45697,42,,,1,28,,45700,42,,,1,30,,45687,42,,,1,55,,45709,35,,,1,16,,45705,42,,,1,79,,45699,42,,,1,12,,45677,42,,,1,19,,45689,42,,,1,17,,45712,42,,,2,53,,45711,42,,,2,12,,45706,35,,,1,21,,45684,42,,,1,67,,45683,42,,,1,21,,45688,42,,,2,25,,45676,42,,,2,67,,45681,42,,,1,32,,45716,35,,,1,80,,45692,42,,,1,95,,45682,42,,,1,80,,45678,42,,,1,105,,45704,42,,,1,97,,45717,42,,,1,25,,45679,42,,,1
3300,'Semaine-5-_26ÉTÉ-1111100-',653,,50219,36,,,1,76,,50218,43,,,2,22,,50224,43,,,2,55,,50197,43,,,2,22,,50212,43,,,2,23,,50220,43,,,2,4,,50231,43,,,1,49,,50232,43,,,1,33,,50225,43,,,2,12,,50207,43,,,1,10,,50210,43,,,2,48,,50227,42,,,1,29,,50213,42,,,1,67,,50202,42,,,1,31,,50208,42,,,2,68,,50192,42,,,1,31,,50215,42,,,1,69,,50203,42,,,1,32,,50211,42,,,1,20,,50230,42,,,1,46,,50214,42,,,1,28,,50217,42,,,1,30,,50204,42,,,1,55,,50226,35,,,1,16,,50222,42,,,1,79,,50216,42,,,1,12,,50194,42,,,1,19,,50206,42,,,1,17,,50229,42,,,2,53,,50228,42,,,2,12,,50223,35,,,1,21,,50201,42,,,1,67,,50200,42,,,1,21,,50205,42,,,2,25,,50193,42,,,2,67,,50198,42,,,1,32,,50233,35,,,1,80,,50209,42,,,1,95,,50199,42,,,1,80,,50195,42,,,1,105,,50221,42,,,1,97,,50234,42,,,1,25,,50196,42,,,1
3500,'Semaine-1-_26ÉTÉ-1111100-',1538,,38556,44,,,2,110,,38561,44,,,2,68,,38565,44,,,1,93,,38547,44,,,1,101,,38576,44,,,2,95,,38550,44,,,1,24,,38554,44,,,1,103,,38568,44,,,1,100,,38572,44,,,2
3500,'Semaine-10-_26ÉTÉ-1111100-',1538,,38593,44,,,2,110,,38598,44,,,2,68,,38602,44,,,1,93,,38584,44,,,1,101,,38613,44,,,2,95,,38587,44,,,1,24,,38591,44,,,1,103,,38605,44,,,1,100,,38609,44,,,2
3500,'Semaine-11-_26ÉTÉ-1111100-',1538,,45921,44,,,2,110,,45926,44,,,2,68,,45930,44,,,1,93,,45912,44,,,1,101,,45941,44,,,2,95,,45915,44,,,1,24,,45919,44,,,1,103,,45933,44,,,1,100,,45937,44,,,2
3500,'Semaine-5-_26ÉTÉ-1111100-',1538,,50354,44,,,2,110,,50359,44,,,2,68,,50363,44,,,1,93,,50345,44,,,1,101,,50374,44,,,2,95,,50348,44,,,1,24,,50352,44,,,1,103,,50366,44,,,1,100,,50370,44,,,2
