2601,'Semaine-1-_26ÉTÉ-1111100-',557,,37394,12,,,1,72,,37396,12,,,1,71,,37397,12,,,1,24,,37395,12,,,1,35,,37393,12,,,2
2601,'Semaine-10-_26ÉTÉ-1111100-',557,,37399,12,,,1,72,,37401,12,,,1,71,,37402,12,,,1,24,,37400,12,,,1,35,,37398,12,,,2
2601,'Semaine-11-_26ÉTÉ-1111100-',557,,45402,12,,,1,72,,45404,12,,,1,71,,45405,12,,,1,24,,45403,12,,,1,35,,45401,12,,,2
2601,'Semaine-12-_26ÉTÉ-1111100-',557,,52410,12,,,1,72,,52412,12,,,1,71,,52413,12,,,1,24,,52411,12,,,1,35,,52409,12,,,2
2601,'Semaine-5-_26ÉTÉ-1111100-',557,,49973,12,,,1,72,,49975,12,,,1,71,,49976,12,,,1,24,,49974,12,,,1,35,,49972,12,,,2
3900,'Samedi-0-_26ÉTÉ-0000010-',652,,39287,23,,,1,101,,39288,23,,,1,100,,39292,23,,,1,101,,39291,23,,,1,100,,39294,23,,,1,100,,39293,23,,,1,102,,39289,23,,,1,70,,39290,23,,,1,30,,39295,23,,,1,71,,39296,23,,,2,30,,39297,23,,,1,70,,39298,23,,,1,31,,39299,23,,,2,70,,39300,23,,,1,30,,39301,23,,,1,70,,39302,23,,,1,30,,39303,23,,,1,69,,39304,23,,,1,29,,39305,23,,,1,68,,39306,23,,,1,100,,39307,23,,,1,100,,39308,23,,,1,100,,39309,23,,,1,100,,39310,23,,,1
3900,'Dimanche-0-_26ÉTÉ-0000001-',652,,39311,23,,,1,101,,39318,23,,,1,100,,39312,23,,,1,101,,39314,23,,,1,100,,39320,23,,,1,100,,39313,23,,,1,102,,39319,23,,,1,70,,39315,23,,,1,30,,39316,23,,,1,71,,39321,23,,,2,30,,39323,23,,,1,70,,39317,23,,,1,31,,39322,23,,,2,70,,39324,23,,,1,30,,39325,23,,,1,70,,39331,23,,,1,30,,39332,23,,,1,69,,39334,23,,,1,29,,39330,23,,,1,68,,39328,23,,,1,100,,39329,23,,,1,100,,39333,23,,,1,100,,39326,23,,,1,100,,39327,23,,,1
3900,'Dimanche-10-_26ÉTÉ-0000001-',652,,39335,23,,,1,101,,39342,23,,,1,100,,39336,23,,,1,101,,39338,23,,,1,100,,39344,23,,,1,100,,39337,23,,,1,102,,39343,23,,,1,70,,39339,23,,,1,30,,39340,23,,,1,71,,39345,23,,,2,30,,39347,23,,,1,70,,39341,23,,,1,31,,39346,23,,,2,70,,39348,23,,,1,30,,39349,23,,,1,70,,39355,23,,,1,30,,39356,23,,,1,69,,39358,23,,,1,29,,39354,23,,,1,68,,39352,23,,,1,100,,39353,23,,,1,100,,39357,23,,,1,100,,39350,23,,,1,100,,39351,23,,,1
3900,'Dimanche-11-_26ÉTÉ-0000001-',652,,49088,23,,,1,101,,49095,23,,,1,100,,49089,23,,,1,101,,49091,23,,,1,100,,49097,23,,,1,100,,49090,23,,,1,102,,49096,23,,,1,70,,49092,23,,,1,30,,49093,23,,,1,71,,49098,23,,,2,30,,49100,23,,,1,70,,49094,23,,,1,31,,49099,23,,,2,70,,49101,23,,,1,30,,49102,23,,,1,70,,49108,23,,,1,30,,49109,23,,,1,69,,49111,23,,,1,29,,49107,23,,,1,68,,49105,23,,,1,100,,49106,23,,,1,100,,49110,23,,,1,100,,49103,23,,,1,100,,49104,23,,,1
3900,'Semaine-1-_26ÉTÉ-1111100-',628,,39376,23,,,2,26,,39362,23,,,1,70,,39381,23,,,2,28,,39374,23,,,1,72,,39375,23,,,1,33,,39373,23,,,1,72,,39370,23,,,1,30,,39387,23,,,1,70,,39382,23,,,1,71,,39394,23,,,1,30,,39379,23,,,2,71,,39383,23,,,1,29,,39371,23,,,1,72,,39369,23,,,2,29,,39384,23,,,1,69,,39372,23,,,1,30,,39359,23,,,2,72,,39385,23,,,1,35,,39366,23,,,2,70,,39368,23,,,1,30,,39386,23,,,2,74,,39365,23,,,1,27,,39360,23,,,1,70,,39388,23,,,1,26,,39367,23,,,1,71,,39361,23,,,1,29,,39389,23,,,2,72,,39364,23,,,1,25,,39380,23,,,2,26,,39390,23,,,1,70,,39363,23,,,1,30,,39378,23,,,1,70,,39391,23,,,1,30,,39377,23,,,1,70,,39393,23,,,1,30,,39392,23,,,1
3900,'Semaine-10-_26ÉTÉ-1111100-',628,,39412,23,,,2,26,,39398,23,,,1,70,,39417,23,,,2,28,,39410,23,,,1,72,,39411,23,,,1,33,,39409,23,,,1,72,,39406,23,,,1,30,,39423,23,,,1,70,,39418,23,,,1,71,,39430,23,,,1,30,,39415,23,,,2,71,,39419,23,,,1,29,,39407,23,,,1,72,,39405,23,,,2,29,,39420,23,,,1,69,,39408,23,,,1,30,,39395,23,,,2,72,,39421,23,,,1,35,,39402,23,,,2,70,,39404,23,,,1,30,,39422,23,,,2,74,,39401,23,,,1,27,,39396,23,,,1,70,,39424,23,,,1,26,,39403,23,,,1,71,,39397,23,,,1,29,,39425,23,,,2,72,,39400,23,,,1,25,,39416,23,,,2,26,,39426,23,,,1,70,,39399,23,,,1,30,,39414,23,,,1,70,,39427,23,,,1,30,,39413,23,,,1,70,,39429,23,,,1,30,,39428,23,,,1
3900,'Semaine-11-_26ÉTÉ-1111100-',628,,46269,23,,,2,26,,46255,23,,,1,70,,46274,23,,,2,28,,46267,23,,,1,72,,46268,23,,,1,33,,46266,23,,,1,72,,46263,23,,,1,30,,46280,23,,,1,70,,46275,23,,,1,71,,46287,23,,,1,30,,46272,23,,,2,71,,46276,23,,,1,29,,46264,23,,,1,72,,46262,23,,,2,29,,46277,23,,,1,69,,46265,23,,,1,30,,46252,23,,,2,72,,46278,23,,,1,35,,46259,23,,,2,70,,46261,23,,,1,30,,46279,23,,,2,74,,46258,23,,,1,27,,46253,23,,,1,70,,46281,23,,,1,26,,46260,23,,,1,71,,46254,23,,,1,29,,46282,23,,,2,72,,46257,23,,,1,25,,46273,23,,,2,26,,46283,23,,,1,70,,46256,23,,,1,30,,46271,23,,,1,70,,46284,23,,,1,30,,46270,23,,,1,70,,46286,23,,,1,30,,46285,23,,,1
3900,'Semaine-12-_26ÉTÉ-1111100-',628,,53013,23,,,2,26,,52999,23,,,1,70,,53018,23,,,2,28,,53011,23,,,1,72,,53012,23,,,1,33,,53010,23,,,1,72,,53007,23,,,1,30,,53024,23,,,1,70,,53019,23,,,1,71,,53031,23,,,1,30,,53016,23,,,2,71,,53020,23,,,1,29,,53008,23,,,1,72,,53006,23,,,2,29,,53021,23,,,1,69,,53009,23,,,1,30,,52996,23,,,2,72,,53022,23,,,1,35,,53003,23,,,2,70,,53005,23,,,1,30,,53023,23,,,2,74,,53002,23,,,1,27,,52997,23,,,1,70,,53025,23,,,1,26,,53004,23,,,1,71,,52998,23,,,1,29,,53026,23,,,2,72,,53001,23,,,1,25,,53017,23,,,2,26,,53027,23,,,1,70,,53000,23,,,1,30,,53015,23,,,1,70,,53028,23,,,1,30,,53014,23,,,1,70,,53030,23,,,1,30,,53029,23,,,1
3900,'Semaine-5-_26ÉTÉ-1111100-',628,,50577,23,,,2,26,,50563,23,,,1,70,,50582,23,,,2,28,,50575,23,,,1,72,,50576,23,,,1,33,,50574,23,,,1,72,,50571,23,,,1,30,,50588,23,,,1,70,,50583,23,,,1,71,,50595,23,,,1,30,,50580,23,,,2,71,,50584,23,,,1,29,,50572,23,,,1,72,,50570,23,,,2,29,,50585,23,,,1,69,,50573,23,,,1,30,,50560,23,,,2,72,,50586,23,,,1,35,,50567,23,,,2,70,,50569,23,,,1,30,,50587,23,,,2,74,,50566,23,,,1,27,,50561,23,,,1,70,,50589,23,,,1,26,,50568,23,,,1,71,,50562,23,,,1,29,,50590,23,,,2,72,,50565,23,,,1,25,,50581,23,,,2,26,,50591,23,,,1,70,,50564,23,,,1,30,,50579,23,,,1,70,,50592,23,,,1,30,,50578,23,,,1,70,,50594,23,,,1,30,,50593,23,,,1
