6500,'Samedi-0-_26ÉTÉ-0000010-',650,,29237,4,,,1,100,,29240,4,,,1,100,,29236,4,,,1,100,,29239,4,,,1,100,,29243,4,,,1,100,,29238,4,,,2,100,,29241,4,,,1,100,,29242,4,,,1,100,,29244,4,,,2,100,,29245,4,,,1,100,,29246,4,,,1,100,,29247,4,,,1,100,,29248,4,,,1,100,,29249,4,,,1,100,,29250,4,,,2,100,,29251,4,,,2,100,,29252,4,,,2
6500,'Dimanche-0-_26ÉTÉ-0000001-',650,,29254,4,,,1,100,,29257,4,,,1,100,,29256,4,,,1,100,,29260,4,,,1,100,,29262,4,,,1,100,,29259,4,,,2,100,,29261,4,,,1,100,,29253,4,,,1,100,,29258,4,,,2,100,,29255,4,,,1,100,,29263,4,,,1,100,,29268,4,,,1,100,,29266,4,,,1,100,,29269,4,,,1,100,,29264,4,,,2,100,,29267,4,,,2,100,,29265,4,,,2
6500,'Semaine-1-_26ÉTÉ-1111100-',515,,25785,4,,,1,31,,25786,4,,,2,68,,25774,4,,,1,20,,25798,4,,,1,15,,25766,4,,,2,60,,25779,4,,,1,19,,25799,4,,,1,20,,25781,4,,,1,60,,25787,4,,,1,22,,25775,4,,,2,15,,25795,4,,,1,65,,25768,4,,,2,30,,25796,4,,,2,100,,25767,4,,,1,100,,25776,4,,,1,99,,25770,4,,,2,100,,25797,4,,,1,100,,25789,4,,,1,70,,25780,4,,,2,20,,25771,4,,,1,26,,25778,4,,,1,62,,25792,4,,,2,18,,25769,4,,,2,22,,25794,4,,,1,60,,25772,4,,,1,8,,25793,4,,,1,30,,25765,4,,,1,63,,25773,4,,,2,20,,25788,4,,,1,63,,25782,4,,,1,30,,25791,4,,,1,105,,25790,4,,,1,100,,25783,4,,,1,100,,25777,4,,,1,100,,25784,4,,,1
6500,'Semaine-10-_26ÉTÉ-1111100-',515,,29290,4,,,1,31,,29291,4,,,2,68,,29279,4,,,1,20,,29303,4,,,1,15,,29271,4,,,2,60,,29284,4,,,1,19,,29304,4,,,1,20,,29286,4,,,1,60,,29292,4,,,1,22,,29280,4,,,2,15,,29300,4,,,1,65,,29273,4,,,2,30,,29301,4,,,2,100,,29272,4,,,1,100,,29281,4,,,1,99,,29275,4,,,2,100,,29302,4,,,1,100,,29294,4,,,1,70,,29285,4,,,2,20,,29276,4,,,1,26,,29283,4,,,1,62,,29297,4,,,2,18,,29274,4,,,2,22,,29299,4,,,1,60,,29277,4,,,1,8,,29298,4,,,1,30,,29270,4,,,1,63,,29278,4,,,2,20,,29293,4,,,2,63,,29287,4,,,1,30,,29296,4,,,1,105,,29295,4,,,1,100,,29288,4,,,1,100,,29282,4,,,1,100,,29289,4,,,1
6601,'Samedi-0-_26ÉTÉ-0000010-',642,,29437,3,,,1,100,,29439,3,,,1,100,,29443,3,,,1,100,,29440,3,,,2,100,,29444,3,,,1,100,,29438,3,,,1,100,,29441,3,,,1,100,,29442,3,,,1,100,,29445,3,,,2,100,,29446,3,,,1,100,,29447,3,,,1,100,,29448,3,,,1,100,,29449,3,,,1,100,,29451,3,,,1,100,,29450,3,,,1,100,,29452,3,,,1,100,,29453,3,,,1,100,,29454,3,,,2
6601,'Dimanche-0-_26ÉTÉ-0000001-',642,,29456,3,,,1,100,,29460,3,,,1,100,,29461,3,,,1,100,,29462,3,,,2,100,,29464,3,,,1,100,,29455,3,,,1,100,,29463,3,,,1,100,,29457,3,,,1,100,,29458,3,,,2,100,,29459,3,,,1,100,,29468,3,,,1,100,,29470,3,,,1,100,,29466,3,,,1,100,,29467,3,,,1,100,,29465,3,,,1,100,,29469,3,,,1,100,,29471,3,,,1,100,,29472,3,,,2
6601,'Semaine-1-_26ÉTÉ-1111100-',533,,25873,3,,,2,20,,25866,3,,,2,60,,25875,3,,,2,16,,25881,3,,,1,20,,25876,3,,,2,60,,25867,3,,,2,20,,25879,3,,,2,20,,25872,3,,,2,60,,25888,3,,,1,20,,25865,3,,,2,20,,25878,3,,,2,60,,25889,3,,,2,20,,25897,3,,,2,100,,25877,3,,,1,100,,25869,3,,,2,100,,25893,3,,,1,100,,25894,3,,,2,101,,25880,3,,,2,23,,25868,3,,,2,59,,25885,3,,,2,17,,25882,3,,,1,21,,25895,3,,,2,60,,25864,3,,,1,20,,25890,3,,,2,20,,25883,3,,,2,61,,25896,3,,,2,19,,25886,3,,,1,20,,25891,3,,,2,60,,25884,3,,,1,20,,25892,3,,,2,19,,25898,3,,,1,100,,25871,3,,,1,100,,25870,3,,,1,95,,25874,3,,,1,100,,25887,3,,,1
6601,'Semaine-10-_26ÉTÉ-1111100-',533,,29482,3,,,2,20,,29475,3,,,2,60,,29484,3,,,2,16,,29490,3,,,1,20,,29485,3,,,2,60,,29476,3,,,2,20,,29488,3,,,2,20,,29481,3,,,2,60,,29497,3,,,1,20,,29474,3,,,2,20,,29487,3,,,2,60,,29498,3,,,2,20,,29506,3,,,2,100,,29486,3,,,1,100,,29478,3,,,2,100,,29502,3,,,1,100,,29503,3,,,2,101,,29489,3,,,2,23,,29477,3,,,2,59,,29494,3,,,2,17,,29491,3,,,1,21,,29504,3,,,2,60,,29473,3,,,1,20,,29499,3,,,2,20,,29492,3,,,2,61,,29505,3,,,2,19,,29495,3,,,1,20,,29500,3,,,2,60,,29493,3,,,1,20,,29501,3,,,2,19,,29507,3,,,1,100,,29480,3,,,1,100,,29479,3,,,1,95,,29483,3,,,1,100,,29496,3,,,1
8500,'Semaine-1-_26ÉTÉ-1111100-',1532,,26463,23,,,1,20,,26458,23,,,2,56,,26455,23,,,1,16,,26464,23,,,2,15,,26454,23,,,1,13,,26457,23,,,1,56,,26462,23,,,2,19,,26460,23,,,1,17,,26459,23,,,2,61,,26456,23,,,1,16,,26461,23,,,2
8500,'Semaine-10-_26ÉTÉ-1111100-',1532,,30534,23,,,1,20,,30529,23,,,2,56,,30526,23,,,1,16,,30535,23,,,2,15,,30525,23,,,1,13,,30528,23,,,1,56,,30533,23,,,2,19,,30531,23,,,1,17,,30530,23,,,1,61,,30527,23,,,1,16,,30532,23,,,2
