3200,'Semaine-0',644,,5050,30,,,1,70,,5049,30,,,1,30,,5045,30,,,1,72,,5047,30,,,1,29,,5046,30,,,1,70,,5048,30,,,1,30,,5021,30,,,1,70,,5016,30,,,2,30,,5017,30,,,2,70,,5028,30,,,1,30,,5022,30,,,1,68,,5008,30,,,1,31,,5009,30,,,1,71,,5020,30,,,1,30,,5023,30,,,1,69,,5029,30,,,1,31,,5010,30,,,1,70,,5055,30,,,1,17,,5007,30,,,2,10,,5037,30,,,1,12,,5027,30,,,1,50,,5033,30,,,1,10,,5034,30,,,1,10,,5052,30,,,1,10,,5053,30,,,1,10,,5054,30,,,1,10,,5051,30,,,2,50,,5024,30,,,2,10,,5035,30,,,1,10,,5043,30,,,1,10,,5036,30,,,2,9,,5013,30,,,2,9,,5044,30,,,2,51,,5030,30,,,1,10,,5032,30,,,2,10,,5031,30,,,2,19,,5025,30,,,1,65,,5019,30,,,1,30,,5014,30,,,2,70,,5011,30,,,1,30,,5026,30,,,1,68,,5018,30,,,1,32,,5015,30,,,2,70,,5012,30,,,1,30,,5038,30,,,1,70,,5039,30,,,1,25,,5040,30,,,2,70,,5041,30,,,1,30,,5042,30,,,1
3400,'Samedi-0',753,,5336,44,,,1,104,,5341,44,,,1,70,,5337,44,,,2,31,,5343,44,,,1,70,,5344,44,,,1,31,,5338,44,,,1,70,,5339,44,,,1,30,,5340,44,,,1,70,,5342,44,,,2,71,,5345,44,,,1,30,,5347,44,,,1,71,,5346,44,,,2,30,,5348,44,,,1,70,,5349,44,,,1,30,,5350,44,,,1,69,,5351,44,,,1,30,,5352,44,,,1,71,,5353,44,,,1,30,,5354,44,,,1,70,,5355,44,,,1,30,,5356,44,,,1,28,,5357,44,,,1,68,,5358,44,,,2,30,,5359,44,,,1,70,,5360,44,,,1,30,,5361,44,,,1,70,,5362,44,,,1,30,,5363,44,,,1,70,,5364,44,,,1,29,,5366,44,,,1,71,,5365,44,,,1,29,,5368,44,,,1,70,,5367,44,,,1,27,,5369,44,,,1
3400,'Samedi-10',753,,5370,44,,,1,104,,5375,44,,,1,70,,5371,44,,,2,31,,5377,44,,,1,70,,5378,44,,,1,31,,5372,44,,,1,70,,5373,44,,,1,30,,5374,44,,,1,70,,5376,44,,,2,71,,5379,44,,,1,30,,5381,44,,,1,71,,5380,44,,,2,30,,5382,44,,,1,70,,5383,44,,,1,30,,5384,44,,,1,69,,5385,44,,,1,30,,5386,44,,,1,71,,5387,44,,,1,30,,5388,44,,,1,70,,5389,44,,,1,30,,5390,44,,,1,28,,5391,44,,,1,68,,5392,44,,,2,30,,5393,44,,,1,70,,5394,44,,,1,30,,5395,44,,,1,70,,5396,44,,,1,30,,5397,44,,,1,70,,5398,44,,,1,29,,5400,44,,,1,71,,5399,44,,,1,29,,5402,44,,,1,70,,5401,44,,,1,27,,5403,44,,,1
3400,'Dimanche-0',753,,5408,44,,,1,104,,5412,44,,,1,70,,5410,44,,,2,31,,5405,44,,,1,70,,5413,44,,,1,31,,5416,44,,,1,70,,5415,44,,,1,30,,5404,44,,,1,70,,5406,44,,,2,71,,5417,44,,,1,30,,5407,44,,,1,71,,5409,44,,,2,30,,5411,44,,,1,70,,5420,44,,,1,30,,5414,44,,,1,69,,5418,44,,,1,30,,5421,44,,,1,71,,5425,44,,,1,30,,5430,44,,,1,70,,5422,44,,,1,30,,5423,44,,,1,28,,5433,44,,,1,68,,5424,44,,,2,30,,5429,44,,,1,70,,5419,44,,,1,30,,5426,44,,,1,70,,5428,44,,,1,30,,5431,44,,,1,70,,5437,44,,,1,29,,5432,44,,,1,71,,5434,44,,,1,29,,5427,44,,,1,70,,5435,44,,,1,27,,5436,44,,,1
3400,'Dimanche-10',753,,5442,44,,,1,104,,5446,44,,,1,70,,5444,44,,,2,31,,5439,44,,,1,70,,5447,44,,,1,31,,5450,44,,,1,70,,5449,44,,,1,30,,5438,44,,,1,70,,5440,44,,,2,71,,5451,44,,,1,30,,5441,44,,,1,71,,5443,44,,,2,30,,5445,44,,,1,70,,5454,44,,,1,30,,5448,44,,,1,69,,5452,44,,,1,30,,5455,44,,,1,71,,5459,44,,,1,30,,5464,44,,,1,70,,5456,44,,,1,30,,5457,44,,,1,28,,5467,44,,,1,68,,5458,44,,,2,30,,5463,44,,,1,70,,5453,44,,,1,30,,5460,44,,,1,70,,5462,44,,,1,30,,5465,44,,,1,70,,5471,44,,,1,29,,5466,44,,,1,71,,5468,44,,,1,29,,5461,44,,,1,70,,5469,44,,,1,27,,5470,44,,,1
3400,'Semaine-0',634,,5502,44,,,1,69,,5487,44,,,1,33,,5481,44,,,1,77,,5485,44,,,1,27,,5476,44,,,1,69,,5496,44,,,1,30,,5482,44,,,1,67,,5472,44,,,1,30,,5477,44,,,1,70,,5478,44,,,1,30,,5483,44,,,1,70,,5473,44,,,1,31,,5503,44,,,1,70,,5479,44,,,1,30,,5484,44,,,1,70,,5474,44,,,1,33,,5500,44,,,1,70,,5475,44,,,1,26,,5501,44,,,2,305,,5499,44,,,2,60,,5488,44,,,1,27,,5480,44,,,1,30,,5492,44,,,1,70,,5498,44,,,1,30,,5489,44,,,2,69,,5491,44,,,1,30,,5493,44,,,1,70,,5486,44,,,1,30,,5495,44,,,1,69,,5490,44,,,1,28,,5494,44,,,1,70,,5497,44,,,1
32600,'Semaine-0',1645,,10279,40,0,7 8,1
44901,'Semaine-0',1512,,11265,16,0,9 14,1
73400,'Semaine-0',1649,,11305,38,0,5 11,1
82600,'Semaine-0',1547,,11531,30,0,9 12 13,1
