2501,'Semaine-1-_26ÉTÉ-1111100-',600,,24596,14,,,1,30,,24595,14,,,1,70,,24593,14,,,2,30,,24594,14,,,2,70,,24597,14,,,1,29,,24592,14,,,1
2501,'Semaine-10-_26ÉTÉ-1111100-',600,,27003,14,,,1,30,,27002,14,,,1,70,,27000,14,,,2,30,,27001,14,,,2,70,,27004,14,,,1,29,,26999,14,,,1
2801,'Semaine-1-_26ÉTÉ-1111100-',645,,24621,10,,,1,71,,24622,10,,,1,100,,24620,10,,,2
2801,'Semaine-10-_26ÉTÉ-1111100-',645,,27028,10,,,1,71,,27029,10,,,1,100,,27027,10,,,2
3901,'Samedi-0-_26ÉTÉ-0000010-',634,,28161,40,,,1,101,,28163,40,,,1,100,,28167,40,,,1,101,,28166,40,,,1,100,,28169,40,,,1,100,,28168,40,,,1,102,,28164,40,,,1,70,,28162,40,,,1,30,,28170,40,,,1,71,,28165,40,,,2,30,,28171,40,,,1,70,,28172,40,,,1,31,,28173,40,,,2,70,,28174,40,,,1,30,,28175,40,,,1,70,,28176,40,,,1,30,,28177,40,,,1,69,,28178,40,,,1,29,,28179,40,,,1,69,,28180,40,,,1,100,,28181,40,,,1,100,,28182,40,,,1,100,,28183,40,,,1,100,,28184,40,,,1
3901,'Dimanche-0-_26ÉTÉ-0000001-',634,,28185,40,,,1,101,,28192,40,,,1,100,,28186,40,,,1,101,,28189,40,,,1,100,,28194,40,,,1,100,,28187,40,,,1,102,,28193,40,,,1,70,,28188,40,,,1,30,,28190,40,,,1,71,,28195,40,,,2,30,,28197,40,,,1,70,,28191,40,,,1,31,,28196,40,,,2,70,,28198,40,,,1,30,,28199,40,,,1,70,,28204,40,,,1,30,,28206,40,,,1,69,,28208,40,,,1,29,,28205,40,,,1,69,,28202,40,,,1,100,,28203,40,,,1,100,,28207,40,,,1,100,,28200,40,,,1,100,,28201,40,,,1
3901,'Semaine-1-_26ÉTÉ-1111100-',659,,25248,40,,,2,68,,25237,40,,,1,75,,25238,40,,,1,34,,25234,40,,,1,71,,25240,40,,,1,30,,25242,40,,,1,70,,25249,40,,,1,30,,25260,40,,,1,70,,25255,40,,,2,30,,25250,40,,,1,70,,25235,40,,,1,33,,25244,40,,,2,69,,25251,40,,,1,29,,25236,40,,,1,70,,25233,40,,,2,33,,25252,40,,,1,72,,25245,40,,,2,31,,25226,40,,,1,71,,25253,40,,,2,33,,25231,40,,,1,68,,25228,40,,,1,29,,25256,40,,,1,67,,25241,40,,,1,32,,25247,40,,,1,69,,25232,40,,,2,31,,25254,40,,,1,65,,25227,40,,,2,26,,25257,40,,,1,70,,25230,40,,,1,30,,25246,40,,,1,72,,25258,40,,,1,30,,25229,40,,,1,70,,25239,40,,,1,30,,25259,40,,,1,70,,25243,40,,,1
3901,'Semaine-10-_26ÉTÉ-1111100-',659,,28231,40,,,2,68,,28220,40,,,1,75,,28221,40,,,1,34,,28217,40,,,1,71,,28223,40,,,1,30,,28225,40,,,1,70,,28232,40,,,1,30,,28243,40,,,1,70,,28238,40,,,2,30,,28233,40,,,1,70,,28218,40,,,1,33,,28227,40,,,2,69,,28234,40,,,1,29,,28219,40,,,1,70,,28216,40,,,2,33,,28235,40,,,1,72,,28228,40,,,2,31,,28209,40,,,1,71,,28236,40,,,2,33,,28214,40,,,1,68,,28211,40,,,1,29,,28239,40,,,1,67,,28224,40,,,1,32,,28230,40,,,1,69,,28215,40,,,2,31,,28237,40,,,1,65,,28210,40,,,2,26,,28240,40,,,1,70,,28213,40,,,1,30,,28229,40,,,1,72,,28241,40,,,1,30,,28212,40,,,1,70,,28222,40,,,1,30,,28242,40,,,1,70,,28226,40,,,1
5001,'Semaine-1-_26ÉTÉ-1111100-',1622,,25375,14,,,1,100,,25377,14,,,1,99,,25376,14,,,1
5001,'Semaine-10-_26ÉTÉ-1111100-',1622,,28426,14,,,1,100,,28428,14,,,1,99,,28427,14,,,1
