3301,'Samedi-0-_26ÉTÉ-0000010-',715,,38084,22,,,1,100,,38085,22,,,1,100,,38082,22,,,2,100,,38088,22,,,1,99,,38089,22,,,1,101,,38083,22,,,1,100,,38086,22,,,1,100,,38087,22,,,1,101,,38090,22,,,1,99,,38091,22,,,1,100,,38092,22,,,1,99,,38099,22,,,1,100,,38093,22,,,1,100,,38094,22,,,1,100,,38095,22,,,1,100,,38096,22,,,1,100,,38097,22,,,1,100,,38098,22,,,1
3301,'Dimanche-0-_26ÉTÉ-0000001-',715,,38104,22,,,1,100,,38105,22,,,1,100,,38106,22,,,2,100,,38100,22,,,1,99,,38101,22,,,1,101,,38102,22,,,1,100,,38103,22,,,1,100,,38108,22,,,1,101,,38109,22,,,1,99,,38107,22,,,1,100,,38110,22,,,1,99,,38113,22,,,1,100,,38117,22,,,1,100,,38111,22,,,1,100,,38112,22,,,1,100,,38115,22,,,1,100,,38114,22,,,1,100,,38116,22,,,1
3301,'Dimanche-10-_26ÉTÉ-0000001-',715,,38122,22,,,1,100,,38123,22,,,1,100,,38124,22,,,2,100,,38118,22,,,1,99,,38119,22,,,1,101,,38120,22,,,1,100,,38121,22,,,1,100,,38126,22,,,1,101,,38127,22,,,1,99,,38125,22,,,1,100,,38128,22,,,1,99,,38131,22,,,1,100,,38135,22,,,1,100,,38129,22,,,1,100,,38130,22,,,1,100,,38133,22,,,1,100,,38132,22,,,1,100,,38134,22,,,1
3301,'Semaine-1-_26ÉTÉ-1111100-',602,,38159,22,,,2,22,,38167,22,,,2,24,,38144,22,,,1,57,,38164,22,,,1,16,,38160,22,,,2,4,,38155,22,,,1,9,,38175,22,,,1,11,,38173,22,,,2,62,,38162,22,,,2,12,,38150,22,,,1,10,,38166,22,,,2,16,,38140,22,,,1,70,,38152,22,,,1,29,,38158,22,,,1,71,,38148,22,,,2,28,,38169,22,,,1,71,,38153,22,,,1,29,,38145,22,,,1,72,,38147,22,,,1,19,,38165,22,,,1,6,,38174,22,,,1,68,,38156,22,,,1,29,,38146,22,,,1,71,,38151,22,,,1,31,,38154,22,,,1,11,,38176,22,,,1,59,,38157,22,,,1,16,,38149,22,,,2,13,,38161,22,,,2,73,,38142,22,,,1,28,,38172,22,,,1,63,,38139,22,,,2,29,,38136,22,,,2,72,,38170,22,,,1,42,,38143,22,,,1,70,,38138,22,,,1,97,,38141,22,,,1,40,,38163,22,,,1,106,,38168,22,,,1,97,,38137,22,,,1,164,,38171,22,,,1
3301,'Semaine-10-_26ÉTÉ-1111100-',602,,38200,22,,,2,22,,38208,22,,,2,24,,38185,22,,,1,57,,38205,22,,,1,16,,38201,22,,,2,4,,38196,22,,,1,9,,38216,22,,,1,11,,38214,22,,,2,62,,38203,22,,,2,12,,38191,22,,,1,10,,38207,22,,,2,16,,38181,22,,,1,70,,38193,22,,,1,29,,38199,22,,,1,71,,38189,22,,,2,28,,38210,22,,,1,71,,38194,22,,,1,29,,38186,22,,,1,72,,38188,22,,,1,19,,38206,22,,,1,6,,38215,22,,,1,68,,38197,22,,,1,29,,38187,22,,,1,71,,38192,22,,,1,31,,38195,22,,,1,11,,38217,22,,,1,59,,38198,22,,,1,16,,38190,22,,,2,13,,38202,22,,,2,73,,38183,22,,,1,28,,38213,22,,,1,63,,38180,22,,,2,29,,38177,22,,,2,72,,38211,22,,,1,42,,38184,22,,,1,70,,38179,22,,,1,97,,38182,22,,,1,40,,38204,22,,,1,106,,38209,22,,,1,97,,38178,22,,,1,164,,38212,22,,,1
3501,'Semaine-1-_26ÉTÉ-1111100-',538,,38639,4,,,1,80,,38614,4,,,2,20,,38621,4,,,2,19,,38630,15,,,2,55,,38636,4,,,1,22,,38641,15,,,1,14,,38617,4,,,1,70,,38637,4,,,1,25,,38642,4,,,1,69,,38623,4,,,1,31,,38625,4,,,1,70,,38616,4,,,1,30,,38622,4,,,2,70,,38632,4,,,1,30,,38615,4,,,1,70,,38629,4,,,2,30,,38631,4,,,1,70,,38634,4,,,2,30,,38619,4,,,2,72,,38643,4,,,2,27,,38633,4,,,1,71,,38618,4,,,2,30,,38645,4,,,1,67,,38640,4,,,2,30,,38624,4,,,1,70,,38627,4,,,2,40,,38646,4,,,2,65,,38635,4,,,2,98,,38628,4,,,1,103,,38626,4,,,1,100,,38644,4,,,2,97,,38638,4,,,1,110,,38620,4,,,1
3501,'Semaine-10-_26ÉTÉ-1111100-',538,,38672,4,,,1,80,,38647,4,,,2,20,,38654,4,,,2,19,,38663,15,,,2,55,,38669,4,,,1,22,,38674,15,,,1,14,,38650,4,,,1,70,,38670,4,,,1,25,,38675,4,,,1,69,,38656,4,,,1,31,,38658,4,,,1,70,,38649,4,,,1,30,,38655,4,,,2,70,,38665,4,,,1,30,,38648,4,,,1,70,,38662,4,,,2,30,,38664,4,,,1,70,,38667,4,,,2,30,,38652,4,,,2,72,,38676,4,,,2,27,,38666,4,,,1,71,,38651,4,,,2,30,,38678,4,,,1,67,,38673,4,,,2,30,,38657,4,,,1,70,,38660,4,,,2,40,,38679,4,,,2,65,,38668,4,,,2,98,,38661,4,,,1,103,,38659,4,,,1,100,,38677,4,,,2,97,,38671,4,,,1,110,,38653,4,,,1
4901,'Samedi-0-_26ÉTÉ-0000010-',712,,39783,4,,,1,100,,39782,4,,,1,100,,39784,4,,,1,100,,39780,4,,,1,100,,39785,4,,,1,100,,39781,4,,,1,98,,39786,4,,,1,103,,39787,4,,,1,99,,39788,4,,,1,100,,39789,4,,,1,100,,39790,4,,,1,98,,39791,4,,,1,102,,39792,4,,,1,100,,39793,4,,,1,100,,39794,4,,,1,100,,39795,4,,,1,99,,39796,4,,,1
4901,'Dimanche-0-_26ÉTÉ-0000001-',712,,39801,4,,,1,100,,39797,4,,,1,100,,39800,4,,,1,100,,39802,4,,,1,100,,39799,4,,,1,100,,39798,4,,,1,98,,39804,4,,,1,103,,39805,4,,,1,99,,39803,4,,,1,100,,39809,4,,,1,100,,39813,4,,,1,98,,39806,4,,,1,102,,39807,4,,,1,100,,39808,4,,,1,100,,39810,4,,,1,100,,39811,4,,,1,99,,39812,4,,,1
4901,'Dimanche-10-_26ÉTÉ-0000001-',712,,39818,4,,,1,100,,39814,4,,,1,100,,39817,4,,,1,100,,39819,4,,,1,100,,39816,4,,,1,100,,39815,4,,,1,98,,39821,4,,,1,103,,39822,4,,,1,99,,39820,4,,,1,100,,39826,4,,,1,100,,39830,4,,,1,98,,39823,4,,,1,102,,39824,4,,,1,100,,39825,4,,,1,100,,39827,4,,,1,100,,39828,4,,,1,99,,39829,4,,,1
4901,'Semaine-1-_26ÉTÉ-1111100-',552,,39836,4,,,1,85,,39841,4,,,1,70,,39857,4,,,1,30,,39853,4,,,1,70,,39851,4,,,1,30,,39860,4,,,1,70,,39843,4,,,1,30,,39858,4,,,1,70,,39855,4,,,1,30,,39831,4,,,1,70,,39852,4,,,1,30,,39832,4,,,1,72,,39837,4,,,1,28,,39839,4,,,1,68,,39844,4,,,1,31,,39859,4,,,1,71,,39842,4,,,1,30,,39861,4,,,1,68,,39845,4,,,1,32,,39848,4,,,1,70,,39838,4,,,1,30,,39840,4,,,1,70,,39856,4,,,1,30,,39850,4,,,1,70,,39854,4,,,1,95,,39833,4,,,1,40,,39849,4,,,1,100,,39847,4,,,1,100,,39834,4,,,1,100,,39846,4,,,1,100,,39835,4,,,1
4901,'Semaine-10-_26ÉTÉ-1111100-',552,,39867,4,,,1,85,,39872,4,,,1,70,,39888,4,,,1,30,,39884,4,,,1,70,,39882,4,,,1,30,,39891,4,,,1,70,,39874,4,,,1,30,,39889,4,,,1,70,,39886,4,,,1,30,,39862,4,,,1,70,,39883,4,,,1,30,,39863,4,,,1,72,,39868,4,,,1,28,,39870,4,,,1,68,,39875,4,,,1,31,,39890,4,,,1,71,,39873,4,,,1,30,,39892,4,,,1,68,,39876,4,,,1,32,,39879,4,,,1,70,,39869,4,,,1,30,,39871,4,,,1,70,,39887,4,,,1,30,,39881,4,,,1,70,,39885,4,,,1,95,,39864,4,,,1,40,,39880,4,,,1,100,,39878,4,,,1,100,,39865,4,,,1,100,,39877,4,,,1,100,,39866,4,,,1
5001,'Semaine-1-_26ÉTÉ-1111100-',1608,,39903,4,,,1,100,,39905,4,,,1,100,,39904,4,,,1
5001,'Semaine-10-_26ÉTÉ-1111100-',1608,,39906,4,,,1,100,,39908,4,,,1,100,,39907,4,,,1
5601,'Semaine-1-_26ÉTÉ-1111100-',1212,,40518,4,,,2,100,,40515,4,,,1,100,,40514,4,,,1,98,,40517,4,,,1,104,,40516,4,,,1,98,,40519,4,,,2,99,,40520,4,,,1
5601,'Semaine-10-_26ÉTÉ-1111100-',1212,,40525,4,,,2,100,,40522,4,,,1,100,,40521,4,,,1,98,,40524,4,,,1,104,,40523,4,,,1,98,,40526,4,,,2,99,,40527,4,,,1
