3100,'Samedi-0-_26ÉTÉ-0000010-',727,,37452,13,,,1,30,,37453,13,,,1,102,,37454,13,,,1,141,,37451,13,,,1,103,,37457,13,,,1,100,,37458,13,,,1,101,,37455,13,,,1,100,,37456,13,,,1,100,,37459,13,,,1,102,,37460,13,,,1,98,,37461,13,,,1,100,,37462,13,,,1,53,,37468,13,,,1,100,,37463,13,,,1,99,,37464,13,,,1,100,,37465,13,,,1,100,,37466,13,,,1,100,,37467,13,,,1,97,,37469,13,,,1
3100,'Dimanche-0-_26ÉTÉ-0000001-',727,,37474,13,,,1,30,,37475,13,,,1,102,,37476,13,,,1,141,,37477,13,,,1,103,,37470,13,,,1,100,,37471,13,,,1,101,,37472,13,,,1,100,,37473,13,,,1,100,,37479,13,,,1,102,,37480,13,,,1,98,,37478,13,,,1,100,,37481,13,,,1,53,,37484,13,,,1,100,,37488,13,,,1,99,,37482,13,,,1,100,,37483,13,,,1,100,,37486,13,,,1,100,,37485,13,,,1,97,,37487,13,,,1
3100,'Dimanche-10-_26ÉTÉ-0000001-',727,,37493,13,,,1,30,,37494,13,,,1,102,,37495,13,,,1,141,,37496,13,,,1,103,,37489,13,,,1,100,,37490,13,,,1,101,,37491,13,,,1,100,,37492,13,,,1,100,,37498,13,,,1,102,,37499,13,,,1,98,,37497,13,,,1,100,,37500,13,,,1,53,,37503,13,,,1,100,,37507,13,,,1,99,,37501,13,,,1,100,,37502,13,,,1,100,,37505,13,,,1,100,,37504,13,,,1,97,,37506,13,,,1
3100,'Semaine-1-_26ÉTÉ-1111100-',1905,,37527,13,,,1,97,,37545,13,,,1,101,,37528,13,,,1,100,,37524,13,,,1,99,,37529,13,,,1,102,,37531,13,,,1,103,,37543,13,,,1
3100,'Semaine-10-_26ÉTÉ-1111100-',1905,,37573,13,,,1,97,,37591,13,,,1,101,,37574,13,,,1,100,,37570,13,,,1,99,,37575,13,,,1,102,,37577,13,,,1,103,,37589,13,,,1
6700,'Samedi-0-_26ÉTÉ-0000010-',711,,41794,6,,,2,101,,41793,6,,,1,100,,41792,6,,,1,30,,41788,6,,,1,70,,41796,6,,,1,30,,41789,6,,,1,70,,41790,6,,,1,31,,41795,6,,,1,70,,41800,6,,,1,30,,41791,6,,,1,70,,41799,6,,,1,30,,41797,6,,,1,70,,41798,6,,,1,30,,41801,6,,,2,70,,41802,6,,,2,30,,41803,6,,,1,70,,41804,6,,,1,30,,41805,6,,,2,70,,41806,6,,,2,30,,41807,6,,,1,70,,41808,6,,,1,29,,41809,6,,,2,70,,41810,6,,,1,30,,41811,6,,,1,100,,41815,6,,,2,100,,41812,6,,,2,100,,41813,6,,,1,99,,41814,6,,,1
6700,'Dimanche-0-_26ÉTÉ-0000001-',711,,41822,6,,,2,101,,41816,6,,,1,100,,41819,6,,,1,30,,41821,6,,,1,70,,41827,6,,,1,30,,41824,6,,,1,70,,41830,6,,,1,31,,41832,6,,,1,70,,41826,6,,,1,30,,41828,6,,,1,70,,41817,6,,,1,30,,41818,6,,,1,70,,41820,6,,,1,30,,41823,6,,,2,70,,41829,6,,,2,30,,41825,6,,,1,70,,41831,6,,,1,30,,41840,6,,,2,70,,41839,6,,,2,30,,41835,6,,,1,70,,41833,6,,,1,29,,41843,6,,,2,70,,41834,6,,,1,30,,41841,6,,,1,100,,41838,6,,,2,100,,41837,6,,,2,100,,41836,6,,,1,99,,41842,6,,,1
6700,'Dimanche-10-_26ÉTÉ-0000001-',711,,41850,6,,,2,101,,41844,6,,,1,100,,41847,6,,,1,30,,41849,6,,,1,70,,41855,6,,,1,30,,41852,6,,,1,70,,41858,6,,,1,31,,41860,6,,,1,70,,41854,6,,,1,30,,41856,6,,,1,70,,41845,6,,,1,30,,41846,6,,,1,70,,41848,6,,,1,30,,41851,6,,,2,70,,41857,6,,,2,30,,41853,6,,,1,70,,41859,6,,,1,30,,41868,6,,,2,70,,41867,6,,,2,30,,41863,6,,,1,70,,41861,6,,,1,29,,41871,6,,,2,70,,41862,6,,,1,30,,41869,6,,,1,100,,41866,6,,,2,100,,41865,6,,,2,100,,41864,6,,,1,99,,41870,6,,,1
6700,'Semaine-1-_26ÉTÉ-1111100-',611,,41880,6,,,1,32,,41874,6,,,1,66,,41882,6,,,1,23,,41891,6,,,1,20,,41875,6,,,2,57,,41900,6,,,1,30,,41885,6,,,1,73,,41893,6,,,1,20,,41883,6,,,2,18,,41903,6,,,2,60,,41901,6,,,1,21,,41888,6,,,2,20,,41904,6,,,2,60,,41894,6,,,1,20,,41897,6,,,2,20,,41905,6,,,1,60,,41902,6,,,1,20,,41889,6,,,1,20,,41906,6,,,1,60,,41895,6,,,1,20,,41898,6,,,2,20,,41907,6,,,1,60,,41887,6,,,1,20,,41890,6,,,2,16,,41908,6,,,1,370,,41910,6,,,1,15,,41884,6,,,2,19,,41909,6,,,1,59,,41892,6,,,1,30,,41872,6,,,1,70,,41896,6,,,2,30,,41876,6,,,1,70,,41899,6,,,1,31,,41873,6,,,1,69,,41881,6,,,2,30,,41877,6,,,1,69,,41886,6,,,2,30,,41879,6,,,2,70,,41878,6,,,1
6700,'Semaine-10-_26ÉTÉ-1111100-',611,,41919,6,,,1,32,,41913,6,,,1,66,,41921,6,,,1,23,,41930,6,,,1,20,,41914,6,,,2,57,,41939,6,,,1,30,,41924,6,,,1,73,,41932,6,,,1,20,,41922,6,,,2,18,,41942,6,,,2,60,,41940,6,,,1,21,,41927,6,,,2,20,,41943,6,,,2,60,,41933,6,,,1,20,,41936,6,,,2,20,,41944,6,,,1,60,,41941,6,,,1,20,,41928,6,,,1,20,,41945,6,,,1,60,,41934,6,,,1,20,,41937,6,,,2,20,,41946,6,,,2,60,,41926,6,,,1,20,,41929,6,,,2,16,,41947,6,,,1,370,,41949,6,,,1,15,,41923,6,,,2,19,,41948,6,,,1,59,,41931,6,,,1,30,,41911,6,,,1,70,,41935,6,,,2,30,,41915,6,,,1,70,,41938,6,,,1,31,,41912,6,,,1,69,,41920,6,,,2,30,,41916,6,,,1,69,,41925,6,,,2,30,,41918,6,,,2,70,,41917,6,,,1
10000,'Semaine-1-_26ÉTÉ-1111100-',1514,,43933,6,,,1,7,,43935,6,,,1,10,,43920,6,,,1,8,,43921,6,,,1,5,,43922,6,,,1,12,,43934,6,,,1,48,,43923,6,,,1,11,,43924,6,,,1,9,,43925,6,,,1,11,,43926,6,,,1,10,,43927,6,,,1,11,,43928,6,,,1,50,,43929,6,,,1,9,,43930,6,,,1,9,,43931,6,,,1,10,,43932,6,,,1
10000,'Semaine-10-_26ÉTÉ-1111100-',1514,,43949,6,,,1,7,,43951,6,,,1,10,,43936,6,,,1,8,,43937,6,,,1,5,,43938,6,,,1,12,,43950,6,,,1,48,,43939,6,,,1,11,,43940,6,,,1,9,,43941,6,,,1,11,,43942,6,,,1,10,,43943,6,,,1,11,,43944,6,,,1,50,,43945,6,,,1,9,,43946,6,,,1,9,,43947,6,,,1,10,,43948,6,,,1
