2801,'Semaine-1-_26ÉTÉ-1111100-',659,,24621,28,,,1,70,,24622,28,,,1,99,,24620,28,,,2
2801,'Semaine-10-_26ÉTÉ-1111100-',659,,27028,28,,,1,70,,27029,28,,,1,99,,27027,28,,,2
2901,'Semaine-1-_26ÉTÉ-1111100-',714,,24628,4,,,1,29,,24631,4,,,1,69,,24629,4,,,1,30,,24630,4,,,1
2901,'Semaine-10-_26ÉTÉ-1111100-',714,,27035,4,,,1,29,,27038,4,,,1,69,,27036,4,,,1,30,,27037,4,,,1
3401,'Samedi-0-_26ÉTÉ-0000010-',708,,27559,37,,,1,100,,27562,37,,,2,30,,27571,37,,,1,73,,27560,37,,,1,28,,27565,37,,,1,70,,27567,37,,,1,32,,27561,37,,,2,70,,27570,37,,,1,31,,27563,37,,,1,70,,27572,37,,,1,29,,27564,37,,,1,70,,27566,37,,,1,30,,27568,37,,,2,70,,27569,37,,,2,30,,27573,37,,,1,71,,27574,37,,,2,30,,27575,37,,,1,70,,27576,37,,,1,31,,27577,37,,,1,68,,27578,37,,,1,30,,27579,37,,,2,71,,27580,37,,,1,27,,27581,37,,,1,70,,27583,37,,,1,31,,27582,37,,,2,70,,27584,37,,,1,30,,27585,37,,,2,68,,27586,37,,,1,30,,27588,37,,,1,70,,27587,37,,,1,30,,27589,37,,,1,97,,27590,37,,,1
3401,'Dimanche-0-_26ÉTÉ-0000001-',708,,27592,37,,,1,100,,27603,37,,,2,30,,27596,37,,,1,73,,27599,37,,,1,28,,27598,37,,,1,70,,27607,37,,,1,32,,27604,37,,,2,70,,27591,37,,,1,31,,27602,37,,,1,70,,27595,37,,,1,29,,27593,37,,,1,70,,27594,37,,,1,30,,27597,37,,,2,70,,27605,37,,,2,30,,27601,37,,,1,71,,27600,37,,,2,30,,27606,37,,,1,70,,27611,37,,,1,31,,27609,37,,,1,68,,27615,37,,,1,30,,27618,37,,,2,71,,27608,37,,,1,27,,27617,37,,,1,70,,27610,37,,,1,31,,27614,37,,,2,70,,27621,37,,,1,30,,27613,37,,,2,68,,27612,37,,,1,30,,27619,37,,,1,70,,27620,37,,,1,30,,27616,37,,,1,97,,27622,37,,,1
3401,'Semaine-1-_26ÉTÉ-1111100-',912,,24963,37,,,2,33,,24943,37,,,1,70,,24947,37,,,1,30,,24967,37,,,1,70,,24940,37,,,1,30,,24944,37,,,1,70,,24948,37,,,2,30,,24938,37,,,1,71,,24941,37,,,1,29,,24945,37,,,1,70,,24949,37,,,1,30,,24942,37,,,1,69,,24964,37,,,1,32,,24939,37,,,2,72,,24965,37,,,1,30,,24966,37,,,1,73,,24960,37,,,1,25,,24956,37,,,2,69,,24946,37,,,1,29,,24953,37,,,1,70,,24962,37,,,1,30,,24950,37,,,1,70,,24952,37,,,1,30,,24954,37,,,1,70,,24958,37,,,2,30,,24951,37,,,1,70,,24957,37,,,1,29,,24955,37,,,1,70,,24959,37,,,1,30,,24961,37,,,1
3401,'Semaine-10-_26ÉTÉ-1111100-',912,,27648,37,,,2,33,,27628,37,,,1,70,,27632,37,,,1,30,,27652,37,,,1,70,,27625,37,,,1,30,,27629,37,,,1,70,,27633,37,,,2,30,,27623,37,,,1,71,,27626,37,,,1,29,,27630,37,,,1,70,,27634,37,,,1,30,,27627,37,,,1,69,,27649,37,,,1,32,,27624,37,,,2,72,,27650,37,,,1,30,,27651,37,,,1,73,,27645,37,,,1,25,,27641,37,,,2,69,,27631,37,,,1,29,,27638,37,,,1,70,,27647,37,,,1,30,,27635,37,,,1,70,,27637,37,,,1,30,,27639,37,,,1,70,,27643,37,,,2,30,,27636,37,,,1,70,,27642,37,,,1,29,,27640,37,,,1,70,,27644,37,,,1,30,,27646,37,,,1
5601,'Semaine-1-_26ÉTÉ-1111100-',1221,,25527,11,,,2,102,,25524,11,,,1,100,,25523,11,,,1,99,,25526,11,,,1,106,,25525,11,,,1,96,,25528,11,,,2,97,,25529,11,,,1
5601,'Semaine-10-_26ÉTÉ-1111100-',1221,,28788,11,,,2,102,,28785,11,,,1,100,,28784,11,,,1,99,,28787,11,,,1,106,,28786,11,,,1,96,,28789,11,,,2,97,,28790,11,,,1
