2800,'Semaine-1-_26ÉTÉ-1111100-',1557,,37421,15,,,2,78,,37422,15,,,2,95,,37423,15,,,1
2800,'Semaine-10-_26ÉTÉ-1111100-',1557,,37424,15,,,2,78,,37425,15,,,2,95,,37426,15,,,1
2800,'Semaine-11-_26ÉTÉ-1111100-',1557,,45415,15,,,2,78,,45416,15,,,2,95,,45417,15,,,1
2800,'Semaine-5-_26ÉTÉ-1111100-',1557,,49986,15,,,2,78,,49987,15,,,2,95,,49988,15,,,1
2900,'Semaine-1-_26ÉTÉ-1111100-',1553,,37436,20,,,2,72,,37435,20,,,2,34,,37433,20,,,1,64,,37437,20,,,2,31,,37434,20,,,2
2900,'Semaine-10-_26ÉTÉ-1111100-',1553,,37441,20,,,2,72,,37440,20,,,2,34,,37438,20,,,1,64,,37442,20,,,2,31,,37439,20,,,2
2900,'Semaine-11-_26ÉTÉ-1111100-',1553,,45424,20,,,2,72,,45423,20,,,2,34,,45421,20,,,1,64,,45425,20,,,2,31,,45422,20,,,2
2900,'Semaine-5-_26ÉTÉ-1111100-',1553,,49995,20,,,2,72,,49994,20,,,2,34,,49992,20,,,1,64,,49996,20,,,2,31,,49993,20,,,2
3400,'Samedi-0-_26ÉTÉ-0000010-',736,,38218,21,,,1,104,,38223,21,,,1,70,,38219,21,,,2,31,,38225,21,,,1,70,,38226,21,,,1,30,,38220,21,,,1,70,,38221,21,,,2,30,,38222,21,,,1,70,,38224,21,,,2,30,,38227,21,,,1,70,,38229,21,,,1,31,,38228,21,,,2,70,,38230,21,,,1,30,,38231,21,,,1,70,,38232,21,,,2,29,,38233,21,,,1,70,,38234,21,,,1,30,,38235,21,,,1,70,,38236,21,,,1,30,,38237,21,,,1,70,,38238,21,,,1,30,,38239,21,,,1,70,,38240,21,,,2,30,,38241,21,,,1,70,,38242,21,,,1,30,,38243,21,,,1,70,,38244,21,,,1,30,,38245,21,,,1,70,,38246,21,,,1,29,,38248,21,,,1,71,,38247,21,,,1,29,,38250,21,,,1,70,,38249,21,,,1,27,,38251,21,,,1
3400,'Dimanche-0-_26ÉTÉ-0000001-',736,,38256,21,,,1,104,,38260,21,,,1,70,,38258,21,,,2,31,,38253,21,,,1,70,,38261,21,,,1,30,,38264,21,,,1,70,,38263,21,,,2,30,,38252,21,,,1,70,,38254,21,,,2,30,,38265,21,,,1,70,,38255,21,,,1,31,,38257,21,,,2,70,,38259,21,,,1,30,,38268,21,,,1,70,,38262,21,,,2,29,,38266,21,,,1,70,,38269,21,,,1,30,,38273,21,,,1,70,,38278,21,,,1,30,,38270,21,,,1,70,,38271,21,,,1,30,,38281,21,,,1,70,,38272,21,,,2,30,,38277,21,,,1,70,,38267,21,,,1,30,,38274,21,,,1,70,,38276,21,,,1,30,,38279,21,,,1,70,,38285,21,,,1,29,,38280,21,,,1,71,,38282,21,,,1,29,,38275,21,,,1,70,,38283,21,,,1,27,,38284,21,,,1
3400,'Dimanche-10-_26ÉTÉ-0000001-',736,,38290,21,,,1,104,,38294,21,,,1,70,,38292,21,,,2,31,,38287,21,,,1,70,,38295,21,,,1,30,,38298,21,,,1,70,,38297,21,,,2,30,,38286,21,,,1,70,,38288,21,,,2,30,,38299,21,,,1,70,,38289,21,,,1,31,,38291,21,,,2,70,,38293,21,,,1,30,,38302,21,,,1,70,,38296,21,,,2,29,,38300,21,,,1,70,,38303,21,,,1,30,,38307,21,,,1,70,,38312,21,,,1,30,,38304,21,,,1,70,,38305,21,,,1,30,,38315,21,,,1,70,,38306,21,,,2,30,,38311,21,,,1,70,,38301,21,,,1,30,,38308,21,,,1,70,,38310,21,,,1,30,,38313,21,,,1,70,,38319,21,,,1,29,,38314,21,,,1,71,,38316,21,,,1,29,,38309,21,,,1,70,,38317,21,,,1,27,,38318,21,,,1
3400,'Dimanche-11-_26ÉTÉ-0000001-',736,,48925,21,,,1,104,,48929,21,,,1,70,,48927,21,,,2,31,,48922,21,,,1,70,,48930,21,,,1,30,,48933,21,,,1,70,,48932,21,,,2,30,,48921,21,,,1,70,,48923,21,,,2,30,,48934,21,,,1,70,,48924,21,,,1,31,,48926,21,,,2,70,,48928,21,,,1,30,,48937,21,,,1,70,,48931,21,,,2,29,,48935,21,,,1,70,,48938,21,,,1,30,,48942,21,,,1,70,,48947,21,,,1,30,,48939,21,,,1,70,,48940,21,,,1,30,,48950,21,,,1,70,,48941,21,,,2,30,,48946,21,,,1,70,,48936,21,,,1,30,,48943,21,,,1,70,,48945,21,,,1,30,,48948,21,,,1,70,,48954,21,,,1,29,,48949,21,,,1,71,,48951,21,,,1,29,,48944,21,,,1,70,,48952,21,,,1,27,,48953,21,,,1
3400,'Semaine-1-_26ÉTÉ-1111100-',617,,38350,21,,,1,32,,38335,21,,,1,71,,38329,21,,,1,32,,38333,21,,,1,71,,38324,21,,,1,31,,38344,21,,,1,68,,38330,21,,,1,28,,38320,21,,,1,70,,38325,21,,,2,30,,38326,21,,,2,70,,38331,21,,,1,30,,38321,21,,,1,70,,38351,21,,,1,30,,38327,21,,,1,70,,38332,21,,,1,30,,38322,21,,,1,72,,38348,21,,,2,30,,38323,21,,,1,66,,38349,21,,,1,305,,38347,21,,,2,20,,38336,21,,,1,68,,38328,21,,,2,30,,38340,21,,,1,70,,38346,21,,,1,30,,38337,21,,,1,70,,38339,21,,,1,30,,38341,21,,,1,70,,38334,21,,,1,30,,38343,21,,,1,70,,38338,21,,,1,28,,38342,21,,,1,70,,38345,21,,,1
3400,'Semaine-10-_26ÉTÉ-1111100-',617,,38382,21,,,1,32,,38367,21,,,1,71,,38361,21,,,1,32,,38365,21,,,1,71,,38356,21,,,1,31,,38376,21,,,1,68,,38362,21,,,1,28,,38352,21,,,1,70,,38357,21,,,2,30,,38358,21,,,2,70,,38363,21,,,1,30,,38353,21,,,1,70,,38383,21,,,1,30,,38359,21,,,1,70,,38364,21,,,1,30,,38354,21,,,1,72,,38380,21,,,2,30,,38355,21,,,1,66,,38381,21,,,1,305,,38379,21,,,2,20,,38368,21,,,1,68,,38360,21,,,2,30,,38372,21,,,1,70,,38378,21,,,1,30,,38369,21,,,1,70,,38371,21,,,1,30,,38373,21,,,1,70,,38366,21,,,1,30,,38375,21,,,1,70,,38370,21,,,1,28,,38374,21,,,1,70,,38377,21,,,1
3400,'Semaine-11-_26ÉTÉ-1111100-',617,,45841,21,,,1,32,,45826,21,,,1,71,,45820,21,,,1,32,,45824,21,,,1,71,,45815,21,,,1,31,,45835,21,,,1,68,,45821,21,,,1,28,,45811,21,,,1,70,,45816,21,,,2,30,,45817,21,,,2,70,,45822,21,,,1,30,,45812,21,,,1,70,,45842,21,,,1,30,,45818,21,,,1,70,,45823,21,,,1,30,,45813,21,,,1,72,,45839,21,,,2,30,,45814,21,,,1,66,,45840,21,,,1,305,,45838,21,,,2,20,,45827,21,,,1,68,,45819,21,,,2,30,,45831,21,,,1,70,,45837,21,,,1,30,,45828,21,,,1,70,,45830,21,,,1,30,,45832,21,,,1,70,,45825,21,,,1,30,,45834,21,,,1,70,,45829,21,,,1,28,,45833,21,,,1,70,,45836,21,,,1
3400,'Semaine-5-_26ÉTÉ-1111100-',617,,50306,21,,,1,32,,50291,21,,,1,71,,50285,21,,,1,32,,50289,21,,,1,71,,50280,21,,,1,31,,50300,21,,,1,68,,50286,21,,,1,28,,50276,21,,,1,70,,50281,21,,,2,30,,50282,21,,,2,70,,50287,21,,,1,30,,50277,21,,,1,70,,50307,21,,,1,30,,50283,21,,,1,70,,50288,21,,,1,30,,50278,21,,,1,72,,50304,21,,,2,30,,50279,21,,,1,66,,50305,21,,,1,305,,50303,21,,,2,20,,50292,21,,,1,68,,50284,21,,,2,30,,50296,21,,,1,70,,50302,21,,,1,30,,50293,21,,,1,70,,50295,21,,,1,30,,50297,21,,,1,70,,50290,21,,,1,30,,50299,21,,,1,70,,50294,21,,,1,28,,50298,21,,,1,70,,50301,21,,,1
5600,'Semaine-1-_26ÉTÉ-1111100-',652,,40502,33,,,2,61,,40500,33,,,1,5,,40504,33,,,2,31,,40503,33,,,2,72,,40497,33,,,2,105,,40496,33,,,2,102,,40498,33,,,1,98,,40501,33,,,2,102,,40499,33,,,1
5600,'Semaine-10-_26ÉTÉ-1111100-',652,,40511,33,,,2,61,,40509,33,,,1,5,,40513,33,,,2,31,,40512,33,,,2,72,,40506,33,,,2,105,,40505,33,,,2,102,,40507,33,,,1,98,,40510,33,,,2,102,,40508,33,,,1
5600,'Semaine-11-_26ÉTÉ-1111100-',652,,46745,33,,,2,61,,46743,33,,,1,5,,46747,33,,,2,31,,46746,33,,,2,72,,46740,33,,,2,105,,46739,33,,,2,102,,46741,33,,,1,98,,46744,33,,,2,102,,46742,33,,,1
5600,'Semaine-5-_26ÉTÉ-1111100-',652,,50892,33,,,2,61,,50890,33,,,1,5,,50894,33,,,2,31,,50893,33,,,2,72,,50887,33,,,2,105,,50886,33,,,2,102,,50888,33,,,1,98,,50891,33,,,2,102,,50889,33,,,1
42900,'Semaine-5-_26ÉTÉ-1111100-',712,,52273,6,,,1
55400,'Semaine-5-_26ÉTÉ-1111100-',712,,52278,23,,,1
