2801,'Semaine-1-_26ÉTÉ-1111100-',641,,37428,5,,,1,71,,37429,5,,,1,100,,37427,5,,,2
2801,'Semaine-10-_26ÉTÉ-1111100-',641,,37431,5,,,1,71,,37432,5,,,1,100,,37430,5,,,2
2801,'Semaine-11-_26ÉTÉ-1111100-',641,,45419,5,,,1,71,,45420,5,,,1,100,,45418,5,,,2
3901,'Samedi-0-_26ÉTÉ-0000010-',630,,39431,35,,,1,101,,39433,35,,,1,100,,39437,35,,,1,101,,39436,35,,,1,100,,39439,35,,,1,100,,39438,35,,,1,102,,39434,35,,,1,70,,39432,35,,,1,30,,39440,35,,,1,71,,39435,35,,,2,30,,39441,35,,,1,70,,39442,35,,,1,31,,39443,35,,,2,70,,39444,35,,,1,30,,39445,35,,,1,70,,39446,35,,,1,30,,39447,35,,,1,69,,39448,35,,,1,29,,39449,35,,,1,69,,39450,35,,,1,100,,39451,35,,,1,100,,39452,35,,,1,100,,39453,35,,,1,100,,39454,35,,,1
3901,'Samedi-10-_26ÉTÉ-0000010-',630,,46288,35,,,1,101,,46290,35,,,1,100,,46294,35,,,1,101,,46293,35,,,1,100,,46296,35,,,1,100,,46295,35,,,1,102,,46291,35,,,1,70,,46289,35,,,1,30,,46297,35,,,1,71,,46292,35,,,2,30,,46298,35,,,1,70,,46299,35,,,1,31,,46300,35,,,2,70,,46301,35,,,1,30,,46302,35,,,1,70,,46303,35,,,1,30,,46304,35,,,1,69,,46305,35,,,1,29,,46306,35,,,1,69,,46307,35,,,1,100,,46308,35,,,1,100,,46309,35,,,1,100,,46310,35,,,1,100,,46311,35,,,1
3901,'Dimanche-0-_26ÉTÉ-0000001-',630,,39455,35,,,1,101,,39462,35,,,1,100,,39456,35,,,1,101,,39459,35,,,1,100,,39464,35,,,1,100,,39457,35,,,1,102,,39463,35,,,1,70,,39458,35,,,1,30,,39460,35,,,1,71,,39465,35,,,2,30,,39467,35,,,1,70,,39461,35,,,1,31,,39466,35,,,2,70,,39468,35,,,1,30,,39469,35,,,1,70,,39474,35,,,1,30,,39476,35,,,1,69,,39478,35,,,1,29,,39475,35,,,1,69,,39472,35,,,1,100,,39473,35,,,1,100,,39477,35,,,1,100,,39470,35,,,1,100,,39471,35,,,1
3901,'Dimanche-10-_26ÉTÉ-0000001-',630,,39479,35,,,1,101,,39486,35,,,1,100,,39480,35,,,1,101,,39483,35,,,1,100,,39488,35,,,1,100,,39481,35,,,1,102,,39487,35,,,1,70,,39482,35,,,1,30,,39484,35,,,1,71,,39489,35,,,2,30,,39491,35,,,1,70,,39485,35,,,1,31,,39490,35,,,2,70,,39492,35,,,1,30,,39493,35,,,1,70,,39498,35,,,1,30,,39500,35,,,1,69,,39502,35,,,1,29,,39499,35,,,1,69,,39496,35,,,1,100,,39497,35,,,1,100,,39501,35,,,1,100,,39494,35,,,1,100,,39495,35,,,1
3901,'Dimanche-11-_26ÉTÉ-0000001-',630,,49112,35,,,1,101,,49119,35,,,1,100,,49113,35,,,1,101,,49116,35,,,1,100,,49121,35,,,1,100,,49114,35,,,1,102,,49120,35,,,1,70,,49115,35,,,1,30,,49117,35,,,1,71,,49122,35,,,2,30,,49124,35,,,1,70,,49118,35,,,1,31,,49123,35,,,2,70,,49125,35,,,1,30,,49126,35,,,1,70,,49131,35,,,1,30,,49133,35,,,1,69,,49135,35,,,1,29,,49132,35,,,1,69,,49129,35,,,1,100,,49130,35,,,1,100,,49134,35,,,1,100,,49127,35,,,1,100,,49128,35,,,1
3901,'Semaine-1-_26ÉTÉ-1111100-',654,,39525,35,,,2,68,,39514,35,,,1,35,,39515,35,,,1,74,,39511,35,,,1,71,,39517,35,,,1,30,,39519,35,,,1,70,,39526,35,,,1,30,,39537,35,,,1,70,,39532,35,,,2,30,,39527,35,,,1,70,,39512,35,,,1,33,,39521,35,,,2,69,,39528,35,,,1,29,,39513,35,,,1,70,,39510,35,,,2,33,,39529,35,,,1,70,,39522,35,,,2,32,,39503,35,,,1,71,,39530,35,,,2,33,,39508,35,,,1,68,,39505,35,,,1,30,,39533,35,,,1,67,,39518,35,,,1,32,,39524,35,,,1,69,,39509,35,,,2,31,,39531,35,,,1,65,,39504,35,,,2,26,,39534,35,,,1,70,,39507,35,,,1,30,,39523,35,,,1,72,,39535,35,,,1,30,,39506,35,,,1,70,,39516,35,,,1,30,,39536,35,,,1,70,,39520,35,,,1
3901,'Semaine-10-_26ÉTÉ-1111100-',654,,39560,35,,,2,68,,39549,35,,,1,35,,39550,35,,,1,74,,39546,35,,,1,71,,39552,35,,,1,30,,39554,35,,,1,70,,39561,35,,,1,30,,39572,35,,,1,70,,39567,35,,,2,30,,39562,35,,,1,70,,39547,35,,,1,33,,39556,35,,,2,69,,39563,35,,,1,29,,39548,35,,,1,70,,39545,35,,,2,33,,39564,35,,,1,70,,39557,35,,,2,32,,39538,35,,,1,71,,39565,35,,,2,33,,39543,35,,,1,68,,39540,35,,,1,30,,39568,35,,,1,67,,39553,35,,,1,32,,39559,35,,,1,69,,39544,35,,,2,31,,39566,35,,,1,65,,39539,35,,,2,26,,39569,35,,,1,70,,39542,35,,,1,30,,39558,35,,,1,72,,39570,35,,,1,30,,39541,35,,,1,70,,39551,35,,,1,30,,39571,35,,,1,70,,39555,35,,,1
3901,'Semaine-11-_26ÉTÉ-1111100-',654,,46334,35,,,2,68,,46323,35,,,1,35,,46324,35,,,1,74,,46320,35,,,1,71,,46326,35,,,1,30,,46328,35,,,1,70,,46335,35,,,1,30,,46346,35,,,1,70,,46341,35,,,2,30,,46336,35,,,1,70,,46321,35,,,1,33,,46330,35,,,2,69,,46337,35,,,1,29,,46322,35,,,1,70,,46319,35,,,2,33,,46338,35,,,1,70,,46331,35,,,2,32,,46312,35,,,1,71,,46339,35,,,2,33,,46317,35,,,1,68,,46314,35,,,1,30,,46342,35,,,1,67,,46327,35,,,1,32,,46333,35,,,1,69,,46318,35,,,2,31,,46340,35,,,1,65,,46313,35,,,2,26,,46343,35,,,1,70,,46316,35,,,1,30,,46332,35,,,1,72,,46344,35,,,1,30,,46315,35,,,1,70,,46325,35,,,1,30,,46345,35,,,1,70,,46329,35,,,1
5001,'Semaine-1-_26ÉTÉ-1111100-',1618,,39903,9,,,1,100,,39905,9,,,1,99,,39904,9,,,1
5001,'Semaine-10-_26ÉTÉ-1111100-',1618,,39906,9,,,1,100,,39908,9,,,1,99,,39907,9,,,1
5001,'Semaine-11-_26ÉTÉ-1111100-',1618,,46495,9,,,1,100,,46497,9,,,1,99,,46496,9,,,1
