9500,'Semaine-1-_26ÉTÉ-1111100-',1532,,43711,36,,,1,16,,43714,36,,,2,56,,43710,36,,,1,19,,43705,36,,,1,15,,43709,36,,,2,16,,43706,36,,,1,55,,43707,36,,,2,15,,43712,36,,,1,23,,43713,36,,,1,65,,43708,36,,,1
9500,'Semaine-10-_26ÉTÉ-1111100-',1532,,43721,36,,,1,16,,43724,36,,,2,56,,43720,36,,,1,19,,43715,36,,,1,15,,43719,36,,,2,16,,43716,36,,,1,55,,43717,36,,,2,15,,43722,36,,,1,23,,43723,36,,,2,65,,43718,36,,,1
9500,'Semaine-11-_26ÉTÉ-1111100-',1532,,48147,36,,,1,16,,48150,36,,,2,56,,48146,36,,,1,19,,48141,36,,,1,15,,48145,36,,,2,16,,48142,36,,,1,55,,48143,36,,,2,15,,48148,36,,,1,23,,48149,36,,,1,65,,48144,36,,,1
9500,'Semaine-12-_26ÉTÉ-1111100-',1532,,54323,36,,,1,16,,54326,36,,,2,56,,54322,36,,,1,19,,54317,36,,,1,15,,54321,36,,,2,16,,54318,36,,,1,55,,54319,36,,,2,15,,54324,36,,,1,23,,54325,36,,,1,65,,54320,36,,,1
9500,'Semaine-5-_26ÉTÉ-1111100-',1532,,51890,36,,,1,16,,51893,36,,,2,56,,51889,36,,,1,19,,51884,36,,,1,15,,51888,36,,,2,16,,51885,36,,,1,55,,51886,36,,,2,15,,51891,36,,,1,23,,51892,36,,,1,65,,51887,36,,,1
9700,'Samedi-0-_26ÉTÉ-0000010-',851,,43743,48,,,2,100,,43746,48,,,2,100,,43741,48,,,1,100,,43742,48,,,1,100,,43745,48,,,2,100,,43744,48,,,2,100,,43747,48,,,1,101,,43748,48,,,2,100,,43749,48,,,2,101,,43750,48,,,1,100,,43755,48,,,1,100,,43751,48,,,1,100,,43752,48,,,1,100,,43753,48,,,1,99,,43754,48,,,2,98,,43756,48,,,1,100,,43757,48,,,1
9700,'Dimanche-0-_26ÉTÉ-0000001-',851,,43761,48,,,2,100,,43763,48,,,2,100,,43760,48,,,1,100,,43759,48,,,1,100,,43758,48,,,2,100,,43762,48,,,2,100,,43765,48,,,1,101,,43764,48,,,2,100,,43770,48,,,2,101,,43772,48,,,1,100,,43774,48,,,1,100,,43766,48,,,1,100,,43767,48,,,1,100,,43768,48,,,1,99,,43769,48,,,2,98,,43773,48,,,1,100,,43771,48,,,1
9700,'Dimanche-10-_26ÉTÉ-0000001-',851,,43778,48,,,2,100,,43780,48,,,2,100,,43777,48,,,1,100,,43776,48,,,1,100,,43775,48,,,2,100,,43779,48,,,2,100,,43782,48,,,1,101,,43781,48,,,2,100,,43787,48,,,2,101,,43789,48,,,1,100,,43791,48,,,1,100,,43783,48,,,1,100,,43784,48,,,1,100,,43785,48,,,1,99,,43786,48,,,2,98,,43790,48,,,1,100,,43788,48,,,1
9700,'Dimanche-11-_26ÉTÉ-0000001-',851,,49683,48,,,2,100,,49685,48,,,2,100,,49682,48,,,1,100,,49681,48,,,1,100,,49680,48,,,2,100,,49684,48,,,2,100,,49687,48,,,1,101,,49686,48,,,2,100,,49692,48,,,2,101,,49694,48,,,1,100,,49696,48,,,1,100,,49688,48,,,1,100,,49689,48,,,1,100,,49690,48,,,1,99,,49691,48,,,2,98,,49695,48,,,1,100,,49693,48,,,1
9700,'Semaine-1-_26ÉTÉ-1111100-',723,,43810,48,,,1,31,,43811,48,,,1,91,,43800,48,,,2,101,,43796,48,,,1,96,,43809,48,,,2,100,,43804,48,,,2,100,,43801,48,,,1,100,,43806,48,,,2,101,,43792,48,,,1,94,,43797,48,,,1,105,,43805,48,,,1,96,,43807,52,,,2,103,,43798,52,,,2,72,,43793,52,,,2,20,,43802,48,,,1,102,,43794,48,,,2,99,,43803,48,,,1,100,,43799,48,,,1,101,,43795,48,,,2,110,,43808,48,,,1
9700,'Semaine-10-_26ÉTÉ-1111100-',723,,43830,48,,,1,31,,43831,48,,,1,91,,43820,48,,,2,101,,43816,48,,,1,96,,43829,48,,,2,100,,43824,48,,,2,100,,43821,48,,,1,100,,43826,48,,,2,101,,43812,48,,,1,94,,43817,48,,,1,105,,43825,48,,,1,96,,43827,52,,,2,103,,43818,52,,,2,72,,43813,52,,,2,20,,43822,48,,,1,102,,43814,48,,,2,99,,43823,48,,,1,100,,43819,48,,,1,101,,43815,48,,,2,110,,43828,48,,,1
9700,'Semaine-11-_26ÉTÉ-1111100-',723,,48194,48,,,1,31,,48195,48,,,1,91,,48184,48,,,2,101,,48180,48,,,1,96,,48193,48,,,2,100,,48188,48,,,2,100,,48185,48,,,1,100,,48190,48,,,2,101,,48176,48,,,1,94,,48181,48,,,1,105,,48189,48,,,1,96,,48191,52,,,2,103,,48182,52,,,2,72,,48177,52,,,2,20,,48186,48,,,1,102,,48178,48,,,2,99,,48187,48,,,1,100,,48183,48,,,1,101,,48179,48,,,2,110,,48192,48,,,1
9700,'Semaine-12-_26ÉTÉ-1111100-',723,,54353,48,,,1,31,,54354,48,,,1,91,,54343,48,,,2,101,,54339,48,,,1,96,,54352,48,,,2,100,,54347,48,,,2,100,,54344,48,,,1,100,,54349,48,,,2,101,,54335,48,,,1,94,,54340,48,,,1,105,,54348,48,,,1,96,,54350,52,,,2,103,,54341,52,,,2,72,,54336,52,,,2,20,,54345,48,,,1,102,,54337,48,,,2,99,,54346,48,,,1,100,,54342,48,,,1,101,,54338,48,,,2,110,,54351,48,,,1
9700,'Semaine-5-_26ÉTÉ-1111100-',723,,51920,48,,,1,31,,51921,48,,,1,91,,51910,48,,,2,101,,51906,48,,,1,96,,51919,48,,,2,100,,51914,48,,,2,100,,51911,48,,,1,100,,51916,48,,,2,101,,51902,48,,,1,94,,51907,48,,,1,105,,51915,48,,,1,96,,51917,52,,,2,103,,51908,52,,,2,72,,51903,52,,,2,20,,51912,48,,,1,102,,51904,48,,,2,99,,51913,48,,,1,100,,51909,48,,,1,101,,51905,48,,,2,110,,51918,48,,,1
