6200,'Semaine-1-_26ÉTÉ-1111100-',554,,40944,13,,,2,70,,40960,13,,,2,30,,40945,13,,,1,71,,40957,13,,,2,30,,40956,13,,,2,71,,40955,13,,,1,98,,40946,13,,,1,100,,40951,13,,,2,100,,40948,13,,,1,100,,40958,13,,,2,100,,40961,13,,,2,100,,40964,13,,,2,86,,40965,13,,,1,30,,40953,13,,,2,71,,40959,13,,,1,29,,40947,13,,,1,70,,40966,13,,,2,29,,40962,13,,,1,70,,40954,13,,,1,100,,40963,13,,,1,96,,40949,13,,,1,100,,40952,13,,,1,100,,40950,13,,,2
6200,'Semaine-10-_26ÉTÉ-1111100-',554,,40967,13,,,2,70,,40983,13,,,2,30,,40968,13,,,1,71,,40980,13,,,2,30,,40979,13,,,2,71,,40978,13,,,1,98,,40969,13,,,1,100,,40974,13,,,2,100,,40971,13,,,1,100,,40981,13,,,2,100,,40984,13,,,2,100,,40987,13,,,2,86,,40988,13,,,1,30,,40976,13,,,2,71,,40982,13,,,1,29,,40970,13,,,1,70,,40989,13,,,2,29,,40985,13,,,1,70,,40977,13,,,1,100,,40986,13,,,1,96,,40972,13,,,1,100,,40975,13,,,1,100,,40973,13,,,2
6200,'Semaine-11-_26ÉTÉ-1111100-',554,,46930,13,,,2,70,,46946,13,,,2,30,,46931,13,,,1,71,,46943,13,,,2,30,,46942,13,,,2,71,,46941,13,,,1,98,,46932,13,,,1,100,,46937,13,,,2,100,,46934,13,,,1,100,,46944,13,,,2,100,,46947,13,,,2,100,,46950,13,,,2,86,,46951,13,,,1,30,,46939,13,,,2,71,,46945,13,,,1,29,,46933,13,,,1,70,,46952,13,,,2,29,,46948,13,,,1,70,,46940,13,,,1,100,,46949,13,,,1,96,,46935,13,,,1,100,,46938,13,,,1,100,,46936,13,,,2
6200,'Semaine-12-_26ÉTÉ-1111100-',554,,53445,13,,,2,70,,53461,13,,,2,30,,53446,13,,,1,71,,53458,13,,,2,30,,53457,13,,,2,71,,53456,13,,,1,98,,53447,13,,,1,100,,53452,13,,,2,100,,53449,13,,,1,100,,53459,13,,,2,100,,53462,13,,,2,100,,53465,13,,,2,86,,53466,13,,,1,30,,53454,13,,,2,71,,53460,13,,,1,29,,53448,13,,,1,70,,53467,13,,,2,29,,53463,13,,,1,70,,53455,13,,,1,100,,53464,13,,,1,96,,53450,13,,,1,100,,53453,13,,,1,100,,53451,13,,,2
6200,'Semaine-5-_26ÉTÉ-1111100-',554,,51011,13,,,2,70,,51027,13,,,2,30,,51012,13,,,1,71,,51024,13,,,2,30,,51023,13,,,2,71,,51022,13,,,1,98,,51013,13,,,1,100,,51018,13,,,2,100,,51015,13,,,1,100,,51025,13,,,2,100,,51028,13,,,2,100,,51031,13,,,2,86,,51032,13,,,1,30,,51020,13,,,2,71,,51026,13,,,1,29,,51014,13,,,1,70,,51033,13,,,2,29,,51029,13,,,1,70,,51021,13,,,1,100,,51030,13,,,1,96,,51016,13,,,1,100,,51019,13,,,1,100,,51017,13,,,2
8500,'Semaine-1-_26ÉTÉ-1111100-',1537,,43600,28,,,1,19,,43595,28,,,2,56,,43592,28,,,1,16,,43601,28,,,2,15,,43591,28,,,1,13,,43594,28,,,1,56,,43599,28,,,2,18,,43597,28,,,1,17,,43596,28,,,2,61,,43593,28,,,1,16,,43598,28,,,2
8500,'Semaine-10-_26ÉTÉ-1111100-',1537,,43611,28,,,1,19,,43606,28,,,2,56,,43603,28,,,1,16,,43612,28,,,2,15,,43602,28,,,1,13,,43605,28,,,1,56,,43610,28,,,2,18,,43608,28,,,1,17,,43607,28,,,1,61,,43604,28,,,1,16,,43609,28,,,2
8500,'Semaine-11-_26ÉTÉ-1111100-',1537,,48093,28,,,1,19,,48088,28,,,2,56,,48085,28,,,1,16,,48094,28,,,2,15,,48084,28,,,1,13,,48087,28,,,1,56,,48092,28,,,2,18,,48090,28,,,1,17,,48089,28,,,2,61,,48086,28,,,1,16,,48091,28,,,2
8500,'Semaine-12-_26ÉTÉ-1111100-',1537,,54269,28,,,1,19,,54264,28,,,2,56,,54261,28,,,1,16,,54270,28,,,2,15,,54260,28,,,1,13,,54263,28,,,1,56,,54268,28,,,2,18,,54266,28,,,1,17,,54265,28,,,2,61,,54262,28,,,1,16,,54267,28,,,2
8500,'Semaine-5-_26ÉTÉ-1111100-',1537,,51836,28,,,1,19,,51831,28,,,2,56,,51828,28,,,1,16,,51837,28,,,2,15,,51827,28,,,1,13,,51830,28,,,1,56,,51835,28,,,2,18,,51833,28,,,1,17,,51832,28,,,2,61,,51829,28,,,1,16,,51834,28,,,2
