7601,'Samedi-0-_26ÉTÉ-0000010-',711,,43217,12,,,1,100,,43220,12,,,2,100,,43219,12,,,1,100,,43223,12,,,1,100,,43222,12,,,1,100,,43221,12,,,2,100,,43218,12,,,1,100,,43224,12,,,1,100,,43225,12,,,2,100,,43226,12,,,1,100,,43227,12,,,2,100,,43228,12,,,1,100,,43229,12,,,1,100,,43230,12,,,2,100,,43231,12,,,2,100,,43232,12,,,2
7601,'Dimanche-0-_26ÉTÉ-0000001-',711,,43235,12,,,1,100,,43238,12,,,2,100,,43236,12,,,1,100,,43237,12,,,1,100,,43240,12,,,1,100,,43233,12,,,2,100,,43239,12,,,1,100,,43234,12,,,1,100,,43242,12,,,2,100,,43246,12,,,1,100,,43243,12,,,2,100,,43248,12,,,1,100,,43241,12,,,1,100,,43244,12,,,2,100,,43247,12,,,2,100,,43245,12,,,2
7601,'Dimanche-10-_26ÉTÉ-0000001-',711,,43251,12,,,1,100,,43254,12,,,2,100,,43252,12,,,1,100,,43253,12,,,1,100,,43256,12,,,1,100,,43249,12,,,2,100,,43255,12,,,1,100,,43250,12,,,1,100,,43258,12,,,2,100,,43262,12,,,1,100,,43259,12,,,2,100,,43264,12,,,1,100,,43257,12,,,1,100,,43260,12,,,2,100,,43263,12,,,2,100,,43261,12,,,2
7601,'Dimanche-11-_26ÉTÉ-0000001-',711,,49634,12,,,1,100,,49637,12,,,2,100,,49635,12,,,1,100,,49636,12,,,1,100,,49639,12,,,1,100,,49632,12,,,2,100,,49638,12,,,1,100,,49633,12,,,1,100,,49641,12,,,2,100,,49645,12,,,1,100,,49642,12,,,2,100,,49647,12,,,1,100,,49640,12,,,1,100,,49643,12,,,2,100,,49646,12,,,2,100,,49644,12,,,2
7601,'Semaine-1-_26ÉTÉ-1111100-',632,,43276,12,,,2,15,,43265,12,,,2,59,,43291,12,,,2,24,,43280,12,,,2,20,,43292,12,,,2,60,,43282,12,,,1,17,,43289,12,,,2,30,,43290,12,,,2,70,,43283,12,,,2,30,,43288,12,,,1,70,,43295,12,,,1,30,,43293,12,,,1,70,,43268,12,,,2,30,,43296,12,,,2,70,,43269,12,,,1,30,,43284,12,,,1,70,,43270,12,,,1,30,,43266,12,,,1,70,,43271,12,,,1,30,,43267,12,,,2,73,,43294,12,,,1,28,,43277,12,,,2,70,,43279,12,,,2,25,,43278,12,,,1,67,,43281,12,,,1,23,,43286,12,,,1,65,,43285,12,,,1,29,,43287,12,,,1,85,,43272,12,,,1,100,,43273,12,,,1,100,,43274,12,,,1,100,,43275,12,,,1
7601,'Semaine-10-_26ÉTÉ-1111100-',632,,43308,12,,,2,15,,43297,12,,,2,59,,43323,12,,,2,24,,43312,12,,,2,20,,43324,12,,,2,60,,43314,12,,,1,17,,43321,12,,,2,30,,43322,12,,,2,70,,43315,12,,,2,30,,43320,12,,,1,70,,43327,12,,,1,30,,43325,12,,,1,70,,43300,12,,,2,30,,43328,12,,,2,70,,43301,12,,,1,30,,43316,12,,,1,70,,43302,12,,,1,30,,43298,12,,,1,70,,43303,12,,,1,30,,43299,12,,,2,73,,43326,12,,,1,28,,43309,12,,,2,70,,43311,12,,,2,25,,43310,12,,,1,67,,43313,12,,,1,23,,43318,12,,,1,65,,43317,12,,,1,29,,43319,12,,,1,85,,43304,12,,,1,100,,43305,12,,,1,100,,43306,12,,,1,100,,43307,12,,,1
7601,'Semaine-11-_26ÉTÉ-1111100-',632,,47948,12,,,2,15,,47937,12,,,2,59,,47963,12,,,2,24,,47952,12,,,2,20,,47964,12,,,2,60,,47954,12,,,1,17,,47961,12,,,2,30,,47962,12,,,2,70,,47955,12,,,2,30,,47960,12,,,1,70,,47967,12,,,1,30,,47965,12,,,1,70,,47940,12,,,2,30,,47968,12,,,2,70,,47941,12,,,1,30,,47956,12,,,1,70,,47942,12,,,1,30,,47938,12,,,1,70,,47943,12,,,1,30,,47939,12,,,2,73,,47966,12,,,1,28,,47949,12,,,2,70,,47951,12,,,2,25,,47950,12,,,1,67,,47953,12,,,1,23,,47958,12,,,1,65,,47957,12,,,1,29,,47959,12,,,1,85,,47944,12,,,1,100,,47945,12,,,1,100,,47946,12,,,1,100,,47947,12,,,1
7601,'Semaine-12-_26ÉTÉ-1111100-',632,,54156,12,,,2,15,,54145,12,,,2,59,,54171,12,,,2,24,,54160,12,,,2,20,,54172,12,,,2,60,,54162,12,,,1,17,,54169,12,,,2,30,,54170,12,,,2,70,,54163,12,,,2,30,,54168,12,,,1,70,,54175,12,,,1,30,,54173,12,,,1,70,,54148,12,,,2,30,,54176,12,,,2,70,,54149,12,,,1,30,,54164,12,,,1,70,,54150,12,,,1,30,,54146,12,,,1,70,,54151,12,,,1,30,,54147,12,,,2,73,,54174,12,,,1,28,,54157,12,,,2,70,,54159,12,,,2,25,,54158,12,,,1,67,,54161,12,,,1,23,,54166,12,,,1,65,,54165,12,,,1,29,,54167,12,,,1,85,,54152,12,,,1,100,,54153,12,,,1,100,,54154,12,,,1,100,,54155,12,,,1
7601,'Semaine-5-_26ÉTÉ-1111100-',632,,51723,12,,,2,15,,51712,12,,,2,59,,51738,12,,,2,24,,51727,12,,,2,20,,51739,12,,,2,60,,51729,12,,,1,17,,51736,12,,,2,30,,51737,12,,,2,70,,51730,12,,,2,30,,51735,12,,,1,70,,51742,12,,,1,30,,51740,12,,,1,70,,51715,12,,,2,30,,51743,12,,,2,70,,51716,12,,,1,30,,51731,12,,,1,70,,51717,12,,,1,30,,51713,12,,,1,70,,51718,12,,,1,30,,51714,12,,,2,73,,51741,12,,,1,28,,51724,12,,,2,70,,51726,12,,,2,25,,51725,12,,,1,67,,51728,12,,,1,23,,51733,12,,,1,65,,51732,12,,,1,29,,51734,12,,,1,85,,51719,12,,,1,100,,51720,12,,,1,100,,51721,12,,,1,100,,51722,12,,,1
57601,'Semaine-5-_26ÉTÉ-1111100-',709,,52282,14,,,2
