4001,'Semaine-1-_26ÉTÉ-1111100-',604,,39588,14,,,2,31,,39587,14,,,2,70,,39590,14,,,2,32,,39586,14,,,1,69,,39585,14,,,2,28,,39589,14,,,2
4001,'Semaine-10-_26ÉTÉ-1111100-',604,,39594,14,,,2,31,,39593,14,,,2,70,,39596,14,,,2,32,,39592,14,,,1,69,,39591,14,,,2,28,,39595,14,,,2
4001,'Semaine-11-_26ÉTÉ-1111100-',604,,46356,14,,,2,31,,46355,14,,,2,70,,46358,14,,,2,32,,46354,14,,,1,69,,46353,14,,,2,28,,46357,14,,,2
4001,'Semaine-5-_26ÉTÉ-1111100-',604,,50640,14,,,2,31,,50639,14,,,2,70,,50642,14,,,2,32,,50638,14,,,1,69,,50637,14,,,2,28,,50641,14,,,2
5000,'Semaine-1-_26ÉTÉ-1111100-',639,,39895,15,,,2,64,,39894,15,,,1,28,,39896,15,,,1,70,,39893,15,,,1,109,,39897,15,,,1
5000,'Semaine-10-_26ÉTÉ-1111100-',639,,39900,15,,,2,64,,39899,15,,,1,28,,39901,15,,,1,70,,39898,15,,,1,109,,39902,15,,,1
5000,'Semaine-11-_26ÉTÉ-1111100-',639,,46492,15,,,2,64,,46491,15,,,1,28,,46493,15,,,1,70,,46490,15,,,1,109,,46494,15,,,1
5000,'Semaine-5-_26ÉTÉ-1111100-',639,,50744,15,,,2,64,,50743,15,,,1,28,,50745,15,,,1,70,,50742,15,,,1,109,,50746,15,,,1
5201,'Samedi-0-_26ÉTÉ-0000010-',641,,39999,15,,,2,100,,40000,15,,,1,100,,40001,15,,,2,100,,40002,15,,,1,100,,40004,15,,,1,100,,40003,15,,,1,100,,40005,15,,,2,100,,40006,15,,,1,101,,40007,15,,,2,99,,40008,15,,,1,100,,40009,15,,,1,100,,40010,15,,,1,100,,40013,15,,,1,100,,40011,15,,,1,99,,40015,15,,,2,100,,40012,15,,,1,100,,40014,15,,,1,100,,40016,15,,,1
5201,'Dimanche-0-_26ÉTÉ-0000001-',641,,40017,15,,,2,100,,40018,15,,,1,100,,40019,15,,,2,100,,40020,15,,,1,100,,40025,15,,,1,100,,40021,15,,,1,100,,40022,15,,,2,100,,40026,15,,,1,101,,40023,15,,,2,99,,40024,15,,,1,100,,40027,15,,,1,100,,40030,15,,,1,100,,40028,15,,,1,100,,40034,15,,,1,99,,40029,15,,,2,100,,40031,15,,,1,100,,40032,15,,,1,100,,40033,15,,,1
5201,'Dimanche-10-_26ÉTÉ-0000001-',641,,40035,15,,,2,100,,40036,15,,,1,100,,40037,15,,,2,100,,40038,15,,,1,100,,40043,15,,,1,100,,40039,15,,,1,100,,40040,15,,,2,100,,40044,15,,,1,101,,40041,15,,,2,99,,40042,15,,,1,100,,40045,15,,,1,100,,40048,15,,,1,100,,40046,15,,,1,100,,40052,15,,,1,99,,40047,15,,,2,100,,40049,15,,,1,100,,40050,15,,,1,100,,40051,15,,,1
5201,'Dimanche-11-_26ÉTÉ-0000001-',641,,49188,15,,,2,100,,49189,15,,,1,100,,49190,15,,,2,100,,49191,15,,,1,100,,49196,15,,,1,100,,49192,15,,,1,100,,49193,15,,,2,100,,49197,15,,,1,101,,49194,15,,,2,99,,49195,15,,,1,100,,49198,15,,,1,100,,49201,15,,,1,100,,49199,15,,,1,100,,49205,15,,,1,99,,49200,15,,,2,100,,49202,15,,,1,100,,49203,15,,,1,100,,49204,15,,,1
5201,'Semaine-1-_26ÉTÉ-1111100-',612,,40068,15,,,1,100,,40070,15,,,1,100,,40069,15,,,1,100,,40053,15,,,1,100,,40059,15,,,1,100,,40056,15,,,2,100,,40063,15,,,1,100,,40054,15,,,1,99,,40058,15,,,1,101,,40057,15,,,1,100,,40067,15,,,1,100,,40066,15,,,1,100,,40060,15,,,1,99,,40061,15,,,1,100,,40065,15,,,1,100,,40062,15,,,1,100,,40064,15,,,1,100,,40055,15,,,1
5201,'Semaine-10-_26ÉTÉ-1111100-',612,,40086,15,,,1,100,,40088,15,,,1,100,,40087,15,,,1,100,,40071,15,,,1,100,,40077,15,,,1,100,,40074,15,,,2,100,,40081,15,,,1,100,,40072,15,,,1,99,,40076,15,,,1,101,,40075,15,,,1,100,,40085,15,,,1,100,,40084,15,,,1,100,,40078,15,,,1,99,,40079,15,,,1,100,,40083,15,,,1,100,,40080,15,,,1,100,,40082,15,,,1,100,,40073,15,,,1
5201,'Semaine-11-_26ÉTÉ-1111100-',612,,46567,15,,,1,100,,46569,15,,,1,100,,46568,15,,,1,100,,46552,15,,,1,100,,46558,15,,,1,100,,46555,15,,,2,100,,46562,15,,,1,100,,46553,15,,,1,99,,46557,15,,,1,101,,46556,15,,,1,100,,46566,15,,,1,100,,46565,15,,,1,100,,46559,15,,,1,99,,46560,15,,,1,100,,46564,15,,,1,100,,46561,15,,,1,100,,46563,15,,,1,100,,46554,15,,,1
5201,'Semaine-5-_26ÉTÉ-1111100-',612,,50783,15,,,1,100,,50785,15,,,1,100,,50784,15,,,1,100,,50768,15,,,1,100,,50774,15,,,1,100,,50771,15,,,2,100,,50778,15,,,1,100,,50769,15,,,1,99,,50773,15,,,1,101,,50772,15,,,1,100,,50782,15,,,1,100,,50781,15,,,1,100,,50775,15,,,1,99,,50776,15,,,1,100,,50780,15,,,1,100,,50777,15,,,1,100,,50779,15,,,1,100,,50770,15,,,1
55000,'Semaine-5-_26ÉTÉ-1111100-',656,,52277,15,,,1
64001,'Semaine-5-_26ÉTÉ-1111100-',724,,52284,15,,,1
