6301,'Samedi-0-_26ÉTÉ-0000010-',1120,,41102,1,,,1,100,,41103,1,,,1,100,,41104,1,,,1,100,,41105,1,,,1,100,,41106,1,,,1,100,,41107,1,,,1,100,,41108,1,,,1,100,,41109,1,,,2
6301,'Samedi-10-_26ÉTÉ-0000010-',1120,,47005,1,,,1,100,,47006,1,,,1,100,,47007,1,,,1,100,,47008,1,,,1,100,,47009,1,,,1,100,,47010,1,,,1,100,,47011,1,,,1,100,,47012,1,,,2
6301,'Dimanche-0-_26ÉTÉ-0000001-',1120,,41112,1,,,1,100,,41110,1,,,1,100,,41114,1,,,1,100,,41111,1,,,1,100,,41113,1,,,1,100,,41115,1,,,1,100,,41117,1,,,1,100,,41116,1,,,2
6301,'Dimanche-10-_26ÉTÉ-0000001-',1120,,41120,1,,,1,100,,41118,1,,,1,100,,41122,1,,,1,100,,41119,1,,,1,100,,41121,1,,,1,100,,41123,1,,,1,100,,41125,1,,,1,100,,41124,1,,,2
6301,'Dimanche-11-_26ÉTÉ-0000001-',1120,,49351,1,,,1,100,,49349,1,,,1,100,,49353,1,,,1,100,,49350,1,,,1,100,,49352,1,,,1,100,,49354,1,,,1,100,,49356,1,,,1,100,,49355,1,,,2
6301,'Semaine-1-_26ÉTÉ-1111100-',548,,41131,1,,,2,70,,41141,1,,,2,30,,41137,1,,,2,70,,41142,1,,,1,30,,41138,1,,,1,70,,41145,1,,,1,100,,41143,1,,,2,100,,41144,1,,,2,100,,41146,1,,,2,100,,41126,1,,,1,100,,41139,1,,,2,100,,41128,1,,,1,100,,41133,1,,,1,30,,41147,1,,,2,70,,41130,1,,,1,31,,41127,1,,,1,69,,41134,1,,,1,30,,41136,1,,,2,80,,41135,1,,,1,100,,41140,1,,,1,100,,41132,1,,,1,100,,41129,1,,,2
6301,'Semaine-10-_26ÉTÉ-1111100-',548,,41153,1,,,2,70,,41163,1,,,2,30,,41159,1,,,2,70,,41164,1,,,1,30,,41160,1,,,1,70,,41167,1,,,1,100,,41165,1,,,2,100,,41166,1,,,2,100,,41168,1,,,2,100,,41148,1,,,1,100,,41161,1,,,2,100,,41150,1,,,1,100,,41155,1,,,1,30,,41169,1,,,1,70,,41152,1,,,1,31,,41149,1,,,1,69,,41156,1,,,1,30,,41158,1,,,2,80,,41157,1,,,1,100,,41162,1,,,1,100,,41154,1,,,1,100,,41151,1,,,2
6301,'Semaine-11-_26ÉTÉ-1111100-',548,,47018,1,,,2,70,,47028,1,,,2,30,,47024,1,,,2,70,,47029,1,,,1,30,,47025,1,,,1,70,,47032,1,,,1,100,,47030,1,,,2,100,,47031,1,,,2,100,,47033,1,,,2,100,,47013,1,,,1,100,,47026,1,,,2,100,,47015,1,,,1,100,,47020,1,,,1,30,,47034,1,,,2,70,,47017,1,,,1,31,,47014,1,,,1,69,,47021,1,,,1,30,,47023,1,,,2,80,,47022,1,,,1,100,,47027,1,,,1,100,,47019,1,,,1,100,,47016,1,,,2
9700,'Semaine-1-_26ÉTÉ-1111100-',1648,,43807,1,,,2,103,,43798,1,,,2,75,,43793,1,,,2
9700,'Semaine-10-_26ÉTÉ-1111100-',1648,,43827,1,,,2,103,,43818,1,,,2,75,,43813,1,,,2
9700,'Semaine-11-_26ÉTÉ-1111100-',1648,,48191,1,,,2,103,,48182,1,,,2,75,,48177,1,,,2
