4901,'Samedi-0-_26ÉTÉ-0000010-',710,,39783,1,,,1,100,,39782,1,,,1,100,,39784,1,,,1,100,,39780,1,,,1,100,,39785,1,,,1,100,,39781,1,,,1,98,,39786,1,,,1,103,,39787,1,,,1,99,,39788,1,,,1,100,,39789,1,,,1,100,,39790,1,,,1,98,,39791,1,,,1,102,,39792,1,,,1,100,,39793,1,,,1,100,,39794,1,,,1,100,,39795,1,,,1,99,,39796,1,,,1
4901,'Dimanche-0-_26ÉTÉ-0000001-',710,,39801,1,,,1,100,,39797,1,,,1,100,,39800,1,,,1,100,,39802,1,,,1,100,,39799,1,,,1,100,,39798,1,,,1,98,,39804,1,,,1,103,,39805,1,,,1,99,,39803,1,,,1,100,,39809,1,,,1,100,,39813,1,,,1,98,,39806,1,,,1,102,,39807,1,,,1,100,,39808,1,,,1,100,,39810,1,,,1,100,,39811,1,,,1,99,,39812,1,,,1
4901,'Dimanche-10-_26ÉTÉ-0000001-',710,,39818,1,,,1,100,,39814,1,,,1,100,,39817,1,,,1,100,,39819,1,,,1,100,,39816,1,,,1,100,,39815,1,,,1,98,,39821,1,,,1,103,,39822,1,,,1,99,,39820,1,,,1,100,,39826,1,,,1,100,,39830,1,,,1,98,,39823,1,,,1,102,,39824,1,,,1,100,,39825,1,,,1,100,,39827,1,,,1,100,,39828,1,,,1,99,,39829,1,,,1
4901,'Dimanche-11-_26ÉTÉ-0000001-',710,,49157,1,,,1,100,,49153,1,,,1,100,,49156,1,,,1,100,,49158,1,,,1,100,,49155,1,,,1,100,,49154,1,,,1,98,,49160,1,,,1,103,,49161,1,,,1,99,,49159,1,,,1,100,,49165,1,,,1,100,,49169,1,,,1,98,,49162,1,,,1,102,,49163,1,,,1,100,,49164,1,,,1,100,,49166,1,,,1,100,,49167,1,,,1,99,,49168,1,,,1
4901,'Semaine-1-_26ÉTÉ-1111100-',550,,39836,1,,,1,85,,39841,1,,,1,70,,39857,1,,,1,30,,39853,1,,,1,70,,39851,1,,,1,30,,39860,1,,,1,70,,39843,1,,,1,30,,39858,1,,,1,70,,39855,1,,,1,30,,39831,1,,,1,70,,39852,1,,,1,30,,39832,1,,,1,72,,39837,1,,,1,28,,39839,1,,,1,68,,39844,1,,,1,31,,39859,1,,,1,71,,39842,1,,,1,30,,39861,1,,,1,68,,39845,1,,,1,32,,39848,1,,,1,70,,39838,1,,,1,30,,39840,1,,,1,70,,39856,1,,,1,30,,39850,1,,,1,70,,39854,1,,,1,95,,39833,1,,,1,40,,39849,1,,,1,100,,39847,1,,,1,100,,39834,1,,,1,100,,39846,1,,,1,100,,39835,1,,,1
4901,'Semaine-10-_26ÉTÉ-1111100-',550,,39867,1,,,1,85,,39872,1,,,1,70,,39888,1,,,1,30,,39884,1,,,1,70,,39882,1,,,1,30,,39891,1,,,1,70,,39874,1,,,1,30,,39889,1,,,1,70,,39886,1,,,1,30,,39862,1,,,1,70,,39883,1,,,1,30,,39863,1,,,1,72,,39868,1,,,1,28,,39870,1,,,1,68,,39875,1,,,1,31,,39890,1,,,1,71,,39873,1,,,1,30,,39892,1,,,1,68,,39876,1,,,1,32,,39879,1,,,1,70,,39869,1,,,1,30,,39871,1,,,1,70,,39887,1,,,1,30,,39881,1,,,1,70,,39885,1,,,1,95,,39864,1,,,1,40,,39880,1,,,1,100,,39878,1,,,1,100,,39865,1,,,1,100,,39877,1,,,1,100,,39866,1,,,1
4901,'Semaine-11-_26ÉTÉ-1111100-',550,,46464,1,,,1,85,,46469,1,,,1,70,,46485,1,,,1,30,,46481,1,,,1,70,,46479,1,,,1,30,,46488,1,,,1,70,,46471,1,,,1,30,,46486,1,,,1,70,,46483,1,,,1,30,,46459,1,,,1,70,,46480,1,,,1,30,,46460,1,,,1,72,,46465,1,,,1,28,,46467,1,,,1,68,,46472,1,,,1,31,,46487,1,,,1,71,,46470,1,,,1,30,,46489,1,,,1,68,,46473,1,,,1,32,,46476,1,,,1,70,,46466,1,,,1,30,,46468,1,,,1,70,,46484,1,,,1,30,,46478,1,,,1,70,,46482,1,,,1,95,,46461,1,,,1,40,,46477,1,,,1,100,,46475,1,,,1,100,,46462,1,,,1,100,,46474,1,,,1,100,,46463,1,,,1
4901,'Semaine-5-_26ÉTÉ-1111100-',550,,50716,1,,,1,85,,50721,1,,,1,70,,50737,1,,,1,30,,50733,1,,,1,70,,50731,1,,,1,30,,50740,1,,,1,70,,50723,1,,,1,30,,50738,1,,,1,70,,50735,1,,,1,30,,50711,1,,,1,70,,50732,1,,,1,30,,50712,1,,,1,72,,50717,1,,,1,28,,50719,1,,,1,68,,50724,1,,,1,31,,50739,1,,,1,71,,50722,1,,,1,30,,50741,1,,,1,68,,50725,1,,,1,32,,50728,1,,,1,70,,50718,1,,,1,30,,50720,1,,,1,70,,50736,1,,,1,30,,50730,1,,,1,70,,50734,1,,,1,95,,50713,1,,,1,40,,50729,1,,,1,100,,50727,1,,,1,100,,50714,1,,,1,100,,50726,1,,,1,100,,50715,1,,,1
6400,'Samedi-0-_26ÉTÉ-0000010-',800,,41170,43,4,,1,100,,41172,43,4,,1,100,,41175,43,4,,1,100,,41173,43,4,,2,100,,41176,43,4,,1,100,,41171,43,4,,1,100,,41174,43,4,,2,100,,41177,43,4,,1,58,,41178,43,4,,1,100,,41179,43,4,,1,100,,41180,43,4,,1,100,,41181,43,4,,1
6400,'Dimanche-0-_26ÉTÉ-0000001-',800,,41182,43,4,,1,100,,41187,43,4,,1,100,,41183,43,4,,1,100,,41186,43,4,,2,100,,41189,43,4,,1,100,,41188,43,4,,1,100,,41185,43,4,,2,100,,41184,43,4,,1,58,,41192,43,4,,1,100,,41193,43,4,,1,100,,41190,43,4,,1,100,,41191,43,4,,1
6400,'Dimanche-10-_26ÉTÉ-0000001-',800,,41194,43,4,,1,100,,41199,43,4,,1,100,,41195,43,4,,1,100,,41198,43,4,,2,100,,41201,43,4,,1,100,,41200,43,4,,1,100,,41197,43,4,,2,100,,41196,43,4,,1,58,,41204,43,4,,1,100,,41205,43,4,,1,100,,41202,43,4,,1,100,,41203,43,4,,1
6400,'Dimanche-11-_26ÉTÉ-0000001-',800,,49357,43,4,,1,100,,49362,43,4,,1,100,,49358,43,4,,1,100,,49361,43,4,,2,100,,49364,43,4,,1,100,,49363,43,4,,1,100,,49360,43,4,,2,100,,49359,43,4,,1,58,,49367,43,4,,1,100,,49368,43,4,,1,100,,49365,43,4,,1,100,,49366,43,4,,1
6400,'Semaine-1-_26ÉTÉ-1111100-',718,,41214,43,4,,1,30,,41211,43,4,,2,70,,41206,43,4,,2,35,,41210,43,4,,2,95,,41212,43,4,,2,100,,41217,43,4,,2,100,,41216,43,4,,1,100,,41209,43,4,,2,100,,41222,43,4,,1,100,,41218,43,4,,1,95,,41219,43,4,,1,70,,41224,43,4,,1,102,,41223,43,4,,1,94,,41220,43,4,,2,100,,41221,43,4,,1,100,,41213,43,4,,1,99,,41207,43,4,,1,100,,41215,43,4,,1,100,,41208,43,4,,1
6400,'Semaine-10-_26ÉTÉ-1111100-',718,,41233,43,4,,1,30,,41230,43,4,,2,70,,41225,43,4,,2,35,,41229,43,4,,2,95,,41231,43,4,,2,100,,41236,43,4,,2,100,,41235,43,4,,1,100,,41228,43,4,,2,100,,41241,43,4,,1,100,,41237,43,4,,1,95,,41238,43,4,,1,70,,41243,43,4,,1,102,,41242,43,4,,1,94,,41239,43,4,,2,100,,41240,43,4,,1,100,,41232,43,4,,2,99,,41226,43,4,,1,100,,41234,43,4,,1,100,,41227,43,4,,1
6400,'Semaine-11-_26ÉTÉ-1111100-',718,,47055,43,4,,1,30,,47052,43,4,,2,70,,47047,43,4,,2,35,,47051,43,4,,2,95,,47053,43,4,,2,100,,47058,43,4,,2,100,,47057,43,4,,1,100,,47050,43,4,,2,100,,47063,43,4,,1,100,,47059,43,4,,1,95,,47060,43,4,,1,70,,47065,43,4,,1,102,,47064,43,4,,1,94,,47061,43,4,,2,100,,47062,43,4,,1,100,,47054,43,4,,1,99,,47048,43,4,,1,100,,47056,43,4,,1,100,,47049,43,4,,1
6400,'Semaine-5-_26ÉTÉ-1111100-',718,,51108,43,4,,1,30,,51105,43,4,,2,70,,51100,43,4,,2,35,,51104,43,4,,2,95,,51106,43,4,,2,100,,51111,43,4,,2,100,,51110,43,4,,1,100,,51103,43,4,,2,100,,51116,43,4,,1,100,,51112,43,4,,1,95,,51113,43,4,,1,70,,51118,43,4,,1,102,,51117,43,4,,1,94,,51114,43,4,,2,100,,51115,43,4,,1,100,,51107,43,4,,1,99,,51101,43,4,,1,100,,51109,43,4,,1,100,,51102,43,4,,1
