6201,'Semaine-1-_26ÉTÉ-1111100-',517,,41000,7,,,2,30,,40994,7,,,2,70,,41010,7,,,1,31,,41005,7,,,2,69,,40990,7,,,2,32,,40991,7,,,2,69,,40995,7,,,2,29,,41004,7,,,1,91,,40996,7,,,1,100,,40992,7,,,2,100,,41001,7,,,2,100,,41008,7,,,2,100,,41011,7,,,2,99,,41002,7,,,1,95,,41012,7,,,1,83,,41007,7,,,1,85,,40993,7,,,1,37,,41006,7,,,2,69,,41009,7,,,1,100,,40999,7,,,1,100,,40998,7,,,1,45,,41003,7,,,1,100,,40997,7,,,1
6201,'Semaine-10-_26ÉTÉ-1111100-',517,,41023,7,,,2,30,,41017,7,,,2,70,,41033,7,,,1,31,,41028,7,,,2,69,,41013,7,,,2,32,,41014,7,,,2,69,,41018,7,,,2,29,,41027,7,,,1,91,,41019,7,,,1,100,,41015,7,,,2,100,,41024,7,,,2,100,,41031,7,,,2,100,,41034,7,,,2,99,,41025,7,,,1,95,,41035,7,,,1,83,,41030,7,,,1,85,,41016,7,,,1,37,,41029,7,,,2,69,,41032,7,,,1,100,,41022,7,,,2,100,,41021,7,,,1,45,,41026,7,,,1,100,,41020,7,,,1
6201,'Semaine-11-_26ÉTÉ-1111100-',517,,46963,7,,,2,30,,46957,7,,,2,70,,46973,7,,,1,31,,46968,7,,,2,69,,46953,7,,,2,32,,46954,7,,,2,69,,46958,7,,,2,29,,46967,7,,,1,91,,46959,7,,,1,100,,46955,7,,,2,100,,46964,7,,,2,100,,46971,7,,,2,100,,46974,7,,,2,99,,46965,7,,,1,95,,46975,7,,,1,83,,46970,7,,,1,85,,46956,7,,,1,37,,46969,7,,,2,69,,46972,7,,,1,100,,46962,7,,,1,100,,46961,7,,,1,45,,46966,7,,,1,100,,46960,7,,,1
6201,'Semaine-12-_26ÉTÉ-1111100-',517,,53478,7,,,2,30,,53472,7,,,2,70,,53488,7,,,1,31,,53483,7,,,2,69,,53468,7,,,2,32,,53469,7,,,2,69,,53473,7,,,2,29,,53482,7,,,1,91,,53474,7,,,1,100,,53470,7,,,2,100,,53479,7,,,2,100,,53486,7,,,2,100,,53489,7,,,2,99,,53480,7,,,1,95,,53490,7,,,1,83,,53485,7,,,1,85,,53471,7,,,1,37,,53484,7,,,2,69,,53487,7,,,1,100,,53477,7,,,1,100,,53476,7,,,1,45,,53481,7,,,1,100,,53475,7,,,1
6201,'Semaine-5-_26ÉTÉ-1111100-',517,,51044,7,,,2,30,,51038,7,,,2,70,,51054,7,,,1,31,,51049,7,,,2,69,,51034,7,,,2,32,,51035,7,,,2,69,,51039,7,,,2,29,,51048,7,,,1,91,,51040,7,,,1,100,,51036,7,,,2,100,,51045,7,,,2,100,,51052,7,,,2,100,,51055,7,,,2,99,,51046,7,,,1,95,,51056,7,,,1,83,,51051,7,,,1,85,,51037,7,,,1,37,,51050,7,,,2,69,,51053,7,,,1,100,,51043,7,,,1,100,,51042,7,,,1,45,,51047,7,,,1,100,,51041,7,,,1
7100,'Samedi-0-_26ÉTÉ-0000010-',807,,42399,7,,,2,100,,42400,7,,,1,100,,42402,7,,,1,102,,42397,7,,,1,100,,42401,7,,,1,100,,42398,7,,,1,100,,42403,7,,,1,100,,42404,7,,,2,100,,42405,7,,,2,100,,42406,7,,,2,100,,42407,7,,,2,98,,42408,7,,,2,100,,42409,7,,,1,100,,42410,7,,,1,100,,42411,7,,,2,100,,42412,7,,,1
7100,'Dimanche-0-_26ÉTÉ-0000001-',807,,42416,7,,,2,100,,42417,7,,,1,100,,42418,7,,,1,102,,42419,7,,,1,100,,42415,7,,,1,100,,42414,7,,,1,100,,42420,7,,,1,100,,42413,7,,,2,100,,42423,7,,,2,100,,42425,7,,,2,100,,42426,7,,,2,98,,42424,7,,,2,100,,42421,7,,,1,100,,42422,7,,,1,100,,42428,7,,,2,100,,42427,7,,,1
7100,'Dimanche-10-_26ÉTÉ-0000001-',807,,42432,7,,,2,100,,42433,7,,,1,100,,42434,7,,,1,102,,42435,7,,,1,100,,42431,7,,,1,100,,42430,7,,,1,100,,42436,7,,,1,100,,42429,7,,,2,100,,42439,7,,,2,100,,42441,7,,,2,100,,42442,7,,,2,98,,42440,7,,,2,100,,42437,7,,,1,100,,42438,7,,,1,100,,42444,7,,,2,100,,42443,7,,,1
7100,'Dimanche-11-_26ÉTÉ-0000001-',807,,49537,7,,,2,100,,49538,7,,,1,100,,49539,7,,,1,102,,49540,7,,,1,100,,49536,7,,,1,100,,49535,7,,,1,100,,49541,7,,,1,100,,49534,7,,,2,100,,49544,7,,,2,100,,49546,7,,,2,100,,49547,7,,,2,98,,49545,7,,,2,100,,49542,7,,,1,100,,49543,7,,,1,100,,49549,7,,,2,100,,49548,7,,,1
7100,'Semaine-1-_26ÉTÉ-1111100-',533,,42478,7,,,2,70,,42461,7,,,1,30,,42479,7,,,2,19,,42482,7,,,2,61,,42452,7,,,1,20,,42456,7,,,2,20,,42455,7,,,2,50,,42477,7,,,1,10,,42453,7,,,1,10,,42468,7,,,2,20,,42445,7,,,2,60,,42471,7,,,1,20,,42476,7,,,1,30,,42467,7,,,1,71,,42472,7,,,1,30,,42473,7,,,2,70,,42487,7,,,2,30,,42448,7,,,1,70,,42474,7,,,1,30,,42486,7,,,1,70,,42447,7,,,1,30,,42449,7,,,1,71,,42457,7,,,2,28,,42480,7,,,1,70,,42451,7,,,2,7,,42481,7,,,2,21,,42484,7,,,2,59,,42483,7,,,2,14,,42464,7,,,2,6,,42459,7,,,2,20,,42460,7,,,2,60,,42450,7,,,2,20,,42469,7,,,1,23,,42446,7,,,2,67,,42470,7,,,2,31,,42485,7,,,1,70,,42458,7,,,2,30,,42462,7,,,1,70,,42465,7,,,1,101,,42463,7,,,1,99,,42475,7,,,1,100,,42454,7,,,2,101,,42466,7,,,1
7100,'Semaine-10-_26ÉTÉ-1111100-',533,,42521,7,,,2,70,,42504,7,,,1,30,,42522,7,,,2,19,,42525,7,,,2,61,,42495,7,,,1,20,,42499,7,,,2,20,,42498,7,,,2,50,,42520,7,,,1,10,,42496,7,,,1,10,,42511,7,,,2,20,,42488,7,,,2,60,,42514,7,,,1,20,,42519,7,,,1,30,,42510,7,,,1,71,,42515,7,,,1,30,,42516,7,,,2,70,,42530,7,,,2,30,,42491,7,,,1,70,,42517,7,,,1,30,,42529,7,,,1,70,,42490,7,,,1,30,,42492,7,,,1,71,,42500,7,,,2,28,,42523,7,,,1,70,,42494,7,,,2,7,,42524,7,,,2,21,,42527,7,,,2,59,,42526,7,,,2,14,,42507,7,,,2,6,,42502,7,,,2,20,,42503,7,,,2,60,,42493,7,,,2,20,,42512,7,,,1,23,,42489,7,,,2,67,,42513,7,,,2,31,,42528,7,,,1,70,,42501,7,,,2,30,,42505,7,,,1,70,,42508,7,,,1,101,,42506,7,,,1,99,,42518,7,,,1,100,,42497,7,,,2,101,,42509,7,,,1
7100,'Semaine-11-_26ÉTÉ-1111100-',533,,47609,7,,,2,70,,47592,7,,,1,30,,47610,7,,,2,19,,47613,7,,,2,61,,47583,7,,,1,20,,47587,7,,,2,20,,47586,7,,,2,50,,47608,7,,,1,10,,47584,7,,,1,10,,47599,7,,,2,20,,47576,7,,,2,60,,47602,7,,,1,20,,47607,7,,,1,30,,47598,7,,,1,71,,47603,7,,,1,30,,47604,7,,,2,70,,47618,7,,,2,30,,47579,7,,,1,70,,47605,7,,,1,30,,47617,7,,,1,70,,47578,7,,,1,30,,47580,7,,,1,71,,47588,7,,,2,28,,47611,7,,,1,70,,47582,7,,,2,7,,47612,7,,,2,21,,47615,7,,,2,59,,47614,7,,,2,14,,47595,7,,,2,6,,47590,7,,,2,20,,47591,7,,,2,60,,47581,7,,,2,20,,47600,7,,,1,23,,47577,7,,,2,67,,47601,7,,,2,31,,47616,7,,,1,70,,47589,7,,,2,30,,47593,7,,,1,70,,47596,7,,,1,101,,47594,7,,,1,99,,47606,7,,,1,100,,47585,7,,,2,101,,47597,7,,,1
7100,'Semaine-12-_26ÉTÉ-1111100-',533,,53915,7,,,2,70,,53898,7,,,1,30,,53916,7,,,2,19,,53919,7,,,2,61,,53889,7,,,1,20,,53893,7,,,2,20,,53892,7,,,2,50,,53914,7,,,1,10,,53890,7,,,1,10,,53905,7,,,2,20,,53882,7,,,2,60,,53908,7,,,1,20,,53913,7,,,1,30,,53904,7,,,1,71,,53909,7,,,1,30,,53910,7,,,2,70,,53924,7,,,2,30,,53885,7,,,1,70,,53911,7,,,1,30,,53923,7,,,1,70,,53884,7,,,1,30,,53886,7,,,1,71,,53894,7,,,2,28,,53917,7,,,1,70,,53888,7,,,2,7,,53918,7,,,2,21,,53921,7,,,2,59,,53920,7,,,2,14,,53901,7,,,2,6,,53896,7,,,2,20,,53897,7,,,2,60,,53887,7,,,2,20,,53906,7,,,1,23,,53883,7,,,2,67,,53907,7,,,2,31,,53922,7,,,1,70,,53895,7,,,2,30,,53899,7,,,1,70,,53902,7,,,1,101,,53900,7,,,1,99,,53912,7,,,1,100,,53891,7,,,2,101,,53903,7,,,1
7100,'Semaine-5-_26ÉTÉ-1111100-',533,,51482,7,,,2,70,,51465,7,,,1,30,,51483,7,,,2,19,,51486,7,,,2,61,,51456,7,,,1,20,,51460,7,,,2,20,,51459,7,,,2,50,,51481,7,,,1,10,,51457,7,,,1,10,,51472,7,,,2,20,,51449,7,,,2,60,,51475,7,,,1,20,,51480,7,,,1,30,,51471,7,,,1,71,,51476,7,,,1,30,,51477,7,,,2,70,,51491,7,,,2,30,,51452,7,,,1,70,,51478,7,,,1,30,,51490,7,,,1,70,,51451,7,,,1,30,,51453,7,,,1,71,,51461,7,,,2,28,,51484,7,,,1,70,,51455,7,,,2,7,,51485,7,,,2,21,,51488,7,,,2,59,,51487,7,,,2,14,,51468,7,,,2,6,,51463,7,,,2,20,,51464,7,,,2,60,,51454,7,,,2,20,,51473,7,,,1,23,,51450,7,,,2,67,,51474,7,,,2,31,,51489,7,,,1,70,,51462,7,,,2,30,,51466,7,,,1,70,,51469,7,,,1,101,,51467,7,,,1,99,,51479,7,,,1,100,,51458,7,,,2,101,,51470,7,,,1
7300,'Semaine-1-_26ÉTÉ-1111100-',617,,42757,7,,,1,30,,42755,7,,,2,70,,42758,7,,,2,29,,42765,7,,,1,71,,42759,7,,,1,29,,42760,7,,,2,100,,42762,7,,,1,100,,42746,7,,,1,100,,42743,7,,,1,100,,42744,7,,,2,100,,42745,7,,,2,101,,42747,7,,,2,67,,42748,7,,,1,29,,42766,7,,,1,77,,42763,7,,,2,24,,42764,7,,,2,72,,42761,7,,,1,30,,42749,7,,,1,70,,42750,7,,,1,31,,42751,7,,,1,100,,42752,7,,,1,105,,42753,7,,,2,100,,42754,7,,,1,100,,42756,7,,,2
7300,'Semaine-10-_26ÉTÉ-1111100-',617,,42781,7,,,1,30,,42779,7,,,2,70,,42782,7,,,2,29,,42789,7,,,1,71,,42783,7,,,1,29,,42784,7,,,2,100,,42786,7,,,1,100,,42770,7,,,1,100,,42767,7,,,1,100,,42768,7,,,2,100,,42769,7,,,2,101,,42771,7,,,2,67,,42772,7,,,1,29,,42790,7,,,1,77,,42787,7,,,2,24,,42788,7,,,2,72,,42785,7,,,1,30,,42773,7,,,1,70,,42774,7,,,1,31,,42775,7,,,1,100,,42776,7,,,1,105,,42777,7,,,2,100,,42778,7,,,1,100,,42780,7,,,2
7300,'Semaine-11-_26ÉTÉ-1111100-',617,,47724,7,,,1,30,,47722,7,,,2,70,,47725,7,,,2,29,,47732,7,,,1,71,,47726,7,,,1,29,,47727,7,,,2,100,,47729,7,,,1,100,,47713,7,,,1,100,,47710,7,,,1,100,,47711,7,,,2,100,,47712,7,,,2,101,,47714,7,,,2,67,,47715,7,,,1,29,,47733,7,,,1,77,,47730,7,,,2,24,,47731,7,,,2,72,,47728,7,,,1,30,,47716,7,,,1,70,,47717,7,,,1,31,,47718,7,,,1,100,,47719,7,,,1,105,,47720,7,,,2,100,,47721,7,,,1,100,,47723,7,,,2
7300,'Semaine-12-_26ÉTÉ-1111100-',617,,54000,7,,,1,30,,53998,7,,,2,70,,54001,7,,,2,29,,54008,7,,,1,71,,54002,7,,,1,29,,54003,7,,,2,100,,54005,7,,,1,100,,53989,7,,,1,100,,53986,7,,,1,100,,53987,7,,,2,100,,53988,7,,,2,101,,53990,7,,,2,67,,53991,7,,,1,29,,54009,7,,,1,77,,54006,7,,,2,24,,54007,7,,,2,72,,54004,7,,,1,30,,53992,7,,,1,70,,53993,7,,,1,31,,53994,7,,,1,100,,53995,7,,,1,105,,53996,7,,,2,100,,53997,7,,,1,100,,53999,7,,,2
7300,'Semaine-5-_26ÉTÉ-1111100-',617,,51567,7,,,1,30,,51565,7,,,2,70,,51568,7,,,2,29,,51575,7,,,1,71,,51569,7,,,1,29,,51570,7,,,2,100,,51572,7,,,1,100,,51556,7,,,1,100,,51553,7,,,1,100,,51554,7,,,2,100,,51555,7,,,2,101,,51557,7,,,2,67,,51558,7,,,1,29,,51576,7,,,1,77,,51573,7,,,2,24,,51574,7,,,2,72,,51571,7,,,1,30,,51559,7,,,1,70,,51560,7,,,1,31,,51561,7,,,1,100,,51562,7,,,1,105,,51563,7,,,2,100,,51564,7,,,1,100,,51566,7,,,2
