4000,'Semaine-1-_26ÉTÉ-1111100-',1530,,25265,21,,,2,29,,25261,21,,,2,76,,25264,21,,,1,67,,25263,21,,,1,31,,25262,21,,,1,25,,25266,21,,,2
4000,'Semaine-10-_26ÉTÉ-1111100-',1530,,28248,21,,,2,29,,28244,21,,,2,76,,28247,21,,,1,67,,28246,21,,,1,31,,28245,21,,,1,25,,28249,21,,,2
4100,'Semaine-1-_26ÉTÉ-1111100-',1541,,25274,21,,,2,69,,25276,21,,,1,35,,25275,21,,,2,66,,25273,21,,,1,29,,25277,21,,,1
4100,'Semaine-10-_26ÉTÉ-1111100-',1541,,28257,21,,,2,69,,28259,21,,,1,35,,28258,21,,,2,66,,28256,21,,,1,29,,28260,21,,,1
4500,'Semaine-1-_26ÉTÉ-1111100-',1514,,25292,21,,,1,34,,25287,21,,,2,72,,25288,21,,,2,30,,25290,21,,,1,69,,25291,21,,,1,27,,25289,21,,,2
4500,'Semaine-10-_26ÉTÉ-1111100-',1514,,28275,21,,,1,34,,28270,21,,,2,72,,28271,21,,,2,30,,28273,21,,,1,69,,28274,21,,,1,27,,28272,21,,,2
4700,'Semaine-1-_26ÉTÉ-1111100-',1537,,25299,21,,,2,101,,25301,21,,,2,99,,25300,21,,,2
4700,'Semaine-10-_26ÉTÉ-1111100-',1537,,28282,21,,,2,101,,28284,21,,,2,99,,28283,21,,,2
5500,'Samedi-0-_26ÉTÉ-0000010-',709,,28546,22,,,1,30,,28543,22,,,1,70,,28544,22,,,1,30,,28547,22,,,1,70,,28545,22,,,1,29,,28552,22,,,1,70,,28549,22,,,1,29,,28550,22,,,1,75,,28555,22,,,1,26,,28554,22,,,1,68,,28548,22,,,1,30,,28551,22,,,1,70,,28553,22,,,1,34,,28556,22,,,1,70,,28557,22,,,1,30,,28558,22,,,1,70,,28559,22,,,1,29,,28560,22,,,1,70,,28561,22,,,1,29,,28562,22,,,1,70,,28563,22,,,1,30,,28564,22,,,1,72,,28565,22,,,1,28,,28566,22,,,1,70,,28568,22,,,1,33,,28567,22,,,1,67,,28569,22,,,1,30,,28571,22,,,1,71,,28570,22,,,1,31,,28572,22,,,1,68,,28573,22,,,1,30,,28576,22,,,1,70,,28578,22,,,1,30,,28575,22,,,1,71,,28574,22,,,1,28,,28577,22,,,1
5500,'Dimanche-0-_26ÉTÉ-0000001-',709,,28581,22,,,1,30,,28586,22,,,1,70,,28590,22,,,1,30,,28584,22,,,1,70,,28582,22,,,1,29,,28587,22,,,1,70,,28589,22,,,1,29,,28583,22,,,1,75,,28579,22,,,1,26,,28580,22,,,1,68,,28592,22,,,1,30,,28596,22,,,1,70,,28594,22,,,1,34,,28591,22,,,1,70,,28585,22,,,1,30,,28599,22,,,1,70,,28600,22,,,1,29,,28601,22,,,1,70,,28595,22,,,1,29,,28608,22,,,1,70,,28605,22,,,1,30,,28593,22,,,1,72,,28613,22,,,1,28,,28607,22,,,1,70,,28588,22,,,1,33,,28611,22,,,1,67,,28604,22,,,1,30,,28597,22,,,1,71,,28602,22,,,1,31,,28598,22,,,1,68,,28609,22,,,1,30,,28606,22,,,1,70,,28603,22,,,1,30,,28612,22,,,1,71,,28610,22,,,1,28,,28614,22,,,1
5500,'Dimanche-10-_26ÉTÉ-0000001-',709,,31892,22,,,1,30,,31897,22,,,1,70,,31901,22,,,1,30,,31895,22,,,1,70,,31893,22,,,1,29,,31898,22,,,1,70,,31900,22,,,1,29,,31894,22,,,1,75,,31890,22,,,1,26,,31891,22,,,1,68,,31903,22,,,1,30,,31907,22,,,1,70,,31905,22,,,1,34,,31902,22,,,1,70,,31896,22,,,1,30,,31910,22,,,1,70,,31911,22,,,1,29,,31912,22,,,1,70,,31906,22,,,1,29,,31919,22,,,1,70,,31916,22,,,1,30,,31904,22,,,1,72,,31924,22,,,1,28,,31918,22,,,1,70,,31899,22,,,1,33,,31922,22,,,1,67,,31915,22,,,1,30,,31908,22,,,1,71,,31913,22,,,1,31,,31909,22,,,1,68,,31920,22,,,1,30,,31917,22,,,1,70,,31914,22,,,1,30,,31923,22,,,1,71,,31921,22,,,1,28,,31925,22,,,1
5500,'Semaine-1-_26ÉTÉ-1111100-',605,,25422,22,,,1,104,,25438,22,,,1,102,,25421,22,,,1,99,,25457,22,,,1,28,,25458,22,,,1,69,,25427,22,,,1,30,,25437,22,,,1,69,,25441,22,,,1,32,,25463,22,,,1,70,,25423,22,,,1,30,,25462,22,,,1,69,,25440,22,,,1,30,,25455,22,,,1,70,,25449,22,,,1,24,,25456,22,,,1,16,,25442,22,,,1,57,,25420,22,,,1,14,,25461,22,,,1,17,,25431,22,,,1,15,,25464,22,,,1,53,,25452,22,,,1,10,,25424,22,,,1,13,,25435,22,,,1,14,,25467,22,,,1,13,,25460,22,,,1,51,,25426,22,,,1,11,,25443,22,,,1,12,,25436,22,,,1,9,,25465,22,,,1,11,,25450,22,,,1,9,,25430,22,,,1,52,,25425,22,,,1,10,,25466,22,,,1,12,,25434,22,,,1,11,,25429,22,,,1,10,,25439,22,,,1,70,,25454,22,,,1,29,,25459,22,,,1,71,,25446,22,,,1,29,,25432,22,,,1,70,,25453,22,,,1,28,,25444,22,,,1,71,,25447,22,,,1,29,,25433,22,,,1,70,,25448,22,,,1,30,,25445,22,,,1,69,,25428,22,,,1,30,,25451,22,,,1
5500,'Semaine-10-_26ÉTÉ-1111100-',605,,28617,22,,,1,104,,28633,22,,,1,102,,28616,22,,,1,99,,28652,22,,,1,28,,28653,22,,,1,69,,28622,22,,,1,30,,28632,22,,,1,69,,28636,22,,,1,32,,28658,22,,,1,70,,28618,22,,,1,30,,28657,22,,,1,69,,28635,22,,,1,30,,28650,22,,,1,70,,28644,22,,,1,24,,28651,22,,,1,16,,28637,22,,,1,57,,28615,22,,,1,14,,28656,22,,,1,17,,28626,22,,,1,15,,28659,22,,,1,53,,28647,22,,,1,10,,28619,22,,,1,13,,28630,22,,,1,14,,28662,22,,,1,13,,28655,22,,,1,51,,28621,22,,,1,11,,28638,22,,,1,12,,28631,22,,,1,9,,28660,22,,,1,11,,28645,22,,,1,9,,28625,22,,,1,52,,28620,22,,,1,10,,28661,22,,,1,12,,28629,22,,,1,11,,28624,22,,,1,10,,28634,22,,,1,70,,28649,22,,,1,29,,28654,22,,,1,71,,28641,22,,,1,29,,28627,22,,,1,70,,28648,22,,,1,28,,28639,22,,,1,71,,28642,22,,,1,29,,28628,22,,,1,70,,28643,22,,,1,30,,28640,22,,,1,69,,28623,22,,,1,30,,28646,22,,,1
5601,'Semaine-1-_26ÉTÉ-1111100-',1232,,25527,24,,,2,102,,25524,24,,,1,100,,25523,24,,,1,99,,25526,24,,,1,106,,25525,24,,,1,98,,25528,24,,,2,95,,25529,24,,,1
5601,'Semaine-10-_26ÉTÉ-1111100-',1232,,28788,24,,,2,102,,28785,24,,,1,100,,28784,24,,,1,99,,28787,24,,,1,106,,28786,24,,,1,98,,28789,24,,,2,95,,28790,24,,,1
5800,'Semaine-1-_26ÉTÉ-1111100-',823,,25534,9,,,1,399,,25535,9,,,1,300,,25537,9,,,1,31,,25532,9,,,1,70,,25533,9,,,1,30,,25536,9,,,2,69,,25531,9,,,1,30,,25530,9,,,2
5800,'Semaine-10-_26ÉTÉ-1111100-',823,,28795,9,,,1,399,,28796,9,,,1,300,,28798,9,,,1,31,,28793,9,,,1,70,,28794,9,,,1,30,,28797,9,,,2,69,,28792,9,,,1,30,,28791,9,,,2
5900,'Samedi-0-_26ÉTÉ-0000010-',723,,28810,22,,,1,30,,28813,22,,,1,70,,28806,22,,,1,30,,28812,22,,,1,70,,28809,22,,,1,30,,28814,22,,,1,70,,28818,22,,,1,30,,28819,22,,,1,70,,28808,22,,,1,30,,28807,22,,,1,71,,28817,22,,,1,30,,28811,22,,,1,70,,28815,22,,,1,31,,28820,22,,,1,70,,28816,22,,,1,30,,28821,22,,,1,70,,28822,22,,,1,29,,28823,22,,,1,70,,28824,22,,,1,32,,28825,22,,,1,69,,28826,22,,,1,30,,28827,22,,,1,69,,28828,22,,,1,30,,28829,22,,,1,70,,28830,22,,,1,29,,28832,22,,,1,70,,28831,22,,,1,30,,28834,22,,,1,70,,28833,22,,,1,30,,28835,22,,,1,70,,28836,22,,,1,30,,28838,22,,,1,70,,28837,22,,,1,31,,28839,22,,,1
5900,'Dimanche-0-_26ÉTÉ-0000001-',723,,28846,22,,,1,30,,28841,22,,,1,70,,28844,22,,,1,30,,28849,22,,,1,70,,28853,22,,,1,30,,28842,22,,,1,70,,28845,22,,,1,30,,28851,22,,,1,70,,28852,22,,,1,30,,28840,22,,,1,71,,28843,22,,,1,30,,28848,22,,,1,70,,28850,22,,,1,31,,28847,22,,,1,70,,28855,22,,,1,30,,28860,22,,,1,70,,28854,22,,,1,29,,28865,22,,,1,70,,28866,22,,,1,32,,28857,22,,,1,69,,28861,22,,,1,30,,28872,22,,,1,69,,28856,22,,,1,30,,28862,22,,,1,70,,28858,22,,,1,29,,28863,22,,,1,70,,28868,22,,,1,30,,28869,22,,,1,70,,28859,22,,,1,30,,28873,22,,,1,70,,28867,22,,,1,30,,28864,22,,,1,70,,28871,22,,,1,31,,28870,22,,,1
5900,'Dimanche-10-_26ÉTÉ-0000001-',723,,31965,22,,,1,30,,31960,22,,,1,70,,31963,22,,,1,30,,31968,22,,,1,70,,31972,22,,,1,30,,31961,22,,,1,70,,31964,22,,,1,30,,31970,22,,,1,70,,31971,22,,,1,30,,31959,22,,,1,71,,31962,22,,,1,30,,31967,22,,,1,70,,31969,22,,,1,31,,31966,22,,,1,70,,31974,22,,,1,30,,31979,22,,,1,70,,31973,22,,,1,29,,31984,22,,,1,70,,31985,22,,,1,32,,31976,22,,,1,69,,31980,22,,,1,30,,31991,22,,,1,69,,31975,22,,,1,30,,31981,22,,,1,70,,31977,22,,,1,29,,31982,22,,,1,70,,31987,22,,,1,30,,31988,22,,,1,70,,31978,22,,,1,30,,31992,22,,,1,70,,31986,22,,,1,30,,31983,22,,,1,70,,31990,22,,,1,31,,31989,22,,,1
5900,'Semaine-1-_26ÉTÉ-1111100-',637,,25552,22,,,1,104,,25587,22,,,1,100,,25568,22,,,1,84,,25564,22,,,1,28,,25585,22,,,1,70,,25561,22,,,1,30,,25584,22,,,1,70,,25575,22,,,1,30,,25569,22,,,1,71,,25577,22,,,1,30,,25560,22,,,1,70,,25588,22,,,1,30,,25551,22,,,1,71,,25582,22,,,1,14,,25553,22,,,1,17,,25586,22,,,1,71,,25546,22,,,1,14,,25590,22,,,1,16,,25545,22,,,1,48,,25580,22,,,1,17,,25576,22,,,1,7,,25589,17,,,1,6,,25563,22,,,1,13,,25547,22,,,1,6,,25591,17,,,1,48,,25548,22,,,1,10,,25556,22,,,1,7,,25583,22,,,1,17,,25572,22,,,1,9,,25559,22,,,1,8,,25581,22,,,1,52,,25567,22,,,1,12,,25579,22,,,1,9,,25549,22,,,1,10,,25554,22,,,1,71,,25574,22,,,1,29,,25565,22,,,1,70,,25570,22,,,1,29,,25558,22,,,1,70,,25566,22,,,1,30,,25571,22,,,1,70,,25578,22,,,1,30,,25555,22,,,1,70,,25573,22,,,1,29,,25562,22,,,1,71,,25550,22,,,1,28,,25557,22,,,1
5900,'Semaine-10-_26ÉTÉ-1111100-',637,,28881,22,,,1,104,,28916,22,,,1,100,,28897,22,,,1,84,,28893,22,,,1,28,,28914,22,,,1,70,,28890,22,,,1,30,,28913,22,,,1,70,,28904,22,,,1,30,,28898,22,,,1,71,,28906,22,,,1,30,,28889,22,,,1,70,,28917,22,,,1,30,,28880,22,,,1,71,,28911,22,,,1,14,,28882,22,,,1,17,,28915,22,,,1,71,,28875,22,,,1,14,,28919,22,,,1,16,,28874,22,,,1,48,,28909,22,,,1,17,,28905,22,,,1,7,,28918,17,,,1,6,,28892,22,,,1,13,,28876,22,,,1,6,,28920,17,,,1,48,,28877,22,,,1,10,,28885,22,,,1,7,,28912,22,,,1,17,,28901,22,,,1,9,,28888,22,,,1,8,,28910,22,,,1,52,,28896,22,,,1,12,,28908,22,,,1,9,,28878,22,,,1,10,,28883,22,,,1,71,,28903,22,,,1,29,,28894,22,,,1,70,,28899,22,,,1,29,,28887,22,,,1,70,,28895,22,,,1,30,,28900,22,,,1,70,,28907,22,,,1,30,,28884,22,,,1,70,,28902,22,,,1,29,,28891,22,,,1,71,,28879,22,,,1,28,,28886,22,,,1
80001,'Samedi-0-_26ÉTÉ-0000010-',635,,31463,24,,,1,100,,31465,24,,,1,99,,31466,24,,,2,100,,31469,24,,,1,102,,31464,24,,,2,100,,31467,24,,,1,99,,31470,24,,,1,99,,31468,24,,,2,100,,31471,24,,,1,100,,31472,24,,,1,100,,31473,24,,,2,100,,31474,24,,,1,97,,31477,24,,,1,101,,31475,24,,,2,100,,31476,24,,,2,100,,31478,24,,,1,102,,31479,24,,,1
80001,'Dimanche-0-_26ÉTÉ-0000001-',635,,31480,24,,,1,100,,31481,24,,,1,99,,31485,24,,,2,100,,31482,24,,,1,102,,31486,24,,,2,100,,31483,24,,,1,99,,31484,24,,,1,99,,31488,24,,,2,100,,31487,24,,,1,100,,31489,24,,,1,100,,31491,24,,,2,100,,31492,24,,,1,97,,31493,24,,,1,101,,31490,24,,,2,100,,31494,24,,,2,100,,31495,24,,,1,102,,31496,24,,,1
80001,'Dimanche-10-_26ÉTÉ-0000001-',635,,32594,24,,,1,100,,32595,24,,,1,99,,32599,24,,,2,100,,32596,24,,,1,102,,32600,24,,,2,100,,32597,24,,,1,99,,32598,24,,,1,99,,32602,24,,,2,100,,32601,24,,,1,100,,32603,24,,,1,100,,32605,24,,,2,100,,32606,24,,,1,97,,32607,24,,,1,101,,32604,24,,,2,100,,32608,24,,,2,100,,32609,24,,,1,102,,32610,24,,,1
80001,'Semaine-1-_26ÉTÉ-1111100-',624,,26954,24,,,1,30,,26940,24,,,1,70,,26960,24,,,1,30,,26944,24,,,2,74,,26934,24,,,2,26,,26951,24,,,2,68,,26948,24,,,2,30,,26956,24,,,1,70,,26961,24,,,2,30,,26947,24,,,1,70,,26955,24,,,1,30,,26937,24,,,1,71,,26965,24,,,1,29,,26964,24,,,2,74,,26935,24,,,2,30,,26958,24,,,1,70,,26946,24,,,1,31,,26952,24,,,1,71,,26962,24,,,1,29,,26949,24,,,2,58,,26959,24,,,1,20,,26966,24,,,2,68,,26957,24,,,1,26,,26950,24,,,1,29,,26938,24,,,1,68,,26942,24,,,1,27,,26932,24,,,1,70,,26963,24,,,1,31,,26939,24,,,1,67,,26941,24,,,1,29,,26945,24,,,1,70,,26933,24,,,2,30,,26953,24,,,1,74,,26936,24,,,1,31,,26943,24,,,1
80001,'Semaine-10-_26ÉTÉ-1111100-',624,,31519,24,,,1,30,,31505,24,,,1,70,,31525,24,,,1,30,,31509,24,,,2,74,,31499,24,,,2,26,,31516,24,,,2,68,,31513,24,,,2,30,,31521,24,,,1,70,,31526,24,,,2,30,,31512,24,,,1,70,,31520,24,,,1,30,,31502,24,,,1,71,,31530,24,,,1,29,,31529,24,,,2,74,,31500,24,,,2,30,,31523,24,,,1,70,,31511,24,,,1,31,,31517,24,,,1,71,,31527,24,,,1,29,,31514,24,,,2,58,,31524,24,,,1,20,,31531,24,,,2,68,,31522,24,,,1,26,,31515,24,,,1,29,,31503,24,,,1,68,,31507,24,,,1,27,,31497,24,,,1,70,,31528,24,,,1,31,,31504,24,,,1,67,,31506,24,,,1,29,,31510,24,,,1,70,,31498,24,,,2,30,,31518,24,,,1,74,,31501,24,,,1,31,,31508,24,,,1
