2001,'Semaine-1-_26ÉTÉ-1111100-',1559,,24572,23,4,,1,142,,24573,23,4,,1,99,,24574,23,4,,2
2001,'Semaine-10-_26ÉTÉ-1111100-',1559,,26979,23,4,,1,142,,26980,23,4,,1,99,,26981,23,4,,2
2701,'Semaine-1-_26ÉTÉ-1111100-',644,,24615,43,4,,1,90,,24616,43,4,,1,86,,24613,43,4,,1,31,,24614,43,4,,1
2701,'Semaine-10-_26ÉTÉ-1111100-',644,,27022,43,4,,1,90,,27023,43,4,,1,86,,27020,43,4,,1,31,,27021,43,4,,1
9301,'Semaine-1-_26ÉTÉ-1111100-',654,,26508,56,4,,1,60,,26506,56,4,,1,22,,26505,56,4,,1,76,,26509,56,4,,2,30,,26507,56,4,,1
9301,'Semaine-10-_26ÉTÉ-1111100-',654,,30579,56,4,,1,60,,30577,56,4,,1,22,,30576,56,4,,1,76,,30580,56,4,,2,30,,30578,56,4,,1
9401,'Semaine-1-_26ÉTÉ-1111100-',614,,26510,46,4,,1
9401,'Semaine-10-_26ÉTÉ-1111100-',614,,30581,46,4,,1
9501,'Semaine-1-_26ÉTÉ-1111100-',645,,26525,70,4,,1,55,,26521,70,4,,1,19,,26523,70,4,,1,16,,26528,70,4,,2,19,,26524,70,4,,2,55,,26526,70,4,,2,17,,26527,70,4,,1,13,,26522,70,4,,2
9501,'Semaine-10-_26ÉTÉ-1111100-',645,,30596,70,4,,1,55,,30592,70,4,,1,19,,30594,70,4,,1,16,,30599,70,4,,2,19,,30595,70,4,,2,55,,30597,70,4,,2,17,,30598,70,4,,1,13,,30593,70,4,,2
9801,'Semaine-1-_26ÉTÉ-1111100-',559,,26566,60,4,,1,50,,26567,60,4,,1,10,,26568,60,4,,1
9801,'Semaine-10-_26ÉTÉ-1111100-',559,,30703,60,4,,1,50,,30704,60,4,,1,10,,30705,60,4,,1
