2301,'Semaine-1-_26ÉTÉ-1111100-',635,,37352,27,,,1,70,,37349,27,,,1,33,,37353,27,,,1,71,,37351,27,,,2,28,,37350,27,,,2
2301,'Semaine-10-_26ÉTÉ-1111100-',635,,37357,27,,,1,70,,37354,27,,,1,33,,37358,27,,,1,71,,37356,27,,,2,28,,37355,27,,,2
2301,'Semaine-11-_26ÉTÉ-1111100-',635,,45382,27,,,1,70,,45379,27,,,1,33,,45383,27,,,1,71,,45381,27,,,2,28,,45380,27,,,2
2301,'Semaine-12-_26ÉTÉ-1111100-',635,,52390,27,,,1,70,,52387,27,,,1,33,,52391,27,,,1,71,,52389,27,,,2,28,,52388,27,,,2
2301,'Semaine-5-_26ÉTÉ-1111100-',635,,49953,27,,,1,70,,49950,27,,,1,33,,49954,27,,,1,71,,49952,27,,,2,28,,49951,27,,,2
2501,'Semaine-1-_26ÉTÉ-1111100-',619,,37375,34,,,1,29,,37374,34,,,1,73,,37372,34,,,2,36,,37373,34,,,2,68,,37376,34,,,1,29,,37371,34,,,1
2501,'Semaine-10-_26ÉTÉ-1111100-',619,,37381,34,,,1,29,,37380,34,,,1,73,,37378,34,,,2,36,,37379,34,,,2,68,,37382,34,,,1,29,,37377,34,,,1
2501,'Semaine-11-_26ÉTÉ-1111100-',619,,45394,34,,,1,29,,45393,34,,,1,73,,45391,34,,,2,36,,45392,34,,,2,68,,45395,34,,,1,29,,45390,34,,,1
2501,'Semaine-12-_26ÉTÉ-1111100-',619,,52402,34,,,1,29,,52401,34,,,1,73,,52399,34,,,2,36,,52400,34,,,2,68,,52403,34,,,1,29,,52398,34,,,1
2501,'Semaine-5-_26ÉTÉ-1111100-',619,,49965,34,,,1,29,,49964,34,,,1,73,,49962,34,,,2,36,,49963,34,,,2,68,,49966,34,,,1,29,,49961,34,,,1
2701,'Semaine-1-_26ÉTÉ-1111100-',635,,37415,37,,,1,88,,37416,37,,,1,86,,37413,37,,,1,29,,37414,37,,,1
2701,'Semaine-10-_26ÉTÉ-1111100-',635,,37419,37,,,1,88,,37420,37,,,1,86,,37417,37,,,1,29,,37418,37,,,1
2701,'Semaine-11-_26ÉTÉ-1111100-',635,,45413,37,,,1,88,,45414,37,,,1,86,,45411,37,,,1,29,,45412,37,,,1
2701,'Semaine-12-_26ÉTÉ-1111100-',635,,52421,37,,,1,88,,52422,37,,,1,86,,52419,37,,,1,29,,52420,37,,,1
2701,'Semaine-5-_26ÉTÉ-1111100-',635,,49984,37,,,1,88,,49985,37,,,1,86,,49982,37,,,1,29,,49983,37,,,1
3301,'Samedi-0-_26ÉTÉ-0000010-',732,,38084,39,,,1,100,,38085,39,,,1,100,,38082,39,,,2,100,,38088,39,,,1,100,,38089,39,,,1,101,,38083,39,,,1,100,,38086,39,,,1,100,,38087,39,,,1,102,,38090,39,,,1,98,,38091,39,,,1,100,,38092,39,,,1,96,,38099,39,,,1,100,,38093,39,,,1,100,,38094,39,,,1,100,,38095,39,,,1,100,,38096,39,,,1,100,,38097,39,,,1,100,,38098,39,,,1
3301,'Dimanche-0-_26ÉTÉ-0000001-',732,,38104,39,,,1,100,,38105,39,,,1,100,,38106,39,,,2,100,,38100,39,,,1,100,,38101,39,,,1,101,,38102,39,,,1,100,,38103,39,,,1,100,,38108,39,,,1,102,,38109,39,,,1,98,,38107,39,,,1,100,,38110,39,,,1,96,,38113,39,,,1,100,,38117,39,,,1,100,,38111,39,,,1,100,,38112,39,,,1,100,,38115,39,,,1,100,,38114,39,,,1,100,,38116,39,,,1
3301,'Dimanche-10-_26ÉTÉ-0000001-',732,,38122,39,,,1,100,,38123,39,,,1,100,,38124,39,,,2,100,,38118,39,,,1,100,,38119,39,,,1,101,,38120,39,,,1,100,,38121,39,,,1,100,,38126,39,,,1,102,,38127,39,,,1,98,,38125,39,,,1,100,,38128,39,,,1,96,,38131,39,,,1,100,,38135,39,,,1,100,,38129,39,,,1,100,,38130,39,,,1,100,,38133,39,,,1,100,,38132,39,,,1,100,,38134,39,,,1
3301,'Dimanche-11-_26ÉTÉ-0000001-',732,,48907,39,,,1,100,,48908,39,,,1,100,,48909,39,,,2,100,,48903,39,,,1,100,,48904,39,,,1,101,,48905,39,,,1,100,,48906,39,,,1,100,,48911,39,,,1,102,,48912,39,,,1,98,,48910,39,,,1,100,,48913,39,,,1,96,,48916,39,,,1,100,,48920,39,,,1,100,,48914,39,,,1,100,,48915,39,,,1,100,,48918,39,,,1,100,,48917,39,,,1,100,,48919,39,,,1
3301,'Semaine-1-_26ÉTÉ-1111100-',619,,38159,39,,,2,22,,38167,39,,,2,64,,38144,39,,,1,17,,38164,39,,,1,18,,38160,39,,,2,4,,38155,39,,,1,9,,38175,39,,,1,51,,38173,39,,,2,22,,38162,39,,,2,12,,38150,39,,,1,10,,38166,39,,,2,55,,38140,39,,,1,30,,38152,39,,,1,68,,38158,39,,,1,31,,38148,39,,,2,68,,38169,39,,,1,31,,38153,39,,,1,69,,38145,39,,,1,32,,38147,39,,,1,20,,38165,39,,,1,6,,38174,39,,,1,68,,38156,39,,,1,29,,38146,39,,,1,71,,38151,39,,,1,74,,38154,40,,,1,12,,38176,40,,,1,19,,38157,40,,,1,18,,38149,40,,,2,53,,38161,40,,,2,33,,38142,40,,,1,68,,38172,40,,,1,23,,38139,40,,,2,26,,38136,40,,,2,68,,38170,39,,,1,82,,38143,39,,,1,30,,38138,39,,,1,97,,38141,39,,,1,80,,38163,39,,,1,105,,38168,39,,,1,97,,38137,39,,,1,124,,38171,39,,,1
3301,'Semaine-10-_26ÉTÉ-1111100-',619,,38200,39,,,2,22,,38208,39,,,2,64,,38185,39,,,1,17,,38205,39,,,1,18,,38201,39,,,2,4,,38196,39,,,1,9,,38216,39,,,1,51,,38214,39,,,2,22,,38203,39,,,2,12,,38191,39,,,1,10,,38207,39,,,2,55,,38181,39,,,1,30,,38193,39,,,1,68,,38199,39,,,1,31,,38189,39,,,2,68,,38210,39,,,1,31,,38194,39,,,1,69,,38186,39,,,1,32,,38188,39,,,1,20,,38206,39,,,1,6,,38215,39,,,1,68,,38197,39,,,1,29,,38187,39,,,1,71,,38192,39,,,1,74,,38195,40,,,1,12,,38217,40,,,1,19,,38198,40,,,1,18,,38190,40,,,2,53,,38202,40,,,2,33,,38183,40,,,1,68,,38213,40,,,1,23,,38180,40,,,2,26,,38177,40,,,2,68,,38211,39,,,1,82,,38184,39,,,1,30,,38179,39,,,1,97,,38182,39,,,1,80,,38204,39,,,1,105,,38209,39,,,1,97,,38178,39,,,1,124,,38212,39,,,1
3301,'Semaine-11-_26ÉTÉ-1111100-',619,,45759,39,,,2,22,,45767,39,,,2,64,,45744,39,,,1,17,,45764,39,,,1,18,,45760,39,,,2,4,,45755,39,,,1,9,,45775,39,,,1,51,,45773,39,,,2,22,,45762,39,,,2,12,,45750,39,,,1,10,,45766,39,,,2,55,,45740,39,,,1,30,,45752,39,,,1,68,,45758,39,,,1,31,,45748,39,,,2,68,,45769,39,,,1,31,,45753,39,,,1,69,,45745,39,,,1,32,,45747,39,,,1,20,,45765,39,,,1,6,,45774,39,,,1,68,,45756,39,,,1,29,,45746,39,,,1,71,,45751,39,,,1,74,,45754,40,,,1,12,,45776,40,,,1,19,,45757,40,,,1,18,,45749,40,,,2,53,,45761,40,,,2,33,,45742,40,,,1,68,,45772,40,,,1,23,,45739,40,,,2,26,,45736,40,,,2,68,,45770,39,,,1,82,,45743,39,,,1,30,,45738,39,,,1,97,,45741,39,,,1,80,,45763,39,,,1,105,,45768,39,,,1,97,,45737,39,,,1,124,,45771,39,,,1
3301,'Semaine-12-_26ÉTÉ-1111100-',619,,52694,39,,,2,22,,52702,39,,,2,64,,52679,39,,,1,17,,52699,39,,,1,18,,52695,39,,,2,4,,52690,39,,,1,9,,52710,39,,,1,51,,52708,39,,,2,22,,52697,39,,,2,12,,52685,39,,,1,10,,52701,39,,,2,55,,52675,39,,,1,30,,52687,39,,,1,68,,52693,39,,,1,31,,52683,39,,,2,68,,52704,39,,,1,31,,52688,39,,,1,69,,52680,39,,,1,32,,52682,39,,,1,20,,52700,39,,,1,6,,52709,39,,,1,68,,52691,39,,,1,29,,52681,39,,,1,71,,52686,39,,,1,74,,52689,40,,,1,12,,52711,40,,,1,19,,52692,40,,,1,18,,52684,40,,,2,53,,52696,40,,,2,33,,52677,40,,,1,68,,52707,40,,,1,23,,52674,40,,,2,26,,52671,40,,,2,68,,52705,39,,,1,82,,52678,39,,,1,30,,52673,39,,,1,97,,52676,39,,,1,80,,52698,39,,,1,105,,52703,39,,,1,97,,52672,39,,,1,124,,52706,39,,,1
3301,'Semaine-5-_26ÉTÉ-1111100-',619,,50258,39,,,2,22,,50266,39,,,2,64,,50243,39,,,1,17,,50263,39,,,1,18,,50259,39,,,2,4,,50254,39,,,1,9,,50274,39,,,1,51,,50272,39,,,2,22,,50261,39,,,2,12,,50249,39,,,1,10,,50265,39,,,2,55,,50239,39,,,1,30,,50251,39,,,1,68,,50257,39,,,1,31,,50247,39,,,2,68,,50268,39,,,1,31,,50252,39,,,1,69,,50244,39,,,1,32,,50246,39,,,1,20,,50264,39,,,1,6,,50273,39,,,1,68,,50255,39,,,1,29,,50245,39,,,1,71,,50250,39,,,1,74,,50253,40,,,1,12,,50275,40,,,1,19,,50256,40,,,1,18,,50248,40,,,2,53,,50260,40,,,2,33,,50241,40,,,1,68,,50271,40,,,1,23,,50238,40,,,2,26,,50235,40,,,2,68,,50269,39,,,1,82,,50242,39,,,1,30,,50237,39,,,1,97,,50240,39,,,1,80,,50262,39,,,1,105,,50267,39,,,1,97,,50236,39,,,1,124,,50270,39,,,1
