3201,'Semaine-4',548,,32943,38,,,1,61,,32942,38,,,1,19,,32934,38,,,1,20,,32944,38,,,1,9,,32924,38,,,1,49,,32945,38,,,1,12,,32925,38,,,2,10,,32926,38,,,1,13,,32918,38,,,1,9,,32921,38,,,1,7,,32947,38,,,1,49,,32927,38,,,1,9,,32922,38,,,1,9,,32935,38,,,1,8,,32917,38,,,2,6,,32928,38,,,1,8,,32946,38,,,1,8,,32916,38,,,1,51,,32915,38,,,1,11,,32920,38,,,1,2,,32923,38,,,1,10,,32929,38,,,2,20,,32903,38,,,2,70,,32913,39,,,1,30,,32906,39,,,1,70,,32909,39,,,2,30,,32902,39,,,2,70,,32912,39,,,1,30,,32907,39,,,1,70,,32914,39,,,1,31,,32896,39,,,1,69,,32901,39,,,1,31,,32908,39,,,1,74,,32919,39,,,1,30,,32936,39,,,1,70,,32937,39,,,1,30,,32938,39,,,2,67,,32939,39,,,2,31,,32940,39,,,1,69,,32941,39,,,1,28,,32899,39,,,2,69,,32897,39,,,1,36,,32910,39,,,1,62,,32905,39,,,1,30,,32900,39,,,2,70,,32898,39,,,1,30,,32911,39,,,1,68,,32904,39,,,1,30,,32931,39,,,2,70,,32930,39,,,1,30,,32932,39,,,1,73,,32933,39,,,1
3401,'Samedi-3',734,,33204,60,,,1,100,,33207,60,,,2,70,,33216,60,,,1,33,,33205,60,,,1,70,,33210,60,,,1,30,,33212,60,,,1,70,,33206,60,,,2,30,,33215,60,,,1,73,,33208,60,,,1,30,,33217,60,,,1,70,,33209,60,,,1,30,,33211,60,,,1,70,,33213,60,,,2,30,,33214,60,,,2,70,,33218,60,,,1,31,,33219,60,,,2,70,,33220,60,,,1,30,,33221,60,,,1,70,,33222,60,,,1,29,,33223,60,,,1,70,,33224,60,,,2,29,,33225,60,,,1,67,,33226,60,,,1,30,,33228,60,,,1,70,,33227,60,,,2,30,,33229,60,,,1,70,,33230,60,,,1,28,,33231,60,,,1,70,,33233,60,,,1,30,,33232,60,,,1,70,,33234,60,,,1,55,,33235,60,,,1
3401,'Dimanche-3',734,,33237,60,,,1,100,,33248,60,,,2,70,,33241,60,,,1,33,,33244,60,,,1,70,,33243,60,,,1,30,,33252,60,,,1,70,,33249,60,,,2,30,,33236,60,,,1,73,,33247,60,,,1,30,,33240,60,,,1,70,,33238,60,,,1,30,,33239,60,,,1,70,,33242,60,,,2,30,,33250,60,,,2,70,,33246,60,,,1,31,,33245,60,,,2,70,,33251,60,,,1,30,,33256,60,,,1,70,,33254,60,,,1,29,,33260,60,,,1,70,,33263,60,,,2,29,,33253,60,,,1,67,,33262,60,,,1,30,,33255,60,,,1,70,,33259,60,,,2,30,,33266,60,,,1,70,,33258,60,,,1,28,,33257,60,,,1,70,,33264,60,,,1,30,,33265,60,,,1,70,,33261,60,,,1,55,,33267,60,,,1
3401,'Semaine-4',947,,33293,59,,,1,66,,33273,59,,,1,30,,33277,60,,,1,70,,33297,60,,,1,30,,33270,60,,,1,70,,33274,60,,,1,30,,33278,60,,,1,70,,33268,60,,,1,30,,33271,60,,,1,70,,33275,60,,,1,33,,33279,60,,,1,70,,33272,60,,,1,32,,33294,60,,,1,73,,33269,60,,,1,31,,33295,60,,,1,71,,33296,60,,,2,26,,33290,60,,,1,68,,33286,60,,,1,26,,33276,60,,,1,69,,33283,60,,,1,29,,33292,60,,,1,69,,33280,60,,,1,30,,33282,60,,,1,70,,33284,60,,,1,30,,33288,60,,,1,70,,33281,60,,,1,30,,33287,60,,,1,68,,33285,60,,,1,30,,33289,60,,,1,70,,33291,60,,,1
3601,'Semaine-4',925,,33377,48,,,1,90,,33375,49,,,1,99,,33378,49,,,1,102,,33376,49,,,1,99,,33381,49,,,1,100,,33380,49,,,1,101,,33379,49,,,1
3701,'Samedi-3',720,,33448,41,,,1,100,,33453,41,,,1,100,,33447,41,,,1,103,,33452,41,,,1,101,,33449,41,,,1,99,,33450,41,,,1,100,,33454,41,,,1,104,,33451,41,,,1,100,,33455,41,,,1,100,,33456,41,,,1,100,,33457,41,,,1,95,,33458,41,,,1,100,,33459,41,,,1,102,,33460,41,,,1,98,,33461,41,,,1,96,,33462,41,,,1,98,,33463,41,,,1
3701,'Dimanche-3',720,,33464,41,,,1,100,,33468,41,,,1,100,,33469,41,,,1,103,,33471,41,,,1,101,,33470,41,,,1,99,,33466,41,,,1,100,,33465,41,,,1,104,,33467,41,,,1,100,,33472,41,,,1,100,,33476,41,,,1,100,,33479,41,,,1,95,,33473,41,,,1,100,,33474,41,,,1,102,,33480,41,,,1,98,,33478,41,,,1,96,,33475,41,,,1,98,,33477,41,,,1
3701,'Semaine-4',547,,33494,40,,,1,72,,33492,40,,,1,35,,33496,40,,,1,66,,33486,40,,,1,37,,33503,40,,,1,61,,33483,40,,,1,12,,33504,40,,,1,26,,33485,40,,,1,101,,33502,40,,,1,98,,33490,41,,,1,102,,33484,41,,,1,100,,33482,41,,,1,100,,33487,41,,,1,101,,33498,41,,,1,101,,33481,41,,,1,73,,33497,41,,,1,70,,33500,41,,,1,29,,33495,41,,,1,28,,33501,41,,,1,66,,33505,41,,,1,85,,33489,41,,,1,98,,33499,41,,,1,100,,33491,41,,,1,100,,33488,41,,,1,95,,33493,41,,,1
3801,'Samedi-3',733,,33618,28,,,1,70,,33614,28,,,1,30,,33626,28,,,1,71,,33619,28,,,1,29,,33615,28,,,1,72,,33627,28,,,1,28,,33620,28,,,1,73,,33624,28,,,1,27,,33616,28,,,1,74,,33621,28,,,1,30,,33625,28,,,1,70,,33617,28,,,1,30,,33622,28,,,1,72,,33623,28,,,1,28,,33628,28,,,1,72,,33629,28,,,1,28,,33630,28,,,1,72,,33631,28,,,1,28,,33632,28,,,1,71,,33633,28,,,1,29,,33634,28,,,1,70,,33635,28,,,1,26,,33636,28,,,1,71,,33638,28,,,1,29,,33637,28,,,1,71,,33640,28,,,1,29,,33639,28,,,1,71,,33641,28,,,1,29,,33642,28,,,1,70,,33646,28,,,1,30,,33643,28,,,1,70,,33644,28,,,1,31,,33645,28,,,1
3801,'Dimanche-3',733,,33654,28,,,1,70,,33650,28,,,1,30,,33661,28,,,1,71,,33653,28,,,1,29,,33647,28,,,1,72,,33662,28,,,1,28,,33656,28,,,1,73,,33648,28,,,1,27,,33660,28,,,1,74,,33655,28,,,1,30,,33649,28,,,1,70,,33651,28,,,1,30,,33652,28,,,1,72,,33658,28,,,1,28,,33664,28,,,1,72,,33665,28,,,1,28,,33659,28,,,1,72,,33663,28,,,1,28,,33669,28,,,1,71,,33674,28,,,1,29,,33675,28,,,1,70,,33670,28,,,1,26,,33657,28,,,1,71,,33672,28,,,1,29,,33667,28,,,1,71,,33668,28,,,1,29,,33671,28,,,1,71,,33673,28,,,1,29,,33677,28,,,1,70,,33676,28,,,1,30,,33666,28,,,1,70,,33678,28,,,1,31,,33679,28,,,1
3801,'Semaine-4',642,,33708,29,,,1,72,,33680,29,,,1,30,,33707,29,,,1,58,,33718,29,,,1,21,,33714,29,,,1,27,,33696,29,,,1,67,,33716,29,,,1,29,,33703,28,,,1,59,,33686,28,,,1,20,,33712,28,,,1,20,,33697,28,,,1,60,,33689,28,,,1,22,,33704,28,,,1,20,,33687,28,,,1,60,,33711,28,,,1,21,,33717,28,,,1,22,,33690,28,,,1,60,,33719,28,,,1,22,,33705,28,,,1,18,,33710,28,,,1,58,,33698,28,,,1,20,,33691,28,,,1,19,,33706,28,,,1,61,,33720,28,,,1,23,,33693,28,,,1,22,,33699,28,,,1,70,,33713,28,,,1,31,,33688,28,,,1,69,,33695,28,,,1,28,,33685,28,,,1,70,,33721,28,,,1,17,,33682,28,,,1,21,,33715,28,,,1,69,,33684,28,,,1,30,,33694,28,,,1,70,,33702,28,,,1,30,,33709,28,,,1,70,,33692,28,,,1,30,,33700,28,,,1,69,,33701,28,,,1,29,,33681,28,,,1,85,,33683,28,,,1
5501,'Samedi-3',732,,34319,58,,,1,70,,34322,58,,,1,30,,34321,58,,,1,70,,34331,58,,,1,30,,34320,58,,,1,72,,34323,58,,,1,30,,34324,58,,,1,70,,34330,58,,,1,33,,34326,58,,,1,70,,34327,58,,,1,31,,34325,58,,,1,68,,34333,58,,,1,30,,34332,58,,,1,70,,34328,58,,,1,30,,34329,58,,,1,70,,34334,58,,,1,30,,34335,58,,,1,70,,34336,58,,,1,30,,34337,58,,,1,70,,34338,58,,,1,30,,34339,58,,,1,70,,34340,58,,,1,30,,34341,58,,,1,67,,34342,58,,,1,30,,34343,58,,,1,70,,34344,58,,,1,30,,34345,58,,,1,26,,34346,58,,,1,70,,34347,58,,,1,30,,34349,58,,,1,68,,34348,58,,,1,32,,34351,58,,,1,68,,34350,58,,,1
5501,'Dimanche-3',732,,34353,58,,,1,70,,34358,58,,,1,30,,34354,58,,,1,70,,34362,58,,,1,30,,34365,58,,,1,72,,34357,58,,,1,30,,34369,58,,,1,70,,34363,58,,,1,33,,34364,58,,,1,70,,34355,58,,,1,31,,34352,58,,,1,68,,34359,58,,,1,30,,34366,58,,,1,70,,34356,58,,,1,30,,34367,58,,,1,70,,34361,58,,,1,30,,34360,58,,,1,70,,34370,58,,,1,30,,34374,58,,,1,70,,34368,58,,,1,30,,34371,58,,,1,70,,34381,58,,,1,30,,34378,58,,,1,67,,34383,58,,,1,30,,34384,58,,,1,70,,34372,58,,,1,30,,34375,58,,,1,26,,34373,58,,,1,70,,34376,58,,,1,30,,34377,58,,,1,68,,34380,58,,,1,31,,34382,58,,,1,69,,34379,58,,,1
5501,'Semaine-4',548,,34398,58,,,1,55,,34405,58,,,1,14,,34404,56,,,1,18,,34388,56,,,1,16,,34426,56,,,1,61,,34425,56,,,1,9,,34385,56,,,1,18,,34430,56,,,1,15,,34411,56,,,1,55,,34419,56,,,1,15,,34389,56,,,1,9,,34393,56,,,1,12,,34391,56,,,1,9,,34420,56,,,1,4,,34422,56,,,1,52,,34399,56,,,1,29,,34403,56,,,1,10,,34390,56,,,1,51,,34424,56,,,1,30,,34417,58,,,1,23,,34429,25,,,1,48,,34421,58,,,1,29,,34387,58,,,1,27,,34394,58,,,1,71,,34407,58,,,1,29,,34418,58,,,1,71,,34414,58,,,1,30,,34395,58,,,1,70,,34427,58,,,1,30,,34386,58,,,1,77,,34392,58,,,1,93,,34396,58,,,1,93,,34401,58,,,1,99,,34406,58,,,1,97,,34423,58,,,1,19,,34412,58,,,1,70,,34400,58,,,1,30,,34416,58,,,1,70,,34409,58,,,1,30,,34428,58,,,1,70,,34402,58,,,1,30,,34408,58,,,1,68,,34410,58,,,1,30,,34397,58,,,1,68,,34415,58,,,1,30,,34413,58,,,1
5901,'Samedi-3',742,,34577,47,,,1,70,,34584,47,,,1,33,,34581,47,,,1,70,,34586,47,,,1,31,,34578,47,,,1,70,,34583,47,,,1,31,,34582,47,,,1,70,,34585,47,,,1,30,,34589,47,,,1,71,,34590,47,,,1,30,,34579,47,,,1,70,,34580,47,,,1,30,,34588,47,,,1,70,,34587,47,,,1,30,,34591,47,,,1,70,,34592,47,,,1,30,,34593,47,,,1,70,,34594,47,,,1,30,,34595,47,,,1,70,,34596,47,,,1,30,,34597,47,,,1,70,,34598,47,,,1,30,,34599,47,,,1,66,,34600,47,,,1,30,,34601,47,,,1,71,,34603,47,,,1,30,,34602,47,,,1,68,,34604,47,,,1,30,,34605,47,,,1,70,,34606,47,,,1,30,,34608,47,,,1,67,,34607,47,,,1
5901,'Dimanche-3',742,,34615,47,,,1,70,,34618,47,,,1,33,,34620,47,,,1,70,,34611,47,,,1,31,,34614,47,,,1,70,,34617,47,,,1,31,,34621,47,,,1,70,,34609,47,,,1,30,,34612,47,,,1,71,,34626,47,,,1,30,,34619,47,,,1,70,,34610,47,,,1,30,,34613,47,,,1,70,,34616,47,,,1,30,,34623,47,,,1,70,,34622,47,,,1,30,,34625,47,,,1,70,,34627,47,,,1,30,,34624,47,,,1,70,,34633,47,,,1,30,,34634,47,,,1,70,,34630,47,,,1,30,,34629,47,,,1,66,,34639,47,,,1,30,,34636,47,,,1,71,,34637,47,,,1,30,,34628,47,,,1,68,,34631,47,,,1,30,,34635,47,,,1,70,,34632,47,,,1,30,,34638,47,,,1,67,,34640,47,,,1
5901,'Semaine-4',541,,34645,47,,,1,13,,34681,47,,,1,56,,34654,47,,,1,15,,34675,45,,,1,19,,34655,45,,,1,15,,34644,45,,,1,46,,34646,45,,,1,24,,34649,45,,,1,7,,34684,23,,,1,14,,34685,23,,,1,9,,34652,45,,,1,45,,34686,23,,,1,13,,34653,45,,,1,14,,34648,45,,,1,10,,34677,45,,,1,9,,34663,45,,,1,6,,34668,45,,,1,53,,34642,45,,,1,12,,34658,45,,,1,8,,34643,45,,,1,12,,34661,45,,,1,72,,34687,45,,,1,29,,34682,47,,,1,70,,34669,47,,,1,30,,34651,47,,,1,72,,34662,47,,,1,30,,34665,47,,,1,70,,34650,47,,,1,31,,34679,47,,,1,69,,34641,47,,,1,30,,34683,47,,,1,70,,34673,47,,,1,42,,34676,47,,,1,100,,34680,47,,,1,96,,34660,47,,,1,97,,34667,47,,,1,72,,34672,47,,,1,30,,34659,47,,,1,70,,34666,47,,,1,30,,34671,47,,,1,69,,34678,47,,,1,30,,34656,47,,,1,70,,34674,47,,,1,29,,34664,47,,,1,70,,34647,47,,,1,30,,34657,47,,,1,70,,34670,47,,,1
6701,'Samedi-3',659,,35259,36,,,1,100,,35265,36,,,1,141,,35261,36,,,1,101,,35260,36,,,1,31,,35263,36,,,1,70,,35268,36,,,1,32,,35269,36,,,2,70,,35262,36,,,1,30,,35264,36,,,1,70,,35267,36,,,1,30,,35270,36,,,1,70,,35271,36,,,1,30,,35266,36,,,1,71,,35272,36,,,1,30,,35273,36,,,1,71,,35274,36,,,2,31,,35275,36,,,2,66,,35276,36,,,1,33,,35277,36,,,1,69,,35278,36,,,1,30,,35279,36,,,2,65,,35280,36,,,1,32,,35281,36,,,2,100,,35282,36,,,1,100,,35283,36,,,1,100,,35285,36,,,1,98,,35284,36,,,1
6701,'Dimanche-3',659,,35286,36,,,1,100,,35291,36,,,1,141,,35294,36,,,1,101,,35289,36,,,1,31,,35287,36,,,1,70,,35288,36,,,1,32,,35290,36,,,2,70,,35298,36,,,1,30,,35292,36,,,1,70,,35296,36,,,1,30,,35293,36,,,1,70,,35301,36,,,1,30,,35302,36,,,1,71,,35299,36,,,1,30,,35304,36,,,1,71,,35295,36,,,2,31,,35307,36,,,2,66,,35300,36,,,1,33,,35297,36,,,1,69,,35305,36,,,1,30,,35308,36,,,2,65,,35312,36,,,1,32,,35311,36,,,2,100,,35303,36,,,1,100,,35309,36,,,1,100,,35306,36,,,1,98,,35310,36,,,1
6701,'Semaine-4',940,,35333,36,,,1,19,,35322,36,,,1,60,,35340,36,,,2,20,,35326,36,,,1,20,,35320,36,,,1,60,,35341,36,,,1,20,,35334,36,,,1,20,,35323,36,,,1,60,,35342,36,,,1,20,,35327,36,,,1,19,,35330,36,,,1,60,,35343,36,,,1,20,,35329,36,,,1,20,,35324,36,,,1,62,,35344,36,,,1,20,,35335,36,,,1,60,,35337,36,,,1,23,,35339,36,,,1,20,,35331,36,,,1,74,,35315,36,,,1,30,,35338,36,,,1,66,,35318,36,,,2,35,,35336,36,,,1,65,,35332,36,,,1,28,,35325,36,,,1,68,,35313,36,,,2,28,,35328,36,,,1,69,,35316,36,,,2,30,,35345,36,,,1,70,,35314,36,,,2,30,,35347,36,,,1,69,,35317,36,,,1,30,,35348,36,,,2,68,,35319,36,,,1,29,,35346,36,,,1,70,,35321,36,,,1
8501,'Semaine-4',553,,36194,38,,,1,72,,36196,38,,,1,24,,36199,38,,,1,58,,36198,38,,,1,16,,36203,38,,,2,22,,36195,38,,,1,14,,36201,38,,,1,55,,36197,38,,,1,17,,36202,38,,,1,19,,36200,38,,,1
8701,'Semaine-4',537,,36223,34,,,1,70,,36216,34,,,1,32,,36221,34,,,1,20,,36219,34,,,1,56,,36217,34,,,1,17,,36226,34,,,1,15,,36222,34,,,1,60,,36218,34,,,1,15,,36225,34,,,1,17,,36224,34,,,1,62,,36220,34,,,1,16,,36215,34,,,1
20001,'Semaine-4',642,,36426,13,,,1,3,,36427,15,,,1,10,,36428,13,,,1,2,,36429,15,,,1,47,,36430,13,,,1,7,,36452,15,,,1,5,,36431,13,,,1,7,,36432,15,,,1,7,,36449,13,,,1,5,,36433,15,,,1,6,,36448,13,,,1,4,,36435,15,,,1,4,,36444,13,,,1,3,,36434,13,,,1,3,,36425,15,,,1,4,,36451,13,,,1,43,,36440,13,,,1,3,,36436,15,,,1,4,,36438,13,,,1,4,,36450,13,,,1,2,,36437,15,,,1,9,,36441,13,,,1,5,,36439,15,,,1,1,,36443,13,,,1,7,,36442,15,,,1,6,,36453,13,,,1,7,,36445,15,,,1,6,,36446,13,,,1,3,,36447,15,,,1,46,,36454,13,,,1
37101,'Samedi-3',751,,36531,42,,,1,99,,36530,42,,,1,105,,36534,42,,,1,100,,36533,42,,,1,99,,36535,42,,,1,102,,36532,42,,,1,102,,36536,42,,,1,100,,36537,42,,,1,97,,36538,42,,,1,100,,36539,42,,,1,99,,36540,42,,,1,100,,36541,42,,,1,99,,36542,42,,,1,98,,36543,42,,,1,100,,36544,42,,,1,97,,36545,42,,,1,100,,36546,42,,,1
37101,'Dimanche-3',751,,36550,42,,,1,99,,36547,42,,,1,105,,36551,42,,,1,100,,36548,42,,,1,99,,36554,42,,,1,102,,36549,42,,,1,102,,36552,42,,,1,100,,36557,42,,,1,97,,36553,42,,,1,100,,36558,42,,,1,99,,36563,42,,,1,100,,36555,42,,,1,99,,36556,42,,,1,98,,36560,42,,,1,100,,36562,42,,,1,97,,36559,42,,,1,100,,36561,42,,,1
37101,'Semaine-4',600,,36580,42,,,1,31,,36583,41,,,1,73,,36576,41,,,1,31,,36578,41,,,1,74,,36588,41,,,1,30,,36587,41,,,1,67,,36582,41,,,1,30,,36566,41,,,1,99,,36573,42,,,1,101,,36571,42,,,1,100,,36572,42,,,1,100,,36586,42,,,1,104,,36569,42,,,1,104,,36570,42,,,1,72,,36567,42,,,1,30,,36574,42,,,1,66,,36584,42,,,1,27,,36585,42,,,1,70,,36564,42,,,1,40,,36568,42,,,1,91,,36579,42,,,1,100,,36581,42,,,1,100,,36565,42,,,1,97,,36575,42,,,1,184,,36577,42,,,1
40001,'Samedi-3',654,,36828,20,,,1,55,,36831,20,,,1,15,,36833,20,,,1,15,,36829,20,,,1,15,,36830,20,,,1,55,,36832,20,,,1,16,,36838,20,,,1,15,,36845,20,,,1,15,,36836,20,,,1,54,,36856,20,,,1,15,,36834,20,,,1,15,,36835,20,,,1,16,,36844,20,,,1,56,,36837,20,,,1,15,,36839,20,,,1,15,,36847,20,,,1,15,,36848,20,,,1,55,,36849,20,,,1,15,,36855,20,,,1,16,,36854,20,,,1,15,,36858,20,,,1,55,,36841,20,,,1,15,,36840,20,,,1,15,,36843,20,,,1,15,,36846,20,,,1,55,,36842,20,,,1,15,,36851,20,,,1,15,,36853,20,,,1,16,,36859,20,,,1,55,,36850,20,,,1,15,,36852,20,,,1,15,,36857,20,,,1,15,,36860,20,,,1,55,,36861,20,,,1,15,,36862,20,,,1,15,,36863,20,,,1,15,,36864,20,,,1,55,,36865,20,,,1,15,,36866,20,,,1,15,,36867,20,,,1,15,,36868,20,,,1,55,,36869,20,,,1,15,,36870,20,,,1,15,,36871,20,,,1,15,,36872,20,,,1,55,,36873,20,,,1,15,,36874,20,,,1,15,,36877,20,,,1,16,,36875,20,,,1,54,,36876,20,,,1,12,,36879,20,,,1,16,,36878,20,,,1,14,,36883,20,,,1,56,,36881,20,,,1,15,,36882,20,,,1,15,,36880,20,,,1,15,,36884,20,,,1,55,,36886,20,,,1,15,,36887,20,,,1,15,,36888,20,,,1,15,,36885,20,,,1,56,,36891,20,,,1,13,,36890,20,,,1,15,,36889,20,,,1,15,,36892,20,,,1,55,,36893,20,,,1,15,,36894,20,,,1,15,,36895,20,,,1,14,,36897,20,,,1,55,,36896,20,,,1,16,,36899,20,,,1,15,,36898,20,,,1,15,,36900,20,,,1
40001,'Dimanche-3',654,,36901,20,,,1,55,,36904,20,,,1,15,,36912,20,,,1,15,,36917,20,,,1,15,,36902,20,,,1,55,,36907,20,,,1,16,,36913,20,,,1,15,,36923,20,,,1,15,,36903,20,,,1,54,,36905,20,,,1,15,,36911,20,,,1,15,,36916,20,,,1,16,,36919,20,,,1,56,,36908,20,,,1,15,,36932,20,,,1,15,,36924,20,,,1,15,,36914,20,,,1,55,,36925,20,,,1,15,,36928,20,,,1,16,,36937,20,,,1,15,,36906,20,,,1,55,,36934,20,,,1,15,,36933,20,,,1,15,,36935,20,,,1,15,,36915,20,,,1,55,,36909,20,,,1,15,,36938,20,,,1,15,,36936,20,,,1,16,,36921,20,,,1,55,,36918,20,,,1,15,,36926,20,,,1,15,,36931,20,,,1,15,,36942,20,,,1,55,,36910,20,,,1,15,,36939,20,,,1,15,,36929,20,,,1,15,,36922,20,,,1,55,,36920,20,,,1,15,,36927,20,,,1,15,,36930,20,,,1,15,,36949,20,,,1,55,,36953,20,,,1,15,,36945,20,,,1,15,,36962,20,,,1,15,,36941,20,,,1,55,,36956,20,,,1,15,,36946,20,,,1,15,,36963,20,,,1,16,,36950,20,,,1,54,,36954,20,,,1,12,,36969,20,,,1,16,,36961,20,,,1,14,,36940,20,,,1,56,,36955,20,,,1,15,,36960,20,,,1,15,,36964,20,,,1,15,,36943,20,,,1,55,,36948,20,,,1,15,,36952,20,,,1,15,,36958,20,,,1,15,,36973,20,,,1,55,,36966,20,,,1,14,,36959,20,,,1,15,,36968,20,,,1,15,,36971,20,,,1,55,,36947,20,,,1,15,,36951,20,,,1,15,,36957,20,,,1,15,,36972,20,,,1,54,,36965,20,,,1,16,,36944,20,,,1,15,,36967,20,,,1,15,,36970,20,,,1
40001,'Semaine-4',527,,37044,20,,,1,10,,37045,20,,,1,10,,37046,20,,,1,11,,37047,20,,,1,50,,37048,20,,,1,10,,37049,20,,,1,5,,37050,20,,,1,5,,37051,20,,,1,5,,37052,20,,,1,5,,37058,20,,,1,273,,37053,20,,,1,8,,37054,18,,,1,6,,37055,20,,,1,10,,37056,20,,,1,11,,37057,20,,,1,10,,37003,20,,,1,50,,36988,20,,,1,10,,37013,20,,,1,10,,37014,20,,,1,10,,37060,20,,,1,10,,36978,20,,,1,11,,37061,20,,,1,49,,36976,20,,,1,12,,37010,20,,,1,8,,37030,20,,,1,10,,36997,20,,,1,9,,37005,20,,,1,11,,37002,20,,,1,50,,36980,20,,,1,10,,37041,20,,,1,10,,37015,20,,,1,10,,37027,20,,,1,10,,36979,20,,,1,10,,36989,20,,,1,50,,36982,20,,,1,10,,36998,20,,,1,10,,37031,20,,,1,10,,37012,20,,,1,10,,37006,20,,,1,13,,37001,20,,,1,47,,36994,20,,,1,10,,37037,20,,,1,10,,37016,20,,,1,10,,37028,20,,,1,10,,37043,20,,,1,10,,36991,20,,,1,55,,36974,20,,,1,10,,37033,20,,,1,9,,37032,20,,,1,10,,37017,20,,,1,10,,37007,20,,,1,5,,36999,16,,,1,47,,36984,20,,,1,12,,37035,20,,,1,13,,37042,20,,,1,5,,37059,16,,,1,9,,37029,20,,,1,9,,37064,20,,,1,52,,37009,20,,,1,12,,37038,20,,,1,12,,37062,20,,,1,12,,37022,20,,,1,10,,37000,20,,,1,11,,36985,20,,,1,52,,36990,20,,,1,12,,37063,20,,,1,12,,36992,20,,,1,12,,37018,20,,,1,12,,37008,20,,,1,49,,37039,20,,,1,12,,37025,20,,,1,15,,37004,20,,,1,10,,36986,20,,,1,11,,37026,20,,,1,52,,37066,20,,,1,10,,37065,20,,,1,12,,36993,20,,,1,12,,37019,20,,,1,12,,36996,20,,,1,52,,37040,20,,,1,12,,37023,20,,,1,13,,36981,20,,,1,15,,37067,20,,,1,55,,36987,20,,,1,15,,36983,20,,,1,15,,37034,20,,,1,12,,37020,20,,,1,13,,36995,20,,,1,57,,37024,20,,,1,15,,37036,20,,,1,15,,36977,20,,,1,15,,36975,20,,,1,55,,37011,20,,,1,30,,37021,20,,,1
