3201,'Semaine-4',508,,32943,4,,,1,21,,32942,4,,,1,19,,32934,4,,,1,60,,32944,4,,,1,9,,32924,4,,,1,9,,32945,4,,,1,10,,32925,4,,,2,10,,32926,4,,,1,9,,32918,4,,,1,49,,32921,4,,,1,7,,32947,4,,,1,9,,32927,4,,,1,9,,32922,4,,,1,9,,32935,4,,,1,8,,32917,4,,,2,6,,32928,4,,,1,48,,32946,4,,,1,9,,32916,4,,,1,11,,32915,4,,,1,9,,32920,4,,,1,9,,32923,4,,,1,10,,32929,4,,,2,61,,32903,4,,,2,30,,32913,4,,,1,70,,32906,4,,,1,30,,32909,4,,,2,70,,32902,4,,,2,30,,32912,4,,,1,70,,32907,4,,,1,30,,32914,4,,,1,71,,32896,4,,,1,29,,32901,4,,,1,71,,32908,4,,,1,30,,32919,4,,,1,70,,32936,4,,,1,30,,32937,4,,,1,70,,32938,4,,,2,30,,32939,4,,,2,71,,32940,4,,,1,29,,32941,4,,,1,70,,32899,4,,,2,30,,32897,4,,,1,71,,32910,4,,,1,30,,32905,4,,,1,70,,32900,4,,,2,30,,32898,4,,,1,70,,32911,4,,,1,30,,32904,4,,,1,70,,32931,4,,,2,30,,32930,4,,,1,70,,32932,4,,,1,30,,32933,4,,,1
3401,'Samedi-3',649,,33204,11,,,1,100,,33207,11,,,2,70,,33216,11,,,1,33,,33205,11,,,1,67,,33210,11,,,1,30,,33212,11,,,1,72,,33206,11,,,2,30,,33215,11,,,1,71,,33208,11,,,1,30,,33217,11,,,1,68,,33209,11,,,1,30,,33211,11,,,1,70,,33213,11,,,2,30,,33214,11,,,2,70,,33218,11,,,1,30,,33219,11,,,2,70,,33220,11,,,1,30,,33221,11,,,1,71,,33222,11,,,1,31,,33223,11,,,1,70,,33224,11,,,2,31,,33225,11,,,1,67,,33226,11,,,1,30,,33228,11,,,1,71,,33227,11,,,2,30,,33229,11,,,1,70,,33230,11,,,1,28,,33231,11,,,1,70,,33233,11,,,1,30,,33232,11,,,1,70,,33234,11,,,1,100,,33235,11,,,1
3401,'Dimanche-3',649,,33237,11,,,1,100,,33248,11,,,2,70,,33241,11,,,1,33,,33244,11,,,1,67,,33243,11,,,1,30,,33252,11,,,1,72,,33249,11,,,2,30,,33236,11,,,1,71,,33247,11,,,1,30,,33240,11,,,1,68,,33238,11,,,1,30,,33239,11,,,1,70,,33242,11,,,2,30,,33250,11,,,2,70,,33246,11,,,1,30,,33245,11,,,2,70,,33251,11,,,1,30,,33256,11,,,1,71,,33254,11,,,1,31,,33260,11,,,1,70,,33263,11,,,2,31,,33253,11,,,1,67,,33262,11,,,1,30,,33255,11,,,1,71,,33259,11,,,2,30,,33266,11,,,1,70,,33258,11,,,1,28,,33257,11,,,1,70,,33264,11,,,1,30,,33265,11,,,1,70,,33261,11,,,1,100,,33267,11,,,1
3401,'Semaine-4',858,,33293,11,,,1,67,,33273,11,,,1,30,,33277,11,,,1,70,,33297,11,,,1,30,,33270,11,,,1,70,,33274,11,,,1,30,,33278,11,,,1,70,,33268,11,,,1,30,,33271,11,,,1,70,,33275,11,,,1,31,,33279,11,,,1,70,,33272,11,,,1,29,,33294,11,,,1,69,,33269,11,,,1,29,,33295,11,,,1,71,,33296,11,,,2,29,,33290,11,,,1,71,,33286,11,,,1,30,,33276,11,,,1,71,,33283,11,,,1,30,,33292,11,,,1,71,,33280,11,,,1,30,,33282,11,,,1,70,,33284,11,,,1,30,,33288,11,,,1,70,,33281,11,,,1,30,,33287,11,,,1,70,,33285,11,,,1,30,,33289,11,,,1,70,,33291,11,,,1
4900,'Samedi-3',728,,33938,27,,,1,100,,33939,27,,,1,104,,33936,27,,,1,100,,33940,27,,,1,100,,33937,27,,,1,100,,33941,27,,,1,99,,33942,27,,,1,104,,33943,27,,,1,97,,33944,27,,,1,100,,33945,27,,,1,100,,33946,27,,,1,96,,33947,27,,,1,100,,33948,27,,,1,100,,33949,27,,,1,100,,33950,27,,,1,100,,33951,27,,,1,100,,33952,27,,,1
4900,'Dimanche-3',728,,33953,27,,,1,100,,33956,27,,,1,104,,33954,27,,,1,100,,33957,27,,,1,100,,33959,27,,,1,100,,33963,27,,,1,99,,33961,27,,,1,104,,33960,27,,,1,97,,33955,27,,,1,100,,33965,27,,,1,100,,33962,27,,,1,96,,33964,27,,,1,100,,33969,27,,,1,100,,33958,27,,,1,100,,33967,27,,,1,100,,33968,27,,,1,100,,33966,27,,,1
4900,'Semaine-4',648,,33997,27,,,1,9,,33992,14,,,1,45,,34004,14,,,1,3,,33980,14,,,1,3,,34008,27,,,1,2,,34003,14,,,1,3,,34005,14,,,1,2,,34007,14,,,1,5,,34006,14,,,1,15,,34000,27,,,1,72,,34001,27,,,1,7,,33996,14,,,1,31,,33995,27,,,1,70,,33990,27,,,1,32,,33982,27,,,1,72,,34002,27,,,1,32,,33998,27,,,1,70,,33993,27,,,1,30,,33970,27,,,1,70,,33991,27,,,1,30,,33972,27,,,1,70,,33977,27,,,1,30,,33979,27,,,1,69,,33983,27,,,1,31,,33999,27,,,1,75,,33981,27,,,1,30,,33984,27,,,1,70,,33975,27,,,1,30,,33987,27,,,1,70,,33978,27,,,1,28,,33976,27,,,1,70,,33994,27,,,1,27,,33988,27,,,1,98,,33971,27,,,1,100,,33989,27,,,1,100,,33986,27,,,1,97,,33973,27,,,1,98,,33985,27,,,1,100,,33974,27,,,1
32601,'Semaine-4',807,,36464,2,0,7 8,1
44900,'Semaine-4',714,,37088,13,0,9 14,1
63900,'Semaine-4',1512,,37109,11,0,9 10,1
82601,'Semaine-4',727,,37288,2,0,9 12 13,1,1,,37289,2,0,9 12 13,1
