6701,'Samedi-0-_26ÉTÉ-0000010-',633,,41950,12,,,1,100,,41956,12,,,1,99,,41952,12,,,1,101,,41951,12,,,1,71,,41954,12,,,1,28,,41959,12,,,1,72,,41960,12,,,2,30,,41953,12,,,1,70,,41955,12,,,1,30,,41958,12,,,1,70,,41961,12,,,1,30,,41962,12,,,1,70,,41957,12,,,1,30,,41963,12,,,1,70,,41964,12,,,1,30,,41965,12,,,2,70,,41966,12,,,2,30,,41967,12,,,1,71,,41968,12,,,1,29,,41969,12,,,1,70,,41970,12,,,2,29,,41971,12,,,1,70,,41972,12,,,2,100,,41973,12,,,1,100,,41974,12,,,1,100,,41976,12,,,1,100,,41975,12,,,1
6701,'Samedi-10-_26ÉTÉ-0000010-',633,,47365,12,,,1,100,,47371,12,,,1,99,,47367,12,,,1,101,,47366,12,,,1,71,,47369,12,,,1,28,,47374,12,,,1,72,,47375,12,,,2,30,,47368,12,,,1,70,,47370,12,,,1,30,,47373,12,,,1,70,,47376,12,,,1,30,,47377,12,,,1,70,,47372,12,,,1,30,,47378,12,,,1,70,,47379,12,,,1,30,,47380,12,,,2,70,,47381,12,,,2,30,,47382,12,,,1,71,,47383,12,,,1,29,,47384,12,,,1,70,,47385,12,,,2,29,,47386,12,,,1,70,,47387,12,,,2,100,,47388,12,,,1,100,,47389,12,,,1,100,,47391,12,,,1,100,,47390,12,,,1
6701,'Dimanche-0-_26ÉTÉ-0000001-',633,,41977,12,,,1,100,,41982,12,,,1,99,,41985,12,,,1,101,,41980,12,,,1,71,,41978,12,,,1,28,,41979,12,,,1,72,,41981,12,,,2,30,,41989,12,,,1,70,,41983,12,,,1,30,,41987,12,,,1,70,,41984,12,,,1,30,,41992,12,,,1,70,,41993,12,,,1,30,,41990,12,,,1,70,,41995,12,,,1,30,,41986,12,,,2,70,,41998,12,,,2,30,,41991,12,,,1,71,,41988,12,,,1,29,,41996,12,,,1,70,,41999,12,,,2,29,,42003,12,,,1,70,,42002,12,,,2,100,,41994,12,,,1,100,,42000,12,,,1,100,,41997,12,,,1,100,,42001,12,,,1
6701,'Dimanche-10-_26ÉTÉ-0000001-',633,,42004,12,,,1,100,,42009,12,,,1,99,,42012,12,,,1,101,,42007,12,,,1,71,,42005,12,,,1,28,,42006,12,,,1,72,,42008,12,,,2,30,,42016,12,,,1,70,,42010,12,,,1,30,,42014,12,,,1,70,,42011,12,,,1,30,,42019,12,,,1,70,,42020,12,,,1,30,,42017,12,,,1,70,,42022,12,,,1,30,,42013,12,,,2,70,,42025,12,,,2,30,,42018,12,,,1,71,,42015,12,,,1,29,,42023,12,,,1,70,,42026,12,,,2,29,,42030,12,,,1,70,,42029,12,,,2,100,,42021,12,,,1,100,,42027,12,,,1,100,,42024,12,,,1,100,,42028,12,,,1
6701,'Semaine-1-_26ÉTÉ-1111100-',909,,42051,12,,,1,20,,42040,12,,,1,20,,42058,12,,,2,60,,42044,12,,,1,20,,42038,12,,,2,20,,42059,12,,,1,60,,42052,12,,,1,20,,42041,12,,,1,20,,42060,12,,,2,60,,42045,12,,,1,20,,42048,12,,,2,21,,42061,12,,,1,59,,42047,12,,,1,20,,42042,12,,,2,20,,42062,12,,,1,60,,42053,12,,,1,20,,42055,12,,,1,20,,42057,12,,,1,60,,42049,12,,,2,32,,42033,12,,,1,70,,42056,12,,,2,29,,42036,12,,,1,70,,42054,12,,,1,30,,42050,12,,,1,69,,42043,12,,,1,30,,42031,12,,,1,69,,42046,12,,,1,30,,42034,12,,,1,70,,42063,12,,,1,30,,42032,12,,,1,70,,42065,12,,,1,30,,42035,12,,,1,70,,42066,12,,,1,30,,42037,12,,,2,70,,42064,12,,,1,30,,42039,12,,,2
6701,'Semaine-10-_26ÉTÉ-1111100-',909,,42087,12,,,1,20,,42076,12,,,1,20,,42094,12,,,2,60,,42080,12,,,1,20,,42074,12,,,2,20,,42095,12,,,1,60,,42088,12,,,1,20,,42077,12,,,1,20,,42096,12,,,2,60,,42081,12,,,1,20,,42084,12,,,2,21,,42097,12,,,2,59,,42083,12,,,1,20,,42078,12,,,2,20,,42098,12,,,1,60,,42089,12,,,1,20,,42091,12,,,1,20,,42093,12,,,1,60,,42085,12,,,2,32,,42069,12,,,1,70,,42092,12,,,2,29,,42072,12,,,1,70,,42090,12,,,1,30,,42086,12,,,1,69,,42079,12,,,1,30,,42067,12,,,1,69,,42082,12,,,1,30,,42070,12,,,1,70,,42099,12,,,1,30,,42068,12,,,1,70,,42101,12,,,1,30,,42071,12,,,1,70,,42102,12,,,1,30,,42073,12,,,2,70,,42100,12,,,1,30,,42075,12,,,2
6701,'Semaine-11-_26ÉTÉ-1111100-',909,,47412,12,,,1,20,,47401,12,,,1,20,,47419,12,,,2,60,,47405,12,,,1,20,,47399,12,,,2,20,,47420,12,,,1,60,,47413,12,,,1,20,,47402,12,,,1,20,,47421,12,,,2,60,,47406,12,,,1,20,,47409,12,,,2,21,,47422,12,,,1,59,,47408,12,,,1,20,,47403,12,,,2,20,,47423,12,,,1,60,,47414,12,,,1,20,,47416,12,,,1,20,,47418,12,,,1,60,,47410,12,,,2,32,,47394,12,,,1,70,,47417,12,,,2,29,,47397,12,,,1,70,,47415,12,,,1,30,,47411,12,,,1,69,,47404,12,,,1,30,,47392,12,,,1,69,,47407,12,,,1,30,,47395,12,,,1,70,,47424,12,,,1,30,,47393,12,,,1,70,,47426,12,,,1,30,,47396,12,,,1,70,,47427,12,,,1,30,,47398,12,,,2,70,,47425,12,,,1,30,,47400,12,,,2
8701,'Semaine-1-_26ÉTÉ-1111100-',513,,43663,12,,,1,31,,43656,12,,,1,68,,43661,12,,,2,20,,43659,12,,,2,18,,43657,12,,,1,55,,43666,12,,,2,13,,43662,12,,,2,17,,43658,12,,,2,15,,43665,12,,,1,59,,43664,12,,,2,20,,43660,12,,,2,20,,43655,12,,,2
8701,'Semaine-10-_26ÉTÉ-1111100-',513,,43675,12,,,1,31,,43668,12,,,1,68,,43673,12,,,2,20,,43671,12,,,2,18,,43669,12,,,1,55,,43678,12,,,2,13,,43674,12,,,2,17,,43670,12,,,2,15,,43677,12,,,1,59,,43676,12,,,2,20,,43672,12,,,2,20,,43667,12,,,2
8701,'Semaine-11-_26ÉTÉ-1111100-',513,,48124,12,,,1,31,,48117,12,,,1,68,,48122,12,,,2,20,,48120,12,,,2,18,,48118,12,,,1,55,,48127,12,,,2,13,,48123,12,,,2,17,,48119,12,,,2,15,,48126,12,,,1,59,,48125,12,,,2,20,,48121,12,,,2,20,,48116,12,,,2
