4000,'Semaine-1-_26ÉTÉ-1111100-',1600,,39577,56,,,2,29,,39573,56,,,2,75,,39576,56,,,1,28,,39575,56,,,1,70,,39574,56,,,1,22,,39578,56,,,2
4000,'Semaine-10-_26ÉTÉ-1111100-',1600,,39583,56,,,2,29,,39579,56,,,2,75,,39582,56,,,1,28,,39581,56,,,1,70,,39580,56,,,1,22,,39584,56,,,2
4000,'Semaine-11-_26ÉTÉ-1111100-',1600,,46351,56,,,2,29,,46347,56,,,2,75,,46350,56,,,1,28,,46349,56,,,1,70,,46348,56,,,1,22,,46352,56,,,2
4000,'Semaine-12-_26ÉTÉ-1111100-',1600,,53071,56,,,2,29,,53067,56,,,2,75,,53070,56,,,1,28,,53069,56,,,1,70,,53068,56,,,1,22,,53072,56,,,2
4000,'Semaine-5-_26ÉTÉ-1111100-',1600,,50635,56,,,2,29,,50631,56,,,2,75,,50634,56,,,1,28,,50633,56,,,1,70,,50632,56,,,1,22,,50636,56,,,2
5001,'Semaine-1-_26ÉTÉ-1111100-',1651,,39903,37,,,1,102,,39905,37,,,1,94,,39904,37,,,1
5001,'Semaine-10-_26ÉTÉ-1111100-',1651,,39906,37,,,1,102,,39908,37,,,1,94,,39907,37,,,1
5001,'Semaine-11-_26ÉTÉ-1111100-',1651,,46495,37,,,1,102,,46497,37,,,1,94,,46496,37,,,1
5001,'Semaine-12-_26ÉTÉ-1111100-',1651,,53181,37,,,1,102,,53183,37,,,1,94,,53182,37,,,1
5001,'Semaine-5-_26ÉTÉ-1111100-',1651,,50747,37,,,1,102,,50749,37,,,1,94,,50748,37,,,1
5200,'Samedi-0-_26ÉTÉ-0000010-',705,,39909,55,,,1,100,,39910,55,,,2,102,,39911,55,,,1,98,,39912,55,,,2,100,,39913,55,,,1,104,,39914,55,,,1,100,,39915,55,,,2,100,,39916,55,,,2,99,,39917,55,,,1,101,,39918,55,,,2,100,,39919,55,,,1,99,,39920,55,,,1,99,,39921,55,,,1,100,,39924,55,,,1,100,,39922,55,,,1,96,,39923,55,,,2,99,,39925,55,,,2,100,,39926,55,,,1
5200,'Dimanche-0-_26ÉTÉ-0000001-',705,,39928,55,,,1,100,,39927,55,,,2,102,,39929,55,,,1,98,,39930,55,,,2,100,,39932,55,,,1,104,,39937,55,,,1,100,,39931,55,,,2,100,,39934,55,,,2,99,,39935,55,,,1,101,,39933,55,,,2,100,,39936,55,,,1,99,,39943,55,,,1,99,,39942,55,,,1,100,,39938,55,,,1,100,,39944,55,,,1,96,,39941,55,,,2,99,,39940,55,,,2,100,,39939,55,,,1
5200,'Dimanche-10-_26ÉTÉ-0000001-',705,,39946,55,,,1,100,,39945,55,,,2,102,,39947,55,,,1,98,,39948,55,,,2,100,,39950,55,,,1,104,,39955,55,,,1,100,,39949,55,,,2,100,,39952,55,,,2,99,,39953,55,,,1,101,,39951,55,,,2,100,,39954,55,,,1,99,,39961,55,,,1,99,,39960,55,,,1,100,,39956,55,,,1,100,,39962,55,,,1,96,,39959,55,,,2,99,,39958,55,,,2,100,,39957,55,,,1
5200,'Dimanche-11-_26ÉTÉ-0000001-',705,,49171,55,,,1,100,,49170,55,,,2,102,,49172,55,,,1,98,,49173,55,,,2,100,,49175,55,,,1,104,,49180,55,,,1,100,,49174,55,,,2,100,,49177,55,,,2,99,,49178,55,,,1,101,,49176,55,,,2,100,,49179,55,,,1,99,,49186,55,,,1,99,,49185,55,,,1,100,,49181,55,,,1,100,,49187,55,,,1,96,,49184,55,,,2,99,,49183,55,,,2,100,,49182,55,,,1
5200,'Semaine-1-_26ÉTÉ-1111100-',637,,39966,55,,,1,100,,39968,55,,,1,109,,39963,55,,,1,96,,39979,55,,,1,97,,39977,55,,,2,100,,39964,55,,,1,100,,39971,55,,,1,99,,39970,55,,,1,103,,39967,55,,,1,101,,39965,55,,,1,108,,39969,55,,,1,101,,39980,55,,,1,104,,39978,55,,,1,100,,39972,55,,,1,83,,39976,55,,,1,100,,39975,55,,,1,98,,39973,55,,,1,99,,39974,55,,,1
5200,'Semaine-10-_26ÉTÉ-1111100-',637,,39984,55,,,1,100,,39986,55,,,1,109,,39981,55,,,1,96,,39997,55,,,1,97,,39995,55,,,2,100,,39982,55,,,1,100,,39989,55,,,1,99,,39988,55,,,1,103,,39985,55,,,1,101,,39983,55,,,1,108,,39987,55,,,1,101,,39998,55,,,1,104,,39996,55,,,1,100,,39990,55,,,1,83,,39994,55,,,1,100,,39993,55,,,1,98,,39991,55,,,1,99,,39992,55,,,1
5200,'Semaine-11-_26ÉTÉ-1111100-',637,,46519,55,,,1,100,,46521,55,,,1,109,,46516,55,,,1,96,,46532,55,,,1,97,,46530,55,,,2,100,,46517,55,,,1,100,,46524,55,,,1,99,,46523,55,,,1,103,,46520,55,,,1,101,,46518,55,,,1,108,,46522,55,,,1,101,,46533,55,,,1,104,,46531,55,,,1,100,,46525,55,,,1,83,,46529,55,,,1,100,,46528,55,,,1,98,,46526,55,,,1,99,,46527,55,,,1
5200,'Semaine-12-_26ÉTÉ-1111100-',637,,53187,55,,,1,100,,53189,55,,,1,109,,53184,55,,,1,96,,53200,55,,,1,97,,53198,55,,,2,100,,53185,55,,,1,100,,53192,55,,,1,99,,53191,55,,,1,103,,53188,55,,,1,101,,53186,55,,,1,108,,53190,55,,,1,101,,53201,55,,,1,104,,53199,55,,,1,100,,53193,55,,,1,83,,53197,55,,,1,100,,53196,55,,,1,98,,53194,55,,,1,99,,53195,55,,,1
5200,'Semaine-5-_26ÉTÉ-1111100-',637,,50753,55,,,1,100,,50755,55,,,1,109,,50750,55,,,1,96,,50766,55,,,1,97,,50764,55,,,2,100,,50751,55,,,1,100,,50758,55,,,1,99,,50757,55,,,1,103,,50754,55,,,1,101,,50752,55,,,1,108,,50756,55,,,1,101,,50767,55,,,1,104,,50765,55,,,1,100,,50759,55,,,1,83,,50763,55,,,1,100,,50762,55,,,1,98,,50760,55,,,1,99,,50761,55,,,1
