4000,'Semaine-1-_26ÉTÉ-1111100-',1549,,25265,45,,,2,69,,25261,45,,,2,35,,25264,45,,,1,68,,25263,45,,,1,31,,25262,45,,,1,63,,25266,45,,,2
4000,'Semaine-10-_26ÉTÉ-1111100-',1549,,28248,45,,,2,69,,28244,45,,,2,35,,28247,45,,,1,68,,28246,45,,,1,31,,28245,45,,,1,63,,28249,45,,,2
5001,'Semaine-1-_26ÉTÉ-1111100-',1640,,25375,26,,,1,102,,25377,26,,,1,94,,25376,26,,,1
5001,'Semaine-10-_26ÉTÉ-1111100-',1640,,28426,26,,,1,102,,28428,26,,,1,94,,28427,26,,,1
5200,'Samedi-0-_26ÉTÉ-0000010-',658,,28429,44,,,1,100,,28430,44,,,2,101,,28431,44,,,1,100,,28432,44,,,2,100,,28433,44,,,1,142,,28434,44,,,1,100,,28435,44,,,2,100,,28436,44,,,2,99,,28437,44,,,1,101,,28438,44,,,2,100,,28439,44,,,1,99,,28440,44,,,1,59,,28441,44,,,1,100,,28444,44,,,1,100,,28442,44,,,1,99,,28443,44,,,2,98,,28445,44,,,2,100,,28446,44,,,1
5200,'Dimanche-0-_26ÉTÉ-0000001-',658,,28448,44,,,1,100,,28447,44,,,2,101,,28449,44,,,1,100,,28450,44,,,2,100,,28452,44,,,1,142,,28457,44,,,1,100,,28451,44,,,2,100,,28454,44,,,2,99,,28455,44,,,1,101,,28453,44,,,2,100,,28456,44,,,1,99,,28463,44,,,1,59,,28462,44,,,1,100,,28458,44,,,1,100,,28464,44,,,1,99,,28461,44,,,2,98,,28460,44,,,2,100,,28459,44,,,1
5200,'Semaine-1-_26ÉTÉ-1111100-',628,,25381,44,,,1,100,,25383,44,,,1,110,,25378,44,,,1,96,,25394,44,,,1,97,,25392,44,,,2,100,,25379,44,,,1,100,,25386,44,,,1,100,,25385,44,,,1,100,,25382,44,,,1,102,,25380,44,,,1,108,,25384,44,,,1,101,,25395,44,,,1,104,,25393,44,,,1,100,,25387,44,,,1,83,,25391,44,,,1,100,,25390,44,,,1,99,,25388,44,,,1,99,,25389,44,,,1
5200,'Semaine-10-_26ÉTÉ-1111100-',628,,28468,44,,,1,100,,28470,44,,,1,110,,28465,44,,,1,96,,28481,44,,,1,97,,28479,44,,,2,100,,28466,44,,,1,100,,28473,44,,,1,100,,28472,44,,,1,100,,28469,44,,,1,102,,28467,44,,,1,108,,28471,44,,,1,101,,28482,44,,,1,104,,28480,44,,,1,100,,28474,44,,,1,83,,28478,44,,,1,100,,28477,44,,,1,99,,28475,44,,,1,99,,28476,44,,,1
5500,'Samedi-0-_26ÉTÉ-0000010-',725,,28546,46,,,1,30,,28543,46,,,1,70,,28544,46,,,1,30,,28547,46,,,1,69,,28545,46,,,1,29,,28552,46,,,1,71,,28549,46,,,1,30,,28550,46,,,1,72,,28555,46,,,1,30,,28554,46,,,1,68,,28548,46,,,1,30,,28551,46,,,1,70,,28553,46,,,1,34,,28556,46,,,1,70,,28557,46,,,1,30,,28558,46,,,1,70,,28559,46,,,1,29,,28560,46,,,1,70,,28561,46,,,1,30,,28562,46,,,1,70,,28563,46,,,1,30,,28564,46,,,1,72,,28565,46,,,1,28,,28566,46,,,1,69,,28568,46,,,1,33,,28567,46,,,1,67,,28569,46,,,1,30,,28571,46,,,1,71,,28570,46,,,1,30,,28572,46,,,1,66,,28573,46,,,1,30,,28576,46,,,1,70,,28578,46,,,1,30,,28575,46,,,1,70,,28574,46,,,1,27,,28577,46,,,1
5500,'Dimanche-0-_26ÉTÉ-0000001-',725,,28581,46,,,1,30,,28586,46,,,1,70,,28590,46,,,1,30,,28584,46,,,1,69,,28582,46,,,1,29,,28587,46,,,1,71,,28589,46,,,1,30,,28583,46,,,1,72,,28579,46,,,1,30,,28580,46,,,1,68,,28592,46,,,1,30,,28596,46,,,1,70,,28594,46,,,1,34,,28591,46,,,1,70,,28585,46,,,1,30,,28599,46,,,1,70,,28600,46,,,1,29,,28601,46,,,1,70,,28595,46,,,1,30,,28608,46,,,1,70,,28605,46,,,1,30,,28593,46,,,1,72,,28613,46,,,1,28,,28607,46,,,1,69,,28588,46,,,1,33,,28611,46,,,1,67,,28604,46,,,1,30,,28597,46,,,1,71,,28602,46,,,1,30,,28598,46,,,1,66,,28609,46,,,1,30,,28606,46,,,1,70,,28603,46,,,1,30,,28612,46,,,1,70,,28610,46,,,1,27,,28614,46,,,1
5500,'Semaine-1-_26ÉTÉ-1111100-',622,,25422,46,,,1,105,,25438,46,,,1,103,,25421,46,,,1,97,,25457,46,,,1,28,,25458,46,,,1,70,,25427,46,,,1,30,,25437,46,,,1,69,,25441,46,,,1,32,,25463,46,,,1,70,,25423,46,,,1,30,,25462,46,,,1,70,,25440,46,,,1,30,,25455,46,,,1,70,,25449,46,,,1,26,,25456,46,,,1,56,,25442,46,,,1,17,,25420,46,,,1,14,,25461,46,,,1,17,,25431,46,,,1,55,,25464,46,,,1,13,,25452,46,,,1,10,,25424,46,,,1,13,,25435,46,,,1,54,,25467,46,,,1,13,,25460,46,,,1,11,,25426,46,,,1,11,,25443,46,,,1,12,,25436,46,,,1,9,,25465,46,,,1,50,,25450,46,,,1,8,,25430,46,,,1,12,,25425,46,,,1,10,,25466,46,,,1,12,,25434,46,,,1,10,,25429,46,,,1,50,,25439,46,,,1,30,,25454,46,,,1,69,,25459,46,,,1,31,,25446,46,,,1,69,,25432,46,,,1,30,,25453,46,,,1,67,,25444,46,,,1,29,,25447,46,,,1,69,,25433,46,,,1,30,,25448,46,,,1,67,,25445,46,,,1,29,,25428,46,,,1,30,,25451,46,,,1
5500,'Semaine-10-_26ÉTÉ-1111100-',622,,28617,46,,,1,105,,28633,46,,,1,103,,28616,46,,,1,97,,28652,46,,,1,28,,28653,46,,,1,70,,28622,46,,,1,30,,28632,46,,,1,69,,28636,46,,,1,32,,28658,46,,,1,70,,28618,46,,,1,30,,28657,46,,,1,70,,28635,46,,,1,30,,28650,46,,,1,70,,28644,46,,,1,26,,28651,46,,,1,56,,28637,46,,,1,17,,28615,46,,,1,14,,28656,46,,,1,17,,28626,46,,,1,55,,28659,46,,,1,13,,28647,46,,,1,10,,28619,46,,,1,13,,28630,46,,,1,54,,28662,46,,,1,13,,28655,46,,,1,11,,28621,46,,,1,11,,28638,46,,,1,12,,28631,46,,,1,9,,28660,46,,,1,50,,28645,46,,,1,8,,28625,46,,,1,12,,28620,46,,,1,10,,28661,46,,,1,12,,28629,46,,,1,10,,28624,46,,,1,50,,28634,46,,,1,30,,28649,46,,,1,69,,28654,46,,,1,31,,28641,46,,,1,69,,28627,46,,,1,30,,28648,46,,,1,67,,28639,46,,,1,29,,28642,46,,,1,69,,28628,46,,,1,30,,28643,46,,,1,67,,28640,46,,,1,29,,28623,46,,,1,30,,28646,46,,,1
