2301,'Semaine-1-_26ÉTÉ-1111100-',634,,37352,25,,,1,70,,37349,25,,,1,32,,37353,25,,,1,71,,37351,25,,,2,28,,37350,25,,,2
2301,'Semaine-10-_26ÉTÉ-1111100-',634,,37357,25,,,1,70,,37354,25,,,1,32,,37358,25,,,1,71,,37356,25,,,2,28,,37355,25,,,2
2501,'Semaine-1-_26ÉTÉ-1111100-',617,,37375,32,,,1,29,,37374,32,,,1,73,,37372,32,,,2,36,,37373,32,,,2,68,,37376,32,,,1,30,,37371,32,,,1
2501,'Semaine-10-_26ÉTÉ-1111100-',617,,37381,32,,,1,29,,37380,32,,,1,73,,37378,32,,,2,36,,37379,32,,,2,68,,37382,32,,,1,30,,37377,32,,,1
9301,'Semaine-1-_26ÉTÉ-1111100-',646,,43696,50,,,1,60,,43694,50,,,1,21,,43693,50,,,1,76,,43697,50,,,2,30,,43695,50,,,1
9301,'Semaine-10-_26ÉTÉ-1111100-',646,,43701,50,,,1,60,,43699,50,,,1,21,,43698,50,,,1,76,,43702,50,,,2,30,,43700,50,,,1
9401,'Semaine-1-_26ÉTÉ-1111100-',609,,43703,40,,,1
9401,'Semaine-10-_26ÉTÉ-1111100-',609,,43704,40,,,1
9501,'Semaine-1-_26ÉTÉ-1111100-',638,,43729,63,,,1,15,,43725,63,,,1,57,,43727,63,,,1,16,,43732,63,,,2,17,,43728,63,,,2,57,,43730,63,,,2,17,,43731,63,,,1,13,,43726,63,,,2
9501,'Semaine-10-_26ÉTÉ-1111100-',638,,43737,63,,,1,15,,43733,63,,,1,57,,43735,63,,,1,16,,43740,63,,,2,17,,43736,63,,,2,57,,43738,63,,,2,17,,43739,63,,,1,13,,43734,63,,,2
9801,'Semaine-1-_26ÉTÉ-1111100-',553,,43914,53,,,1,50,,43915,53,,,1,10,,43916,53,,,1
9801,'Semaine-10-_26ÉTÉ-1111100-',553,,43917,53,,,1,50,,43918,53,,,1,10,,43919,53,,,1
10001,'Semaine-1-_26ÉTÉ-1111100-',630,,43956,12,,,1,10,,43954,12,,,1,10,,43953,12,,,1,50,,43952,12,,,1,10,,43955,12,,,1,10,,43957,12,,,1,10,,43958,12,,,1,10,,43959,12,,,1,10,,43960,12,,,1,50,,43961,12,,,1,10,,43962,12,,,1,10,,43963,12,,,1,9,,43964,12,,,1,10,,43965,12,,,1,10,,43966,12,,,1
10001,'Semaine-10-_26ÉTÉ-1111100-',630,,43971,12,,,1,10,,43969,12,,,1,10,,43968,12,,,1,50,,43967,12,,,1,10,,43970,12,,,1,10,,43972,12,,,1,10,,43973,12,,,1,10,,43974,12,,,1,10,,43975,12,,,1,50,,43976,12,,,1,10,,43977,12,,,1,10,,43978,12,,,1,9,,43979,12,,,1,10,,43980,12,,,1,10,,43981,12,,,1
