6201,'Semaine-1-_26ÉTÉ-1111100-',517,,41000,6,,,2,30,,40994,6,,,2,70,,41010,6,,,1,31,,41005,6,,,2,69,,40990,6,,,2,32,,40991,6,,,2,69,,40995,6,,,2,29,,41004,6,,,1,91,,40996,6,,,1,100,,40992,6,,,2,100,,41001,6,,,2,100,,41008,6,,,2,100,,41011,6,,,2,98,,41002,6,,,1,95,,41012,6,,,1,83,,41007,6,,,1,45,,40993,6,,,1,77,,41006,6,,,2,70,,41009,6,,,1,100,,40999,6,,,1,100,,40998,6,,,1,45,,41003,6,,,1,100,,40997,6,,,1
6201,'Semaine-10-_26ÉTÉ-1111100-',517,,41023,6,,,2,30,,41017,6,,,2,70,,41033,6,,,1,31,,41028,6,,,2,69,,41013,6,,,2,32,,41014,6,,,2,69,,41018,6,,,2,29,,41027,6,,,1,91,,41019,6,,,1,100,,41015,6,,,2,100,,41024,6,,,2,100,,41031,6,,,2,100,,41034,6,,,2,98,,41025,6,,,1,95,,41035,6,,,1,83,,41030,6,,,1,45,,41016,6,,,1,77,,41029,6,,,2,70,,41032,6,,,1,100,,41022,6,,,2,100,,41021,6,,,1,45,,41026,6,,,1,100,,41020,6,,,1
6201,'Semaine-11-_26ÉTÉ-1111100-',517,,46963,6,,,2,30,,46957,6,,,2,70,,46973,6,,,1,31,,46968,6,,,2,69,,46953,6,,,2,32,,46954,6,,,2,69,,46958,6,,,2,29,,46967,6,,,1,91,,46959,6,,,1,100,,46955,6,,,2,100,,46964,6,,,2,100,,46971,6,,,2,100,,46974,6,,,2,98,,46965,6,,,1,95,,46975,6,,,1,83,,46970,6,,,1,45,,46956,6,,,1,77,,46969,6,,,2,70,,46972,6,,,1,100,,46962,6,,,1,100,,46961,6,,,1,45,,46966,6,,,1,100,,46960,6,,,1
7100,'Samedi-0-_26ÉTÉ-0000010-',806,,42399,6,,,2,100,,42400,6,,,1,100,,42402,6,,,1,103,,42397,6,,,1,100,,42401,6,,,1,100,,42398,6,,,1,100,,42403,6,,,1,100,,42404,6,,,2,100,,42405,6,,,2,100,,42406,6,,,2,100,,42407,6,,,2,98,,42408,6,,,2,100,,42409,6,,,1,100,,42410,6,,,1,100,,42411,6,,,2,100,,42412,6,,,1
7100,'Samedi-10-_26ÉTÉ-0000010-',806,,47562,6,,,2,100,,47563,6,,,1,100,,47565,6,,,1,103,,47560,6,,,1,100,,47564,6,,,1,100,,47561,6,,,1,100,,47566,6,,,1,100,,47567,6,,,2,100,,47568,6,,,2,100,,47569,6,,,2,100,,47570,6,,,2,98,,47571,6,,,2,100,,47572,6,,,1,100,,47573,6,,,1,100,,47574,6,,,2,100,,47575,6,,,1
7100,'Dimanche-0-_26ÉTÉ-0000001-',806,,42416,6,,,2,100,,42417,6,,,1,100,,42418,6,,,1,103,,42419,6,,,1,100,,42415,6,,,1,100,,42414,6,,,1,100,,42420,6,,,1,100,,42413,6,,,2,100,,42423,6,,,2,100,,42425,6,,,2,100,,42426,6,,,2,98,,42424,6,,,2,100,,42421,6,,,1,100,,42422,6,,,1,100,,42428,6,,,2,100,,42427,6,,,1
7100,'Dimanche-10-_26ÉTÉ-0000001-',806,,42432,6,,,2,100,,42433,6,,,1,100,,42434,6,,,1,103,,42435,6,,,1,100,,42431,6,,,1,100,,42430,6,,,1,100,,42436,6,,,1,100,,42429,6,,,2,100,,42439,6,,,2,100,,42441,6,,,2,100,,42442,6,,,2,98,,42440,6,,,2,100,,42437,6,,,1,100,,42438,6,,,1,100,,42444,6,,,2,100,,42443,6,,,1
7100,'Semaine-1-_26ÉTÉ-1111100-',533,,42478,6,,,2,70,,42461,6,,,1,30,,42479,6,,,2,19,,42482,6,,,2,61,,42452,6,,,1,20,,42456,6,,,2,20,,42455,6,,,2,50,,42477,6,,,1,10,,42453,6,,,1,10,,42468,6,,,2,20,,42445,6,,,2,60,,42471,6,,,1,20,,42476,6,,,1,30,,42467,6,,,1,71,,42472,6,,,1,30,,42473,6,,,2,70,,42487,6,,,2,30,,42448,6,,,1,70,,42474,6,,,1,30,,42486,6,,,1,70,,42447,6,,,1,30,,42449,6,,,1,70,,42457,6,,,2,28,,42480,6,,,1,70,,42451,6,,,2,7,,42481,6,,,2,21,,42484,6,,,2,59,,42483,6,,,2,14,,42464,6,,,2,6,,42459,6,,,2,20,,42460,6,,,2,60,,42450,6,,,2,20,,42469,6,,,1,23,,42446,6,,,2,68,,42470,6,,,2,31,,42485,6,,,1,70,,42458,6,,,2,30,,42462,6,,,1,70,,42465,6,,,1,101,,42463,6,,,1,99,,42475,6,,,1,100,,42454,6,,,2,101,,42466,6,,,1
7100,'Semaine-10-_26ÉTÉ-1111100-',533,,42521,6,,,2,70,,42504,6,,,1,30,,42522,6,,,2,19,,42525,6,,,2,61,,42495,6,,,1,20,,42499,6,,,2,20,,42498,6,,,2,50,,42520,6,,,1,10,,42496,6,,,1,10,,42511,6,,,2,20,,42488,6,,,2,60,,42514,6,,,1,20,,42519,6,,,1,30,,42510,6,,,1,71,,42515,6,,,1,30,,42516,6,,,2,70,,42530,6,,,2,30,,42491,6,,,1,70,,42517,6,,,1,30,,42529,6,,,1,70,,42490,6,,,1,30,,42492,6,,,1,70,,42500,6,,,2,28,,42523,6,,,1,70,,42494,6,,,2,7,,42524,6,,,2,21,,42527,6,,,2,59,,42526,6,,,2,14,,42507,6,,,2,6,,42502,6,,,2,20,,42503,6,,,2,60,,42493,6,,,2,20,,42512,6,,,1,23,,42489,6,,,2,68,,42513,6,,,2,31,,42528,6,,,1,70,,42501,6,,,2,30,,42505,6,,,1,70,,42508,6,,,1,101,,42506,6,,,1,99,,42518,6,,,1,100,,42497,6,,,2,101,,42509,6,,,1
7100,'Semaine-11-_26ÉTÉ-1111100-',533,,47609,6,,,2,70,,47592,6,,,1,30,,47610,6,,,2,19,,47613,6,,,2,61,,47583,6,,,1,20,,47587,6,,,2,20,,47586,6,,,2,50,,47608,6,,,1,10,,47584,6,,,1,10,,47599,6,,,2,20,,47576,6,,,2,60,,47602,6,,,1,20,,47607,6,,,1,30,,47598,6,,,1,71,,47603,6,,,1,30,,47604,6,,,2,70,,47618,6,,,2,30,,47579,6,,,1,70,,47605,6,,,1,30,,47617,6,,,1,70,,47578,6,,,1,30,,47580,6,,,1,70,,47588,6,,,2,28,,47611,6,,,1,70,,47582,6,,,2,7,,47612,6,,,2,21,,47615,6,,,2,59,,47614,6,,,2,14,,47595,6,,,2,6,,47590,6,,,2,20,,47591,6,,,2,60,,47581,6,,,2,20,,47600,6,,,1,23,,47577,6,,,2,68,,47601,6,,,2,31,,47616,6,,,1,70,,47589,6,,,2,30,,47593,6,,,1,70,,47596,6,,,1,101,,47594,6,,,1,99,,47606,6,,,1,100,,47585,6,,,2,101,,47597,6,,,1
7300,'Semaine-1-_26ÉTÉ-1111100-',616,,42757,6,,,1,30,,42755,6,,,2,71,,42758,6,,,2,29,,42765,6,,,1,70,,42759,6,,,1,29,,42760,6,,,2,101,,42762,6,,,1,100,,42746,6,,,1,100,,42743,6,,,1,100,,42744,6,,,2,100,,42745,6,,,2,101,,42747,6,,,2,67,,42748,6,,,1,29,,42766,6,,,1,76,,42763,6,,,2,24,,42764,6,,,2,73,,42761,6,,,1,29,,42749,6,,,1,70,,42750,6,,,1,31,,42751,6,,,1,100,,42752,6,,,1,105,,42753,6,,,2,100,,42754,6,,,1,100,,42756,6,,,2
7300,'Semaine-10-_26ÉTÉ-1111100-',616,,42781,6,,,1,30,,42779,6,,,2,71,,42782,6,,,2,29,,42789,6,,,1,70,,42783,6,,,1,29,,42784,6,,,2,101,,42786,6,,,1,100,,42770,6,,,1,100,,42767,6,,,1,100,,42768,6,,,2,100,,42769,6,,,2,101,,42771,6,,,2,67,,42772,6,,,1,29,,42790,6,,,1,76,,42787,6,,,2,24,,42788,6,,,2,73,,42785,6,,,1,29,,42773,6,,,1,70,,42774,6,,,1,31,,42775,6,,,1,100,,42776,6,,,1,105,,42777,6,,,2,100,,42778,6,,,1,100,,42780,6,,,2
7300,'Semaine-11-_26ÉTÉ-1111100-',616,,47724,6,,,1,30,,47722,6,,,2,71,,47725,6,,,2,29,,47732,6,,,1,70,,47726,6,,,1,29,,47727,6,,,2,101,,47729,6,,,1,100,,47713,6,,,1,100,,47710,6,,,1,100,,47711,6,,,2,100,,47712,6,,,2,101,,47714,6,,,2,67,,47715,6,,,1,29,,47733,6,,,1,76,,47730,6,,,2,24,,47731,6,,,2,73,,47728,6,,,1,29,,47716,6,,,1,70,,47717,6,,,1,31,,47718,6,,,1,100,,47719,6,,,1,105,,47720,6,,,2,100,,47721,6,,,1,100,,47723,6,,,2
