2700,'Semaine-1-_26ÉTÉ-1111100-',1622,,37405,39,,,1,30,,37403,39,,,2,67,,37407,39,,,1,29,,37404,39,,,1,68,,37406,39,,,2
2700,'Semaine-10-_26ÉTÉ-1111100-',1622,,37410,39,,,1,30,,37408,39,,,2,67,,37412,39,,,1,29,,37409,39,,,1,68,,37411,39,,,2
2700,'Semaine-11-_26ÉTÉ-1111100-',1622,,45408,39,,,1,30,,45406,39,,,2,67,,45410,39,,,1,29,,45407,39,,,1,68,,45409,39,,,2
2700,'Semaine-12-_26ÉTÉ-1111100-',1622,,52416,39,,,1,30,,52414,39,,,2,67,,52418,39,,,1,29,,52415,39,,,1,68,,52417,39,,,2
2700,'Semaine-5-_26ÉTÉ-1111100-',1622,,49979,39,,,1,30,,49977,39,,,2,67,,49981,39,,,1,29,,49978,39,,,1,68,,49980,39,,,2
3500,'Semaine-1-_26ÉTÉ-1111100-',1540,,38556,48,,,2,110,,38561,48,,,2,68,,38565,48,,,1,93,,38547,48,,,1,101,,38576,48,,,2,95,,38550,48,,,1,24,,38554,48,,,1,103,,38568,48,,,1,100,,38572,48,,,2
3500,'Semaine-10-_26ÉTÉ-1111100-',1540,,38593,48,,,2,110,,38598,48,,,2,68,,38602,48,,,1,93,,38584,48,,,1,101,,38613,48,,,2,95,,38587,48,,,1,24,,38591,48,,,1,103,,38605,48,,,1,100,,38609,48,,,2
3500,'Semaine-11-_26ÉTÉ-1111100-',1540,,45921,48,,,2,110,,45926,48,,,2,68,,45930,48,,,1,93,,45912,48,,,1,101,,45941,48,,,2,95,,45915,48,,,1,24,,45919,48,,,1,103,,45933,48,,,1,100,,45937,48,,,2
3500,'Semaine-12-_26ÉTÉ-1111100-',1540,,52790,48,,,2,110,,52795,48,,,2,68,,52799,48,,,1,93,,52781,48,,,1,101,,52810,48,,,2,95,,52784,48,,,1,24,,52788,48,,,1,103,,52802,48,,,1,100,,52806,48,,,2
3500,'Semaine-5-_26ÉTÉ-1111100-',1540,,50354,48,,,2,110,,50359,48,,,2,68,,50363,48,,,1,93,,50345,48,,,1,101,,50374,48,,,2,95,,50348,48,,,1,24,,50352,48,,,1,103,,50366,48,,,1,100,,50370,48,,,2
