9301,'Semaine-1-_26ÉTÉ-1111100-',547,,43696,5,,,1,60,,43694,5,,,1,20,,43693,5,,,1,30,,43697,5,,,2,70,,43695,5,,,1
9301,'Semaine-10-_26ÉTÉ-1111100-',547,,43701,5,,,1,60,,43699,5,,,1,20,,43698,5,,,1,30,,43702,5,,,2,70,,43700,5,,,1
9301,'Semaine-11-_26ÉTÉ-1111100-',547,,48138,5,,,1,60,,48136,5,,,1,20,,48135,5,,,1,30,,48139,5,,,2,70,,48137,5,,,1
9301,'Semaine-5-_26ÉTÉ-1111100-',547,,51881,5,,,1,60,,51879,5,,,1,20,,51878,5,,,1,30,,51882,5,,,2,70,,51880,5,,,1
9401,'Semaine-1-_26ÉTÉ-1111100-',527,,43703,5,,,1
9401,'Semaine-10-_26ÉTÉ-1111100-',527,,43704,5,,,1
9401,'Semaine-11-_26ÉTÉ-1111100-',527,,48140,5,,,1
9401,'Semaine-5-_26ÉTÉ-1111100-',527,,51883,5,,,1
9701,'Samedi-0-_26ÉTÉ-0000010-',721,,43834,5,,,2,100,,43837,5,,,1,100,,43835,5,,,2,100,,43838,5,,,2,100,,43832,5,,,1,100,,43833,5,,,1,100,,43836,5,,,2,100,,43839,5,,,2,100,,43840,5,,,1,100,,43841,5,,,2,100,,43842,5,,,2,100,,43843,5,,,1,100,,43847,5,,,1,100,,43844,5,,,1,100,,43845,5,,,1,100,,43846,5,,,1
9701,'Dimanche-0-_26ÉTÉ-0000001-',721,,43854,5,,,2,100,,43851,5,,,1,100,,43852,5,,,2,100,,43855,5,,,2,100,,43850,5,,,1,100,,43849,5,,,1,100,,43848,5,,,2,100,,43853,5,,,2,100,,43857,5,,,1,100,,43856,5,,,2,100,,43861,5,,,2,100,,43862,5,,,1,100,,43863,5,,,1,100,,43858,5,,,1,100,,43859,5,,,1,100,,43860,5,,,1
9701,'Dimanche-10-_26ÉTÉ-0000001-',721,,43870,5,,,2,100,,43867,5,,,1,100,,43868,5,,,2,100,,43871,5,,,2,100,,43866,5,,,1,100,,43865,5,,,1,100,,43864,5,,,2,100,,43869,5,,,2,100,,43873,5,,,1,100,,43872,5,,,2,100,,43877,5,,,2,100,,43878,5,,,1,100,,43879,5,,,1,100,,43874,5,,,1,100,,43875,5,,,1,100,,43876,5,,,1
9701,'Dimanche-11-_26ÉTÉ-0000001-',721,,49703,5,,,2,100,,49700,5,,,1,100,,49701,5,,,2,100,,49704,5,,,2,100,,49699,5,,,1,100,,49698,5,,,1,100,,49697,5,,,2,100,,49702,5,,,2,100,,49706,5,,,1,100,,49705,5,,,2,100,,49710,5,,,2,100,,49711,5,,,1,100,,49712,5,,,1,100,,49707,5,,,1,100,,49708,5,,,1,100,,49709,5,,,1
9701,'Semaine-1-_26ÉTÉ-1111100-',600,,43894,5,,,1,100,,43887,5,,,2,109,,43896,5,,,1,103,,43885,5,,,2,100,,43882,5,,,1,100,,43895,5,,,2,98,,43890,5,,,2,102,,43886,5,,,1,100,,43892,5,,,2,99,,43880,5,,,1,97,,43883,5,,,1,102,,43891,5,,,1,100,,43893,5,,,2,96,,43884,5,,,2,97,,43888,5,,,1,100,,43881,5,,,2,100,,43889,5,,,1
9701,'Semaine-10-_26ÉTÉ-1111100-',600,,43911,5,,,1,100,,43904,5,,,2,109,,43913,5,,,1,103,,43902,5,,,2,100,,43899,5,,,1,100,,43912,5,,,2,98,,43907,5,,,2,102,,43903,5,,,1,100,,43909,5,,,2,99,,43897,5,,,1,97,,43900,5,,,1,102,,43908,5,,,1,100,,43910,5,,,2,96,,43901,5,,,2,97,,43905,5,,,1,100,,43898,5,,,2,100,,43906,5,,,1
9701,'Semaine-11-_26ÉTÉ-1111100-',600,,48226,5,,,1,100,,48219,5,,,2,109,,48228,5,,,1,103,,48217,5,,,2,100,,48214,5,,,1,100,,48227,5,,,2,98,,48222,5,,,2,102,,48218,5,,,1,100,,48224,5,,,2,99,,48212,5,,,1,97,,48215,5,,,1,102,,48223,5,,,1,100,,48225,5,,,2,96,,48216,5,,,2,97,,48220,5,,,1,100,,48213,5,,,2,100,,48221,5,,,1
9701,'Semaine-5-_26ÉTÉ-1111100-',600,,51936,5,,,1,100,,51929,5,,,2,109,,51938,5,,,1,103,,51927,5,,,2,100,,51924,5,,,1,100,,51937,5,,,2,98,,51932,5,,,2,102,,51928,5,,,1,100,,51934,5,,,2,99,,51922,5,,,1,97,,51925,5,,,1,102,,51933,5,,,1,100,,51935,5,,,2,96,,51926,5,,,2,97,,51930,5,,,1,100,,51923,5,,,2,100,,51931,5,,,1
