2601,'Semaine-1-_26ÉTÉ-1111100-',612,,37394,28,,,1,31,,37396,28,,,1,71,,37397,28,,,1,24,,37395,28,,,1,75,,37393,28,,,2
2601,'Semaine-10-_26ÉTÉ-1111100-',612,,37399,28,,,1,31,,37401,28,,,1,71,,37402,28,,,1,24,,37400,28,,,1,75,,37398,28,,,2
2801,'Semaine-1-_26ÉTÉ-1111100-',708,,37428,38,,,1,30,,37429,38,,,1,99,,37427,38,,,2
2801,'Semaine-10-_26ÉTÉ-1111100-',708,,37431,38,,,1,30,,37432,38,,,1,99,,37430,38,,,2
2901,'Semaine-1-_26ÉTÉ-1111100-',724,,37443,14,,,1,29,,37446,14,,,1,69,,37444,14,,,1,29,,37445,14,,,1
2901,'Semaine-10-_26ÉTÉ-1111100-',724,,37447,14,,,1,29,,37450,14,,,1,69,,37448,14,,,1,29,,37449,14,,,1
3201,'Semaine-1-_26ÉTÉ-1111100-',525,,37885,26,,,2,20,,37884,26,,,1,60,,37876,26,,,2,21,,37886,26,,,1,10,,37866,26,,,2,10,,37887,26,,,1,10,,37867,26,,,2,50,,37868,26,,,1,8,,37860,26,,,1,10,,37863,26,,,1,8,,37889,26,,,1,8,,37869,26,,,1,9,,37864,26,,,1,7,,37877,26,,,2,48,,37859,26,,,1,9,,37870,26,,,1,8,,37888,26,,,1,8,,37858,26,,,1,10,,37857,26,,,2,10,,37862,26,,,1,9,,37865,26,,,1,50,,37871,26,,,1,21,,37845,26,,,1,30,,37855,26,,,2,70,,37848,26,,,1,30,,37851,26,,,2,69,,37844,26,,,1,31,,37854,26,,,2,70,,37849,26,,,1,30,,37856,26,,,1,70,,37838,26,,,1,29,,37843,26,,,2,70,,37850,26,,,1,31,,37861,26,,,1,71,,37878,26,,,1,28,,37879,26,,,1,71,,37880,26,,,1,71,,37881,26,,,1,29,,37882,26,,,1,30,,37883,26,,,1,70,,37841,26,,,1,29,,37839,26,,,1,70,,37852,26,,,1,30,,37847,26,,,1,70,,37842,26,,,1,30,,37840,26,,,1,70,,37853,26,,,1,28,,37846,26,,,1,70,,37873,26,,,2,30,,37872,26,,,1,69,,37874,26,,,1,30,,37875,26,,,1
3201,'Semaine-10-_26ÉTÉ-1111100-',525,,37937,26,,,2,20,,37936,26,,,1,60,,37928,26,,,2,21,,37938,26,,,1,10,,37918,26,,,2,10,,37939,26,,,1,10,,37919,26,,,2,50,,37920,26,,,1,8,,37912,26,,,1,10,,37915,26,,,1,8,,37941,26,,,1,8,,37921,26,,,1,9,,37916,26,,,1,7,,37929,26,,,2,48,,37911,26,,,1,9,,37922,26,,,1,8,,37940,26,,,1,8,,37910,26,,,1,10,,37909,26,,,2,10,,37914,26,,,1,9,,37917,26,,,1,50,,37923,26,,,1,21,,37897,26,,,1,30,,37907,26,,,2,70,,37900,26,,,1,30,,37903,26,,,2,69,,37896,26,,,1,31,,37906,26,,,2,70,,37901,26,,,1,30,,37908,26,,,1,70,,37890,26,,,1,29,,37895,26,,,1,70,,37902,26,,,1,31,,37913,26,,,1,71,,37930,26,,,1,28,,37931,26,,,1,71,,37932,26,,,1,71,,37933,26,,,1,29,,37934,26,,,1,30,,37935,26,,,1,70,,37893,26,,,1,29,,37891,26,,,1,70,,37904,26,,,1,30,,37899,26,,,1,70,,37894,26,,,1,30,,37892,26,,,1,70,,37905,26,,,1,28,,37898,26,,,1,70,,37925,26,,,2,30,,37924,26,,,1,69,,37926,26,,,1,30,,37927,26,,,1
3401,'Samedi-0-_26ÉTÉ-0000010-',716,,38384,47,,,1,100,,38387,47,,,2,30,,38396,47,,,1,73,,38385,47,,,1,29,,38390,47,,,1,70,,38392,47,,,1,31,,38386,47,,,2,70,,38395,47,,,1,32,,38388,47,,,1,70,,38397,47,,,1,29,,38389,47,,,1,70,,38391,47,,,1,30,,38393,47,,,2,70,,38394,47,,,2,30,,38398,47,,,1,70,,38399,47,,,2,30,,38400,47,,,1,70,,38401,47,,,1,31,,38402,47,,,1,69,,38403,47,,,1,30,,38404,47,,,2,70,,38405,47,,,1,27,,38406,47,,,1,70,,38408,47,,,1,31,,38407,47,,,2,70,,38409,47,,,1,30,,38410,47,,,2,68,,38411,47,,,1,30,,38413,47,,,1,70,,38412,47,,,1,30,,38414,47,,,1,96,,38415,47,,,1
3401,'Dimanche-0-_26ÉTÉ-0000001-',716,,38417,47,,,1,100,,38428,47,,,2,30,,38421,47,,,1,73,,38424,47,,,1,29,,38423,47,,,1,70,,38432,47,,,1,31,,38429,47,,,2,70,,38416,47,,,1,32,,38427,47,,,1,70,,38420,47,,,1,29,,38418,47,,,1,70,,38419,47,,,1,30,,38422,47,,,2,70,,38430,47,,,2,30,,38426,47,,,1,70,,38425,47,,,2,30,,38431,47,,,1,70,,38436,47,,,1,31,,38434,47,,,1,69,,38440,47,,,1,30,,38443,47,,,2,70,,38433,47,,,1,27,,38442,47,,,1,70,,38435,47,,,1,31,,38439,47,,,2,70,,38446,47,,,1,30,,38438,47,,,2,68,,38437,47,,,1,30,,38444,47,,,1,70,,38445,47,,,1,30,,38441,47,,,1,96,,38447,47,,,1
3401,'Dimanche-10-_26ÉTÉ-0000001-',716,,38449,47,,,1,100,,38460,47,,,2,30,,38453,47,,,1,73,,38456,47,,,1,29,,38455,47,,,1,70,,38464,47,,,1,31,,38461,47,,,2,70,,38448,47,,,1,32,,38459,47,,,1,70,,38452,47,,,1,29,,38450,47,,,1,70,,38451,47,,,1,30,,38454,47,,,2,70,,38462,47,,,2,30,,38458,47,,,1,70,,38457,47,,,2,30,,38463,47,,,1,70,,38468,47,,,1,31,,38466,47,,,1,69,,38472,47,,,1,30,,38475,47,,,2,70,,38465,47,,,1,27,,38474,47,,,1,70,,38467,47,,,1,31,,38471,47,,,2,70,,38478,47,,,1,30,,38470,47,,,2,68,,38469,47,,,1,30,,38476,47,,,1,70,,38477,47,,,1,30,,38473,47,,,1,96,,38479,47,,,1
3401,'Semaine-1-_26ÉTÉ-1111100-',921,,38505,47,,,2,32,,38485,47,,,1,70,,38489,47,,,1,30,,38509,47,,,1,70,,38482,47,,,1,30,,38486,47,,,1,70,,38490,47,,,2,30,,38480,47,,,1,71,,38483,47,,,1,29,,38487,47,,,1,71,,38491,47,,,1,30,,38484,47,,,1,69,,38506,47,,,1,32,,38481,47,,,2,72,,38507,47,,,1,30,,38508,47,,,1,72,,38502,47,,,1,25,,38498,47,,,2,69,,38488,47,,,1,29,,38495,47,,,1,69,,38504,47,,,1,30,,38492,47,,,1,70,,38494,47,,,1,30,,38496,47,,,1,70,,38500,47,,,2,30,,38493,47,,,1,70,,38499,47,,,1,29,,38497,47,,,1,70,,38501,47,,,1,30,,38503,47,,,1
3401,'Semaine-10-_26ÉTÉ-1111100-',921,,38535,47,,,2,32,,38515,47,,,1,70,,38519,47,,,1,30,,38539,47,,,1,70,,38512,47,,,1,30,,38516,47,,,1,70,,38520,47,,,2,30,,38510,47,,,1,71,,38513,47,,,1,29,,38517,47,,,1,71,,38521,47,,,1,30,,38514,47,,,1,69,,38536,47,,,1,32,,38511,47,,,2,72,,38537,47,,,1,30,,38538,47,,,1,72,,38532,47,,,1,25,,38528,47,,,2,69,,38518,47,,,1,29,,38525,47,,,1,69,,38534,47,,,1,30,,38522,47,,,1,70,,38524,47,,,1,30,,38526,47,,,1,70,,38530,47,,,2,30,,38523,47,,,1,70,,38529,47,,,1,29,,38527,47,,,1,70,,38531,47,,,1,30,,38533,47,,,1
4001,'Semaine-1-_26ÉTÉ-1111100-',627,,39588,46,,,2,32,,39587,46,,,2,72,,39590,46,,,2,74,,39586,46,,,1,27,,39585,46,,,2,26,,39589,46,,,2
4001,'Semaine-10-_26ÉTÉ-1111100-',627,,39594,46,,,2,32,,39593,46,,,2,72,,39596,46,,,2,74,,39592,46,,,1,27,,39591,46,,,2,26,,39595,46,,,2
4101,'Semaine-1-_26ÉTÉ-1111100-',652,,39609,37,,,2,71,,39610,37,,,2,32,,39611,37,,,2,70,,39608,37,,,1,28,,39607,37,,,2
4101,'Semaine-10-_26ÉTÉ-1111100-',652,,39614,37,,,2,71,,39615,37,,,2,32,,39616,37,,,2,70,,39613,37,,,1,28,,39612,37,,,2
4501,'Semaine-1-_26ÉTÉ-1111100-',642,,39637,40,,,2,76,,39641,40,,,1,27,,39640,40,,,2,70,,39639,40,,,1,27,,39642,40,,,1,70,,39638,40,,,2
4501,'Semaine-10-_26ÉTÉ-1111100-',642,,39643,40,,,2,76,,39647,40,,,1,27,,39646,40,,,2,70,,39645,40,,,1,27,,39648,40,,,1,70,,39644,40,,,2
4701,'Semaine-1-_26ÉTÉ-1111100-',630,,39657,33,,,2,86,,39658,33,,,2,86,,39655,33,,,2,28,,39656,33,,,2
4701,'Semaine-10-_26ÉTÉ-1111100-',630,,39661,33,,,2,86,,39662,33,,,2,86,,39659,33,,,2,28,,39660,33,,,2
5501,'Samedi-0-_26ÉTÉ-0000010-',715,,40305,45,,,1,30,,40308,45,,,1,70,,40307,45,,,1,30,,40317,45,,,1,70,,40306,45,,,1,30,,40309,45,,,1,70,,40310,45,,,1,30,,40316,45,,,1,73,,40312,45,,,1,30,,40313,45,,,1,71,,40311,45,,,1,28,,40319,45,,,1,70,,40318,45,,,1,30,,40314,45,,,1,70,,40315,45,,,1,30,,40320,45,,,1,70,,40321,45,,,1,30,,40322,45,,,1,70,,40323,45,,,1,30,,40324,45,,,1,70,,40325,45,,,1,30,,40326,45,,,1,70,,40327,45,,,1,28,,40328,45,,,1,70,,40329,45,,,1,30,,40330,45,,,1,70,,40331,45,,,1,28,,40332,45,,,1,70,,40333,45,,,1,30,,40335,45,,,1,68,,40334,45,,,1,32,,40337,45,,,1,68,,40336,45,,,1
5501,'Dimanche-0-_26ÉTÉ-0000001-',715,,40339,45,,,1,30,,40344,45,,,1,70,,40340,45,,,1,30,,40348,45,,,1,70,,40351,45,,,1,30,,40343,45,,,1,70,,40355,45,,,1,30,,40349,45,,,1,73,,40350,45,,,1,30,,40341,45,,,1,71,,40338,45,,,1,28,,40345,45,,,1,70,,40352,45,,,1,30,,40342,45,,,1,70,,40353,45,,,1,30,,40347,45,,,1,70,,40346,45,,,1,30,,40356,45,,,1,70,,40360,45,,,1,30,,40354,45,,,1,70,,40357,45,,,1,30,,40367,45,,,1,70,,40364,45,,,1,28,,40369,45,,,1,70,,40370,45,,,1,30,,40358,45,,,1,70,,40361,45,,,1,28,,40359,45,,,1,70,,40362,45,,,1,30,,40363,45,,,1,68,,40366,45,,,1,32,,40368,45,,,1,68,,40365,45,,,1
5501,'Dimanche-10-_26ÉTÉ-0000001-',715,,40372,45,,,1,30,,40377,45,,,1,70,,40373,45,,,1,30,,40381,45,,,1,70,,40384,45,,,1,30,,40376,45,,,1,70,,40388,45,,,1,30,,40382,45,,,1,73,,40383,45,,,1,30,,40374,45,,,1,71,,40371,45,,,1,28,,40378,45,,,1,70,,40385,45,,,1,30,,40375,45,,,1,70,,40386,45,,,1,30,,40380,45,,,1,70,,40379,45,,,1,30,,40389,45,,,1,70,,40393,45,,,1,30,,40387,45,,,1,70,,40390,45,,,1,30,,40400,45,,,1,70,,40397,45,,,1,28,,40402,45,,,1,70,,40403,45,,,1,30,,40391,45,,,1,70,,40394,45,,,1,28,,40392,45,,,1,70,,40395,45,,,1,30,,40396,45,,,1,68,,40399,45,,,1,32,,40401,45,,,1,68,,40398,45,,,1
5501,'Semaine-1-_26ÉTÉ-1111100-',531,,40417,45,,,1,15,,40424,45,,,1,13,,40423,44,,,1,58,,40407,44,,,1,15,,40445,44,,,1,23,,40444,44,,,1,47,,40404,44,,,1,14,,40449,44,,,1,15,,40430,44,,,1,15,,40438,44,,,1,54,,40408,44,,,1,10,,40412,44,,,1,12,,40410,44,,,1,9,,40439,44,,,1,4,,40441,44,,,1,13,,40418,44,,,1,69,,40422,44,,,1,12,,40409,44,,,1,11,,40443,44,,,1,69,,40436,45,,,1,23,,40448,12,,,1,8,,40440,45,,,1,67,,40406,45,,,1,31,,40413,45,,,1,70,,40426,45,,,1,30,,40437,45,,,1,70,,40433,45,,,1,30,,40414,45,,,1,70,,40446,45,,,1,31,,40405,45,,,1,72,,40411,45,,,1,89,,40415,45,,,1,100,,40420,45,,,1,100,,40425,45,,,1,59,,40442,45,,,1,60,,40431,45,,,1,30,,40419,45,,,1,70,,40435,45,,,1,30,,40428,45,,,1,70,,40447,45,,,1,30,,40421,45,,,1,70,,40427,45,,,1,30,,40429,45,,,1,70,,40416,45,,,1,28,,40434,45,,,1,70,,40432,45,,,1
5501,'Semaine-10-_26ÉTÉ-1111100-',531,,40463,45,,,1,15,,40470,45,,,1,13,,40469,44,,,1,58,,40453,44,,,1,15,,40491,44,,,1,23,,40490,44,,,1,47,,40450,44,,,1,14,,40495,44,,,1,15,,40476,44,,,1,15,,40484,44,,,1,54,,40454,44,,,1,10,,40458,44,,,1,12,,40456,44,,,1,9,,40485,44,,,1,4,,40487,44,,,1,13,,40464,44,,,1,69,,40468,44,,,1,12,,40455,44,,,1,11,,40489,44,,,1,69,,40482,45,,,1,23,,40494,12,,,1,8,,40486,45,,,1,67,,40452,45,,,1,31,,40459,45,,,1,70,,40472,45,,,1,30,,40483,45,,,1,70,,40479,45,,,1,30,,40460,45,,,1,70,,40492,45,,,1,31,,40451,45,,,1,72,,40457,45,,,1,89,,40461,45,,,1,100,,40466,45,,,1,100,,40471,45,,,1,59,,40488,45,,,1,60,,40477,45,,,1,30,,40465,45,,,1,70,,40481,45,,,1,30,,40474,45,,,1,70,,40493,45,,,1,30,,40467,45,,,1,70,,40473,45,,,1,30,,40475,45,,,1,70,,40462,45,,,1,28,,40480,45,,,1,70,,40478,45,,,1
5901,'Samedi-0-_26ÉTÉ-0000010-',725,,40754,34,,,1,30,,40761,34,,,1,72,,40758,34,,,1,30,,40763,34,,,1,70,,40755,34,,,1,30,,40760,34,,,1,71,,40759,34,,,1,30,,40762,34,,,1,70,,40766,34,,,1,31,,40767,34,,,1,70,,40756,34,,,1,30,,40757,34,,,1,70,,40765,34,,,1,30,,40764,34,,,1,70,,40768,34,,,1,29,,40769,34,,,1,70,,40770,34,,,1,30,,40771,34,,,1,70,,40772,34,,,1,30,,40773,34,,,1,70,,40774,34,,,1,30,,40775,34,,,1,70,,40776,34,,,1,29,,40777,34,,,1,70,,40778,34,,,1,30,,40780,34,,,1,70,,40779,34,,,1,28,,40781,34,,,1,70,,40782,34,,,1,30,,40783,34,,,1,70,,40785,34,,,1,28,,40784,34,,,1
5901,'Dimanche-0-_26ÉTÉ-0000001-',725,,40792,34,,,1,30,,40795,34,,,1,72,,40797,34,,,1,30,,40788,34,,,1,70,,40791,34,,,1,30,,40794,34,,,1,71,,40798,34,,,1,30,,40786,34,,,1,70,,40789,34,,,1,31,,40803,34,,,1,70,,40796,34,,,1,30,,40787,34,,,1,70,,40790,34,,,1,30,,40793,34,,,1,70,,40800,34,,,1,29,,40799,34,,,1,70,,40802,34,,,1,30,,40804,34,,,1,70,,40801,34,,,1,30,,40810,34,,,1,70,,40811,34,,,1,30,,40807,34,,,1,70,,40806,34,,,1,29,,40816,34,,,1,70,,40813,34,,,1,30,,40814,34,,,1,70,,40805,34,,,1,28,,40808,34,,,1,70,,40812,34,,,1,30,,40809,34,,,1,70,,40815,34,,,1,28,,40817,34,,,1
5901,'Dimanche-10-_26ÉTÉ-0000001-',725,,40824,34,,,1,30,,40827,34,,,1,72,,40829,34,,,1,30,,40820,34,,,1,70,,40823,34,,,1,30,,40826,34,,,1,71,,40830,34,,,1,30,,40818,34,,,1,70,,40821,34,,,1,31,,40835,34,,,1,70,,40828,34,,,1,30,,40819,34,,,1,70,,40822,34,,,1,30,,40825,34,,,1,70,,40832,34,,,1,29,,40831,34,,,1,70,,40834,34,,,1,30,,40836,34,,,1,70,,40833,34,,,1,30,,40842,34,,,1,70,,40843,34,,,1,30,,40839,34,,,1,70,,40838,34,,,1,29,,40848,34,,,1,70,,40845,34,,,1,30,,40846,34,,,1,70,,40837,34,,,1,28,,40840,34,,,1,70,,40844,34,,,1,30,,40841,34,,,1,70,,40847,34,,,1,28,,40849,34,,,1
5901,'Semaine-1-_26ÉTÉ-1111100-',525,,40854,34,,,1,14,,40890,34,,,1,15,,40863,34,,,1,55,,40884,33,,,1,16,,40864,33,,,1,15,,40853,33,,,1,8,,40855,33,,,1,62,,40858,33,,,1,4,,40893,11,,,1,11,,40894,11,,,1,9,,40861,33,,,1,4,,40895,11,,,1,14,,40862,33,,,1,51,,40857,33,,,1,12,,40886,33,,,1,10,,40872,33,,,1,7,,40877,33,,,1,13,,40851,33,,,1,12,,40867,33,,,1,53,,40852,33,,,1,12,,40870,33,,,1,32,,40896,33,,,1,70,,40891,34,,,1,30,,40878,34,,,1,70,,40860,34,,,1,30,,40871,34,,,1,70,,40874,34,,,1,30,,40859,34,,,1,70,,40888,34,,,1,30,,40850,34,,,1,70,,40892,34,,,1,30,,40882,34,,,1,77,,40885,34,,,1,99,,40889,34,,,1,100,,40869,34,,,1,99,,40876,34,,,1,75,,40881,34,,,1,30,,40868,34,,,1,70,,40875,34,,,1,30,,40880,34,,,1,70,,40887,34,,,1,30,,40865,34,,,1,70,,40883,34,,,1,29,,40873,34,,,1,70,,40856,34,,,1,30,,40866,34,,,1,70,,40879,34,,,1
5901,'Semaine-10-_26ÉTÉ-1111100-',525,,40901,34,,,1,14,,40937,34,,,1,15,,40910,34,,,1,55,,40931,33,,,1,16,,40911,33,,,1,15,,40900,33,,,1,8,,40902,33,,,1,62,,40905,33,,,1,4,,40940,11,,,1,11,,40941,11,,,1,9,,40908,33,,,1,4,,40942,11,,,1,14,,40909,33,,,1,51,,40904,33,,,1,12,,40933,33,,,1,10,,40919,33,,,1,7,,40924,33,,,1,13,,40898,33,,,1,12,,40914,33,,,1,53,,40899,33,,,1,12,,40917,33,,,1,32,,40943,33,,,1,70,,40938,34,,,1,30,,40925,34,,,1,70,,40907,34,,,1,30,,40918,34,,,1,70,,40921,34,,,1,30,,40906,34,,,1,70,,40935,34,,,1,30,,40897,34,,,1,70,,40939,34,,,1,30,,40929,34,,,1,77,,40932,34,,,1,99,,40936,34,,,1,100,,40916,34,,,1,99,,40923,34,,,1,75,,40928,34,,,1,30,,40915,34,,,1,70,,40922,34,,,1,30,,40927,34,,,1,70,,40934,34,,,1,30,,40912,34,,,1,70,,40930,34,,,1,29,,40920,34,,,1,70,,40903,34,,,1,30,,40913,34,,,1,70,,40926,34,,,1
80000,'Samedi-0-_26ÉTÉ-0000010-',732,,45116,38,,,2,101,,45117,38,,,1,100,,45118,38,,,2,101,,45120,38,,,1,100,,45121,38,,,2,100,,45119,38,,,2,100,,45122,38,,,1,100,,45123,38,,,2,100,,45124,38,,,1,100,,45125,38,,,2,99,,45126,38,,,2,100,,45127,38,,,1,100,,45130,38,,,1,99,,45128,38,,,1,100,,45129,38,,,2,98,,45131,38,,,1,100,,45132,38,,,1
80000,'Dimanche-0-_26ÉTÉ-0000001-',732,,45137,38,,,2,101,,45133,38,,,1,100,,45138,38,,,2,101,,45134,38,,,1,100,,45135,38,,,2,100,,45139,38,,,2,100,,45136,38,,,1,100,,45141,38,,,2,100,,45140,38,,,1,100,,45142,38,,,2,99,,45145,38,,,2,100,,45143,38,,,1,100,,45144,38,,,1,99,,45146,38,,,1,100,,45147,38,,,2,98,,45149,38,,,1,100,,45148,38,,,1
80000,'Dimanche-10-_26ÉTÉ-0000001-',732,,45154,38,,,2,101,,45150,38,,,1,100,,45155,38,,,2,101,,45151,38,,,1,100,,45152,38,,,2,100,,45156,38,,,2,100,,45153,38,,,1,100,,45158,38,,,2,100,,45157,38,,,1,100,,45159,38,,,2,99,,45162,38,,,2,100,,45160,38,,,1,100,,45161,38,,,1,99,,45163,38,,,1,100,,45164,38,,,2,98,,45166,38,,,1,100,,45165,38,,,1
80000,'Semaine-1-_26ÉTÉ-1111100-',608,,45197,37,,,1,32,,45179,37,,,2,71,,45170,37,,,1,31,,45192,37,,,1,70,,45180,37,,,1,18,,45169,37,,,1,29,,45194,37,,,2,70,,45172,38,,,2,30,,45189,38,,,2,70,,45183,38,,,2,29,,45201,38,,,1,70,,45171,38,,,1,29,,45187,38,,,2,71,,45185,38,,,1,31,,45200,38,,,1,68,,45182,38,,,1,32,,45195,38,,,2,70,,45184,38,,,2,71,,45191,38,,,1,31,,45190,38,,,1,71,,45186,38,,,1,32,,45198,38,,,1,69,,45173,38,,,2,29,,45181,38,,,1,70,,45175,38,,,2,28,,45196,38,,,1,29,,45174,38,,,1,70,,45178,38,,,1,29,,45167,38,,,1,70,,45199,38,,,1,29,,45176,38,,,1,68,,45177,38,,,1,30,,45193,38,,,1,69,,45168,38,,,1,30,,45188,38,,,1
80000,'Semaine-10-_26ÉTÉ-1111100-',608,,45232,37,,,1,32,,45214,37,,,2,71,,45205,37,,,1,31,,45227,37,,,1,70,,45215,37,,,1,18,,45204,37,,,1,29,,45229,37,,,2,70,,45207,38,,,2,30,,45224,38,,,2,70,,45218,38,,,2,29,,45236,38,,,1,70,,45206,38,,,1,29,,45222,38,,,2,71,,45220,38,,,1,31,,45235,38,,,1,68,,45217,38,,,1,32,,45230,38,,,2,70,,45219,38,,,2,71,,45226,38,,,1,31,,45225,38,,,1,71,,45221,38,,,1,32,,45233,38,,,1,69,,45208,38,,,2,29,,45216,38,,,1,70,,45210,38,,,2,28,,45231,38,,,1,29,,45209,38,,,1,70,,45213,38,,,1,29,,45202,38,,,1,70,,45234,38,,,1,29,,45211,38,,,1,68,,45212,38,,,1,30,,45228,38,,,1,69,,45203,38,,,1,30,,45223,38,,,1
