2601,'Semaine-1-_26ÉTÉ-1111100-',556,,37394,11,,,1,72,,37396,11,,,1,31,,37397,11,,,1,64,,37395,11,,,1,35,,37393,11,,,2
2601,'Semaine-10-_26ÉTÉ-1111100-',556,,37399,11,,,1,72,,37401,11,,,1,31,,37402,11,,,1,64,,37400,11,,,1,35,,37398,11,,,2
2601,'Semaine-11-_26ÉTÉ-1111100-',556,,45402,11,,,1,72,,45404,11,,,1,31,,45405,11,,,1,64,,45403,11,,,1,35,,45401,11,,,2
2601,'Semaine-5-_26ÉTÉ-1111100-',556,,49973,11,,,1,72,,49975,11,,,1,31,,49976,11,,,1,64,,49974,11,,,1,35,,49972,11,,,2
3900,'Samedi-0-_26ÉTÉ-0000010-',651,,39287,22,,,1,101,,39288,22,,,1,100,,39292,22,,,1,102,,39291,22,,,1,100,,39294,22,,,1,100,,39293,22,,,1,102,,39289,22,,,1,70,,39290,22,,,1,30,,39295,22,,,1,71,,39296,22,,,2,30,,39297,22,,,1,70,,39298,22,,,1,31,,39299,22,,,2,70,,39300,22,,,1,30,,39301,22,,,1,70,,39302,22,,,1,29,,39303,22,,,1,69,,39304,22,,,1,29,,39305,22,,,1,68,,39306,22,,,1,100,,39307,22,,,1,100,,39308,22,,,1,100,,39309,22,,,1,100,,39310,22,,,1
3900,'Dimanche-0-_26ÉTÉ-0000001-',651,,39311,22,,,1,101,,39318,22,,,1,100,,39312,22,,,1,102,,39314,22,,,1,100,,39320,22,,,1,100,,39313,22,,,1,102,,39319,22,,,1,70,,39315,22,,,1,30,,39316,22,,,1,71,,39321,22,,,2,30,,39323,22,,,1,70,,39317,22,,,1,31,,39322,22,,,2,70,,39324,22,,,1,30,,39325,22,,,1,70,,39331,22,,,1,29,,39332,22,,,1,69,,39334,22,,,1,29,,39330,22,,,1,68,,39328,22,,,1,100,,39329,22,,,1,100,,39333,22,,,1,100,,39326,22,,,1,100,,39327,22,,,1
3900,'Dimanche-10-_26ÉTÉ-0000001-',651,,39335,22,,,1,101,,39342,22,,,1,100,,39336,22,,,1,102,,39338,22,,,1,100,,39344,22,,,1,100,,39337,22,,,1,102,,39343,22,,,1,70,,39339,22,,,1,30,,39340,22,,,1,71,,39345,22,,,2,30,,39347,22,,,1,70,,39341,22,,,1,31,,39346,22,,,2,70,,39348,22,,,1,30,,39349,22,,,1,70,,39355,22,,,1,29,,39356,22,,,1,69,,39358,22,,,1,29,,39354,22,,,1,68,,39352,22,,,1,100,,39353,22,,,1,100,,39357,22,,,1,100,,39350,22,,,1,100,,39351,22,,,1
3900,'Dimanche-11-_26ÉTÉ-0000001-',651,,49088,22,,,1,101,,49095,22,,,1,100,,49089,22,,,1,102,,49091,22,,,1,100,,49097,22,,,1,100,,49090,22,,,1,102,,49096,22,,,1,70,,49092,22,,,1,30,,49093,22,,,1,71,,49098,22,,,2,30,,49100,22,,,1,70,,49094,22,,,1,31,,49099,22,,,2,70,,49101,22,,,1,30,,49102,22,,,1,70,,49108,22,,,1,29,,49109,22,,,1,69,,49111,22,,,1,29,,49107,22,,,1,68,,49105,22,,,1,100,,49106,22,,,1,100,,49110,22,,,1,100,,49103,22,,,1,100,,49104,22,,,1
3900,'Semaine-1-_26ÉTÉ-1111100-',628,,39376,22,,,2,25,,39362,22,,,1,70,,39381,22,,,2,28,,39374,22,,,1,73,,39375,22,,,1,33,,39373,22,,,1,72,,39370,22,,,1,30,,39387,22,,,1,70,,39382,22,,,1,71,,39394,22,,,1,30,,39379,22,,,2,71,,39383,22,,,1,29,,39371,22,,,1,72,,39369,22,,,2,29,,39384,22,,,1,69,,39372,22,,,1,30,,39359,22,,,2,72,,39385,22,,,1,35,,39366,22,,,2,69,,39368,22,,,1,30,,39386,22,,,2,74,,39365,22,,,1,27,,39360,22,,,1,70,,39388,22,,,1,27,,39367,22,,,1,71,,39361,22,,,1,29,,39389,22,,,2,72,,39364,22,,,1,25,,39380,22,,,2,25,,39390,22,,,1,70,,39363,22,,,1,30,,39378,22,,,1,70,,39391,22,,,1,30,,39377,22,,,1,70,,39393,22,,,1,30,,39392,22,,,1
3900,'Semaine-10-_26ÉTÉ-1111100-',628,,39412,22,,,2,25,,39398,22,,,1,70,,39417,22,,,2,28,,39410,22,,,1,73,,39411,22,,,1,33,,39409,22,,,1,72,,39406,22,,,1,30,,39423,22,,,1,70,,39418,22,,,1,71,,39430,22,,,1,30,,39415,22,,,2,71,,39419,22,,,1,29,,39407,22,,,1,72,,39405,22,,,2,29,,39420,22,,,1,69,,39408,22,,,1,30,,39395,22,,,2,72,,39421,22,,,1,35,,39402,22,,,2,69,,39404,22,,,1,30,,39422,22,,,2,74,,39401,22,,,1,27,,39396,22,,,1,70,,39424,22,,,1,27,,39403,22,,,1,71,,39397,22,,,1,29,,39425,22,,,2,72,,39400,22,,,1,25,,39416,22,,,2,25,,39426,22,,,1,70,,39399,22,,,1,30,,39414,22,,,1,70,,39427,22,,,1,30,,39413,22,,,1,70,,39429,22,,,1,30,,39428,22,,,1
3900,'Semaine-11-_26ÉTÉ-1111100-',628,,46269,22,,,2,25,,46255,22,,,1,70,,46274,22,,,2,28,,46267,22,,,1,73,,46268,22,,,1,33,,46266,22,,,1,72,,46263,22,,,1,30,,46280,22,,,1,70,,46275,22,,,1,71,,46287,22,,,1,30,,46272,22,,,2,71,,46276,22,,,1,29,,46264,22,,,1,72,,46262,22,,,2,29,,46277,22,,,1,69,,46265,22,,,1,30,,46252,22,,,2,72,,46278,22,,,1,35,,46259,22,,,2,69,,46261,22,,,1,30,,46279,22,,,2,74,,46258,22,,,1,27,,46253,22,,,1,70,,46281,22,,,1,27,,46260,22,,,1,71,,46254,22,,,1,29,,46282,22,,,2,72,,46257,22,,,1,25,,46273,22,,,2,25,,46283,22,,,1,70,,46256,22,,,1,30,,46271,22,,,1,70,,46284,22,,,1,30,,46270,22,,,1,70,,46286,22,,,1,30,,46285,22,,,1
3900,'Semaine-5-_26ÉTÉ-1111100-',628,,50577,22,,,2,25,,50563,22,,,1,70,,50582,22,,,2,28,,50575,22,,,1,73,,50576,22,,,1,33,,50574,22,,,1,72,,50571,22,,,1,30,,50588,22,,,1,70,,50583,22,,,1,71,,50595,22,,,1,30,,50580,22,,,2,71,,50584,22,,,1,29,,50572,22,,,1,72,,50570,22,,,2,29,,50585,22,,,1,69,,50573,22,,,1,30,,50560,22,,,2,72,,50586,22,,,1,35,,50567,22,,,2,69,,50569,22,,,1,30,,50587,22,,,2,74,,50566,22,,,1,27,,50561,22,,,1,70,,50589,22,,,1,27,,50568,22,,,1,71,,50562,22,,,1,29,,50590,22,,,2,72,,50565,22,,,1,25,,50581,22,,,2,25,,50591,22,,,1,70,,50564,22,,,1,30,,50579,22,,,1,70,,50592,22,,,1,30,,50578,22,,,1,70,,50594,22,,,1,30,,50593,22,,,1
