7300,'Semaine-1-_26ÉTÉ-1111100-',630,,42757,27,,,1,70,,42755,27,,,2,33,,42758,27,,,2,69,,42765,27,,,1,30,,42759,27,,,1,68,,42760,27,,,2,100,,42762,27,,,1,100,,42746,27,,,1,100,,42743,27,,,1,100,,42744,27,,,2,100,,42745,27,,,2,101,,42747,27,,,2,29,,42748,27,,,1,70,,42766,27,,,1,36,,42763,27,,,2,64,,42764,27,,,2,30,,42761,27,,,1,70,,42749,27,,,1,30,,42750,27,,,1,28,,42751,27,,,1,100,,42752,27,,,1,145,,42753,27,,,2,100,,42754,27,,,1,100,,42756,27,,,2
7300,'Semaine-10-_26ÉTÉ-1111100-',630,,42781,27,,,1,70,,42779,27,,,2,33,,42782,27,,,2,69,,42789,27,,,1,30,,42783,27,,,1,68,,42784,27,,,2,100,,42786,27,,,1,100,,42770,27,,,1,100,,42767,27,,,1,100,,42768,27,,,2,100,,42769,27,,,2,101,,42771,27,,,2,29,,42772,27,,,1,70,,42790,27,,,1,36,,42787,27,,,2,64,,42788,27,,,2,30,,42785,27,,,1,70,,42773,27,,,1,30,,42774,27,,,1,28,,42775,27,,,1,100,,42776,27,,,1,145,,42777,27,,,2,100,,42778,27,,,1,100,,42780,27,,,2
7300,'Semaine-11-_26ÉTÉ-1111100-',630,,47724,27,,,1,70,,47722,27,,,2,33,,47725,27,,,2,69,,47732,27,,,1,30,,47726,27,,,1,68,,47727,27,,,2,100,,47729,27,,,1,100,,47713,27,,,1,100,,47710,27,,,1,100,,47711,27,,,2,100,,47712,27,,,2,101,,47714,27,,,2,29,,47715,27,,,1,70,,47733,27,,,1,36,,47730,27,,,2,64,,47731,27,,,2,30,,47728,27,,,1,70,,47716,27,,,1,30,,47717,27,,,1,28,,47718,27,,,1,100,,47719,27,,,1,145,,47720,27,,,2,100,,47721,27,,,1,100,,47723,27,,,2
7501,'Samedi-0-_26ÉTÉ-0000010-',645,,42974,24,,,1,97,,42973,24,,,2,100,,42979,24,,,2,100,,42977,24,,,1,100,,42978,24,,,1,101,,42975,24,,,2,100,,42976,24,,,1,99,,42980,24,,,2,100,,42981,24,,,1,100,,42982,24,,,1,99,,42983,24,,,2,101,,42984,24,,,1,100,,42985,24,,,2,100,,42986,24,,,1,100,,42987,24,,,2,100,,42988,24,,,2,100,,42989,24,,,2,102,,42990,24,,,2
7501,'Samedi-10-_26ÉTÉ-0000010-',645,,47817,24,,,1,97,,47816,24,,,2,100,,47822,24,,,2,100,,47820,24,,,1,100,,47821,24,,,1,101,,47818,24,,,2,100,,47819,24,,,1,99,,47823,24,,,2,100,,47824,24,,,1,100,,47825,24,,,1,99,,47826,24,,,2,101,,47827,24,,,1,100,,47828,24,,,2,100,,47829,24,,,1,100,,47830,24,,,2,100,,47831,24,,,2,100,,47832,24,,,2,102,,47833,24,,,2
7501,'Dimanche-0-_26ÉTÉ-0000001-',645,,42991,24,,,1,97,,42995,24,,,2,100,,42996,24,,,2,100,,42999,24,,,1,100,,43001,24,,,1,101,,42994,24,,,2,100,,42998,24,,,1,99,,42993,24,,,2,100,,42997,24,,,1,100,,42992,24,,,1,99,,43002,24,,,2,101,,43000,24,,,1,100,,43003,24,,,2,100,,43008,24,,,1,100,,43007,24,,,2,100,,43004,24,,,2,100,,43005,24,,,2,102,,43006,24,,,2
7501,'Dimanche-10-_26ÉTÉ-0000001-',645,,43009,24,,,1,97,,43013,24,,,2,100,,43014,24,,,2,100,,43017,24,,,1,100,,43019,24,,,1,101,,43012,24,,,2,100,,43016,24,,,1,99,,43011,24,,,2,100,,43015,24,,,1,100,,43010,24,,,1,99,,43020,24,,,2,101,,43018,24,,,1,100,,43021,24,,,2,100,,43026,24,,,1,100,,43025,24,,,2,100,,43022,24,,,2,100,,43023,24,,,2,102,,43024,24,,,2
7501,'Dimanche-11-_26ÉTÉ-0000001-',645,,49598,24,,,1,97,,49602,24,,,2,100,,49603,24,,,2,100,,49606,24,,,1,100,,49608,24,,,1,101,,49601,24,,,2,100,,49605,24,,,1,99,,49600,24,,,2,100,,49604,24,,,1,100,,49599,24,,,1,99,,49609,24,,,2,101,,49607,24,,,1,100,,49610,24,,,2,100,,49615,24,,,1,100,,49614,24,,,2,100,,49611,24,,,2,100,,49612,24,,,2,102,,49613,24,,,2
7501,'Semaine-1-_26ÉTÉ-1111100-',554,,43050,24,,,1,70,,43044,24,,,1,20,,43031,24,,,1,14,,43057,24,,,2,57,,43032,24,,,2,15,,43055,24,,,2,15,,43046,24,,,2,56,,43045,24,,,2,19,,43056,24,,,2,22,,43047,24,,,2,60,,43042,24,,,2,30,,43027,24,,,1,70,,43037,24,,,2,30,,43028,24,,,2,70,,43038,24,,,1,30,,43058,24,,,1,70,,43043,24,,,1,30,,43052,24,,,1,70,,43059,24,,,2,30,,43053,24,,,1,70,,43033,24,,,1,30,,43051,24,,,1,70,,43039,24,,,1,30,,43054,24,,,2,74,,43040,24,,,1,102,,43041,24,,,1,100,,43029,24,,,2,100,,43030,24,,,1,40,,43034,24,,,1,100,,43035,24,,,1,100,,43049,24,,,1,100,,43048,24,,,1,100,,43036,24,,,1
7501,'Semaine-10-_26ÉTÉ-1111100-',554,,43083,24,,,1,70,,43077,24,,,1,20,,43064,24,,,1,14,,43090,24,,,2,57,,43065,24,,,2,15,,43088,24,,,2,15,,43079,24,,,2,56,,43078,24,,,2,19,,43089,24,,,2,22,,43080,24,,,2,60,,43075,24,,,2,30,,43060,24,,,1,70,,43070,24,,,2,30,,43061,24,,,2,70,,43071,24,,,1,30,,43091,24,,,1,70,,43076,24,,,1,30,,43085,24,,,1,70,,43092,24,,,2,30,,43086,24,,,1,70,,43066,24,,,1,30,,43084,24,,,1,70,,43072,24,,,1,30,,43087,24,,,1,74,,43073,24,,,1,102,,43074,24,,,1,100,,43062,24,,,2,100,,43063,24,,,1,40,,43067,24,,,1,100,,43068,24,,,1,100,,43082,24,,,1,100,,43081,24,,,1,100,,43069,24,,,1
7501,'Semaine-11-_26ÉTÉ-1111100-',554,,47857,24,,,1,70,,47851,24,,,1,20,,47838,24,,,1,14,,47864,24,,,2,57,,47839,24,,,2,15,,47862,24,,,2,15,,47853,24,,,2,56,,47852,24,,,2,19,,47863,24,,,2,22,,47854,24,,,2,60,,47849,24,,,2,30,,47834,24,,,1,70,,47844,24,,,2,30,,47835,24,,,2,70,,47845,24,,,1,30,,47865,24,,,1,70,,47850,24,,,1,30,,47859,24,,,1,70,,47866,24,,,2,30,,47860,24,,,1,70,,47840,24,,,1,30,,47858,24,,,1,70,,47846,24,,,1,30,,47861,24,,,2,74,,47847,24,,,1,102,,47848,24,,,1,100,,47836,24,,,2,100,,47837,24,,,1,40,,47841,24,,,1,100,,47842,24,,,1,100,,47856,24,,,1,100,,47855,24,,,1,100,,47843,24,,,1
