1801,'Semaine-1-_26ÉTÉ-1111100-',611,,37319,5,,,1,45,,37321,5,,,1,85,,37320,5,,,2
1801,'Semaine-10-_26ÉTÉ-1111100-',611,,37322,5,,,1,45,,37324,5,,,1,85,,37323,5,,,2
1801,'Semaine-11-_26ÉTÉ-1111100-',611,,45364,5,,,1,45,,45366,5,,,1,85,,45365,5,,,2
1801,'Semaine-5-_26ÉTÉ-1111100-',611,,49935,5,,,1,45,,49937,5,,,1,85,,49936,5,,,2
10001,'Semaine-1-_26ÉTÉ-1111100-',612,,43956,5,,,1,10,,43954,5,,,1,10,,43953,5,,,1,10,,43952,5,,,1,10,,43955,5,,,1,50,,43957,5,,,1,10,,43958,5,,,1,10,,43959,5,,,1,10,,43960,5,,,1,10,,43961,5,,,1,10,,43962,5,,,1,50,,43963,5,,,1,9,,43964,5,,,1,10,,43965,5,,,1,10,,43966,5,,,1
10001,'Semaine-10-_26ÉTÉ-1111100-',612,,43971,5,,,1,10,,43969,5,,,1,10,,43968,5,,,1,10,,43967,5,,,1,10,,43970,5,,,1,50,,43972,5,,,1,10,,43973,5,,,1,10,,43974,5,,,1,10,,43975,5,,,1,10,,43976,5,,,1,10,,43977,5,,,1,50,,43978,5,,,1,9,,43979,5,,,1,10,,43980,5,,,1,10,,43981,5,,,1
10001,'Semaine-11-_26ÉTÉ-1111100-',612,,48252,5,,,1,10,,48250,5,,,1,10,,48249,5,,,1,10,,48248,5,,,1,10,,48251,5,,,1,50,,48253,5,,,1,10,,48254,5,,,1,10,,48255,5,,,1,10,,48256,5,,,1,10,,48257,5,,,1,10,,48258,5,,,1,50,,48259,5,,,1,9,,48260,5,,,1,10,,48261,5,,,1,10,,48262,5,,,1
10001,'Semaine-5-_26ÉTÉ-1111100-',612,,51962,5,,,1,10,,51960,5,,,1,10,,51959,5,,,1,10,,51958,5,,,1,10,,51961,5,,,1,50,,51963,5,,,1,10,,51964,5,,,1,10,,51965,5,,,1,10,,51966,5,,,1,10,,51967,5,,,1,10,,51968,5,,,1,50,,51969,5,,,1,9,,51970,5,,,1,10,,51971,5,,,1,10,,51972,5,,,1
40001,'Samedi-0-_26ÉTÉ-0000010-',622,,44713,5,,,1,15,,44716,5,,,1,15,,44718,5,,,1,55,,44714,5,,,1,15,,44715,5,,,1,15,,44717,5,,,1,16,,44723,5,,,1,55,,44730,5,,,1,15,,44721,5,,,1,13,,44741,5,,,1,15,,44719,5,,,1,53,,44720,5,,,1,15,,44729,5,,,1,16,,44722,5,,,1,15,,44724,5,,,1,55,,44732,5,,,1,15,,44733,5,,,1,15,,44734,5,,,1,15,,44740,5,,,1,56,,44739,5,,,1,15,,44743,5,,,1,15,,44726,5,,,1,13,,44725,5,,,1,55,,44728,5,,,1,15,,44731,5,,,1,15,,44727,5,,,1,15,,44736,5,,,1,55,,44738,5,,,1,16,,44744,5,,,1,15,,44735,5,,,1,15,,44737,5,,,1,55,,44742,5,,,1,15,,44745,5,,,1,15,,44746,5,,,1,15,,44747,5,,,1,55,,44748,5,,,1,15,,44749,5,,,1,15,,44750,5,,,1,15,,44751,5,,,1,55,,44752,5,,,1,15,,44753,5,,,1,15,,44754,5,,,1,15,,44755,5,,,1,55,,44756,5,,,1,15,,44757,5,,,1,15,,44758,5,,,1,15,,44759,5,,,1,56,,44762,5,,,1,19,,44760,5,,,1,14,,44761,5,,,1,12,,44764,5,,,1,56,,44763,5,,,1,14,,44768,5,,,1,16,,44766,5,,,1,16,,44767,5,,,1,55,,44765,5,,,1,15,,44769,5,,,1,15,,44771,5,,,1,15,,44772,5,,,1,55,,44773,5,,,1,15,,44770,5,,,1,16,,44776,5,,,1,13,,44775,5,,,1,55,,44774,5,,,1,15,,44777,5,,,1,15,,44778,5,,,1,15,,44779,5,,,1,55,,44780,5,,,1,15,,44782,5,,,1,14,,44781,5,,,1,16,,44784,5,,,1,55,,44783,5,,,1,15,,44785,5,,,1
40001,'Dimanche-0-_26ÉTÉ-0000001-',622,,44786,5,,,1,15,,44789,5,,,1,15,,44797,5,,,1,55,,44802,5,,,1,15,,44787,5,,,1,15,,44792,5,,,1,16,,44798,5,,,1,55,,44808,5,,,1,15,,44788,5,,,1,13,,44790,5,,,1,15,,44796,5,,,1,53,,44801,5,,,1,15,,44804,5,,,1,16,,44793,5,,,1,15,,44817,5,,,1,55,,44809,5,,,1,15,,44799,5,,,1,15,,44810,5,,,1,15,,44813,5,,,1,56,,44822,5,,,1,15,,44791,5,,,1,15,,44819,5,,,1,13,,44818,5,,,1,55,,44820,5,,,1,15,,44800,5,,,1,15,,44794,5,,,1,15,,44823,5,,,1,55,,44821,5,,,1,16,,44806,5,,,1,15,,44803,5,,,1,15,,44811,5,,,1,55,,44816,5,,,1,15,,44827,5,,,1,15,,44795,5,,,1,15,,44824,5,,,1,55,,44814,5,,,1,15,,44807,5,,,1,15,,44805,5,,,1,15,,44812,5,,,1,55,,44815,5,,,1,15,,44834,5,,,1,15,,44838,5,,,1,15,,44830,5,,,1,55,,44847,5,,,1,15,,44826,5,,,1,15,,44841,5,,,1,15,,44831,5,,,1,56,,44848,5,,,1,19,,44835,5,,,1,14,,44839,5,,,1,12,,44854,5,,,1,56,,44846,5,,,1,14,,44825,5,,,1,16,,44840,5,,,1,16,,44845,5,,,1,55,,44849,5,,,1,15,,44828,5,,,1,15,,44833,5,,,1,15,,44837,5,,,1,55,,44843,5,,,1,15,,44858,5,,,1,16,,44851,5,,,1,13,,44844,5,,,1,55,,44853,5,,,1,15,,44856,5,,,1,15,,44832,5,,,1,15,,44836,5,,,1,55,,44842,5,,,1,15,,44857,5,,,1,14,,44850,5,,,1,16,,44829,5,,,1,55,,44852,5,,,1,15,,44855,5,,,1
40001,'Dimanche-10-_26ÉTÉ-0000001-',622,,44859,5,,,1,15,,44862,5,,,1,15,,44870,5,,,1,55,,44875,5,,,1,15,,44860,5,,,1,15,,44865,5,,,1,16,,44871,5,,,1,55,,44881,5,,,1,15,,44861,5,,,1,13,,44863,5,,,1,15,,44869,5,,,1,53,,44874,5,,,1,15,,44877,5,,,1,16,,44866,5,,,1,15,,44890,5,,,1,55,,44882,5,,,1,15,,44872,5,,,1,15,,44883,5,,,1,15,,44886,5,,,1,56,,44895,5,,,1,15,,44864,5,,,1,15,,44892,5,,,1,13,,44891,5,,,1,55,,44893,5,,,1,15,,44873,5,,,1,15,,44867,5,,,1,15,,44896,5,,,1,55,,44894,5,,,1,16,,44879,5,,,1,15,,44876,5,,,1,15,,44884,5,,,1,55,,44889,5,,,1,15,,44900,5,,,1,15,,44868,5,,,1,15,,44897,5,,,1,55,,44887,5,,,1,15,,44880,5,,,1,15,,44878,5,,,1,15,,44885,5,,,1,55,,44888,5,,,1,15,,44907,5,,,1,15,,44911,5,,,1,15,,44903,5,,,1,55,,44920,5,,,1,15,,44899,5,,,1,15,,44914,5,,,1,15,,44904,5,,,1,56,,44921,5,,,1,19,,44908,5,,,1,14,,44912,5,,,1,12,,44927,5,,,1,56,,44919,5,,,1,14,,44898,5,,,1,16,,44913,5,,,1,16,,44918,5,,,1,55,,44922,5,,,1,15,,44901,5,,,1,15,,44906,5,,,1,15,,44910,5,,,1,55,,44916,5,,,1,15,,44931,5,,,1,16,,44924,5,,,1,13,,44917,5,,,1,55,,44926,5,,,1,15,,44929,5,,,1,15,,44905,5,,,1,15,,44909,5,,,1,55,,44915,5,,,1,15,,44930,5,,,1,14,,44923,5,,,1,16,,44902,5,,,1,55,,44925,5,,,1,15,,44928,5,,,1
40001,'Dimanche-11-_26ÉTÉ-0000001-',622,,49820,5,,,1,15,,49823,5,,,1,15,,49831,5,,,1,55,,49836,5,,,1,15,,49821,5,,,1,15,,49826,5,,,1,16,,49832,5,,,1,55,,49842,5,,,1,15,,49822,5,,,1,13,,49824,5,,,1,15,,49830,5,,,1,53,,49835,5,,,1,15,,49838,5,,,1,16,,49827,5,,,1,15,,49851,5,,,1,55,,49843,5,,,1,15,,49833,5,,,1,15,,49844,5,,,1,15,,49847,5,,,1,56,,49856,5,,,1,15,,49825,5,,,1,15,,49853,5,,,1,13,,49852,5,,,1,55,,49854,5,,,1,15,,49834,5,,,1,15,,49828,5,,,1,15,,49857,5,,,1,55,,49855,5,,,1,16,,49840,5,,,1,15,,49837,5,,,1,15,,49845,5,,,1,55,,49850,5,,,1,15,,49861,5,,,1,15,,49829,5,,,1,15,,49858,5,,,1,55,,49848,5,,,1,15,,49841,5,,,1,15,,49839,5,,,1,15,,49846,5,,,1,55,,49849,5,,,1,15,,49868,5,,,1,15,,49872,5,,,1,15,,49864,5,,,1,55,,49881,5,,,1,15,,49860,5,,,1,15,,49875,5,,,1,15,,49865,5,,,1,56,,49882,5,,,1,19,,49869,5,,,1,14,,49873,5,,,1,12,,49888,5,,,1,56,,49880,5,,,1,14,,49859,5,,,1,16,,49874,5,,,1,16,,49879,5,,,1,55,,49883,5,,,1,15,,49862,5,,,1,15,,49867,5,,,1,15,,49871,5,,,1,55,,49877,5,,,1,15,,49892,5,,,1,16,,49885,5,,,1,13,,49878,5,,,1,55,,49887,5,,,1,15,,49890,5,,,1,15,,49866,5,,,1,15,,49870,5,,,1,55,,49876,5,,,1,15,,49891,5,,,1,14,,49884,5,,,1,16,,49863,5,,,1,55,,49886,5,,,1,15,,49889,5,,,1
40001,'Semaine-1-_26ÉTÉ-1111100-',455,,45001,5,,,1,52,,45002,5,,,1,8,,45003,5,,,1,12,,45004,5,,,1,10,,45005,5,,,1,9,,45006,5,,,1,4,,45007,5,,,1,5,,45008,5,,,1,45,,45009,5,,,1,5,,45015,5,,,1,230,,45010,5,,,1,9,,45011,3,,,1,6,,45012,5,,,1,50,,45013,5,,,1,11,,45014,5,,,1,10,,44960,5,,,1,10,,44946,5,,,1,10,,44970,5,,,1,11,,44971,5,,,1,49,,45016,5,,,1,10,,44936,5,,,1,10,,45017,5,,,1,10,,44934,5,,,1,10,,44967,5,,,1,10,,44987,5,,,1,49,,44955,5,,,1,11,,44962,5,,,1,10,,44959,5,,,1,10,,44938,5,,,1,10,,44998,5,,,1,10,,44972,5,,,1,50,,44984,5,,,1,10,,44937,5,,,1,10,,44947,5,,,1,10,,44940,5,,,1,10,,44956,5,,,1,10,,44988,5,,,1,50,,44969,5,,,1,10,,44963,5,,,1,10,,44958,5,,,1,10,,44952,5,,,1,9,,44994,5,,,1,10,,44973,5,,,1,50,,44985,5,,,1,10,,45000,5,,,1,9,,44949,5,,,1,14,,44932,5,,,1,10,,44990,5,,,1,7,,44989,5,,,1,50,,44974,5,,,1,9,,44964,5,,,1,12,,44942,5,,,1,11,,44992,5,,,1,13,,44999,5,,,1,11,,44986,5,,,1,51,,45020,5,,,1,14,,44966,5,,,1,15,,44995,5,,,1,10,,45018,5,,,1,11,,44979,5,,,1,53,,44957,5,,,1,11,,44943,5,,,1,12,,44948,5,,,1,12,,45019,5,,,1,12,,44950,5,,,1,52,,44975,5,,,1,12,,44965,5,,,1,12,,44996,5,,,1,12,,44982,5,,,1,12,,44961,5,,,1,53,,44944,5,,,1,14,,44983,5,,,1,12,,45022,5,,,1,11,,45021,5,,,1,12,,44951,5,,,1,52,,44976,5,,,1,12,,44954,5,,,1,12,,44997,5,,,1,12,,44980,5,,,1,53,,44939,5,,,1,13,,45023,5,,,1,17,,44945,5,,,1,15,,44941,5,,,1,55,,44991,5,,,1,13,,44977,5,,,1,14,,44953,5,,,1,16,,44981,5,,,1,15,,44993,5,,,1,55,,44935,5,,,1,15,,44933,5,,,1,15,,44968,5,,,1,69,,44978,5,,,1
40001,'Semaine-10-_26ÉTÉ-1111100-',455,,45093,5,,,1,52,,45094,5,,,1,8,,45095,5,,,1,12,,45096,5,,,1,10,,45097,5,,,1,9,,45098,5,,,1,4,,45099,5,,,1,5,,45100,5,,,1,45,,45101,5,,,1,5,,45107,5,,,1,230,,45102,5,,,1,9,,45103,3,,,1,6,,45104,5,,,1,50,,45105,5,,,1,11,,45106,5,,,1,10,,45052,5,,,1,10,,45038,5,,,1,10,,45062,5,,,1,11,,45063,5,,,1,49,,45108,5,,,1,10,,45028,5,,,1,10,,45109,5,,,1,10,,45026,5,,,1,10,,45059,5,,,1,10,,45079,5,,,1,49,,45047,5,,,1,11,,45054,5,,,1,10,,45051,5,,,1,10,,45030,5,,,1,10,,45090,5,,,1,10,,45064,5,,,1,50,,45076,5,,,1,10,,45029,5,,,1,10,,45039,5,,,1,10,,45032,5,,,1,10,,45048,5,,,1,10,,45080,5,,,1,50,,45061,5,,,1,10,,45055,5,,,1,10,,45050,5,,,1,10,,45044,5,,,1,9,,45086,5,,,1,10,,45065,5,,,1,50,,45077,5,,,1,10,,45092,5,,,1,9,,45041,5,,,1,14,,45024,5,,,1,10,,45082,5,,,1,7,,45081,5,,,1,50,,45066,5,,,1,9,,45056,5,,,1,12,,45034,5,,,1,11,,45084,5,,,1,13,,45091,5,,,1,11,,45078,5,,,1,51,,45112,5,,,1,14,,45058,5,,,1,15,,45087,5,,,1,10,,45110,5,,,1,11,,45071,5,,,1,53,,45049,5,,,1,11,,45035,5,,,1,12,,45040,5,,,1,12,,45111,5,,,1,12,,45042,5,,,1,52,,45067,5,,,1,12,,45057,5,,,1,12,,45088,5,,,1,12,,45074,5,,,1,12,,45053,5,,,1,53,,45036,5,,,1,14,,45075,5,,,1,12,,45114,5,,,1,11,,45113,5,,,1,12,,45043,5,,,1,52,,45068,5,,,1,12,,45046,5,,,1,12,,45089,5,,,1,12,,45072,5,,,1,53,,45031,5,,,1,13,,45115,5,,,1,17,,45037,5,,,1,15,,45033,5,,,1,55,,45083,5,,,1,13,,45069,5,,,1,14,,45045,5,,,1,16,,45073,5,,,1,15,,45085,5,,,1,55,,45027,5,,,1,15,,45025,5,,,1,15,,45060,5,,,1,69,,45070,5,,,1
40001,'Semaine-11-_26ÉTÉ-1111100-',455,,48717,5,,,1,52,,48718,5,,,1,8,,48719,5,,,1,12,,48720,5,,,1,10,,48721,5,,,1,9,,48722,5,,,1,4,,48723,5,,,1,5,,48724,5,,,1,45,,48725,5,,,1,5,,48731,5,,,1,230,,48726,5,,,1,9,,48727,3,,,1,6,,48728,5,,,1,50,,48729,5,,,1,11,,48730,5,,,1,10,,48676,5,,,1,10,,48662,5,,,1,10,,48686,5,,,1,11,,48687,5,,,1,49,,48732,5,,,1,10,,48652,5,,,1,10,,48733,5,,,1,10,,48650,5,,,1,10,,48683,5,,,1,10,,48703,5,,,1,49,,48671,5,,,1,11,,48678,5,,,1,10,,48675,5,,,1,10,,48654,5,,,1,10,,48714,5,,,1,10,,48688,5,,,1,50,,48700,5,,,1,10,,48653,5,,,1,10,,48663,5,,,1,10,,48656,5,,,1,10,,48672,5,,,1,10,,48704,5,,,1,50,,48685,5,,,1,10,,48679,5,,,1,10,,48674,5,,,1,10,,48668,5,,,1,9,,48710,5,,,1,10,,48689,5,,,1,50,,48701,5,,,1,10,,48716,5,,,1,9,,48665,5,,,1,14,,48648,5,,,1,10,,48706,5,,,1,7,,48705,5,,,1,50,,48690,5,,,1,9,,48680,5,,,1,12,,48658,5,,,1,11,,48708,5,,,1,13,,48715,5,,,1,11,,48702,5,,,1,51,,48736,5,,,1,14,,48682,5,,,1,15,,48711,5,,,1,10,,48734,5,,,1,11,,48695,5,,,1,53,,48673,5,,,1,11,,48659,5,,,1,12,,48664,5,,,1,12,,48735,5,,,1,12,,48666,5,,,1,52,,48691,5,,,1,12,,48681,5,,,1,12,,48712,5,,,1,12,,48698,5,,,1,12,,48677,5,,,1,53,,48660,5,,,1,14,,48699,5,,,1,12,,48738,5,,,1,11,,48737,5,,,1,12,,48667,5,,,1,52,,48692,5,,,1,12,,48670,5,,,1,12,,48713,5,,,1,12,,48696,5,,,1,53,,48655,5,,,1,13,,48739,5,,,1,17,,48661,5,,,1,15,,48657,5,,,1,55,,48707,5,,,1,13,,48693,5,,,1,14,,48669,5,,,1,16,,48697,5,,,1,15,,48709,5,,,1,55,,48651,5,,,1,15,,48649,5,,,1,15,,48684,5,,,1,69,,48694,5,,,1
40001,'Semaine-5-_26ÉTÉ-1111100-',455,,52248,5,,,1,52,,52249,5,,,1,8,,52250,5,,,1,12,,52251,5,,,1,10,,52252,5,,,1,9,,52253,5,,,1,4,,52254,5,,,1,5,,52255,5,,,1,45,,52256,5,,,1,5,,52262,5,,,1,230,,52257,5,,,1,9,,52258,3,,,1,6,,52259,5,,,1,50,,52260,5,,,1,11,,52261,5,,,1,10,,52207,5,,,1,10,,52193,5,,,1,10,,52217,5,,,1,11,,52218,5,,,1,49,,52263,5,,,1,10,,52183,5,,,1,10,,52264,5,,,1,10,,52181,5,,,1,10,,52214,5,,,1,10,,52234,5,,,1,49,,52202,5,,,1,11,,52209,5,,,1,10,,52206,5,,,1,10,,52185,5,,,1,10,,52245,5,,,1,10,,52219,5,,,1,50,,52231,5,,,1,10,,52184,5,,,1,10,,52194,5,,,1,10,,52187,5,,,1,10,,52203,5,,,1,10,,52235,5,,,1,50,,52216,5,,,1,10,,52210,5,,,1,10,,52205,5,,,1,10,,52199,5,,,1,9,,52241,5,,,1,10,,52220,5,,,1,50,,52232,5,,,1,10,,52247,5,,,1,9,,52196,5,,,1,14,,52179,5,,,1,10,,52237,5,,,1,7,,52236,5,,,1,50,,52221,5,,,1,9,,52211,5,,,1,12,,52189,5,,,1,11,,52239,5,,,1,13,,52246,5,,,1,11,,52233,5,,,1,51,,52267,5,,,1,14,,52213,5,,,1,15,,52242,5,,,1,10,,52265,5,,,1,11,,52226,5,,,1,53,,52204,5,,,1,11,,52190,5,,,1,12,,52195,5,,,1,12,,52266,5,,,1,12,,52197,5,,,1,52,,52222,5,,,1,12,,52212,5,,,1,12,,52243,5,,,1,12,,52229,5,,,1,12,,52208,5,,,1,53,,52191,5,,,1,14,,52230,5,,,1,12,,52269,5,,,1,11,,52268,5,,,1,12,,52198,5,,,1,52,,52223,5,,,1,12,,52201,5,,,1,12,,52244,5,,,1,12,,52227,5,,,1,53,,52186,5,,,1,13,,52270,5,,,1,17,,52192,5,,,1,15,,52188,5,,,1,55,,52238,5,,,1,13,,52224,5,,,1,14,,52200,5,,,1,16,,52228,5,,,1,15,,52240,5,,,1,55,,52182,5,,,1,15,,52180,5,,,1,15,,52215,5,,,1,69,,52225,5,,,1
80001,'Samedi-0-_26ÉTÉ-0000010-',609,,45237,5,,,1,100,,45239,5,,,1,98,,45240,5,,,2,100,,45243,5,,,1,101,,45238,5,,,2,100,,45241,5,,,1,98,,45244,5,,,1,99,,45242,5,,,2,100,,45245,5,,,1,100,,45246,5,,,1,100,,45247,5,,,2,98,,45248,5,,,1,100,,45251,5,,,1,102,,45249,5,,,2,100,,45250,5,,,2,100,,45252,5,,,1,103,,45253,5,,,1
80001,'Dimanche-0-_26ÉTÉ-0000001-',609,,45254,5,,,1,100,,45255,5,,,1,98,,45259,5,,,2,100,,45256,5,,,1,101,,45260,5,,,2,100,,45257,5,,,1,98,,45258,5,,,1,99,,45262,5,,,2,100,,45261,5,,,1,100,,45263,5,,,1,100,,45265,5,,,2,98,,45266,5,,,1,100,,45267,5,,,1,102,,45264,5,,,2,100,,45268,5,,,2,100,,45269,5,,,1,103,,45270,5,,,1
80001,'Dimanche-10-_26ÉTÉ-0000001-',609,,45271,5,,,1,100,,45272,5,,,1,98,,45276,5,,,2,100,,45273,5,,,1,101,,45277,5,,,2,100,,45274,5,,,1,98,,45275,5,,,1,99,,45279,5,,,2,100,,45278,5,,,1,100,,45280,5,,,1,100,,45282,5,,,2,98,,45283,5,,,1,100,,45284,5,,,1,102,,45281,5,,,2,100,,45285,5,,,2,100,,45286,5,,,1,103,,45287,5,,,1
80001,'Dimanche-11-_26ÉTÉ-0000001-',609,,49910,5,,,1,100,,49911,5,,,1,98,,49915,5,,,2,100,,49912,5,,,1,101,,49916,5,,,2,100,,49913,5,,,1,98,,49914,5,,,1,99,,49918,5,,,2,100,,49917,5,,,1,100,,49919,5,,,1,100,,49921,5,,,2,98,,49922,5,,,1,100,,49923,5,,,1,102,,49920,5,,,2,100,,49924,5,,,2,100,,49925,5,,,1,103,,49926,5,,,1
80001,'Semaine-1-_26ÉTÉ-1111100-',555,,45310,5,,,1,70,,45296,5,,,1,29,,45316,5,,,1,68,,45300,5,,,2,35,,45290,5,,,2,67,,45307,5,,,2,29,,45304,5,,,2,70,,45312,5,,,1,30,,45317,5,,,2,70,,45303,5,,,1,30,,45311,5,,,1,70,,45293,5,,,1,30,,45321,5,,,1,69,,45320,5,,,2,34,,45291,5,,,2,70,,45314,5,,,1,29,,45302,5,,,1,71,,45308,5,,,1,30,,45318,5,,,1,67,,45305,5,,,2,18,,45315,5,,,1,60,,45322,5,,,2,28,,45313,5,,,1,25,,45306,5,,,1,70,,45294,5,,,1,31,,45298,5,,,1,68,,45288,5,,,1,30,,45319,5,,,1,73,,45295,5,,,1,27,,45297,5,,,1,69,,45301,5,,,1,30,,45289,5,,,2,70,,45309,5,,,1,34,,45292,5,,,1,72,,45299,5,,,1
80001,'Semaine-10-_26ÉTÉ-1111100-',555,,45345,5,,,1,70,,45331,5,,,1,29,,45351,5,,,1,68,,45335,5,,,2,35,,45325,5,,,2,67,,45342,5,,,2,29,,45339,5,,,2,70,,45347,5,,,1,30,,45352,5,,,2,70,,45338,5,,,1,30,,45346,5,,,1,70,,45328,5,,,1,30,,45356,5,,,1,69,,45355,5,,,2,34,,45326,5,,,2,70,,45349,5,,,1,29,,45337,5,,,1,71,,45343,5,,,1,30,,45353,5,,,1,67,,45340,5,,,2,18,,45350,5,,,1,60,,45357,5,,,2,28,,45348,5,,,1,25,,45341,5,,,1,70,,45329,5,,,1,31,,45333,5,,,1,68,,45323,5,,,1,30,,45354,5,,,1,73,,45330,5,,,1,27,,45332,5,,,1,69,,45336,5,,,1,30,,45324,5,,,2,70,,45344,5,,,1,34,,45327,5,,,1,72,,45334,5,,,1
80001,'Semaine-11-_26ÉTÉ-1111100-',555,,48831,5,,,1,70,,48817,5,,,1,29,,48837,5,,,1,68,,48821,5,,,2,35,,48811,5,,,2,67,,48828,5,,,2,29,,48825,5,,,2,70,,48833,5,,,1,30,,48838,5,,,2,70,,48824,5,,,1,30,,48832,5,,,1,70,,48814,5,,,1,30,,48842,5,,,1,69,,48841,5,,,2,34,,48812,5,,,2,70,,48835,5,,,1,29,,48823,5,,,1,71,,48829,5,,,1,30,,48839,5,,,1,67,,48826,5,,,2,18,,48836,5,,,1,60,,48843,5,,,2,28,,48834,5,,,1,25,,48827,5,,,1,70,,48815,5,,,1,31,,48819,5,,,1,68,,48809,5,,,1,30,,48840,5,,,1,73,,48816,5,,,1,27,,48818,5,,,1,69,,48822,5,,,1,30,,48810,5,,,2,70,,48830,5,,,1,34,,48813,5,,,1,72,,48820,5,,,1
80001,'Semaine-5-_26ÉTÉ-1111100-',555,,52348,5,,,1,70,,52334,5,,,1,29,,52354,5,,,1,68,,52338,5,,,2,35,,52328,5,,,2,67,,52345,5,,,2,29,,52342,5,,,2,70,,52350,5,,,1,30,,52355,5,,,2,70,,52341,5,,,1,30,,52349,5,,,1,70,,52331,5,,,1,30,,52359,5,,,1,69,,52358,5,,,2,34,,52329,5,,,2,70,,52352,5,,,1,29,,52340,5,,,1,71,,52346,5,,,1,30,,52356,5,,,1,67,,52343,5,,,2,18,,52353,5,,,1,60,,52360,5,,,2,28,,52351,5,,,1,25,,52344,5,,,1,70,,52332,5,,,1,31,,52336,5,,,1,68,,52326,5,,,1,30,,52357,5,,,1,73,,52333,5,,,1,27,,52335,5,,,1,69,,52339,5,,,1,30,,52327,5,,,2,70,,52347,5,,,1,34,,52330,5,,,1,72,,52337,5,,,1
