2001,'Semaine-1-_26ÉTÉ-1111100-',1553,,24572,22,,,1,101,,24573,22,,,1,99,,24574,22,,,2
2001,'Semaine-10-_26ÉTÉ-1111100-',1553,,26979,22,,,1,101,,26980,22,,,1,99,,26981,22,,,2
2301,'Semaine-1-_26ÉTÉ-1111100-',640,,24584,32,,,1,70,,24581,32,,,1,34,,24585,32,,,1,70,,24583,32,,,2,28,,24582,32,,,2
2301,'Semaine-10-_26ÉTÉ-1111100-',640,,26991,32,,,1,70,,26988,32,,,1,34,,26992,32,,,1,70,,26990,32,,,2,28,,26989,32,,,2
2501,'Semaine-1-_26ÉTÉ-1111100-',625,,24596,39,,,1,29,,24595,39,,,1,74,,24593,39,,,2,78,,24594,39,,,2,27,,24597,39,,,1,25,,24592,39,,,1
2501,'Semaine-10-_26ÉTÉ-1111100-',625,,27003,39,,,1,29,,27002,39,,,1,74,,27000,39,,,2,78,,27001,39,,,2,27,,27004,39,,,1,25,,26999,39,,,1
2601,'Semaine-1-_26ÉTÉ-1111100-',624,,24604,37,,,1,32,,24606,37,,,1,72,,24607,37,,,1,24,,24605,37,,,1,76,,24603,37,,,2
2601,'Semaine-10-_26ÉTÉ-1111100-',624,,27011,37,,,1,32,,27013,37,,,1,72,,27014,37,,,1,24,,27012,37,,,1,76,,27010,37,,,2
2701,'Semaine-1-_26ÉTÉ-1111100-',640,,24615,42,,,1,88,,24616,42,,,1,86,,24613,42,,,1,30,,24614,42,,,1
2701,'Semaine-10-_26ÉTÉ-1111100-',640,,27022,42,,,1,88,,27023,42,,,1,86,,27020,42,,,1,30,,27021,42,,,1
2901,'Semaine-1-_26ÉTÉ-1111100-',736,,24628,23,,,1,70,,24631,23,,,1,28,,24629,23,,,1,68,,24630,23,,,1
2901,'Semaine-10-_26ÉTÉ-1111100-',736,,27035,23,,,1,70,,27038,23,,,1,28,,27036,23,,,1,68,,27037,23,,,1
3100,'Samedi-0-_26ÉTÉ-0000010-',729,,27040,15,,,1,30,,27041,15,,,1,142,,27042,15,,,1,101,,27039,15,,,1,103,,27045,15,,,1,100,,27046,15,,,1,101,,27043,15,,,1,100,,27044,15,,,1,100,,27047,15,,,1,102,,27048,15,,,1,98,,27049,15,,,1,100,,27050,15,,,1,53,,27056,15,,,1,100,,27051,15,,,1,99,,27052,15,,,1,100,,27053,15,,,1,100,,27054,15,,,1,100,,27055,15,,,1,97,,27057,15,,,1
3100,'Dimanche-0-_26ÉTÉ-0000001-',729,,27062,15,,,1,30,,27063,15,,,1,142,,27064,15,,,1,101,,27065,15,,,1,103,,27058,15,,,1,100,,27059,15,,,1,101,,27060,15,,,1,100,,27061,15,,,1,100,,27067,15,,,1,102,,27068,15,,,1,98,,27066,15,,,1,100,,27069,15,,,1,53,,27072,15,,,1,100,,27076,15,,,1,99,,27070,15,,,1,100,,27071,15,,,1,100,,27074,15,,,1,100,,27073,15,,,1,97,,27075,15,,,1
3100,'Semaine-1-_26ÉTÉ-1111100-',1907,,24651,15,,,1,97,,24669,15,,,1,101,,24652,15,,,1,100,,24648,15,,,1,99,,24653,15,,,1,102,,24655,15,,,1,103,,24667,15,,,1
3100,'Semaine-10-_26ÉTÉ-1111100-',1907,,27096,15,,,1,97,,27114,15,,,1,101,,27097,15,,,1,100,,27093,15,,,1,99,,27098,15,,,1,102,,27100,15,,,1,103,,27112,15,,,1
3201,'Semaine-1-_26ÉTÉ-1111100-',536,,24817,35,,,2,20,,24816,35,,,1,60,,24808,35,,,2,21,,24818,35,,,1,10,,24798,35,,,2,11,,24819,35,,,1,50,,24799,35,,,2,12,,24800,35,,,1,8,,24792,35,,,1,10,,24795,35,,,1,8,,24821,35,,,1,8,,24801,35,,,1,49,,24796,35,,,1,7,,24809,35,,,2,8,,24791,35,,,1,9,,24802,35,,,1,8,,24820,35,,,1,8,,24790,35,,,1,10,,24789,35,,,2,50,,24794,35,,,1,9,,24797,35,,,1,9,,24803,35,,,1,21,,24777,35,,,1,68,,24787,36,,,2,30,,24780,36,,,1,70,,24783,36,,,2,30,,24776,36,,,1,70,,24786,36,,,2,30,,24781,36,,,1,70,,24788,36,,,1,30,,24770,36,,,1,70,,24775,36,,,2,30,,24782,36,,,1,71,,24793,36,,,1,33,,24810,36,,,1,68,,24811,36,,,1,31,,24812,36,,,1,71,,24813,36,,,1,27,,24814,36,,,1,70,,24815,36,,,1,30,,24773,36,,,1,68,,24771,36,,,1,29,,24784,36,,,1,70,,24779,36,,,1,30,,24774,36,,,1,70,,24772,36,,,1,30,,24785,36,,,1,69,,24778,36,,,1,30,,24805,36,,,2,70,,24804,36,,,1,28,,24806,36,,,1,70,,24807,36,,,1
3201,'Semaine-10-_26ÉTÉ-1111100-',536,,27298,35,,,2,20,,27297,35,,,1,60,,27289,35,,,2,21,,27299,35,,,1,10,,27279,35,,,2,11,,27300,35,,,1,50,,27280,35,,,2,12,,27281,35,,,1,8,,27273,35,,,1,10,,27276,35,,,1,8,,27302,35,,,1,8,,27282,35,,,1,49,,27277,35,,,1,7,,27290,35,,,2,8,,27272,35,,,1,9,,27283,35,,,1,8,,27301,35,,,1,8,,27271,35,,,1,10,,27270,35,,,2,50,,27275,35,,,1,9,,27278,35,,,1,9,,27284,35,,,1,21,,27258,35,,,1,68,,27268,36,,,2,30,,27261,36,,,1,70,,27264,36,,,2,30,,27257,36,,,1,70,,27267,36,,,2,30,,27262,36,,,1,70,,27269,36,,,1,30,,27251,36,,,1,70,,27256,36,,,1,30,,27263,36,,,1,71,,27274,36,,,1,33,,27291,36,,,1,68,,27292,36,,,1,31,,27293,36,,,1,71,,27294,36,,,1,27,,27295,36,,,1,70,,27296,36,,,1,30,,27254,36,,,1,68,,27252,36,,,1,29,,27265,36,,,1,70,,27260,36,,,1,30,,27255,36,,,1,70,,27253,36,,,1,30,,27266,36,,,1,69,,27259,36,,,1,30,,27286,36,,,2,70,,27285,36,,,1,28,,27287,36,,,1,70,,27288,36,,,1
3301,'Samedi-0-_26ÉTÉ-0000010-',737,,27384,44,,,1,100,,27385,44,,,1,100,,27382,44,,,2,100,,27388,44,,,1,100,,27389,44,,,1,101,,27383,44,,,1,100,,27386,44,,,1,100,,27387,44,,,1,102,,27390,44,,,1,98,,27391,44,,,1,100,,27392,44,,,1,96,,27399,44,,,1,100,,27393,44,,,1,100,,27394,44,,,1,100,,27395,44,,,1,100,,27396,44,,,1,100,,27397,44,,,1,99,,27398,44,,,1
3301,'Dimanche-0-_26ÉTÉ-0000001-',737,,27404,44,,,1,100,,27405,44,,,1,100,,27406,44,,,2,100,,27400,44,,,1,100,,27401,44,,,1,101,,27402,44,,,1,100,,27403,44,,,1,100,,27408,44,,,1,102,,27409,44,,,1,98,,27407,44,,,1,100,,27410,44,,,1,96,,27413,44,,,1,100,,27417,44,,,1,100,,27411,44,,,1,100,,27412,44,,,1,100,,27415,44,,,1,100,,27414,44,,,1,99,,27416,44,,,1
3301,'Semaine-1-_26ÉTÉ-1111100-',626,,24888,44,,,2,22,,24896,44,,,2,64,,24873,44,,,1,17,,24893,44,,,1,18,,24889,44,,,2,4,,24884,44,,,1,49,,24904,44,,,1,11,,24902,44,,,2,22,,24891,44,,,2,12,,24879,44,,,1,10,,24895,44,,,2,55,,24869,44,,,1,30,,24881,44,,,1,68,,24887,44,,,1,31,,24877,44,,,2,68,,24898,44,,,1,31,,24882,44,,,1,69,,24874,44,,,1,32,,24876,44,,,1,20,,24894,44,,,1,46,,24903,44,,,1,28,,24885,44,,,1,69,,24875,44,,,1,31,,24880,44,,,1,74,,24883,45,,,1,12,,24905,45,,,1,19,,24886,45,,,1,18,,24878,45,,,2,53,,24890,45,,,2,33,,24871,45,,,1,68,,24901,45,,,1,23,,24868,45,,,2,26,,24865,45,,,2,68,,24899,44,,,1,82,,24872,44,,,1,30,,24867,44,,,1,97,,24870,44,,,1,80,,24892,44,,,1,105,,24897,44,,,1,97,,24866,44,,,1,124,,24900,44,,,1
3301,'Semaine-10-_26ÉTÉ-1111100-',626,,27441,44,,,2,22,,27449,44,,,2,64,,27426,44,,,1,17,,27446,44,,,1,18,,27442,44,,,2,4,,27437,44,,,1,49,,27457,44,,,1,11,,27455,44,,,2,22,,27444,44,,,2,12,,27432,44,,,1,10,,27448,44,,,2,55,,27422,44,,,1,30,,27434,44,,,1,68,,27440,44,,,1,31,,27430,44,,,2,68,,27451,44,,,1,31,,27435,44,,,1,69,,27427,44,,,1,32,,27429,44,,,1,20,,27447,44,,,1,46,,27456,44,,,1,28,,27438,44,,,1,69,,27428,44,,,1,31,,27433,44,,,1,74,,27436,45,,,1,12,,27458,45,,,1,19,,27439,45,,,1,18,,27431,45,,,2,53,,27443,45,,,2,33,,27424,45,,,1,68,,27454,45,,,1,23,,27421,45,,,2,26,,27418,45,,,2,68,,27452,44,,,1,82,,27425,44,,,1,30,,27420,44,,,1,97,,27423,44,,,1,80,,27445,44,,,1,105,,27450,44,,,1,97,,27419,44,,,1,124,,27453,44,,,1
3401,'Samedi-0-_26ÉTÉ-0000010-',726,,27559,57,,,1,100,,27562,57,,,2,30,,27571,57,,,1,73,,27560,57,,,1,29,,27565,57,,,1,70,,27567,57,,,1,31,,27561,57,,,2,70,,27570,57,,,1,73,,27563,57,,,1,30,,27572,57,,,1,69,,27564,57,,,1,30,,27566,57,,,1,70,,27568,57,,,2,30,,27569,57,,,2,70,,27573,57,,,1,30,,27574,57,,,2,70,,27575,57,,,1,30,,27576,57,,,1,71,,27577,57,,,1,29,,27578,57,,,1,70,,27579,57,,,2,29,,27580,57,,,1,27,,27581,57,,,1,70,,27583,57,,,1,31,,27582,57,,,2,70,,27584,57,,,1,30,,27585,57,,,2,68,,27586,57,,,1,30,,27588,57,,,1,70,,27587,57,,,1,30,,27589,57,,,1,96,,27590,57,,,1
3401,'Dimanche-0-_26ÉTÉ-0000001-',726,,27592,57,,,1,100,,27603,57,,,2,30,,27596,57,,,1,73,,27599,57,,,1,29,,27598,57,,,1,70,,27607,57,,,1,31,,27604,57,,,2,70,,27591,57,,,1,73,,27602,57,,,1,30,,27595,57,,,1,69,,27593,57,,,1,30,,27594,57,,,1,70,,27597,57,,,2,30,,27605,57,,,2,70,,27601,57,,,1,30,,27600,57,,,2,70,,27606,57,,,1,30,,27611,57,,,1,71,,27609,57,,,1,29,,27615,57,,,1,70,,27618,57,,,2,29,,27608,57,,,1,27,,27617,57,,,1,70,,27610,57,,,1,31,,27614,57,,,2,70,,27621,57,,,1,30,,27613,57,,,2,68,,27612,57,,,1,30,,27619,57,,,1,70,,27620,57,,,1,30,,27616,57,,,1,96,,27622,57,,,1
3401,'Semaine-1-_26ÉTÉ-1111100-',931,,24963,56,,,2,73,,24943,56,,,1,30,,24947,57,,,1,70,,24967,57,,,1,30,,24940,57,,,1,70,,24944,57,,,1,30,,24948,57,,,2,70,,24938,57,,,1,31,,24941,57,,,1,69,,24945,57,,,1,32,,24949,57,,,1,70,,24942,57,,,1,31,,24964,57,,,1,73,,24939,57,,,2,32,,24965,57,,,1,70,,24966,57,,,1,31,,24960,57,,,1,65,,24956,57,,,2,26,,24946,57,,,1,69,,24953,57,,,1,29,,24962,57,,,1,69,,24950,57,,,1,30,,24952,57,,,1,70,,24954,57,,,1,30,,24958,57,,,2,70,,24951,57,,,1,30,,24957,57,,,1,28,,24955,57,,,1,70,,24959,57,,,1,30,,24961,57,,,1
3401,'Semaine-10-_26ÉTÉ-1111100-',931,,27648,56,,,2,73,,27628,56,,,1,30,,27632,57,,,1,70,,27652,57,,,1,30,,27625,57,,,1,70,,27629,57,,,1,30,,27633,57,,,2,70,,27623,57,,,1,31,,27626,57,,,1,69,,27630,57,,,1,32,,27634,57,,,1,70,,27627,57,,,1,31,,27649,57,,,1,73,,27624,57,,,2,32,,27650,57,,,1,70,,27651,57,,,1,31,,27645,57,,,1,65,,27641,57,,,2,26,,27631,57,,,1,69,,27638,57,,,1,29,,27647,57,,,1,69,,27635,57,,,1,30,,27637,57,,,1,70,,27639,57,,,1,30,,27643,57,,,2,70,,27636,57,,,1,30,,27642,57,,,1,28,,27640,57,,,1,70,,27644,57,,,1,30,,27646,57,,,1
3501,'Semaine-1-_26ÉTÉ-1111100-',600,,25030,29,,,1,41,,25005,30,,,2,62,,25012,30,,,2,22,,25021,41,,,2,15,,25027,30,,,1,62,,25032,41,,,1,14,,25008,30,,,1,28,,25028,30,,,1,62,,25033,30,,,1,28,,25014,29,,,1,70,,25016,29,,,1,32,,25007,29,,,1,70,,25013,29,,,2,30,,25023,29,,,1,70,,25006,29,,,1,30,,25020,29,,,2,70,,25022,29,,,1,30,,25025,29,,,2,70,,25010,29,,,2,32,,25034,29,,,2,67,,25024,29,,,1,37,,25009,29,,,2,69,,25036,29,,,1,27,,25031,29,,,2,71,,25015,29,,,1,29,,25018,29,,,2,76,,25037,29,,,2,23,,25026,29,,,2,98,,25019,29,,,1,103,,25017,29,,,1,100,,25035,29,,,2,97,,25029,29,,,1,109,,25011,29,,,1
3501,'Semaine-10-_26ÉTÉ-1111100-',600,,27715,29,,,1,41,,27690,30,,,2,62,,27697,30,,,2,22,,27706,41,,,2,15,,27712,30,,,1,62,,27717,41,,,1,14,,27693,30,,,1,28,,27713,30,,,1,62,,27718,30,,,1,28,,27699,29,,,1,70,,27701,29,,,1,32,,27692,29,,,1,70,,27698,29,,,2,30,,27708,29,,,1,70,,27691,29,,,1,30,,27705,29,,,2,70,,27707,29,,,1,30,,27710,29,,,2,70,,27695,29,,,2,32,,27719,29,,,2,67,,27709,29,,,1,37,,27694,29,,,2,69,,27721,29,,,1,27,,27716,29,,,2,71,,27700,29,,,1,29,,27703,29,,,2,76,,27722,29,,,2,23,,27711,29,,,2,98,,27704,29,,,1,103,,27702,29,,,1,100,,27720,29,,,2,97,,27714,29,,,1,109,,27696,29,,,1
3601,'Semaine-1-_26ÉTÉ-1111100-',915,,25047,45,,,1,90,,25045,46,,,1,100,,25048,46,,,1,102,,25046,46,,,1,99,,25051,46,,,1,100,,25050,46,,,1,101,,25049,46,,,1
3601,'Semaine-10-_26ÉTÉ-1111100-',915,,27732,45,,,1,90,,27730,46,,,1,100,,27733,46,,,1,102,,27731,46,,,1,99,,27736,46,,,1,100,,27735,46,,,1,101,,27734,46,,,1
3701,'Samedi-0-_26ÉTÉ-0000010-',712,,27803,38,,,1,100,,27808,38,,,1,100,,27802,38,,,1,102,,27807,38,,,1,101,,27804,38,,,1,99,,27805,38,,,1,100,,27809,38,,,1,103,,27806,38,,,1,100,,27810,38,,,1,100,,27811,38,,,1,100,,27812,38,,,1,96,,27813,38,,,1,100,,27814,38,,,1,102,,27815,38,,,1,98,,27816,38,,,1,96,,27817,38,,,1,98,,27818,38,,,1
3701,'Dimanche-0-_26ÉTÉ-0000001-',712,,27819,38,,,1,100,,27823,38,,,1,100,,27824,38,,,1,102,,27826,38,,,1,101,,27825,38,,,1,99,,27821,38,,,1,100,,27820,38,,,1,103,,27822,38,,,1,100,,27827,38,,,1,100,,27831,38,,,1,100,,27834,38,,,1,96,,27828,38,,,1,100,,27829,38,,,1,102,,27835,38,,,1,98,,27833,38,,,1,96,,27830,38,,,1,98,,27832,38,,,1
3701,'Semaine-1-_26ÉTÉ-1111100-',539,,25094,37,,,1,71,,25092,37,,,1,35,,25096,37,,,1,70,,25086,37,,,1,32,,25103,37,,,1,61,,25083,37,,,1,10,,25104,37,,,1,30,,25085,37,,,1,99,,25102,37,,,1,100,,25090,38,,,1,100,,25084,38,,,1,101,,25082,38,,,1,99,,25087,38,,,1,102,,25098,38,,,1,100,,25081,38,,,1,71,,25097,38,,,1,30,,25100,38,,,1,70,,25095,38,,,1,29,,25101,38,,,1,68,,25105,38,,,1,85,,25089,38,,,1,99,,25099,38,,,1,101,,25091,38,,,1,99,,25088,38,,,1,57,,25093,38,,,1
3701,'Semaine-10-_26ÉTÉ-1111100-',539,,27849,37,,,1,71,,27847,37,,,1,35,,27851,37,,,1,70,,27841,37,,,1,32,,27858,37,,,1,61,,27838,37,,,1,10,,27859,37,,,1,30,,27840,37,,,1,99,,27857,37,,,1,100,,27845,38,,,1,100,,27839,38,,,1,101,,27837,38,,,1,99,,27842,38,,,1,102,,27853,38,,,1,100,,27836,38,,,1,71,,27852,38,,,1,30,,27855,38,,,1,70,,27850,38,,,1,29,,27856,38,,,1,68,,27860,38,,,1,85,,27844,38,,,1,99,,27854,38,,,1,101,,27846,38,,,1,99,,27843,38,,,1,57,,27848,38,,,1
3801,'Samedi-0-_26ÉTÉ-0000010-',726,,27973,25,,,1,30,,27969,25,,,1,70,,27981,25,,,1,31,,27974,25,,,1,69,,27970,25,,,1,32,,27982,25,,,1,68,,27975,25,,,1,33,,27979,25,,,1,66,,27971,25,,,1,34,,27976,25,,,1,70,,27980,25,,,1,30,,27972,25,,,1,70,,27977,25,,,1,72,,27978,25,,,1,28,,27983,25,,,1,72,,27984,25,,,1,28,,27985,25,,,1,72,,27986,25,,,1,28,,27987,25,,,1,71,,27988,25,,,1,29,,27989,25,,,1,30,,27990,25,,,1,66,,27991,25,,,1,32,,27993,25,,,1,69,,27992,25,,,1,31,,27995,25,,,1,69,,27994,25,,,1,31,,27996,25,,,1,69,,27997,25,,,1,30,,28001,25,,,1,70,,27998,25,,,1,30,,27999,25,,,1,71,,28000,25,,,1
3801,'Dimanche-0-_26ÉTÉ-0000001-',726,,28009,25,,,1,30,,28005,25,,,1,70,,28016,25,,,1,31,,28008,25,,,1,69,,28002,25,,,1,32,,28017,25,,,1,68,,28011,25,,,1,33,,28003,25,,,1,66,,28015,25,,,1,34,,28010,25,,,1,70,,28004,25,,,1,30,,28006,25,,,1,70,,28007,25,,,1,72,,28013,25,,,1,28,,28019,25,,,1,72,,28020,25,,,1,28,,28014,25,,,1,72,,28018,25,,,1,28,,28024,25,,,1,71,,28029,25,,,1,29,,28030,25,,,1,30,,28025,25,,,1,66,,28012,25,,,1,32,,28027,25,,,1,69,,28022,25,,,1,31,,28023,25,,,1,69,,28026,25,,,1,31,,28028,25,,,1,69,,28032,25,,,1,30,,28031,25,,,1,70,,28021,25,,,1,30,,28033,25,,,1,71,,28034,25,,,1
3801,'Semaine-1-_26ÉTÉ-1111100-',633,,25176,26,,,1,71,,25148,26,,,1,33,,25175,26,,,1,13,,25186,26,,,1,61,,25182,26,,,1,27,,25164,26,,,1,67,,25184,26,,,1,30,,25171,25,,,1,19,,25154,25,,,1,60,,25180,25,,,1,20,,25165,25,,,1,20,,25157,25,,,1,62,,25172,25,,,1,20,,25155,25,,,1,20,,25179,25,,,1,60,,25185,25,,,1,22,,25158,25,,,1,21,,25187,25,,,1,59,,25173,25,,,1,20,,25178,25,,,1,18,,25166,25,,,1,60,,25159,25,,,1,19,,25174,25,,,1,21,,25188,25,,,1,62,,25161,25,,,1,22,,25167,25,,,1,70,,25181,25,,,1,28,,25156,25,,,1,72,,25163,25,,,1,29,,25153,25,,,1,68,,25189,25,,,1,20,,25150,25,,,1,19,,25183,25,,,1,69,,25152,25,,,1,30,,25162,25,,,1,70,,25170,25,,,1,30,,25177,25,,,1,70,,25160,25,,,1,30,,25168,25,,,1,69,,25169,25,,,1,29,,25149,25,,,1,85,,25151,25,,,1
3801,'Semaine-10-_26ÉTÉ-1111100-',633,,28063,26,,,1,71,,28035,26,,,1,33,,28062,26,,,1,13,,28073,26,,,1,61,,28069,26,,,1,27,,28051,26,,,1,67,,28071,26,,,1,30,,28058,25,,,1,19,,28041,25,,,1,60,,28067,25,,,1,20,,28052,25,,,1,20,,28044,25,,,1,62,,28059,25,,,1,20,,28042,25,,,1,20,,28066,25,,,1,60,,28072,25,,,1,22,,28045,25,,,1,21,,28074,25,,,1,59,,28060,25,,,1,20,,28065,25,,,1,18,,28053,25,,,1,60,,28046,25,,,1,19,,28061,25,,,1,21,,28075,25,,,1,62,,28048,25,,,1,22,,28054,25,,,1,70,,28068,25,,,1,28,,28043,25,,,1,72,,28050,25,,,1,29,,28040,25,,,1,68,,28076,25,,,1,20,,28037,25,,,1,19,,28070,25,,,1,69,,28039,25,,,1,30,,28049,25,,,1,70,,28057,25,,,1,30,,28064,25,,,1,70,,28047,25,,,1,30,,28055,25,,,1,69,,28056,25,,,1,29,,28036,25,,,1,85,,28038,25,,,1
4001,'Semaine-1-_26ÉTÉ-1111100-',638,,25270,55,,,2,72,,25269,55,,,2,34,,25272,55,,,2,74,,25268,55,,,1,25,,25267,55,,,2,67,,25271,55,,,2
4001,'Semaine-10-_26ÉTÉ-1111100-',638,,28253,55,,,2,72,,28252,55,,,2,34,,28255,55,,,2,74,,28251,55,,,1,25,,28250,55,,,2,67,,28254,55,,,2
4101,'Semaine-1-_26ÉTÉ-1111100-',705,,25280,46,,,2,31,,25281,46,,,2,72,,25282,46,,,2,30,,25279,46,,,1,67,,25278,46,,,2
4101,'Semaine-10-_26ÉTÉ-1111100-',705,,28263,46,,,2,31,,28264,46,,,2,72,,28265,46,,,2,30,,28262,46,,,1,67,,28261,46,,,2
4501,'Semaine-1-_26ÉTÉ-1111100-',652,,25293,49,,,2,79,,25297,49,,,1,27,,25296,49,,,2,70,,25295,49,,,1,25,,25298,49,,,1,70,,25294,49,,,2
4501,'Semaine-10-_26ÉTÉ-1111100-',652,,28276,49,,,2,79,,28280,49,,,1,27,,28279,49,,,2,70,,28278,49,,,1,25,,28281,49,,,1,70,,28277,49,,,2
4701,'Semaine-1-_26ÉTÉ-1111100-',641,,25304,42,,,2,88,,25305,42,,,2,89,,25302,42,,,2,25,,25303,42,,,2
4701,'Semaine-10-_26ÉTÉ-1111100-',641,,28287,42,,,2,88,,28288,42,,,2,89,,28285,42,,,2,25,,28286,42,,,2
5501,'Samedi-0-_26ÉTÉ-0000010-',724,,28663,55,,,1,30,,28666,55,,,1,70,,28665,55,,,1,30,,28675,55,,,1,70,,28664,55,,,1,31,,28667,55,,,1,70,,28668,55,,,1,30,,28674,55,,,1,73,,28670,55,,,1,30,,28671,55,,,1,71,,28669,55,,,1,28,,28677,55,,,1,70,,28676,55,,,1,30,,28672,55,,,1,70,,28673,55,,,1,30,,28678,55,,,1,70,,28679,55,,,1,30,,28680,55,,,1,70,,28681,55,,,1,30,,28682,55,,,1,70,,28683,55,,,1,30,,28684,55,,,1,70,,28685,55,,,1,27,,28686,55,,,1,70,,28687,55,,,1,30,,28688,55,,,1,70,,28689,55,,,1,28,,28690,55,,,1,70,,28691,55,,,1,30,,28693,55,,,1,68,,28692,55,,,1,32,,28695,55,,,1,68,,28694,55,,,1
5501,'Dimanche-0-_26ÉTÉ-0000001-',724,,28697,55,,,1,30,,28702,55,,,1,70,,28698,55,,,1,30,,28706,55,,,1,70,,28709,55,,,1,31,,28701,55,,,1,70,,28713,55,,,1,30,,28707,55,,,1,73,,28708,55,,,1,30,,28699,55,,,1,71,,28696,55,,,1,28,,28703,55,,,1,70,,28710,55,,,1,30,,28700,55,,,1,70,,28711,55,,,1,30,,28705,55,,,1,70,,28704,55,,,1,30,,28714,55,,,1,70,,28718,55,,,1,30,,28712,55,,,1,70,,28715,55,,,1,30,,28725,55,,,1,70,,28722,55,,,1,27,,28727,55,,,1,70,,28728,55,,,1,30,,28716,55,,,1,70,,28719,55,,,1,28,,28717,55,,,1,70,,28720,55,,,1,30,,28721,55,,,1,68,,28724,55,,,1,32,,28726,55,,,1,68,,28723,55,,,1
5501,'Semaine-1-_26ÉTÉ-1111100-',540,,25481,55,,,1,16,,25488,55,,,1,53,,25487,53,,,1,18,,25471,53,,,1,16,,25509,53,,,1,63,,25508,53,,,1,7,,25468,53,,,1,16,,25513,53,,,1,15,,25494,53,,,1,15,,25502,53,,,1,54,,25472,53,,,1,10,,25476,53,,,1,12,,25474,53,,,1,9,,25503,53,,,1,3,,25505,53,,,1,53,,25482,53,,,1,27,,25486,53,,,1,12,,25473,53,,,1,11,,25507,53,,,1,71,,25500,55,,,1,23,,25512,22,,,1,8,,25504,55,,,1,67,,25470,55,,,1,30,,25477,55,,,1,70,,25490,55,,,1,30,,25501,55,,,1,70,,25497,55,,,1,30,,25478,55,,,1,70,,25510,55,,,1,30,,25469,55,,,1,74,,25475,55,,,1,92,,25479,55,,,1,97,,25484,55,,,1,99,,25489,55,,,1,98,,25506,55,,,1,20,,25495,55,,,1,30,,25483,55,,,1,70,,25499,55,,,1,30,,25492,55,,,1,70,,25511,55,,,1,30,,25485,55,,,1,70,,25491,55,,,1,29,,25493,55,,,1,70,,25480,55,,,1,28,,25498,55,,,1,70,,25496,55,,,1
5501,'Semaine-10-_26ÉTÉ-1111100-',540,,28742,55,,,1,16,,28749,55,,,1,53,,28748,53,,,1,18,,28732,53,,,1,16,,28770,53,,,1,63,,28769,53,,,1,7,,28729,53,,,1,16,,28774,53,,,1,15,,28755,53,,,1,15,,28763,53,,,1,54,,28733,53,,,1,10,,28737,53,,,1,12,,28735,53,,,1,9,,28764,53,,,1,3,,28766,53,,,1,53,,28743,53,,,1,27,,28747,53,,,1,12,,28734,53,,,1,11,,28768,53,,,1,71,,28761,55,,,1,23,,28773,22,,,1,8,,28765,55,,,1,67,,28731,55,,,1,30,,28738,55,,,1,70,,28751,55,,,1,30,,28762,55,,,1,70,,28758,55,,,1,30,,28739,55,,,1,70,,28771,55,,,1,30,,28730,55,,,1,74,,28736,55,,,1,92,,28740,55,,,1,97,,28745,55,,,1,99,,28750,55,,,1,98,,28767,55,,,1,20,,28756,55,,,1,30,,28744,55,,,1,70,,28760,55,,,1,30,,28753,55,,,1,70,,28772,55,,,1,30,,28746,55,,,1,70,,28752,55,,,1,29,,28754,55,,,1,70,,28741,55,,,1,28,,28759,55,,,1,70,,28757,55,,,1
5901,'Samedi-0-_26ÉTÉ-0000010-',735,,28921,44,,,1,70,,28928,44,,,1,32,,28925,44,,,1,70,,28930,44,,,1,30,,28922,44,,,1,70,,28927,44,,,1,31,,28926,44,,,1,70,,28929,44,,,1,30,,28933,44,,,1,71,,28934,44,,,1,30,,28923,44,,,1,70,,28924,44,,,1,30,,28932,44,,,1,70,,28931,44,,,1,30,,28935,44,,,1,70,,28936,44,,,1,30,,28937,44,,,1,70,,28938,44,,,1,30,,28939,44,,,1,70,,28940,44,,,1,30,,28941,44,,,1,70,,28942,44,,,1,30,,28943,44,,,1,67,,28944,44,,,1,30,,28945,44,,,1,71,,28947,44,,,1,30,,28946,44,,,1,68,,28948,44,,,1,30,,28949,44,,,1,70,,28950,44,,,1,30,,28952,44,,,1,68,,28951,44,,,1
5901,'Dimanche-0-_26ÉTÉ-0000001-',735,,28959,44,,,1,70,,28962,44,,,1,32,,28964,44,,,1,70,,28955,44,,,1,30,,28958,44,,,1,70,,28961,44,,,1,31,,28965,44,,,1,70,,28953,44,,,1,30,,28956,44,,,1,71,,28970,44,,,1,30,,28963,44,,,1,70,,28954,44,,,1,30,,28957,44,,,1,70,,28960,44,,,1,30,,28967,44,,,1,70,,28966,44,,,1,30,,28969,44,,,1,70,,28971,44,,,1,30,,28968,44,,,1,70,,28977,44,,,1,30,,28978,44,,,1,70,,28974,44,,,1,30,,28973,44,,,1,67,,28983,44,,,1,30,,28980,44,,,1,71,,28981,44,,,1,30,,28972,44,,,1,68,,28975,44,,,1,30,,28979,44,,,1,70,,28976,44,,,1,30,,28982,44,,,1,68,,28984,44,,,1
5901,'Semaine-1-_26ÉTÉ-1111100-',534,,25596,44,,,1,14,,25632,44,,,1,55,,25605,44,,,1,15,,25626,42,,,1,17,,25606,42,,,1,15,,25595,42,,,1,8,,25597,42,,,1,63,,25600,42,,,1,5,,25635,20,,,1,11,,25636,20,,,1,9,,25603,42,,,1,4,,25637,20,,,1,54,,25604,42,,,1,11,,25599,42,,,1,12,,25628,42,,,1,10,,25614,42,,,1,6,,25619,42,,,1,13,,25593,42,,,1,52,,25609,42,,,1,13,,25594,42,,,1,12,,25612,42,,,1,72,,25638,42,,,1,29,,25633,44,,,1,70,,25620,44,,,1,30,,25602,44,,,1,70,,25613,44,,,1,30,,25616,44,,,1,70,,25601,44,,,1,30,,25630,44,,,1,70,,25592,44,,,1,30,,25634,44,,,1,70,,25624,44,,,1,40,,25627,44,,,1,99,,25631,44,,,1,100,,25611,44,,,1,97,,25618,44,,,1,73,,25623,44,,,1,30,,25610,44,,,1,70,,25617,44,,,1,30,,25622,44,,,1,69,,25629,44,,,1,30,,25607,44,,,1,70,,25625,44,,,1,29,,25615,44,,,1,70,,25598,44,,,1,30,,25608,44,,,1,70,,25621,44,,,1
5901,'Semaine-10-_26ÉTÉ-1111100-',534,,28989,44,,,1,14,,29025,44,,,1,55,,28998,44,,,1,15,,29019,42,,,1,17,,28999,42,,,1,15,,28988,42,,,1,8,,28990,42,,,1,63,,28993,42,,,1,5,,29028,20,,,1,11,,29029,20,,,1,9,,28996,42,,,1,4,,29030,20,,,1,54,,28997,42,,,1,11,,28992,42,,,1,12,,29021,42,,,1,10,,29007,42,,,1,6,,29012,42,,,1,13,,28986,42,,,1,52,,29002,42,,,1,13,,28987,42,,,1,12,,29005,42,,,1,72,,29031,42,,,1,29,,29026,44,,,1,70,,29013,44,,,1,30,,28995,44,,,1,70,,29006,44,,,1,30,,29009,44,,,1,70,,28994,44,,,1,30,,29023,44,,,1,70,,28985,44,,,1,30,,29027,44,,,1,70,,29017,44,,,1,40,,29020,44,,,1,99,,29024,44,,,1,100,,29004,44,,,1,97,,29011,44,,,1,73,,29016,44,,,1,30,,29003,44,,,1,70,,29010,44,,,1,30,,29015,44,,,1,69,,29022,44,,,1,30,,29000,44,,,1,70,,29018,44,,,1,29,,29008,44,,,1,70,,28991,44,,,1,30,,29001,44,,,1,70,,29014,44,,,1
6700,'Samedi-0-_26ÉTÉ-0000010-',713,,29514,8,,,2,101,,29513,8,,,1,100,,29512,8,,,1,30,,29508,8,,,1,70,,29516,8,,,1,30,,29509,8,,,1,70,,29510,8,,,1,31,,29515,8,,,1,70,,29520,8,,,1,30,,29511,8,,,1,70,,29519,8,,,1,30,,29517,8,,,1,70,,29518,8,,,1,30,,29521,8,,,2,70,,29522,8,,,2,30,,29523,8,,,1,70,,29524,8,,,1,30,,29525,8,,,2,70,,29526,8,,,2,30,,29527,8,,,1,70,,29528,8,,,1,29,,29529,8,,,2,70,,29530,8,,,1,30,,29531,8,,,1,100,,29535,8,,,2,100,,29532,8,,,2,100,,29533,8,,,1,99,,29534,8,,,1
6700,'Dimanche-0-_26ÉTÉ-0000001-',713,,29542,8,,,2,101,,29536,8,,,1,100,,29539,8,,,1,30,,29541,8,,,1,70,,29547,8,,,1,30,,29544,8,,,1,70,,29550,8,,,1,31,,29552,8,,,1,70,,29546,8,,,1,30,,29548,8,,,1,70,,29537,8,,,1,30,,29538,8,,,1,70,,29540,8,,,1,30,,29543,8,,,2,70,,29549,8,,,2,30,,29545,8,,,1,70,,29551,8,,,1,30,,29560,8,,,2,70,,29559,8,,,2,30,,29555,8,,,1,70,,29553,8,,,1,29,,29563,8,,,2,70,,29554,8,,,1,30,,29561,8,,,1,100,,29558,8,,,2,100,,29557,8,,,2,100,,29556,8,,,1,99,,29562,8,,,1
6700,'Semaine-1-_26ÉTÉ-1111100-',613,,25907,8,,,1,32,,25901,8,,,1,66,,25909,8,,,1,23,,25918,8,,,1,20,,25902,8,,,2,57,,25927,8,,,1,30,,25912,8,,,1,73,,25920,8,,,1,20,,25910,8,,,2,18,,25930,8,,,2,60,,25928,8,,,1,21,,25915,8,,,2,20,,25931,8,,,2,60,,25921,8,,,1,20,,25924,8,,,2,20,,25932,8,,,1,60,,25929,8,,,1,20,,25916,8,,,1,20,,25933,8,,,1,60,,25922,8,,,1,20,,25925,8,,,2,20,,25934,8,,,1,60,,25914,8,,,1,20,,25917,8,,,2,16,,25935,8,,,1,370,,25937,8,,,1,15,,25911,8,,,2,19,,25936,8,,,1,59,,25919,8,,,1,30,,25899,8,,,1,70,,25923,8,,,2,30,,25903,8,,,1,70,,25926,8,,,1,31,,25900,8,,,1,69,,25908,8,,,2,30,,25904,8,,,1,69,,25913,8,,,2,30,,25906,8,,,2,70,,25905,8,,,1
6700,'Semaine-10-_26ÉTÉ-1111100-',613,,29572,8,,,1,32,,29566,8,,,1,66,,29574,8,,,1,23,,29583,8,,,1,20,,29567,8,,,2,57,,29592,8,,,1,30,,29577,8,,,1,73,,29585,8,,,1,20,,29575,8,,,2,18,,29595,8,,,2,60,,29593,8,,,1,21,,29580,8,,,2,20,,29596,8,,,2,60,,29586,8,,,1,20,,29589,8,,,2,20,,29597,8,,,1,60,,29594,8,,,1,20,,29581,8,,,1,20,,29598,8,,,1,60,,29587,8,,,1,20,,29590,8,,,2,20,,29599,8,,,2,60,,29579,8,,,1,20,,29582,8,,,2,16,,29600,8,,,1,370,,29602,8,,,1,15,,29576,8,,,2,19,,29601,8,,,1,59,,29584,8,,,1,30,,29564,8,,,1,70,,29588,8,,,2,30,,29568,8,,,1,70,,29591,8,,,1,31,,29565,8,,,1,69,,29573,8,,,2,30,,29569,8,,,1,69,,29578,8,,,2,30,,29571,8,,,2,70,,29570,8,,,1
37101,'Samedi-0-_26ÉTÉ-0000010-',743,,30859,39,,,1,99,,30858,39,,,1,105,,30862,39,,,1,100,,30861,39,,,1,99,,30863,39,,,1,102,,30860,39,,,1,101,,30864,39,,,1,100,,30865,39,,,1,98,,30866,39,,,1,100,,30867,39,,,1,98,,30868,39,,,1,100,,30869,39,,,1,100,,30870,39,,,1,98,,30871,39,,,1,100,,30872,39,,,1,97,,30873,39,,,1,100,,30874,39,,,1
37101,'Dimanche-0-_26ÉTÉ-0000001-',743,,30878,39,,,1,99,,30875,39,,,1,105,,30879,39,,,1,100,,30876,39,,,1,99,,30882,39,,,1,102,,30877,39,,,1,101,,30880,39,,,1,100,,30885,39,,,1,98,,30881,39,,,1,100,,30886,39,,,1,98,,30891,39,,,1,100,,30883,39,,,1,100,,30884,39,,,1,98,,30888,39,,,1,100,,30890,39,,,1,97,,30887,39,,,1,100,,30889,39,,,1
37101,'Semaine-1-_26ÉTÉ-1111100-',552,,26703,39,,,1,71,,26706,38,,,1,32,,26699,38,,,1,72,,26701,38,,,1,31,,26711,38,,,1,70,,26710,38,,,1,28,,26705,38,,,1,70,,26689,38,,,1,100,,26696,39,,,1,100,,26694,39,,,1,100,,26695,39,,,1,102,,26709,39,,,1,100,,26692,39,,,1,103,,26693,39,,,1,71,,26690,39,,,1,28,,26697,39,,,1,29,,26707,39,,,1,70,,26708,39,,,1,30,,26687,39,,,1,80,,26691,39,,,1,93,,26702,39,,,1,100,,26704,39,,,1,100,,26688,39,,,1,99,,26698,39,,,1,183,,26700,39,,,1
37101,'Semaine-10-_26ÉTÉ-1111100-',552,,30908,39,,,1,71,,30911,38,,,1,32,,30904,38,,,1,72,,30906,38,,,1,31,,30916,38,,,1,70,,30915,38,,,1,28,,30910,38,,,1,70,,30894,38,,,1,100,,30901,39,,,1,100,,30899,39,,,1,100,,30900,39,,,1,102,,30914,39,,,1,100,,30897,39,,,1,103,,30898,39,,,1,71,,30895,39,,,1,28,,30902,39,,,1,29,,30912,39,,,1,70,,30913,39,,,1,30,,30892,39,,,1,80,,30896,39,,,1,93,,30907,39,,,1,100,,30909,39,,,1,100,,30893,39,,,1,99,,30903,39,,,1,183,,30905,39,,,1
40001,'Samedi-0-_26ÉTÉ-0000010-',647,,31156,17,,,1,55,,31159,17,,,1,15,,31161,17,,,1,15,,31157,17,,,1,15,,31158,17,,,1,55,,31160,17,,,1,16,,31166,17,,,1,15,,31173,17,,,1,15,,31164,17,,,1,54,,31184,17,,,1,15,,31162,17,,,1,15,,31163,17,,,1,15,,31172,17,,,1,56,,31165,17,,,1,15,,31167,17,,,1,15,,31175,17,,,1,15,,31176,17,,,1,55,,31177,17,,,1,15,,31183,17,,,1,16,,31182,17,,,1,15,,31186,17,,,1,55,,31169,17,,,1,14,,31168,17,,,1,15,,31171,17,,,1,15,,31174,17,,,1,55,,31170,17,,,1,15,,31179,17,,,1,15,,31181,17,,,1,16,,31187,17,,,1,55,,31178,17,,,1,15,,31180,17,,,1,15,,31185,17,,,1,15,,31188,17,,,1,55,,31189,17,,,1,15,,31190,17,,,1,15,,31191,17,,,1,15,,31192,17,,,1,55,,31193,17,,,1,15,,31194,17,,,1,15,,31195,17,,,1,15,,31196,17,,,1,55,,31197,17,,,1,15,,31198,17,,,1,15,,31199,17,,,1,15,,31200,17,,,1,55,,31201,17,,,1,15,,31202,17,,,1,16,,31205,17,,,1,17,,31203,17,,,1,54,,31204,17,,,1,12,,31207,17,,,1,16,,31206,17,,,1,14,,31211,17,,,1,56,,31209,17,,,1,15,,31210,17,,,1,15,,31208,17,,,1,15,,31212,17,,,1,55,,31214,17,,,1,15,,31215,17,,,1,15,,31216,17,,,1,15,,31213,17,,,1,56,,31219,17,,,1,13,,31218,17,,,1,15,,31217,17,,,1,15,,31220,17,,,1,55,,31221,17,,,1,15,,31222,17,,,1,15,,31223,17,,,1,15,,31225,17,,,1,54,,31224,17,,,1,16,,31227,17,,,1,15,,31226,17,,,1,15,,31228,17,,,1
40001,'Dimanche-0-_26ÉTÉ-0000001-',647,,31229,17,,,1,55,,31232,17,,,1,15,,31240,17,,,1,15,,31245,17,,,1,15,,31230,17,,,1,55,,31235,17,,,1,16,,31241,17,,,1,15,,31251,17,,,1,15,,31231,17,,,1,54,,31233,17,,,1,15,,31239,17,,,1,15,,31244,17,,,1,15,,31247,17,,,1,56,,31236,17,,,1,15,,31260,17,,,1,15,,31252,17,,,1,15,,31242,17,,,1,55,,31253,17,,,1,15,,31256,17,,,1,16,,31265,17,,,1,15,,31234,17,,,1,55,,31262,17,,,1,14,,31261,17,,,1,15,,31263,17,,,1,15,,31243,17,,,1,55,,31237,17,,,1,15,,31266,17,,,1,15,,31264,17,,,1,16,,31249,17,,,1,55,,31246,17,,,1,15,,31254,17,,,1,15,,31259,17,,,1,15,,31270,17,,,1,55,,31238,17,,,1,15,,31267,17,,,1,15,,31257,17,,,1,15,,31250,17,,,1,55,,31248,17,,,1,15,,31255,17,,,1,15,,31258,17,,,1,15,,31277,17,,,1,55,,31281,17,,,1,15,,31273,17,,,1,15,,31290,17,,,1,15,,31269,17,,,1,55,,31284,17,,,1,15,,31274,17,,,1,16,,31291,17,,,1,17,,31278,17,,,1,54,,31282,17,,,1,12,,31297,17,,,1,16,,31289,17,,,1,14,,31268,17,,,1,56,,31283,17,,,1,15,,31288,17,,,1,15,,31292,17,,,1,15,,31271,17,,,1,55,,31276,17,,,1,15,,31280,17,,,1,15,,31286,17,,,1,15,,31301,17,,,1,56,,31294,17,,,1,13,,31287,17,,,1,15,,31296,17,,,1,15,,31299,17,,,1,55,,31275,17,,,1,15,,31279,17,,,1,15,,31285,17,,,1,15,,31300,17,,,1,54,,31293,17,,,1,16,,31272,17,,,1,15,,31295,17,,,1,15,,31298,17,,,1
40001,'Semaine-1-_26ÉTÉ-1111100-',518,,26874,17,,,1,12,,26875,17,,,1,8,,26876,17,,,1,12,,26877,17,,,1,50,,26878,17,,,1,11,,26879,17,,,1,4,,26880,17,,,1,5,,26881,17,,,1,5,,26882,17,,,1,5,,26888,17,,,1,271,,26883,17,,,1,9,,26884,15,,,1,6,,26885,17,,,1,10,,26886,17,,,1,11,,26887,17,,,1,10,,26833,17,,,1,10,,26819,17,,,1,50,,26843,17,,,1,11,,26844,17,,,1,9,,26889,17,,,1,10,,26809,17,,,1,10,,26890,17,,,1,10,,26807,17,,,1,50,,26840,17,,,1,10,,26860,17,,,1,9,,26828,17,,,1,11,,26835,17,,,1,10,,26832,17,,,1,10,,26811,17,,,1,50,,26871,17,,,1,10,,26845,17,,,1,10,,26857,17,,,1,10,,26810,17,,,1,10,,26820,17,,,1,10,,26813,17,,,1,50,,26829,17,,,1,10,,26861,17,,,1,10,,26842,17,,,1,10,,26836,17,,,1,10,,26831,17,,,1,10,,26825,17,,,1,50,,26867,17,,,1,10,,26846,17,,,1,10,,26858,17,,,1,10,,26873,17,,,1,10,,26822,17,,,1,55,,26805,17,,,1,10,,26863,17,,,1,7,,26862,17,,,1,10,,26847,17,,,1,10,,26837,17,,,1,12,,26815,17,,,1,51,,26865,17,,,1,13,,26872,17,,,1,11,,26859,17,,,1,11,,26893,17,,,1,14,,26839,17,,,1,55,,26868,17,,,1,10,,26891,17,,,1,11,,26852,17,,,1,13,,26830,17,,,1,11,,26816,17,,,1,52,,26821,17,,,1,12,,26892,17,,,1,12,,26823,17,,,1,12,,26848,17,,,1,10,,26838,17,,,1,52,,26869,17,,,1,10,,26855,17,,,1,12,,26834,17,,,1,11,,26817,17,,,1,14,,26856,17,,,1,52,,26895,17,,,1,11,,26894,17,,,1,12,,26824,17,,,1,12,,26849,17,,,1,12,,26827,17,,,1,12,,26870,17,,,1,52,,26853,17,,,1,13,,26812,17,,,1,13,,26896,17,,,1,17,,26818,17,,,1,55,,26814,17,,,1,15,,26864,17,,,1,12,,26850,17,,,1,14,,26826,17,,,1,56,,26854,17,,,1,15,,26866,17,,,1,15,,26808,17,,,1,15,,26806,17,,,1,55,,26841,17,,,1,29,,26851,17,,,1
40001,'Semaine-10-_26ÉTÉ-1111100-',518,,31371,17,,,1,12,,31372,17,,,1,8,,31373,17,,,1,12,,31374,17,,,1,50,,31375,17,,,1,11,,31376,17,,,1,4,,31377,17,,,1,5,,31378,17,,,1,5,,31379,17,,,1,5,,31385,17,,,1,271,,31380,17,,,1,9,,31381,15,,,1,6,,31382,17,,,1,10,,31383,17,,,1,11,,31384,17,,,1,10,,31330,17,,,1,10,,31316,17,,,1,50,,31340,17,,,1,11,,31341,17,,,1,9,,31386,17,,,1,10,,31306,17,,,1,10,,31387,17,,,1,10,,31304,17,,,1,50,,31337,17,,,1,10,,31357,17,,,1,9,,31325,17,,,1,11,,31332,17,,,1,10,,31329,17,,,1,10,,31308,17,,,1,50,,31368,17,,,1,10,,31342,17,,,1,10,,31354,17,,,1,10,,31307,17,,,1,10,,31317,17,,,1,10,,31310,17,,,1,50,,31326,17,,,1,10,,31358,17,,,1,10,,31339,17,,,1,10,,31333,17,,,1,10,,31328,17,,,1,10,,31322,17,,,1,50,,31364,17,,,1,10,,31343,17,,,1,10,,31355,17,,,1,10,,31370,17,,,1,10,,31319,17,,,1,55,,31302,17,,,1,10,,31360,17,,,1,7,,31359,17,,,1,10,,31344,17,,,1,10,,31334,17,,,1,12,,31312,17,,,1,51,,31362,17,,,1,13,,31369,17,,,1,11,,31356,17,,,1,11,,31390,17,,,1,14,,31336,17,,,1,55,,31365,17,,,1,10,,31388,17,,,1,11,,31349,17,,,1,13,,31327,17,,,1,11,,31313,17,,,1,52,,31318,17,,,1,12,,31389,17,,,1,12,,31320,17,,,1,12,,31345,17,,,1,10,,31335,17,,,1,52,,31366,17,,,1,10,,31352,17,,,1,12,,31331,17,,,1,11,,31314,17,,,1,14,,31353,17,,,1,52,,31392,17,,,1,11,,31391,17,,,1,12,,31321,17,,,1,12,,31346,17,,,1,12,,31324,17,,,1,12,,31367,17,,,1,52,,31350,17,,,1,13,,31309,17,,,1,13,,31393,17,,,1,17,,31315,17,,,1,55,,31311,17,,,1,15,,31361,17,,,1,12,,31347,17,,,1,14,,31323,17,,,1,56,,31351,17,,,1,15,,31363,17,,,1,15,,31305,17,,,1,15,,31303,17,,,1,55,,31338,17,,,1,29,,31348,17,,,1
