6501,'Samedi-0-_26ÉTÉ-0000010-',746,,41440,15,,,1,100,,41438,15,,,2,100,,41437,15,,,1,100,,41435,15,,,1,100,,41434,15,,,1,100,,41436,15,,,1,100,,41439,15,,,1,100,,41441,15,,,1,100,,41442,15,,,1,100,,41443,15,,,1,100,,41444,15,,,1,100,,41448,15,,,1,100,,41445,15,,,1,100,,41446,15,,,1,100,,41447,15,,,1,100,,41449,15,,,2,100,,41450,15,,,1
6501,'Samedi-10-_26ÉTÉ-0000010-',746,,47153,15,,,1,100,,47151,15,,,2,100,,47150,15,,,1,100,,47148,15,,,1,100,,47147,15,,,1,100,,47149,15,,,1,100,,47152,15,,,1,100,,47154,15,,,1,100,,47155,15,,,1,100,,47156,15,,,1,100,,47157,15,,,1,100,,47161,15,,,1,100,,47158,15,,,1,100,,47159,15,,,1,100,,47160,15,,,1,100,,47162,15,,,2,100,,47163,15,,,1
6501,'Dimanche-0-_26ÉTÉ-0000001-',746,,41454,15,,,1,100,,41455,15,,,2,100,,41457,15,,,1,100,,41453,15,,,1,100,,41456,15,,,1,100,,41452,15,,,1,100,,41451,15,,,1,100,,41458,15,,,1,100,,41463,15,,,1,100,,41465,15,,,1,100,,41460,15,,,1,100,,41461,15,,,1,100,,41459,15,,,1,100,,41464,15,,,1,100,,41466,15,,,1,100,,41467,15,,,2,100,,41462,15,,,1
6501,'Dimanche-10-_26ÉTÉ-0000001-',746,,41471,15,,,1,100,,41472,15,,,2,100,,41474,15,,,1,100,,41470,15,,,1,100,,41473,15,,,1,100,,41469,15,,,1,100,,41468,15,,,1,100,,41475,15,,,1,100,,41480,15,,,1,100,,41482,15,,,1,100,,41477,15,,,1,100,,41478,15,,,1,100,,41476,15,,,1,100,,41481,15,,,1,100,,41483,15,,,1,100,,41484,15,,,2,100,,41479,15,,,1
6501,'Semaine-1-_26ÉTÉ-1111100-',538,,41502,15,,,1,70,,41516,15,,,1,20,,41485,15,,,1,20,,41501,15,,,1,60,,41517,15,,,1,20,,41504,15,,,1,20,,41506,15,,,1,60,,41496,15,,,2,20,,41499,15,,,2,20,,41487,15,,,1,60,,41513,15,,,2,30,,41488,15,,,1,100,,41489,15,,,2,100,,41514,15,,,1,101,,41507,15,,,2,100,,41503,15,,,2,100,,41508,15,,,1,70,,41498,15,,,2,30,,41486,15,,,2,18,,41492,15,,,2,62,,41511,15,,,2,20,,41515,15,,,1,18,,41493,15,,,1,62,,41512,15,,,1,20,,41490,15,,,2,20,,41494,15,,,1,69,,41510,15,,,1,30,,41500,15,,,2,70,,41495,15,,,1,100,,41509,15,,,1,100,,41505,15,,,1,100,,41497,15,,,1,100,,41491,15,,,1
6501,'Semaine-10-_26ÉTÉ-1111100-',538,,41535,15,,,1,70,,41549,15,,,1,20,,41518,15,,,1,20,,41534,15,,,1,60,,41550,15,,,1,20,,41537,15,,,1,20,,41539,15,,,1,60,,41529,15,,,2,20,,41532,15,,,2,20,,41520,15,,,1,60,,41546,15,,,2,30,,41521,15,,,1,100,,41522,15,,,2,100,,41547,15,,,1,101,,41540,15,,,2,100,,41536,15,,,2,100,,41541,15,,,1,70,,41531,15,,,2,30,,41519,15,,,2,18,,41525,15,,,2,62,,41544,15,,,2,20,,41548,15,,,1,18,,41526,15,,,1,62,,41545,15,,,1,20,,41523,15,,,2,20,,41527,15,,,1,69,,41543,15,,,1,30,,41533,15,,,2,70,,41528,15,,,1,100,,41542,15,,,1,100,,41538,15,,,1,100,,41530,15,,,1,100,,41524,15,,,1
6501,'Semaine-11-_26ÉTÉ-1111100-',538,,47181,15,,,1,70,,47195,15,,,1,20,,47164,15,,,1,20,,47180,15,,,1,60,,47196,15,,,1,20,,47183,15,,,1,20,,47185,15,,,1,60,,47175,15,,,2,20,,47178,15,,,2,20,,47166,15,,,1,60,,47192,15,,,2,30,,47167,15,,,1,100,,47168,15,,,2,100,,47193,15,,,1,101,,47186,15,,,2,100,,47182,15,,,2,100,,47187,15,,,1,70,,47177,15,,,2,30,,47165,15,,,2,18,,47171,15,,,2,62,,47190,15,,,2,20,,47194,15,,,1,18,,47172,15,,,1,62,,47191,15,,,1,20,,47169,15,,,2,20,,47173,15,,,1,69,,47189,15,,,1,30,,47179,15,,,2,70,,47174,15,,,1,100,,47188,15,,,1,100,,47184,15,,,1,100,,47176,15,,,1,100,,47170,15,,,1
8501,'Semaine-1-_26ÉTÉ-1111100-',526,,43613,11,,,1,29,,43615,11,,,1,65,,43618,11,,,1,18,,43617,11,,,2,14,,43622,11,,,2,57,,43614,11,,,2,15,,43620,11,,,1,15,,43616,11,,,2,15,,43621,11,,,1,60,,43619,11,,,1
8501,'Semaine-10-_26ÉTÉ-1111100-',526,,43623,11,,,1,29,,43625,11,,,1,65,,43628,11,,,1,18,,43627,11,,,2,14,,43632,11,,,2,57,,43624,11,,,2,15,,43630,11,,,1,15,,43626,11,,,2,15,,43631,11,,,1,60,,43629,11,,,1
8501,'Semaine-11-_26ÉTÉ-1111100-',526,,48095,11,,,1,29,,48097,11,,,1,65,,48100,11,,,1,18,,48099,11,,,2,14,,48104,11,,,2,57,,48096,11,,,2,15,,48102,11,,,1,15,,48098,11,,,2,15,,48103,11,,,1,60,,48101,11,,,1
