4001,'Semaine-1-_26ÉTÉ-1111100-',557,,39588,5,,,2,71,,39587,5,,,2,30,,39590,5,,,2,70,,39586,5,,,1,31,,39585,5,,,2,68,,39589,5,,,2
4001,'Semaine-10-_26ÉTÉ-1111100-',557,,39594,5,,,2,71,,39593,5,,,2,30,,39596,5,,,2,70,,39592,5,,,1,31,,39591,5,,,2,68,,39595,5,,,2
4001,'Semaine-11-_26ÉTÉ-1111100-',557,,46356,5,,,2,71,,46355,5,,,2,30,,46358,5,,,2,70,,46354,5,,,1,31,,46353,5,,,2,68,,46357,5,,,2
4001,'Semaine-12-_26ÉTÉ-1111100-',557,,53076,5,,,2,71,,53075,5,,,2,30,,53078,5,,,2,70,,53074,5,,,1,31,,53073,5,,,2,68,,53077,5,,,2
4001,'Semaine-5-_26ÉTÉ-1111100-',557,,50640,5,,,2,71,,50639,5,,,2,30,,50642,5,,,2,70,,50638,5,,,1,31,,50637,5,,,2,68,,50641,5,,,2
5000,'Semaine-1-_26ÉTÉ-1111100-',632,,39895,6,,,2,24,,39894,6,,,1,68,,39896,6,,,1,30,,39893,6,,,1,149,,39897,6,,,1
5000,'Semaine-10-_26ÉTÉ-1111100-',632,,39900,6,,,2,24,,39899,6,,,1,68,,39901,6,,,1,30,,39898,6,,,1,149,,39902,6,,,1
5000,'Semaine-11-_26ÉTÉ-1111100-',632,,46492,6,,,2,24,,46491,6,,,1,68,,46493,6,,,1,30,,46490,6,,,1,149,,46494,6,,,1
5000,'Semaine-12-_26ÉTÉ-1111100-',632,,53178,6,,,2,24,,53177,6,,,1,68,,53179,6,,,1,30,,53176,6,,,1,149,,53180,6,,,1
5000,'Semaine-5-_26ÉTÉ-1111100-',632,,50744,6,,,2,24,,50743,6,,,1,68,,50745,6,,,1,30,,50742,6,,,1,149,,50746,6,,,1
5201,'Samedi-0-_26ÉTÉ-0000010-',635,,39999,6,,,2,100,,40000,6,,,1,100,,40001,6,,,2,100,,40002,6,,,1,100,,40004,6,,,1,100,,40003,6,,,1,100,,40005,6,,,2,100,,40006,6,,,1,100,,40007,6,,,2,100,,40008,6,,,1,100,,40009,6,,,1,100,,40010,6,,,1,100,,40013,6,,,1,100,,40011,6,,,1,100,,40015,6,,,2,100,,40012,6,,,1,100,,40014,6,,,1,100,,40016,6,,,1
5201,'Dimanche-0-_26ÉTÉ-0000001-',635,,40017,6,,,2,100,,40018,6,,,1,100,,40019,6,,,2,100,,40020,6,,,1,100,,40025,6,,,1,100,,40021,6,,,1,100,,40022,6,,,2,100,,40026,6,,,1,100,,40023,6,,,2,100,,40024,6,,,1,100,,40027,6,,,1,100,,40030,6,,,1,100,,40028,6,,,1,100,,40034,6,,,1,100,,40029,6,,,2,100,,40031,6,,,1,100,,40032,6,,,1,100,,40033,6,,,1
5201,'Dimanche-10-_26ÉTÉ-0000001-',635,,40035,6,,,2,100,,40036,6,,,1,100,,40037,6,,,2,100,,40038,6,,,1,100,,40043,6,,,1,100,,40039,6,,,1,100,,40040,6,,,2,100,,40044,6,,,1,100,,40041,6,,,2,100,,40042,6,,,1,100,,40045,6,,,1,100,,40048,6,,,1,100,,40046,6,,,1,100,,40052,6,,,1,100,,40047,6,,,2,100,,40049,6,,,1,100,,40050,6,,,1,100,,40051,6,,,1
5201,'Dimanche-11-_26ÉTÉ-0000001-',635,,49188,6,,,2,100,,49189,6,,,1,100,,49190,6,,,2,100,,49191,6,,,1,100,,49196,6,,,1,100,,49192,6,,,1,100,,49193,6,,,2,100,,49197,6,,,1,100,,49194,6,,,2,100,,49195,6,,,1,100,,49198,6,,,1,100,,49201,6,,,1,100,,49199,6,,,1,100,,49205,6,,,1,100,,49200,6,,,2,100,,49202,6,,,1,100,,49203,6,,,1,100,,49204,6,,,1
5201,'Semaine-1-_26ÉTÉ-1111100-',605,,40068,6,,,1,100,,40070,6,,,1,100,,40069,6,,,1,100,,40053,6,,,1,100,,40059,6,,,1,100,,40056,6,,,2,100,,40063,6,,,1,100,,40054,6,,,1,100,,40058,6,,,1,100,,40057,6,,,1,100,,40067,6,,,1,100,,40066,6,,,1,100,,40060,6,,,1,100,,40061,6,,,1,100,,40065,6,,,1,100,,40062,6,,,1,100,,40064,6,,,1,100,,40055,6,,,1
5201,'Semaine-10-_26ÉTÉ-1111100-',605,,40086,6,,,1,100,,40088,6,,,1,100,,40087,6,,,1,100,,40071,6,,,1,100,,40077,6,,,1,100,,40074,6,,,2,100,,40081,6,,,1,100,,40072,6,,,1,100,,40076,6,,,1,100,,40075,6,,,1,100,,40085,6,,,1,100,,40084,6,,,1,100,,40078,6,,,1,100,,40079,6,,,1,100,,40083,6,,,1,100,,40080,6,,,1,100,,40082,6,,,1,100,,40073,6,,,1
5201,'Semaine-11-_26ÉTÉ-1111100-',605,,46567,6,,,1,100,,46569,6,,,1,100,,46568,6,,,1,100,,46552,6,,,1,100,,46558,6,,,1,100,,46555,6,,,2,100,,46562,6,,,1,100,,46553,6,,,1,100,,46557,6,,,1,100,,46556,6,,,1,100,,46566,6,,,1,100,,46565,6,,,1,100,,46559,6,,,1,100,,46560,6,,,1,100,,46564,6,,,1,100,,46561,6,,,1,100,,46563,6,,,1,100,,46554,6,,,1
5201,'Semaine-12-_26ÉTÉ-1111100-',605,,53217,6,,,1,100,,53219,6,,,1,100,,53218,6,,,1,100,,53202,6,,,1,100,,53208,6,,,1,100,,53205,6,,,2,100,,53212,6,,,1,100,,53203,6,,,1,100,,53207,6,,,1,100,,53206,6,,,1,100,,53216,6,,,1,100,,53215,6,,,1,100,,53209,6,,,1,100,,53210,6,,,1,100,,53214,6,,,1,100,,53211,6,,,1,100,,53213,6,,,1,100,,53204,6,,,1
5201,'Semaine-5-_26ÉTÉ-1111100-',605,,50783,6,,,1,100,,50785,6,,,1,100,,50784,6,,,1,100,,50768,6,,,1,100,,50774,6,,,1,100,,50771,6,,,2,100,,50778,6,,,1,100,,50769,6,,,1,100,,50773,6,,,1,100,,50772,6,,,1,100,,50782,6,,,1,100,,50781,6,,,1,100,,50775,6,,,1,100,,50776,6,,,1,100,,50780,6,,,1,100,,50777,6,,,1,100,,50779,6,,,1,100,,50770,6,,,1
55000,'Semaine-5-_26ÉTÉ-1111100-',648,,52277,6,,,1
64001,'Semaine-5-_26ÉTÉ-1111100-',715,,52284,6,,,1
