3100,'Samedi-0-_26ÉTÉ-0000010-',732,,27040,19,,,1,70,,27041,19,,,1,102,,27042,19,,,1,101,,27039,19,,,1,103,,27045,19,,,1,100,,27046,19,,,1,101,,27043,19,,,1,100,,27044,19,,,1,100,,27047,19,,,1,102,,27048,19,,,1,98,,27049,19,,,1,100,,27050,19,,,1,93,,27056,19,,,1,100,,27051,19,,,1,99,,27052,19,,,1,100,,27053,19,,,1,100,,27054,19,,,1,100,,27055,19,,,1,56,,27057,19,,,1
3100,'Dimanche-0-_26ÉTÉ-0000001-',732,,27062,19,,,1,70,,27063,19,,,1,102,,27064,19,,,1,101,,27065,19,,,1,103,,27058,19,,,1,100,,27059,19,,,1,101,,27060,19,,,1,100,,27061,19,,,1,100,,27067,19,,,1,102,,27068,19,,,1,98,,27066,19,,,1,100,,27069,19,,,1,93,,27072,19,,,1,100,,27076,19,,,1,99,,27070,19,,,1,100,,27071,19,,,1,100,,27074,19,,,1,100,,27073,19,,,1,56,,27075,19,,,1
3100,'Dimanche-10-_26ÉTÉ-0000001-',732,,31536,19,,,1,70,,31537,19,,,1,102,,31538,19,,,1,101,,31539,19,,,1,103,,31532,19,,,1,100,,31533,19,,,1,101,,31534,19,,,1,100,,31535,19,,,1,100,,31541,19,,,1,102,,31542,19,,,1,98,,31540,19,,,1,100,,31543,19,,,1,93,,31546,19,,,1,100,,31550,19,,,1,99,,31544,19,,,1,100,,31545,19,,,1,100,,31548,19,,,1,100,,31547,19,,,1,56,,31549,19,,,1
3100,'Semaine-1-_26ÉTÉ-1111100-',617,,24636,17,,,1,35,,24671,17,,,1,70,,24649,17,,,1,31,,24637,17,,,1,60,,24677,17,,,1,13,,24674,17,,,1,21,,24633,17,,,1,56,,24646,17,,,1,17,,24647,17,,,1,12,,24663,17,,,1,19,,24638,17,,,1,61,,24640,17,,,1,20,,24657,17,,,1,20,,24658,17,,,1,60,,24664,17,,,1,20,,24639,17,,,1,20,,24644,17,,,1,61,,24665,17,,,1,20,,24672,17,,,1,20,,24660,17,,,1,60,,24641,17,,,1,20,,24634,17,,,1,17,,24670,17,,,1,62,,24675,17,,,1,19,,24659,17,,,1,20,,24642,17,,,1,59,,24662,17,,,1,24,,24666,17,,,1,21,,24673,17,,,1,60,,24661,17,,,1,14,,24643,17,,,1,21,,24654,17,,,1,60,,24656,17,,,1,22,,24645,17,,,1,4,,24632,10,,,1,14,,24650,17,,,1,61,,24635,17,,,1,14,,24668,17,,,1,18,,24676,17,,,1,67,,24651,19,,,1,97,,24669,19,,,1,101,,24652,19,,,1,100,,24648,19,,,1,99,,24653,19,,,1,102,,24655,19,,,1,103,,24667,19,,,1
3100,'Semaine-10-_26ÉTÉ-1111100-',617,,27081,17,,,1,35,,27116,17,,,1,70,,27094,17,,,1,31,,27082,17,,,1,60,,27122,17,,,1,13,,27119,17,,,1,21,,27078,17,,,1,56,,27091,17,,,1,17,,27092,17,,,1,12,,27108,17,,,1,19,,27083,17,,,1,61,,27085,17,,,1,20,,27102,17,,,1,20,,27103,17,,,1,60,,27109,17,,,1,20,,27084,17,,,1,20,,27089,17,,,1,61,,27110,17,,,1,20,,27117,17,,,1,20,,27105,17,,,1,60,,27086,17,,,1,20,,27079,17,,,1,17,,27115,17,,,1,62,,27120,17,,,1,19,,27104,17,,,1,20,,27087,17,,,1,59,,27107,17,,,1,24,,27111,17,,,1,21,,27118,17,,,1,60,,27106,17,,,1,14,,27088,17,,,1,21,,27099,17,,,1,60,,27101,17,,,1,22,,27090,17,,,1,4,,27077,10,,,1,14,,27095,17,,,1,61,,27080,17,,,1,14,,27113,17,,,1,18,,27121,17,,,1,67,,27096,19,,,1,97,,27114,19,,,1,101,,27097,19,,,1,100,,27093,19,,,1,99,,27098,19,,,1,102,,27100,19,,,1,103,,27112,19,,,1
6700,'Samedi-0-_26ÉTÉ-0000010-',715,,29514,12,,,2,101,,29513,12,,,1,100,,29512,12,,,1,30,,29508,12,,,1,70,,29516,12,,,1,30,,29509,12,,,1,70,,29510,12,,,1,31,,29515,12,,,1,70,,29520,12,,,1,30,,29511,12,,,1,70,,29519,12,,,1,30,,29517,12,,,1,70,,29518,12,,,1,30,,29521,12,,,2,71,,29522,12,,,2,30,,29523,12,,,1,70,,29524,12,,,1,29,,29525,12,,,2,70,,29526,12,,,2,30,,29527,12,,,1,70,,29528,12,,,1,29,,29529,12,,,2,70,,29530,12,,,1,30,,29531,12,,,1,100,,29535,12,,,2,100,,29532,12,,,2,100,,29533,12,,,1,99,,29534,12,,,1
6700,'Dimanche-0-_26ÉTÉ-0000001-',715,,29542,12,,,2,101,,29536,12,,,1,100,,29539,12,,,1,30,,29541,12,,,1,70,,29547,12,,,1,30,,29544,12,,,1,70,,29550,12,,,1,31,,29552,12,,,1,70,,29546,12,,,1,30,,29548,12,,,1,70,,29537,12,,,1,30,,29538,12,,,1,70,,29540,12,,,1,30,,29543,12,,,2,71,,29549,12,,,2,30,,29545,12,,,1,70,,29551,12,,,1,29,,29560,12,,,2,70,,29559,12,,,2,30,,29555,12,,,1,70,,29553,12,,,1,29,,29563,12,,,2,70,,29554,12,,,1,30,,29561,12,,,1,100,,29558,12,,,2,100,,29557,12,,,2,100,,29556,12,,,1,99,,29562,12,,,1
6700,'Dimanche-10-_26ÉTÉ-0000001-',715,,32139,12,,,2,101,,32133,12,,,1,100,,32136,12,,,1,30,,32138,12,,,1,70,,32144,12,,,1,30,,32141,12,,,1,70,,32147,12,,,1,31,,32149,12,,,1,70,,32143,12,,,1,30,,32145,12,,,1,70,,32134,12,,,1,30,,32135,12,,,1,70,,32137,12,,,1,30,,32140,12,,,2,71,,32146,12,,,2,30,,32142,12,,,1,70,,32148,12,,,1,29,,32157,12,,,2,70,,32156,12,,,2,30,,32152,12,,,1,70,,32150,12,,,1,29,,32160,12,,,2,70,,32151,12,,,1,30,,32158,12,,,1,100,,32155,12,,,2,100,,32154,12,,,2,100,,32153,12,,,1,99,,32159,12,,,1
6700,'Semaine-1-_26ÉTÉ-1111100-',615,,25907,12,,,1,32,,25901,12,,,1,66,,25909,12,,,1,23,,25918,12,,,1,20,,25902,12,,,2,57,,25927,12,,,1,30,,25912,12,,,1,73,,25920,12,,,1,20,,25910,12,,,2,18,,25930,12,,,2,60,,25928,12,,,1,21,,25915,12,,,2,20,,25931,12,,,2,60,,25921,12,,,1,20,,25924,12,,,2,20,,25932,12,,,1,60,,25929,12,,,1,20,,25916,12,,,1,20,,25933,12,,,1,60,,25922,12,,,1,20,,25925,12,,,2,20,,25934,12,,,1,60,,25914,12,,,1,20,,25917,12,,,2,16,,25935,12,,,1,370,,25937,12,,,1,15,,25911,12,,,2,19,,25936,12,,,1,59,,25919,12,,,1,30,,25899,12,,,1,70,,25923,12,,,2,30,,25903,12,,,1,70,,25926,12,,,1,31,,25900,12,,,1,69,,25908,12,,,2,30,,25904,12,,,1,69,,25913,12,,,2,30,,25906,12,,,2,69,,25905,12,,,1
6700,'Semaine-10-_26ÉTÉ-1111100-',615,,29572,12,,,1,32,,29566,12,,,1,66,,29574,12,,,1,23,,29583,12,,,1,20,,29567,12,,,2,57,,29592,12,,,1,30,,29577,12,,,1,73,,29585,12,,,1,20,,29575,12,,,2,18,,29595,12,,,2,60,,29593,12,,,1,21,,29580,12,,,2,20,,29596,12,,,2,60,,29586,12,,,1,20,,29589,12,,,2,20,,29597,12,,,1,60,,29594,12,,,1,20,,29581,12,,,1,20,,29598,12,,,1,60,,29587,12,,,1,20,,29590,12,,,2,20,,29599,12,,,2,60,,29579,12,,,1,20,,29582,12,,,2,16,,29600,12,,,1,370,,29602,12,,,1,15,,29576,12,,,2,19,,29601,12,,,1,59,,29584,12,,,1,30,,29564,12,,,1,70,,29588,12,,,2,30,,29568,12,,,1,70,,29591,12,,,1,31,,29565,12,,,1,69,,29573,12,,,2,30,,29569,12,,,1,69,,29578,12,,,2,30,,29571,12,,,2,69,,29570,12,,,1
