3301,'Samedi-0-_26ÉTÉ-0000010-',700,,38084,1,,,1,100,,38085,1,,,1,100,,38082,1,,,2,100,,38088,1,,,1,100,,38089,1,,,1,100,,38083,1,,,1,100,,38086,1,,,1,100,,38087,1,,,1,100,,38090,1,,,1,100,,38091,1,,,1,100,,38092,1,,,1,100,,38099,1,,,1,100,,38093,1,,,1,100,,38094,1,,,1,100,,38095,1,,,1,100,,38096,1,,,1,100,,38097,1,,,1,100,,38098,1,,,1
3301,'Dimanche-0-_26ÉTÉ-0000001-',700,,38104,1,,,1,100,,38105,1,,,1,100,,38106,1,,,2,100,,38100,1,,,1,100,,38101,1,,,1,100,,38102,1,,,1,100,,38103,1,,,1,100,,38108,1,,,1,100,,38109,1,,,1,100,,38107,1,,,1,100,,38110,1,,,1,100,,38113,1,,,1,100,,38117,1,,,1,100,,38111,1,,,1,100,,38112,1,,,1,100,,38115,1,,,1,100,,38114,1,,,1,100,,38116,1,,,1
3301,'Dimanche-10-_26ÉTÉ-0000001-',700,,38122,1,,,1,100,,38123,1,,,1,100,,38124,1,,,2,100,,38118,1,,,1,100,,38119,1,,,1,100,,38120,1,,,1,100,,38121,1,,,1,100,,38126,1,,,1,100,,38127,1,,,1,100,,38125,1,,,1,100,,38128,1,,,1,100,,38131,1,,,1,100,,38135,1,,,1,100,,38129,1,,,1,100,,38130,1,,,1,100,,38133,1,,,1,100,,38132,1,,,1,100,,38134,1,,,1
3301,'Dimanche-11-_26ÉTÉ-0000001-',700,,48907,1,,,1,100,,48908,1,,,1,100,,48909,1,,,2,100,,48903,1,,,1,100,,48904,1,,,1,100,,48905,1,,,1,100,,48906,1,,,1,100,,48911,1,,,1,100,,48912,1,,,1,100,,48910,1,,,1,100,,48913,1,,,1,100,,48916,1,,,1,100,,48920,1,,,1,100,,48914,1,,,1,100,,48915,1,,,1,100,,48918,1,,,1,100,,48917,1,,,1,100,,48919,1,,,1
3301,'Semaine-1-_26ÉTÉ-1111100-',546,,38159,1,,,2,62,,38167,1,,,2,23,,38144,1,,,1,17,,38164,1,,,1,55,,38160,1,,,2,4,,38155,1,,,1,9,,38175,1,,,1,11,,38173,1,,,2,22,,38162,1,,,2,54,,38150,1,,,1,10,,38166,1,,,2,17,,38140,1,,,1,70,,38152,1,,,1,29,,38158,1,,,1,71,,38148,1,,,2,28,,38169,1,,,1,31,,38153,1,,,1,69,,38145,1,,,1,72,,38147,1,,,1,19,,38165,1,,,1,6,,38174,1,,,1,27,,38156,1,,,1,70,,38146,1,,,1,31,,38151,1,,,1,71,,38154,1,,,1,11,,38176,1,,,1,19,,38157,1,,,1,56,,38149,1,,,2,13,,38161,1,,,2,32,,38142,1,,,1,67,,38172,1,,,1,23,,38139,1,,,2,70,,38136,1,,,2,32,,38170,1,,,1,83,,38143,1,,,1,70,,38138,1,,,1,57,,38141,1,,,1,81,,38163,1,,,1,106,,38168,1,,,1,97,,38137,1,,,1,164,,38171,1,,,1
3301,'Semaine-10-_26ÉTÉ-1111100-',546,,38200,1,,,2,62,,38208,1,,,2,23,,38185,1,,,1,17,,38205,1,,,1,55,,38201,1,,,2,4,,38196,1,,,1,9,,38216,1,,,1,11,,38214,1,,,2,22,,38203,1,,,2,54,,38191,1,,,1,10,,38207,1,,,2,17,,38181,1,,,1,70,,38193,1,,,1,29,,38199,1,,,1,71,,38189,1,,,2,28,,38210,1,,,1,31,,38194,1,,,1,69,,38186,1,,,1,72,,38188,1,,,1,19,,38206,1,,,1,6,,38215,1,,,1,27,,38197,1,,,1,70,,38187,1,,,1,31,,38192,1,,,1,71,,38195,1,,,1,11,,38217,1,,,1,19,,38198,1,,,1,56,,38190,1,,,2,13,,38202,1,,,2,32,,38183,1,,,1,67,,38213,1,,,1,23,,38180,1,,,2,70,,38177,1,,,2,32,,38211,1,,,1,83,,38184,1,,,1,70,,38179,1,,,1,57,,38182,1,,,1,81,,38204,1,,,1,106,,38209,1,,,1,97,,38178,1,,,1,164,,38212,1,,,1
3301,'Semaine-11-_26ÉTÉ-1111100-',546,,45759,1,,,2,62,,45767,1,,,2,23,,45744,1,,,1,17,,45764,1,,,1,55,,45760,1,,,2,4,,45755,1,,,1,9,,45775,1,,,1,11,,45773,1,,,2,22,,45762,1,,,2,54,,45750,1,,,1,10,,45766,1,,,2,17,,45740,1,,,1,70,,45752,1,,,1,29,,45758,1,,,1,71,,45748,1,,,2,28,,45769,1,,,1,31,,45753,1,,,1,69,,45745,1,,,1,72,,45747,1,,,1,19,,45765,1,,,1,6,,45774,1,,,1,27,,45756,1,,,1,70,,45746,1,,,1,31,,45751,1,,,1,71,,45754,1,,,1,11,,45776,1,,,1,19,,45757,1,,,1,56,,45749,1,,,2,13,,45761,1,,,2,32,,45742,1,,,1,67,,45772,1,,,1,23,,45739,1,,,2,70,,45736,1,,,2,32,,45770,1,,,1,83,,45743,1,,,1,70,,45738,1,,,1,57,,45741,1,,,1,81,,45763,1,,,1,106,,45768,1,,,1,97,,45737,1,,,1,164,,45771,1,,,1
3301,'Semaine-5-_26ÉTÉ-1111100-',546,,50258,1,,,2,62,,50266,1,,,2,23,,50243,1,,,1,17,,50263,1,,,1,55,,50259,1,,,2,4,,50254,1,,,1,9,,50274,1,,,1,11,,50272,1,,,2,22,,50261,1,,,2,54,,50249,1,,,1,10,,50265,1,,,2,17,,50239,1,,,1,70,,50251,1,,,1,29,,50257,1,,,1,71,,50247,1,,,2,28,,50268,1,,,1,31,,50252,1,,,1,69,,50244,1,,,1,72,,50246,1,,,1,19,,50264,1,,,1,6,,50273,1,,,1,27,,50255,1,,,1,70,,50245,1,,,1,31,,50250,1,,,1,71,,50253,1,,,1,11,,50275,1,,,1,19,,50256,1,,,1,56,,50248,1,,,2,13,,50260,1,,,2,32,,50241,1,,,1,67,,50271,1,,,1,23,,50238,1,,,2,70,,50235,1,,,2,32,,50269,1,,,1,83,,50242,1,,,1,70,,50237,1,,,1,57,,50240,1,,,1,81,,50262,1,,,1,106,,50267,1,,,1,97,,50236,1,,,1,164,,50270,1,,,1
3800,'Samedi-0-_26ÉTÉ-0000010-',755,,38928,29,4,,1,72,,38921,29,4,,1,23,,38922,29,4,,1,77,,38933,29,4,,1,28,,38925,29,4,,1,72,,38923,29,4,,1,28,,38934,29,4,,1,72,,38926,29,4,,1,30,,38932,29,4,,1,72,,38924,29,4,,1,28,,38927,29,4,,1,73,,38931,29,4,,1,27,,38929,29,4,,1,72,,38930,29,4,,1,28,,38935,29,4,,1,73,,38936,29,4,,1,27,,38937,29,4,,1,74,,38938,29,4,,1,24,,38939,29,4,,1,73,,38940,29,4,,1,27,,38941,29,4,,1,73,,38942,29,4,,1,27,,38943,29,4,,1,73,,38944,29,4,,1,27,,38945,29,4,,1,71,,38946,29,4,,1,29,,38948,29,4,,1,71,,38947,29,4,,1,29,,38950,29,4,,1,70,,38949,29,4,,1,30,,38951,29,4,,1,70,,38952,29,4,,1,30,,38953,29,4,,1
3800,'Dimanche-0-_26ÉTÉ-0000001-',755,,38963,29,4,,1,72,,38961,29,4,,1,23,,38959,29,4,,1,77,,38966,29,4,,1,28,,38954,29,4,,1,72,,38955,29,4,,1,28,,38967,29,4,,1,72,,38962,29,4,,1,30,,38956,29,4,,1,72,,38957,29,4,,1,28,,38960,29,4,,1,73,,38958,29,4,,1,27,,38969,29,4,,1,72,,38971,29,4,,1,28,,38964,29,4,,1,73,,38970,29,4,,1,27,,38972,29,4,,1,74,,38965,29,4,,1,24,,38968,29,4,,1,73,,38976,29,4,,1,27,,38981,29,4,,1,73,,38978,29,4,,1,27,,38977,29,4,,1,73,,38975,29,4,,1,27,,38980,29,4,,1,71,,38985,29,4,,1,29,,38983,29,4,,1,71,,38973,29,4,,1,29,,38974,29,4,,1,70,,38984,29,4,,1,30,,38982,29,4,,1,70,,38979,29,4,,1,30,,38986,29,4,,1
3800,'Dimanche-10-_26ÉTÉ-0000001-',755,,38996,29,4,,1,72,,38994,29,4,,1,23,,38992,29,4,,1,77,,38999,29,4,,1,28,,38987,29,4,,1,72,,38988,29,4,,1,28,,39000,29,4,,1,72,,38995,29,4,,1,30,,38989,29,4,,1,72,,38990,29,4,,1,28,,38993,29,4,,1,73,,38991,29,4,,1,27,,39002,29,4,,1,72,,39004,29,4,,1,28,,38997,29,4,,1,73,,39003,29,4,,1,27,,39005,29,4,,1,74,,38998,29,4,,1,24,,39001,29,4,,1,73,,39009,29,4,,1,27,,39014,29,4,,1,73,,39011,29,4,,1,27,,39010,29,4,,1,73,,39008,29,4,,1,27,,39013,29,4,,1,71,,39018,29,4,,1,29,,39016,29,4,,1,71,,39006,29,4,,1,29,,39007,29,4,,1,70,,39017,29,4,,1,30,,39015,29,4,,1,70,,39012,29,4,,1,30,,39019,29,4,,1
3800,'Dimanche-11-_26ÉTÉ-0000001-',755,,49031,29,4,,1,72,,49029,29,4,,1,23,,49027,29,4,,1,77,,49034,29,4,,1,28,,49022,29,4,,1,72,,49023,29,4,,1,28,,49035,29,4,,1,72,,49030,29,4,,1,30,,49024,29,4,,1,72,,49025,29,4,,1,28,,49028,29,4,,1,73,,49026,29,4,,1,27,,49037,29,4,,1,72,,49039,29,4,,1,28,,49032,29,4,,1,73,,49038,29,4,,1,27,,49040,29,4,,1,74,,49033,29,4,,1,24,,49036,29,4,,1,73,,49044,29,4,,1,27,,49049,29,4,,1,73,,49046,29,4,,1,27,,49045,29,4,,1,73,,49043,29,4,,1,27,,49048,29,4,,1,71,,49053,29,4,,1,29,,49051,29,4,,1,71,,49041,29,4,,1,29,,49042,29,4,,1,70,,49052,29,4,,1,30,,49050,29,4,,1,70,,49047,29,4,,1,30,,49054,29,4,,1
3800,'Semaine-1-_26ÉTÉ-1111100-',711,,39036,29,4,,1,20,,39052,29,4,,1,70,,39047,29,4,,1,30,,39060,29,4,,1,70,,39057,29,4,,1,30,,39033,29,4,,1,20,,39029,29,4,,1,60,,39040,29,4,,1,20,,39025,29,4,,1,20,,39049,29,4,,1,60,,39034,29,4,,1,22,,39030,29,4,,1,20,,39041,29,4,,1,60,,39026,29,4,,1,20,,39048,29,4,,1,20,,39059,29,4,,1,60,,39031,29,4,,1,20,,39042,29,4,,1,20,,39050,29,4,,1,60,,39061,29,4,,1,20,,39035,29,4,,1,22,,39032,29,4,,1,62,,39043,29,4,,1,30,,39056,29,4,,1,74,,39021,29,4,,1,30,,39045,29,4,,1,74,,39054,29,4,,1,25,,39044,29,4,,1,63,,39058,29,4,,1,27,,39024,29,4,,1,70,,39055,29,4,,1,30,,39038,29,4,,1,70,,39046,29,4,,1,27,,39051,29,4,,1,70,,39053,29,4,,1,30,,39037,29,4,,1,70,,39023,29,4,,1,30,,39039,29,4,,1,70,,39027,29,4,,1,30,,39022,29,4,,1,70,,39020,29,4,,1,26,,39028,29,4,,1
3800,'Semaine-10-_26ÉTÉ-1111100-',711,,39078,29,4,,1,20,,39094,29,4,,1,70,,39089,29,4,,1,30,,39102,29,4,,1,70,,39099,29,4,,1,30,,39075,29,4,,1,20,,39071,29,4,,1,60,,39082,29,4,,1,20,,39067,29,4,,1,20,,39091,29,4,,1,60,,39076,29,4,,1,22,,39072,29,4,,1,20,,39083,29,4,,1,60,,39068,29,4,,1,20,,39090,29,4,,1,20,,39101,29,4,,1,60,,39073,29,4,,1,20,,39084,29,4,,1,20,,39092,29,4,,1,60,,39103,29,4,,1,20,,39077,29,4,,1,22,,39074,29,4,,1,62,,39085,29,4,,1,30,,39098,29,4,,1,74,,39063,29,4,,1,30,,39087,29,4,,1,74,,39096,29,4,,1,25,,39086,29,4,,1,63,,39100,29,4,,1,27,,39066,29,4,,1,70,,39097,29,4,,1,30,,39080,29,4,,1,70,,39088,29,4,,1,27,,39093,29,4,,1,70,,39095,29,4,,1,30,,39079,29,4,,1,70,,39065,29,4,,1,30,,39081,29,4,,1,70,,39069,29,4,,1,30,,39064,29,4,,1,70,,39062,29,4,,1,26,,39070,29,4,,1
3800,'Semaine-11-_26ÉTÉ-1111100-',711,,46127,29,4,,1,20,,46143,29,4,,1,70,,46138,29,4,,1,30,,46151,29,4,,1,70,,46148,29,4,,1,30,,46124,29,4,,1,20,,46120,29,4,,1,60,,46131,29,4,,1,20,,46116,29,4,,1,20,,46140,29,4,,1,60,,46125,29,4,,1,22,,46121,29,4,,1,20,,46132,29,4,,1,60,,46117,29,4,,1,20,,46139,29,4,,1,20,,46150,29,4,,1,60,,46122,29,4,,1,20,,46133,29,4,,1,20,,46141,29,4,,1,60,,46152,29,4,,1,20,,46126,29,4,,1,22,,46123,29,4,,1,62,,46134,29,4,,1,30,,46147,29,4,,1,74,,46112,29,4,,1,30,,46136,29,4,,1,74,,46145,29,4,,1,25,,46135,29,4,,1,63,,46149,29,4,,1,27,,46115,29,4,,1,70,,46146,29,4,,1,30,,46129,29,4,,1,70,,46137,29,4,,1,27,,46142,29,4,,1,70,,46144,29,4,,1,30,,46128,29,4,,1,70,,46114,29,4,,1,30,,46130,29,4,,1,70,,46118,29,4,,1,30,,46113,29,4,,1,70,,46111,29,4,,1,26,,46119,29,4,,1
3800,'Semaine-5-_26ÉTÉ-1111100-',711,,50492,29,4,,1,20,,50508,29,4,,1,70,,50503,29,4,,1,30,,50516,29,4,,1,70,,50513,29,4,,1,30,,50489,29,4,,1,20,,50485,29,4,,1,60,,50496,29,4,,1,20,,50481,29,4,,1,20,,50505,29,4,,1,60,,50490,29,4,,1,22,,50486,29,4,,1,20,,50497,29,4,,1,60,,50482,29,4,,1,20,,50504,29,4,,1,20,,50515,29,4,,1,60,,50487,29,4,,1,20,,50498,29,4,,1,20,,50506,29,4,,1,60,,50517,29,4,,1,20,,50491,29,4,,1,22,,50488,29,4,,1,62,,50499,29,4,,1,30,,50512,29,4,,1,74,,50477,29,4,,1,30,,50501,29,4,,1,74,,50510,29,4,,1,25,,50500,29,4,,1,63,,50514,29,4,,1,27,,50480,29,4,,1,70,,50511,29,4,,1,30,,50494,29,4,,1,70,,50502,29,4,,1,27,,50507,29,4,,1,70,,50509,29,4,,1,30,,50493,29,4,,1,70,,50479,29,4,,1,30,,50495,29,4,,1,70,,50483,29,4,,1,30,,50478,29,4,,1,70,,50476,29,4,,1,26,,50484,29,4,,1
