9501,'Semaine-1-_26ÉTÉ-1111100-',548,,43729,32,,,1,55,,43725,32,,,1,15,,43727,32,,,1,15,,43732,32,,,2,16,,43728,32,,,2,55,,43730,32,,,2,17,,43731,32,,,1,13,,43726,32,,,2
9501,'Semaine-10-_26ÉTÉ-1111100-',548,,43737,32,,,1,55,,43733,32,,,1,15,,43735,32,,,1,15,,43740,32,,,2,16,,43736,32,,,2,55,,43738,32,,,2,17,,43739,32,,,1,13,,43734,32,,,2
9501,'Semaine-11-_26ÉTÉ-1111100-',548,,48155,32,,,1,55,,48151,32,,,1,15,,48153,32,,,1,15,,48158,32,,,2,16,,48154,32,,,2,55,,48156,32,,,2,17,,48157,32,,,1,13,,48152,32,,,2
9501,'Semaine-12-_26ÉTÉ-1111100-',548,,54331,32,,,1,55,,54327,32,,,1,15,,54329,32,,,1,15,,54334,32,,,2,16,,54330,32,,,2,55,,54332,32,,,2,17,,54333,32,,,1,13,,54328,32,,,2
9501,'Semaine-5-_26ÉTÉ-1111100-',548,,51898,32,,,1,55,,51894,32,,,1,15,,51896,32,,,1,15,,51901,32,,,2,16,,51897,32,,,2,55,,51899,32,,,2,17,,51900,32,,,1,13,,51895,32,,,2
9701,'Samedi-0-_26ÉTÉ-0000010-',743,,43834,36,,,2,100,,43837,36,,,1,101,,43835,36,,,2,100,,43838,36,,,2,99,,43832,36,,,1,100,,43833,36,,,1,101,,43836,36,,,2,100,,43839,36,,,2,100,,43840,36,,,1,100,,43841,36,,,2,100,,43842,36,,,2,100,,43843,36,,,1,100,,43847,36,,,1,100,,43844,36,,,1,99,,43845,36,,,1,100,,43846,36,,,1
9701,'Dimanche-0-_26ÉTÉ-0000001-',743,,43854,36,,,2,100,,43851,36,,,1,101,,43852,36,,,2,100,,43855,36,,,2,99,,43850,36,,,1,100,,43849,36,,,1,101,,43848,36,,,2,100,,43853,36,,,2,100,,43857,36,,,1,100,,43856,36,,,2,100,,43861,36,,,2,100,,43862,36,,,1,100,,43863,36,,,1,100,,43858,36,,,1,99,,43859,36,,,1,100,,43860,36,,,1
9701,'Dimanche-10-_26ÉTÉ-0000001-',743,,43870,36,,,2,100,,43867,36,,,1,101,,43868,36,,,2,100,,43871,36,,,2,99,,43866,36,,,1,100,,43865,36,,,1,101,,43864,36,,,2,100,,43869,36,,,2,100,,43873,36,,,1,100,,43872,36,,,2,100,,43877,36,,,2,100,,43878,36,,,1,100,,43879,36,,,1,100,,43874,36,,,1,99,,43875,36,,,1,100,,43876,36,,,1
9701,'Dimanche-11-_26ÉTÉ-0000001-',743,,49703,36,,,2,100,,49700,36,,,1,101,,49701,36,,,2,100,,49704,36,,,2,99,,49699,36,,,1,100,,49698,36,,,1,101,,49697,36,,,2,100,,49702,36,,,2,100,,49706,36,,,1,100,,49705,36,,,2,100,,49710,36,,,2,100,,49711,36,,,1,100,,49712,36,,,1,100,,49707,36,,,1,99,,49708,36,,,1,100,,49709,36,,,1
9701,'Semaine-1-_26ÉTÉ-1111100-',624,,43894,36,,,1,100,,43887,36,,,2,110,,43896,36,,,1,103,,43885,36,,,2,100,,43882,36,,,1,100,,43895,36,,,2,98,,43890,36,,,2,102,,43886,36,,,1,100,,43892,36,,,2,103,,43880,36,,,1,97,,43883,36,,,1,99,,43891,36,,,1,98,,43893,36,,,2,94,,43884,36,,,2,98,,43888,36,,,1,100,,43881,36,,,2,100,,43889,36,,,1
9701,'Semaine-10-_26ÉTÉ-1111100-',624,,43911,36,,,1,100,,43904,36,,,2,110,,43913,36,,,1,103,,43902,36,,,2,100,,43899,36,,,1,100,,43912,36,,,2,98,,43907,36,,,2,102,,43903,36,,,1,100,,43909,36,,,2,103,,43897,36,,,1,97,,43900,36,,,1,99,,43908,36,,,1,98,,43910,36,,,2,94,,43901,36,,,2,98,,43905,36,,,1,100,,43898,36,,,2,100,,43906,36,,,1
9701,'Semaine-11-_26ÉTÉ-1111100-',624,,48226,36,,,1,100,,48219,36,,,2,110,,48228,36,,,1,103,,48217,36,,,2,100,,48214,36,,,1,100,,48227,36,,,2,98,,48222,36,,,2,102,,48218,36,,,1,100,,48224,36,,,2,103,,48212,36,,,1,97,,48215,36,,,1,99,,48223,36,,,1,98,,48225,36,,,2,94,,48216,36,,,2,98,,48220,36,,,1,100,,48213,36,,,2,100,,48221,36,,,1
9701,'Semaine-12-_26ÉTÉ-1111100-',624,,54369,36,,,1,100,,54362,36,,,2,110,,54371,36,,,1,103,,54360,36,,,2,100,,54357,36,,,1,100,,54370,36,,,2,98,,54365,36,,,2,102,,54361,36,,,1,100,,54367,36,,,2,103,,54355,36,,,1,97,,54358,36,,,1,99,,54366,36,,,1,98,,54368,36,,,2,94,,54359,36,,,2,98,,54363,36,,,1,100,,54356,36,,,2,100,,54364,36,,,1
9701,'Semaine-5-_26ÉTÉ-1111100-',624,,51936,36,,,1,100,,51929,36,,,2,110,,51938,36,,,1,103,,51927,36,,,2,100,,51924,36,,,1,100,,51937,36,,,2,98,,51932,36,,,2,102,,51928,36,,,1,100,,51934,36,,,2,103,,51922,36,,,1,97,,51925,36,,,1,99,,51933,36,,,1,98,,51935,36,,,2,94,,51926,36,,,2,98,,51930,36,,,1,100,,51923,36,,,2,100,,51931,36,,,1
9801,'Semaine-1-_26ÉTÉ-1111100-',520,,43914,32,,,1,10,,43915,32,,,1,10,,43916,32,,,1
9801,'Semaine-10-_26ÉTÉ-1111100-',520,,43917,32,,,1,10,,43918,32,,,1,10,,43919,32,,,1
9801,'Semaine-11-_26ÉTÉ-1111100-',520,,48229,32,,,1,10,,48230,32,,,1,10,,48231,32,,,1
9801,'Semaine-12-_26ÉTÉ-1111100-',520,,54372,32,,,1,10,,54373,32,,,1,10,,54374,32,,,1
9801,'Semaine-5-_26ÉTÉ-1111100-',520,,51939,32,,,1,10,,51940,32,,,1,10,,51941,32,,,1
