3301,'Samedi-0-_26ÉTÉ-0000010-',722,,38084,28,,,1,100,,38085,28,,,1,100,,38082,28,,,2,100,,38088,28,,,1,100,,38089,28,,,1,101,,38083,28,,,1,100,,38086,28,,,1,100,,38087,28,,,1,101,,38090,28,,,1,98,,38091,28,,,1,100,,38092,28,,,1,98,,38099,28,,,1,100,,38093,28,,,1,100,,38094,28,,,1,100,,38095,28,,,1,100,,38096,28,,,1,100,,38097,28,,,1,100,,38098,28,,,1
3301,'Dimanche-0-_26ÉTÉ-0000001-',722,,38104,28,,,1,100,,38105,28,,,1,100,,38106,28,,,2,100,,38100,28,,,1,100,,38101,28,,,1,101,,38102,28,,,1,100,,38103,28,,,1,100,,38108,28,,,1,101,,38109,28,,,1,98,,38107,28,,,1,100,,38110,28,,,1,98,,38113,28,,,1,100,,38117,28,,,1,100,,38111,28,,,1,100,,38112,28,,,1,100,,38115,28,,,1,100,,38114,28,,,1,100,,38116,28,,,1
3301,'Dimanche-10-_26ÉTÉ-0000001-',722,,38122,28,,,1,100,,38123,28,,,1,100,,38124,28,,,2,100,,38118,28,,,1,100,,38119,28,,,1,101,,38120,28,,,1,100,,38121,28,,,1,100,,38126,28,,,1,101,,38127,28,,,1,98,,38125,28,,,1,100,,38128,28,,,1,98,,38131,28,,,1,100,,38135,28,,,1,100,,38129,28,,,1,100,,38130,28,,,1,100,,38133,28,,,1,100,,38132,28,,,1,100,,38134,28,,,1
3301,'Dimanche-11-_26ÉTÉ-0000001-',722,,48907,28,,,1,100,,48908,28,,,1,100,,48909,28,,,2,100,,48903,28,,,1,100,,48904,28,,,1,101,,48905,28,,,1,100,,48906,28,,,1,100,,48911,28,,,1,101,,48912,28,,,1,98,,48910,28,,,1,100,,48913,28,,,1,98,,48916,28,,,1,100,,48920,28,,,1,100,,48914,28,,,1,100,,48915,28,,,1,100,,48918,28,,,1,100,,48917,28,,,1,100,,48919,28,,,1
3301,'Semaine-1-_26ÉTÉ-1111100-',610,,38159,28,,,2,22,,38167,28,,,2,24,,38144,28,,,1,57,,38164,28,,,1,16,,38160,28,,,2,4,,38155,28,,,1,9,,38175,28,,,1,11,,38173,28,,,2,62,,38162,28,,,2,12,,38150,28,,,1,10,,38166,28,,,2,16,,38140,28,,,1,70,,38152,28,,,1,28,,38158,28,,,1,71,,38148,28,,,2,28,,38169,28,,,1,71,,38153,28,,,1,29,,38145,28,,,1,72,,38147,28,,,1,20,,38165,28,,,1,6,,38174,28,,,1,68,,38156,28,,,1,28,,38146,28,,,1,71,,38151,28,,,1,34,,38154,29,,,1,51,,38176,29,,,1,19,,38157,29,,,1,18,,38149,29,,,2,13,,38161,29,,,2,73,,38142,29,,,1,28,,38172,29,,,1,63,,38139,29,,,2,28,,38136,29,,,2,68,,38170,28,,,1,42,,38143,28,,,1,70,,38138,28,,,1,97,,38141,28,,,1,81,,38163,28,,,1,106,,38168,28,,,1,97,,38137,28,,,1,124,,38171,28,,,1
3301,'Semaine-10-_26ÉTÉ-1111100-',610,,38200,28,,,2,22,,38208,28,,,2,24,,38185,28,,,1,57,,38205,28,,,1,16,,38201,28,,,2,4,,38196,28,,,1,9,,38216,28,,,1,11,,38214,28,,,2,62,,38203,28,,,2,12,,38191,28,,,1,10,,38207,28,,,2,16,,38181,28,,,1,70,,38193,28,,,1,28,,38199,28,,,1,71,,38189,28,,,2,28,,38210,28,,,1,71,,38194,28,,,1,29,,38186,28,,,1,72,,38188,28,,,1,20,,38206,28,,,1,6,,38215,28,,,1,68,,38197,28,,,1,28,,38187,28,,,1,71,,38192,28,,,1,34,,38195,29,,,1,51,,38217,29,,,1,19,,38198,29,,,1,18,,38190,29,,,2,13,,38202,29,,,2,73,,38183,29,,,1,28,,38213,29,,,1,63,,38180,29,,,2,28,,38177,29,,,2,68,,38211,28,,,1,42,,38184,28,,,1,70,,38179,28,,,1,97,,38182,28,,,1,81,,38204,28,,,1,106,,38209,28,,,1,97,,38178,28,,,1,124,,38212,28,,,1
3301,'Semaine-11-_26ÉTÉ-1111100-',610,,45759,28,,,2,22,,45767,28,,,2,24,,45744,28,,,1,57,,45764,28,,,1,16,,45760,28,,,2,4,,45755,28,,,1,9,,45775,28,,,1,11,,45773,28,,,2,62,,45762,28,,,2,12,,45750,28,,,1,10,,45766,28,,,2,16,,45740,28,,,1,70,,45752,28,,,1,28,,45758,28,,,1,71,,45748,28,,,2,28,,45769,28,,,1,71,,45753,28,,,1,29,,45745,28,,,1,72,,45747,28,,,1,20,,45765,28,,,1,6,,45774,28,,,1,68,,45756,28,,,1,28,,45746,28,,,1,71,,45751,28,,,1,34,,45754,29,,,1,51,,45776,29,,,1,19,,45757,29,,,1,18,,45749,29,,,2,13,,45761,29,,,2,73,,45742,29,,,1,28,,45772,29,,,1,63,,45739,29,,,2,28,,45736,29,,,2,68,,45770,28,,,1,42,,45743,28,,,1,70,,45738,28,,,1,97,,45741,28,,,1,81,,45763,28,,,1,106,,45768,28,,,1,97,,45737,28,,,1,124,,45771,28,,,1
3301,'Semaine-12-_26ÉTÉ-1111100-',610,,52694,28,,,2,22,,52702,28,,,2,24,,52679,28,,,1,57,,52699,28,,,1,16,,52695,28,,,2,4,,52690,28,,,1,9,,52710,28,,,1,11,,52708,28,,,2,62,,52697,28,,,2,12,,52685,28,,,1,10,,52701,28,,,2,16,,52675,28,,,1,70,,52687,28,,,1,28,,52693,28,,,1,71,,52683,28,,,2,28,,52704,28,,,1,71,,52688,28,,,1,29,,52680,28,,,1,72,,52682,28,,,1,20,,52700,28,,,1,6,,52709,28,,,1,68,,52691,28,,,1,28,,52681,28,,,1,71,,52686,28,,,1,34,,52689,29,,,1,51,,52711,29,,,1,19,,52692,29,,,1,18,,52684,29,,,2,13,,52696,29,,,2,73,,52677,29,,,1,28,,52707,29,,,1,63,,52674,29,,,2,28,,52671,29,,,2,68,,52705,28,,,1,42,,52678,28,,,1,70,,52673,28,,,1,97,,52676,28,,,1,81,,52698,28,,,1,106,,52703,28,,,1,97,,52672,28,,,1,124,,52706,28,,,1
3301,'Semaine-5-_26ÉTÉ-1111100-',610,,50258,28,,,2,22,,50266,28,,,2,24,,50243,28,,,1,57,,50263,28,,,1,16,,50259,28,,,2,4,,50254,28,,,1,9,,50274,28,,,1,11,,50272,28,,,2,62,,50261,28,,,2,12,,50249,28,,,1,10,,50265,28,,,2,16,,50239,28,,,1,70,,50251,28,,,1,28,,50257,28,,,1,71,,50247,28,,,2,28,,50268,28,,,1,71,,50252,28,,,1,29,,50244,28,,,1,72,,50246,28,,,1,20,,50264,28,,,1,6,,50273,28,,,1,68,,50255,28,,,1,28,,50245,28,,,1,71,,50250,28,,,1,34,,50253,29,,,1,51,,50275,29,,,1,19,,50256,29,,,1,18,,50248,29,,,2,13,,50260,29,,,2,73,,50241,29,,,1,28,,50271,29,,,1,63,,50238,29,,,2,28,,50235,29,,,2,68,,50269,28,,,1,42,,50242,28,,,1,70,,50237,28,,,1,97,,50240,28,,,1,81,,50262,28,,,1,106,,50267,28,,,1,97,,50236,28,,,1,124,,50270,28,,,1
3501,'Semaine-1-_26ÉTÉ-1111100-',546,,38639,13,,,1,81,,38614,13,,,2,20,,38621,13,,,2,60,,38630,24,,,2,15,,38636,13,,,1,22,,38641,24,,,1,14,,38617,13,,,1,70,,38637,13,,,1,23,,38642,13,,,1,69,,38623,13,,,1,31,,38625,13,,,1,70,,38616,13,,,1,30,,38622,13,,,2,70,,38632,13,,,1,30,,38615,13,,,1,70,,38629,13,,,2,30,,38631,13,,,1,70,,38634,13,,,2,30,,38619,13,,,2,73,,38643,13,,,2,27,,38633,13,,,1,71,,38618,13,,,2,30,,38645,13,,,1,67,,38640,13,,,2,30,,38624,13,,,1,69,,38627,13,,,2,40,,38646,13,,,2,65,,38635,13,,,2,98,,38628,13,,,1,103,,38626,13,,,1,100,,38644,13,,,2,97,,38638,13,,,1,109,,38620,13,,,1
3501,'Semaine-10-_26ÉTÉ-1111100-',546,,38672,13,,,1,81,,38647,13,,,2,20,,38654,13,,,2,60,,38663,24,,,2,15,,38669,13,,,1,22,,38674,24,,,1,14,,38650,13,,,1,70,,38670,13,,,1,23,,38675,13,,,1,69,,38656,13,,,1,31,,38658,13,,,1,70,,38649,13,,,1,30,,38655,13,,,2,70,,38665,13,,,1,30,,38648,13,,,1,70,,38662,13,,,2,30,,38664,13,,,1,70,,38667,13,,,2,30,,38652,13,,,2,73,,38676,13,,,2,27,,38666,13,,,1,71,,38651,13,,,2,30,,38678,13,,,1,67,,38673,13,,,2,30,,38657,13,,,1,69,,38660,13,,,2,40,,38679,13,,,2,65,,38668,13,,,2,98,,38661,13,,,1,103,,38659,13,,,1,100,,38677,13,,,2,97,,38671,13,,,1,109,,38653,13,,,1
3501,'Semaine-11-_26ÉTÉ-1111100-',546,,45967,13,,,1,81,,45942,13,,,2,20,,45949,13,,,2,60,,45958,24,,,2,15,,45964,13,,,1,22,,45969,24,,,1,14,,45945,13,,,1,70,,45965,13,,,1,23,,45970,13,,,1,69,,45951,13,,,1,31,,45953,13,,,1,70,,45944,13,,,1,30,,45950,13,,,2,70,,45960,13,,,1,30,,45943,13,,,1,70,,45957,13,,,2,30,,45959,13,,,1,70,,45962,13,,,2,30,,45947,13,,,2,73,,45971,13,,,2,27,,45961,13,,,1,71,,45946,13,,,2,30,,45973,13,,,1,67,,45968,13,,,2,30,,45952,13,,,1,69,,45955,13,,,2,40,,45974,13,,,2,65,,45963,13,,,2,98,,45956,13,,,1,103,,45954,13,,,1,100,,45972,13,,,2,97,,45966,13,,,1,109,,45948,13,,,1
3501,'Semaine-12-_26ÉTÉ-1111100-',546,,52836,13,,,1,81,,52811,13,,,2,20,,52818,13,,,2,60,,52827,24,,,2,15,,52833,13,,,1,22,,52838,24,,,1,14,,52814,13,,,1,70,,52834,13,,,1,23,,52839,13,,,1,69,,52820,13,,,1,31,,52822,13,,,1,70,,52813,13,,,1,30,,52819,13,,,2,70,,52829,13,,,1,30,,52812,13,,,1,70,,52826,13,,,2,30,,52828,13,,,1,70,,52831,13,,,2,30,,52816,13,,,2,73,,52840,13,,,2,27,,52830,13,,,1,71,,52815,13,,,2,30,,52842,13,,,1,67,,52837,13,,,2,30,,52821,13,,,1,69,,52824,13,,,2,40,,52843,13,,,2,65,,52832,13,,,2,98,,52825,13,,,1,103,,52823,13,,,1,100,,52841,13,,,2,97,,52835,13,,,1,109,,52817,13,,,1
3501,'Semaine-5-_26ÉTÉ-1111100-',546,,50400,13,,,1,81,,50375,13,,,2,20,,50382,13,,,2,60,,50391,24,,,2,15,,50397,13,,,1,22,,50402,24,,,1,14,,50378,13,,,1,70,,50398,13,,,1,23,,50403,13,,,1,69,,50384,13,,,1,31,,50386,13,,,1,70,,50377,13,,,1,30,,50383,13,,,2,70,,50393,13,,,1,30,,50376,13,,,1,70,,50390,13,,,2,30,,50392,13,,,1,70,,50395,13,,,2,30,,50380,13,,,2,73,,50404,13,,,2,27,,50394,13,,,1,71,,50379,13,,,2,30,,50406,13,,,1,67,,50401,13,,,2,30,,50385,13,,,1,69,,50388,13,,,2,40,,50407,13,,,2,65,,50396,13,,,2,98,,50389,13,,,1,103,,50387,13,,,1,100,,50405,13,,,2,97,,50399,13,,,1,109,,50381,13,,,1
3601,'Semaine-1-_26ÉTÉ-1111100-',858,,38696,28,,,1,90,,38694,28,,,1,100,,38697,28,,,1,100,,38695,28,,,1,100,,38700,28,,,1,100,,38699,28,,,1,100,,38698,28,,,1
3601,'Semaine-10-_26ÉTÉ-1111100-',858,,38703,28,,,1,90,,38701,28,,,1,100,,38704,28,,,1,100,,38702,28,,,1,100,,38707,28,,,1,100,,38706,28,,,1,100,,38705,28,,,1
3601,'Semaine-11-_26ÉTÉ-1111100-',858,,45984,28,,,1,90,,45982,28,,,1,100,,45985,28,,,1,100,,45983,28,,,1,100,,45988,28,,,1,100,,45987,28,,,1,100,,45986,28,,,1
3601,'Semaine-12-_26ÉTÉ-1111100-',858,,52853,28,,,1,90,,52851,28,,,1,100,,52854,28,,,1,100,,52852,28,,,1,100,,52857,28,,,1,100,,52856,28,,,1,100,,52855,28,,,1
3601,'Semaine-5-_26ÉTÉ-1111100-',858,,50417,28,,,1,90,,50415,28,,,1,100,,50418,28,,,1,100,,50416,28,,,1,100,,50421,28,,,1,100,,50420,28,,,1,100,,50419,28,,,1
