2300,'Semaine-1-_26ÉTÉ-1111100-',1605,,37342,33,,,1,28,,37340,33,,,1,70,,37338,33,,,1,31,,37339,33,,,2,66,,37341,33,,,2,24,,37337,33,,,2
2300,'Semaine-10-_26ÉTÉ-1111100-',1605,,37348,33,,,1,28,,37346,33,,,1,70,,37344,33,,,1,31,,37345,33,,,2,66,,37347,33,,,2,24,,37343,33,,,2
2300,'Semaine-11-_26ÉTÉ-1111100-',1605,,45378,33,,,1,28,,45376,33,,,1,70,,45374,33,,,1,31,,45375,33,,,2,66,,45377,33,,,2,24,,45373,33,,,2
3900,'Samedi-0-_26ÉTÉ-0000010-',636,,39287,2,,,1,101,,39288,2,,,1,100,,39292,2,,,1,101,,39291,2,,,1,100,,39294,2,,,1,100,,39293,2,,,1,102,,39289,2,,,1,70,,39290,2,,,1,30,,39295,2,,,1,71,,39296,2,,,2,30,,39297,2,,,1,70,,39298,2,,,1,31,,39299,2,,,2,70,,39300,2,,,1,30,,39301,2,,,1,70,,39302,2,,,1,30,,39303,2,,,1,69,,39304,2,,,1,29,,39305,2,,,1,69,,39306,2,,,1,100,,39307,2,,,1,100,,39308,2,,,1,100,,39309,2,,,1,100,,39310,2,,,1
3900,'Samedi-10-_26ÉTÉ-0000010-',636,,46228,2,,,1,101,,46229,2,,,1,100,,46233,2,,,1,101,,46232,2,,,1,100,,46235,2,,,1,100,,46234,2,,,1,102,,46230,2,,,1,70,,46231,2,,,1,30,,46236,2,,,1,71,,46237,2,,,2,30,,46238,2,,,1,70,,46239,2,,,1,31,,46240,2,,,2,70,,46241,2,,,1,30,,46242,2,,,1,70,,46243,2,,,1,30,,46244,2,,,1,69,,46245,2,,,1,29,,46246,2,,,1,69,,46247,2,,,1,100,,46248,2,,,1,100,,46249,2,,,1,100,,46250,2,,,1,100,,46251,2,,,1
3900,'Dimanche-0-_26ÉTÉ-0000001-',636,,39311,2,,,1,101,,39318,2,,,1,100,,39312,2,,,1,101,,39314,2,,,1,100,,39320,2,,,1,100,,39313,2,,,1,102,,39319,2,,,1,70,,39315,2,,,1,30,,39316,2,,,1,71,,39321,2,,,2,30,,39323,2,,,1,70,,39317,2,,,1,31,,39322,2,,,2,70,,39324,2,,,1,30,,39325,2,,,1,70,,39331,2,,,1,30,,39332,2,,,1,69,,39334,2,,,1,29,,39330,2,,,1,69,,39328,2,,,1,100,,39329,2,,,1,100,,39333,2,,,1,100,,39326,2,,,1,100,,39327,2,,,1
3900,'Dimanche-10-_26ÉTÉ-0000001-',636,,39335,2,,,1,101,,39342,2,,,1,100,,39336,2,,,1,101,,39338,2,,,1,100,,39344,2,,,1,100,,39337,2,,,1,102,,39343,2,,,1,70,,39339,2,,,1,30,,39340,2,,,1,71,,39345,2,,,2,30,,39347,2,,,1,70,,39341,2,,,1,31,,39346,2,,,2,70,,39348,2,,,1,30,,39349,2,,,1,70,,39355,2,,,1,30,,39356,2,,,1,69,,39358,2,,,1,29,,39354,2,,,1,69,,39352,2,,,1,100,,39353,2,,,1,100,,39357,2,,,1,100,,39350,2,,,1,100,,39351,2,,,1
3900,'Semaine-1-_26ÉTÉ-1111100-',613,,39376,2,,,2,25,,39362,2,,,1,67,,39381,2,,,2,27,,39374,2,,,1,75,,39375,2,,,1,34,,39373,2,,,1,72,,39370,2,,,1,30,,39387,2,,,1,70,,39382,2,,,1,30,,39394,2,,,1,70,,39379,2,,,2,31,,39383,2,,,1,69,,39371,2,,,1,32,,39369,2,,,2,69,,39384,2,,,1,29,,39372,2,,,1,70,,39359,2,,,2,33,,39385,2,,,1,74,,39366,2,,,2,29,,39368,2,,,1,71,,39386,2,,,2,34,,39365,2,,,1,67,,39360,2,,,1,30,,39388,2,,,1,66,,39367,2,,,1,32,,39361,2,,,1,69,,39389,2,,,2,32,,39364,2,,,1,65,,39380,2,,,2,26,,39390,2,,,1,70,,39363,2,,,1,30,,39378,2,,,1,70,,39391,2,,,1,30,,39377,2,,,1,70,,39393,2,,,1,30,,39392,2,,,1
3900,'Semaine-10-_26ÉTÉ-1111100-',613,,39412,2,,,2,25,,39398,2,,,1,67,,39417,2,,,2,27,,39410,2,,,1,75,,39411,2,,,1,34,,39409,2,,,1,72,,39406,2,,,1,30,,39423,2,,,1,70,,39418,2,,,1,30,,39430,2,,,1,70,,39415,2,,,2,31,,39419,2,,,1,69,,39407,2,,,1,32,,39405,2,,,2,69,,39420,2,,,1,29,,39408,2,,,1,70,,39395,2,,,2,33,,39421,2,,,1,74,,39402,2,,,2,29,,39404,2,,,1,71,,39422,2,,,2,34,,39401,2,,,1,67,,39396,2,,,1,30,,39424,2,,,1,66,,39403,2,,,1,32,,39397,2,,,1,69,,39425,2,,,2,32,,39400,2,,,1,65,,39416,2,,,2,26,,39426,2,,,1,70,,39399,2,,,1,30,,39414,2,,,1,70,,39427,2,,,1,30,,39413,2,,,1,70,,39429,2,,,1,30,,39428,2,,,1
3900,'Semaine-11-_26ÉTÉ-1111100-',613,,46269,2,,,2,25,,46255,2,,,1,67,,46274,2,,,2,27,,46267,2,,,1,75,,46268,2,,,1,34,,46266,2,,,1,72,,46263,2,,,1,30,,46280,2,,,1,70,,46275,2,,,1,30,,46287,2,,,1,70,,46272,2,,,2,31,,46276,2,,,1,69,,46264,2,,,1,32,,46262,2,,,2,69,,46277,2,,,1,29,,46265,2,,,1,70,,46252,2,,,2,33,,46278,2,,,1,74,,46259,2,,,2,29,,46261,2,,,1,71,,46279,2,,,2,34,,46258,2,,,1,67,,46253,2,,,1,30,,46281,2,,,1,66,,46260,2,,,1,32,,46254,2,,,1,69,,46282,2,,,2,32,,46257,2,,,1,65,,46273,2,,,2,26,,46283,2,,,1,70,,46256,2,,,1,30,,46271,2,,,1,70,,46284,2,,,1,30,,46270,2,,,1,70,,46286,2,,,1,30,,46285,2,,,1
