4000,'Semaine-1-_26ÉTÉ-1111100-',1539,,39577,34,,,2,69,,39573,34,,,2,36,,39576,34,,,1,67,,39575,34,,,1,31,,39574,34,,,1,64,,39578,34,,,2
4000,'Semaine-10-_26ÉTÉ-1111100-',1539,,39583,34,,,2,69,,39579,34,,,2,36,,39582,34,,,1,67,,39581,34,,,1,31,,39580,34,,,1,64,,39584,34,,,2
4000,'Semaine-11-_26ÉTÉ-1111100-',1539,,46351,34,,,2,69,,46347,34,,,2,36,,46350,34,,,1,67,,46349,34,,,1,31,,46348,34,,,1,64,,46352,34,,,2
4000,'Semaine-12-_26ÉTÉ-1111100-',1539,,53071,34,,,2,69,,53067,34,,,2,36,,53070,34,,,1,67,,53069,34,,,1,31,,53068,34,,,1,64,,53072,34,,,2
4000,'Semaine-5-_26ÉTÉ-1111100-',1539,,50635,34,,,2,69,,50631,34,,,2,36,,50634,34,,,1,67,,50633,34,,,1,31,,50632,34,,,1,64,,50636,34,,,2
4100,'Semaine-1-_26ÉTÉ-1111100-',1549,,39598,34,,,2,69,,39600,34,,,1,35,,39599,34,,,2,66,,39597,34,,,1,29,,39601,34,,,1
4100,'Semaine-10-_26ÉTÉ-1111100-',1549,,39603,34,,,2,69,,39605,34,,,1,35,,39604,34,,,2,66,,39602,34,,,1,29,,39606,34,,,1
4100,'Semaine-11-_26ÉTÉ-1111100-',1549,,46360,34,,,2,69,,46362,34,,,1,35,,46361,34,,,2,66,,46359,34,,,1,29,,46363,34,,,1
4100,'Semaine-12-_26ÉTÉ-1111100-',1549,,53080,34,,,2,69,,53082,34,,,1,35,,53081,34,,,2,66,,53079,34,,,1,29,,53083,34,,,1
4100,'Semaine-5-_26ÉTÉ-1111100-',1549,,50644,34,,,2,69,,50646,34,,,1,35,,50645,34,,,2,66,,50643,34,,,1,29,,50647,34,,,1
4901,'Samedi-0-_26ÉTÉ-0000010-',748,,39783,42,,,1,100,,39782,42,,,1,100,,39784,42,,,1,102,,39780,42,,,1,100,,39785,42,,,1,102,,39781,42,,,1,98,,39786,42,,,1,103,,39787,42,,,1,99,,39788,42,,,1,100,,39789,42,,,1,100,,39790,42,,,1,95,,39791,42,,,1,102,,39792,42,,,1,100,,39793,42,,,1,100,,39794,42,,,1,99,,39795,42,,,1,99,,39796,42,,,1
4901,'Dimanche-0-_26ÉTÉ-0000001-',748,,39801,42,,,1,100,,39797,42,,,1,100,,39800,42,,,1,102,,39802,42,,,1,100,,39799,42,,,1,102,,39798,42,,,1,98,,39804,42,,,1,103,,39805,42,,,1,99,,39803,42,,,1,100,,39809,42,,,1,100,,39813,42,,,1,95,,39806,42,,,1,102,,39807,42,,,1,100,,39808,42,,,1,100,,39810,42,,,1,99,,39811,42,,,1,99,,39812,42,,,1
4901,'Dimanche-10-_26ÉTÉ-0000001-',748,,39818,42,,,1,100,,39814,42,,,1,100,,39817,42,,,1,102,,39819,42,,,1,100,,39816,42,,,1,102,,39815,42,,,1,98,,39821,42,,,1,103,,39822,42,,,1,99,,39820,42,,,1,100,,39826,42,,,1,100,,39830,42,,,1,95,,39823,42,,,1,102,,39824,42,,,1,100,,39825,42,,,1,100,,39827,42,,,1,99,,39828,42,,,1,99,,39829,42,,,1
4901,'Dimanche-11-_26ÉTÉ-0000001-',748,,49157,42,,,1,100,,49153,42,,,1,100,,49156,42,,,1,102,,49158,42,,,1,100,,49155,42,,,1,102,,49154,42,,,1,98,,49160,42,,,1,103,,49161,42,,,1,99,,49159,42,,,1,100,,49165,42,,,1,100,,49169,42,,,1,95,,49162,42,,,1,102,,49163,42,,,1,100,,49164,42,,,1,100,,49166,42,,,1,99,,49167,42,,,1,99,,49168,42,,,1
4901,'Semaine-1-_26ÉTÉ-1111100-',632,,39836,42,,,1,89,,39841,42,,,1,31,,39857,42,,,1,72,,39853,42,,,1,30,,39851,42,,,1,66,,39860,42,,,1,28,,39843,42,,,1,69,,39858,42,,,1,29,,39855,42,,,1,72,,39831,42,,,1,30,,39852,42,,,1,70,,39832,42,,,1,32,,39837,42,,,1,68,,39839,42,,,1,28,,39844,42,,,1,71,,39859,42,,,1,32,,39842,42,,,1,72,,39861,42,,,1,35,,39845,42,,,1,72,,39848,42,,,1,30,,39838,42,,,1,65,,39840,42,,,1,29,,39856,42,,,1,66,,39850,42,,,1,30,,39854,42,,,1,94,,39833,42,,,1,80,,39849,42,,,1,100,,39847,42,,,1,97,,39834,42,,,1,100,,39846,42,,,1,97,,39835,42,,,1
4901,'Semaine-10-_26ÉTÉ-1111100-',632,,39867,42,,,1,89,,39872,42,,,1,31,,39888,42,,,1,72,,39884,42,,,1,30,,39882,42,,,1,66,,39891,42,,,1,28,,39874,42,,,1,69,,39889,42,,,1,29,,39886,42,,,1,72,,39862,42,,,1,30,,39883,42,,,1,70,,39863,42,,,1,32,,39868,42,,,1,68,,39870,42,,,1,28,,39875,42,,,1,71,,39890,42,,,1,32,,39873,42,,,1,72,,39892,42,,,1,35,,39876,42,,,1,72,,39879,42,,,1,30,,39869,42,,,1,65,,39871,42,,,1,29,,39887,42,,,1,66,,39881,42,,,1,30,,39885,42,,,1,94,,39864,42,,,1,80,,39880,42,,,1,100,,39878,42,,,1,97,,39865,42,,,1,100,,39877,42,,,1,97,,39866,42,,,1
4901,'Semaine-11-_26ÉTÉ-1111100-',632,,46464,42,,,1,89,,46469,42,,,1,31,,46485,42,,,1,72,,46481,42,,,1,30,,46479,42,,,1,66,,46488,42,,,1,28,,46471,42,,,1,69,,46486,42,,,1,29,,46483,42,,,1,72,,46459,42,,,1,30,,46480,42,,,1,70,,46460,42,,,1,32,,46465,42,,,1,68,,46467,42,,,1,28,,46472,42,,,1,71,,46487,42,,,1,32,,46470,42,,,1,72,,46489,42,,,1,35,,46473,42,,,1,72,,46476,42,,,1,30,,46466,42,,,1,65,,46468,42,,,1,29,,46484,42,,,1,66,,46478,42,,,1,30,,46482,42,,,1,94,,46461,42,,,1,80,,46477,42,,,1,100,,46475,42,,,1,97,,46462,42,,,1,100,,46474,42,,,1,97,,46463,42,,,1
4901,'Semaine-12-_26ÉTÉ-1111100-',632,,53150,42,,,1,89,,53155,42,,,1,31,,53171,42,,,1,72,,53167,42,,,1,30,,53165,42,,,1,66,,53174,42,,,1,28,,53157,42,,,1,69,,53172,42,,,1,29,,53169,42,,,1,72,,53145,42,,,1,30,,53166,42,,,1,70,,53146,42,,,1,32,,53151,42,,,1,68,,53153,42,,,1,28,,53158,42,,,1,71,,53173,42,,,1,32,,53156,42,,,1,72,,53175,42,,,1,35,,53159,42,,,1,72,,53162,42,,,1,30,,53152,42,,,1,65,,53154,42,,,1,29,,53170,42,,,1,66,,53164,42,,,1,30,,53168,42,,,1,94,,53147,42,,,1,80,,53163,42,,,1,100,,53161,42,,,1,97,,53148,42,,,1,100,,53160,42,,,1,97,,53149,42,,,1
4901,'Semaine-5-_26ÉTÉ-1111100-',632,,50716,42,,,1,89,,50721,42,,,1,31,,50737,42,,,1,72,,50733,42,,,1,30,,50731,42,,,1,66,,50740,42,,,1,28,,50723,42,,,1,69,,50738,42,,,1,29,,50735,42,,,1,72,,50711,42,,,1,30,,50732,42,,,1,70,,50712,42,,,1,32,,50717,42,,,1,68,,50719,42,,,1,28,,50724,42,,,1,71,,50739,42,,,1,32,,50722,42,,,1,72,,50741,42,,,1,35,,50725,42,,,1,72,,50728,42,,,1,30,,50718,42,,,1,65,,50720,42,,,1,29,,50736,42,,,1,66,,50730,42,,,1,30,,50734,42,,,1,94,,50713,42,,,1,80,,50729,42,,,1,100,,50727,42,,,1,97,,50714,42,,,1,100,,50726,42,,,1,97,,50715,42,,,1
5500,'Samedi-0-_26ÉTÉ-0000010-',718,,40104,35,,,1,30,,40101,35,,,1,70,,40102,35,,,1,30,,40105,35,,,1,70,,40103,35,,,1,29,,40110,35,,,1,71,,40107,35,,,1,30,,40108,35,,,1,73,,40113,35,,,1,28,,40112,35,,,1,68,,40106,35,,,1,30,,40109,35,,,1,70,,40111,35,,,1,34,,40114,35,,,1,70,,40115,35,,,1,30,,40116,35,,,1,70,,40117,35,,,1,29,,40118,35,,,1,70,,40119,35,,,1,30,,40120,35,,,1,70,,40121,35,,,1,30,,40122,35,,,1,72,,40123,35,,,1,28,,40124,35,,,1,69,,40126,35,,,1,33,,40125,35,,,1,67,,40127,35,,,1,30,,40129,35,,,1,71,,40128,35,,,1,31,,40130,35,,,1,67,,40131,35,,,1,30,,40134,35,,,1,70,,40136,35,,,1,30,,40133,35,,,1,70,,40132,35,,,1,27,,40135,35,,,1
5500,'Dimanche-0-_26ÉTÉ-0000001-',718,,40139,35,,,1,30,,40144,35,,,1,70,,40148,35,,,1,30,,40142,35,,,1,70,,40140,35,,,1,29,,40145,35,,,1,71,,40147,35,,,1,30,,40141,35,,,1,73,,40137,35,,,1,28,,40138,35,,,1,68,,40150,35,,,1,30,,40154,35,,,1,70,,40152,35,,,1,34,,40149,35,,,1,70,,40143,35,,,1,30,,40157,35,,,1,70,,40158,35,,,1,29,,40159,35,,,1,70,,40153,35,,,1,30,,40166,35,,,1,70,,40163,35,,,1,30,,40151,35,,,1,72,,40171,35,,,1,28,,40165,35,,,1,69,,40146,35,,,1,33,,40169,35,,,1,67,,40162,35,,,1,30,,40155,35,,,1,71,,40160,35,,,1,31,,40156,35,,,1,67,,40167,35,,,1,30,,40164,35,,,1,70,,40161,35,,,1,30,,40170,35,,,1,70,,40168,35,,,1,27,,40172,35,,,1
5500,'Dimanche-10-_26ÉTÉ-0000001-',718,,40175,35,,,1,30,,40180,35,,,1,70,,40184,35,,,1,30,,40178,35,,,1,70,,40176,35,,,1,29,,40181,35,,,1,71,,40183,35,,,1,30,,40177,35,,,1,73,,40173,35,,,1,28,,40174,35,,,1,68,,40186,35,,,1,30,,40190,35,,,1,70,,40188,35,,,1,34,,40185,35,,,1,70,,40179,35,,,1,30,,40193,35,,,1,70,,40194,35,,,1,29,,40195,35,,,1,70,,40189,35,,,1,30,,40202,35,,,1,70,,40199,35,,,1,30,,40187,35,,,1,72,,40207,35,,,1,28,,40201,35,,,1,69,,40182,35,,,1,33,,40205,35,,,1,67,,40198,35,,,1,30,,40191,35,,,1,71,,40196,35,,,1,31,,40192,35,,,1,67,,40203,35,,,1,30,,40200,35,,,1,70,,40197,35,,,1,30,,40206,35,,,1,70,,40204,35,,,1,27,,40208,35,,,1
5500,'Dimanche-11-_26ÉTÉ-0000001-',718,,49208,35,,,1,30,,49213,35,,,1,70,,49217,35,,,1,30,,49211,35,,,1,70,,49209,35,,,1,29,,49214,35,,,1,71,,49216,35,,,1,30,,49210,35,,,1,73,,49206,35,,,1,28,,49207,35,,,1,68,,49219,35,,,1,30,,49223,35,,,1,70,,49221,35,,,1,34,,49218,35,,,1,70,,49212,35,,,1,30,,49226,35,,,1,70,,49227,35,,,1,29,,49228,35,,,1,70,,49222,35,,,1,30,,49235,35,,,1,70,,49232,35,,,1,30,,49220,35,,,1,72,,49240,35,,,1,28,,49234,35,,,1,69,,49215,35,,,1,33,,49238,35,,,1,67,,49231,35,,,1,30,,49224,35,,,1,71,,49229,35,,,1,31,,49225,35,,,1,67,,49236,35,,,1,30,,49233,35,,,1,70,,49230,35,,,1,30,,49239,35,,,1,70,,49237,35,,,1,27,,49241,35,,,1
5500,'Semaine-1-_26ÉTÉ-1111100-',615,,40211,35,,,1,105,,40227,35,,,1,103,,40210,35,,,1,97,,40246,35,,,1,28,,40247,35,,,1,70,,40216,35,,,1,30,,40226,35,,,1,69,,40230,35,,,1,33,,40252,35,,,1,70,,40212,35,,,1,30,,40251,35,,,1,69,,40229,35,,,1,30,,40244,35,,,1,70,,40238,35,,,1,25,,40245,35,,,1,56,,40231,35,,,1,17,,40209,35,,,1,14,,40250,35,,,1,17,,40220,35,,,1,55,,40253,35,,,1,13,,40241,35,,,1,10,,40213,35,,,1,13,,40224,35,,,1,14,,40256,35,,,1,53,,40249,35,,,1,11,,40215,35,,,1,11,,40232,35,,,1,12,,40225,35,,,1,9,,40254,35,,,1,51,,40239,35,,,1,8,,40219,35,,,1,12,,40214,35,,,1,10,,40255,35,,,1,12,,40223,35,,,1,10,,40218,35,,,1,50,,40228,35,,,1,30,,40243,35,,,1,69,,40248,35,,,1,31,,40235,35,,,1,69,,40221,35,,,1,30,,40242,35,,,1,28,,40233,35,,,1,70,,40236,35,,,1,28,,40222,35,,,1,70,,40237,35,,,1,29,,40234,35,,,1,69,,40217,35,,,1,30,,40240,35,,,1
5500,'Semaine-10-_26ÉTÉ-1111100-',615,,40259,35,,,1,105,,40275,35,,,1,103,,40258,35,,,1,97,,40294,35,,,1,28,,40295,35,,,1,70,,40264,35,,,1,30,,40274,35,,,1,69,,40278,35,,,1,33,,40300,35,,,1,70,,40260,35,,,1,30,,40299,35,,,1,69,,40277,35,,,1,30,,40292,35,,,1,70,,40286,35,,,1,25,,40293,35,,,1,56,,40279,35,,,1,17,,40257,35,,,1,14,,40298,35,,,1,17,,40268,35,,,1,55,,40301,35,,,1,13,,40289,35,,,1,10,,40261,35,,,1,13,,40272,35,,,1,14,,40304,35,,,1,53,,40297,35,,,1,11,,40263,35,,,1,11,,40280,35,,,1,12,,40273,35,,,1,9,,40302,35,,,1,51,,40287,35,,,1,8,,40267,35,,,1,12,,40262,35,,,1,10,,40303,35,,,1,12,,40271,35,,,1,10,,40266,35,,,1,50,,40276,35,,,1,30,,40291,35,,,1,69,,40296,35,,,1,31,,40283,35,,,1,69,,40269,35,,,1,30,,40290,35,,,1,28,,40281,35,,,1,70,,40284,35,,,1,28,,40270,35,,,1,70,,40285,35,,,1,29,,40282,35,,,1,69,,40265,35,,,1,30,,40288,35,,,1
5500,'Semaine-11-_26ÉTÉ-1111100-',615,,46614,35,,,1,105,,46630,35,,,1,103,,46613,35,,,1,97,,46649,35,,,1,28,,46650,35,,,1,70,,46619,35,,,1,30,,46629,35,,,1,69,,46633,35,,,1,33,,46655,35,,,1,70,,46615,35,,,1,30,,46654,35,,,1,69,,46632,35,,,1,30,,46647,35,,,1,70,,46641,35,,,1,25,,46648,35,,,1,56,,46634,35,,,1,17,,46612,35,,,1,14,,46653,35,,,1,17,,46623,35,,,1,55,,46656,35,,,1,13,,46644,35,,,1,10,,46616,35,,,1,13,,46627,35,,,1,14,,46659,35,,,1,53,,46652,35,,,1,11,,46618,35,,,1,11,,46635,35,,,1,12,,46628,35,,,1,9,,46657,35,,,1,51,,46642,35,,,1,8,,46622,35,,,1,12,,46617,35,,,1,10,,46658,35,,,1,12,,46626,35,,,1,10,,46621,35,,,1,50,,46631,35,,,1,30,,46646,35,,,1,69,,46651,35,,,1,31,,46638,35,,,1,69,,46624,35,,,1,30,,46645,35,,,1,28,,46636,35,,,1,70,,46639,35,,,1,28,,46625,35,,,1,70,,46640,35,,,1,29,,46637,35,,,1,69,,46620,35,,,1,30,,46643,35,,,1
5500,'Semaine-12-_26ÉTÉ-1111100-',615,,53228,35,,,1,105,,53244,35,,,1,103,,53227,35,,,1,97,,53263,35,,,1,28,,53264,35,,,1,70,,53233,35,,,1,30,,53243,35,,,1,69,,53247,35,,,1,33,,53269,35,,,1,70,,53229,35,,,1,30,,53268,35,,,1,69,,53246,35,,,1,30,,53261,35,,,1,70,,53255,35,,,1,25,,53262,35,,,1,56,,53248,35,,,1,17,,53226,35,,,1,14,,53267,35,,,1,17,,53237,35,,,1,55,,53270,35,,,1,13,,53258,35,,,1,10,,53230,35,,,1,13,,53241,35,,,1,14,,53273,35,,,1,53,,53266,35,,,1,11,,53232,35,,,1,11,,53249,35,,,1,12,,53242,35,,,1,9,,53271,35,,,1,51,,53256,35,,,1,8,,53236,35,,,1,12,,53231,35,,,1,10,,53272,35,,,1,12,,53240,35,,,1,10,,53235,35,,,1,50,,53245,35,,,1,30,,53260,35,,,1,69,,53265,35,,,1,31,,53252,35,,,1,69,,53238,35,,,1,30,,53259,35,,,1,28,,53250,35,,,1,70,,53253,35,,,1,28,,53239,35,,,1,70,,53254,35,,,1,29,,53251,35,,,1,69,,53234,35,,,1,30,,53257,35,,,1
5500,'Semaine-5-_26ÉTÉ-1111100-',615,,50794,35,,,1,105,,50810,35,,,1,103,,50793,35,,,1,97,,50829,35,,,1,28,,50830,35,,,1,70,,50799,35,,,1,30,,50809,35,,,1,69,,50813,35,,,1,33,,50835,35,,,1,70,,50795,35,,,1,30,,50834,35,,,1,69,,50812,35,,,1,30,,50827,35,,,1,70,,50821,35,,,1,25,,50828,35,,,1,56,,50814,35,,,1,17,,50792,35,,,1,14,,50833,35,,,1,17,,50803,35,,,1,55,,50836,35,,,1,13,,50824,35,,,1,10,,50796,35,,,1,13,,50807,35,,,1,14,,50839,35,,,1,53,,50832,35,,,1,11,,50798,35,,,1,11,,50815,35,,,1,12,,50808,35,,,1,9,,50837,35,,,1,51,,50822,35,,,1,8,,50802,35,,,1,12,,50797,35,,,1,10,,50838,35,,,1,12,,50806,35,,,1,10,,50801,35,,,1,50,,50811,35,,,1,30,,50826,35,,,1,69,,50831,35,,,1,31,,50818,35,,,1,69,,50804,35,,,1,30,,50825,35,,,1,28,,50816,35,,,1,70,,50819,35,,,1,28,,50805,35,,,1,70,,50820,35,,,1,29,,50817,35,,,1,69,,50800,35,,,1,30,,50823,35,,,1
5800,'Semaine-1-_26ÉTÉ-1111100-',835,,40532,22,,,1,398,,40533,22,,,1,301,,40535,22,,,1,71,,40530,22,,,1,30,,40531,22,,,1,70,,40534,22,,,2,29,,40529,22,,,1,69,,40528,22,,,2
5800,'Semaine-10-_26ÉTÉ-1111100-',835,,40540,22,,,1,398,,40541,22,,,1,301,,40543,22,,,1,71,,40538,22,,,1,30,,40539,22,,,1,70,,40542,22,,,2,29,,40537,22,,,1,69,,40536,22,,,2
5800,'Semaine-11-_26ÉTÉ-1111100-',835,,46759,22,,,1,398,,46760,22,,,1,301,,46762,22,,,1,71,,46757,22,,,1,30,,46758,22,,,1,70,,46761,22,,,2,29,,46756,22,,,1,69,,46755,22,,,2
5800,'Semaine-12-_26ÉTÉ-1111100-',835,,53340,22,,,1,398,,53341,22,,,1,301,,53343,22,,,1,71,,53338,22,,,1,30,,53339,22,,,1,70,,53342,22,,,2,29,,53337,22,,,1,69,,53336,22,,,2
5800,'Semaine-5-_26ÉTÉ-1111100-',835,,50906,22,,,1,398,,50907,22,,,1,301,,50909,22,,,1,71,,50904,22,,,1,30,,50905,22,,,1,70,,50908,22,,,2,29,,50903,22,,,1,69,,50902,22,,,2
5900,'Samedi-0-_26ÉTÉ-0000010-',733,,40562,35,,,1,70,,40565,35,,,1,30,,40558,35,,,1,70,,40564,35,,,1,30,,40561,35,,,1,70,,40566,35,,,1,30,,40570,35,,,1,70,,40571,35,,,1,30,,40560,35,,,1,70,,40559,35,,,1,31,,40569,35,,,1,71,,40563,35,,,1,30,,40567,35,,,1,71,,40572,35,,,1,30,,40568,35,,,1,70,,40573,35,,,1,30,,40574,35,,,1,69,,40575,35,,,1,30,,40576,35,,,1,73,,40577,35,,,1,28,,40578,35,,,1,70,,40579,35,,,1,29,,40580,35,,,1,70,,40581,35,,,1,30,,40582,35,,,1,68,,40584,35,,,1,30,,40583,35,,,1,70,,40586,35,,,1,30,,40585,35,,,1,70,,40587,35,,,1,30,,40588,35,,,1,70,,40590,35,,,1,30,,40589,35,,,1,70,,40591,35,,,1
5900,'Dimanche-0-_26ÉTÉ-0000001-',733,,40598,35,,,1,70,,40593,35,,,1,30,,40596,35,,,1,70,,40601,35,,,1,30,,40605,35,,,1,70,,40594,35,,,1,30,,40597,35,,,1,70,,40603,35,,,1,30,,40604,35,,,1,70,,40592,35,,,1,31,,40595,35,,,1,71,,40600,35,,,1,30,,40602,35,,,1,71,,40599,35,,,1,30,,40607,35,,,1,70,,40612,35,,,1,30,,40606,35,,,1,69,,40617,35,,,1,30,,40618,35,,,1,73,,40609,35,,,1,28,,40613,35,,,1,70,,40624,35,,,1,29,,40608,35,,,1,70,,40614,35,,,1,30,,40610,35,,,1,68,,40615,35,,,1,30,,40620,35,,,1,70,,40621,35,,,1,30,,40611,35,,,1,70,,40625,35,,,1,30,,40619,35,,,1,70,,40616,35,,,1,30,,40623,35,,,1,70,,40622,35,,,1
5900,'Dimanche-10-_26ÉTÉ-0000001-',733,,40632,35,,,1,70,,40627,35,,,1,30,,40630,35,,,1,70,,40635,35,,,1,30,,40639,35,,,1,70,,40628,35,,,1,30,,40631,35,,,1,70,,40637,35,,,1,30,,40638,35,,,1,70,,40626,35,,,1,31,,40629,35,,,1,71,,40634,35,,,1,30,,40636,35,,,1,71,,40633,35,,,1,30,,40641,35,,,1,70,,40646,35,,,1,30,,40640,35,,,1,69,,40651,35,,,1,30,,40652,35,,,1,73,,40643,35,,,1,28,,40647,35,,,1,70,,40658,35,,,1,29,,40642,35,,,1,70,,40648,35,,,1,30,,40644,35,,,1,68,,40649,35,,,1,30,,40654,35,,,1,70,,40655,35,,,1,30,,40645,35,,,1,70,,40659,35,,,1,30,,40653,35,,,1,70,,40650,35,,,1,30,,40657,35,,,1,70,,40656,35,,,1
5900,'Dimanche-11-_26ÉTÉ-0000001-',733,,49281,35,,,1,70,,49276,35,,,1,30,,49279,35,,,1,70,,49284,35,,,1,30,,49288,35,,,1,70,,49277,35,,,1,30,,49280,35,,,1,70,,49286,35,,,1,30,,49287,35,,,1,70,,49275,35,,,1,31,,49278,35,,,1,71,,49283,35,,,1,30,,49285,35,,,1,71,,49282,35,,,1,30,,49290,35,,,1,70,,49295,35,,,1,30,,49289,35,,,1,69,,49300,35,,,1,30,,49301,35,,,1,73,,49292,35,,,1,28,,49296,35,,,1,70,,49307,35,,,1,29,,49291,35,,,1,70,,49297,35,,,1,30,,49293,35,,,1,68,,49298,35,,,1,30,,49303,35,,,1,70,,49304,35,,,1,30,,49294,35,,,1,70,,49308,35,,,1,30,,49302,35,,,1,70,,49299,35,,,1,30,,49306,35,,,1,70,,49305,35,,,1
5900,'Semaine-1-_26ÉTÉ-1111100-',647,,40667,35,,,1,104,,40702,35,,,1,100,,40683,35,,,1,83,,40679,35,,,1,68,,40700,35,,,1,30,,40676,35,,,1,70,,40699,35,,,1,30,,40690,35,,,1,70,,40684,35,,,1,33,,40692,35,,,1,70,,40675,35,,,1,30,,40703,35,,,1,70,,40666,35,,,1,31,,40697,35,,,1,14,,40668,35,,,1,57,,40701,35,,,1,31,,40661,35,,,1,14,,40705,35,,,1,56,,40660,35,,,1,8,,40695,35,,,1,17,,40691,35,,,1,7,,40704,30,,,1,6,,40678,35,,,1,13,,40662,35,,,1,46,,40706,30,,,1,8,,40663,35,,,1,10,,40671,35,,,1,7,,40698,35,,,1,17,,40687,35,,,1,9,,40674,35,,,1,48,,40696,35,,,1,11,,40682,35,,,1,12,,40694,35,,,1,9,,40664,35,,,1,10,,40669,35,,,1,71,,40689,35,,,1,29,,40680,35,,,1,70,,40685,35,,,1,30,,40673,35,,,1,70,,40681,35,,,1,30,,40686,35,,,1,68,,40693,35,,,1,30,,40670,35,,,1,70,,40688,35,,,1,28,,40677,35,,,1,71,,40665,35,,,1,27,,40672,35,,,1
5900,'Semaine-10-_26ÉTÉ-1111100-',647,,40714,35,,,1,104,,40749,35,,,1,100,,40730,35,,,1,83,,40726,35,,,1,68,,40747,35,,,1,30,,40723,35,,,1,70,,40746,35,,,1,30,,40737,35,,,1,70,,40731,35,,,1,33,,40739,35,,,1,70,,40722,35,,,1,30,,40750,35,,,1,70,,40713,35,,,1,31,,40744,35,,,1,14,,40715,35,,,1,57,,40748,35,,,1,31,,40708,35,,,1,14,,40752,35,,,1,56,,40707,35,,,1,8,,40742,35,,,1,17,,40738,35,,,1,7,,40751,30,,,1,6,,40725,35,,,1,13,,40709,35,,,1,46,,40753,30,,,1,8,,40710,35,,,1,10,,40718,35,,,1,7,,40745,35,,,1,17,,40734,35,,,1,9,,40721,35,,,1,48,,40743,35,,,1,11,,40729,35,,,1,12,,40741,35,,,1,9,,40711,35,,,1,10,,40716,35,,,1,71,,40736,35,,,1,29,,40727,35,,,1,70,,40732,35,,,1,30,,40720,35,,,1,70,,40728,35,,,1,30,,40733,35,,,1,68,,40740,35,,,1,30,,40717,35,,,1,70,,40735,35,,,1,28,,40724,35,,,1,71,,40712,35,,,1,27,,40719,35,,,1
5900,'Semaine-11-_26ÉTÉ-1111100-',647,,46811,35,,,1,104,,46846,35,,,1,100,,46827,35,,,1,83,,46823,35,,,1,68,,46844,35,,,1,30,,46820,35,,,1,70,,46843,35,,,1,30,,46834,35,,,1,70,,46828,35,,,1,33,,46836,35,,,1,70,,46819,35,,,1,30,,46847,35,,,1,70,,46810,35,,,1,31,,46841,35,,,1,14,,46812,35,,,1,57,,46845,35,,,1,31,,46805,35,,,1,14,,46849,35,,,1,56,,46804,35,,,1,8,,46839,35,,,1,17,,46835,35,,,1,7,,46848,30,,,1,6,,46822,35,,,1,13,,46806,35,,,1,46,,46850,30,,,1,8,,46807,35,,,1,10,,46815,35,,,1,7,,46842,35,,,1,17,,46831,35,,,1,9,,46818,35,,,1,48,,46840,35,,,1,11,,46826,35,,,1,12,,46838,35,,,1,9,,46808,35,,,1,10,,46813,35,,,1,71,,46833,35,,,1,29,,46824,35,,,1,70,,46829,35,,,1,30,,46817,35,,,1,70,,46825,35,,,1,30,,46830,35,,,1,68,,46837,35,,,1,30,,46814,35,,,1,70,,46832,35,,,1,28,,46821,35,,,1,71,,46809,35,,,1,27,,46816,35,,,1
5900,'Semaine-12-_26ÉTÉ-1111100-',647,,53358,35,,,1,104,,53393,35,,,1,100,,53374,35,,,1,83,,53370,35,,,1,68,,53391,35,,,1,30,,53367,35,,,1,70,,53390,35,,,1,30,,53381,35,,,1,70,,53375,35,,,1,33,,53383,35,,,1,70,,53366,35,,,1,30,,53394,35,,,1,70,,53357,35,,,1,31,,53388,35,,,1,14,,53359,35,,,1,57,,53392,35,,,1,31,,53352,35,,,1,14,,53396,35,,,1,56,,53351,35,,,1,8,,53386,35,,,1,17,,53382,35,,,1,7,,53395,30,,,1,6,,53369,35,,,1,13,,53353,35,,,1,46,,53397,30,,,1,8,,53354,35,,,1,10,,53362,35,,,1,7,,53389,35,,,1,17,,53378,35,,,1,9,,53365,35,,,1,48,,53387,35,,,1,11,,53373,35,,,1,12,,53385,35,,,1,9,,53355,35,,,1,10,,53360,35,,,1,71,,53380,35,,,1,29,,53371,35,,,1,70,,53376,35,,,1,30,,53364,35,,,1,70,,53372,35,,,1,30,,53377,35,,,1,68,,53384,35,,,1,30,,53361,35,,,1,70,,53379,35,,,1,28,,53368,35,,,1,71,,53356,35,,,1,27,,53363,35,,,1
5900,'Semaine-5-_26ÉTÉ-1111100-',647,,50924,35,,,1,104,,50959,35,,,1,100,,50940,35,,,1,83,,50936,35,,,1,68,,50957,35,,,1,30,,50933,35,,,1,70,,50956,35,,,1,30,,50947,35,,,1,70,,50941,35,,,1,33,,50949,35,,,1,70,,50932,35,,,1,30,,50960,35,,,1,70,,50923,35,,,1,31,,50954,35,,,1,14,,50925,35,,,1,57,,50958,35,,,1,31,,50918,35,,,1,14,,50962,35,,,1,56,,50917,35,,,1,8,,50952,35,,,1,17,,50948,35,,,1,7,,50961,30,,,1,6,,50935,35,,,1,13,,50919,35,,,1,46,,50963,30,,,1,8,,50920,35,,,1,10,,50928,35,,,1,7,,50955,35,,,1,17,,50944,35,,,1,9,,50931,35,,,1,48,,50953,35,,,1,11,,50939,35,,,1,12,,50951,35,,,1,9,,50921,35,,,1,10,,50926,35,,,1,71,,50946,35,,,1,29,,50937,35,,,1,70,,50942,35,,,1,30,,50930,35,,,1,70,,50938,35,,,1,30,,50943,35,,,1,68,,50950,35,,,1,30,,50927,35,,,1,70,,50945,35,,,1,28,,50934,35,,,1,71,,50922,35,,,1,27,,50929,35,,,1
80001,'Samedi-0-_26ÉTÉ-0000010-',645,,45237,37,,,1,100,,45239,37,,,1,99,,45240,37,,,2,100,,45243,37,,,1,102,,45238,37,,,2,100,,45241,37,,,1,100,,45244,37,,,1,99,,45242,37,,,2,100,,45245,37,,,1,100,,45246,37,,,1,100,,45247,37,,,2,100,,45248,37,,,1,97,,45251,37,,,1,101,,45249,37,,,2,100,,45250,37,,,2,100,,45252,37,,,1,100,,45253,37,,,1
80001,'Dimanche-0-_26ÉTÉ-0000001-',645,,45254,37,,,1,100,,45255,37,,,1,99,,45259,37,,,2,100,,45256,37,,,1,102,,45260,37,,,2,100,,45257,37,,,1,100,,45258,37,,,1,99,,45262,37,,,2,100,,45261,37,,,1,100,,45263,37,,,1,100,,45265,37,,,2,100,,45266,37,,,1,97,,45267,37,,,1,101,,45264,37,,,2,100,,45268,37,,,2,100,,45269,37,,,1,100,,45270,37,,,1
80001,'Dimanche-10-_26ÉTÉ-0000001-',645,,45271,37,,,1,100,,45272,37,,,1,99,,45276,37,,,2,100,,45273,37,,,1,102,,45277,37,,,2,100,,45274,37,,,1,100,,45275,37,,,1,99,,45279,37,,,2,100,,45278,37,,,1,100,,45280,37,,,1,100,,45282,37,,,2,100,,45283,37,,,1,97,,45284,37,,,1,101,,45281,37,,,2,100,,45285,37,,,2,100,,45286,37,,,1,100,,45287,37,,,1
80001,'Dimanche-11-_26ÉTÉ-0000001-',645,,49910,37,,,1,100,,49911,37,,,1,99,,49915,37,,,2,100,,49912,37,,,1,102,,49916,37,,,2,100,,49913,37,,,1,100,,49914,37,,,1,99,,49918,37,,,2,100,,49917,37,,,1,100,,49919,37,,,1,100,,49921,37,,,2,100,,49922,37,,,1,97,,49923,37,,,1,101,,49920,37,,,2,100,,49924,37,,,2,100,,49925,37,,,1,100,,49926,37,,,1
80001,'Semaine-1-_26ÉTÉ-1111100-',635,,45310,37,,,1,70,,45296,37,,,1,32,,45316,37,,,1,70,,45300,37,,,2,32,,45290,37,,,2,66,,45307,37,,,2,28,,45304,37,,,2,70,,45312,37,,,1,30,,45317,37,,,2,70,,45303,37,,,1,30,,45311,37,,,1,70,,45293,37,,,1,30,,45321,37,,,1,70,,45320,37,,,2,34,,45291,37,,,2,70,,45314,37,,,1,30,,45302,37,,,1,71,,45308,37,,,1,33,,45318,37,,,1,69,,45305,37,,,2,18,,45315,37,,,1,20,,45322,37,,,2,68,,45313,37,,,1,26,,45306,37,,,1,69,,45294,37,,,1,26,,45298,37,,,1,67,,45288,37,,,1,30,,45319,37,,,1,71,,45295,37,,,1,27,,45297,37,,,1,69,,45301,37,,,1,30,,45289,37,,,2,70,,45309,37,,,1,32,,45292,37,,,1,70,,45299,37,,,1
80001,'Semaine-10-_26ÉTÉ-1111100-',635,,45345,37,,,1,70,,45331,37,,,1,32,,45351,37,,,1,70,,45335,37,,,2,32,,45325,37,,,2,66,,45342,37,,,2,28,,45339,37,,,2,70,,45347,37,,,1,30,,45352,37,,,2,70,,45338,37,,,1,30,,45346,37,,,1,70,,45328,37,,,1,30,,45356,37,,,1,70,,45355,37,,,2,34,,45326,37,,,2,70,,45349,37,,,1,30,,45337,37,,,1,71,,45343,37,,,1,33,,45353,37,,,1,69,,45340,37,,,2,18,,45350,37,,,1,20,,45357,37,,,2,68,,45348,37,,,1,26,,45341,37,,,1,69,,45329,37,,,1,26,,45333,37,,,1,67,,45323,37,,,1,30,,45354,37,,,1,71,,45330,37,,,1,27,,45332,37,,,1,69,,45336,37,,,1,30,,45324,37,,,2,70,,45344,37,,,1,32,,45327,37,,,1,70,,45334,37,,,1
80001,'Semaine-11-_26ÉTÉ-1111100-',635,,48831,37,,,1,70,,48817,37,,,1,32,,48837,37,,,1,70,,48821,37,,,2,32,,48811,37,,,2,66,,48828,37,,,2,28,,48825,37,,,2,70,,48833,37,,,1,30,,48838,37,,,2,70,,48824,37,,,1,30,,48832,37,,,1,70,,48814,37,,,1,30,,48842,37,,,1,70,,48841,37,,,2,34,,48812,37,,,2,70,,48835,37,,,1,30,,48823,37,,,1,71,,48829,37,,,1,33,,48839,37,,,1,69,,48826,37,,,2,18,,48836,37,,,1,20,,48843,37,,,2,68,,48834,37,,,1,26,,48827,37,,,1,69,,48815,37,,,1,26,,48819,37,,,1,67,,48809,37,,,1,30,,48840,37,,,1,71,,48816,37,,,1,27,,48818,37,,,1,69,,48822,37,,,1,30,,48810,37,,,2,70,,48830,37,,,1,32,,48813,37,,,1,70,,48820,37,,,1
80001,'Semaine-12-_26ÉTÉ-1111100-',635,,54760,37,,,1,70,,54746,37,,,1,32,,54766,37,,,1,70,,54750,37,,,2,32,,54740,37,,,2,66,,54757,37,,,2,28,,54754,37,,,2,70,,54762,37,,,1,30,,54767,37,,,2,70,,54753,37,,,1,30,,54761,37,,,1,70,,54743,37,,,1,30,,54771,37,,,1,70,,54770,37,,,2,34,,54741,37,,,2,70,,54764,37,,,1,30,,54752,37,,,1,71,,54758,37,,,1,33,,54768,37,,,1,69,,54755,37,,,2,18,,54765,37,,,1,20,,54772,37,,,2,68,,54763,37,,,1,26,,54756,37,,,1,69,,54744,37,,,1,26,,54748,37,,,1,67,,54738,37,,,1,30,,54769,37,,,1,71,,54745,37,,,1,27,,54747,37,,,1,69,,54751,37,,,1,30,,54739,37,,,2,70,,54759,37,,,1,32,,54742,37,,,1,70,,54749,37,,,1
80001,'Semaine-5-_26ÉTÉ-1111100-',635,,52348,37,,,1,70,,52334,37,,,1,32,,52354,37,,,1,70,,52338,37,,,2,32,,52328,37,,,2,66,,52345,37,,,2,28,,52342,37,,,2,70,,52350,37,,,1,30,,52355,37,,,2,70,,52341,37,,,1,30,,52349,37,,,1,70,,52331,37,,,1,30,,52359,37,,,1,70,,52358,37,,,2,34,,52329,37,,,2,70,,52352,37,,,1,30,,52340,37,,,1,71,,52346,37,,,1,33,,52356,37,,,1,69,,52343,37,,,2,18,,52353,37,,,1,20,,52360,37,,,2,68,,52351,37,,,1,26,,52344,37,,,1,69,,52332,37,,,1,26,,52336,37,,,1,67,,52326,37,,,1,30,,52357,37,,,1,71,,52333,37,,,1,27,,52335,37,,,1,69,,52339,37,,,1,30,,52327,37,,,2,70,,52347,37,,,1,32,,52330,37,,,1,70,,52337,37,,,1
