3600,'Semaine-1-_26ÉTÉ-1111100-',927,,38681,42,,,1,102,,38682,42,,,1,101,,38680,42,,,1,100,,38683,42,,,1,100,,38685,42,,,1,100,,38686,42,,,1,99,,38684,42,,,1
3600,'Semaine-10-_26ÉTÉ-1111100-',927,,38688,42,,,1,102,,38689,42,,,1,101,,38687,42,,,1,100,,38690,42,,,1,100,,38692,42,,,1,100,,38693,42,,,1,99,,38691,42,,,1
3700,'Samedi-0-_26ÉTÉ-0000010-',744,,38708,34,,,1,100,,38709,34,,,1,101,,38711,34,,,1,102,,38712,34,,,1,100,,38710,34,,,1,102,,38713,34,,,1,100,,38714,34,,,1,101,,38715,34,,,1,99,,38716,34,,,1,100,,38717,34,,,1,100,,38718,34,,,1,99,,38719,34,,,1,98,,38720,34,,,1,100,,38721,34,,,1,100,,38722,34,,,1,100,,38723,34,,,1,97,,38724,34,,,1,100,,38725,34,,,1
3700,'Dimanche-0-_26ÉTÉ-0000001-',744,,38726,34,,,1,100,,38729,34,,,1,101,,38733,34,,,1,102,,38730,34,,,1,100,,38728,34,,,1,102,,38732,34,,,1,100,,38727,34,,,1,101,,38731,34,,,1,99,,38738,34,,,1,100,,38734,34,,,1,100,,38737,34,,,1,99,,38741,34,,,1,98,,38735,34,,,1,100,,38736,34,,,1,100,,38740,34,,,1,100,,38742,34,,,1,97,,38739,34,,,1,100,,38743,34,,,1
3700,'Dimanche-10-_26ÉTÉ-0000001-',744,,38744,34,,,1,100,,38747,34,,,1,101,,38751,34,,,1,102,,38748,34,,,1,100,,38746,34,,,1,102,,38750,34,,,1,100,,38745,34,,,1,101,,38749,34,,,1,99,,38756,34,,,1,100,,38752,34,,,1,100,,38755,34,,,1,99,,38759,34,,,1,98,,38753,34,,,1,100,,38754,34,,,1,100,,38758,34,,,1,100,,38760,34,,,1,97,,38757,34,,,1,100,,38761,34,,,1
3700,'Semaine-1-_26ÉTÉ-1111100-',705,,38783,34,,,1,41,,38789,34,,,1,70,,38780,34,,,1,31,,38764,34,,,1,68,,38778,34,,,1,90,,38770,34,,,1,100,,38766,34,,,1,100,,38767,34,,,1,100,,38768,34,,,1,103,,38769,34,,,1,100,,38775,34,,,1,48,,38776,34,,,1,57,,38777,34,,,1,15,,38763,34,,,1,15,,38785,34,,,1,63,,38772,34,,,1,32,,38781,34,,,1,21,,38771,34,,,1,68,,38765,34,,,1,29,,38762,34,,,1,66,,38773,34,,,1,32,,38788,34,,,1,68,,38779,34,,,1,35,,38790,34,,,1,99,,38786,34,,,1,98,,38774,34,,,1,100,,38784,34,,,1,99,,38787,34,,,1,55,,38782,34,,,1
3700,'Semaine-10-_26ÉTÉ-1111100-',705,,38812,34,,,1,41,,38818,34,,,1,70,,38809,34,,,1,31,,38793,34,,,1,68,,38807,34,,,1,90,,38799,34,,,1,100,,38795,34,,,1,100,,38796,34,,,1,100,,38797,34,,,1,103,,38798,34,,,1,100,,38804,34,,,1,48,,38805,34,,,1,57,,38806,34,,,1,15,,38792,34,,,1,15,,38814,34,,,1,63,,38801,34,,,1,32,,38810,34,,,1,21,,38800,34,,,1,68,,38794,34,,,1,29,,38791,34,,,1,66,,38802,34,,,1,32,,38817,34,,,1,68,,38808,34,,,1,35,,38819,34,,,1,99,,38815,34,,,1,98,,38803,34,,,1,100,,38813,34,,,1,99,,38816,34,,,1,55,,38811,34,,,1
37100,'Samedi-0-_26ÉTÉ-0000010-',815,,44103,35,,,1,102,,44107,35,,,1,99,,44102,35,,,1,102,,44108,35,,,1,100,,44104,35,,,1,100,,44105,35,,,1,100,,44106,35,,,1,103,,44109,35,,,1,100,,44110,35,,,1,100,,44111,35,,,1,99,,44112,35,,,1,98,,44113,35,,,1,100,,44114,35,,,1,98,,44115,35,,,1,100,,44116,35,,,1,100,,44117,35,,,1,98,,44118,35,,,1
37100,'Dimanche-0-_26ÉTÉ-0000001-',815,,44119,35,,,1,102,,44125,35,,,1,99,,44126,35,,,1,102,,44127,35,,,1,100,,44120,35,,,1,100,,44122,35,,,1,100,,44121,35,,,1,103,,44123,35,,,1,100,,44124,35,,,1,100,,44129,35,,,1,99,,44134,35,,,1,98,,44128,35,,,1,100,,44130,35,,,1,98,,44135,35,,,1,100,,44133,35,,,1,100,,44131,35,,,1,98,,44132,35,,,1
37100,'Dimanche-10-_26ÉTÉ-0000001-',815,,44136,35,,,1,102,,44142,35,,,1,99,,44143,35,,,1,102,,44144,35,,,1,100,,44137,35,,,1,100,,44139,35,,,1,100,,44138,35,,,1,103,,44140,35,,,1,100,,44141,35,,,1,100,,44146,35,,,1,99,,44151,35,,,1,98,,44145,35,,,1,100,,44147,35,,,1,98,,44152,35,,,1,100,,44150,35,,,1,100,,44148,35,,,1,98,,44149,35,,,1
37100,'Semaine-1-_26ÉTÉ-1111100-',726,,44166,35,,,1,32,,44163,35,,,1,70,,44159,35,,,1,29,,44154,35,,,1,90,,44173,35,,,1,97,,44158,35,,,1,102,,44160,35,,,1,100,,44172,35,,,1,100,,44167,35,,,1,103,,44156,35,,,1,95,,44168,35,,,1,58,,44177,35,,,1,17,,44157,35,,,1,15,,44178,35,,,1,25,,44153,35,,,1,61,,44162,35,,,1,28,,44169,35,,,1,63,,44175,35,,,1,26,,44174,35,,,1,70,,44164,35,,,1,28,,44176,35,,,1,70,,44179,35,,,1,30,,44165,35,,,1,95,,44161,35,,,1,100,,44171,35,,,1,100,,44170,35,,,1,97,,44155,35,,,1
37100,'Semaine-10-_26ÉTÉ-1111100-',726,,44193,35,,,1,32,,44190,35,,,1,70,,44186,35,,,1,29,,44181,35,,,1,90,,44200,35,,,1,97,,44185,35,,,1,102,,44187,35,,,1,100,,44199,35,,,1,100,,44194,35,,,1,103,,44183,35,,,1,95,,44195,35,,,1,58,,44204,35,,,1,17,,44184,35,,,1,15,,44205,35,,,1,25,,44180,35,,,1,61,,44189,35,,,1,28,,44196,35,,,1,63,,44202,35,,,1,26,,44201,35,,,1,70,,44191,35,,,1,28,,44203,35,,,1,70,,44206,35,,,1,30,,44192,35,,,1,95,,44188,35,,,1,100,,44198,35,,,1,100,,44197,35,,,1,97,,44182,35,,,1
