5201,'Samedi-0-_26ÉTÉ-0000010-',705,,39999,54,,,2,100,,40000,54,,,1,100,,40001,54,,,2,100,,40002,54,,,1,102,,40004,54,,,1,100,,40003,54,,,1,100,,40005,54,,,2,100,,40006,54,,,1,101,,40007,54,,,2,99,,40008,54,,,1,100,,40009,54,,,1,100,,40010,54,,,1,99,,40013,54,,,1,100,,40011,54,,,1,96,,40015,54,,,2,101,,40012,54,,,1,100,,40014,54,,,1,100,,40016,54,,,1
5201,'Dimanche-0-_26ÉTÉ-0000001-',705,,40017,54,,,2,100,,40018,54,,,1,100,,40019,54,,,2,100,,40020,54,,,1,102,,40025,54,,,1,100,,40021,54,,,1,100,,40022,54,,,2,100,,40026,54,,,1,101,,40023,54,,,2,99,,40024,54,,,1,100,,40027,54,,,1,100,,40030,54,,,1,99,,40028,54,,,1,100,,40034,54,,,1,96,,40029,54,,,2,101,,40031,54,,,1,100,,40032,54,,,1,100,,40033,54,,,1
5201,'Dimanche-10-_26ÉTÉ-0000001-',705,,40035,54,,,2,100,,40036,54,,,1,100,,40037,54,,,2,100,,40038,54,,,1,102,,40043,54,,,1,100,,40039,54,,,1,100,,40040,54,,,2,100,,40044,54,,,1,101,,40041,54,,,2,99,,40042,54,,,1,100,,40045,54,,,1,100,,40048,54,,,1,99,,40046,54,,,1,100,,40052,54,,,1,96,,40047,54,,,2,101,,40049,54,,,1,100,,40050,54,,,1,100,,40051,54,,,1
5201,'Dimanche-11-_26ÉTÉ-0000001-',705,,49188,54,,,2,100,,49189,54,,,1,100,,49190,54,,,2,100,,49191,54,,,1,102,,49196,54,,,1,100,,49192,54,,,1,100,,49193,54,,,2,100,,49197,54,,,1,101,,49194,54,,,2,99,,49195,54,,,1,100,,49198,54,,,1,100,,49201,54,,,1,99,,49199,54,,,1,100,,49205,54,,,1,96,,49200,54,,,2,101,,49202,54,,,1,100,,49203,54,,,1,100,,49204,54,,,1
5201,'Semaine-1-_26ÉTÉ-1111100-',636,,40068,54,,,1,103,,40070,54,,,1,99,,40069,54,,,1,100,,40053,54,,,1,101,,40059,54,,,1,100,,40056,54,,,2,100,,40063,54,,,1,100,,40054,54,,,1,100,,40058,54,,,1,102,,40057,54,,,1,100,,40067,54,,,1,100,,40066,54,,,1,98,,40060,54,,,1,96,,40061,54,,,1,100,,40065,54,,,1,100,,40062,54,,,1,100,,40064,54,,,1,100,,40055,54,,,1
5201,'Semaine-10-_26ÉTÉ-1111100-',636,,40086,54,,,1,103,,40088,54,,,1,99,,40087,54,,,1,100,,40071,54,,,1,101,,40077,54,,,1,100,,40074,54,,,2,100,,40081,54,,,1,100,,40072,54,,,1,100,,40076,54,,,1,102,,40075,54,,,1,100,,40085,54,,,1,100,,40084,54,,,1,98,,40078,54,,,1,96,,40079,54,,,1,100,,40083,54,,,1,100,,40080,54,,,1,100,,40082,54,,,1,100,,40073,54,,,1
5201,'Semaine-11-_26ÉTÉ-1111100-',636,,46567,54,,,1,103,,46569,54,,,1,99,,46568,54,,,1,100,,46552,54,,,1,101,,46558,54,,,1,100,,46555,54,,,2,100,,46562,54,,,1,100,,46553,54,,,1,100,,46557,54,,,1,102,,46556,54,,,1,100,,46566,54,,,1,100,,46565,54,,,1,98,,46559,54,,,1,96,,46560,54,,,1,100,,46564,54,,,1,100,,46561,54,,,1,100,,46563,54,,,1,100,,46554,54,,,1
5201,'Semaine-12-_26ÉTÉ-1111100-',636,,53217,54,,,1,103,,53219,54,,,1,99,,53218,54,,,1,100,,53202,54,,,1,101,,53208,54,,,1,100,,53205,54,,,2,100,,53212,54,,,1,100,,53203,54,,,1,100,,53207,54,,,1,102,,53206,54,,,1,100,,53216,54,,,1,100,,53215,54,,,1,98,,53209,54,,,1,96,,53210,54,,,1,100,,53214,54,,,1,100,,53211,54,,,1,100,,53213,54,,,1,100,,53204,54,,,1
5201,'Semaine-5-_26ÉTÉ-1111100-',636,,50783,54,,,1,103,,50785,54,,,1,99,,50784,54,,,1,100,,50768,54,,,1,101,,50774,54,,,1,100,,50771,54,,,2,100,,50778,54,,,1,100,,50769,54,,,1,100,,50773,54,,,1,102,,50772,54,,,1,100,,50782,54,,,1,100,,50781,54,,,1,98,,50775,54,,,1,96,,50776,54,,,1,100,,50780,54,,,1,100,,50777,54,,,1,100,,50779,54,,,1,100,,50770,54,,,1
5600,'Semaine-1-_26ÉTÉ-1111100-',643,,40502,21,,,2,61,,40500,21,,,1,5,,40504,21,,,2,31,,40503,21,,,2,71,,40497,21,,,2,105,,40496,21,,,2,104,,40498,21,,,1,98,,40501,21,,,2,100,,40499,21,,,1
5600,'Semaine-10-_26ÉTÉ-1111100-',643,,40511,21,,,2,61,,40509,21,,,1,5,,40513,21,,,2,31,,40512,21,,,2,71,,40506,21,,,2,105,,40505,21,,,2,104,,40507,21,,,1,98,,40510,21,,,2,100,,40508,21,,,1
5600,'Semaine-11-_26ÉTÉ-1111100-',643,,46745,21,,,2,61,,46743,21,,,1,5,,46747,21,,,2,31,,46746,21,,,2,71,,46740,21,,,2,105,,46739,21,,,2,104,,46741,21,,,1,98,,46744,21,,,2,100,,46742,21,,,1
5600,'Semaine-12-_26ÉTÉ-1111100-',643,,53326,21,,,2,61,,53324,21,,,1,5,,53328,21,,,2,31,,53327,21,,,2,71,,53321,21,,,2,105,,53320,21,,,2,104,,53322,21,,,1,98,,53325,21,,,2,100,,53323,21,,,1
5600,'Semaine-5-_26ÉTÉ-1111100-',643,,50892,21,,,2,61,,50890,21,,,1,5,,50894,21,,,2,31,,50893,21,,,2,71,,50887,21,,,2,105,,50886,21,,,2,104,,50888,21,,,1,98,,50891,21,,,2,100,,50889,21,,,1
55400,'Semaine-5-_26ÉTÉ-1111100-',702,,52278,11,,,1
