2700,'Semaine-1-_26ÉTÉ-1111100-',1557,,37405,10,,,1,70,,37403,10,,,2,28,,37407,10,,,1,71,,37404,10,,,1,28,,37406,10,,,2
2700,'Semaine-10-_26ÉTÉ-1111100-',1557,,37410,10,,,1,70,,37408,10,,,2,28,,37412,10,,,1,71,,37409,10,,,1,28,,37411,10,,,2
2700,'Semaine-11-_26ÉTÉ-1111100-',1557,,45408,10,,,1,70,,45406,10,,,2,28,,45410,10,,,1,71,,45407,10,,,1,28,,45409,10,,,2
2700,'Semaine-5-_26ÉTÉ-1111100-',1557,,49979,10,,,1,70,,49977,10,,,2,28,,49981,10,,,1,71,,49978,10,,,1,28,,49980,10,,,2
3300,'Samedi-0-_26ÉTÉ-0000010-',702,,37942,20,,,1,132,,37947,20,,,1,99,,37944,20,,,1,98,,37948,20,,,1,101,,37943,20,,,1,100,,37946,20,,,1,100,,37945,20,,,1,100,,37949,20,,,1,103,,37950,20,,,1,97,,37951,20,,,1,100,,37952,20,,,1,99,,37953,20,,,1,98,,37954,20,,,1,100,,37958,20,,,1,100,,37955,20,,,1,100,,37956,20,,,1,100,,37957,20,,,1,99,,37959,20,,,1
3300,'Dimanche-0-_26ÉTÉ-0000001-',702,,37961,20,,,1,132,,37960,20,,,1,99,,37963,20,,,1,98,,37965,20,,,1,101,,37966,20,,,1,100,,37967,20,,,1,100,,37962,20,,,1,100,,37969,20,,,1,103,,37964,20,,,1,97,,37970,20,,,1,100,,37973,20,,,1,99,,37977,20,,,1,98,,37974,20,,,1,100,,37968,20,,,1,100,,37971,20,,,1,100,,37976,20,,,1,100,,37972,20,,,1,99,,37975,20,,,1
3300,'Dimanche-10-_26ÉTÉ-0000001-',702,,37979,20,,,1,132,,37978,20,,,1,99,,37981,20,,,1,98,,37983,20,,,1,101,,37984,20,,,1,100,,37985,20,,,1,100,,37980,20,,,1,100,,37987,20,,,1,103,,37982,20,,,1,97,,37988,20,,,1,100,,37991,20,,,1,99,,37995,20,,,1,98,,37992,20,,,1,100,,37986,20,,,1,100,,37989,20,,,1,100,,37994,20,,,1,100,,37990,20,,,1,99,,37993,20,,,1
3300,'Dimanche-11-_26ÉTÉ-0000001-',702,,48886,20,,,1,132,,48885,20,,,1,99,,48888,20,,,1,98,,48890,20,,,1,101,,48891,20,,,1,100,,48892,20,,,1,100,,48887,20,,,1,100,,48894,20,,,1,103,,48889,20,,,1,97,,48895,20,,,1,100,,48898,20,,,1,99,,48902,20,,,1,98,,48899,20,,,1,100,,48893,20,,,1,100,,48896,20,,,1,100,,48901,20,,,1,100,,48897,20,,,1,99,,48900,20,,,1
3300,'Semaine-1-_26ÉTÉ-1111100-',627,,38023,13,,,1,76,,38022,20,,,2,22,,38028,20,,,2,15,,38001,20,,,2,62,,38016,20,,,2,21,,38024,20,,,2,4,,38035,20,,,1,9,,38036,20,,,1,73,,38029,20,,,2,12,,38011,20,,,1,10,,38014,20,,,2,14,,38031,20,,,1,70,,38017,20,,,1,27,,38006,20,,,1,71,,38012,20,,,2,28,,37996,20,,,1,71,,38019,20,,,1,29,,38007,20,,,1,72,,38015,20,,,1,20,,38034,20,,,1,6,,38018,20,,,1,68,,38021,20,,,1,30,,38008,20,,,1,15,,38030,13,,,1,56,,38026,20,,,1,36,,38020,20,,,1,12,,37998,20,,,1,59,,38010,20,,,1,19,,38033,20,,,2,13,,38032,20,,,2,12,,38027,13,,,1,61,,38005,20,,,1,28,,38004,20,,,1,61,,38009,20,,,2,25,,37997,20,,,2,67,,38002,20,,,1,32,,38037,13,,,1,80,,38013,20,,,1,96,,38003,20,,,1,40,,37999,20,,,1,105,,38025,20,,,1,97,,38038,20,,,1,65,,38000,20,,,1
3300,'Semaine-10-_26ÉTÉ-1111100-',627,,38066,13,,,1,76,,38065,20,,,2,22,,38071,20,,,2,15,,38044,20,,,2,62,,38059,20,,,2,21,,38067,20,,,2,4,,38078,20,,,1,9,,38079,20,,,1,73,,38072,20,,,2,12,,38054,20,,,1,10,,38057,20,,,2,14,,38074,20,,,1,70,,38060,20,,,1,27,,38049,20,,,1,71,,38055,20,,,2,28,,38039,20,,,1,71,,38062,20,,,1,29,,38050,20,,,1,72,,38058,20,,,1,20,,38077,20,,,1,6,,38061,20,,,1,68,,38064,20,,,1,30,,38051,20,,,1,15,,38073,13,,,1,56,,38069,20,,,1,36,,38063,20,,,1,12,,38041,20,,,1,59,,38053,20,,,1,19,,38076,20,,,2,13,,38075,20,,,2,12,,38070,13,,,1,61,,38048,20,,,1,28,,38047,20,,,1,61,,38052,20,,,2,25,,38040,20,,,2,67,,38045,20,,,1,32,,38080,13,,,1,80,,38056,20,,,1,96,,38046,20,,,1,40,,38042,20,,,1,105,,38068,20,,,1,97,,38081,20,,,1,65,,38043,20,,,1
3300,'Semaine-11-_26ÉTÉ-1111100-',627,,45702,13,,,1,76,,45701,20,,,2,22,,45707,20,,,2,15,,45680,20,,,2,62,,45695,20,,,2,21,,45703,20,,,2,4,,45714,20,,,1,9,,45715,20,,,1,73,,45708,20,,,2,12,,45690,20,,,1,10,,45693,20,,,2,14,,45710,20,,,1,70,,45696,20,,,1,27,,45685,20,,,1,71,,45691,20,,,2,28,,45675,20,,,1,71,,45698,20,,,1,29,,45686,20,,,1,72,,45694,20,,,1,20,,45713,20,,,1,6,,45697,20,,,1,68,,45700,20,,,1,30,,45687,20,,,1,15,,45709,13,,,1,56,,45705,20,,,1,36,,45699,20,,,1,12,,45677,20,,,1,59,,45689,20,,,1,19,,45712,20,,,2,13,,45711,20,,,2,12,,45706,13,,,1,61,,45684,20,,,1,28,,45683,20,,,1,61,,45688,20,,,2,25,,45676,20,,,2,67,,45681,20,,,1,32,,45716,13,,,1,80,,45692,20,,,1,96,,45682,20,,,1,40,,45678,20,,,1,105,,45704,20,,,1,97,,45717,20,,,1,65,,45679,20,,,1
3300,'Semaine-5-_26ÉTÉ-1111100-',627,,50219,13,,,1,76,,50218,20,,,2,22,,50224,20,,,2,15,,50197,20,,,2,62,,50212,20,,,2,21,,50220,20,,,2,4,,50231,20,,,1,9,,50232,20,,,1,73,,50225,20,,,2,12,,50207,20,,,1,10,,50210,20,,,2,14,,50227,20,,,1,70,,50213,20,,,1,27,,50202,20,,,1,71,,50208,20,,,2,28,,50192,20,,,1,71,,50215,20,,,1,29,,50203,20,,,1,72,,50211,20,,,1,20,,50230,20,,,1,6,,50214,20,,,1,68,,50217,20,,,1,30,,50204,20,,,1,15,,50226,13,,,1,56,,50222,20,,,1,36,,50216,20,,,1,12,,50194,20,,,1,59,,50206,20,,,1,19,,50229,20,,,2,13,,50228,20,,,2,12,,50223,13,,,1,61,,50201,20,,,1,28,,50200,20,,,1,61,,50205,20,,,2,25,,50193,20,,,2,67,,50198,20,,,1,32,,50233,13,,,1,80,,50209,20,,,1,96,,50199,20,,,1,40,,50195,20,,,1,105,,50221,20,,,1,97,,50234,20,,,1,65,,50196,20,,,1
82501,'Semaine-5-_26ÉTÉ-1111100-',810,,52361,32,,,1
82901,'Semaine-5-_26ÉTÉ-1111100-',811,,52363,23,,,1
86701,'Semaine-5-_26ÉTÉ-1111100-',817,,52365,6,,,1
