9500,'Semaine-1-_26ÉTÉ-1111100-',1534,,43711,38,,,1,16,,43714,38,,,2,56,,43710,38,,,1,19,,43705,38,,,1,15,,43709,38,,,2,16,,43706,38,,,1,55,,43707,38,,,2,15,,43712,38,,,1,23,,43713,38,,,1,65,,43708,38,,,1
9500,'Semaine-10-_26ÉTÉ-1111100-',1534,,43721,38,,,1,16,,43724,38,,,2,56,,43720,38,,,1,19,,43715,38,,,1,15,,43719,38,,,2,16,,43716,38,,,1,55,,43717,38,,,2,15,,43722,38,,,1,23,,43723,38,,,2,65,,43718,38,,,1
9500,'Semaine-11-_26ÉTÉ-1111100-',1534,,48147,38,,,1,16,,48150,38,,,2,56,,48146,38,,,1,19,,48141,38,,,1,15,,48145,38,,,2,16,,48142,38,,,1,55,,48143,38,,,2,15,,48148,38,,,1,23,,48149,38,,,1,65,,48144,38,,,1
9700,'Samedi-0-_26ÉTÉ-0000010-',852,,43743,50,,,2,100,,43746,50,,,2,100,,43741,50,,,1,100,,43742,50,,,1,100,,43745,50,,,2,100,,43744,50,,,2,100,,43747,50,,,1,101,,43748,50,,,2,100,,43749,50,,,2,101,,43750,50,,,1,100,,43755,50,,,1,100,,43751,50,,,1,100,,43752,50,,,1,100,,43753,50,,,1,99,,43754,50,,,2,98,,43756,50,,,1,100,,43757,50,,,1
9700,'Samedi-10-_26ÉTÉ-0000010-',852,,48161,50,,,2,100,,48164,50,,,2,100,,48159,50,,,1,100,,48160,50,,,1,100,,48163,50,,,2,100,,48162,50,,,2,100,,48165,50,,,1,101,,48166,50,,,2,100,,48167,50,,,2,101,,48168,50,,,1,100,,48173,50,,,1,100,,48169,50,,,1,100,,48170,50,,,1,100,,48171,50,,,1,99,,48172,50,,,2,98,,48174,50,,,1,100,,48175,50,,,1
9700,'Dimanche-0-_26ÉTÉ-0000001-',852,,43761,50,,,2,100,,43763,50,,,2,100,,43760,50,,,1,100,,43759,50,,,1,100,,43758,50,,,2,100,,43762,50,,,2,100,,43765,50,,,1,101,,43764,50,,,2,100,,43770,50,,,2,101,,43772,50,,,1,100,,43774,50,,,1,100,,43766,50,,,1,100,,43767,50,,,1,100,,43768,50,,,1,99,,43769,50,,,2,98,,43773,50,,,1,100,,43771,50,,,1
9700,'Dimanche-10-_26ÉTÉ-0000001-',852,,43778,50,,,2,100,,43780,50,,,2,100,,43777,50,,,1,100,,43776,50,,,1,100,,43775,50,,,2,100,,43779,50,,,2,100,,43782,50,,,1,101,,43781,50,,,2,100,,43787,50,,,2,101,,43789,50,,,1,100,,43791,50,,,1,100,,43783,50,,,1,100,,43784,50,,,1,100,,43785,50,,,1,99,,43786,50,,,2,98,,43790,50,,,1,100,,43788,50,,,1
9700,'Semaine-1-_26ÉTÉ-1111100-',725,,43810,50,,,1,31,,43811,50,,,1,91,,43800,50,,,2,101,,43796,50,,,1,96,,43809,50,,,2,100,,43804,50,,,2,100,,43801,50,,,1,100,,43806,50,,,2,101,,43792,50,,,1,94,,43797,50,,,1,105,,43805,50,,,1,96,,43807,54,,,2,102,,43798,54,,,2,72,,43793,54,,,2,21,,43802,50,,,1,101,,43794,50,,,2,99,,43803,50,,,1,100,,43799,50,,,1,101,,43795,50,,,2,110,,43808,50,,,1
9700,'Semaine-10-_26ÉTÉ-1111100-',725,,43830,50,,,1,31,,43831,50,,,1,91,,43820,50,,,2,101,,43816,50,,,1,96,,43829,50,,,2,100,,43824,50,,,2,100,,43821,50,,,1,100,,43826,50,,,2,101,,43812,50,,,1,94,,43817,50,,,1,105,,43825,50,,,1,96,,43827,54,,,2,102,,43818,54,,,2,72,,43813,54,,,2,21,,43822,50,,,1,101,,43814,50,,,2,99,,43823,50,,,1,100,,43819,50,,,1,101,,43815,50,,,2,110,,43828,50,,,1
9700,'Semaine-11-_26ÉTÉ-1111100-',725,,48194,50,,,1,31,,48195,50,,,1,91,,48184,50,,,2,101,,48180,50,,,1,96,,48193,50,,,2,100,,48188,50,,,2,100,,48185,50,,,1,100,,48190,50,,,2,101,,48176,50,,,1,94,,48181,50,,,1,105,,48189,50,,,1,96,,48191,54,,,2,102,,48182,54,,,2,72,,48177,54,,,2,21,,48186,50,,,1,101,,48178,50,,,2,99,,48187,50,,,1,100,,48183,50,,,1,101,,48179,50,,,2,110,,48192,50,,,1
