6200,'Semaine-1-_26ÉTÉ-1111100-',608,,40944,34,,,2,30,,40960,34,,,2,70,,40945,34,,,1,31,,40957,34,,,2,70,,40956,34,,,2,31,,40955,34,,,1,98,,40946,34,,,1,100,,40951,34,,,2,100,,40948,34,,,1,100,,40958,34,,,2,100,,40961,34,,,2,100,,40964,34,,,2,87,,40965,34,,,1,30,,40953,34,,,2,71,,40959,34,,,1,29,,40947,34,,,1,70,,40966,34,,,2,27,,40962,34,,,1,70,,40954,34,,,1,100,,40963,34,,,1,96,,40949,34,,,1,100,,40952,34,,,1,100,,40950,34,,,2
6200,'Semaine-10-_26ÉTÉ-1111100-',608,,40967,34,,,2,30,,40983,34,,,2,70,,40968,34,,,1,31,,40980,34,,,2,70,,40979,34,,,2,31,,40978,34,,,1,98,,40969,34,,,1,100,,40974,34,,,2,100,,40971,34,,,1,100,,40981,34,,,2,100,,40984,34,,,2,100,,40987,34,,,2,87,,40988,34,,,1,30,,40976,34,,,2,71,,40982,34,,,1,29,,40970,34,,,1,70,,40989,34,,,2,27,,40985,34,,,1,70,,40977,34,,,1,100,,40986,34,,,1,96,,40972,34,,,1,100,,40975,34,,,1,100,,40973,34,,,2
6200,'Semaine-11-_26ÉTÉ-1111100-',608,,46930,34,,,2,30,,46946,34,,,2,70,,46931,34,,,1,31,,46943,34,,,2,70,,46942,34,,,2,31,,46941,34,,,1,98,,46932,34,,,1,100,,46937,34,,,2,100,,46934,34,,,1,100,,46944,34,,,2,100,,46947,34,,,2,100,,46950,34,,,2,87,,46951,34,,,1,30,,46939,34,,,2,71,,46945,34,,,1,29,,46933,34,,,1,70,,46952,34,,,2,27,,46948,34,,,1,70,,46940,34,,,1,100,,46949,34,,,1,96,,46935,34,,,1,100,,46938,34,,,1,100,,46936,34,,,2
7101,'Samedi-0-_26ÉTÉ-0000010-',748,,42533,24,,,2,100,,42532,24,,,2,100,,42537,24,,,1,100,,42535,24,,,1,100,,42536,24,,,1,100,,42531,24,,,1,102,,42534,24,,,1,99,,42538,24,,,2,99,,42539,24,,,2,100,,42540,24,,,2,100,,42541,24,,,2,100,,42542,24,,,2,100,,42543,24,,,1,100,,42544,24,,,1,100,,42545,24,,,2,100,,42546,24,,,1
7101,'Samedi-10-_26ÉTÉ-0000010-',748,,47621,24,,,2,100,,47620,24,,,2,100,,47625,24,,,1,100,,47623,24,,,1,100,,47624,24,,,1,100,,47619,24,,,1,102,,47622,24,,,1,99,,47626,24,,,2,99,,47627,24,,,2,100,,47628,24,,,2,100,,47629,24,,,2,100,,47630,24,,,2,100,,47631,24,,,1,100,,47632,24,,,1,100,,47633,24,,,2,100,,47634,24,,,1
7101,'Dimanche-0-_26ÉTÉ-0000001-',748,,42552,24,,,2,100,,42551,24,,,2,100,,42553,24,,,1,100,,42554,24,,,1,100,,42549,24,,,1,100,,42548,24,,,1,102,,42550,24,,,1,99,,42547,24,,,2,99,,42557,24,,,2,100,,42558,24,,,2,100,,42559,24,,,2,100,,42560,24,,,2,100,,42555,24,,,1,100,,42556,24,,,1,100,,42562,24,,,2,100,,42561,24,,,1
7101,'Dimanche-10-_26ÉTÉ-0000001-',748,,42568,24,,,2,100,,42567,24,,,2,100,,42569,24,,,1,100,,42570,24,,,1,100,,42565,24,,,1,100,,42564,24,,,1,102,,42566,24,,,1,99,,42563,24,,,2,99,,42573,24,,,2,100,,42574,24,,,2,100,,42575,24,,,2,100,,42576,24,,,2,100,,42571,24,,,1,100,,42572,24,,,1,100,,42578,24,,,2,100,,42577,24,,,1
7101,'Dimanche-11-_26ÉTÉ-0000001-',748,,49555,24,,,2,100,,49554,24,,,2,100,,49556,24,,,1,100,,49557,24,,,1,100,,49552,24,,,1,100,,49551,24,,,1,102,,49553,24,,,1,99,,49550,24,,,2,99,,49560,24,,,2,100,,49561,24,,,2,100,,49562,24,,,2,100,,49563,24,,,2,100,,49558,24,,,1,100,,49559,24,,,1,100,,49565,24,,,2,100,,49564,24,,,1
7101,'Semaine-1-_26ÉTÉ-1111100-',552,,42596,24,,,2,62,,42613,24,,,2,18,,42614,24,,,2,20,,42597,24,,,1,60,,42598,24,,,1,15,,42608,24,,,1,20,,42590,24,,,1,55,,42593,24,,,2,18,,42616,24,,,2,30,,42579,24,,,1,69,,42606,24,,,1,30,,42605,24,,,1,70,,42584,24,,,1,30,,42618,24,,,2,70,,42604,24,,,1,30,,42607,24,,,1,70,,42617,24,,,2,30,,42580,24,,,1,70,,42582,24,,,2,30,,42594,24,,,2,71,,42583,24,,,1,30,,42615,24,,,2,70,,42610,24,,,2,15,,42599,24,,,2,15,,42602,24,,,1,55,,42600,24,,,1,16,,42585,24,,,1,19,,42591,24,,,1,11,,42612,24,,,1,55,,42581,24,,,2,14,,42611,24,,,1,20,,42586,24,,,2,60,,42589,24,,,2,28,,42587,24,,,1,30,,42588,24,,,2,100,,42603,24,,,1,100,,42601,24,,,1,100,,42595,24,,,1,101,,42609,24,,,2,99,,42592,24,,,1
7101,'Semaine-10-_26ÉTÉ-1111100-',552,,42636,24,,,2,62,,42653,24,,,2,18,,42654,24,,,2,20,,42637,24,,,1,60,,42638,24,,,1,15,,42648,24,,,1,20,,42630,24,,,1,55,,42633,24,,,2,18,,42656,24,,,2,30,,42619,24,,,1,69,,42646,24,,,1,30,,42645,24,,,1,70,,42624,24,,,1,30,,42658,24,,,2,70,,42644,24,,,1,30,,42647,24,,,1,70,,42657,24,,,2,30,,42620,24,,,1,70,,42622,24,,,2,30,,42634,24,,,2,71,,42623,24,,,1,30,,42655,24,,,2,70,,42650,24,,,2,15,,42639,24,,,2,15,,42642,24,,,1,55,,42640,24,,,1,16,,42625,24,,,1,19,,42631,24,,,1,11,,42652,24,,,1,55,,42621,24,,,2,14,,42651,24,,,1,20,,42626,24,,,2,60,,42629,24,,,2,28,,42627,24,,,1,30,,42628,24,,,2,100,,42643,24,,,1,100,,42641,24,,,1,100,,42635,24,,,1,101,,42649,24,,,2,99,,42632,24,,,1
7101,'Semaine-11-_26ÉTÉ-1111100-',552,,47652,24,,,2,62,,47669,24,,,2,18,,47670,24,,,2,20,,47653,24,,,1,60,,47654,24,,,1,15,,47664,24,,,1,20,,47646,24,,,1,55,,47649,24,,,2,18,,47672,24,,,2,30,,47635,24,,,1,69,,47662,24,,,1,30,,47661,24,,,1,70,,47640,24,,,1,30,,47674,24,,,2,70,,47660,24,,,1,30,,47663,24,,,1,70,,47673,24,,,2,30,,47636,24,,,1,70,,47638,24,,,2,30,,47650,24,,,2,71,,47639,24,,,1,30,,47671,24,,,2,70,,47666,24,,,2,15,,47655,24,,,2,15,,47658,24,,,1,55,,47656,24,,,1,16,,47641,24,,,1,19,,47647,24,,,1,11,,47668,24,,,1,55,,47637,24,,,2,14,,47667,24,,,1,20,,47642,24,,,2,60,,47645,24,,,2,28,,47643,24,,,1,30,,47644,24,,,2,100,,47659,24,,,1,100,,47657,24,,,1,100,,47651,24,,,1,101,,47665,24,,,2,99,,47648,24,,,1
7301,'Semaine-1-_26ÉTÉ-1111100-',518,,42816,9,,,1,30,,42814,9,,,1,70,,42815,9,,,2,27,,42809,9,,,1,71,,42804,9,,,2,33,,42805,9,,,2,69,,42807,9,,,1,29,,42800,9,,,1,68,,42810,9,,,2,100,,42792,9,,,1,100,,42811,9,,,1,100,,42808,9,,,1,100,,42803,9,,,2,100,,42812,9,,,2,102,,42802,9,,,2,28,,42799,9,,,1,70,,42817,9,,,1,35,,42806,9,,,2,65,,42791,9,,,2,30,,42793,9,,,1,70,,42801,9,,,1,29,,42813,9,,,1,68,,42794,9,,,1,100,,42795,9,,,1,105,,42796,9,,,2,100,,42797,9,,,1,100,,42798,9,,,2
7301,'Semaine-10-_26ÉTÉ-1111100-',518,,42843,9,,,1,30,,42841,9,,,1,70,,42842,9,,,2,27,,42836,9,,,1,71,,42831,9,,,2,33,,42832,9,,,2,69,,42834,9,,,1,29,,42827,9,,,1,68,,42837,9,,,2,100,,42819,9,,,1,100,,42838,9,,,1,100,,42835,9,,,1,100,,42830,9,,,2,100,,42839,9,,,2,102,,42829,9,,,2,28,,42826,9,,,1,70,,42844,9,,,1,35,,42833,9,,,2,65,,42818,9,,,2,30,,42820,9,,,1,70,,42828,9,,,1,29,,42840,9,,,1,68,,42821,9,,,1,100,,42822,9,,,1,105,,42823,9,,,2,100,,42824,9,,,1,100,,42825,9,,,2
7301,'Semaine-11-_26ÉTÉ-1111100-',518,,47759,9,,,1,30,,47757,9,,,1,70,,47758,9,,,2,27,,47752,9,,,1,71,,47747,9,,,2,33,,47748,9,,,2,69,,47750,9,,,1,29,,47743,9,,,1,68,,47753,9,,,2,100,,47735,9,,,1,100,,47754,9,,,1,100,,47751,9,,,1,100,,47746,9,,,2,100,,47755,9,,,2,102,,47745,9,,,2,28,,47742,9,,,1,70,,47760,9,,,1,35,,47749,9,,,2,65,,47734,9,,,2,30,,47736,9,,,1,70,,47744,9,,,1,29,,47756,9,,,1,68,,47737,9,,,1,100,,47738,9,,,1,105,,47739,9,,,2,100,,47740,9,,,1,100,,47741,9,,,2
