2300,'Semaine-1-_26ÉTÉ-1111100-',1552,,37342,18,,,1,68,,37340,18,,,1,30,,37338,18,,,1,71,,37339,18,,,2,28,,37341,18,,,2,65,,37337,18,,,2
2300,'Semaine-10-_26ÉTÉ-1111100-',1552,,37348,18,,,1,68,,37346,18,,,1,30,,37344,18,,,1,71,,37345,18,,,2,28,,37347,18,,,2,65,,37343,18,,,2
2500,'Semaine-1-_26ÉTÉ-1111100-',1536,,37359,17,,,1,71,,37362,17,,,1,30,,37360,17,,,1,73,,37364,17,,,1,28,,37361,17,,,1,67,,37363,17,,,1
2500,'Semaine-10-_26ÉTÉ-1111100-',1536,,37365,17,,,1,71,,37368,17,,,1,30,,37366,17,,,1,73,,37370,17,,,1,28,,37367,17,,,1,67,,37369,17,,,1
2600,'Semaine-1-_26ÉTÉ-1111100-',1605,,37385,24,,,1,32,,37384,24,,,1,69,,37383,24,,,2,31,,37386,24,,,1,65,,37387,24,,,1
2600,'Semaine-10-_26ÉTÉ-1111100-',1605,,37390,24,,,1,32,,37389,24,,,1,69,,37388,24,,,2,31,,37391,24,,,1,65,,37392,24,,,1
2800,'Semaine-1-_26ÉTÉ-1111100-',1608,,37421,27,,,2,38,,37422,27,,,2,95,,37423,27,,,1
2800,'Semaine-10-_26ÉTÉ-1111100-',1608,,37424,27,,,2,38,,37425,27,,,2,95,,37426,27,,,1
3400,'Samedi-0-_26ÉTÉ-0000010-',745,,38218,33,,,1,104,,38223,33,,,1,70,,38219,33,,,2,31,,38225,33,,,1,70,,38226,33,,,1,31,,38220,33,,,1,70,,38221,33,,,2,30,,38222,33,,,1,70,,38224,33,,,2,31,,38227,33,,,1,70,,38229,33,,,1,31,,38228,33,,,2,70,,38230,33,,,1,30,,38231,33,,,1,70,,38232,33,,,2,29,,38233,33,,,1,70,,38234,33,,,1,31,,38235,33,,,1,70,,38236,33,,,1,30,,38237,33,,,1,70,,38238,33,,,1,29,,38239,33,,,1,68,,38240,33,,,2,30,,38241,33,,,1,70,,38242,33,,,1,30,,38243,33,,,1,70,,38244,33,,,1,30,,38245,33,,,1,70,,38246,33,,,1,29,,38248,33,,,1,71,,38247,33,,,1,29,,38250,33,,,1,70,,38249,33,,,1,27,,38251,33,,,1
3400,'Dimanche-0-_26ÉTÉ-0000001-',745,,38256,33,,,1,104,,38260,33,,,1,70,,38258,33,,,2,31,,38253,33,,,1,70,,38261,33,,,1,31,,38264,33,,,1,70,,38263,33,,,2,30,,38252,33,,,1,70,,38254,33,,,2,31,,38265,33,,,1,70,,38255,33,,,1,31,,38257,33,,,2,70,,38259,33,,,1,30,,38268,33,,,1,70,,38262,33,,,2,29,,38266,33,,,1,70,,38269,33,,,1,31,,38273,33,,,1,70,,38278,33,,,1,30,,38270,33,,,1,70,,38271,33,,,1,29,,38281,33,,,1,68,,38272,33,,,2,30,,38277,33,,,1,70,,38267,33,,,1,30,,38274,33,,,1,70,,38276,33,,,1,30,,38279,33,,,1,70,,38285,33,,,1,29,,38280,33,,,1,71,,38282,33,,,1,29,,38275,33,,,1,70,,38283,33,,,1,27,,38284,33,,,1
3400,'Dimanche-10-_26ÉTÉ-0000001-',745,,38290,33,,,1,104,,38294,33,,,1,70,,38292,33,,,2,31,,38287,33,,,1,70,,38295,33,,,1,31,,38298,33,,,1,70,,38297,33,,,2,30,,38286,33,,,1,70,,38288,33,,,2,31,,38299,33,,,1,70,,38289,33,,,1,31,,38291,33,,,2,70,,38293,33,,,1,30,,38302,33,,,1,70,,38296,33,,,2,29,,38300,33,,,1,70,,38303,33,,,1,31,,38307,33,,,1,70,,38312,33,,,1,30,,38304,33,,,1,70,,38305,33,,,1,29,,38315,33,,,1,68,,38306,33,,,2,30,,38311,33,,,1,70,,38301,33,,,1,30,,38308,33,,,1,70,,38310,33,,,1,30,,38313,33,,,1,70,,38319,33,,,1,29,,38314,33,,,1,71,,38316,33,,,1,29,,38309,33,,,1,70,,38317,33,,,1,27,,38318,33,,,1
3400,'Semaine-1-_26ÉTÉ-1111100-',627,,38350,33,,,1,31,,38335,33,,,1,73,,38329,33,,,1,72,,38333,33,,,1,30,,38324,33,,,1,71,,38344,33,,,1,28,,38330,33,,,1,27,,38320,33,,,1,70,,38325,33,,,2,30,,38326,33,,,2,70,,38331,33,,,1,30,,38321,33,,,1,71,,38351,33,,,1,70,,38327,33,,,1,30,,38332,33,,,1,70,,38322,33,,,1,32,,38348,33,,,2,70,,38323,33,,,1,27,,38349,33,,,1,304,,38347,33,,,2,20,,38336,33,,,1,68,,38328,33,,,2,30,,38340,33,,,1,70,,38346,33,,,1,30,,38337,33,,,1,69,,38339,33,,,1,30,,38341,33,,,1,70,,38334,33,,,1,30,,38343,33,,,1,69,,38338,33,,,1,28,,38342,33,,,1,70,,38345,33,,,1
3400,'Semaine-10-_26ÉTÉ-1111100-',627,,38382,33,,,1,31,,38367,33,,,1,73,,38361,33,,,1,72,,38365,33,,,1,30,,38356,33,,,1,71,,38376,33,,,1,28,,38362,33,,,1,27,,38352,33,,,1,70,,38357,33,,,2,30,,38358,33,,,2,70,,38363,33,,,1,30,,38353,33,,,1,71,,38383,33,,,1,70,,38359,33,,,1,30,,38364,33,,,1,70,,38354,33,,,1,32,,38380,33,,,2,70,,38355,33,,,1,27,,38381,33,,,1,304,,38379,33,,,2,20,,38368,33,,,1,68,,38360,33,,,2,30,,38372,33,,,1,70,,38378,33,,,1,30,,38369,33,,,1,69,,38371,33,,,1,30,,38373,33,,,1,70,,38366,33,,,1,30,,38375,33,,,1,69,,38370,33,,,1,28,,38374,33,,,1,70,,38377,33,,,1
4901,'Samedi-0-_26ÉTÉ-0000010-',723,,39783,15,,,1,100,,39782,15,,,1,100,,39784,15,,,1,100,,39780,15,,,1,100,,39785,15,,,1,100,,39781,15,,,1,98,,39786,15,,,1,103,,39787,15,,,1,99,,39788,15,,,1,100,,39789,15,,,1,100,,39790,15,,,1,98,,39791,15,,,1,102,,39792,15,,,1,100,,39793,15,,,1,100,,39794,15,,,1,100,,39795,15,,,1,99,,39796,15,,,1
4901,'Dimanche-0-_26ÉTÉ-0000001-',723,,39801,15,,,1,100,,39797,15,,,1,100,,39800,15,,,1,100,,39802,15,,,1,100,,39799,15,,,1,100,,39798,15,,,1,98,,39804,15,,,1,103,,39805,15,,,1,99,,39803,15,,,1,100,,39809,15,,,1,100,,39813,15,,,1,98,,39806,15,,,1,102,,39807,15,,,1,100,,39808,15,,,1,100,,39810,15,,,1,100,,39811,15,,,1,99,,39812,15,,,1
4901,'Dimanche-10-_26ÉTÉ-0000001-',723,,39818,15,,,1,100,,39814,15,,,1,100,,39817,15,,,1,100,,39819,15,,,1,100,,39816,15,,,1,100,,39815,15,,,1,98,,39821,15,,,1,103,,39822,15,,,1,99,,39820,15,,,1,100,,39826,15,,,1,100,,39830,15,,,1,98,,39823,15,,,1,102,,39824,15,,,1,100,,39825,15,,,1,100,,39827,15,,,1,100,,39828,15,,,1,99,,39829,15,,,1
4901,'Semaine-1-_26ÉTÉ-1111100-',605,,39836,15,,,1,48,,39841,15,,,1,70,,39857,15,,,1,31,,39853,15,,,1,69,,39851,15,,,1,28,,39860,15,,,1,70,,39843,15,,,1,30,,39858,15,,,1,70,,39855,15,,,1,30,,39831,15,,,1,70,,39852,15,,,1,30,,39832,15,,,1,72,,39837,15,,,1,28,,39839,15,,,1,68,,39844,15,,,1,31,,39859,15,,,1,71,,39842,15,,,1,31,,39861,15,,,1,71,,39845,15,,,1,32,,39848,15,,,1,70,,39838,15,,,1,28,,39840,15,,,1,69,,39856,15,,,1,29,,39850,15,,,1,70,,39854,15,,,1,95,,39833,15,,,1,40,,39849,15,,,1,100,,39847,15,,,1,100,,39834,15,,,1,100,,39846,15,,,1,98,,39835,15,,,1
4901,'Semaine-10-_26ÉTÉ-1111100-',605,,39867,15,,,1,48,,39872,15,,,1,70,,39888,15,,,1,31,,39884,15,,,1,69,,39882,15,,,1,28,,39891,15,,,1,70,,39874,15,,,1,30,,39889,15,,,1,70,,39886,15,,,1,30,,39862,15,,,1,70,,39883,15,,,1,30,,39863,15,,,1,72,,39868,15,,,1,28,,39870,15,,,1,68,,39875,15,,,1,31,,39890,15,,,1,71,,39873,15,,,1,31,,39892,15,,,1,71,,39876,15,,,1,32,,39879,15,,,1,70,,39869,15,,,1,28,,39871,15,,,1,69,,39887,15,,,1,29,,39881,15,,,1,70,,39885,15,,,1,95,,39864,15,,,1,40,,39880,15,,,1,100,,39878,15,,,1,100,,39865,15,,,1,100,,39877,15,,,1,98,,39866,15,,,1
