2000,'Semaine-1-_26ÉTÉ-1111100-',658,,37327,22,,,1,99,,37326,22,,,1,101,,37325,22,,,2
2000,'Semaine-10-_26ÉTÉ-1111100-',658,,37330,22,,,1,99,,37329,22,,,1,101,,37328,22,,,2
2000,'Semaine-11-_26ÉTÉ-1111100-',658,,45369,22,,,1,99,,45368,22,,,1,101,,45367,22,,,2
2700,'Semaine-1-_26ÉTÉ-1111100-',1610,,37405,24,,,1,30,,37403,24,,,2,67,,37407,24,,,1,31,,37404,24,,,1,68,,37406,24,,,2
2700,'Semaine-10-_26ÉTÉ-1111100-',1610,,37410,24,,,1,30,,37408,24,,,2,67,,37412,24,,,1,31,,37409,24,,,1,68,,37411,24,,,2
2700,'Semaine-11-_26ÉTÉ-1111100-',1610,,45408,24,,,1,30,,45406,24,,,2,67,,45410,24,,,1,31,,45407,24,,,1,68,,45409,24,,,2
3800,'Samedi-0-_26ÉTÉ-0000010-',753,,38928,28,,,1,72,,38921,28,,,1,23,,38922,28,,,1,77,,38933,28,,,1,28,,38925,28,,,1,72,,38923,28,,,1,28,,38934,28,,,1,72,,38926,28,,,1,30,,38932,28,,,1,72,,38924,28,,,1,28,,38927,28,,,1,73,,38931,28,,,1,27,,38929,28,,,1,72,,38930,28,,,1,28,,38935,28,,,1,73,,38936,28,,,1,27,,38937,28,,,1,74,,38938,28,,,1,24,,38939,28,,,1,73,,38940,28,,,1,27,,38941,28,,,1,73,,38942,28,,,1,27,,38943,28,,,1,73,,38944,28,,,1,27,,38945,28,,,1,71,,38946,28,,,1,29,,38948,28,,,1,71,,38947,28,,,1,29,,38950,28,,,1,70,,38949,28,,,1,30,,38951,28,,,1,70,,38952,28,,,1,30,,38953,28,,,1
3800,'Samedi-10-_26ÉTÉ-0000010-',753,,46085,28,,,1,72,,46078,28,,,1,23,,46079,28,,,1,77,,46090,28,,,1,28,,46082,28,,,1,72,,46080,28,,,1,28,,46091,28,,,1,72,,46083,28,,,1,30,,46089,28,,,1,72,,46081,28,,,1,28,,46084,28,,,1,73,,46088,28,,,1,27,,46086,28,,,1,72,,46087,28,,,1,28,,46092,28,,,1,73,,46093,28,,,1,27,,46094,28,,,1,74,,46095,28,,,1,24,,46096,28,,,1,73,,46097,28,,,1,27,,46098,28,,,1,73,,46099,28,,,1,27,,46100,28,,,1,73,,46101,28,,,1,27,,46102,28,,,1,71,,46103,28,,,1,29,,46105,28,,,1,71,,46104,28,,,1,29,,46107,28,,,1,70,,46106,28,,,1,30,,46108,28,,,1,70,,46109,28,,,1,30,,46110,28,,,1
3800,'Dimanche-0-_26ÉTÉ-0000001-',753,,38963,28,,,1,72,,38961,28,,,1,23,,38959,28,,,1,77,,38966,28,,,1,28,,38954,28,,,1,72,,38955,28,,,1,28,,38967,28,,,1,72,,38962,28,,,1,30,,38956,28,,,1,72,,38957,28,,,1,28,,38960,28,,,1,73,,38958,28,,,1,27,,38969,28,,,1,72,,38971,28,,,1,28,,38964,28,,,1,73,,38970,28,,,1,27,,38972,28,,,1,74,,38965,28,,,1,24,,38968,28,,,1,73,,38976,28,,,1,27,,38981,28,,,1,73,,38978,28,,,1,27,,38977,28,,,1,73,,38975,28,,,1,27,,38980,28,,,1,71,,38985,28,,,1,29,,38983,28,,,1,71,,38973,28,,,1,29,,38974,28,,,1,70,,38984,28,,,1,30,,38982,28,,,1,70,,38979,28,,,1,30,,38986,28,,,1
3800,'Dimanche-10-_26ÉTÉ-0000001-',753,,38996,28,,,1,72,,38994,28,,,1,23,,38992,28,,,1,77,,38999,28,,,1,28,,38987,28,,,1,72,,38988,28,,,1,28,,39000,28,,,1,72,,38995,28,,,1,30,,38989,28,,,1,72,,38990,28,,,1,28,,38993,28,,,1,73,,38991,28,,,1,27,,39002,28,,,1,72,,39004,28,,,1,28,,38997,28,,,1,73,,39003,28,,,1,27,,39005,28,,,1,74,,38998,28,,,1,24,,39001,28,,,1,73,,39009,28,,,1,27,,39014,28,,,1,73,,39011,28,,,1,27,,39010,28,,,1,73,,39008,28,,,1,27,,39013,28,,,1,71,,39018,28,,,1,29,,39016,28,,,1,71,,39006,28,,,1,29,,39007,28,,,1,70,,39017,28,,,1,30,,39015,28,,,1,70,,39012,28,,,1,30,,39019,28,,,1
3800,'Semaine-1-_26ÉTÉ-1111100-',708,,39036,28,,,1,20,,39052,28,,,1,31,,39047,28,,,1,70,,39060,28,,,1,30,,39057,28,,,1,70,,39033,28,,,1,20,,39029,28,,,1,60,,39040,28,,,1,20,,39025,28,,,1,20,,39049,28,,,1,60,,39034,28,,,1,22,,39030,28,,,1,20,,39041,28,,,1,60,,39026,28,,,1,20,,39048,28,,,1,20,,39059,28,,,1,60,,39031,28,,,1,20,,39042,28,,,1,20,,39050,28,,,1,60,,39061,28,,,1,20,,39035,28,,,1,22,,39032,28,,,1,62,,39043,28,,,1,30,,39056,28,,,1,73,,39021,28,,,1,30,,39045,28,,,1,75,,39054,28,,,1,25,,39044,28,,,1,63,,39058,28,,,1,27,,39024,28,,,1,69,,39055,28,,,1,30,,39038,28,,,1,70,,39046,28,,,1,28,,39051,28,,,1,70,,39053,28,,,1,30,,39037,28,,,1,70,,39023,28,,,1,30,,39039,28,,,1,70,,39027,28,,,1,30,,39022,28,,,1,70,,39020,28,,,1,26,,39028,28,,,1
3800,'Semaine-10-_26ÉTÉ-1111100-',708,,39078,28,,,1,20,,39094,28,,,1,31,,39089,28,,,1,70,,39102,28,,,1,30,,39099,28,,,1,70,,39075,28,,,1,20,,39071,28,,,1,60,,39082,28,,,1,20,,39067,28,,,1,20,,39091,28,,,1,60,,39076,28,,,1,22,,39072,28,,,1,20,,39083,28,,,1,60,,39068,28,,,1,20,,39090,28,,,1,20,,39101,28,,,1,60,,39073,28,,,1,20,,39084,28,,,1,20,,39092,28,,,1,60,,39103,28,,,1,20,,39077,28,,,1,22,,39074,28,,,1,62,,39085,28,,,1,30,,39098,28,,,1,73,,39063,28,,,1,30,,39087,28,,,1,75,,39096,28,,,1,25,,39086,28,,,1,63,,39100,28,,,1,27,,39066,28,,,1,69,,39097,28,,,1,30,,39080,28,,,1,70,,39088,28,,,1,28,,39093,28,,,1,70,,39095,28,,,1,30,,39079,28,,,1,70,,39065,28,,,1,30,,39081,28,,,1,70,,39069,28,,,1,30,,39064,28,,,1,70,,39062,28,,,1,26,,39070,28,,,1
3800,'Semaine-11-_26ÉTÉ-1111100-',708,,46127,28,,,1,20,,46143,28,,,1,31,,46138,28,,,1,70,,46151,28,,,1,30,,46148,28,,,1,70,,46124,28,,,1,20,,46120,28,,,1,60,,46131,28,,,1,20,,46116,28,,,1,20,,46140,28,,,1,60,,46125,28,,,1,22,,46121,28,,,1,20,,46132,28,,,1,60,,46117,28,,,1,20,,46139,28,,,1,20,,46150,28,,,1,60,,46122,28,,,1,20,,46133,28,,,1,20,,46141,28,,,1,60,,46152,28,,,1,20,,46126,28,,,1,22,,46123,28,,,1,62,,46134,28,,,1,30,,46147,28,,,1,73,,46112,28,,,1,30,,46136,28,,,1,75,,46145,28,,,1,25,,46135,28,,,1,63,,46149,28,,,1,27,,46115,28,,,1,69,,46146,28,,,1,30,,46129,28,,,1,70,,46137,28,,,1,28,,46142,28,,,1,70,,46144,28,,,1,30,,46128,28,,,1,70,,46114,28,,,1,30,,46130,28,,,1,70,,46118,28,,,1,30,,46113,28,,,1,70,,46111,28,,,1,26,,46119,28,,,1
3900,'Samedi-0-_26ÉTÉ-0000010-',715,,39287,53,,,1,101,,39288,53,,,1,100,,39292,53,,,1,102,,39291,53,,,1,100,,39294,53,,,1,98,,39293,53,,,1,104,,39289,53,,,1,30,,39290,53,,,1,70,,39295,53,,,1,31,,39296,53,,,2,70,,39297,53,,,1,30,,39298,53,,,1,71,,39299,53,,,2,30,,39300,53,,,1,70,,39301,53,,,1,30,,39302,53,,,1,66,,39303,53,,,1,29,,39304,53,,,1,69,,39305,53,,,1,31,,39306,53,,,1,100,,39307,53,,,1,100,,39308,53,,,1,100,,39309,53,,,1,97,,39310,53,,,1
3900,'Samedi-10-_26ÉTÉ-0000010-',715,,46228,53,,,1,101,,46229,53,,,1,100,,46233,53,,,1,102,,46232,53,,,1,100,,46235,53,,,1,98,,46234,53,,,1,104,,46230,53,,,1,30,,46231,53,,,1,70,,46236,53,,,1,31,,46237,53,,,2,70,,46238,53,,,1,30,,46239,53,,,1,71,,46240,53,,,2,30,,46241,53,,,1,70,,46242,53,,,1,30,,46243,53,,,1,66,,46244,53,,,1,29,,46245,53,,,1,69,,46246,53,,,1,31,,46247,53,,,1,100,,46248,53,,,1,100,,46249,53,,,1,100,,46250,53,,,1,97,,46251,53,,,1
3900,'Dimanche-0-_26ÉTÉ-0000001-',715,,39311,53,,,1,101,,39318,53,,,1,100,,39312,53,,,1,102,,39314,53,,,1,100,,39320,53,,,1,98,,39313,53,,,1,104,,39319,53,,,1,30,,39315,53,,,1,70,,39316,53,,,1,31,,39321,53,,,2,70,,39323,53,,,1,30,,39317,53,,,1,71,,39322,53,,,2,30,,39324,53,,,1,70,,39325,53,,,1,30,,39331,53,,,1,66,,39332,53,,,1,29,,39334,53,,,1,69,,39330,53,,,1,31,,39328,53,,,1,100,,39329,53,,,1,100,,39333,53,,,1,100,,39326,53,,,1,97,,39327,53,,,1
3900,'Dimanche-10-_26ÉTÉ-0000001-',715,,39335,53,,,1,101,,39342,53,,,1,100,,39336,53,,,1,102,,39338,53,,,1,100,,39344,53,,,1,98,,39337,53,,,1,104,,39343,53,,,1,30,,39339,53,,,1,70,,39340,53,,,1,31,,39345,53,,,2,70,,39347,53,,,1,30,,39341,53,,,1,71,,39346,53,,,2,30,,39348,53,,,1,70,,39349,53,,,1,30,,39355,53,,,1,66,,39356,53,,,1,29,,39358,53,,,1,69,,39354,53,,,1,31,,39352,53,,,1,100,,39353,53,,,1,100,,39357,53,,,1,100,,39350,53,,,1,97,,39351,53,,,1
3900,'Semaine-1-_26ÉTÉ-1111100-',654,,39376,53,,,2,67,,39362,53,,,1,34,,39381,53,,,2,68,,39374,53,,,1,30,,39375,53,,,1,69,,39373,53,,,1,32,,39370,53,,,1,70,,39387,53,,,1,30,,39382,53,,,1,71,,39394,53,,,1,30,,39379,53,,,2,71,,39383,53,,,1,29,,39371,53,,,1,72,,39369,53,,,2,29,,39384,53,,,1,69,,39372,53,,,1,30,,39359,53,,,2,75,,39385,53,,,1,74,,39366,53,,,2,30,,39368,53,,,1,69,,39386,53,,,2,34,,39365,53,,,1,67,,39360,53,,,1,30,,39388,53,,,1,23,,39367,53,,,1,71,,39361,53,,,1,29,,39389,53,,,2,72,,39364,53,,,1,25,,39380,53,,,2,66,,39390,53,,,1,30,,39363,53,,,1,70,,39378,53,,,1,30,,39391,53,,,1,70,,39377,53,,,1,30,,39393,53,,,1,69,,39392,53,,,1
3900,'Semaine-10-_26ÉTÉ-1111100-',654,,39412,53,,,2,67,,39398,53,,,1,34,,39417,53,,,2,68,,39410,53,,,1,30,,39411,53,,,1,69,,39409,53,,,1,32,,39406,53,,,1,70,,39423,53,,,1,30,,39418,53,,,1,71,,39430,53,,,1,30,,39415,53,,,2,71,,39419,53,,,1,29,,39407,53,,,1,72,,39405,53,,,2,29,,39420,53,,,1,69,,39408,53,,,1,30,,39395,53,,,2,75,,39421,53,,,1,74,,39402,53,,,2,30,,39404,53,,,1,69,,39422,53,,,2,34,,39401,53,,,1,67,,39396,53,,,1,30,,39424,53,,,1,23,,39403,53,,,1,71,,39397,53,,,1,29,,39425,53,,,2,72,,39400,53,,,1,25,,39416,53,,,2,66,,39426,53,,,1,30,,39399,53,,,1,70,,39414,53,,,1,30,,39427,53,,,1,70,,39413,53,,,1,30,,39429,53,,,1,69,,39428,53,,,1
3900,'Semaine-11-_26ÉTÉ-1111100-',654,,46269,53,,,2,67,,46255,53,,,1,34,,46274,53,,,2,68,,46267,53,,,1,30,,46268,53,,,1,69,,46266,53,,,1,32,,46263,53,,,1,70,,46280,53,,,1,30,,46275,53,,,1,71,,46287,53,,,1,30,,46272,53,,,2,71,,46276,53,,,1,29,,46264,53,,,1,72,,46262,53,,,2,29,,46277,53,,,1,69,,46265,53,,,1,30,,46252,53,,,2,75,,46278,53,,,1,74,,46259,53,,,2,30,,46261,53,,,1,69,,46279,53,,,2,34,,46258,53,,,1,67,,46253,53,,,1,30,,46281,53,,,1,23,,46260,53,,,1,71,,46254,53,,,1,29,,46282,53,,,2,72,,46257,53,,,1,25,,46273,53,,,2,66,,46283,53,,,1,30,,46256,53,,,1,70,,46271,53,,,1,30,,46284,53,,,1,70,,46270,53,,,1,30,,46286,53,,,1,69,,46285,53,,,1
6401,'Samedi-0-_26ÉTÉ-0000010-',719,,41247,12,,,1,100,,41244,12,,,1,100,,41246,12,,,1,100,,41249,12,,,1,100,,41245,12,,,2,100,,41250,12,,,1,100,,41248,12,,,1,100,,41251,12,,,2,100,,41252,12,,,1,100,,41253,12,,,1,100,,41254,12,,,1
6401,'Samedi-10-_26ÉTÉ-0000010-',719,,47069,12,,,1,100,,47066,12,,,1,100,,47068,12,,,1,100,,47071,12,,,1,100,,47067,12,,,2,100,,47072,12,,,1,100,,47070,12,,,1,100,,47073,12,,,2,100,,47074,12,,,1,100,,47075,12,,,1,100,,47076,12,,,1
6401,'Dimanche-0-_26ÉTÉ-0000001-',719,,41259,12,,,1,100,,41257,12,,,1,100,,41262,12,,,1,100,,41255,12,,,1,100,,41261,12,,,2,100,,41263,12,,,1,100,,41256,12,,,1,100,,41260,12,,,2,100,,41258,12,,,1,100,,41264,12,,,1,100,,41265,12,,,1
6401,'Dimanche-10-_26ÉTÉ-0000001-',719,,41270,12,,,1,100,,41268,12,,,1,100,,41273,12,,,1,100,,41266,12,,,1,100,,41272,12,,,2,100,,41274,12,,,1,100,,41267,12,,,1,100,,41271,12,,,2,100,,41269,12,,,1,100,,41275,12,,,1,100,,41276,12,,,1
6401,'Semaine-1-_26ÉTÉ-1111100-',519,,41277,12,,,1,108,,41287,12,,,2,100,,41289,12,,,2,100,,41286,12,,,2,94,,41294,12,,,2,100,,41281,12,,,2,100,,41280,12,,,2,100,,41292,12,,,1,100,,41288,12,,,1,99,,41290,12,,,1,115,,41291,12,,,1,87,,41282,12,,,1,98,,41278,12,,,1,100,,41279,12,,,1,99,,41285,12,,,1,100,,41283,12,,,1,100,,41284,12,,,1,100,,41293,12,,,1
6401,'Semaine-10-_26ÉTÉ-1111100-',519,,41295,12,,,1,108,,41305,12,,,2,100,,41307,12,,,2,100,,41304,12,,,2,94,,41312,12,,,2,100,,41299,12,,,2,100,,41298,12,,,2,100,,41310,12,,,1,100,,41306,12,,,1,99,,41308,12,,,1,115,,41309,12,,,1,87,,41300,12,,,1,98,,41296,12,,,1,100,,41297,12,,,1,99,,41303,12,,,1,100,,41301,12,,,1,100,,41302,12,,,1,100,,41311,12,,,1
6401,'Semaine-11-_26ÉTÉ-1111100-',519,,47077,12,,,1,108,,47087,12,,,2,100,,47089,12,,,2,100,,47086,12,,,2,94,,47094,12,,,2,100,,47081,12,,,2,100,,47080,12,,,2,100,,47092,12,,,1,100,,47088,12,,,1,99,,47090,12,,,1,115,,47091,12,,,1,87,,47082,12,,,1,98,,47078,12,,,1,100,,47079,12,,,1,99,,47085,12,,,1,100,,47083,12,,,1,100,,47084,12,,,1,100,,47093,12,,,1
