2701,'Semaine-1-_26ÉTÉ-1111100-',630,,37415,31,,,1,87,,37416,31,,,1,86,,37413,31,,,1,29,,37414,31,,,1
2701,'Semaine-10-_26ÉTÉ-1111100-',630,,37419,31,,,1,87,,37420,31,,,1,86,,37417,31,,,1,29,,37418,31,,,1
2701,'Semaine-11-_26ÉTÉ-1111100-',630,,45413,31,,,1,87,,45414,31,,,1,86,,45411,31,,,1,29,,45412,31,,,1
3901,'Samedi-0-_26ÉTÉ-0000010-',615,,39431,15,,,1,100,,39433,15,,,1,100,,39437,15,,,1,101,,39436,15,,,1,100,,39439,15,,,1,100,,39438,15,,,1,100,,39434,15,,,1,30,,39432,15,,,1,70,,39440,15,,,1,30,,39435,15,,,2,71,,39441,15,,,1,30,,39442,15,,,1,70,,39443,15,,,2,30,,39444,15,,,1,70,,39445,15,,,1,30,,39446,15,,,1,70,,39447,15,,,1,30,,39448,15,,,1,70,,39449,15,,,1,29,,39450,15,,,1,100,,39451,15,,,1,100,,39452,15,,,1,100,,39453,15,,,1,100,,39454,15,,,1
3901,'Samedi-10-_26ÉTÉ-0000010-',615,,46288,15,,,1,100,,46290,15,,,1,100,,46294,15,,,1,101,,46293,15,,,1,100,,46296,15,,,1,100,,46295,15,,,1,100,,46291,15,,,1,30,,46289,15,,,1,70,,46297,15,,,1,30,,46292,15,,,2,71,,46298,15,,,1,30,,46299,15,,,1,70,,46300,15,,,2,30,,46301,15,,,1,70,,46302,15,,,1,30,,46303,15,,,1,70,,46304,15,,,1,30,,46305,15,,,1,70,,46306,15,,,1,29,,46307,15,,,1,100,,46308,15,,,1,100,,46309,15,,,1,100,,46310,15,,,1,100,,46311,15,,,1
3901,'Dimanche-0-_26ÉTÉ-0000001-',615,,39455,15,,,1,100,,39462,15,,,1,100,,39456,15,,,1,101,,39459,15,,,1,100,,39464,15,,,1,100,,39457,15,,,1,100,,39463,15,,,1,30,,39458,15,,,1,70,,39460,15,,,1,30,,39465,15,,,2,71,,39467,15,,,1,30,,39461,15,,,1,70,,39466,15,,,2,30,,39468,15,,,1,70,,39469,15,,,1,30,,39474,15,,,1,70,,39476,15,,,1,30,,39478,15,,,1,70,,39475,15,,,1,29,,39472,15,,,1,100,,39473,15,,,1,100,,39477,15,,,1,100,,39470,15,,,1,100,,39471,15,,,1
3901,'Dimanche-10-_26ÉTÉ-0000001-',615,,39479,15,,,1,100,,39486,15,,,1,100,,39480,15,,,1,101,,39483,15,,,1,100,,39488,15,,,1,100,,39481,15,,,1,100,,39487,15,,,1,30,,39482,15,,,1,70,,39484,15,,,1,30,,39489,15,,,2,71,,39491,15,,,1,30,,39485,15,,,1,70,,39490,15,,,2,30,,39492,15,,,1,70,,39493,15,,,1,30,,39498,15,,,1,70,,39500,15,,,1,30,,39502,15,,,1,70,,39499,15,,,1,29,,39496,15,,,1,100,,39497,15,,,1,100,,39501,15,,,1,100,,39494,15,,,1,100,,39495,15,,,1
3901,'Semaine-1-_26ÉTÉ-1111100-',637,,39525,15,,,2,66,,39514,15,,,1,35,,39515,15,,,1,74,,39511,15,,,1,33,,39517,15,,,1,70,,39519,15,,,1,30,,39526,15,,,1,70,,39537,15,,,1,30,,39532,15,,,2,70,,39527,15,,,1,30,,39512,15,,,1,72,,39521,15,,,2,30,,39528,15,,,1,69,,39513,15,,,1,30,,39510,15,,,2,72,,39529,15,,,1,29,,39522,15,,,2,71,,39503,15,,,1,31,,39530,15,,,2,70,,39508,15,,,1,30,,39505,15,,,1,71,,39533,15,,,1,28,,39518,15,,,1,71,,39524,15,,,1,31,,39509,15,,,2,72,,39531,15,,,1,25,,39504,15,,,2,66,,39534,15,,,1,30,,39507,15,,,1,70,,39523,15,,,1,32,,39535,15,,,1,70,,39506,15,,,1,30,,39516,15,,,1,72,,39536,15,,,1,30,,39520,15,,,1
3901,'Semaine-10-_26ÉTÉ-1111100-',637,,39560,15,,,2,66,,39549,15,,,1,35,,39550,15,,,1,74,,39546,15,,,1,33,,39552,15,,,1,70,,39554,15,,,1,30,,39561,15,,,1,70,,39572,15,,,1,30,,39567,15,,,2,70,,39562,15,,,1,30,,39547,15,,,1,72,,39556,15,,,2,30,,39563,15,,,1,69,,39548,15,,,1,30,,39545,15,,,2,72,,39564,15,,,1,29,,39557,15,,,2,71,,39538,15,,,1,31,,39565,15,,,2,70,,39543,15,,,1,30,,39540,15,,,1,71,,39568,15,,,1,28,,39553,15,,,1,71,,39559,15,,,1,31,,39544,15,,,2,72,,39566,15,,,1,25,,39539,15,,,2,66,,39569,15,,,1,30,,39542,15,,,1,70,,39558,15,,,1,32,,39570,15,,,1,70,,39541,15,,,1,30,,39551,15,,,1,72,,39571,15,,,1,30,,39555,15,,,1
3901,'Semaine-11-_26ÉTÉ-1111100-',637,,46334,15,,,2,66,,46323,15,,,1,35,,46324,15,,,1,74,,46320,15,,,1,33,,46326,15,,,1,70,,46328,15,,,1,30,,46335,15,,,1,70,,46346,15,,,1,30,,46341,15,,,2,70,,46336,15,,,1,30,,46321,15,,,1,72,,46330,15,,,2,30,,46337,15,,,1,69,,46322,15,,,1,30,,46319,15,,,2,72,,46338,15,,,1,29,,46331,15,,,2,71,,46312,15,,,1,31,,46339,15,,,2,70,,46317,15,,,1,30,,46314,15,,,1,71,,46342,15,,,1,28,,46327,15,,,1,71,,46333,15,,,1,31,,46318,15,,,2,72,,46340,15,,,1,25,,46313,15,,,2,66,,46343,15,,,1,30,,46316,15,,,1,70,,46332,15,,,1,32,,46344,15,,,1,70,,46315,15,,,1,30,,46325,15,,,1,72,,46345,15,,,1,30,,46329,15,,,1
