9301,'Semaine-1-_26ÉTÉ-1111100-',548,,43696,6,,,1,60,,43694,6,,,1,20,,43693,6,,,1,30,,43697,6,,,2,70,,43695,6,,,1
9301,'Semaine-10-_26ÉTÉ-1111100-',548,,43701,6,,,1,60,,43699,6,,,1,20,,43698,6,,,1,30,,43702,6,,,2,70,,43700,6,,,1
9301,'Semaine-11-_26ÉTÉ-1111100-',548,,48138,6,,,1,60,,48136,6,,,1,20,,48135,6,,,1,30,,48139,6,,,2,70,,48137,6,,,1
9301,'Semaine-12-_26ÉTÉ-1111100-',548,,54314,6,,,1,60,,54312,6,,,1,20,,54311,6,,,1,30,,54315,6,,,2,70,,54313,6,,,1
9301,'Semaine-5-_26ÉTÉ-1111100-',548,,51881,6,,,1,60,,51879,6,,,1,20,,51878,6,,,1,30,,51882,6,,,2,70,,51880,6,,,1
9401,'Semaine-1-_26ÉTÉ-1111100-',528,,43703,6,,,1
9401,'Semaine-10-_26ÉTÉ-1111100-',528,,43704,6,,,1
9401,'Semaine-11-_26ÉTÉ-1111100-',528,,48140,6,,,1
9401,'Semaine-12-_26ÉTÉ-1111100-',528,,54316,6,,,1
9401,'Semaine-5-_26ÉTÉ-1111100-',528,,51883,6,,,1
