3601,'Semaine-1-_26ÉTÉ-1111100-',846,,38696,14,,,1,90,,38694,14,,,1,100,,38697,14,,,1,100,,38695,14,,,1,99,,38700,14,,,1,100,,38699,14,,,1,101,,38698,14,,,1
3601,'Semaine-10-_26ÉTÉ-1111100-',846,,38703,14,,,1,90,,38701,14,,,1,100,,38704,14,,,1,100,,38702,14,,,1,99,,38707,14,,,1,100,,38706,14,,,1,101,,38705,14,,,1
3701,'Samedi-0-_26ÉTÉ-0000010-',650,,38821,14,,,1,100,,38826,14,,,1,100,,38820,14,,,1,100,,38825,14,,,1,101,,38822,14,,,1,99,,38823,14,,,1,100,,38827,14,,,1,100,,38824,14,,,1,100,,38828,14,,,1,100,,38829,14,,,1,100,,38830,14,,,1,100,,38831,14,,,1,100,,38832,14,,,1,102,,38833,14,,,1,98,,38834,14,,,1,98,,38835,14,,,1,100,,38836,14,,,1
3701,'Dimanche-0-_26ÉTÉ-0000001-',650,,38837,14,,,1,100,,38841,14,,,1,100,,38842,14,,,1,100,,38844,14,,,1,101,,38843,14,,,1,99,,38839,14,,,1,100,,38838,14,,,1,100,,38840,14,,,1,100,,38845,14,,,1,100,,38849,14,,,1,100,,38852,14,,,1,100,,38846,14,,,1,100,,38847,14,,,1,102,,38853,14,,,1,98,,38851,14,,,1,98,,38848,14,,,1,100,,38850,14,,,1
3701,'Dimanche-10-_26ÉTÉ-0000001-',650,,38854,14,,,1,100,,38858,14,,,1,100,,38859,14,,,1,100,,38861,14,,,1,101,,38860,14,,,1,99,,38856,14,,,1,100,,38855,14,,,1,100,,38857,14,,,1,100,,38862,14,,,1,100,,38866,14,,,1,100,,38869,14,,,1,100,,38863,14,,,1,100,,38864,14,,,1,102,,38870,14,,,1,98,,38868,14,,,1,98,,38865,14,,,1,100,,38867,14,,,1
3701,'Semaine-1-_26ÉTÉ-1111100-',518,,38884,14,,,1,29,,38882,14,,,1,75,,38886,14,,,1,30,,38876,14,,,1,68,,38893,14,,,1,20,,38873,14,,,1,10,,38894,14,,,1,72,,38875,14,,,1,99,,38892,14,,,1,100,,38880,14,,,1,100,,38874,14,,,1,101,,38872,14,,,1,99,,38877,14,,,1,100,,38888,14,,,1,98,,38871,14,,,1,31,,38887,14,,,1,70,,38890,14,,,1,30,,38885,14,,,1,71,,38891,14,,,1,30,,38895,14,,,1,85,,38879,14,,,1,100,,38889,14,,,1,101,,38881,14,,,1,99,,38878,14,,,1,102,,38883,14,,,1
3701,'Semaine-10-_26ÉTÉ-1111100-',518,,38909,14,,,1,29,,38907,14,,,1,75,,38911,14,,,1,30,,38901,14,,,1,68,,38918,14,,,1,20,,38898,14,,,1,10,,38919,14,,,1,72,,38900,14,,,1,99,,38917,14,,,1,100,,38905,14,,,1,100,,38899,14,,,1,101,,38897,14,,,1,99,,38902,14,,,1,100,,38913,14,,,1,98,,38896,14,,,1,31,,38912,14,,,1,70,,38915,14,,,1,30,,38910,14,,,1,71,,38916,14,,,1,30,,38920,14,,,1,85,,38904,14,,,1,100,,38914,14,,,1,101,,38906,14,,,1,99,,38903,14,,,1,102,,38908,14,,,1
37101,'Samedi-0-_26ÉTÉ-0000010-',722,,44208,14,,,1,99,,44207,14,,,1,102,,44211,14,,,1,100,,44210,14,,,1,100,,44212,14,,,1,100,,44209,14,,,1,100,,44213,14,,,1,101,,44214,14,,,1,99,,44215,14,,,1,99,,44216,14,,,1,100,,44217,14,,,1,100,,44218,14,,,1,100,,44219,14,,,1,100,,44220,14,,,1,100,,44221,14,,,1,100,,44222,14,,,1,100,,44223,14,,,1
37101,'Dimanche-0-_26ÉTÉ-0000001-',722,,44227,14,,,1,99,,44224,14,,,1,102,,44228,14,,,1,100,,44225,14,,,1,100,,44231,14,,,1,100,,44226,14,,,1,100,,44229,14,,,1,101,,44234,14,,,1,99,,44230,14,,,1,99,,44235,14,,,1,100,,44240,14,,,1,100,,44232,14,,,1,100,,44233,14,,,1,100,,44237,14,,,1,100,,44239,14,,,1,100,,44236,14,,,1,100,,44238,14,,,1
37101,'Dimanche-10-_26ÉTÉ-0000001-',722,,44244,14,,,1,99,,44241,14,,,1,102,,44245,14,,,1,100,,44242,14,,,1,100,,44248,14,,,1,100,,44243,14,,,1,100,,44246,14,,,1,101,,44251,14,,,1,99,,44247,14,,,1,99,,44252,14,,,1,100,,44257,14,,,1,100,,44249,14,,,1,100,,44250,14,,,1,100,,44254,14,,,1,100,,44256,14,,,1,100,,44253,14,,,1,100,,44255,14,,,1
37101,'Semaine-1-_26ÉTÉ-1111100-',530,,44274,14,,,1,70,,44277,14,,,1,29,,44270,14,,,1,72,,44272,14,,,1,29,,44282,14,,,1,70,,44281,14,,,1,30,,44276,14,,,1,70,,44260,14,,,1,100,,44267,14,,,1,100,,44265,14,,,1,58,,44266,14,,,1,142,,44280,14,,,1,100,,44263,14,,,1,100,,44264,14,,,1,29,,44261,14,,,1,28,,44268,14,,,1,73,,44278,14,,,1,70,,44279,14,,,1,30,,44258,14,,,1,80,,44262,14,,,1,96,,44273,14,,,1,100,,44275,14,,,1,100,,44259,14,,,1,99,,44269,14,,,1,145,,44271,14,,,1
37101,'Semaine-10-_26ÉTÉ-1111100-',530,,44299,14,,,1,70,,44302,14,,,1,29,,44295,14,,,1,72,,44297,14,,,1,29,,44307,14,,,1,70,,44306,14,,,1,30,,44301,14,,,1,70,,44285,14,,,1,100,,44292,14,,,1,100,,44290,14,,,1,58,,44291,14,,,1,142,,44305,14,,,1,100,,44288,14,,,1,100,,44289,14,,,1,29,,44286,14,,,1,28,,44293,14,,,1,73,,44303,14,,,1,70,,44304,14,,,1,30,,44283,14,,,1,80,,44287,14,,,1,96,,44298,14,,,1,100,,44300,14,,,1,100,,44284,14,,,1,99,,44294,14,,,1,145,,44296,14,,,1
