2301,'Semaine-1-_26ÉTÉ-1111100-',615,,37352,7,,,1,30,,37349,7,,,1,70,,37353,7,,,1,30,,37351,7,,,2,70,,37350,7,,,2
2301,'Semaine-10-_26ÉTÉ-1111100-',615,,37357,7,,,1,30,,37354,7,,,1,70,,37358,7,,,1,30,,37356,7,,,2,70,,37355,7,,,2
3201,'Semaine-1-_26ÉTÉ-1111100-',511,,37885,10,,,2,20,,37884,10,,,1,20,,37876,10,,,2,61,,37886,10,,,1,10,,37866,10,,,2,10,,37887,10,,,1,10,,37867,10,,,2,10,,37868,10,,,1,48,,37860,10,,,1,8,,37863,10,,,1,8,,37889,10,,,1,8,,37869,10,,,1,9,,37864,10,,,1,7,,37877,10,,,2,8,,37859,10,,,1,9,,37870,10,,,1,48,,37888,10,,,1,8,,37858,10,,,1,10,,37857,10,,,2,10,,37862,10,,,1,10,,37865,10,,,1,10,,37871,10,,,1,61,,37845,10,,,1,30,,37855,10,,,2,70,,37848,10,,,1,30,,37851,10,,,2,70,,37844,10,,,1,30,,37854,10,,,2,70,,37849,10,,,1,30,,37856,10,,,1,70,,37838,10,,,1,30,,37843,10,,,2,70,,37850,10,,,1,30,,37861,10,,,1,70,,37878,10,,,1,28,,37879,10,,,1,71,,37880,10,,,1,31,,37881,10,,,1,70,,37882,10,,,1,30,,37883,10,,,1,70,,37841,10,,,1,30,,37839,10,,,1,70,,37852,10,,,1,30,,37847,10,,,1,70,,37842,10,,,1,30,,37840,10,,,1,70,,37853,10,,,1,30,,37846,10,,,1,70,,37873,10,,,2,30,,37872,10,,,1,70,,37874,10,,,1,30,,37875,10,,,1
3201,'Semaine-10-_26ÉTÉ-1111100-',511,,37937,10,,,2,20,,37936,10,,,1,20,,37928,10,,,2,61,,37938,10,,,1,10,,37918,10,,,2,10,,37939,10,,,1,10,,37919,10,,,2,10,,37920,10,,,1,48,,37912,10,,,1,8,,37915,10,,,1,8,,37941,10,,,1,8,,37921,10,,,1,9,,37916,10,,,1,7,,37929,10,,,2,8,,37911,10,,,1,9,,37922,10,,,1,48,,37940,10,,,1,8,,37910,10,,,1,10,,37909,10,,,2,10,,37914,10,,,1,10,,37917,10,,,1,10,,37923,10,,,1,61,,37897,10,,,1,30,,37907,10,,,2,70,,37900,10,,,1,30,,37903,10,,,2,70,,37896,10,,,1,30,,37906,10,,,2,70,,37901,10,,,1,30,,37908,10,,,1,70,,37890,10,,,1,30,,37895,10,,,1,70,,37902,10,,,1,30,,37913,10,,,1,70,,37930,10,,,1,28,,37931,10,,,1,71,,37932,10,,,1,31,,37933,10,,,1,70,,37934,10,,,1,30,,37935,10,,,1,70,,37893,10,,,1,30,,37891,10,,,1,70,,37904,10,,,1,30,,37899,10,,,1,70,,37894,10,,,1,30,,37892,10,,,1,70,,37905,10,,,1,30,,37898,10,,,1,70,,37925,10,,,2,30,,37924,10,,,1,70,,37926,10,,,1,30,,37927,10,,,1
3401,'Samedi-0-_26ÉTÉ-0000010-',654,,38384,17,,,1,100,,38387,17,,,2,70,,38396,17,,,1,33,,38385,17,,,1,67,,38390,17,,,1,30,,38392,17,,,1,72,,38386,17,,,2,30,,38395,17,,,1,71,,38388,17,,,1,30,,38397,17,,,1,68,,38389,17,,,1,30,,38391,17,,,1,70,,38393,17,,,2,30,,38394,17,,,2,70,,38398,17,,,1,30,,38399,17,,,2,70,,38400,17,,,1,30,,38401,17,,,1,71,,38402,17,,,1,31,,38403,17,,,1,70,,38404,17,,,2,31,,38405,17,,,1,67,,38406,17,,,1,30,,38408,17,,,1,71,,38407,17,,,2,30,,38409,17,,,1,70,,38410,17,,,2,28,,38411,17,,,1,70,,38413,17,,,1,30,,38412,17,,,1,70,,38414,17,,,1,99,,38415,17,,,1
3401,'Dimanche-0-_26ÉTÉ-0000001-',654,,38417,17,,,1,100,,38428,17,,,2,70,,38421,17,,,1,33,,38424,17,,,1,67,,38423,17,,,1,30,,38432,17,,,1,72,,38429,17,,,2,30,,38416,17,,,1,71,,38427,17,,,1,30,,38420,17,,,1,68,,38418,17,,,1,30,,38419,17,,,1,70,,38422,17,,,2,30,,38430,17,,,2,70,,38426,17,,,1,30,,38425,17,,,2,70,,38431,17,,,1,30,,38436,17,,,1,71,,38434,17,,,1,31,,38440,17,,,1,70,,38443,17,,,2,31,,38433,17,,,1,67,,38442,17,,,1,30,,38435,17,,,1,71,,38439,17,,,2,30,,38446,17,,,1,70,,38438,17,,,2,28,,38437,17,,,1,70,,38444,17,,,1,30,,38445,17,,,1,70,,38441,17,,,1,99,,38447,17,,,1
3401,'Dimanche-10-_26ÉTÉ-0000001-',654,,38449,17,,,1,100,,38460,17,,,2,70,,38453,17,,,1,33,,38456,17,,,1,67,,38455,17,,,1,30,,38464,17,,,1,72,,38461,17,,,2,30,,38448,17,,,1,71,,38459,17,,,1,30,,38452,17,,,1,68,,38450,17,,,1,30,,38451,17,,,1,70,,38454,17,,,2,30,,38462,17,,,2,70,,38458,17,,,1,30,,38457,17,,,2,70,,38463,17,,,1,30,,38468,17,,,1,71,,38466,17,,,1,31,,38472,17,,,1,70,,38475,17,,,2,31,,38465,17,,,1,67,,38474,17,,,1,30,,38467,17,,,1,71,,38471,17,,,2,30,,38478,17,,,1,70,,38470,17,,,2,28,,38469,17,,,1,70,,38476,17,,,1,30,,38477,17,,,1,70,,38473,17,,,1,99,,38479,17,,,1
3401,'Semaine-1-_26ÉTÉ-1111100-',857,,38505,17,,,2,72,,38485,17,,,1,30,,38489,17,,,1,70,,38509,17,,,1,30,,38482,17,,,1,70,,38486,17,,,1,30,,38490,17,,,2,70,,38480,17,,,1,71,,38483,17,,,1,29,,38487,17,,,1,30,,38491,17,,,1,70,,38484,17,,,1,30,,38506,17,,,1,70,,38481,17,,,2,30,,38507,17,,,1,70,,38508,17,,,1,73,,38502,17,,,1,28,,38498,17,,,2,29,,38488,17,,,1,70,,38495,17,,,1,30,,38504,17,,,1,70,,38492,17,,,1,30,,38494,17,,,1,70,,38496,17,,,1,30,,38500,17,,,2,70,,38493,17,,,1,30,,38499,17,,,1,70,,38497,17,,,1,30,,38501,17,,,1,70,,38503,17,,,1
3401,'Semaine-10-_26ÉTÉ-1111100-',857,,38535,17,,,2,72,,38515,17,,,1,30,,38519,17,,,1,70,,38539,17,,,1,30,,38512,17,,,1,70,,38516,17,,,1,30,,38520,17,,,2,70,,38510,17,,,1,71,,38513,17,,,1,29,,38517,17,,,1,30,,38521,17,,,1,70,,38514,17,,,1,30,,38536,17,,,1,70,,38511,17,,,2,30,,38537,17,,,1,70,,38538,17,,,1,73,,38532,17,,,1,28,,38528,17,,,2,29,,38518,17,,,1,70,,38525,17,,,1,30,,38534,17,,,1,70,,38522,17,,,1,30,,38524,17,,,1,70,,38526,17,,,1,30,,38530,17,,,2,70,,38523,17,,,1,30,,38529,17,,,1,70,,38527,17,,,1,30,,38531,17,,,1,70,,38533,17,,,1
3900,'Samedi-0-_26ÉTÉ-0000010-',644,,39287,16,,,1,101,,39288,16,,,1,100,,39292,16,,,1,101,,39291,16,,,1,100,,39294,16,,,1,101,,39293,16,,,1,102,,39289,16,,,1,70,,39290,16,,,1,30,,39295,16,,,1,71,,39296,16,,,2,30,,39297,16,,,1,70,,39298,16,,,1,31,,39299,16,,,2,70,,39300,16,,,1,30,,39301,16,,,1,70,,39302,16,,,1,30,,39303,16,,,1,69,,39304,16,,,1,29,,39305,16,,,1,68,,39306,16,,,1,100,,39307,16,,,1,100,,39308,16,,,1,100,,39309,16,,,1,100,,39310,16,,,1
3900,'Dimanche-0-_26ÉTÉ-0000001-',644,,39311,16,,,1,101,,39318,16,,,1,100,,39312,16,,,1,101,,39314,16,,,1,100,,39320,16,,,1,101,,39313,16,,,1,102,,39319,16,,,1,70,,39315,16,,,1,30,,39316,16,,,1,71,,39321,16,,,2,30,,39323,16,,,1,70,,39317,16,,,1,31,,39322,16,,,2,70,,39324,16,,,1,30,,39325,16,,,1,70,,39331,16,,,1,30,,39332,16,,,1,69,,39334,16,,,1,29,,39330,16,,,1,68,,39328,16,,,1,100,,39329,16,,,1,100,,39333,16,,,1,100,,39326,16,,,1,100,,39327,16,,,1
3900,'Dimanche-10-_26ÉTÉ-0000001-',644,,39335,16,,,1,101,,39342,16,,,1,100,,39336,16,,,1,101,,39338,16,,,1,100,,39344,16,,,1,101,,39337,16,,,1,102,,39343,16,,,1,70,,39339,16,,,1,30,,39340,16,,,1,71,,39345,16,,,2,30,,39347,16,,,1,70,,39341,16,,,1,31,,39346,16,,,2,70,,39348,16,,,1,30,,39349,16,,,1,70,,39355,16,,,1,30,,39356,16,,,1,69,,39358,16,,,1,29,,39354,16,,,1,68,,39352,16,,,1,100,,39353,16,,,1,100,,39357,16,,,1,100,,39350,16,,,1,100,,39351,16,,,1
3900,'Semaine-1-_26ÉTÉ-1111100-',620,,39376,16,,,2,25,,39362,16,,,1,69,,39381,16,,,2,28,,39374,16,,,1,74,,39375,16,,,1,33,,39373,16,,,1,72,,39370,16,,,1,30,,39387,16,,,1,70,,39382,16,,,1,30,,39394,16,,,1,70,,39379,16,,,2,31,,39383,16,,,1,69,,39371,16,,,1,32,,39369,16,,,2,69,,39384,16,,,1,29,,39372,16,,,1,70,,39359,16,,,2,33,,39385,16,,,1,74,,39366,16,,,2,29,,39368,16,,,1,71,,39386,16,,,2,74,,39365,16,,,1,27,,39360,16,,,1,30,,39388,16,,,1,66,,39367,16,,,1,31,,39361,16,,,1,69,,39389,16,,,2,32,,39364,16,,,1,65,,39380,16,,,2,26,,39390,16,,,1,70,,39363,16,,,1,30,,39378,16,,,1,70,,39391,16,,,1,30,,39377,16,,,1,70,,39393,16,,,1,30,,39392,16,,,1
3900,'Semaine-10-_26ÉTÉ-1111100-',620,,39412,16,,,2,25,,39398,16,,,1,69,,39417,16,,,2,28,,39410,16,,,1,74,,39411,16,,,1,33,,39409,16,,,1,72,,39406,16,,,1,30,,39423,16,,,1,70,,39418,16,,,1,30,,39430,16,,,1,70,,39415,16,,,2,31,,39419,16,,,1,69,,39407,16,,,1,32,,39405,16,,,2,69,,39420,16,,,1,29,,39408,16,,,1,70,,39395,16,,,2,33,,39421,16,,,1,74,,39402,16,,,2,29,,39404,16,,,1,71,,39422,16,,,2,74,,39401,16,,,1,27,,39396,16,,,1,30,,39424,16,,,1,66,,39403,16,,,1,31,,39397,16,,,1,69,,39425,16,,,2,32,,39400,16,,,1,65,,39416,16,,,2,26,,39426,16,,,1,70,,39399,16,,,1,30,,39414,16,,,1,70,,39427,16,,,1,30,,39413,16,,,1,70,,39429,16,,,1,30,,39428,16,,,1
4900,'Samedi-0-_26ÉTÉ-0000010-',732,,39669,33,,,1,100,,39670,33,,,1,104,,39667,33,,,1,100,,39671,33,,,1,100,,39668,33,,,1,100,,39672,33,,,1,99,,39673,33,,,1,104,,39674,33,,,1,97,,39675,33,,,1,100,,39676,33,,,1,100,,39677,33,,,1,96,,39678,33,,,1,100,,39679,33,,,1,100,,39680,33,,,1,100,,39681,33,,,1,100,,39682,33,,,1,100,,39683,33,,,1
4900,'Dimanche-0-_26ÉTÉ-0000001-',732,,39684,33,,,1,100,,39687,33,,,1,104,,39685,33,,,1,100,,39688,33,,,1,100,,39690,33,,,1,100,,39694,33,,,1,99,,39692,33,,,1,104,,39691,33,,,1,97,,39686,33,,,1,100,,39696,33,,,1,100,,39693,33,,,1,96,,39695,33,,,1,100,,39700,33,,,1,100,,39689,33,,,1,100,,39698,33,,,1,100,,39699,33,,,1,100,,39697,33,,,1
4900,'Dimanche-10-_26ÉTÉ-0000001-',732,,39701,33,,,1,100,,39704,33,,,1,104,,39702,33,,,1,100,,39705,33,,,1,100,,39707,33,,,1,100,,39711,33,,,1,99,,39709,33,,,1,104,,39708,33,,,1,97,,39703,33,,,1,100,,39713,33,,,1,100,,39710,33,,,1,96,,39712,33,,,1,100,,39717,33,,,1,100,,39706,33,,,1,100,,39715,33,,,1,100,,39716,33,,,1,100,,39714,33,,,1
4900,'Semaine-1-_26ÉTÉ-1111100-',652,,39742,33,,,1,61,,39748,33,,,1,27,,39745,33,,,1,73,,39746,33,,,1,37,,39741,33,,,1,70,,39737,33,,,1,31,,39729,33,,,1,71,,39747,33,,,1,31,,39743,33,,,1,72,,39739,33,,,1,30,,39718,33,,,1,70,,39738,33,,,1,30,,39720,33,,,1,70,,39725,33,,,1,30,,39727,33,,,1,70,,39730,33,,,1,30,,39744,33,,,1,76,,39728,33,,,1,70,,39731,33,,,1,30,,39723,33,,,1,71,,39734,33,,,1,29,,39726,33,,,1,28,,39724,33,,,1,70,,39740,33,,,1,27,,39735,33,,,1,96,,39719,33,,,1,101,,39736,33,,,1,100,,39733,33,,,1,97,,39721,33,,,1,98,,39732,33,,,1,100,,39722,33,,,1
4900,'Semaine-10-_26ÉTÉ-1111100-',652,,39773,33,,,1,61,,39779,33,,,1,27,,39776,33,,,1,73,,39777,33,,,1,37,,39772,33,,,1,70,,39768,33,,,1,31,,39760,33,,,1,71,,39778,33,,,1,31,,39774,33,,,1,72,,39770,33,,,1,30,,39749,33,,,1,70,,39769,33,,,1,30,,39751,33,,,1,70,,39756,33,,,1,30,,39758,33,,,1,70,,39761,33,,,1,30,,39775,33,,,1,76,,39759,33,,,1,70,,39762,33,,,1,30,,39754,33,,,1,71,,39765,33,,,1,29,,39757,33,,,1,28,,39755,33,,,1,70,,39771,33,,,1,27,,39766,33,,,1,96,,39750,33,,,1,101,,39767,33,,,1,100,,39764,33,,,1,97,,39752,33,,,1,98,,39763,33,,,1,100,,39753,33,,,1
5000,'Semaine-1-_26ÉTÉ-1111100-',656,,39895,32,,,2,65,,39894,32,,,1,29,,39896,32,,,1,70,,39893,32,,,1,107,,39897,32,,,1
5000,'Semaine-10-_26ÉTÉ-1111100-',656,,39900,32,,,2,65,,39899,32,,,1,29,,39901,32,,,1,70,,39898,32,,,1,107,,39902,32,,,1
