2001,'Semaine-1-_26ÉTÉ-1111100-',1548,,37331,18,,,1,101,,37332,18,,,1,99,,37333,18,,,2
2001,'Semaine-10-_26ÉTÉ-1111100-',1548,,37334,18,,,1,101,,37335,18,,,1,99,,37336,18,,,2
3501,'Semaine-1-_26ÉTÉ-1111100-',555,,38639,25,,,1,80,,38614,25,,,2,22,,38621,25,,,2,62,,38630,36,,,2,15,,38636,25,,,1,22,,38641,36,,,1,54,,38617,25,,,1,28,,38637,25,,,1,62,,38642,25,,,1,29,,38623,25,,,1,71,,38625,25,,,1,30,,38616,25,,,1,70,,38622,25,,,2,30,,38632,25,,,1,70,,38615,25,,,1,30,,38629,25,,,2,70,,38631,25,,,1,30,,38634,25,,,2,70,,38619,25,,,2,33,,38643,25,,,2,26,,38633,25,,,1,76,,38618,25,,,2,70,,38645,25,,,1,27,,38640,25,,,2,71,,38624,25,,,1,27,,38627,25,,,2,79,,38646,25,,,2,22,,38635,25,,,2,98,,38628,25,,,1,103,,38626,25,,,1,100,,38644,25,,,2,97,,38638,25,,,1,108,,38620,25,,,1
3501,'Semaine-10-_26ÉTÉ-1111100-',555,,38672,25,,,1,80,,38647,25,,,2,22,,38654,25,,,2,62,,38663,36,,,2,15,,38669,25,,,1,22,,38674,36,,,1,54,,38650,25,,,1,28,,38670,25,,,1,62,,38675,25,,,1,29,,38656,25,,,1,71,,38658,25,,,1,30,,38649,25,,,1,70,,38655,25,,,2,30,,38665,25,,,1,70,,38648,25,,,1,30,,38662,25,,,2,70,,38664,25,,,1,30,,38667,25,,,2,70,,38652,25,,,2,33,,38676,25,,,2,26,,38666,25,,,1,76,,38651,25,,,2,70,,38678,25,,,1,27,,38673,25,,,2,71,,38657,25,,,1,27,,38660,25,,,2,79,,38679,25,,,2,22,,38668,25,,,2,98,,38661,25,,,1,103,,38659,25,,,1,100,,38677,25,,,2,97,,38671,25,,,1,108,,38653,25,,,1
3801,'Samedi-0-_26ÉTÉ-0000010-',722,,39108,21,,,1,30,,39104,21,,,1,70,,39116,21,,,1,31,,39109,21,,,1,69,,39105,21,,,1,32,,39117,21,,,1,68,,39110,21,,,1,33,,39114,21,,,1,66,,39106,21,,,1,34,,39111,21,,,1,70,,39115,21,,,1,30,,39107,21,,,1,70,,39112,21,,,1,32,,39113,21,,,1,68,,39118,21,,,1,32,,39119,21,,,1,68,,39120,21,,,1,32,,39121,21,,,1,68,,39122,21,,,1,31,,39123,21,,,1,69,,39124,21,,,1,30,,39125,21,,,1,66,,39126,21,,,1,32,,39128,21,,,1,69,,39127,21,,,1,31,,39130,21,,,1,69,,39129,21,,,1,31,,39131,21,,,1,69,,39132,21,,,1,30,,39136,21,,,1,70,,39133,21,,,1,30,,39134,21,,,1,71,,39135,21,,,1
3801,'Dimanche-0-_26ÉTÉ-0000001-',722,,39144,21,,,1,30,,39140,21,,,1,70,,39151,21,,,1,31,,39143,21,,,1,69,,39137,21,,,1,32,,39152,21,,,1,68,,39146,21,,,1,33,,39138,21,,,1,66,,39150,21,,,1,34,,39145,21,,,1,70,,39139,21,,,1,30,,39141,21,,,1,70,,39142,21,,,1,32,,39148,21,,,1,68,,39154,21,,,1,32,,39155,21,,,1,68,,39149,21,,,1,32,,39153,21,,,1,68,,39159,21,,,1,31,,39164,21,,,1,69,,39165,21,,,1,30,,39160,21,,,1,66,,39147,21,,,1,32,,39162,21,,,1,69,,39157,21,,,1,31,,39158,21,,,1,69,,39161,21,,,1,31,,39163,21,,,1,69,,39167,21,,,1,30,,39166,21,,,1,70,,39156,21,,,1,30,,39168,21,,,1,71,,39169,21,,,1
3801,'Dimanche-10-_26ÉTÉ-0000001-',722,,39177,21,,,1,30,,39173,21,,,1,70,,39184,21,,,1,31,,39176,21,,,1,69,,39170,21,,,1,32,,39185,21,,,1,68,,39179,21,,,1,33,,39171,21,,,1,66,,39183,21,,,1,34,,39178,21,,,1,70,,39172,21,,,1,30,,39174,21,,,1,70,,39175,21,,,1,32,,39181,21,,,1,68,,39187,21,,,1,32,,39188,21,,,1,68,,39182,21,,,1,32,,39186,21,,,1,68,,39192,21,,,1,31,,39197,21,,,1,69,,39198,21,,,1,30,,39193,21,,,1,66,,39180,21,,,1,32,,39195,21,,,1,69,,39190,21,,,1,31,,39191,21,,,1,69,,39194,21,,,1,31,,39196,21,,,1,69,,39200,21,,,1,30,,39199,21,,,1,70,,39189,21,,,1,30,,39201,21,,,1,71,,39202,21,,,1
3801,'Semaine-1-_26ÉTÉ-1111100-',628,,39231,21,,,1,30,,39203,21,,,1,73,,39230,21,,,1,13,,39241,21,,,1,61,,39237,21,,,1,27,,39219,21,,,1,27,,39239,21,,,1,71,,39226,21,,,1,19,,39209,21,,,1,60,,39235,21,,,1,20,,39220,21,,,1,20,,39212,21,,,1,61,,39227,21,,,1,20,,39210,21,,,1,20,,39234,21,,,1,60,,39240,21,,,1,22,,39213,21,,,1,21,,39242,21,,,1,59,,39228,21,,,1,20,,39233,21,,,1,18,,39221,21,,,1,60,,39214,21,,,1,20,,39229,21,,,1,21,,39243,21,,,1,62,,39216,21,,,1,21,,39222,21,,,1,70,,39236,21,,,1,28,,39211,21,,,1,72,,39218,21,,,1,29,,39208,21,,,1,68,,39244,21,,,1,20,,39205,21,,,1,20,,39238,21,,,1,69,,39207,21,,,1,30,,39217,21,,,1,70,,39225,21,,,1,30,,39232,21,,,1,70,,39215,21,,,1,30,,39223,21,,,1,69,,39224,21,,,1,29,,39204,21,,,1,85,,39206,21,,,1
3801,'Semaine-10-_26ÉTÉ-1111100-',628,,39273,21,,,1,30,,39245,21,,,1,73,,39272,21,,,1,13,,39283,21,,,1,61,,39279,21,,,1,27,,39261,21,,,1,27,,39281,21,,,1,71,,39268,21,,,1,19,,39251,21,,,1,60,,39277,21,,,1,20,,39262,21,,,1,20,,39254,21,,,1,61,,39269,21,,,1,20,,39252,21,,,1,20,,39276,21,,,1,60,,39282,21,,,1,22,,39255,21,,,1,21,,39284,21,,,1,59,,39270,21,,,1,20,,39275,21,,,1,18,,39263,21,,,1,60,,39256,21,,,1,20,,39271,21,,,1,21,,39285,21,,,1,62,,39258,21,,,1,21,,39264,21,,,1,70,,39278,21,,,1,28,,39253,21,,,1,72,,39260,21,,,1,29,,39250,21,,,1,68,,39286,21,,,1,20,,39247,21,,,1,20,,39280,21,,,1,69,,39249,21,,,1,30,,39259,21,,,1,70,,39267,21,,,1,30,,39274,21,,,1,70,,39257,21,,,1,30,,39265,21,,,1,69,,39266,21,,,1,29,,39246,21,,,1,85,,39248,21,,,1
40001,'Samedi-0-_26ÉTÉ-0000010-',642,,44713,13,,,1,15,,44716,13,,,1,55,,44718,13,,,1,15,,44714,13,,,1,15,,44715,13,,,1,15,,44717,13,,,1,56,,44723,13,,,1,15,,44730,13,,,1,15,,44721,13,,,1,14,,44741,13,,,1,55,,44719,13,,,1,15,,44720,13,,,1,15,,44729,13,,,1,16,,44722,13,,,1,55,,44724,13,,,1,15,,44732,13,,,1,15,,44733,13,,,1,15,,44734,13,,,1,55,,44740,13,,,1,16,,44739,13,,,1,15,,44743,13,,,1,15,,44726,13,,,1,54,,44725,13,,,1,15,,44728,13,,,1,15,,44731,13,,,1,15,,44727,13,,,1,55,,44736,13,,,1,15,,44738,13,,,1,16,,44744,13,,,1,15,,44735,13,,,1,55,,44737,13,,,1,15,,44742,13,,,1,15,,44745,13,,,1,15,,44746,13,,,1,55,,44747,13,,,1,15,,44748,13,,,1,15,,44749,13,,,1,15,,44750,13,,,1,55,,44751,13,,,1,15,,44752,13,,,1,15,,44753,13,,,1,15,,44754,13,,,1,55,,44755,13,,,1,15,,44756,13,,,1,15,,44757,13,,,1,15,,44758,13,,,1,55,,44759,13,,,1,16,,44762,13,,,1,17,,44760,13,,,1,54,,44761,13,,,1,12,,44764,13,,,1,16,,44763,13,,,1,14,,44768,13,,,1,16,,44766,13,,,1,55,,44767,13,,,1,15,,44765,13,,,1,15,,44769,13,,,1,15,,44771,13,,,1,55,,44772,13,,,1,15,,44773,13,,,1,15,,44770,13,,,1,56,,44776,13,,,1,13,,44775,13,,,1,15,,44774,13,,,1,15,,44777,13,,,1,15,,44778,13,,,1,55,,44779,13,,,1,15,,44780,13,,,1,15,,44782,13,,,1,14,,44781,13,,,1,56,,44784,13,,,1,15,,44783,13,,,1,15,,44785,13,,,1
40001,'Dimanche-0-_26ÉTÉ-0000001-',642,,44786,13,,,1,15,,44789,13,,,1,55,,44797,13,,,1,15,,44802,13,,,1,15,,44787,13,,,1,15,,44792,13,,,1,56,,44798,13,,,1,15,,44808,13,,,1,15,,44788,13,,,1,14,,44790,13,,,1,55,,44796,13,,,1,15,,44801,13,,,1,15,,44804,13,,,1,16,,44793,13,,,1,55,,44817,13,,,1,15,,44809,13,,,1,15,,44799,13,,,1,15,,44810,13,,,1,55,,44813,13,,,1,16,,44822,13,,,1,15,,44791,13,,,1,15,,44819,13,,,1,54,,44818,13,,,1,15,,44820,13,,,1,15,,44800,13,,,1,15,,44794,13,,,1,55,,44823,13,,,1,15,,44821,13,,,1,16,,44806,13,,,1,15,,44803,13,,,1,55,,44811,13,,,1,15,,44816,13,,,1,15,,44827,13,,,1,15,,44795,13,,,1,55,,44824,13,,,1,15,,44814,13,,,1,15,,44807,13,,,1,15,,44805,13,,,1,55,,44812,13,,,1,15,,44815,13,,,1,15,,44834,13,,,1,15,,44838,13,,,1,55,,44830,13,,,1,15,,44847,13,,,1,15,,44826,13,,,1,15,,44841,13,,,1,55,,44831,13,,,1,16,,44848,13,,,1,17,,44835,13,,,1,54,,44839,13,,,1,12,,44854,13,,,1,16,,44846,13,,,1,14,,44825,13,,,1,16,,44840,13,,,1,55,,44845,13,,,1,15,,44849,13,,,1,15,,44828,13,,,1,15,,44833,13,,,1,55,,44837,13,,,1,15,,44843,13,,,1,15,,44858,13,,,1,56,,44851,13,,,1,13,,44844,13,,,1,15,,44853,13,,,1,15,,44856,13,,,1,15,,44832,13,,,1,55,,44836,13,,,1,15,,44842,13,,,1,15,,44857,13,,,1,14,,44850,13,,,1,56,,44829,13,,,1,15,,44852,13,,,1,15,,44855,13,,,1
40001,'Dimanche-10-_26ÉTÉ-0000001-',642,,44859,13,,,1,15,,44862,13,,,1,55,,44870,13,,,1,15,,44875,13,,,1,15,,44860,13,,,1,15,,44865,13,,,1,56,,44871,13,,,1,15,,44881,13,,,1,15,,44861,13,,,1,14,,44863,13,,,1,55,,44869,13,,,1,15,,44874,13,,,1,15,,44877,13,,,1,16,,44866,13,,,1,55,,44890,13,,,1,15,,44882,13,,,1,15,,44872,13,,,1,15,,44883,13,,,1,55,,44886,13,,,1,16,,44895,13,,,1,15,,44864,13,,,1,15,,44892,13,,,1,54,,44891,13,,,1,15,,44893,13,,,1,15,,44873,13,,,1,15,,44867,13,,,1,55,,44896,13,,,1,15,,44894,13,,,1,16,,44879,13,,,1,15,,44876,13,,,1,55,,44884,13,,,1,15,,44889,13,,,1,15,,44900,13,,,1,15,,44868,13,,,1,55,,44897,13,,,1,15,,44887,13,,,1,15,,44880,13,,,1,15,,44878,13,,,1,55,,44885,13,,,1,15,,44888,13,,,1,15,,44907,13,,,1,15,,44911,13,,,1,55,,44903,13,,,1,15,,44920,13,,,1,15,,44899,13,,,1,15,,44914,13,,,1,55,,44904,13,,,1,16,,44921,13,,,1,17,,44908,13,,,1,54,,44912,13,,,1,12,,44927,13,,,1,16,,44919,13,,,1,14,,44898,13,,,1,16,,44913,13,,,1,55,,44918,13,,,1,15,,44922,13,,,1,15,,44901,13,,,1,15,,44906,13,,,1,55,,44910,13,,,1,15,,44916,13,,,1,15,,44931,13,,,1,56,,44924,13,,,1,13,,44917,13,,,1,15,,44926,13,,,1,15,,44929,13,,,1,15,,44905,13,,,1,55,,44909,13,,,1,15,,44915,13,,,1,15,,44930,13,,,1,14,,44923,13,,,1,56,,44902,13,,,1,15,,44925,13,,,1,15,,44928,13,,,1
40001,'Semaine-1-_26ÉTÉ-1111100-',513,,45001,13,,,1,12,,45002,13,,,1,8,,45003,13,,,1,12,,45004,13,,,1,10,,45005,13,,,1,51,,45006,13,,,1,4,,45007,13,,,1,5,,45008,13,,,1,5,,45009,13,,,1,5,,45015,13,,,1,230,,45010,13,,,1,49,,45011,11,,,1,6,,45012,13,,,1,11,,45013,13,,,1,11,,45014,13,,,1,10,,44960,13,,,1,10,,44946,13,,,1,50,,44970,13,,,1,11,,44971,13,,,1,9,,45016,13,,,1,10,,44936,13,,,1,10,,45017,13,,,1,10,,44934,13,,,1,50,,44967,13,,,1,10,,44987,13,,,1,9,,44955,13,,,1,11,,44962,13,,,1,10,,44959,13,,,1,10,,44938,13,,,1,50,,44998,13,,,1,10,,44972,13,,,1,10,,44984,13,,,1,10,,44937,13,,,1,10,,44947,13,,,1,10,,44940,13,,,1,50,,44956,13,,,1,10,,44988,13,,,1,10,,44969,13,,,1,10,,44963,13,,,1,10,,44958,13,,,1,10,,44952,13,,,1,50,,44994,13,,,1,10,,44973,13,,,1,10,,44985,13,,,1,10,,45000,13,,,1,10,,44949,13,,,1,14,,44932,13,,,1,50,,44990,13,,,1,7,,44989,13,,,1,10,,44974,13,,,1,10,,44964,13,,,1,12,,44942,13,,,1,11,,44992,13,,,1,53,,44999,13,,,1,11,,44986,13,,,1,11,,45020,13,,,1,15,,44966,13,,,1,55,,44995,13,,,1,10,,45018,13,,,1,11,,44979,13,,,1,13,,44957,13,,,1,11,,44943,13,,,1,12,,44948,13,,,1,52,,45019,13,,,1,12,,44950,13,,,1,12,,44975,13,,,1,10,,44965,13,,,1,12,,44996,13,,,1,51,,44982,13,,,1,12,,44961,13,,,1,12,,44944,13,,,1,14,,44983,13,,,1,12,,45022,13,,,1,50,,45021,13,,,1,12,,44951,13,,,1,12,,44976,13,,,1,12,,44954,13,,,1,12,,44997,13,,,1,52,,44980,13,,,1,13,,44939,13,,,1,13,,45023,13,,,1,17,,44945,13,,,1,55,,44941,13,,,1,15,,44991,13,,,1,12,,44977,13,,,1,14,,44953,13,,,1,56,,44981,13,,,1,15,,44993,13,,,1,15,,44935,13,,,1,15,,44933,13,,,1,55,,44968,13,,,1,29,,44978,13,,,1
40001,'Semaine-10-_26ÉTÉ-1111100-',513,,45093,13,,,1,12,,45094,13,,,1,8,,45095,13,,,1,12,,45096,13,,,1,10,,45097,13,,,1,51,,45098,13,,,1,4,,45099,13,,,1,5,,45100,13,,,1,5,,45101,13,,,1,5,,45107,13,,,1,230,,45102,13,,,1,49,,45103,11,,,1,6,,45104,13,,,1,11,,45105,13,,,1,11,,45106,13,,,1,10,,45052,13,,,1,10,,45038,13,,,1,50,,45062,13,,,1,11,,45063,13,,,1,9,,45108,13,,,1,10,,45028,13,,,1,10,,45109,13,,,1,10,,45026,13,,,1,50,,45059,13,,,1,10,,45079,13,,,1,9,,45047,13,,,1,11,,45054,13,,,1,10,,45051,13,,,1,10,,45030,13,,,1,50,,45090,13,,,1,10,,45064,13,,,1,10,,45076,13,,,1,10,,45029,13,,,1,10,,45039,13,,,1,10,,45032,13,,,1,50,,45048,13,,,1,10,,45080,13,,,1,10,,45061,13,,,1,10,,45055,13,,,1,10,,45050,13,,,1,10,,45044,13,,,1,50,,45086,13,,,1,10,,45065,13,,,1,10,,45077,13,,,1,10,,45092,13,,,1,10,,45041,13,,,1,14,,45024,13,,,1,50,,45082,13,,,1,7,,45081,13,,,1,10,,45066,13,,,1,10,,45056,13,,,1,12,,45034,13,,,1,11,,45084,13,,,1,53,,45091,13,,,1,11,,45078,13,,,1,11,,45112,13,,,1,15,,45058,13,,,1,55,,45087,13,,,1,10,,45110,13,,,1,11,,45071,13,,,1,13,,45049,13,,,1,11,,45035,13,,,1,12,,45040,13,,,1,52,,45111,13,,,1,12,,45042,13,,,1,12,,45067,13,,,1,10,,45057,13,,,1,12,,45088,13,,,1,51,,45074,13,,,1,12,,45053,13,,,1,12,,45036,13,,,1,14,,45075,13,,,1,12,,45114,13,,,1,50,,45113,13,,,1,12,,45043,13,,,1,12,,45068,13,,,1,12,,45046,13,,,1,12,,45089,13,,,1,52,,45072,13,,,1,13,,45031,13,,,1,13,,45115,13,,,1,17,,45037,13,,,1,55,,45033,13,,,1,15,,45083,13,,,1,12,,45069,13,,,1,14,,45045,13,,,1,56,,45073,13,,,1,15,,45085,13,,,1,15,,45027,13,,,1,15,,45025,13,,,1,55,,45060,13,,,1,29,,45070,13,,,1
