4000,'Semaine-1-_26ÉTÉ-1111100-',1551,,39577,47,,,2,69,,39573,47,,,2,35,,39576,47,,,1,68,,39575,47,,,1,31,,39574,47,,,1,62,,39578,47,,,2
4000,'Semaine-10-_26ÉTÉ-1111100-',1551,,39583,47,,,2,69,,39579,47,,,2,35,,39582,47,,,1,68,,39581,47,,,1,31,,39580,47,,,1,62,,39584,47,,,2
4000,'Semaine-11-_26ÉTÉ-1111100-',1551,,46351,47,,,2,69,,46347,47,,,2,35,,46350,47,,,1,68,,46349,47,,,1,31,,46348,47,,,1,62,,46352,47,,,2
5001,'Semaine-1-_26ÉTÉ-1111100-',1642,,39903,28,,,1,102,,39905,28,,,1,94,,39904,28,,,1
5001,'Semaine-10-_26ÉTÉ-1111100-',1642,,39906,28,,,1,102,,39908,28,,,1,94,,39907,28,,,1
5001,'Semaine-11-_26ÉTÉ-1111100-',1642,,46495,28,,,1,102,,46497,28,,,1,94,,46496,28,,,1
5200,'Samedi-0-_26ÉTÉ-0000010-',659,,39909,46,,,1,100,,39910,46,,,2,141,,39911,46,,,1,100,,39912,46,,,2,100,,39913,46,,,1,102,,39914,46,,,1,100,,39915,46,,,2,100,,39916,46,,,2,99,,39917,46,,,1,101,,39918,46,,,2,100,,39919,46,,,1,99,,39920,46,,,1,99,,39921,46,,,1,100,,39924,46,,,1,100,,39922,46,,,1,59,,39923,46,,,2,98,,39925,46,,,2,100,,39926,46,,,1
5200,'Samedi-10-_26ÉTÉ-0000010-',659,,46498,46,,,1,100,,46499,46,,,2,141,,46500,46,,,1,100,,46501,46,,,2,100,,46502,46,,,1,102,,46503,46,,,1,100,,46504,46,,,2,100,,46505,46,,,2,99,,46506,46,,,1,101,,46507,46,,,2,100,,46508,46,,,1,99,,46509,46,,,1,99,,46510,46,,,1,100,,46513,46,,,1,100,,46511,46,,,1,59,,46512,46,,,2,98,,46514,46,,,2,100,,46515,46,,,1
5200,'Dimanche-0-_26ÉTÉ-0000001-',659,,39928,46,,,1,100,,39927,46,,,2,141,,39929,46,,,1,100,,39930,46,,,2,100,,39932,46,,,1,102,,39937,46,,,1,100,,39931,46,,,2,100,,39934,46,,,2,99,,39935,46,,,1,101,,39933,46,,,2,100,,39936,46,,,1,99,,39943,46,,,1,99,,39942,46,,,1,100,,39938,46,,,1,100,,39944,46,,,1,59,,39941,46,,,2,98,,39940,46,,,2,100,,39939,46,,,1
5200,'Dimanche-10-_26ÉTÉ-0000001-',659,,39946,46,,,1,100,,39945,46,,,2,141,,39947,46,,,1,100,,39948,46,,,2,100,,39950,46,,,1,102,,39955,46,,,1,100,,39949,46,,,2,100,,39952,46,,,2,99,,39953,46,,,1,101,,39951,46,,,2,100,,39954,46,,,1,99,,39961,46,,,1,99,,39960,46,,,1,100,,39956,46,,,1,100,,39962,46,,,1,59,,39959,46,,,2,98,,39958,46,,,2,100,,39957,46,,,1
5200,'Dimanche-11-_26ÉTÉ-0000001-',659,,49171,46,,,1,100,,49170,46,,,2,141,,49172,46,,,1,100,,49173,46,,,2,100,,49175,46,,,1,102,,49180,46,,,1,100,,49174,46,,,2,100,,49177,46,,,2,99,,49178,46,,,1,101,,49176,46,,,2,100,,49179,46,,,1,99,,49186,46,,,1,99,,49185,46,,,1,100,,49181,46,,,1,100,,49187,46,,,1,59,,49184,46,,,2,98,,49183,46,,,2,100,,49182,46,,,1
5200,'Semaine-1-_26ÉTÉ-1111100-',629,,39966,46,,,1,100,,39968,46,,,1,110,,39963,46,,,1,96,,39979,46,,,1,97,,39977,46,,,2,100,,39964,46,,,1,100,,39971,46,,,1,100,,39970,46,,,1,101,,39967,46,,,1,101,,39965,46,,,1,108,,39969,46,,,1,101,,39980,46,,,1,104,,39978,46,,,1,100,,39972,46,,,1,83,,39976,46,,,1,100,,39975,46,,,1,99,,39973,46,,,1,99,,39974,46,,,1
5200,'Semaine-10-_26ÉTÉ-1111100-',629,,39984,46,,,1,100,,39986,46,,,1,110,,39981,46,,,1,96,,39997,46,,,1,97,,39995,46,,,2,100,,39982,46,,,1,100,,39989,46,,,1,100,,39988,46,,,1,101,,39985,46,,,1,101,,39983,46,,,1,108,,39987,46,,,1,101,,39998,46,,,1,104,,39996,46,,,1,100,,39990,46,,,1,83,,39994,46,,,1,100,,39993,46,,,1,99,,39991,46,,,1,99,,39992,46,,,1
5200,'Semaine-11-_26ÉTÉ-1111100-',629,,46519,46,,,1,100,,46521,46,,,1,110,,46516,46,,,1,96,,46532,46,,,1,97,,46530,46,,,2,100,,46517,46,,,1,100,,46524,46,,,1,100,,46523,46,,,1,101,,46520,46,,,1,101,,46518,46,,,1,108,,46522,46,,,1,101,,46533,46,,,1,104,,46531,46,,,1,100,,46525,46,,,1,83,,46529,46,,,1,100,,46528,46,,,1,99,,46526,46,,,1,99,,46527,46,,,1
