4500,'Semaine-4',1544,,33920,54,4,,1,76,,33915,54,4,,1,30,,33916,54,4,,1,70,,33918,54,4,,2,29,,33919,54,4,,1,62,,33917,54,4,,1
4700,'Semaine-4',1557,,33927,48,4,,1,146,,33929,48,4,,2,52,,33928,48,4,,2
5500,'Samedi-3',721,,34202,40,,,1,30,,34199,40,,,1,70,,34200,40,,,1,30,,34203,40,,,1,70,,34201,40,,,1,29,,34208,40,,,1,71,,34205,40,,,1,30,,34206,40,,,1,72,,34211,40,,,1,29,,34210,40,,,1,68,,34204,40,,,1,30,,34207,40,,,1,70,,34209,40,,,1,34,,34212,40,,,1,70,,34213,40,,,1,30,,34214,40,,,1,70,,34215,40,,,1,29,,34216,40,,,1,70,,34217,40,,,1,30,,34218,40,,,1,70,,34219,40,,,1,30,,34220,40,,,1,72,,34221,40,,,1,28,,34222,40,,,1,69,,34224,40,,,1,33,,34223,40,,,1,67,,34225,40,,,1,30,,34227,40,,,1,71,,34226,40,,,1,31,,34228,40,,,1,66,,34229,40,,,1,30,,34232,40,,,1,70,,34234,40,,,1,30,,34231,40,,,1,70,,34230,40,,,1,26,,34233,40,,,1
5500,'Dimanche-3',721,,34237,40,,,1,30,,34242,40,,,1,70,,34246,40,,,1,30,,34240,40,,,1,70,,34238,40,,,1,29,,34243,40,,,1,71,,34245,40,,,1,30,,34239,40,,,1,72,,34235,40,,,1,29,,34236,40,,,1,68,,34248,40,,,1,30,,34252,40,,,1,70,,34250,40,,,1,34,,34247,40,,,1,70,,34241,40,,,1,30,,34255,40,,,1,70,,34256,40,,,1,29,,34257,40,,,1,70,,34251,40,,,1,30,,34264,40,,,1,70,,34261,40,,,1,30,,34249,40,,,1,72,,34269,40,,,1,28,,34263,40,,,1,69,,34244,40,,,1,33,,34267,40,,,1,67,,34260,40,,,1,30,,34253,40,,,1,71,,34258,40,,,1,31,,34254,40,,,1,66,,34265,40,,,1,30,,34262,40,,,1,70,,34259,40,,,1,30,,34268,40,,,1,70,,34266,40,,,1,27,,34270,40,,,1
5500,'Semaine-4',617,,34273,40,,,1,106,,34289,40,,,1,104,,34272,40,,,1,96,,34308,40,,,1,28,,34309,40,,,1,70,,34278,40,,,1,29,,34288,40,,,1,70,,34292,40,,,1,33,,34314,40,,,1,70,,34274,40,,,1,30,,34313,40,,,1,69,,34291,40,,,1,30,,34306,40,,,1,69,,34300,40,,,1,26,,34307,40,,,1,56,,34293,40,,,1,17,,34271,40,,,1,14,,34312,40,,,1,17,,34282,40,,,1,55,,34315,40,,,1,13,,34303,40,,,1,10,,34275,40,,,1,13,,34286,40,,,1,14,,34318,40,,,1,53,,34311,40,,,1,11,,34277,40,,,1,12,,34294,40,,,1,9,,34287,40,,,1,11,,34316,40,,,1,51,,34301,40,,,1,8,,34281,40,,,1,12,,34276,40,,,1,10,,34317,40,,,1,12,,34285,40,,,1,10,,34280,40,,,1,50,,34290,40,,,1,30,,34305,40,,,1,69,,34310,40,,,1,30,,34297,40,,,1,70,,34283,40,,,1,30,,34304,40,,,1,68,,34295,40,,,1,28,,34298,40,,,1,29,,34284,40,,,1,70,,34299,40,,,1,29,,34296,40,,,1,69,,34279,40,,,1,29,,34302,40,,,1
5601,'Semaine-4',1251,,34444,46,4,,1,101,,34441,46,4,,1,101,,34440,46,4,,1,104,,34443,46,4,,1,145,,34442,46,4,,2,57,,34445,46,4,,1,95,,34446,46,4,,1
5800,'Semaine-4',838,,34451,27,,,2,398,,34452,27,,,1,302,,34454,27,,,2,71,,34449,27,,,2,30,,34450,27,,,1,70,,34453,27,,,1,28,,34448,27,,,1,69,,34447,27,,,1
54901,'Semaine-4',1557,,37091,40,4,,1
64100,'Semaine-4',736,,37116,18,0,9 10,1
64500,'Semaine-4',727,,37118,31,0,9 10,1
64700,'Semaine-4',726,,37120,25,0,9 10,1
65500,'Semaine-4',726,,37124,33,0,9 10,1
