9500,'Semaine-1-_26ÉTÉ-1111100-',1529,,43711,33,,,1,16,,43714,33,,,2,56,,43710,33,,,1,19,,43705,33,,,1,15,,43709,33,,,2,16,,43706,33,,,1,55,,43707,33,,,2,15,,43712,33,,,1,23,,43713,33,,,1,65,,43708,33,,,1
9500,'Semaine-10-_26ÉTÉ-1111100-',1529,,43721,33,,,1,16,,43724,33,,,2,56,,43720,33,,,1,19,,43715,33,,,1,15,,43719,33,,,2,16,,43716,33,,,1,55,,43717,33,,,2,15,,43722,33,,,1,23,,43723,33,,,2,65,,43718,33,,,1
9500,'Semaine-11-_26ÉTÉ-1111100-',1529,,48147,33,,,1,16,,48150,33,,,2,56,,48146,33,,,1,19,,48141,33,,,1,15,,48145,33,,,2,16,,48142,33,,,1,55,,48143,33,,,2,15,,48148,33,,,1,23,,48149,33,,,1,65,,48144,33,,,1
9500,'Semaine-5-_26ÉTÉ-1111100-',1529,,51890,33,,,1,16,,51893,33,,,2,56,,51889,33,,,1,19,,51884,33,,,1,15,,51888,33,,,2,16,,51885,33,,,1,55,,51886,33,,,2,15,,51891,33,,,1,23,,51892,33,,,1,65,,51887,33,,,1
9700,'Samedi-0-_26ÉTÉ-0000010-',847,,43743,45,,,2,100,,43746,45,,,2,100,,43741,45,,,1,100,,43742,45,,,1,100,,43745,45,,,2,100,,43744,45,,,2,100,,43747,45,,,1,101,,43748,45,,,2,100,,43749,45,,,2,101,,43750,45,,,1,100,,43755,45,,,1,100,,43751,45,,,1,100,,43752,45,,,1,100,,43753,45,,,1,99,,43754,45,,,2,99,,43756,45,,,1,100,,43757,45,,,1
9700,'Dimanche-0-_26ÉTÉ-0000001-',847,,43761,45,,,2,100,,43763,45,,,2,100,,43760,45,,,1,100,,43759,45,,,1,100,,43758,45,,,2,100,,43762,45,,,2,100,,43765,45,,,1,101,,43764,45,,,2,100,,43770,45,,,2,101,,43772,45,,,1,100,,43774,45,,,1,100,,43766,45,,,1,100,,43767,45,,,1,100,,43768,45,,,1,99,,43769,45,,,2,99,,43773,45,,,1,100,,43771,45,,,1
9700,'Dimanche-10-_26ÉTÉ-0000001-',847,,43778,45,,,2,100,,43780,45,,,2,100,,43777,45,,,1,100,,43776,45,,,1,100,,43775,45,,,2,100,,43779,45,,,2,100,,43782,45,,,1,101,,43781,45,,,2,100,,43787,45,,,2,101,,43789,45,,,1,100,,43791,45,,,1,100,,43783,45,,,1,100,,43784,45,,,1,100,,43785,45,,,1,99,,43786,45,,,2,99,,43790,45,,,1,100,,43788,45,,,1
9700,'Dimanche-11-_26ÉTÉ-0000001-',847,,49683,45,,,2,100,,49685,45,,,2,100,,49682,45,,,1,100,,49681,45,,,1,100,,49680,45,,,2,100,,49684,45,,,2,100,,49687,45,,,1,101,,49686,45,,,2,100,,49692,45,,,2,101,,49694,45,,,1,100,,49696,45,,,1,100,,49688,45,,,1,100,,49689,45,,,1,100,,49690,45,,,1,99,,49691,45,,,2,99,,49695,45,,,1,100,,49693,45,,,1
9700,'Semaine-1-_26ÉTÉ-1111100-',720,,43810,45,,,1,27,,43811,45,,,1,95,,43800,45,,,2,101,,43796,45,,,1,96,,43809,45,,,2,100,,43804,45,,,2,101,,43801,45,,,1,100,,43806,45,,,2,101,,43792,45,,,1,94,,43797,45,,,1,104,,43805,45,,,1,96,,43807,49,,,2,103,,43798,49,,,2,73,,43793,49,,,2,20,,43802,45,,,1,102,,43794,45,,,2,99,,43803,45,,,1,100,,43799,45,,,1,101,,43795,45,,,2,110,,43808,45,,,1
9700,'Semaine-10-_26ÉTÉ-1111100-',720,,43830,45,,,1,27,,43831,45,,,1,95,,43820,45,,,2,101,,43816,45,,,1,96,,43829,45,,,2,100,,43824,45,,,2,101,,43821,45,,,1,100,,43826,45,,,2,101,,43812,45,,,1,94,,43817,45,,,1,104,,43825,45,,,1,96,,43827,49,,,2,103,,43818,49,,,2,73,,43813,49,,,2,20,,43822,45,,,1,102,,43814,45,,,2,99,,43823,45,,,1,100,,43819,45,,,1,101,,43815,45,,,2,110,,43828,45,,,1
9700,'Semaine-11-_26ÉTÉ-1111100-',720,,48194,45,,,1,27,,48195,45,,,1,95,,48184,45,,,2,101,,48180,45,,,1,96,,48193,45,,,2,100,,48188,45,,,2,101,,48185,45,,,1,100,,48190,45,,,2,101,,48176,45,,,1,94,,48181,45,,,1,104,,48189,45,,,1,96,,48191,49,,,2,103,,48182,49,,,2,73,,48177,49,,,2,20,,48186,45,,,1,102,,48178,45,,,2,99,,48187,45,,,1,100,,48183,45,,,1,101,,48179,45,,,2,110,,48192,45,,,1
9700,'Semaine-5-_26ÉTÉ-1111100-',720,,51920,45,,,1,27,,51921,45,,,1,95,,51910,45,,,2,101,,51906,45,,,1,96,,51919,45,,,2,100,,51914,45,,,2,101,,51911,45,,,1,100,,51916,45,,,2,101,,51902,45,,,1,94,,51907,45,,,1,104,,51915,45,,,1,96,,51917,49,,,2,103,,51908,49,,,2,73,,51903,49,,,2,20,,51912,45,,,1,102,,51904,45,,,2,99,,51913,45,,,1,100,,51909,45,,,1,101,,51905,45,,,2,110,,51918,45,,,1
29700,'Semaine-5-_26ÉTÉ-1111100-',751,,52033,41,,,2
