3101,'Samedi-3',702,,32767,23,,,1,54,,32773,23,,,1,99,,32770,23,,,1,97,,32774,23,,,1,97,,32768,23,,,1,100,,32772,23,,,1,100,,32769,23,,,1,100,,32771,23,,,1,103,,32775,23,,,1,97,,32776,23,,,1,100,,32777,23,,,1,100,,32778,23,,,1,101,,32779,23,,,1,101,,32784,23,,,1,100,,32780,23,,,1,100,,32781,23,,,1,102,,32782,23,,,1,100,,32783,23,,,1
3101,'Dimanche-3',702,,32787,23,,,1,54,,32785,23,,,1,99,,32788,23,,,1,97,,32790,23,,,1,97,,32791,23,,,1,100,,32792,23,,,1,100,,32786,23,,,1,100,,32795,23,,,1,103,,32789,23,,,1,97,,32794,23,,,1,100,,32798,23,,,1,100,,32802,23,,,1,101,,32799,23,,,1,101,,32793,23,,,1,100,,32796,23,,,1,100,,32801,23,,,1,102,,32797,23,,,1,100,,32800,23,,,1
3101,'Semaine-4',542,,32806,23,,,1,75,,32840,23,,,1,30,,32820,23,,,1,67,,32807,23,,,1,32,,32843,23,,,1,60,,32803,23,,,1,11,,32845,11,,,1,5,,32817,23,,,1,17,,32818,23,,,1,13,,32837,23,,,1,59,,32808,23,,,1,21,,32810,23,,,1,20,,32835,23,,,1,60,,32827,23,,,1,20,,32836,23,,,1,20,,32809,23,,,1,60,,32811,23,,,1,21,,32831,23,,,1,20,,32841,23,,,1,59,,32830,23,,,1,20,,32812,23,,,1,21,,32804,23,,,1,57,,32834,23,,,1,22,,32844,23,,,1,19,,32829,23,,,1,60,,32813,23,,,1,19,,32832,23,,,1,23,,32833,23,,,1,61,,32842,23,,,1,19,,32828,23,,,1,14,,32814,23,,,1,60,,32825,23,,,1,20,,32826,23,,,1,22,,32815,23,,,1,58,,32821,23,,,1,21,,32805,23,,,1,20,,32838,23,,,1,59,,32846,23,,,1,26,,32816,23,,,1,98,,32839,23,,,1,100,,32822,23,,,1,100,,32819,23,,,1,98,,32823,23,,,1,103,,32824,23,,,1
3900,'Samedi-3',704,,33722,40,,,1,101,,33723,40,,,1,100,,33727,40,,,1,103,,33726,40,,,1,100,,33729,40,,,1,99,,33728,40,,,1,103,,33724,40,,,1,30,,33725,40,,,1,70,,33730,40,,,1,31,,33731,40,,,2,70,,33732,40,,,1,30,,33733,40,,,1,71,,33734,40,,,2,30,,33735,40,,,1,70,,33736,40,,,1,30,,33737,40,,,1,69,,33738,40,,,1,29,,33739,40,,,1,69,,33740,40,,,1,28,,33741,40,,,1,100,,33742,40,,,1,100,,33743,40,,,1,100,,33744,40,,,1,98,,33745,40,,,1
3900,'Dimanche-3',704,,33746,40,,,1,101,,33753,40,,,1,100,,33747,40,,,1,103,,33749,40,,,1,100,,33755,40,,,1,99,,33748,40,,,1,103,,33754,40,,,1,30,,33750,40,,,1,70,,33751,40,,,1,31,,33756,40,,,2,70,,33758,40,,,1,30,,33752,40,,,1,71,,33757,40,,,2,30,,33759,40,,,1,70,,33760,40,,,1,30,,33766,40,,,1,69,,33767,40,,,1,29,,33769,40,,,1,69,,33765,40,,,1,28,,33763,40,,,1,100,,33764,40,,,1,100,,33768,40,,,1,100,,33761,40,,,1,98,,33762,40,,,1
3900,'Semaine-4',643,,33787,40,,,1,66,,33773,40,,,1,35,,33792,40,,,1,68,,33785,40,,,1,30,,33786,40,,,1,70,,33784,40,,,1,32,,33781,40,,,1,70,,33798,40,,,1,30,,33793,40,,,1,71,,33805,40,,,1,30,,33790,40,,,1,70,,33794,40,,,1,30,,33782,40,,,1,71,,33780,40,,,1,30,,33795,40,,,2,69,,33783,40,,,1,30,,33770,40,,,1,75,,33796,40,,,2,31,,33777,40,,,1,72,,33779,40,,,1,31,,33797,40,,,1,72,,33776,40,,,1,28,,33771,40,,,1,69,,33799,40,,,1,25,,33778,40,,,1,71,,33772,40,,,2,29,,33800,40,,,2,72,,33775,40,,,1,25,,33791,40,,,2,65,,33801,40,,,1,30,,33774,40,,,1,70,,33789,40,,,1,29,,33802,40,,,2,70,,33788,40,,,1,30,,33804,40,,,1,70,,33803,40,,,2
32900,'Semaine-4',832,,36465,31,0,7 8,1
57100,'Semaine-4',1522,,37105,7,0,5 6,1
82601,'Semaine-4',801,,37288,34,0,9 12 13,1,1,,37289,34,0,9 12 13,1
83101,'Semaine-4',812,,37300,23,0,9 12 13,1,2,,37301,23,0,9 12 13,1
