3801,'Samedi-0-_26ÉTÉ-0000010-',706,,27973,4,,,1,30,,27969,4,,,1,69,,27981,4,,,1,31,,27974,4,,,1,69,,27970,4,,,1,31,,27982,4,,,1,67,,27975,4,,,1,33,,27979,4,,,1,66,,27971,4,,,1,34,,27976,4,,,1,70,,27980,4,,,1,30,,27972,4,,,1,68,,27977,4,,,1,32,,27978,4,,,1,68,,27983,4,,,1,32,,27984,4,,,1,68,,27985,4,,,1,32,,27986,4,,,1,69,,27987,4,,,1,31,,27988,4,,,1,69,,27989,4,,,1,31,,27990,4,,,1,67,,27991,4,,,1,33,,27993,4,,,1,69,,27992,4,,,1,31,,27995,4,,,1,69,,27994,4,,,1,31,,27996,4,,,1,70,,27997,4,,,1,30,,28001,4,,,1,70,,27998,4,,,1,30,,27999,4,,,1,72,,28000,4,,,1
3801,'Dimanche-0-_26ÉTÉ-0000001-',706,,28009,4,,,1,30,,28005,4,,,1,69,,28016,4,,,1,31,,28008,4,,,1,69,,28002,4,,,1,31,,28017,4,,,1,67,,28011,4,,,1,33,,28003,4,,,1,66,,28015,4,,,1,34,,28010,4,,,1,70,,28004,4,,,1,30,,28006,4,,,1,68,,28007,4,,,1,32,,28013,4,,,1,68,,28019,4,,,1,32,,28020,4,,,1,68,,28014,4,,,1,32,,28018,4,,,1,69,,28024,4,,,1,31,,28029,4,,,1,69,,28030,4,,,1,31,,28025,4,,,1,67,,28012,4,,,1,33,,28027,4,,,1,69,,28022,4,,,1,31,,28023,4,,,1,69,,28026,4,,,1,31,,28028,4,,,1,70,,28032,4,,,1,30,,28031,4,,,1,70,,28021,4,,,1,30,,28033,4,,,1,72,,28034,4,,,1
3801,'Dimanche-10-_26ÉTÉ-0000001-',706,,31746,4,,,1,30,,31742,4,,,1,69,,31753,4,,,1,31,,31745,4,,,1,69,,31739,4,,,1,31,,31754,4,,,1,67,,31748,4,,,1,33,,31740,4,,,1,66,,31752,4,,,1,34,,31747,4,,,1,70,,31741,4,,,1,30,,31743,4,,,1,68,,31744,4,,,1,32,,31750,4,,,1,68,,31756,4,,,1,32,,31757,4,,,1,68,,31751,4,,,1,32,,31755,4,,,1,69,,31761,4,,,1,31,,31766,4,,,1,69,,31767,4,,,1,31,,31762,4,,,1,67,,31749,4,,,1,33,,31764,4,,,1,69,,31759,4,,,1,31,,31760,4,,,1,69,,31763,4,,,1,31,,31765,4,,,1,70,,31769,4,,,1,30,,31768,4,,,1,70,,31758,4,,,1,30,,31770,4,,,1,72,,31771,4,,,1
3801,'Semaine-1-_26ÉTÉ-1111100-',613,,25176,4,,,1,28,,25148,4,,,1,72,,25175,4,,,1,12,,25186,4,,,1,21,,25182,4,,,1,67,,25164,4,,,1,27,,25184,4,,,1,70,,25171,4,,,1,21,,25154,4,,,1,20,,25180,4,,,1,60,,25165,4,,,1,20,,25157,4,,,1,20,,25172,4,,,1,60,,25155,4,,,1,20,,25179,4,,,1,20,,25185,4,,,1,60,,25158,4,,,1,21,,25187,4,,,1,19,,25173,4,,,1,60,,25178,4,,,1,20,,25166,4,,,1,20,,25159,4,,,1,60,,25174,4,,,1,20,,25188,4,,,1,19,,25161,4,,,1,60,,25167,4,,,1,30,,25181,4,,,1,68,,25156,4,,,1,32,,25163,4,,,1,71,,25153,4,,,1,29,,25189,4,,,1,60,,25150,4,,,1,21,,25183,4,,,1,32,,25152,4,,,1,70,,25162,4,,,1,30,,25170,4,,,1,70,,25177,4,,,1,30,,25160,4,,,1,70,,25168,4,,,1,30,,25169,4,,,1,70,,25149,4,,,1,85,,25151,4,,,1
3801,'Semaine-10-_26ÉTÉ-1111100-',613,,28063,4,,,1,28,,28035,4,,,1,72,,28062,4,,,1,12,,28073,4,,,1,21,,28069,4,,,1,67,,28051,4,,,1,27,,28071,4,,,1,70,,28058,4,,,1,21,,28041,4,,,1,20,,28067,4,,,1,60,,28052,4,,,1,20,,28044,4,,,1,20,,28059,4,,,1,60,,28042,4,,,1,20,,28066,4,,,1,20,,28072,4,,,1,60,,28045,4,,,1,21,,28074,4,,,1,19,,28060,4,,,1,60,,28065,4,,,1,20,,28053,4,,,1,20,,28046,4,,,1,60,,28061,4,,,1,20,,28075,4,,,1,19,,28048,4,,,1,60,,28054,4,,,1,30,,28068,4,,,1,68,,28043,4,,,1,32,,28050,4,,,1,71,,28040,4,,,1,29,,28076,4,,,1,60,,28037,4,,,1,21,,28070,4,,,1,32,,28039,4,,,1,70,,28049,4,,,1,30,,28057,4,,,1,70,,28064,4,,,1,30,,28047,4,,,1,70,,28055,4,,,1,30,,28056,4,,,1,70,,28036,4,,,1,85,,28038,4,,,1
6400,'Samedi-0-_26ÉTÉ-0000010-',755,,29153,35,,,1,100,,29155,35,,,1,100,,29158,35,,,1,100,,29156,35,,,2,100,,29159,35,,,1,100,,29154,35,,,1,100,,29157,35,,,2,100,,29160,35,,,1,99,,29161,35,,,1,100,,29162,35,,,1,100,,29163,35,,,1,100,,29164,35,,,1
6400,'Dimanche-0-_26ÉTÉ-0000001-',755,,29165,35,,,1,100,,29170,35,,,1,100,,29166,35,,,1,100,,29169,35,,,2,100,,29172,35,,,1,100,,29171,35,,,1,100,,29168,35,,,2,100,,29167,35,,,1,99,,29175,35,,,1,100,,29176,35,,,1,100,,29173,35,,,1,100,,29174,35,,,1
6400,'Dimanche-10-_26ÉTÉ-0000001-',755,,32041,35,,,1,100,,32046,35,,,1,100,,32042,35,,,1,100,,32045,35,,,2,100,,32048,35,,,1,100,,32047,35,,,1,100,,32044,35,,,2,100,,32043,35,,,1,99,,32051,35,,,1,100,,32052,35,,,1,100,,32049,35,,,1,100,,32050,35,,,1
6400,'Semaine-1-_26ÉTÉ-1111100-',711,,25736,35,,,1,30,,25733,35,,,2,70,,25728,35,,,2,35,,25732,35,,,2,95,,25734,35,,,2,100,,25739,35,,,2,100,,25738,35,,,1,100,,25731,35,,,2,100,,25744,35,,,1,100,,25740,35,,,1,95,,25741,35,,,1,70,,25746,35,,,1,102,,25745,35,,,1,95,,25742,35,,,2,100,,25743,35,,,1,100,,25735,35,,,1,99,,25729,35,,,1,100,,25737,35,,,1,100,,25730,35,,,1
6400,'Semaine-10-_26ÉTÉ-1111100-',711,,29185,35,,,1,30,,29182,35,,,2,70,,29177,35,,,2,35,,29181,35,,,2,95,,29183,35,,,2,100,,29188,35,,,2,100,,29187,35,,,1,100,,29180,35,,,2,100,,29193,35,,,1,100,,29189,35,,,1,95,,29190,35,,,1,70,,29195,35,,,1,102,,29194,35,,,1,95,,29191,35,,,2,100,,29192,35,,,1,100,,29184,35,,,2,99,,29178,35,,,1,100,,29186,35,,,1,100,,29179,35,,,1
6801,'Semaine-1-_26ÉTÉ-1111100-',625,,26019,12,,,1,20,,26032,12,,,1,60,,26003,12,,,1,20,,26016,12,,,1,5,,26030,12,,,1,4,,26010,12,,,1,6,,26015,12,,,1,61,,26021,12,,,1,18,,26033,12,,,1,20,,26009,12,,,1,19,,26028,12,,,1,61,,26026,12,,,1,20,,26031,12,,,1,70,,26004,12,,,1,30,,26024,12,,,1,70,,26005,12,,,1,30,,26007,12,,,1,70,,26027,12,,,1,30,,26011,12,,,1,70,,26029,12,,,1,31,,26023,12,,,1,70,,26012,12,,,1,30,,26022,12,,,1,69,,26013,12,,,1,31,,26008,12,,,1,68,,26006,12,,,1,32,,26020,12,,,1,70,,26014,12,,,1,29,,26025,12,,,1,70,,26018,12,,,1,30,,26017,12,,,1
6801,'Semaine-10-_26ÉTÉ-1111100-',625,,29738,12,,,1,20,,29751,12,,,1,60,,29722,12,,,1,20,,29735,12,,,1,5,,29749,12,,,1,4,,29729,12,,,1,6,,29734,12,,,1,61,,29740,12,,,1,18,,29752,12,,,1,20,,29728,12,,,1,19,,29747,12,,,1,61,,29745,12,,,1,20,,29750,12,,,1,70,,29723,12,,,1,30,,29743,12,,,1,70,,29724,12,,,1,30,,29726,12,,,1,70,,29746,12,,,1,30,,29730,12,,,1,70,,29748,12,,,1,31,,29742,12,,,1,70,,29731,12,,,1,30,,29741,12,,,1,69,,29732,12,,,1,31,,29727,12,,,1,68,,29725,12,,,1,32,,29739,12,,,1,70,,29733,12,,,1,29,,29744,12,,,1,70,,29737,12,,,1,30,,29736,12,,,1
