2301,'Semaine-4',619,,32635,13,,,1,30,,32632,13,,,2,71,,32636,13,,,1,31,,32634,13,,,2,70,,32633,13,,,2
2501,'Semaine-4',605,,32647,20,,,1,30,,32646,20,,,1,70,,32644,20,,,1,30,,32645,20,,,2,70,,32648,20,,,1,31,,32643,20,,,1
2601,'Semaine-4',557,,32655,14,,,1,71,,32657,14,,,1,31,,32658,14,,,2,73,,32656,14,,,1,72,,32654,14,,,1
2801,'Semaine-4',651,,32672,16,,,2,69,,32673,16,,,1,101,,32671,16,,,1
3401,'Samedi-3',700,,33204,25,,,1,100,,33207,25,,,2,30,,33216,25,,,1,73,,33205,25,,,1,27,,33210,25,,,1,70,,33212,25,,,1,32,,33206,25,,,2,70,,33215,25,,,1,31,,33208,25,,,1,70,,33217,25,,,1,29,,33209,25,,,1,70,,33211,25,,,1,30,,33213,25,,,2,70,,33214,25,,,2,30,,33218,25,,,1,71,,33219,25,,,2,30,,33220,25,,,1,70,,33221,25,,,1,31,,33222,25,,,1,69,,33223,25,,,1,30,,33224,25,,,2,71,,33225,25,,,1,27,,33226,25,,,1,70,,33228,25,,,1,31,,33227,25,,,2,70,,33229,25,,,1,30,,33230,25,,,1,68,,33231,25,,,1,30,,33233,25,,,1,70,,33232,25,,,1,30,,33234,25,,,1,98,,33235,25,,,1
3401,'Dimanche-3',700,,33237,25,,,1,100,,33248,25,,,2,30,,33241,25,,,1,73,,33244,25,,,1,27,,33243,25,,,1,70,,33252,25,,,1,32,,33249,25,,,2,70,,33236,25,,,1,31,,33247,25,,,1,70,,33240,25,,,1,29,,33238,25,,,1,70,,33239,25,,,1,30,,33242,25,,,2,70,,33250,25,,,2,30,,33246,25,,,1,71,,33245,25,,,2,30,,33251,25,,,1,70,,33256,25,,,1,31,,33254,25,,,1,69,,33260,25,,,1,30,,33263,25,,,2,71,,33253,25,,,1,27,,33262,25,,,1,70,,33255,25,,,1,31,,33259,25,,,2,70,,33266,25,,,1,30,,33258,25,,,1,68,,33257,25,,,1,30,,33264,25,,,1,70,,33265,25,,,1,30,,33261,25,,,1,98,,33267,25,,,1
3401,'Semaine-4',909,,33293,25,,,1,27,,33273,25,,,1,70,,33277,25,,,1,30,,33297,25,,,1,70,,33270,25,,,1,30,,33274,25,,,1,70,,33278,25,,,1,30,,33268,25,,,1,70,,33271,25,,,1,30,,33275,25,,,1,70,,33279,25,,,1,30,,33272,25,,,1,70,,33294,25,,,1,30,,33269,25,,,1,71,,33295,25,,,1,31,,33296,25,,,2,69,,33290,25,,,1,29,,33286,25,,,1,70,,33276,25,,,1,29,,33283,25,,,1,70,,33292,25,,,1,30,,33280,25,,,1,70,,33282,25,,,1,30,,33284,25,,,1,70,,33288,25,,,1,30,,33281,25,,,1,70,,33287,25,,,1,30,,33285,25,,,1,70,,33289,25,,,1,30,,33291,25,,,1
4900,'Samedi-3',736,,33938,39,,,1,100,,33939,39,,,1,104,,33936,39,,,1,100,,33940,39,,,1,100,,33937,39,,,1,100,,33941,39,,,1,99,,33942,39,,,1,104,,33943,39,,,1,97,,33944,39,,,1,100,,33945,39,,,1,100,,33946,39,,,1,96,,33947,39,,,1,100,,33948,39,,,1,100,,33949,39,,,1,100,,33950,39,,,1,100,,33951,39,,,1,100,,33952,39,,,1
4900,'Dimanche-3',736,,33953,39,,,1,100,,33956,39,,,1,104,,33954,39,,,1,100,,33957,39,,,1,100,,33959,39,,,1,100,,33963,39,,,1,99,,33961,39,,,1,104,,33960,39,,,1,97,,33955,39,,,1,100,,33965,39,,,1,100,,33962,39,,,1,96,,33964,39,,,1,100,,33969,39,,,1,100,,33958,39,,,1,100,,33967,39,,,1,100,,33968,39,,,1,100,,33966,39,,,1
4900,'Semaine-4',657,,33997,39,,,1,50,,33992,26,,,1,5,,34004,26,,,1,3,,33980,26,,,1,3,,34008,39,,,1,2,,34003,26,,,1,3,,34005,26,,,1,3,,34007,26,,,1,5,,34006,26,,,1,15,,34000,39,,,1,73,,34001,39,,,1,6,,33996,26,,,1,31,,33995,39,,,1,69,,33990,39,,,1,31,,33982,39,,,1,72,,34002,39,,,1,72,,33998,39,,,1,30,,33993,39,,,1,70,,33970,39,,,1,30,,33991,39,,,1,70,,33972,39,,,1,30,,33977,39,,,1,70,,33979,39,,,1,29,,33983,39,,,1,71,,33999,39,,,1,37,,33981,39,,,1,70,,33984,39,,,1,30,,33975,39,,,1,70,,33987,39,,,1,30,,33978,39,,,1,67,,33976,39,,,1,30,,33994,39,,,1,67,,33988,39,,,1,56,,33971,39,,,1,100,,33989,39,,,1,100,,33986,39,,,1,97,,33973,39,,,1,98,,33985,39,,,1,100,,33974,39,,,1
32501,'Semaine-4',821,,36461,20,0,7 8,1,3,,36462,20,0,7 8,1
42500,'Semaine-4',707,,37068,20,0,9 14,1,2,,37069,20,0,9 14,1
73401,'Semaine-4',812,,37131,29,0,5 11,1
82501,'Semaine-4',749,,37283,20,0,9 12 13,1,1,,37284,20,0,9 12 13,1,1,,37285,20,0,9 12 13,1
