4100,'Semaine-1-_26ÉTÉ-1111100-',1601,,39598,50,,,2,29,,39600,50,,,1,76,,39599,50,,,2,25,,39597,50,,,1,69,,39601,50,,,1
4100,'Semaine-10-_26ÉTÉ-1111100-',1601,,39603,50,,,2,29,,39605,50,,,1,76,,39604,50,,,2,25,,39602,50,,,1,69,,39606,50,,,1
4100,'Semaine-11-_26ÉTÉ-1111100-',1601,,46360,50,,,2,29,,46362,50,,,1,76,,46361,50,,,2,25,,46359,50,,,1,69,,46363,50,,,1
4100,'Semaine-12-_26ÉTÉ-1111100-',1601,,53080,50,,,2,29,,53082,50,,,1,76,,53081,50,,,2,25,,53079,50,,,1,69,,53083,50,,,1
4100,'Semaine-5-_26ÉTÉ-1111100-',1601,,50644,50,,,2,29,,50646,50,,,1,76,,50645,50,,,2,25,,50643,50,,,1,69,,50647,50,,,1
80001,'Samedi-0-_26ÉTÉ-0000010-',654,,45237,53,,,1,100,,45239,53,,,1,100,,45240,53,,,2,100,,45243,53,,,1,103,,45238,53,,,2,100,,45241,53,,,1,100,,45244,53,,,1,99,,45242,53,,,2,100,,45245,53,,,1,100,,45246,53,,,1,100,,45247,53,,,2,100,,45248,53,,,1,97,,45251,53,,,1,100,,45249,53,,,2,100,,45250,53,,,2,100,,45252,53,,,1,100,,45253,53,,,1
80001,'Dimanche-0-_26ÉTÉ-0000001-',654,,45254,53,,,1,100,,45255,53,,,1,100,,45259,53,,,2,100,,45256,53,,,1,103,,45260,53,,,2,100,,45257,53,,,1,100,,45258,53,,,1,99,,45262,53,,,2,100,,45261,53,,,1,100,,45263,53,,,1,100,,45265,53,,,2,100,,45266,53,,,1,97,,45267,53,,,1,100,,45264,53,,,2,100,,45268,53,,,2,100,,45269,53,,,1,100,,45270,53,,,1
80001,'Dimanche-10-_26ÉTÉ-0000001-',654,,45271,53,,,1,100,,45272,53,,,1,100,,45276,53,,,2,100,,45273,53,,,1,103,,45277,53,,,2,100,,45274,53,,,1,100,,45275,53,,,1,99,,45279,53,,,2,100,,45278,53,,,1,100,,45280,53,,,1,100,,45282,53,,,2,100,,45283,53,,,1,97,,45284,53,,,1,100,,45281,53,,,2,100,,45285,53,,,2,100,,45286,53,,,1,100,,45287,53,,,1
80001,'Dimanche-11-_26ÉTÉ-0000001-',654,,49910,53,,,1,100,,49911,53,,,1,100,,49915,53,,,2,100,,49912,53,,,1,103,,49916,53,,,2,100,,49913,53,,,1,100,,49914,53,,,1,99,,49918,53,,,2,100,,49917,53,,,1,100,,49919,53,,,1,100,,49921,53,,,2,100,,49922,53,,,1,97,,49923,53,,,1,100,,49920,53,,,2,100,,49924,53,,,2,100,,49925,53,,,1,100,,49926,53,,,1
80001,'Semaine-1-_26ÉTÉ-1111100-',645,,45310,53,,,1,71,,45296,53,,,1,35,,45316,53,,,1,67,,45300,53,,,2,31,,45290,53,,,2,66,,45307,53,,,2,29,,45304,53,,,2,70,,45312,53,,,1,30,,45317,53,,,2,70,,45303,53,,,1,30,,45311,53,,,1,70,,45293,53,,,1,30,,45321,53,,,1,70,,45320,53,,,2,34,,45291,53,,,2,70,,45314,53,,,1,30,,45302,53,,,1,71,,45308,53,,,1,33,,45318,53,,,1,69,,45305,53,,,2,18,,45315,53,,,1,20,,45322,53,,,2,68,,45313,53,,,1,26,,45306,53,,,1,69,,45294,53,,,1,25,,45298,53,,,1,67,,45288,53,,,1,30,,45319,53,,,1,70,,45295,53,,,1,27,,45297,53,,,1,69,,45301,53,,,1,30,,45289,53,,,2,70,,45309,53,,,1,31,,45292,53,,,1,70,,45299,53,,,1
80001,'Semaine-10-_26ÉTÉ-1111100-',645,,45345,53,,,1,71,,45331,53,,,1,35,,45351,53,,,1,67,,45335,53,,,2,31,,45325,53,,,2,66,,45342,53,,,2,29,,45339,53,,,2,70,,45347,53,,,1,30,,45352,53,,,2,70,,45338,53,,,1,30,,45346,53,,,1,70,,45328,53,,,1,30,,45356,53,,,1,70,,45355,53,,,2,34,,45326,53,,,2,70,,45349,53,,,1,30,,45337,53,,,1,71,,45343,53,,,1,33,,45353,53,,,1,69,,45340,53,,,2,18,,45350,53,,,1,20,,45357,53,,,2,68,,45348,53,,,1,26,,45341,53,,,1,69,,45329,53,,,1,25,,45333,53,,,1,67,,45323,53,,,1,30,,45354,53,,,1,70,,45330,53,,,1,27,,45332,53,,,1,69,,45336,53,,,1,30,,45324,53,,,2,70,,45344,53,,,1,31,,45327,53,,,1,70,,45334,53,,,1
80001,'Semaine-11-_26ÉTÉ-1111100-',645,,48831,53,,,1,71,,48817,53,,,1,35,,48837,53,,,1,67,,48821,53,,,2,31,,48811,53,,,2,66,,48828,53,,,2,29,,48825,53,,,2,70,,48833,53,,,1,30,,48838,53,,,2,70,,48824,53,,,1,30,,48832,53,,,1,70,,48814,53,,,1,30,,48842,53,,,1,70,,48841,53,,,2,34,,48812,53,,,2,70,,48835,53,,,1,30,,48823,53,,,1,71,,48829,53,,,1,33,,48839,53,,,1,69,,48826,53,,,2,18,,48836,53,,,1,20,,48843,53,,,2,68,,48834,53,,,1,26,,48827,53,,,1,69,,48815,53,,,1,25,,48819,53,,,1,67,,48809,53,,,1,30,,48840,53,,,1,70,,48816,53,,,1,27,,48818,53,,,1,69,,48822,53,,,1,30,,48810,53,,,2,70,,48830,53,,,1,31,,48813,53,,,1,70,,48820,53,,,1
80001,'Semaine-12-_26ÉTÉ-1111100-',645,,54760,53,,,1,71,,54746,53,,,1,35,,54766,53,,,1,67,,54750,53,,,2,31,,54740,53,,,2,66,,54757,53,,,2,29,,54754,53,,,2,70,,54762,53,,,1,30,,54767,53,,,2,70,,54753,53,,,1,30,,54761,53,,,1,70,,54743,53,,,1,30,,54771,53,,,1,70,,54770,53,,,2,34,,54741,53,,,2,70,,54764,53,,,1,30,,54752,53,,,1,71,,54758,53,,,1,33,,54768,53,,,1,69,,54755,53,,,2,18,,54765,53,,,1,20,,54772,53,,,2,68,,54763,53,,,1,26,,54756,53,,,1,69,,54744,53,,,1,25,,54748,53,,,1,67,,54738,53,,,1,30,,54769,53,,,1,70,,54745,53,,,1,27,,54747,53,,,1,69,,54751,53,,,1,30,,54739,53,,,2,70,,54759,53,,,1,31,,54742,53,,,1,70,,54749,53,,,1
80001,'Semaine-5-_26ÉTÉ-1111100-',645,,52348,53,,,1,71,,52334,53,,,1,35,,52354,53,,,1,67,,52338,53,,,2,31,,52328,53,,,2,66,,52345,53,,,2,29,,52342,53,,,2,70,,52350,53,,,1,30,,52355,53,,,2,70,,52341,53,,,1,30,,52349,53,,,1,70,,52331,53,,,1,30,,52359,53,,,1,70,,52358,53,,,2,34,,52329,53,,,2,70,,52352,53,,,1,30,,52340,53,,,1,71,,52346,53,,,1,33,,52356,53,,,1,69,,52343,53,,,2,18,,52353,53,,,1,20,,52360,53,,,2,68,,52351,53,,,1,26,,52344,53,,,1,69,,52332,53,,,1,25,,52336,53,,,1,67,,52326,53,,,1,30,,52357,53,,,1,70,,52333,53,,,1,27,,52335,53,,,1,69,,52339,53,,,1,30,,52327,53,,,2,70,,52347,53,,,1,31,,52330,53,,,1,70,,52337,53,,,1
