2000,'Semaine-1-_26ÉTÉ-1111100-',648,,37327,10,,,1,99,,37326,10,,,1,101,,37325,10,,,2
2000,'Semaine-10-_26ÉTÉ-1111100-',648,,37330,10,,,1,99,,37329,10,,,1,101,,37328,10,,,2
2000,'Semaine-11-_26ÉTÉ-1111100-',648,,45369,10,,,1,99,,45368,10,,,1,101,,45367,10,,,2
2700,'Semaine-1-_26ÉTÉ-1111100-',1602,,37405,14,,,1,30,,37403,14,,,2,68,,37407,14,,,1,31,,37404,14,,,1,28,,37406,14,,,2
2700,'Semaine-10-_26ÉTÉ-1111100-',1602,,37410,14,,,1,30,,37408,14,,,2,68,,37412,14,,,1,31,,37409,14,,,1,28,,37411,14,,,2
2700,'Semaine-11-_26ÉTÉ-1111100-',1602,,45408,14,,,1,30,,45406,14,,,2,68,,45410,14,,,1,31,,45407,14,,,1,28,,45409,14,,,2
3900,'Samedi-0-_26ÉTÉ-0000010-',707,,39287,43,,,1,101,,39288,43,,,1,100,,39292,43,,,1,103,,39291,43,,,1,100,,39294,43,,,1,98,,39293,43,,,1,104,,39289,43,,,1,30,,39290,43,,,1,70,,39295,43,,,1,31,,39296,43,,,2,70,,39297,43,,,1,30,,39298,43,,,1,71,,39299,43,,,2,30,,39300,43,,,1,70,,39301,43,,,1,30,,39302,43,,,1,68,,39303,43,,,1,29,,39304,43,,,1,69,,39305,43,,,1,29,,39306,43,,,1,100,,39307,43,,,1,100,,39308,43,,,1,100,,39309,43,,,1,97,,39310,43,,,1
3900,'Samedi-10-_26ÉTÉ-0000010-',707,,46228,43,,,1,101,,46229,43,,,1,100,,46233,43,,,1,103,,46232,43,,,1,100,,46235,43,,,1,98,,46234,43,,,1,104,,46230,43,,,1,30,,46231,43,,,1,70,,46236,43,,,1,31,,46237,43,,,2,70,,46238,43,,,1,30,,46239,43,,,1,71,,46240,43,,,2,30,,46241,43,,,1,70,,46242,43,,,1,30,,46243,43,,,1,68,,46244,43,,,1,29,,46245,43,,,1,69,,46246,43,,,1,29,,46247,43,,,1,100,,46248,43,,,1,100,,46249,43,,,1,100,,46250,43,,,1,97,,46251,43,,,1
3900,'Dimanche-0-_26ÉTÉ-0000001-',707,,39311,43,,,1,101,,39318,43,,,1,100,,39312,43,,,1,103,,39314,43,,,1,100,,39320,43,,,1,98,,39313,43,,,1,104,,39319,43,,,1,30,,39315,43,,,1,70,,39316,43,,,1,31,,39321,43,,,2,70,,39323,43,,,1,30,,39317,43,,,1,71,,39322,43,,,2,30,,39324,43,,,1,70,,39325,43,,,1,30,,39331,43,,,1,68,,39332,43,,,1,29,,39334,43,,,1,69,,39330,43,,,1,29,,39328,43,,,1,100,,39329,43,,,1,100,,39333,43,,,1,100,,39326,43,,,1,97,,39327,43,,,1
3900,'Dimanche-10-_26ÉTÉ-0000001-',707,,39335,43,,,1,101,,39342,43,,,1,100,,39336,43,,,1,103,,39338,43,,,1,100,,39344,43,,,1,98,,39337,43,,,1,104,,39343,43,,,1,30,,39339,43,,,1,70,,39340,43,,,1,31,,39345,43,,,2,70,,39347,43,,,1,30,,39341,43,,,1,71,,39346,43,,,2,30,,39348,43,,,1,70,,39349,43,,,1,30,,39355,43,,,1,68,,39356,43,,,1,29,,39358,43,,,1,69,,39354,43,,,1,29,,39352,43,,,1,100,,39353,43,,,1,100,,39357,43,,,1,100,,39350,43,,,1,97,,39351,43,,,1
3900,'Dimanche-11-_26ÉTÉ-0000001-',707,,49088,43,,,1,101,,49095,43,,,1,100,,49089,43,,,1,103,,49091,43,,,1,100,,49097,43,,,1,98,,49090,43,,,1,104,,49096,43,,,1,30,,49092,43,,,1,70,,49093,43,,,1,31,,49098,43,,,2,70,,49100,43,,,1,30,,49094,43,,,1,71,,49099,43,,,2,30,,49101,43,,,1,70,,49102,43,,,1,30,,49108,43,,,1,68,,49109,43,,,1,29,,49111,43,,,1,69,,49107,43,,,1,29,,49105,43,,,1,100,,49106,43,,,1,100,,49110,43,,,1,100,,49103,43,,,1,97,,49104,43,,,1
3900,'Semaine-1-_26ÉTÉ-1111100-',646,,39376,43,,,2,68,,39362,43,,,1,33,,39381,43,,,2,68,,39374,43,,,1,30,,39375,43,,,1,70,,39373,43,,,1,32,,39370,43,,,1,70,,39387,43,,,1,30,,39382,43,,,1,71,,39394,43,,,1,30,,39379,43,,,2,71,,39383,43,,,1,29,,39371,43,,,1,72,,39369,43,,,2,29,,39384,43,,,1,69,,39372,43,,,1,30,,39359,43,,,2,74,,39385,43,,,1,33,,39366,43,,,2,70,,39368,43,,,1,31,,39386,43,,,2,74,,39365,43,,,1,27,,39360,43,,,1,70,,39388,43,,,1,23,,39367,43,,,1,71,,39361,43,,,1,29,,39389,43,,,2,72,,39364,43,,,1,25,,39380,43,,,2,65,,39390,43,,,1,30,,39363,43,,,1,70,,39378,43,,,1,30,,39391,43,,,1,70,,39377,43,,,1,30,,39393,43,,,1,70,,39392,43,,,1
3900,'Semaine-10-_26ÉTÉ-1111100-',646,,39412,43,,,2,68,,39398,43,,,1,33,,39417,43,,,2,68,,39410,43,,,1,30,,39411,43,,,1,70,,39409,43,,,1,32,,39406,43,,,1,70,,39423,43,,,1,30,,39418,43,,,1,71,,39430,43,,,1,30,,39415,43,,,2,71,,39419,43,,,1,29,,39407,43,,,1,72,,39405,43,,,2,29,,39420,43,,,1,69,,39408,43,,,1,30,,39395,43,,,2,74,,39421,43,,,1,33,,39402,43,,,2,70,,39404,43,,,1,31,,39422,43,,,2,74,,39401,43,,,1,27,,39396,43,,,1,70,,39424,43,,,1,23,,39403,43,,,1,71,,39397,43,,,1,29,,39425,43,,,2,72,,39400,43,,,1,25,,39416,43,,,2,65,,39426,43,,,1,30,,39399,43,,,1,70,,39414,43,,,1,30,,39427,43,,,1,70,,39413,43,,,1,30,,39429,43,,,1,70,,39428,43,,,1
3900,'Semaine-11-_26ÉTÉ-1111100-',646,,46269,43,,,2,68,,46255,43,,,1,33,,46274,43,,,2,68,,46267,43,,,1,30,,46268,43,,,1,70,,46266,43,,,1,32,,46263,43,,,1,70,,46280,43,,,1,30,,46275,43,,,1,71,,46287,43,,,1,30,,46272,43,,,2,71,,46276,43,,,1,29,,46264,43,,,1,72,,46262,43,,,2,29,,46277,43,,,1,69,,46265,43,,,1,30,,46252,43,,,2,74,,46278,43,,,1,33,,46259,43,,,2,70,,46261,43,,,1,31,,46279,43,,,2,74,,46258,43,,,1,27,,46253,43,,,1,70,,46281,43,,,1,23,,46260,43,,,1,71,,46254,43,,,1,29,,46282,43,,,2,72,,46257,43,,,1,25,,46273,43,,,2,65,,46283,43,,,1,30,,46256,43,,,1,70,,46271,43,,,1,30,,46284,43,,,1,70,,46270,43,,,1,30,,46286,43,,,1,70,,46285,43,,,1
