3100,'Samedi-3',730,,32684,16,,,1,70,,32685,16,,,1,102,,32686,16,,,1,101,,32683,16,,,1,103,,32689,16,,,1,100,,32690,16,,,1,101,,32687,16,,,1,100,,32688,16,,,1,100,,32691,16,,,1,102,,32692,16,,,1,98,,32693,16,,,1,100,,32694,16,,,1,93,,32700,16,,,1,100,,32695,16,,,1,59,,32696,16,,,1,100,,32697,16,,,1,100,,32698,16,,,1,100,,32699,16,,,1,96,,32701,16,,,1
3100,'Dimanche-3',730,,32706,16,,,1,70,,32707,16,,,1,102,,32708,16,,,1,101,,32709,16,,,1,103,,32702,16,,,1,100,,32703,16,,,1,101,,32704,16,,,1,100,,32705,16,,,1,100,,32711,16,,,1,102,,32712,16,,,1,98,,32710,16,,,1,100,,32713,16,,,1,93,,32716,16,,,1,100,,32720,16,,,1,59,,32714,16,,,1,100,,32715,16,,,1,100,,32718,16,,,1,100,,32717,16,,,1,96,,32719,16,,,1
3100,'Semaine-4',1908,,32740,16,,,1,98,,32758,16,,,1,100,,32741,16,,,1,100,,32737,16,,,1,99,,32742,16,,,1,102,,32744,16,,,1,103,,32756,16,,,1
3301,'Samedi-3',738,,33029,45,,,1,100,,33030,45,,,1,100,,33027,45,,,1,100,,33033,45,,,1,100,,33034,45,,,1,101,,33028,45,,,1,100,,33031,45,,,1,100,,33032,45,,,1,102,,33035,45,,,1,98,,33036,45,,,1,100,,33037,45,,,1,96,,33044,45,,,1,100,,33038,45,,,1,100,,33039,45,,,1,100,,33040,45,,,1,100,,33041,45,,,1,100,,33042,45,,,1,98,,33043,45,,,1
3301,'Dimanche-3',738,,33049,45,,,1,100,,33050,45,,,1,100,,33051,45,,,1,100,,33045,45,,,1,100,,33046,45,,,1,101,,33047,45,,,1,100,,33048,45,,,1,100,,33053,45,,,1,102,,33054,45,,,1,98,,33052,45,,,1,100,,33055,45,,,1,96,,33058,45,,,1,100,,33062,45,,,1,100,,33056,45,,,1,100,,33057,45,,,1,100,,33060,45,,,1,100,,33059,45,,,1,98,,33061,45,,,1
3301,'Semaine-4',627,,33086,45,,,1,22,,33094,45,,,2,64,,33071,45,,,1,17,,33091,45,,,1,17,,33087,45,,,1,5,,33082,45,,,1,49,,33102,45,,,1,14,,33100,45,,,1,16,,33089,45,,,1,15,,33077,45,,,1,10,,33093,45,,,2,55,,33067,45,,,1,30,,33079,45,,,2,68,,33085,45,,,1,31,,33075,45,,,1,68,,33096,45,,,1,31,,33080,45,,,1,69,,33072,45,,,1,32,,33074,45,,,1,60,,33092,45,,,1,6,,33101,45,,,1,28,,33083,45,,,1,69,,33073,45,,,1,31,,33078,45,,,1,74,,33081,46,,,1,13,,33103,46,,,2,17,,33084,46,,,1,19,,33076,46,,,2,53,,33088,46,,,1,33,,33069,46,,,1,64,,33099,46,,,2,25,,33066,46,,,2,68,,33063,46,,,2,28,,33097,45,,,1,83,,33070,45,,,2,29,,33065,45,,,2,97,,33068,45,,,1,80,,33090,45,,,2,104,,33095,45,,,1,98,,33064,45,,,2,124,,33098,45,,,1
3501,'Semaine-4',601,,33360,30,,,1,41,,33335,31,,,1,61,,33342,31,,,1,24,,33351,42,,,1,13,,33357,31,,,1,64,,33362,42,,,1,15,,33338,31,,,1,26,,33358,31,,,1,63,,33363,31,,,1,28,,33344,30,,,2,68,,33346,30,,,1,33,,33337,30,,,1,70,,33343,30,,,1,30,,33353,30,,,1,70,,33336,30,,,1,30,,33350,30,,,1,70,,33352,30,,,1,30,,33355,30,,,1,70,,33340,30,,,1,32,,33364,30,,,2,67,,33354,30,,,2,37,,33339,30,,,2,69,,33366,30,,,1,28,,33361,30,,,2,70,,33345,30,,,1,28,,33348,30,,,2,76,,33367,30,,,2,23,,33356,30,,,1,98,,33349,30,,,1,103,,33347,30,,,1,100,,33365,30,,,1,97,,33359,30,,,1,109,,33341,30,,,1
6700,'Samedi-3',714,,35170,9,,,2,101,,35169,9,,,1,100,,35168,9,,,1,30,,35164,9,,,1,70,,35172,9,,,1,30,,35165,9,,,1,70,,35166,9,,,1,31,,35171,9,,,1,70,,35176,9,,,1,30,,35167,9,,,1,70,,35175,9,,,1,30,,35173,9,,,1,70,,35174,9,,,1,30,,35177,9,,,2,70,,35178,9,,,2,30,,35179,9,,,1,70,,35180,9,,,1,30,,35181,9,,,2,70,,35182,9,,,2,30,,35183,9,,,1,70,,35184,9,,,1,29,,35185,9,,,2,70,,35186,9,,,1,30,,35187,9,,,1,100,,35191,9,,,2,100,,35188,9,,,1,100,,35189,9,,,1,99,,35190,9,,,1
6700,'Dimanche-3',714,,35198,9,,,2,101,,35192,9,,,1,100,,35195,9,,,1,30,,35197,9,,,1,70,,35203,9,,,1,30,,35200,9,,,1,70,,35206,9,,,1,31,,35208,9,,,1,70,,35202,9,,,1,30,,35204,9,,,1,70,,35193,9,,,1,30,,35194,9,,,1,70,,35196,9,,,1,30,,35199,9,,,2,70,,35205,9,,,2,30,,35201,9,,,1,70,,35207,9,,,1,30,,35216,9,,,2,70,,35215,9,,,2,30,,35211,9,,,1,70,,35209,9,,,1,29,,35219,9,,,2,70,,35210,9,,,1,30,,35217,9,,,1,100,,35214,9,,,2,100,,35213,9,,,1,100,,35212,9,,,1,99,,35218,9,,,1
6700,'Semaine-4',615,,35228,9,,,1,31,,35222,9,,,1,66,,35230,9,,,1,25,,35239,9,,,1,18,,35223,9,,,2,57,,35248,9,,,1,30,,35233,9,,,1,73,,35241,9,,,1,20,,35231,9,,,1,18,,35251,9,,,1,60,,35249,9,,,1,20,,35236,9,,,1,21,,35252,9,,,2,60,,35242,9,,,1,20,,35245,9,,,1,20,,35253,9,,,1,60,,35250,9,,,1,20,,35237,9,,,1,20,,35254,9,,,1,60,,35243,9,,,1,20,,35246,9,,,1,20,,35255,9,,,1,60,,35235,9,,,1,20,,35238,9,,,1,16,,35256,9,,,1,370,,35258,9,,,1,15,,35232,9,,,2,19,,35257,9,,,2,59,,35240,9,,,1,30,,35220,9,,,2,70,,35244,9,,,1,30,,35224,9,,,2,70,,35247,9,,,1,30,,35221,9,,,2,71,,35229,9,,,1,29,,35225,9,,,1,69,,35234,9,,,2,30,,35227,9,,,1,69,,35226,9,,,1
43701,'Semaine-4',1528,,37087,40,0,9 14,1
