6500,'Samedi-0-_26ÉTÉ-0000010-',659,,41314,20,,,1,100,,41317,20,,,1,100,,41313,20,,,1,100,,41316,20,,,1,100,,41320,20,,,1,100,,41315,20,,,2,100,,41318,20,,,1,100,,41319,20,,,1,100,,41321,20,,,2,100,,41322,20,,,1,100,,41323,20,,,1,100,,41324,20,,,1,100,,41325,20,,,1,100,,41326,20,,,1,100,,41327,20,,,2,100,,41328,20,,,2,100,,41329,20,,,2
6500,'Dimanche-0-_26ÉTÉ-0000001-',659,,41331,20,,,1,100,,41334,20,,,1,100,,41333,20,,,1,100,,41337,20,,,1,100,,41339,20,,,1,100,,41336,20,,,2,100,,41338,20,,,1,100,,41330,20,,,1,100,,41335,20,,,2,100,,41332,20,,,1,100,,41340,20,,,1,100,,41345,20,,,1,100,,41343,20,,,1,100,,41346,20,,,1,100,,41341,20,,,2,100,,41344,20,,,2,100,,41342,20,,,2
6500,'Dimanche-10-_26ÉTÉ-0000001-',659,,41348,20,,,1,100,,41351,20,,,1,100,,41350,20,,,1,100,,41354,20,,,1,100,,41356,20,,,1,100,,41353,20,,,2,100,,41355,20,,,1,100,,41347,20,,,1,100,,41352,20,,,2,100,,41349,20,,,1,100,,41357,20,,,1,100,,41362,20,,,1,100,,41360,20,,,1,100,,41363,20,,,1,100,,41358,20,,,2,100,,41361,20,,,2,100,,41359,20,,,2
6500,'Dimanche-11-_26ÉTÉ-0000001-',659,,49381,20,,,1,100,,49384,20,,,1,100,,49383,20,,,1,100,,49387,20,,,1,100,,49389,20,,,1,100,,49386,20,,,2,100,,49388,20,,,1,100,,49380,20,,,1,100,,49385,20,,,2,100,,49382,20,,,1,100,,49390,20,,,1,100,,49395,20,,,1,100,,49393,20,,,1,100,,49396,20,,,1,100,,49391,20,,,2,100,,49394,20,,,2,100,,49392,20,,,2
6500,'Semaine-1-_26ÉTÉ-1111100-',525,,41384,20,,,1,31,,41385,20,,,2,68,,41373,20,,,1,20,,41397,20,,,1,15,,41365,20,,,2,60,,41378,20,,,1,19,,41398,20,,,1,20,,41380,20,,,1,60,,41386,20,,,1,22,,41374,20,,,2,15,,41394,20,,,1,65,,41367,20,,,2,30,,41395,20,,,2,100,,41366,20,,,1,100,,41375,20,,,1,100,,41369,20,,,2,100,,41396,20,,,1,100,,41388,20,,,1,70,,41379,20,,,2,20,,41370,20,,,1,66,,41377,20,,,1,22,,41391,20,,,2,18,,41368,20,,,2,62,,41393,20,,,1,20,,41371,20,,,1,8,,41392,20,,,1,70,,41364,20,,,1,20,,41372,20,,,2,20,,41387,20,,,1,63,,41381,20,,,1,30,,41390,20,,,1,105,,41389,20,,,1,100,,41382,20,,,1,100,,41376,20,,,1,100,,41383,20,,,1
6500,'Semaine-10-_26ÉTÉ-1111100-',525,,41419,20,,,1,31,,41420,20,,,2,68,,41408,20,,,1,20,,41432,20,,,1,15,,41400,20,,,2,60,,41413,20,,,1,19,,41433,20,,,1,20,,41415,20,,,1,60,,41421,20,,,1,22,,41409,20,,,2,15,,41429,20,,,1,65,,41402,20,,,2,30,,41430,20,,,2,100,,41401,20,,,1,100,,41410,20,,,1,100,,41404,20,,,2,100,,41431,20,,,1,100,,41423,20,,,1,70,,41414,20,,,2,20,,41405,20,,,1,66,,41412,20,,,1,22,,41426,20,,,2,18,,41403,20,,,2,62,,41428,20,,,1,20,,41406,20,,,1,8,,41427,20,,,1,70,,41399,20,,,1,20,,41407,20,,,2,20,,41422,20,,,2,63,,41416,20,,,1,30,,41425,20,,,1,105,,41424,20,,,1,100,,41417,20,,,1,100,,41411,20,,,1,100,,41418,20,,,1
6500,'Semaine-11-_26ÉTÉ-1111100-',525,,47132,20,,,1,31,,47133,20,,,2,68,,47121,20,,,1,20,,47145,20,,,1,15,,47113,20,,,2,60,,47126,20,,,1,19,,47146,20,,,1,20,,47128,20,,,1,60,,47134,20,,,1,22,,47122,20,,,2,15,,47142,20,,,1,65,,47115,20,,,2,30,,47143,20,,,2,100,,47114,20,,,1,100,,47123,20,,,1,100,,47117,20,,,2,100,,47144,20,,,1,100,,47136,20,,,1,70,,47127,20,,,2,20,,47118,20,,,1,66,,47125,20,,,1,22,,47139,20,,,2,18,,47116,20,,,2,62,,47141,20,,,1,20,,47119,20,,,1,8,,47140,20,,,1,70,,47112,20,,,1,20,,47120,20,,,2,20,,47135,20,,,1,63,,47129,20,,,1,30,,47138,20,,,1,105,,47137,20,,,1,100,,47130,20,,,1,100,,47124,20,,,1,100,,47131,20,,,1
6500,'Semaine-5-_26ÉTÉ-1111100-',525,,51158,20,,,1,31,,51159,20,,,2,68,,51147,20,,,1,20,,51171,20,,,1,15,,51139,20,,,2,60,,51152,20,,,1,19,,51172,20,,,1,20,,51154,20,,,1,60,,51160,20,,,1,22,,51148,20,,,2,15,,51168,20,,,1,65,,51141,20,,,2,30,,51169,20,,,2,100,,51140,20,,,1,100,,51149,20,,,1,100,,51143,20,,,2,100,,51170,20,,,1,100,,51162,20,,,1,70,,51153,20,,,2,20,,51144,20,,,1,66,,51151,20,,,1,22,,51165,20,,,2,18,,51142,20,,,2,62,,51167,20,,,1,20,,51145,20,,,1,8,,51166,20,,,1,70,,51138,20,,,1,20,,51146,20,,,2,20,,51161,20,,,1,63,,51155,20,,,1,30,,51164,20,,,1,105,,51163,20,,,1,100,,51156,20,,,1,100,,51150,20,,,1,100,,51157,20,,,1
8500,'Semaine-1-_26ÉTÉ-1111100-',1547,,43600,40,,,1,58,,43595,40,,,2,16,,43592,40,,,1,16,,43601,40,,,2,15,,43591,40,,,1,53,,43594,40,,,1,16,,43599,40,,,2,18,,43597,40,,,1,16,,43596,40,,,2,61,,43593,40,,,1,15,,43598,40,,,2
8500,'Semaine-10-_26ÉTÉ-1111100-',1547,,43611,40,,,1,58,,43606,40,,,2,16,,43603,40,,,1,16,,43612,40,,,2,15,,43602,40,,,1,53,,43605,40,,,1,16,,43610,40,,,2,18,,43608,40,,,1,16,,43607,40,,,1,61,,43604,40,,,1,15,,43609,40,,,2
8500,'Semaine-11-_26ÉTÉ-1111100-',1547,,48093,40,,,1,58,,48088,40,,,2,16,,48085,40,,,1,16,,48094,40,,,2,15,,48084,40,,,1,53,,48087,40,,,1,16,,48092,40,,,2,18,,48090,40,,,1,16,,48089,40,,,2,61,,48086,40,,,1,15,,48091,40,,,2
8500,'Semaine-5-_26ÉTÉ-1111100-',1547,,51836,40,,,1,58,,51831,40,,,2,16,,51828,40,,,1,16,,51837,40,,,2,15,,51827,40,,,1,53,,51830,40,,,1,16,,51835,40,,,2,18,,51833,40,,,1,16,,51832,40,,,2,61,,51829,40,,,1,15,,51834,40,,,2
