9501,'Semaine-1-_26ÉTÉ-1111100-',554,,43729,41,,,1,55,,43725,41,,,1,16,,43727,41,,,1,15,,43732,41,,,2,15,,43728,41,,,2,55,,43730,41,,,2,17,,43731,41,,,1,13,,43726,41,,,2
9501,'Semaine-10-_26ÉTÉ-1111100-',554,,43737,41,,,1,55,,43733,41,,,1,16,,43735,41,,,1,15,,43740,41,,,2,15,,43736,41,,,2,55,,43738,41,,,2,17,,43739,41,,,1,13,,43734,41,,,2
9501,'Semaine-11-_26ÉTÉ-1111100-',554,,48155,41,,,1,55,,48151,41,,,1,16,,48153,41,,,1,15,,48158,41,,,2,15,,48154,41,,,2,55,,48156,41,,,2,17,,48157,41,,,1,13,,48152,41,,,2
9701,'Samedi-0-_26ÉTÉ-0000010-',748,,43834,45,,,2,100,,43837,45,,,1,101,,43835,45,,,2,100,,43838,45,,,2,99,,43832,45,,,1,100,,43833,45,,,1,101,,43836,45,,,2,100,,43839,45,,,2,100,,43840,45,,,1,100,,43841,45,,,2,100,,43842,45,,,2,100,,43843,45,,,1,100,,43847,45,,,1,100,,43844,45,,,1,99,,43845,45,,,1,100,,43846,45,,,1
9701,'Samedi-10-_26ÉTÉ-0000010-',748,,48198,45,,,2,100,,48201,45,,,1,101,,48199,45,,,2,100,,48202,45,,,2,99,,48196,45,,,1,100,,48197,45,,,1,101,,48200,45,,,2,100,,48203,45,,,2,100,,48204,45,,,1,100,,48205,45,,,2,100,,48206,45,,,2,100,,48207,45,,,1,100,,48211,45,,,1,100,,48208,45,,,1,99,,48209,45,,,1,100,,48210,45,,,1
9701,'Dimanche-0-_26ÉTÉ-0000001-',748,,43854,45,,,2,100,,43851,45,,,1,101,,43852,45,,,2,100,,43855,45,,,2,99,,43850,45,,,1,100,,43849,45,,,1,101,,43848,45,,,2,100,,43853,45,,,2,100,,43857,45,,,1,100,,43856,45,,,2,100,,43861,45,,,2,100,,43862,45,,,1,100,,43863,45,,,1,100,,43858,45,,,1,99,,43859,45,,,1,100,,43860,45,,,1
9701,'Dimanche-10-_26ÉTÉ-0000001-',748,,43870,45,,,2,100,,43867,45,,,1,101,,43868,45,,,2,100,,43871,45,,,2,99,,43866,45,,,1,100,,43865,45,,,1,101,,43864,45,,,2,100,,43869,45,,,2,100,,43873,45,,,1,100,,43872,45,,,2,100,,43877,45,,,2,100,,43878,45,,,1,100,,43879,45,,,1,100,,43874,45,,,1,99,,43875,45,,,1,100,,43876,45,,,1
9701,'Dimanche-11-_26ÉTÉ-0000001-',748,,49703,45,,,2,100,,49700,45,,,1,101,,49701,45,,,2,100,,49704,45,,,2,99,,49699,45,,,1,100,,49698,45,,,1,101,,49697,45,,,2,100,,49702,45,,,2,100,,49706,45,,,1,100,,49705,45,,,2,100,,49710,45,,,2,100,,49711,45,,,1,100,,49712,45,,,1,100,,49707,45,,,1,99,,49708,45,,,1,100,,49709,45,,,1
9701,'Semaine-1-_26ÉTÉ-1111100-',630,,43894,45,,,1,99,,43887,45,,,2,111,,43896,45,,,1,103,,43885,45,,,2,100,,43882,45,,,1,100,,43895,45,,,2,98,,43890,45,,,2,101,,43886,45,,,1,101,,43892,45,,,2,103,,43880,45,,,1,97,,43883,45,,,1,99,,43891,45,,,1,97,,43893,45,,,2,94,,43884,45,,,2,98,,43888,45,,,1,100,,43881,45,,,2,100,,43889,45,,,1
9701,'Semaine-10-_26ÉTÉ-1111100-',630,,43911,45,,,1,99,,43904,45,,,2,111,,43913,45,,,1,103,,43902,45,,,2,100,,43899,45,,,1,100,,43912,45,,,2,98,,43907,45,,,2,101,,43903,45,,,1,101,,43909,45,,,2,103,,43897,45,,,1,97,,43900,45,,,1,99,,43908,45,,,1,97,,43910,45,,,2,94,,43901,45,,,2,98,,43905,45,,,1,100,,43898,45,,,2,100,,43906,45,,,1
9701,'Semaine-11-_26ÉTÉ-1111100-',630,,48226,45,,,1,99,,48219,45,,,2,111,,48228,45,,,1,103,,48217,45,,,2,100,,48214,45,,,1,100,,48227,45,,,2,98,,48222,45,,,2,101,,48218,45,,,1,101,,48224,45,,,2,103,,48212,45,,,1,97,,48215,45,,,1,99,,48223,45,,,1,97,,48225,45,,,2,94,,48216,45,,,2,98,,48220,45,,,1,100,,48213,45,,,2,100,,48221,45,,,1
9801,'Semaine-1-_26ÉTÉ-1111100-',526,,43914,41,,,1,10,,43915,41,,,1,10,,43916,41,,,1
9801,'Semaine-10-_26ÉTÉ-1111100-',526,,43917,41,,,1,10,,43918,41,,,1,10,,43919,41,,,1
9801,'Semaine-11-_26ÉTÉ-1111100-',526,,48229,41,,,1,10,,48230,41,,,1,10,,48231,41,,,1
