6400,'Samedi-0-_26ÉTÉ-0000010-',743,,41170,20,0,15 16,1,100,,41172,20,0,15 16,1,100,,41175,20,0,15 16,1,100,,41173,20,0,15 16,2,100,,41176,20,0,15 16,1,100,,41171,20,0,15 16,1,100,,41174,20,0,15 16,2,100,,41177,20,0,15 16,1,99,,41178,20,0,15 16,1,100,,41179,20,0,15 16,1,100,,41180,20,0,15 16,1,100,,41181,20,0,15 16,1
6400,'Dimanche-0-_26ÉTÉ-0000001-',743,,41182,20,0,15 16,1,100,,41187,20,0,15 16,1,100,,41183,20,0,15 16,1,100,,41186,20,0,15 16,2,100,,41189,20,0,15 16,1,100,,41188,20,0,15 16,1,100,,41185,20,0,15 16,2,100,,41184,20,0,15 16,1,99,,41192,20,0,15 16,1,100,,41193,20,0,15 16,1,100,,41190,20,0,15 16,1,100,,41191,20,0,15 16,1
6400,'Dimanche-10-_26ÉTÉ-0000001-',743,,41194,20,0,15 16,1,100,,41199,20,0,15 16,1,100,,41195,20,0,15 16,1,100,,41198,20,0,15 16,2,100,,41201,20,0,15 16,1,100,,41200,20,0,15 16,1,100,,41197,20,0,15 16,2,100,,41196,20,0,15 16,1,99,,41204,20,0,15 16,1,100,,41205,20,0,15 16,1,100,,41202,20,0,15 16,1,100,,41203,20,0,15 16,1
6400,'Dimanche-11-_26ÉTÉ-0000001-',743,,49357,20,0,15 16,1,100,,49362,20,0,15 16,1,100,,49358,20,0,15 16,1,100,,49361,20,0,15 16,2,100,,49364,20,0,15 16,1,100,,49363,20,0,15 16,1,100,,49360,20,0,15 16,2,100,,49359,20,0,15 16,1,99,,49367,20,0,15 16,1,100,,49368,20,0,15 16,1,100,,49365,20,0,15 16,1,100,,49366,20,0,15 16,1
6400,'Semaine-1-_26ÉTÉ-1111100-',659,,41214,20,0,15 16,1,70,,41211,20,0,15 16,2,30,,41206,20,0,15 16,2,75,,41210,20,0,15 16,2,95,,41212,20,0,15 16,2,100,,41217,20,0,15 16,2,100,,41216,20,0,15 16,1,100,,41209,20,0,15 16,2,100,,41222,20,0,15 16,1,100,,41218,20,0,15 16,1,95,,41219,20,0,15 16,1,30,,41224,20,0,15 16,1,102,,41223,20,0,15 16,1,96,,41220,20,0,15 16,2,100,,41221,20,0,15 16,1,100,,41213,20,0,15 16,1,100,,41207,20,0,15 16,1,100,,41215,20,0,15 16,1,100,,41208,20,0,15 16,1
6400,'Semaine-10-_26ÉTÉ-1111100-',659,,41233,20,0,15 16,1,70,,41230,20,0,15 16,2,30,,41225,20,0,15 16,2,75,,41229,20,0,15 16,2,95,,41231,20,0,15 16,2,100,,41236,20,0,15 16,2,100,,41235,20,0,15 16,1,100,,41228,20,0,15 16,2,100,,41241,20,0,15 16,1,100,,41237,20,0,15 16,1,95,,41238,20,0,15 16,1,30,,41243,20,0,15 16,1,102,,41242,20,0,15 16,1,96,,41239,20,0,15 16,2,100,,41240,20,0,15 16,1,100,,41232,20,0,15 16,2,100,,41226,20,0,15 16,1,100,,41234,20,0,15 16,1,100,,41227,20,0,15 16,1
6400,'Semaine-11-_26ÉTÉ-1111100-',659,,47055,20,0,15 16,1,70,,47052,20,0,15 16,2,30,,47047,20,0,15 16,2,75,,47051,20,0,15 16,2,95,,47053,20,0,15 16,2,100,,47058,20,0,15 16,2,100,,47057,20,0,15 16,1,100,,47050,20,0,15 16,2,100,,47063,20,0,15 16,1,100,,47059,20,0,15 16,1,95,,47060,20,0,15 16,1,30,,47065,20,0,15 16,1,102,,47064,20,0,15 16,1,96,,47061,20,0,15 16,2,100,,47062,20,0,15 16,1,100,,47054,20,0,15 16,1,100,,47048,20,0,15 16,1,100,,47056,20,0,15 16,1,100,,47049,20,0,15 16,1
6400,'Semaine-12-_26ÉTÉ-1111100-',659,,53542,20,0,15 16,1,70,,53539,20,0,15 16,2,30,,53534,20,0,15 16,2,75,,53538,20,0,15 16,2,95,,53540,20,0,15 16,2,100,,53545,20,0,15 16,2,100,,53544,20,0,15 16,1,100,,53537,20,0,15 16,2,100,,53550,20,0,15 16,1,100,,53546,20,0,15 16,1,95,,53547,20,0,15 16,1,30,,53552,20,0,15 16,1,102,,53551,20,0,15 16,1,96,,53548,20,0,15 16,2,100,,53549,20,0,15 16,1,100,,53541,20,0,15 16,1,100,,53535,20,0,15 16,1,100,,53543,20,0,15 16,1,100,,53536,20,0,15 16,1
6400,'Semaine-5-_26ÉTÉ-1111100-',659,,51108,20,0,15 16,1,70,,51105,20,0,15 16,2,30,,51100,20,0,15 16,2,75,,51104,20,0,15 16,2,95,,51106,20,0,15 16,2,100,,51111,20,0,15 16,2,100,,51110,20,0,15 16,1,100,,51103,20,0,15 16,2,100,,51116,20,0,15 16,1,100,,51112,20,0,15 16,1,95,,51113,20,0,15 16,1,30,,51118,20,0,15 16,1,102,,51117,20,0,15 16,1,96,,51114,20,0,15 16,2,100,,51115,20,0,15 16,1,100,,51107,20,0,15 16,1,100,,51101,20,0,15 16,1,100,,51109,20,0,15 16,1,100,,51102,20,0,15 16,1
6600,'Samedi-0-_26ÉTÉ-0000010-',723,,41553,19,,,1,100,,41556,19,,,1,100,,41554,19,,,2,100,,41557,19,,,1,100,,41551,19,,,1,100,,41552,19,,,1,100,,41555,19,,,1,100,,41558,19,,,2,100,,41559,19,,,1,100,,41560,19,,,1,100,,41561,19,,,1,100,,41562,19,,,1,100,,41564,19,,,1,100,,41563,19,,,1,100,,41565,19,,,1,100,,41566,19,,,1,100,,41567,19,,,2
6600,'Dimanche-0-_26ÉTÉ-0000001-',723,,41572,19,,,1,100,,41573,19,,,1,100,,41574,19,,,2,100,,41576,19,,,1,100,,41568,19,,,1,100,,41575,19,,,1,100,,41569,19,,,1,100,,41570,19,,,2,100,,41571,19,,,1,100,,41580,19,,,1,100,,41582,19,,,1,100,,41578,19,,,1,100,,41579,19,,,1,100,,41577,19,,,1,100,,41581,19,,,1,100,,41583,19,,,1,100,,41584,19,,,2
6600,'Dimanche-10-_26ÉTÉ-0000001-',723,,41589,19,,,1,100,,41590,19,,,1,100,,41591,19,,,2,100,,41593,19,,,1,100,,41585,19,,,1,100,,41592,19,,,1,100,,41586,19,,,1,100,,41587,19,,,2,100,,41588,19,,,1,100,,41597,19,,,1,100,,41599,19,,,1,100,,41595,19,,,1,100,,41596,19,,,1,100,,41594,19,,,1,100,,41598,19,,,1,100,,41600,19,,,1,100,,41601,19,,,2
6600,'Dimanche-11-_26ÉTÉ-0000001-',723,,49418,19,,,1,100,,49419,19,,,1,100,,49420,19,,,2,100,,49422,19,,,1,100,,49414,19,,,1,100,,49421,19,,,1,100,,49415,19,,,1,100,,49416,19,,,2,100,,49417,19,,,1,100,,49426,19,,,1,100,,49428,19,,,1,100,,49424,19,,,1,100,,49425,19,,,1,100,,49423,19,,,1,100,,49427,19,,,1,100,,49429,19,,,1,100,,49430,19,,,2
6600,'Semaine-1-_26ÉTÉ-1111100-',607,,41612,19,,,1,20,,41618,19,,,2,20,,41613,19,,,2,60,,41605,19,,,2,20,,41617,19,,,2,20,,41610,19,,,1,60,,41624,19,,,2,20,,41604,19,,,2,20,,41615,19,,,2,60,,41625,19,,,2,100,,41614,19,,,1,100,,41606,19,,,2,100,,41629,19,,,1,100,,41630,19,,,2,101,,41616,19,,,2,99,,41626,19,,,1,21,,41619,19,,,2,20,,41602,19,,,1,60,,41621,19,,,2,20,,41627,19,,,2,21,,41632,19,,,2,59,,41603,19,,,1,20,,41622,19,,,2,20,,41620,19,,,1,60,,41608,19,,,2,20,,41628,19,,,1,100,,41609,19,,,1,100,,41607,19,,,1,97,,41611,19,,,1,100,,41623,19,,,1,100,,41631,19,,,1
6600,'Semaine-10-_26ÉTÉ-1111100-',607,,41643,19,,,1,20,,41649,19,,,2,20,,41644,19,,,2,60,,41636,19,,,2,20,,41648,19,,,2,20,,41641,19,,,1,60,,41655,19,,,2,20,,41635,19,,,2,20,,41646,19,,,2,60,,41656,19,,,2,100,,41645,19,,,1,100,,41637,19,,,2,100,,41660,19,,,1,100,,41661,19,,,2,101,,41647,19,,,2,99,,41657,19,,,1,21,,41650,19,,,2,20,,41633,19,,,1,60,,41652,19,,,2,20,,41658,19,,,2,21,,41663,19,,,2,59,,41634,19,,,1,20,,41653,19,,,2,20,,41651,19,,,1,60,,41639,19,,,2,20,,41659,19,,,1,100,,41640,19,,,1,100,,41638,19,,,1,97,,41642,19,,,1,100,,41654,19,,,1,100,,41662,19,,,1
6600,'Semaine-11-_26ÉTÉ-1111100-',607,,47224,19,,,1,20,,47230,19,,,2,20,,47225,19,,,2,60,,47217,19,,,2,20,,47229,19,,,2,20,,47222,19,,,1,60,,47236,19,,,2,20,,47216,19,,,2,20,,47227,19,,,2,60,,47237,19,,,2,100,,47226,19,,,1,100,,47218,19,,,2,100,,47241,19,,,1,100,,47242,19,,,2,101,,47228,19,,,2,99,,47238,19,,,1,21,,47231,19,,,2,20,,47214,19,,,1,60,,47233,19,,,2,20,,47239,19,,,2,21,,47244,19,,,2,59,,47215,19,,,1,20,,47234,19,,,2,20,,47232,19,,,1,60,,47220,19,,,2,20,,47240,19,,,1,100,,47221,19,,,1,100,,47219,19,,,1,97,,47223,19,,,1,100,,47235,19,,,1,100,,47243,19,,,1
6600,'Semaine-12-_26ÉTÉ-1111100-',607,,53649,19,,,1,20,,53655,19,,,2,20,,53650,19,,,2,60,,53642,19,,,2,20,,53654,19,,,2,20,,53647,19,,,1,60,,53661,19,,,2,20,,53641,19,,,2,20,,53652,19,,,2,60,,53662,19,,,2,100,,53651,19,,,1,100,,53643,19,,,2,100,,53666,19,,,1,100,,53667,19,,,2,101,,53653,19,,,2,99,,53663,19,,,1,21,,53656,19,,,2,20,,53639,19,,,1,60,,53658,19,,,2,20,,53664,19,,,2,21,,53669,19,,,2,59,,53640,19,,,1,20,,53659,19,,,2,20,,53657,19,,,1,60,,53645,19,,,2,20,,53665,19,,,1,100,,53646,19,,,1,100,,53644,19,,,1,97,,53648,19,,,1,100,,53660,19,,,1,100,,53668,19,,,1
6600,'Semaine-5-_26ÉTÉ-1111100-',607,,51216,19,,,1,20,,51222,19,,,2,20,,51217,19,,,2,60,,51209,19,,,2,20,,51221,19,,,2,20,,51214,19,,,1,60,,51228,19,,,2,20,,51208,19,,,2,20,,51219,19,,,2,60,,51229,19,,,2,100,,51218,19,,,1,100,,51210,19,,,2,100,,51233,19,,,1,100,,51234,19,,,2,101,,51220,19,,,2,99,,51230,19,,,1,21,,51223,19,,,2,20,,51206,19,,,1,60,,51225,19,,,2,20,,51231,19,,,2,21,,51236,19,,,2,59,,51207,19,,,1,20,,51226,19,,,2,20,,51224,19,,,1,60,,51212,19,,,2,20,,51232,19,,,1,100,,51213,19,,,1,100,,51211,19,,,1,97,,51215,19,,,1,100,,51227,19,,,1,100,,51235,19,,,1
