6400,'Samedi-0-_26ÉTÉ-0000010-',735,,41170,6,0,15 16,1,100,,41172,6,0,15 16,1,100,,41175,6,0,15 16,1,100,,41173,6,0,15 16,2,100,,41176,6,0,15 16,1,100,,41171,6,0,15 16,1,100,,41174,6,0,15 16,2,100,,41177,6,0,15 16,1,99,,41178,6,0,15 16,1,100,,41179,6,0,15 16,1,100,,41180,6,0,15 16,1,100,,41181,6,0,15 16,1
6400,'Dimanche-0-_26ÉTÉ-0000001-',735,,41182,6,0,15 16,1,100,,41187,6,0,15 16,1,100,,41183,6,0,15 16,1,100,,41186,6,0,15 16,2,100,,41189,6,0,15 16,1,100,,41188,6,0,15 16,1,100,,41185,6,0,15 16,2,100,,41184,6,0,15 16,1,99,,41192,6,0,15 16,1,100,,41193,6,0,15 16,1,100,,41190,6,0,15 16,1,100,,41191,6,0,15 16,1
6400,'Dimanche-10-_26ÉTÉ-0000001-',735,,41194,6,0,15 16,1,100,,41199,6,0,15 16,1,100,,41195,6,0,15 16,1,100,,41198,6,0,15 16,2,100,,41201,6,0,15 16,1,100,,41200,6,0,15 16,1,100,,41197,6,0,15 16,2,100,,41196,6,0,15 16,1,99,,41204,6,0,15 16,1,100,,41205,6,0,15 16,1,100,,41202,6,0,15 16,1,100,,41203,6,0,15 16,1
6400,'Dimanche-11-_26ÉTÉ-0000001-',735,,49357,6,0,15 16,1,100,,49362,6,0,15 16,1,100,,49358,6,0,15 16,1,100,,49361,6,0,15 16,2,100,,49364,6,0,15 16,1,100,,49363,6,0,15 16,1,100,,49360,6,0,15 16,2,100,,49359,6,0,15 16,1,99,,49367,6,0,15 16,1,100,,49368,6,0,15 16,1,100,,49365,6,0,15 16,1,100,,49366,6,0,15 16,1
6400,'Semaine-1-_26ÉTÉ-1111100-',649,,41214,6,0,15 16,1,70,,41211,6,0,15 16,2,30,,41206,6,0,15 16,2,75,,41210,6,0,15 16,2,95,,41212,6,0,15 16,2,100,,41217,6,0,15 16,2,100,,41216,6,0,15 16,1,100,,41209,6,0,15 16,2,100,,41222,6,0,15 16,1,100,,41218,6,0,15 16,1,95,,41219,6,0,15 16,1,30,,41224,6,0,15 16,1,102,,41223,6,0,15 16,1,98,,41220,6,0,15 16,2,100,,41221,6,0,15 16,1,100,,41213,6,0,15 16,1,100,,41207,6,0,15 16,1,100,,41215,6,0,15 16,1,100,,41208,6,0,15 16,1
6400,'Semaine-10-_26ÉTÉ-1111100-',649,,41233,6,0,15 16,1,70,,41230,6,0,15 16,2,30,,41225,6,0,15 16,2,75,,41229,6,0,15 16,2,95,,41231,6,0,15 16,2,100,,41236,6,0,15 16,2,100,,41235,6,0,15 16,1,100,,41228,6,0,15 16,2,100,,41241,6,0,15 16,1,100,,41237,6,0,15 16,1,95,,41238,6,0,15 16,1,30,,41243,6,0,15 16,1,102,,41242,6,0,15 16,1,98,,41239,6,0,15 16,2,100,,41240,6,0,15 16,1,100,,41232,6,0,15 16,2,100,,41226,6,0,15 16,1,100,,41234,6,0,15 16,1,100,,41227,6,0,15 16,1
6400,'Semaine-11-_26ÉTÉ-1111100-',649,,47055,6,0,15 16,1,70,,47052,6,0,15 16,2,30,,47047,6,0,15 16,2,75,,47051,6,0,15 16,2,95,,47053,6,0,15 16,2,100,,47058,6,0,15 16,2,100,,47057,6,0,15 16,1,100,,47050,6,0,15 16,2,100,,47063,6,0,15 16,1,100,,47059,6,0,15 16,1,95,,47060,6,0,15 16,1,30,,47065,6,0,15 16,1,102,,47064,6,0,15 16,1,98,,47061,6,0,15 16,2,100,,47062,6,0,15 16,1,100,,47054,6,0,15 16,1,100,,47048,6,0,15 16,1,100,,47056,6,0,15 16,1,100,,47049,6,0,15 16,1
6400,'Semaine-5-_26ÉTÉ-1111100-',649,,51108,6,0,15 16,1,70,,51105,6,0,15 16,2,30,,51100,6,0,15 16,2,75,,51104,6,0,15 16,2,95,,51106,6,0,15 16,2,100,,51111,6,0,15 16,2,100,,51110,6,0,15 16,1,100,,51103,6,0,15 16,2,100,,51116,6,0,15 16,1,100,,51112,6,0,15 16,1,95,,51113,6,0,15 16,1,30,,51118,6,0,15 16,1,102,,51117,6,0,15 16,1,98,,51114,6,0,15 16,2,100,,51115,6,0,15 16,1,100,,51107,6,0,15 16,1,100,,51101,6,0,15 16,1,100,,51109,6,0,15 16,1,100,,51102,6,0,15 16,1
6600,'Samedi-0-_26ÉTÉ-0000010-',714,,41553,6,,,1,100,,41556,6,,,1,100,,41554,6,,,2,100,,41557,6,,,1,100,,41551,6,,,1,100,,41552,6,,,1,100,,41555,6,,,1,100,,41558,6,,,2,100,,41559,6,,,1,100,,41560,6,,,1,100,,41561,6,,,1,100,,41562,6,,,1,100,,41564,6,,,1,100,,41563,6,,,1,100,,41565,6,,,1,100,,41566,6,,,1,100,,41567,6,,,2
6600,'Dimanche-0-_26ÉTÉ-0000001-',714,,41572,6,,,1,100,,41573,6,,,1,100,,41574,6,,,2,100,,41576,6,,,1,100,,41568,6,,,1,100,,41575,6,,,1,100,,41569,6,,,1,100,,41570,6,,,2,100,,41571,6,,,1,100,,41580,6,,,1,100,,41582,6,,,1,100,,41578,6,,,1,100,,41579,6,,,1,100,,41577,6,,,1,100,,41581,6,,,1,100,,41583,6,,,1,100,,41584,6,,,2
6600,'Dimanche-10-_26ÉTÉ-0000001-',714,,41589,6,,,1,100,,41590,6,,,1,100,,41591,6,,,2,100,,41593,6,,,1,100,,41585,6,,,1,100,,41592,6,,,1,100,,41586,6,,,1,100,,41587,6,,,2,100,,41588,6,,,1,100,,41597,6,,,1,100,,41599,6,,,1,100,,41595,6,,,1,100,,41596,6,,,1,100,,41594,6,,,1,100,,41598,6,,,1,100,,41600,6,,,1,100,,41601,6,,,2
6600,'Dimanche-11-_26ÉTÉ-0000001-',714,,49418,6,,,1,100,,49419,6,,,1,100,,49420,6,,,2,100,,49422,6,,,1,100,,49414,6,,,1,100,,49421,6,,,1,100,,49415,6,,,1,100,,49416,6,,,2,100,,49417,6,,,1,100,,49426,6,,,1,100,,49428,6,,,1,100,,49424,6,,,1,100,,49425,6,,,1,100,,49423,6,,,1,100,,49427,6,,,1,100,,49429,6,,,1,100,,49430,6,,,2
6600,'Semaine-1-_26ÉTÉ-1111100-',558,,41612,6,,,1,60,,41618,6,,,2,20,,41613,6,,,2,20,,41605,6,,,2,60,,41617,6,,,2,20,,41610,6,,,1,20,,41624,6,,,2,60,,41604,6,,,2,20,,41615,6,,,2,20,,41625,6,,,2,100,,41614,6,,,1,100,,41606,6,,,2,100,,41629,6,,,1,100,,41630,6,,,2,101,,41616,6,,,2,99,,41626,6,,,1,61,,41619,6,,,2,20,,41602,6,,,1,20,,41621,6,,,2,60,,41627,6,,,2,21,,41632,6,,,2,19,,41603,6,,,1,60,,41622,6,,,2,20,,41620,6,,,1,20,,41608,6,,,2,60,,41628,6,,,1,100,,41609,6,,,1,100,,41607,6,,,1,99,,41611,6,,,1,100,,41623,6,,,1,100,,41631,6,,,1
6600,'Semaine-10-_26ÉTÉ-1111100-',558,,41643,6,,,1,60,,41649,6,,,2,20,,41644,6,,,2,20,,41636,6,,,2,60,,41648,6,,,2,20,,41641,6,,,1,20,,41655,6,,,2,60,,41635,6,,,2,20,,41646,6,,,2,20,,41656,6,,,2,100,,41645,6,,,1,100,,41637,6,,,2,100,,41660,6,,,1,100,,41661,6,,,2,101,,41647,6,,,2,99,,41657,6,,,1,61,,41650,6,,,2,20,,41633,6,,,1,20,,41652,6,,,2,60,,41658,6,,,2,21,,41663,6,,,2,19,,41634,6,,,1,60,,41653,6,,,2,20,,41651,6,,,1,20,,41639,6,,,2,60,,41659,6,,,1,100,,41640,6,,,1,100,,41638,6,,,1,99,,41642,6,,,1,100,,41654,6,,,1,100,,41662,6,,,1
6600,'Semaine-11-_26ÉTÉ-1111100-',558,,47224,6,,,1,60,,47230,6,,,2,20,,47225,6,,,2,20,,47217,6,,,2,60,,47229,6,,,2,20,,47222,6,,,1,20,,47236,6,,,2,60,,47216,6,,,2,20,,47227,6,,,2,20,,47237,6,,,2,100,,47226,6,,,1,100,,47218,6,,,2,100,,47241,6,,,1,100,,47242,6,,,2,101,,47228,6,,,2,99,,47238,6,,,1,61,,47231,6,,,2,20,,47214,6,,,1,20,,47233,6,,,2,60,,47239,6,,,2,21,,47244,6,,,2,19,,47215,6,,,1,60,,47234,6,,,2,20,,47232,6,,,1,20,,47220,6,,,2,60,,47240,6,,,1,100,,47221,6,,,1,100,,47219,6,,,1,99,,47223,6,,,1,100,,47235,6,,,1,100,,47243,6,,,1
6600,'Semaine-5-_26ÉTÉ-1111100-',558,,51216,6,,,1,60,,51222,6,,,2,20,,51217,6,,,2,20,,51209,6,,,2,60,,51221,6,,,2,20,,51214,6,,,1,20,,51228,6,,,2,60,,51208,6,,,2,20,,51219,6,,,2,20,,51229,6,,,2,100,,51218,6,,,1,100,,51210,6,,,2,100,,51233,6,,,1,100,,51234,6,,,2,101,,51220,6,,,2,99,,51230,6,,,1,61,,51223,6,,,2,20,,51206,6,,,1,20,,51225,6,,,2,60,,51231,6,,,2,21,,51236,6,,,2,19,,51207,6,,,1,60,,51226,6,,,2,20,,51224,6,,,1,20,,51212,6,,,2,60,,51232,6,,,1,100,,51213,6,,,1,100,,51211,6,,,1,99,,51215,6,,,1,100,,51227,6,,,1,100,,51235,6,,,1
