2501,'Semaine-4',558,,32647,11,,,1,70,,32646,11,,,1,30,,32644,11,,,1,70,,32645,11,,,2,30,,32648,11,,,1,70,,32643,11,,,1
2801,'Semaine-4',645,,32672,7,,,2,70,,32673,7,,,1,100,,32671,7,,,1
3901,'Samedi-3',632,,33806,37,,,1,101,,33808,37,,,1,100,,33812,37,,,1,101,,33811,37,,,1,100,,33814,37,,,1,100,,33813,37,,,1,102,,33809,37,,,1,70,,33807,37,,,1,30,,33815,37,,,1,71,,33810,37,,,2,30,,33816,37,,,1,70,,33817,37,,,1,31,,33818,37,,,2,70,,33819,37,,,1,30,,33820,37,,,1,70,,33821,37,,,1,30,,33822,37,,,1,69,,33823,37,,,1,29,,33824,37,,,1,69,,33825,37,,,1,100,,33826,37,,,1,100,,33827,37,,,1,100,,33828,37,,,1,100,,33829,37,,,1
3901,'Dimanche-3',632,,33830,37,,,1,101,,33837,37,,,1,100,,33831,37,,,1,101,,33834,37,,,1,100,,33839,37,,,1,100,,33832,37,,,1,102,,33838,37,,,1,70,,33833,37,,,1,30,,33835,37,,,1,71,,33840,37,,,2,30,,33842,37,,,1,70,,33836,37,,,1,31,,33841,37,,,2,70,,33843,37,,,1,30,,33844,37,,,1,70,,33849,37,,,1,30,,33851,37,,,1,69,,33853,37,,,1,29,,33850,37,,,1,69,,33847,37,,,1,100,,33848,37,,,1,100,,33852,37,,,1,100,,33845,37,,,1,100,,33846,37,,,1
3901,'Semaine-4',656,,33876,37,,,1,68,,33865,37,,,1,76,,33866,37,,,1,33,,33862,37,,,1,71,,33868,37,,,1,30,,33870,37,,,1,70,,33877,37,,,1,30,,33888,37,,,1,70,,33883,37,,,1,30,,33878,37,,,1,70,,33863,37,,,1,32,,33872,37,,,1,70,,33879,37,,,2,29,,33864,37,,,1,70,,33861,37,,,1,34,,33880,37,,,2,68,,33873,37,,,1,35,,33854,37,,,1,71,,33881,37,,,1,31,,33859,37,,,1,69,,33856,37,,,1,28,,33884,37,,,1,68,,33869,37,,,1,32,,33875,37,,,2,69,,33860,37,,,2,31,,33882,37,,,1,65,,33855,37,,,2,26,,33885,37,,,1,70,,33858,37,,,1,30,,33874,37,,,1,72,,33886,37,,,2,30,,33857,37,,,1,70,,33867,37,,,1,30,,33887,37,,,2,70,,33871,37,,,1
5001,'Semaine-4',1620,,34082,11,,,1,100,,34084,11,,,1,99,,34083,11,,,1
32501,'Semaine-4',813,,36461,11,0,7 8,1,3,,36462,11,0,7 8,1
42500,'Semaine-4',701,,37068,11,0,9 14,1,2,,37069,11,0,9 14,1
55001,'Semaine-4',1529,,37096,9,0,5 6,1
63901,'Semaine-4',703,,37110,12,0,9 10,1
82501,'Semaine-4',742,,37283,11,0,9 12 13,1,1,,37284,11,0,9 12 13,1,1,,37285,11,0,9 12 13,1
