2300,'Semaine-4',1555,,32631,22,,,1,70,,32629,22,,,1,30,,32627,22,,,2,69,,32628,22,,,1,24,,32630,22,,,1,69,,32626,22,,,1
2500,'Semaine-4',1539,,32637,21,,,1,70,,32640,21,,,1,31,,32638,21,,,1,71,,32642,21,,,1,27,,32639,21,,,1,66,,32641,21,,,1
2600,'Semaine-4',1607,,32651,28,,,1,32,,32650,28,,,1,69,,32649,28,,,2,30,,32652,28,,,1,67,,32653,28,,,1
2800,'Semaine-4',1610,,32668,31,,,2,39,,32669,31,,,1,94,,32670,31,,,2
3400,'Samedi-3',748,,33104,37,,,1,104,,33109,37,,,1,70,,33105,37,,,2,31,,33111,37,,,1,70,,33112,37,,,1,31,,33106,37,,,1,70,,33107,37,,,1,30,,33108,37,,,1,70,,33110,37,,,2,31,,33113,37,,,1,70,,33115,37,,,1,31,,33114,37,,,2,70,,33116,37,,,1,30,,33117,37,,,1,70,,33118,37,,,1,29,,33119,37,,,1,70,,33120,37,,,1,31,,33121,37,,,1,70,,33122,37,,,1,30,,33123,37,,,1,70,,33124,37,,,1,28,,33125,37,,,1,68,,33126,37,,,2,30,,33127,37,,,1,70,,33128,37,,,1,30,,33129,37,,,1,70,,33130,37,,,1,30,,33131,37,,,1,70,,33132,37,,,1,29,,33134,37,,,1,71,,33133,37,,,1,29,,33136,37,,,1,70,,33135,37,,,1,27,,33137,37,,,1
3400,'Dimanche-3',748,,33142,37,,,1,104,,33146,37,,,1,70,,33144,37,,,2,31,,33139,37,,,1,70,,33147,37,,,1,31,,33150,37,,,1,70,,33149,37,,,1,30,,33138,37,,,1,70,,33140,37,,,2,31,,33151,37,,,1,70,,33141,37,,,1,31,,33143,37,,,2,70,,33145,37,,,1,30,,33154,37,,,1,70,,33148,37,,,1,29,,33152,37,,,1,70,,33155,37,,,1,31,,33159,37,,,1,70,,33164,37,,,1,30,,33156,37,,,1,70,,33157,37,,,1,28,,33167,37,,,1,68,,33158,37,,,2,30,,33163,37,,,1,70,,33153,37,,,1,30,,33160,37,,,1,70,,33162,37,,,1,30,,33165,37,,,1,70,,33171,37,,,1,29,,33166,37,,,1,71,,33168,37,,,1,29,,33161,37,,,1,70,,33169,37,,,1,27,,33170,37,,,1
3400,'Semaine-4',629,,33202,37,,,1,29,,33187,37,,,1,74,,33181,37,,,1,76,,33185,37,,,1,28,,33176,37,,,1,68,,33196,37,,,1,30,,33182,37,,,1,67,,33172,37,,,1,30,,33177,37,,,1,70,,33178,37,,,1,30,,33183,37,,,1,70,,33173,37,,,1,31,,33203,37,,,1,70,,33179,37,,,1,30,,33184,37,,,1,70,,33174,37,,,1,33,,33200,37,,,1,70,,33175,37,,,1,26,,33201,37,,,2,305,,33199,37,,,2,20,,33188,37,,,1,67,,33180,37,,,1,30,,33192,37,,,1,70,,33198,37,,,1,30,,33189,37,,,2,69,,33191,37,,,1,30,,33193,37,,,1,70,,33186,37,,,1,30,,33195,37,,,1,70,,33190,37,,,1,28,,33194,37,,,1,70,,33197,37,,,1
4901,'Samedi-3',725,,34012,19,,,1,100,,34011,19,,,1,100,,34013,19,,,1,100,,34009,19,,,1,100,,34014,19,,,1,101,,34010,19,,,1,98,,34015,19,,,1,103,,34016,19,,,1,99,,34017,19,,,1,100,,34018,19,,,1,100,,34019,19,,,1,97,,34020,19,,,1,102,,34021,19,,,1,100,,34022,19,,,1,100,,34023,19,,,1,100,,34024,19,,,1,99,,34025,19,,,1
4901,'Dimanche-3',725,,34030,19,,,1,100,,34026,19,,,1,100,,34029,19,,,1,100,,34031,19,,,1,100,,34028,19,,,1,101,,34027,19,,,1,98,,34033,19,,,1,103,,34034,19,,,1,99,,34032,19,,,1,100,,34038,19,,,1,100,,34042,19,,,1,97,,34035,19,,,1,102,,34036,19,,,1,100,,34037,19,,,1,99,,34039,19,,,1,101,,34040,19,,,1,99,,34041,19,,,1
4901,'Semaine-4',608,,34049,19,,,1,48,,34054,19,,,1,70,,34070,19,,,1,33,,34066,19,,,1,67,,34064,19,,,1,29,,34074,19,,,1,69,,34056,19,,,1,30,,34072,19,,,1,69,,34068,19,,,1,31,,34043,19,,,1,70,,34065,19,,,1,30,,34044,19,,,1,72,,34050,19,,,1,28,,34052,19,,,1,70,,34057,19,,,1,28,,34073,19,,,1,72,,34055,19,,,1,31,,34075,19,,,1,62,,34071,19,,,1,11,,34058,19,,,1,16,,34045,19,,,1,14,,34061,19,,,1,70,,34051,19,,,1,28,,34053,19,,,1,69,,34069,19,,,1,29,,34063,19,,,1,71,,34067,19,,,1,93,,34046,19,,,1,40,,34062,19,,,1,100,,34060,19,,,1,100,,34047,19,,,1,143,,34059,19,,,1,55,,34048,19,,,1
32500,'Semaine-4',1638,,36460,29,0,7 8,1
42501,'Semaine-4',1509,,37070,15,0,9 14,1
54901,'Semaine-4',1529,,37091,12,,,1
73400,'Semaine-4',1644,,37129,31,0,5 11,1
82500,'Semaine-4',1538,,37282,13,0,9 12 13,1
