3201,'Semaine-1-_26ÉTÉ-1111100-',510,,24817,7,,,2,20,,24816,7,,,1,20,,24808,7,,,2,60,,24818,7,,,1,10,,24798,7,,,2,10,,24819,7,,,1,10,,24799,7,,,2,10,,24800,7,,,1,8,,24792,7,,,1,48,,24795,7,,,1,8,,24821,7,,,1,8,,24801,7,,,1,9,,24796,7,,,1,7,,24809,7,,,2,8,,24791,7,,,1,9,,24802,7,,,1,48,,24820,7,,,1,8,,24790,7,,,1,10,,24789,7,,,2,10,,24794,7,,,1,10,,24797,7,,,1,10,,24803,7,,,1,61,,24777,7,,,1,30,,24787,7,,,2,70,,24780,7,,,1,30,,24783,7,,,2,70,,24776,7,,,1,30,,24786,7,,,2,70,,24781,7,,,1,30,,24788,7,,,1,70,,24770,7,,,1,30,,24775,7,,,2,70,,24782,7,,,1,30,,24793,7,,,1,70,,24810,7,,,1,28,,24811,7,,,1,71,,24812,7,,,1,31,,24813,7,,,1,70,,24814,7,,,1,30,,24815,7,,,1,70,,24773,7,,,1,30,,24771,7,,,1,71,,24784,7,,,1,30,,24779,7,,,1,70,,24774,7,,,1,30,,24772,7,,,1,70,,24785,7,,,1,30,,24778,7,,,1,70,,24805,7,,,2,30,,24804,7,,,1,70,,24806,7,,,1,30,,24807,7,,,1
3201,'Semaine-10-_26ÉTÉ-1111100-',510,,27298,7,,,2,20,,27297,7,,,1,20,,27289,7,,,2,60,,27299,7,,,1,10,,27279,7,,,2,10,,27300,7,,,1,10,,27280,7,,,2,10,,27281,7,,,1,8,,27273,7,,,1,48,,27276,7,,,1,8,,27302,7,,,1,8,,27282,7,,,1,9,,27277,7,,,1,7,,27290,7,,,2,8,,27272,7,,,1,9,,27283,7,,,1,48,,27301,7,,,1,8,,27271,7,,,1,10,,27270,7,,,2,10,,27275,7,,,1,10,,27278,7,,,1,10,,27284,7,,,1,61,,27258,7,,,1,30,,27268,7,,,2,70,,27261,7,,,1,30,,27264,7,,,2,70,,27257,7,,,1,30,,27267,7,,,2,70,,27262,7,,,1,30,,27269,7,,,1,70,,27251,7,,,1,30,,27256,7,,,1,70,,27263,7,,,1,30,,27274,7,,,1,70,,27291,7,,,1,28,,27292,7,,,1,71,,27293,7,,,1,31,,27294,7,,,1,70,,27295,7,,,1,30,,27296,7,,,1,70,,27254,7,,,1,30,,27252,7,,,1,71,,27265,7,,,1,30,,27260,7,,,1,70,,27255,7,,,1,30,,27253,7,,,1,70,,27266,7,,,1,30,,27259,7,,,1,70,,27286,7,,,2,30,,27285,7,,,1,70,,27287,7,,,1,30,,27288,7,,,1
3401,'Samedi-0-_26ÉTÉ-0000010-',652,,27559,14,,,1,100,,27562,14,,,2,70,,27571,14,,,1,33,,27560,14,,,1,67,,27565,14,,,1,30,,27567,14,,,1,72,,27561,14,,,2,30,,27570,14,,,1,71,,27563,14,,,1,30,,27572,14,,,1,68,,27564,14,,,1,30,,27566,14,,,1,70,,27568,14,,,2,30,,27569,14,,,2,70,,27573,14,,,1,30,,27574,14,,,2,70,,27575,14,,,1,30,,27576,14,,,1,71,,27577,14,,,1,31,,27578,14,,,1,70,,27579,14,,,2,31,,27580,14,,,1,67,,27581,14,,,1,30,,27583,14,,,1,71,,27582,14,,,2,30,,27584,14,,,1,70,,27585,14,,,2,28,,27586,14,,,1,70,,27588,14,,,1,30,,27587,14,,,1,70,,27589,14,,,1,99,,27590,14,,,1
3401,'Dimanche-0-_26ÉTÉ-0000001-',652,,27592,14,,,1,100,,27603,14,,,2,70,,27596,14,,,1,33,,27599,14,,,1,67,,27598,14,,,1,30,,27607,14,,,1,72,,27604,14,,,2,30,,27591,14,,,1,71,,27602,14,,,1,30,,27595,14,,,1,68,,27593,14,,,1,30,,27594,14,,,1,70,,27597,14,,,2,30,,27605,14,,,2,70,,27601,14,,,1,30,,27600,14,,,2,70,,27606,14,,,1,30,,27611,14,,,1,71,,27609,14,,,1,31,,27615,14,,,1,70,,27618,14,,,2,31,,27608,14,,,1,67,,27617,14,,,1,30,,27610,14,,,1,71,,27614,14,,,2,30,,27621,14,,,1,70,,27613,14,,,2,28,,27612,14,,,1,70,,27619,14,,,1,30,,27620,14,,,1,70,,27616,14,,,1,99,,27622,14,,,1
3401,'Dimanche-10-_26ÉTÉ-0000001-',652,,31640,14,,,1,100,,31651,14,,,2,70,,31644,14,,,1,33,,31647,14,,,1,67,,31646,14,,,1,30,,31655,14,,,1,72,,31652,14,,,2,30,,31639,14,,,1,71,,31650,14,,,1,30,,31643,14,,,1,68,,31641,14,,,1,30,,31642,14,,,1,70,,31645,14,,,2,30,,31653,14,,,2,70,,31649,14,,,1,30,,31648,14,,,2,70,,31654,14,,,1,30,,31659,14,,,1,71,,31657,14,,,1,31,,31663,14,,,1,70,,31666,14,,,2,31,,31656,14,,,1,67,,31665,14,,,1,30,,31658,14,,,1,71,,31662,14,,,2,30,,31669,14,,,1,70,,31661,14,,,2,28,,31660,14,,,1,70,,31667,14,,,1,30,,31668,14,,,1,70,,31664,14,,,1,99,,31670,14,,,1
3401,'Semaine-1-_26ÉTÉ-1111100-',855,,24963,14,,,2,72,,24943,14,,,1,30,,24947,14,,,1,70,,24967,14,,,1,30,,24940,14,,,1,70,,24944,14,,,1,30,,24948,14,,,2,70,,24938,14,,,1,31,,24941,14,,,1,69,,24945,14,,,1,31,,24949,14,,,1,70,,24942,14,,,1,29,,24964,14,,,1,70,,24939,14,,,2,30,,24965,14,,,1,70,,24966,14,,,1,73,,24960,14,,,1,28,,24956,14,,,2,29,,24946,14,,,1,70,,24953,14,,,1,30,,24962,14,,,1,71,,24950,14,,,1,30,,24952,14,,,1,70,,24954,14,,,1,30,,24958,14,,,2,70,,24951,14,,,1,30,,24957,14,,,1,70,,24955,14,,,1,30,,24959,14,,,1,70,,24961,14,,,1
3401,'Semaine-10-_26ÉTÉ-1111100-',855,,27648,14,,,2,72,,27628,14,,,1,30,,27632,14,,,1,70,,27652,14,,,1,30,,27625,14,,,1,70,,27629,14,,,1,30,,27633,14,,,2,70,,27623,14,,,1,31,,27626,14,,,1,69,,27630,14,,,1,31,,27634,14,,,1,70,,27627,14,,,1,29,,27649,14,,,1,70,,27624,14,,,2,30,,27650,14,,,1,70,,27651,14,,,1,73,,27645,14,,,1,28,,27641,14,,,2,29,,27631,14,,,1,70,,27638,14,,,1,30,,27647,14,,,1,71,,27635,14,,,1,30,,27637,14,,,1,70,,27639,14,,,1,30,,27643,14,,,2,70,,27636,14,,,1,30,,27642,14,,,1,70,,27640,14,,,1,30,,27644,14,,,1,70,,27646,14,,,1
4900,'Samedi-0-_26ÉTÉ-0000010-',730,,28293,30,,,1,100,,28294,30,,,1,104,,28291,30,,,1,100,,28295,30,,,1,100,,28292,30,,,1,100,,28296,30,,,1,99,,28297,30,,,1,104,,28298,30,,,1,97,,28299,30,,,1,100,,28300,30,,,1,100,,28301,30,,,1,96,,28302,30,,,1,100,,28303,30,,,1,100,,28304,30,,,1,100,,28305,30,,,1,100,,28306,30,,,1,100,,28307,30,,,1
4900,'Dimanche-0-_26ÉTÉ-0000001-',730,,28308,30,,,1,100,,28311,30,,,1,104,,28309,30,,,1,100,,28312,30,,,1,100,,28314,30,,,1,100,,28318,30,,,1,99,,28316,30,,,1,104,,28315,30,,,1,97,,28310,30,,,1,100,,28320,30,,,1,100,,28317,30,,,1,96,,28319,30,,,1,100,,28324,30,,,1,100,,28313,30,,,1,100,,28322,30,,,1,100,,28323,30,,,1,100,,28321,30,,,1
4900,'Dimanche-10-_26ÉTÉ-0000001-',730,,31820,30,,,1,100,,31823,30,,,1,104,,31821,30,,,1,100,,31824,30,,,1,100,,31826,30,,,1,100,,31830,30,,,1,99,,31828,30,,,1,104,,31827,30,,,1,97,,31822,30,,,1,100,,31832,30,,,1,100,,31829,30,,,1,96,,31831,30,,,1,100,,31836,30,,,1,100,,31825,30,,,1,100,,31834,30,,,1,100,,31835,30,,,1,100,,31833,30,,,1
4900,'Semaine-1-_26ÉTÉ-1111100-',650,,25332,30,,,1,60,,25338,30,,,1,28,,25335,30,,,1,72,,25336,30,,,1,38,,25331,30,,,1,69,,25327,30,,,1,32,,25319,30,,,1,71,,25337,30,,,1,31,,25333,30,,,1,72,,25329,30,,,1,30,,25308,30,,,1,70,,25328,30,,,1,30,,25310,30,,,1,70,,25315,30,,,1,30,,25317,30,,,1,70,,25320,30,,,1,30,,25334,30,,,1,76,,25318,30,,,1,30,,25321,30,,,1,70,,25313,30,,,1,71,,25324,30,,,1,29,,25316,30,,,1,27,,25314,30,,,1,70,,25330,30,,,1,27,,25325,30,,,1,97,,25309,30,,,1,101,,25326,30,,,1,100,,25323,30,,,1,97,,25311,30,,,1,98,,25322,30,,,1,100,,25312,30,,,1
4900,'Semaine-10-_26ÉTÉ-1111100-',650,,28349,30,,,1,60,,28355,30,,,1,28,,28352,30,,,1,72,,28353,30,,,1,38,,28348,30,,,1,69,,28344,30,,,1,32,,28336,30,,,1,71,,28354,30,,,1,31,,28350,30,,,1,72,,28346,30,,,1,30,,28325,30,,,1,70,,28345,30,,,1,30,,28327,30,,,1,70,,28332,30,,,1,30,,28334,30,,,1,70,,28337,30,,,1,30,,28351,30,,,1,76,,28335,30,,,1,30,,28338,30,,,1,70,,28330,30,,,1,71,,28341,30,,,1,29,,28333,30,,,1,27,,28331,30,,,1,70,,28347,30,,,1,27,,28342,30,,,1,97,,28326,30,,,1,101,,28343,30,,,1,100,,28340,30,,,1,97,,28328,30,,,1,98,,28339,30,,,1,100,,28329,30,,,1
