4000,'Semaine-1-_26ÉTÉ-1111100-',1546,,39577,43,,,2,69,,39573,43,,,2,35,,39576,43,,,1,68,,39575,43,,,1,31,,39574,43,,,1,63,,39578,43,,,2
4000,'Semaine-10-_26ÉTÉ-1111100-',1546,,39583,43,,,2,69,,39579,43,,,2,35,,39582,43,,,1,68,,39581,43,,,1,31,,39580,43,,,1,63,,39584,43,,,2
4000,'Semaine-11-_26ÉTÉ-1111100-',1546,,46351,43,,,2,69,,46347,43,,,2,35,,46350,43,,,1,68,,46349,43,,,1,31,,46348,43,,,1,63,,46352,43,,,2
5200,'Samedi-0-_26ÉTÉ-0000010-',656,,39909,42,,,1,100,,39910,42,,,2,101,,39911,42,,,1,100,,39912,42,,,2,100,,39913,42,,,1,102,,39914,42,,,1,100,,39915,42,,,2,100,,39916,42,,,2,99,,39917,42,,,1,100,,39918,42,,,2,100,,39919,42,,,1,100,,39920,42,,,1,99,,39921,42,,,1,100,,39924,42,,,1,100,,39922,42,,,1,99,,39923,42,,,2,98,,39925,42,,,2,100,,39926,42,,,1
5200,'Samedi-10-_26ÉTÉ-0000010-',656,,46498,42,,,1,100,,46499,42,,,2,101,,46500,42,,,1,100,,46501,42,,,2,100,,46502,42,,,1,102,,46503,42,,,1,100,,46504,42,,,2,100,,46505,42,,,2,99,,46506,42,,,1,100,,46507,42,,,2,100,,46508,42,,,1,100,,46509,42,,,1,99,,46510,42,,,1,100,,46513,42,,,1,100,,46511,42,,,1,99,,46512,42,,,2,98,,46514,42,,,2,100,,46515,42,,,1
5200,'Dimanche-0-_26ÉTÉ-0000001-',656,,39928,42,,,1,100,,39927,42,,,2,101,,39929,42,,,1,100,,39930,42,,,2,100,,39932,42,,,1,102,,39937,42,,,1,100,,39931,42,,,2,100,,39934,42,,,2,99,,39935,42,,,1,100,,39933,42,,,2,100,,39936,42,,,1,100,,39943,42,,,1,99,,39942,42,,,1,100,,39938,42,,,1,100,,39944,42,,,1,99,,39941,42,,,2,98,,39940,42,,,2,100,,39939,42,,,1
5200,'Dimanche-10-_26ÉTÉ-0000001-',656,,39946,42,,,1,100,,39945,42,,,2,101,,39947,42,,,1,100,,39948,42,,,2,100,,39950,42,,,1,102,,39955,42,,,1,100,,39949,42,,,2,100,,39952,42,,,2,99,,39953,42,,,1,100,,39951,42,,,2,100,,39954,42,,,1,100,,39961,42,,,1,99,,39960,42,,,1,100,,39956,42,,,1,100,,39962,42,,,1,99,,39959,42,,,2,98,,39958,42,,,2,100,,39957,42,,,1
5200,'Dimanche-11-_26ÉTÉ-0000001-',656,,49171,42,,,1,100,,49170,42,,,2,101,,49172,42,,,1,100,,49173,42,,,2,100,,49175,42,,,1,102,,49180,42,,,1,100,,49174,42,,,2,100,,49177,42,,,2,99,,49178,42,,,1,100,,49176,42,,,2,100,,49179,42,,,1,100,,49186,42,,,1,99,,49185,42,,,1,100,,49181,42,,,1,100,,49187,42,,,1,99,,49184,42,,,2,98,,49183,42,,,2,100,,49182,42,,,1
5200,'Semaine-1-_26ÉTÉ-1111100-',626,,39966,42,,,1,100,,39968,42,,,1,109,,39963,42,,,1,97,,39979,42,,,1,97,,39977,42,,,2,100,,39964,42,,,1,100,,39971,42,,,1,100,,39970,42,,,1,100,,39967,42,,,1,101,,39965,42,,,1,108,,39969,42,,,1,102,,39980,42,,,1,104,,39978,42,,,1,99,,39972,42,,,1,84,,39976,42,,,1,100,,39975,42,,,1,99,,39973,42,,,1,99,,39974,42,,,1
5200,'Semaine-10-_26ÉTÉ-1111100-',626,,39984,42,,,1,100,,39986,42,,,1,109,,39981,42,,,1,97,,39997,42,,,1,97,,39995,42,,,2,100,,39982,42,,,1,100,,39989,42,,,1,100,,39988,42,,,1,100,,39985,42,,,1,101,,39983,42,,,1,108,,39987,42,,,1,102,,39998,42,,,1,104,,39996,42,,,1,99,,39990,42,,,1,84,,39994,42,,,1,100,,39993,42,,,1,99,,39991,42,,,1,99,,39992,42,,,1
5200,'Semaine-11-_26ÉTÉ-1111100-',626,,46519,42,,,1,100,,46521,42,,,1,109,,46516,42,,,1,97,,46532,42,,,1,97,,46530,42,,,2,100,,46517,42,,,1,100,,46524,42,,,1,100,,46523,42,,,1,100,,46520,42,,,1,101,,46518,42,,,1,108,,46522,42,,,1,102,,46533,42,,,1,104,,46531,42,,,1,99,,46525,42,,,1,84,,46529,42,,,1,100,,46528,42,,,1,99,,46526,42,,,1,99,,46527,42,,,1
