2600,'Semaine-4',1600,,32651,21,,,1,32,,32650,21,,,1,69,,32649,21,,,2,30,,32652,21,,,1,27,,32653,21,,,1
2800,'Semaine-4',1604,,32668,24,,,2,39,,32669,24,,,1,94,,32670,24,,,2
2900,'Semaine-4',1601,,32677,29,4,,2,32,,32676,29,4,,1,72,,32674,29,4,,1,25,,32678,29,4,,2,29,,32675,29,4,,1
3200,'Semaine-4',637,,32890,22,,,1,70,,32889,22,,,1,30,,32885,22,,,1,72,,32887,22,,,1,29,,32886,22,,,1,70,,32888,22,,,1,30,,32861,22,,,1,70,,32856,22,,,2,30,,32857,22,,,2,70,,32868,22,,,1,30,,32862,22,,,1,68,,32848,22,,,1,31,,32849,22,,,1,71,,32860,22,,,1,30,,32863,22,,,1,69,,32869,22,,,1,31,,32850,22,,,1,70,,32895,22,,,1,17,,32847,22,,,2,10,,32877,22,,,1,12,,32867,22,,,1,10,,32873,22,,,1,50,,32874,22,,,1,10,,32892,22,,,1,10,,32893,22,,,1,10,,32894,22,,,1,10,,32891,22,,,2,10,,32864,22,,,2,50,,32875,22,,,1,10,,32883,22,,,1,10,,32876,22,,,2,8,,32853,22,,,2,9,,32884,22,,,2,11,,32870,22,,,1,50,,32872,22,,,2,10,,32871,22,,,2,19,,32865,22,,,1,25,,32859,22,,,1,70,,32854,22,,,2,30,,32851,22,,,1,70,,32866,22,,,1,28,,32858,22,,,1,72,,32855,22,,,2,30,,32852,22,,,1,70,,32878,22,,,1,30,,32879,22,,,1,66,,32880,22,,,2,30,,32881,22,,,1,69,,32882,22,,,1
3400,'Samedi-3',741,,33104,30,,,1,104,,33109,30,,,1,70,,33105,30,,,2,31,,33111,30,,,1,70,,33112,30,,,1,31,,33106,30,,,1,70,,33107,30,,,1,30,,33108,30,,,1,70,,33110,30,,,2,31,,33113,30,,,1,70,,33115,30,,,1,31,,33114,30,,,2,70,,33116,30,,,1,30,,33117,30,,,1,70,,33118,30,,,1,29,,33119,30,,,1,70,,33120,30,,,1,31,,33121,30,,,1,70,,33122,30,,,1,30,,33123,30,,,1,70,,33124,30,,,1,29,,33125,30,,,1,68,,33126,30,,,2,30,,33127,30,,,1,70,,33128,30,,,1,30,,33129,30,,,1,70,,33130,30,,,1,30,,33131,30,,,1,70,,33132,30,,,1,29,,33134,30,,,1,71,,33133,30,,,1,29,,33136,30,,,1,70,,33135,30,,,1,27,,33137,30,,,1
3400,'Dimanche-3',741,,33142,30,,,1,104,,33146,30,,,1,70,,33144,30,,,2,31,,33139,30,,,1,70,,33147,30,,,1,31,,33150,30,,,1,70,,33149,30,,,1,30,,33138,30,,,1,70,,33140,30,,,2,31,,33151,30,,,1,70,,33141,30,,,1,31,,33143,30,,,2,70,,33145,30,,,1,30,,33154,30,,,1,70,,33148,30,,,1,29,,33152,30,,,1,70,,33155,30,,,1,31,,33159,30,,,1,70,,33164,30,,,1,30,,33156,30,,,1,70,,33157,30,,,1,29,,33167,30,,,1,68,,33158,30,,,2,30,,33163,30,,,1,70,,33153,30,,,1,30,,33160,30,,,1,70,,33162,30,,,1,30,,33165,30,,,1,70,,33171,30,,,1,29,,33166,30,,,1,71,,33168,30,,,1,29,,33161,30,,,1,70,,33169,30,,,1,27,,33170,30,,,1
3400,'Semaine-4',623,,33202,30,,,1,29,,33187,30,,,1,73,,33181,30,,,1,76,,33185,30,,,1,28,,33176,30,,,1,29,,33196,30,,,1,70,,33182,30,,,1,27,,33172,30,,,1,70,,33177,30,,,1,30,,33178,30,,,1,70,,33183,30,,,1,30,,33173,30,,,1,71,,33203,30,,,1,30,,33179,30,,,1,70,,33184,30,,,1,30,,33174,30,,,1,72,,33200,30,,,1,30,,33175,30,,,1,65,,33201,30,,,2,306,,33199,30,,,2,20,,33188,30,,,1,68,,33180,30,,,1,30,,33192,30,,,1,70,,33198,30,,,1,30,,33189,30,,,2,69,,33191,30,,,1,30,,33193,30,,,1,70,,33186,30,,,1,30,,33195,30,,,1,70,,33190,30,,,1,28,,33194,30,,,1,70,,33197,30,,,1
5600,'Semaine-4',659,,34437,42,,,1,62,,34435,42,,,1,3,,34439,42,,,1,32,,34438,42,,,2,73,,34432,42,,,1,100,,34431,42,,,1,107,,34433,42,,,1,98,,34436,42,,,1,100,,34434,42,,,1
32900,'Semaine-4',820,,36465,22,0,7 8,1
42900,'Semaine-4',716,,37074,15,0,9 14,1,2,,37075,15,0,9 14,1
55400,'Semaine-4',718,,37098,32,0,5 6,1
73400,'Semaine-4',1638,,37129,24,0,5 11,1
82900,'Semaine-4',1545,,37294,27,4,,1
