7200,'Samedi-0-_26ÉTÉ-0000010-',659,,42663,1,,,2,100,,42662,1,,,1,100,,42661,1,,,1,100,,42665,1,,,1,100,,42659,1,,,2,100,,42660,1,,,1,100,,42664,1,,,2,100,,42666,1,,,1,100,,42667,1,,,1,100,,42668,1,,,2,100,,42669,1,,,1,100,,42670,1,,,2,100,,42671,1,,,1,100,,42672,1,,,2
7200,'Dimanche-0-_26ÉTÉ-0000001-',659,,42677,1,,,2,100,,42678,1,,,1,100,,42673,1,,,1,100,,42681,1,,,1,100,,42676,1,,,2,100,,42680,1,,,1,100,,42675,1,,,2,100,,42679,1,,,1,100,,42674,1,,,1,100,,42683,1,,,2,100,,42682,1,,,1,100,,42684,1,,,2,100,,42686,1,,,1,100,,42685,1,,,2
7200,'Dimanche-10-_26ÉTÉ-0000001-',659,,42691,1,,,2,100,,42692,1,,,1,100,,42687,1,,,1,100,,42695,1,,,1,100,,42690,1,,,2,100,,42694,1,,,1,100,,42689,1,,,2,100,,42693,1,,,1,100,,42688,1,,,1,100,,42697,1,,,2,100,,42696,1,,,1,100,,42698,1,,,2,100,,42700,1,,,1,100,,42699,1,,,2
7200,'Dimanche-11-_26ÉTÉ-0000001-',659,,49570,1,,,2,100,,49571,1,,,1,100,,49566,1,,,1,100,,49574,1,,,1,100,,49569,1,,,2,100,,49573,1,,,1,100,,49568,1,,,2,100,,49572,1,,,1,100,,49567,1,,,1,100,,49576,1,,,2,100,,49575,1,,,1,100,,49577,1,,,2,100,,49579,1,,,1,100,,49578,1,,,2
7200,'Semaine-1-_26ÉTÉ-1111100-',630,,42720,1,,,1,70,,42712,1,,,1,30,,42713,1,,,1,70,,42714,1,,,2,30,,42715,1,,,2,70,,42716,1,,,2,100,,42717,1,,,2,100,,42718,1,,,1,100,,42719,1,,,1,100,,42721,1,,,2,100,,42708,1,,,1,100,,42704,1,,,1,30,,42710,1,,,1,70,,42706,1,,,2,29,,42703,1,,,1,71,,42702,1,,,2,30,,42711,1,,,1,70,,42709,1,,,1,30,,42707,1,,,1,70,,42705,1,,,1,100,,42701,1,,,1
7200,'Semaine-10-_26ÉTÉ-1111100-',630,,42741,1,,,1,70,,42733,1,,,1,30,,42734,1,,,1,70,,42735,1,,,2,30,,42736,1,,,2,70,,42737,1,,,2,100,,42738,1,,,2,100,,42739,1,,,1,100,,42740,1,,,1,100,,42742,1,,,2,100,,42729,1,,,1,100,,42725,1,,,1,30,,42731,1,,,1,70,,42727,1,,,2,29,,42724,1,,,1,71,,42723,1,,,2,30,,42732,1,,,1,70,,42730,1,,,1,30,,42728,1,,,1,70,,42726,1,,,1,100,,42722,1,,,1
7200,'Semaine-11-_26ÉTÉ-1111100-',630,,47708,1,,,1,70,,47700,1,,,1,30,,47701,1,,,1,70,,47702,1,,,2,30,,47703,1,,,2,70,,47704,1,,,2,100,,47705,1,,,2,100,,47706,1,,,1,100,,47707,1,,,1,100,,47709,1,,,2,100,,47696,1,,,1,100,,47692,1,,,1,30,,47698,1,,,1,70,,47694,1,,,2,29,,47691,1,,,1,71,,47690,1,,,2,30,,47699,1,,,1,70,,47697,1,,,1,30,,47695,1,,,1,70,,47693,1,,,1,100,,47689,1,,,1
7200,'Semaine-5-_26ÉTÉ-1111100-',630,,51551,1,,,1,70,,51543,1,,,1,30,,51544,1,,,1,70,,51545,1,,,2,30,,51546,1,,,2,70,,51547,1,,,2,100,,51548,1,,,2,100,,51549,1,,,1,100,,51550,1,,,1,100,,51552,1,,,2,100,,51539,1,,,1,100,,51535,1,,,1,30,,51541,1,,,1,70,,51537,1,,,2,29,,51534,1,,,1,71,,51533,1,,,2,30,,51542,1,,,1,70,,51540,1,,,1,30,,51538,1,,,1,70,,51536,1,,,1,100,,51532,1,,,1
7301,'Semaine-1-_26ÉTÉ-1111100-',511,,42816,1,,,1,30,,42814,1,,,1,70,,42815,1,,,2,27,,42809,1,,,1,70,,42804,1,,,2,33,,42805,1,,,2,69,,42807,1,,,1,30,,42800,1,,,1,68,,42810,1,,,2,100,,42792,1,,,1,100,,42811,1,,,1,100,,42808,1,,,1,100,,42803,1,,,2,100,,42812,1,,,2,101,,42802,1,,,2,28,,42799,1,,,1,70,,42817,1,,,1,36,,42806,1,,,2,65,,42791,1,,,2,30,,42793,1,,,1,70,,42801,1,,,1,30,,42813,1,,,1,68,,42794,1,,,1,100,,42795,1,,,1,105,,42796,1,,,2,100,,42797,1,,,1,100,,42798,1,,,2
7301,'Semaine-10-_26ÉTÉ-1111100-',511,,42843,1,,,1,30,,42841,1,,,1,70,,42842,1,,,2,27,,42836,1,,,1,70,,42831,1,,,2,33,,42832,1,,,2,69,,42834,1,,,1,30,,42827,1,,,1,68,,42837,1,,,2,100,,42819,1,,,1,100,,42838,1,,,1,100,,42835,1,,,1,100,,42830,1,,,2,100,,42839,1,,,2,101,,42829,1,,,2,28,,42826,1,,,1,70,,42844,1,,,1,36,,42833,1,,,2,65,,42818,1,,,2,30,,42820,1,,,1,70,,42828,1,,,1,30,,42840,1,,,1,68,,42821,1,,,1,100,,42822,1,,,1,105,,42823,1,,,2,100,,42824,1,,,1,100,,42825,1,,,2
7301,'Semaine-11-_26ÉTÉ-1111100-',511,,47759,1,,,1,30,,47757,1,,,1,70,,47758,1,,,2,27,,47752,1,,,1,70,,47747,1,,,2,33,,47748,1,,,2,69,,47750,1,,,1,30,,47743,1,,,1,68,,47753,1,,,2,100,,47735,1,,,1,100,,47754,1,,,1,100,,47751,1,,,1,100,,47746,1,,,2,100,,47755,1,,,2,101,,47745,1,,,2,28,,47742,1,,,1,70,,47760,1,,,1,36,,47749,1,,,2,65,,47734,1,,,2,30,,47736,1,,,1,70,,47744,1,,,1,30,,47756,1,,,1,68,,47737,1,,,1,100,,47738,1,,,1,105,,47739,1,,,2,100,,47740,1,,,1,100,,47741,1,,,2
7301,'Semaine-5-_26ÉTÉ-1111100-',511,,51602,1,,,1,30,,51600,1,,,1,70,,51601,1,,,2,27,,51595,1,,,1,70,,51590,1,,,2,33,,51591,1,,,2,69,,51593,1,,,1,30,,51586,1,,,1,68,,51596,1,,,2,100,,51578,1,,,1,100,,51597,1,,,1,100,,51594,1,,,1,100,,51589,1,,,2,100,,51598,1,,,2,101,,51588,1,,,2,28,,51585,1,,,1,70,,51603,1,,,1,36,,51592,1,,,2,65,,51577,1,,,2,30,,51579,1,,,1,70,,51587,1,,,1,30,,51599,1,,,1,68,,51580,1,,,1,100,,51581,1,,,1,105,,51582,1,,,2,100,,51583,1,,,1,100,,51584,1,,,2
