2301,'Semaine-1-_26ÉTÉ-1111100-',613,,24584,5,,,1,30,,24581,5,,,1,70,,24585,5,,,1,30,,24583,5,,,2,70,,24582,5,,,2
2301,'Semaine-10-_26ÉTÉ-1111100-',613,,26991,5,,,1,30,,26988,5,,,1,70,,26992,5,,,1,30,,26990,5,,,2,70,,26989,5,,,2
3201,'Semaine-1-_26ÉTÉ-1111100-',510,,24817,8,,,2,20,,24816,8,,,1,20,,24808,8,,,2,61,,24818,8,,,1,10,,24798,8,,,2,10,,24819,8,,,1,10,,24799,8,,,2,10,,24800,8,,,1,8,,24792,8,,,1,48,,24795,8,,,1,8,,24821,8,,,1,8,,24801,8,,,1,9,,24796,8,,,1,7,,24809,8,,,2,8,,24791,8,,,1,8,,24802,8,,,1,48,,24820,8,,,1,8,,24790,8,,,1,10,,24789,8,,,2,10,,24794,8,,,1,11,,24797,8,,,1,10,,24803,8,,,1,61,,24777,8,,,1,30,,24787,8,,,2,70,,24780,8,,,1,30,,24783,8,,,2,70,,24776,8,,,1,30,,24786,8,,,2,70,,24781,8,,,1,30,,24788,8,,,1,70,,24770,8,,,1,30,,24775,8,,,2,70,,24782,8,,,1,30,,24793,8,,,1,70,,24810,8,,,1,27,,24811,8,,,1,72,,24812,8,,,1,31,,24813,8,,,1,70,,24814,8,,,1,30,,24815,8,,,1,70,,24773,8,,,1,30,,24771,8,,,1,71,,24784,8,,,1,30,,24779,8,,,1,70,,24774,8,,,1,30,,24772,8,,,1,70,,24785,8,,,1,30,,24778,8,,,1,70,,24805,8,,,2,30,,24804,8,,,1,70,,24806,8,,,1,30,,24807,8,,,1
3201,'Semaine-10-_26ÉTÉ-1111100-',510,,27298,8,,,2,20,,27297,8,,,1,20,,27289,8,,,2,61,,27299,8,,,1,10,,27279,8,,,2,10,,27300,8,,,1,10,,27280,8,,,2,10,,27281,8,,,1,8,,27273,8,,,1,48,,27276,8,,,1,8,,27302,8,,,1,8,,27282,8,,,1,9,,27277,8,,,1,7,,27290,8,,,2,8,,27272,8,,,1,8,,27283,8,,,1,48,,27301,8,,,1,8,,27271,8,,,1,10,,27270,8,,,2,10,,27275,8,,,1,11,,27278,8,,,1,10,,27284,8,,,1,61,,27258,8,,,1,30,,27268,8,,,2,70,,27261,8,,,1,30,,27264,8,,,2,70,,27257,8,,,1,30,,27267,8,,,2,70,,27262,8,,,1,30,,27269,8,,,1,70,,27251,8,,,1,30,,27256,8,,,1,70,,27263,8,,,1,30,,27274,8,,,1,70,,27291,8,,,1,27,,27292,8,,,1,72,,27293,8,,,1,31,,27294,8,,,1,70,,27295,8,,,1,30,,27296,8,,,1,70,,27254,8,,,1,30,,27252,8,,,1,71,,27265,8,,,1,30,,27260,8,,,1,70,,27255,8,,,1,30,,27253,8,,,1,70,,27266,8,,,1,30,,27259,8,,,1,70,,27286,8,,,2,30,,27285,8,,,1,70,,27287,8,,,1,30,,27288,8,,,1
3401,'Samedi-0-_26ÉTÉ-0000010-',652,,27559,15,,,1,100,,27562,15,,,2,70,,27571,15,,,1,33,,27560,15,,,1,67,,27565,15,,,1,30,,27567,15,,,1,72,,27561,15,,,2,30,,27570,15,,,1,71,,27563,15,,,1,30,,27572,15,,,1,68,,27564,15,,,1,30,,27566,15,,,1,70,,27568,15,,,2,30,,27569,15,,,2,70,,27573,15,,,1,30,,27574,15,,,2,70,,27575,15,,,1,30,,27576,15,,,1,71,,27577,15,,,1,31,,27578,15,,,1,70,,27579,15,,,2,31,,27580,15,,,1,67,,27581,15,,,1,30,,27583,15,,,1,71,,27582,15,,,2,30,,27584,15,,,1,70,,27585,15,,,2,28,,27586,15,,,1,70,,27588,15,,,1,30,,27587,15,,,1,70,,27589,15,,,1,100,,27590,15,,,1
3401,'Dimanche-0-_26ÉTÉ-0000001-',652,,27592,15,,,1,100,,27603,15,,,2,70,,27596,15,,,1,33,,27599,15,,,1,67,,27598,15,,,1,30,,27607,15,,,1,72,,27604,15,,,2,30,,27591,15,,,1,71,,27602,15,,,1,30,,27595,15,,,1,68,,27593,15,,,1,30,,27594,15,,,1,70,,27597,15,,,2,30,,27605,15,,,2,70,,27601,15,,,1,30,,27600,15,,,2,70,,27606,15,,,1,30,,27611,15,,,1,71,,27609,15,,,1,31,,27615,15,,,1,70,,27618,15,,,2,31,,27608,15,,,1,67,,27617,15,,,1,30,,27610,15,,,1,71,,27614,15,,,2,30,,27621,15,,,1,70,,27613,15,,,2,28,,27612,15,,,1,70,,27619,15,,,1,30,,27620,15,,,1,70,,27616,15,,,1,100,,27622,15,,,1
3401,'Semaine-1-_26ÉTÉ-1111100-',856,,24963,15,,,2,72,,24943,15,,,1,30,,24947,15,,,1,70,,24967,15,,,1,30,,24940,15,,,1,70,,24944,15,,,1,30,,24948,15,,,2,70,,24938,15,,,1,31,,24941,15,,,1,69,,24945,15,,,1,30,,24949,15,,,1,70,,24942,15,,,1,29,,24964,15,,,1,70,,24939,15,,,2,30,,24965,15,,,1,70,,24966,15,,,1,73,,24960,15,,,1,28,,24956,15,,,2,29,,24946,15,,,1,71,,24953,15,,,1,30,,24962,15,,,1,70,,24950,15,,,1,30,,24952,15,,,1,70,,24954,15,,,1,30,,24958,15,,,2,70,,24951,15,,,1,30,,24957,15,,,1,70,,24955,15,,,1,30,,24959,15,,,1,70,,24961,15,,,1
3401,'Semaine-10-_26ÉTÉ-1111100-',856,,27648,15,,,2,72,,27628,15,,,1,30,,27632,15,,,1,70,,27652,15,,,1,30,,27625,15,,,1,70,,27629,15,,,1,30,,27633,15,,,2,70,,27623,15,,,1,31,,27626,15,,,1,69,,27630,15,,,1,30,,27634,15,,,1,70,,27627,15,,,1,29,,27649,15,,,1,70,,27624,15,,,2,30,,27650,15,,,1,70,,27651,15,,,1,73,,27645,15,,,1,28,,27641,15,,,2,29,,27631,15,,,1,71,,27638,15,,,1,30,,27647,15,,,1,70,,27635,15,,,1,30,,27637,15,,,1,70,,27639,15,,,1,30,,27643,15,,,2,70,,27636,15,,,1,30,,27642,15,,,1,70,,27640,15,,,1,30,,27644,15,,,1,70,,27646,15,,,1
4900,'Samedi-0-_26ÉTÉ-0000010-',731,,28293,31,,,1,100,,28294,31,,,1,104,,28291,31,,,1,100,,28295,31,,,1,100,,28292,31,,,1,100,,28296,31,,,1,99,,28297,31,,,1,104,,28298,31,,,1,97,,28299,31,,,1,100,,28300,31,,,1,100,,28301,31,,,1,96,,28302,31,,,1,100,,28303,31,,,1,100,,28304,31,,,1,100,,28305,31,,,1,100,,28306,31,,,1,100,,28307,31,,,1
4900,'Dimanche-0-_26ÉTÉ-0000001-',731,,28308,31,,,1,100,,28311,31,,,1,104,,28309,31,,,1,100,,28312,31,,,1,100,,28314,31,,,1,100,,28318,31,,,1,99,,28316,31,,,1,104,,28315,31,,,1,97,,28310,31,,,1,100,,28320,31,,,1,100,,28317,31,,,1,96,,28319,31,,,1,100,,28324,31,,,1,100,,28313,31,,,1,100,,28322,31,,,1,100,,28323,31,,,1,100,,28321,31,,,1
4900,'Semaine-1-_26ÉTÉ-1111100-',651,,25332,31,,,1,60,,25338,31,,,1,28,,25335,31,,,1,72,,25336,31,,,1,38,,25331,31,,,1,69,,25327,31,,,1,32,,25319,31,,,1,71,,25337,31,,,1,31,,25333,31,,,1,72,,25329,31,,,1,30,,25308,31,,,1,70,,25328,31,,,1,30,,25310,31,,,1,70,,25315,31,,,1,30,,25317,31,,,1,70,,25320,31,,,1,30,,25334,31,,,1,76,,25318,31,,,1,70,,25321,31,,,1,30,,25313,31,,,1,71,,25324,31,,,1,29,,25316,31,,,1,27,,25314,31,,,1,70,,25330,31,,,1,27,,25325,31,,,1,97,,25309,31,,,1,101,,25326,31,,,1,100,,25323,31,,,1,97,,25311,31,,,1,98,,25322,31,,,1,100,,25312,31,,,1
4900,'Semaine-10-_26ÉTÉ-1111100-',651,,28349,31,,,1,60,,28355,31,,,1,28,,28352,31,,,1,72,,28353,31,,,1,38,,28348,31,,,1,69,,28344,31,,,1,32,,28336,31,,,1,71,,28354,31,,,1,31,,28350,31,,,1,72,,28346,31,,,1,30,,28325,31,,,1,70,,28345,31,,,1,30,,28327,31,,,1,70,,28332,31,,,1,30,,28334,31,,,1,70,,28337,31,,,1,30,,28351,31,,,1,76,,28335,31,,,1,70,,28338,31,,,1,30,,28330,31,,,1,71,,28341,31,,,1,29,,28333,31,,,1,27,,28331,31,,,1,70,,28347,31,,,1,27,,28342,31,,,1,97,,28326,31,,,1,101,,28343,31,,,1,100,,28340,31,,,1,97,,28328,31,,,1,98,,28339,31,,,1,100,,28329,31,,,1
