2000,'Semaine-1-_26ÉTÉ-1111100-',645,,24571,8,,,1,99,,24570,8,,,1,101,,24569,8,,,2
2000,'Semaine-10-_26ÉTÉ-1111100-',645,,26978,8,,,1,99,,26977,8,,,1,101,,26976,8,,,2
2300,'Semaine-1-_26ÉTÉ-1111100-',1541,,24580,11,,,1,68,,24578,11,,,1,30,,24576,11,,,1,71,,24577,11,,,2,30,,24579,11,,,2,65,,24575,11,,,2
2300,'Semaine-10-_26ÉTÉ-1111100-',1541,,26987,11,,,1,68,,26985,11,,,1,30,,26983,11,,,1,71,,26984,11,,,2,30,,26986,11,,,2,65,,26982,11,,,2
2500,'Semaine-1-_26ÉTÉ-1111100-',1525,,24586,10,,,1,31,,24589,10,,,1,70,,24587,10,,,1,33,,24591,10,,,1,68,,24588,10,,,1,28,,24590,10,,,1
2500,'Semaine-10-_26ÉTÉ-1111100-',1525,,26993,10,,,1,31,,26996,10,,,1,70,,26994,10,,,1,33,,26998,10,,,1,68,,26995,10,,,1,28,,26997,10,,,1
3500,'Semaine-1-_26ÉTÉ-1111100-',638,,24994,18,0,15 16,1,78,,24968,18,0,15 16,2,33,,24979,18,0,15 16,1,57,,24997,18,0,15 16,1,32,,25003,18,0,15 16,1,10,,25001,18,0,15 16,2,4,,24987,18,0,15 16,1,49,,24999,18,0,15 16,1,19,,24992,18,0,15 16,1,21,,24998,18,0,15 16,1,69,,24976,18,0,15 16,1,27,,24990,18,0,15 16,1,74,,24970,18,0,15 16,1,30,,24974,18,0,15 16,2,70,,24985,18,0,15 16,1,30,,24969,18,0,15 16,1,70,,24980,18,0,15 16,2,30,,25002,18,0,15 16,1,70,,24988,18,0,15 16,2,30,,24971,18,0,15 16,2,74,,24984,18,,,2,29,,24986,18,0,15 16,1,63,,24977,11,0,15 16,1,15,,24989,18,,,2,13,,24983,11,0,15 16,1,16,,24993,18,,,1,67,,24995,18,0,15 16,2,29,,24975,18,,,1,66,,24973,18,0,15 16,2,15,,24981,11,0,15 16,1,21,,25004,18,,,2,61,,24991,18,0,15 16,2,34,,24978,18,,,1,64,,24982,18,,,1,103,,24996,18,,,1,100,,25000,18,,,2,97,,24972,18,0,15 16,1
3500,'Semaine-10-_26ÉTÉ-1111100-',638,,27679,18,0,15 16,1,78,,27653,18,0,15 16,2,33,,27664,18,0,15 16,1,57,,27682,18,0,15 16,1,32,,27688,18,0,15 16,1,10,,27686,18,0,15 16,2,4,,27672,18,0,15 16,1,49,,27684,18,0,15 16,1,19,,27677,18,0,15 16,1,21,,27683,18,0,15 16,1,69,,27661,18,0,15 16,1,27,,27675,18,0,15 16,1,74,,27655,18,0,15 16,1,30,,27659,18,0,15 16,2,70,,27670,18,0,15 16,1,30,,27654,18,0,15 16,1,70,,27665,18,0,15 16,2,30,,27687,18,0,15 16,1,70,,27673,18,0,15 16,2,30,,27656,18,0,15 16,2,74,,27669,18,,,2,29,,27671,18,0,15 16,1,63,,27662,11,0,15 16,1,15,,27674,18,,,2,13,,27668,11,0,15 16,1,16,,27678,18,,,1,67,,27680,18,0,15 16,2,29,,27660,18,,,1,66,,27658,18,0,15 16,2,15,,27666,11,0,15 16,1,21,,27689,18,,,2,61,,27676,18,0,15 16,2,34,,27663,18,,,1,64,,27667,18,,,1,103,,27681,18,,,1,100,,27685,18,,,2,97,,27657,18,0,15 16,1
3800,'Samedi-0-_26ÉTÉ-0000010-',739,,27868,11,,,1,72,,27861,11,,,1,23,,27862,11,,,1,77,,27873,11,,,1,28,,27865,11,,,1,72,,27863,11,,,1,28,,27874,11,,,1,72,,27866,11,,,1,28,,27872,11,,,1,72,,27864,11,,,1,27,,27867,11,,,1,73,,27871,11,,,1,27,,27869,11,,,1,72,,27870,11,,,1,28,,27875,11,,,1,74,,27876,11,,,1,27,,27877,11,,,1,73,,27878,11,,,1,24,,27879,11,,,1,75,,27880,11,,,1,27,,27881,11,,,1,73,,27882,11,,,1,27,,27883,11,,,1,73,,27884,11,,,1,29,,27885,11,,,1,71,,27886,11,,,1,29,,27888,11,,,1,71,,27887,11,,,1,29,,27890,11,,,1,70,,27889,11,,,1,30,,27891,11,,,1,70,,27892,11,,,1,30,,27893,11,,,1
3800,'Dimanche-0-_26ÉTÉ-0000001-',739,,27903,11,,,1,72,,27901,11,,,1,23,,27899,11,,,1,77,,27906,11,,,1,28,,27894,11,,,1,72,,27895,11,,,1,28,,27907,11,,,1,72,,27902,11,,,1,28,,27896,11,,,1,72,,27897,11,,,1,27,,27900,11,,,1,73,,27898,11,,,1,27,,27909,11,,,1,72,,27911,11,,,1,28,,27904,11,,,1,74,,27910,11,,,1,27,,27912,11,,,1,73,,27905,11,,,1,24,,27908,11,,,1,75,,27916,11,,,1,27,,27921,11,,,1,73,,27918,11,,,1,27,,27917,11,,,1,73,,27915,11,,,1,29,,27920,11,,,1,71,,27925,11,,,1,29,,27923,11,,,1,71,,27913,11,,,1,29,,27914,11,,,1,70,,27924,11,,,1,30,,27922,11,,,1,70,,27919,11,,,1,30,,27926,11,,,1
3800,'Semaine-1-_26ÉTÉ-1111100-',652,,25122,11,,,1,60,,25138,11,,,1,31,,25133,11,,,1,70,,25146,11,,,1,30,,25143,11,,,1,70,,25119,11,,,1,20,,25115,11,,,1,20,,25126,11,,,1,60,,25111,11,,,1,20,,25135,11,,,1,20,,25120,11,,,1,60,,25116,11,,,1,20,,25127,11,,,1,20,,25112,11,,,1,60,,25134,11,,,1,20,,25145,11,,,1,20,,25117,11,,,1,60,,25128,11,,,1,20,,25136,11,,,1,20,,25147,11,,,1,60,,25121,11,,,1,21,,25118,11,,,1,21,,25129,11,,,1,70,,25142,11,,,1,31,,25107,11,,,1,71,,25131,11,,,1,76,,25140,11,,,1,25,,25130,11,,,1,26,,25144,11,,,1,68,,25110,11,,,1,30,,25141,11,,,1,70,,25124,11,,,1,30,,25132,11,,,1,69,,25137,11,,,1,30,,25139,11,,,1,70,,25123,11,,,1,30,,25109,11,,,1,70,,25125,11,,,1,30,,25113,11,,,1,70,,25108,11,,,1,30,,25106,11,,,1,68,,25114,11,,,1
3800,'Semaine-10-_26ÉTÉ-1111100-',652,,27943,11,,,1,60,,27959,11,,,1,31,,27954,11,,,1,70,,27967,11,,,1,30,,27964,11,,,1,70,,27940,11,,,1,20,,27936,11,,,1,20,,27947,11,,,1,60,,27932,11,,,1,20,,27956,11,,,1,20,,27941,11,,,1,60,,27937,11,,,1,20,,27948,11,,,1,20,,27933,11,,,1,60,,27955,11,,,1,20,,27966,11,,,1,20,,27938,11,,,1,60,,27949,11,,,1,20,,27957,11,,,1,20,,27968,11,,,1,60,,27942,11,,,1,21,,27939,11,,,1,21,,27950,11,,,1,70,,27963,11,,,1,31,,27928,11,,,1,71,,27952,11,,,1,76,,27961,11,,,1,25,,27951,11,,,1,26,,27965,11,,,1,68,,27931,11,,,1,30,,27962,11,,,1,70,,27945,11,,,1,30,,27953,11,,,1,69,,27958,11,,,1,30,,27960,11,,,1,70,,27944,11,,,1,30,,27930,11,,,1,70,,27946,11,,,1,30,,27934,11,,,1,70,,27929,11,,,1,30,,27927,11,,,1,68,,27935,11,,,1
10000,'Semaine-1-_26ÉTÉ-1111100-',1521,,26582,11,,,1,7,,26584,11,,,1,10,,26569,11,,,1,8,,26570,11,,,1,5,,26571,11,,,1,52,,26583,11,,,1,8,,26572,11,,,1,11,,26573,11,,,1,9,,26574,11,,,1,11,,26575,11,,,1,10,,26576,11,,,1,50,,26577,11,,,1,10,,26578,11,,,1,9,,26579,11,,,1,9,,26580,11,,,1,10,,26581,11,,,1
10000,'Semaine-10-_26ÉTÉ-1111100-',1521,,30719,11,,,1,7,,30721,11,,,1,10,,30706,11,,,1,8,,30707,11,,,1,5,,30708,11,,,1,52,,30720,11,,,1,8,,30709,11,,,1,11,,30710,11,,,1,9,,30711,11,,,1,11,,30712,11,,,1,10,,30713,11,,,1,50,,30714,11,,,1,10,,30715,11,,,1,9,,30716,11,,,1,9,,30717,11,,,1,10,,30718,11,,,1
40000,'Samedi-0-_26ÉTÉ-0000010-',611,,30917,11,,,1,20,,30918,11,,,1,15,,30921,11,,,1,55,,30926,11,,,1,15,,30935,11,,,1,15,,30936,11,,,1,15,,30919,11,,,1,55,,30923,11,,,1,15,,30920,11,,,1,15,,30944,11,,,1,15,,30922,11,,,1,55,,30925,11,,,1,15,,30924,11,,,1,15,,30927,11,,,1,15,,30945,11,,,1,55,,30943,11,,,1,15,,30946,11,,,1,16,,30928,11,,,1,14,,30930,11,,,1,55,,30933,11,,,1,15,,30934,11,,,1,15,,30929,11,,,1,15,,30940,11,,,1,55,,30942,11,,,1,15,,30947,11,,,1,15,,30932,11,,,1,15,,30931,11,,,1,55,,30937,11,,,1,16,,30938,11,,,1,15,,30939,11,,,1,15,,30948,11,,,1,55,,30941,11,,,1,15,,30949,11,,,1,15,,30950,11,,,1,15,,30951,11,,,1,55,,30952,11,,,1,15,,30953,11,,,1,15,,30954,11,,,1,15,,30955,11,,,1,55,,30956,11,,,1,15,,30957,11,,,1,15,,30958,11,,,1,15,,30959,11,,,1,55,,30960,11,,,1,15,,30961,11,,,1,14,,30962,11,,,1,16,,30963,11,,,1,55,,30964,11,,,1,15,,30970,11,,,1,15,,30965,11,,,1,15,,30966,11,,,1,55,,30967,11,,,1,14,,30968,11,,,1,15,,30969,11,,,1,15,,30973,11,,,1,56,,30971,11,,,1,14,,30972,11,,,1,16,,30977,11,,,1,14,,30976,11,,,1,55,,30975,11,,,1,15,,30974,11,,,1,15,,30981,11,,,1,15,,30978,11,,,1,55,,30979,11,,,1,15,,30980,11,,,1,15,,30988,11,,,1,15,,30983,11,,,1,55,,30982,11,,,1,14,,30984,11,,,1,15,,30985,11,,,1,14,,30986,11,,,1,15,,30987,11,,,1,54,,30989,11,,,1
40000,'Dimanche-0-_26ÉTÉ-0000001-',611,,30990,11,,,1,20,,30992,11,,,1,15,,30997,11,,,1,55,,31003,11,,,1,15,,31005,11,,,1,15,,30991,11,,,1,15,,30994,11,,,1,55,,31001,11,,,1,15,,31008,11,,,1,15,,31012,11,,,1,15,,30996,11,,,1,55,,31004,11,,,1,15,,31015,11,,,1,15,,30993,11,,,1,15,,30995,11,,,1,55,,31002,11,,,1,15,,31009,11,,,1,16,,31010,11,,,1,14,,31026,11,,,1,55,,31025,11,,,1,15,,31016,11,,,1,15,,31007,11,,,1,15,,31017,11,,,1,55,,31020,11,,,1,15,,31029,11,,,1,15,,30998,11,,,1,15,,31027,11,,,1,55,,31024,11,,,1,16,,31028,11,,,1,15,,31006,11,,,1,15,,30999,11,,,1,55,,31030,11,,,1,15,,31021,11,,,1,15,,31013,11,,,1,15,,31011,11,,,1,55,,31018,11,,,1,15,,31023,11,,,1,15,,31033,11,,,1,15,,31000,11,,,1,55,,31035,11,,,1,15,,31022,11,,,1,15,,31014,11,,,1,15,,31045,11,,,1,55,,31019,11,,,1,15,,31054,11,,,1,14,,31040,11,,,1,16,,31044,11,,,1,55,,31060,11,,,1,15,,31051,11,,,1,15,,31032,11,,,1,15,,31046,11,,,1,55,,31036,11,,,1,14,,31053,11,,,1,15,,31039,11,,,1,15,,31043,11,,,1,56,,31059,11,,,1,14,,31052,11,,,1,16,,31031,11,,,1,14,,31056,11,,,1,55,,31050,11,,,1,15,,31058,11,,,1,15,,31034,11,,,1,15,,31038,11,,,1,55,,31042,11,,,1,15,,31048,11,,,1,15,,31062,11,,,1,15,,31055,11,,,1,55,,31049,11,,,1,14,,31057,11,,,1,15,,31061,11,,,1,14,,31037,11,,,1,15,,31041,11,,,1,54,,31047,11,,,1
40000,'Semaine-1-_26ÉTÉ-1111100-',546,,26712,11,,,1,55,,26718,11,,,1,15,,26741,11,,,1,15,,26756,11,,,1,15,,26746,11,,,1,57,,26804,11,,,1,10,,26776,11,,,1,10,,26728,11,,,1,10,,26775,11,,,1,14,,26770,11,,,1,55,,26771,11,,,1,11,,26726,11,,,1,12,,26748,11,,,1,12,,26750,11,,,1,12,,26797,11,,,1,51,,26767,11,,,1,11,,26721,11,,,1,12,,26730,11,,,1,10,,26716,11,,,1,9,,26719,11,,,1,10,,26772,11,,,1,50,,26738,11,,,1,10,,26751,11,,,1,10,,26744,11,,,1,10,,26745,11,,,1,11,,26777,11,,,1,9,,26757,11,,,1,50,,26768,11,,,1,10,,26722,11,,,1,11,,26731,11,,,1,9,,26720,11,,,1,10,,26798,11,,,1,10,,26773,11,,,1,50,,26739,11,,,1,10,,26752,11,,,1,10,,26743,11,,,1,10,,26735,11,,,1,10,,26764,11,,,1,10,,26747,11,,,1,5,,26758,11,,,1,45,,26769,11,,,1,11,,26723,11,,,1,10,,26733,11,,,1,10,,26725,11,,,1,10,,26715,11,,,1,10,,26774,11,,,1,50,,26755,11,,,1,10,,26753,11,,,1,7,,26765,11,,,1,6,,26742,11,,,1,6,,26734,11,,,1,6,,26782,11,,,1,6,,26783,11,,,1,5,,26784,11,,,1,6,,26785,11,,,1,45,,26786,11,,,1,7,,26796,11,,,1,5,,26802,11,,,1,4,,26787,11,,,1,233,,26788,11,,,1,5,,26789,11,,,1,5,,26790,11,,,1,45,,26791,11,,,1,5,,26803,11,,,1,5,,26792,11,,,1,7,,26793,11,,,1,8,,26794,11,,,1,12,,26795,11,,,1,12,,26759,11,,,1,52,,26760,11,,,1,11,,26754,11,,,1,12,,26780,11,,,1,12,,26763,11,,,1,12,,26749,11,,,1,52,,26727,11,,,1,12,,26799,11,,,1,12,,26732,11,,,1,11,,26800,11,,,1,13,,26740,11,,,1,52,,26761,11,,,1,14,,26801,11,,,1,12,,26737,11,,,1,15,,26781,11,,,1,14,,26779,11,,,1,55,,26724,11,,,1,15,,26713,11,,,1,15,,26729,11,,,1,14,,26762,11,,,1,55,,26736,11,,,1,15,,26766,11,,,1,15,,26778,11,,,1,15,,26717,11,,,1,55,,26714,11,,,1
40000,'Semaine-10-_26ÉTÉ-1111100-',546,,31063,11,,,1,55,,31069,11,,,1,15,,31092,11,,,1,15,,31107,11,,,1,15,,31097,11,,,1,57,,31155,11,,,1,10,,31127,11,,,1,10,,31079,11,,,1,10,,31126,11,,,1,14,,31121,11,,,1,55,,31122,11,,,1,11,,31077,11,,,1,12,,31099,11,,,1,12,,31101,11,,,1,12,,31148,11,,,1,51,,31118,11,,,1,11,,31072,11,,,1,12,,31081,11,,,1,10,,31067,11,,,1,9,,31070,11,,,1,10,,31123,11,,,1,50,,31089,11,,,1,10,,31102,11,,,1,10,,31095,11,,,1,10,,31096,11,,,1,11,,31128,11,,,1,9,,31108,11,,,1,50,,31119,11,,,1,10,,31073,11,,,1,11,,31082,11,,,1,9,,31071,11,,,1,10,,31149,11,,,1,10,,31124,11,,,1,50,,31090,11,,,1,10,,31103,11,,,1,10,,31094,11,,,1,10,,31086,11,,,1,10,,31115,11,,,1,10,,31098,11,,,1,5,,31109,11,,,1,45,,31120,11,,,1,11,,31074,11,,,1,10,,31084,11,,,1,10,,31076,11,,,1,10,,31066,11,,,1,10,,31125,11,,,1,50,,31106,11,,,1,10,,31104,11,,,1,7,,31116,11,,,1,6,,31093,11,,,1,6,,31085,11,,,1,6,,31133,11,,,1,6,,31134,11,,,1,5,,31135,11,,,1,6,,31136,11,,,1,45,,31137,11,,,1,7,,31147,11,,,1,5,,31153,11,,,1,4,,31138,11,,,1,233,,31139,11,,,1,5,,31140,11,,,1,5,,31141,11,,,1,45,,31142,11,,,1,5,,31154,11,,,1,5,,31143,11,,,1,7,,31144,11,,,1,8,,31145,11,,,1,12,,31146,11,,,1,12,,31110,11,,,1,52,,31111,11,,,1,11,,31105,11,,,1,12,,31131,11,,,1,12,,31114,11,,,1,12,,31100,11,,,1,52,,31078,11,,,1,12,,31150,11,,,1,12,,31083,11,,,1,11,,31151,11,,,1,13,,31091,11,,,1,52,,31112,11,,,1,14,,31152,11,,,1,12,,31088,11,,,1,15,,31132,11,,,1,14,,31130,11,,,1,55,,31075,11,,,1,15,,31064,11,,,1,15,,31080,11,,,1,14,,31113,11,,,1,55,,31087,11,,,1,15,,31117,11,,,1,15,,31129,11,,,1,15,,31068,11,,,1,55,,31065,11,,,1
