2001,'Semaine-4',1550,,32623,19,,,1,101,,32624,19,,,1,100,,32625,19,,,1
2601,'Semaine-4',619,,32655,34,,,1,30,,32657,34,,,1,72,,32658,34,,,2,33,,32656,34,,,1,73,,32654,34,,,1
2901,'Semaine-4',734,,32679,20,,,1,71,,32682,20,,,2,26,,32680,20,,,2,28,,32681,20,,,1
3201,'Semaine-4',535,,32943,32,,,1,21,,32942,32,,,1,59,,32934,32,,,1,20,,32944,32,,,1,9,,32924,32,,,1,9,,32945,32,,,1,52,,32925,32,,,2,10,,32926,32,,,1,11,,32918,32,,,1,9,,32921,32,,,1,7,,32947,32,,,1,9,,32927,32,,,1,49,,32922,32,,,1,9,,32935,32,,,1,8,,32917,32,,,2,6,,32928,32,,,1,8,,32946,32,,,1,8,,32916,32,,,1,11,,32915,32,,,1,51,,32920,32,,,1,4,,32923,32,,,1,10,,32929,32,,,2,21,,32903,32,,,2,70,,32913,33,,,1,30,,32906,33,,,1,70,,32909,33,,,2,30,,32902,33,,,2,70,,32912,33,,,1,30,,32907,33,,,1,70,,32914,33,,,1,31,,32896,33,,,1,69,,32901,33,,,1,31,,32908,33,,,1,70,,32919,33,,,1,30,,32936,33,,,1,70,,32937,33,,,1,30,,32938,33,,,2,70,,32939,33,,,2,31,,32940,33,,,1,69,,32941,33,,,1,30,,32899,33,,,2,70,,32897,33,,,1,35,,32910,33,,,1,62,,32905,33,,,1,30,,32900,33,,,2,70,,32898,33,,,1,30,,32911,33,,,1,69,,32904,33,,,1,30,,32931,33,,,2,70,,32930,33,,,1,30,,32932,33,,,1,70,,32933,33,,,1
3401,'Samedi-3',723,,33204,54,,,1,100,,33207,54,,,2,30,,33216,54,,,1,73,,33205,54,,,1,29,,33210,54,,,1,70,,33212,54,,,1,31,,33206,54,,,2,70,,33215,54,,,1,33,,33208,54,,,1,70,,33217,54,,,1,29,,33209,54,,,1,70,,33211,54,,,1,30,,33213,54,,,2,70,,33214,54,,,2,30,,33218,54,,,1,70,,33219,54,,,2,30,,33220,54,,,1,70,,33221,54,,,1,31,,33222,54,,,1,69,,33223,54,,,1,30,,33224,54,,,2,69,,33225,54,,,1,27,,33226,54,,,1,70,,33228,54,,,1,31,,33227,54,,,2,70,,33229,54,,,1,30,,33230,54,,,1,68,,33231,54,,,1,30,,33233,54,,,1,70,,33232,54,,,1,30,,33234,54,,,1,96,,33235,54,,,1
3401,'Dimanche-3',723,,33237,54,,,1,100,,33248,54,,,2,30,,33241,54,,,1,73,,33244,54,,,1,29,,33243,54,,,1,70,,33252,54,,,1,31,,33249,54,,,2,70,,33236,54,,,1,33,,33247,54,,,1,70,,33240,54,,,1,29,,33238,54,,,1,70,,33239,54,,,1,30,,33242,54,,,2,70,,33250,54,,,2,30,,33246,54,,,1,70,,33245,54,,,2,30,,33251,54,,,1,70,,33256,54,,,1,31,,33254,54,,,1,69,,33260,54,,,1,30,,33263,54,,,2,69,,33253,54,,,1,27,,33262,54,,,1,70,,33255,54,,,1,31,,33259,54,,,2,70,,33266,54,,,1,30,,33258,54,,,1,68,,33257,54,,,1,30,,33264,54,,,1,70,,33265,54,,,1,30,,33261,54,,,1,96,,33267,54,,,1
3401,'Semaine-4',933,,33293,53,,,1,68,,33273,53,,,1,30,,33277,54,,,1,70,,33297,54,,,1,30,,33270,54,,,1,70,,33274,54,,,1,30,,33278,54,,,1,70,,33268,54,,,1,30,,33271,54,,,1,70,,33275,54,,,1,31,,33279,54,,,1,70,,33272,54,,,1,31,,33294,54,,,1,72,,33269,54,,,1,32,,33295,54,,,1,71,,33296,54,,,2,29,,33290,54,,,1,67,,33286,54,,,1,27,,33276,54,,,1,69,,33283,54,,,1,29,,33292,54,,,1,29,,33280,54,,,1,70,,33282,54,,,1,30,,33284,54,,,1,70,,33288,54,,,1,30,,33281,54,,,1,70,,33287,54,,,1,28,,33285,54,,,1,70,,33289,54,,,1,30,,33291,54,,,1
3501,'Semaine-4',557,,33360,26,,,1,375,,33344,26,,,2,70,,33346,26,,,1,30,,33337,26,,,1,70,,33343,26,,,1,30,,33353,26,,,1,70,,33336,26,,,1,30,,33350,26,,,1,70,,33352,26,,,1,30,,33355,26,,,1,70,,33340,26,,,1,32,,33364,26,,,2,67,,33354,26,,,2,37,,33339,26,,,2,70,,33366,26,,,1,28,,33361,26,,,2,70,,33345,26,,,1,27,,33348,26,,,2,78,,33367,26,,,2,22,,33356,26,,,1,98,,33349,26,,,1,103,,33347,26,,,1,100,,33365,26,,,1,97,,33359,26,,,1,108,,33341,26,,,1
3601,'Semaine-4',912,,33377,42,,,1,90,,33375,43,,,1,100,,33378,43,,,1,101,,33376,43,,,1,100,,33381,43,,,1,100,,33380,43,,,1,101,,33379,43,,,1
3701,'Samedi-3',709,,33448,35,,,1,100,,33453,35,,,1,100,,33447,35,,,1,102,,33452,35,,,1,101,,33449,35,,,1,99,,33450,35,,,1,100,,33454,35,,,1,103,,33451,35,,,1,100,,33455,35,,,1,100,,33456,35,,,1,100,,33457,35,,,1,96,,33458,35,,,1,100,,33459,35,,,1,102,,33460,35,,,1,98,,33461,35,,,1,96,,33462,35,,,1,98,,33463,35,,,1
3701,'Dimanche-3',709,,33464,35,,,1,100,,33468,35,,,1,100,,33469,35,,,1,102,,33471,35,,,1,101,,33470,35,,,1,99,,33466,35,,,1,100,,33465,35,,,1,103,,33467,35,,,1,100,,33472,35,,,1,100,,33476,35,,,1,100,,33479,35,,,1,96,,33473,35,,,1,100,,33474,35,,,1,102,,33480,35,,,1,98,,33478,35,,,1,96,,33475,35,,,1,98,,33477,35,,,1
3701,'Semaine-4',536,,33494,34,,,1,71,,33492,34,,,1,35,,33496,34,,,1,66,,33486,34,,,1,36,,33503,34,,,1,60,,33483,34,,,1,12,,33504,34,,,1,26,,33485,34,,,1,101,,33502,34,,,1,98,,33490,35,,,1,102,,33484,35,,,1,100,,33482,35,,,1,100,,33487,35,,,1,102,,33498,35,,,1,100,,33481,35,,,1,71,,33497,35,,,1,30,,33500,35,,,1,70,,33495,35,,,1,30,,33501,35,,,1,68,,33505,35,,,1,45,,33489,35,,,1,99,,33499,35,,,1,100,,33491,35,,,1,100,,33488,35,,,1,95,,33493,35,,,1
3801,'Samedi-3',724,,33618,22,,,1,30,,33614,22,,,1,70,,33626,22,,,1,31,,33619,22,,,1,69,,33615,22,,,1,32,,33627,22,,,1,68,,33620,22,,,1,33,,33624,22,,,1,66,,33616,22,,,1,34,,33621,22,,,1,70,,33625,22,,,1,30,,33617,22,,,1,70,,33622,22,,,1,32,,33623,22,,,1,68,,33628,22,,,1,32,,33629,22,,,1,68,,33630,22,,,1,32,,33631,22,,,1,68,,33632,22,,,1,31,,33633,22,,,1,69,,33634,22,,,1,30,,33635,22,,,1,66,,33636,22,,,1,32,,33638,22,,,1,69,,33637,22,,,1,31,,33640,22,,,1,69,,33639,22,,,1,31,,33641,22,,,1,69,,33642,22,,,1,30,,33646,22,,,1,70,,33643,22,,,1,30,,33644,22,,,1,71,,33645,22,,,1
3801,'Dimanche-3',724,,33654,22,,,1,30,,33650,22,,,1,70,,33661,22,,,1,31,,33653,22,,,1,69,,33647,22,,,1,32,,33662,22,,,1,68,,33656,22,,,1,33,,33648,22,,,1,66,,33660,22,,,1,34,,33655,22,,,1,70,,33649,22,,,1,30,,33651,22,,,1,70,,33652,22,,,1,32,,33658,22,,,1,68,,33664,22,,,1,32,,33665,22,,,1,68,,33659,22,,,1,32,,33663,22,,,1,68,,33669,22,,,1,31,,33674,22,,,1,69,,33675,22,,,1,30,,33670,22,,,1,66,,33657,22,,,1,32,,33672,22,,,1,69,,33667,22,,,1,31,,33668,22,,,1,69,,33671,22,,,1,31,,33673,22,,,1,69,,33677,22,,,1,30,,33676,22,,,1,70,,33666,22,,,1,30,,33678,22,,,1,71,,33679,22,,,1
3801,'Semaine-4',932,,33703,22,,,1,19,,33686,22,,,1,60,,33712,22,,,1,20,,33697,22,,,1,20,,33689,22,,,1,61,,33704,22,,,1,20,,33687,22,,,1,20,,33711,22,,,1,60,,33717,22,,,1,22,,33690,22,,,1,20,,33719,22,,,1,62,,33705,22,,,1,18,,33710,22,,,1,18,,33698,22,,,1,60,,33691,22,,,1,20,,33706,22,,,1,21,,33720,22,,,1,62,,33693,22,,,1,22,,33699,22,,,1,70,,33713,22,,,1,31,,33688,22,,,1,69,,33695,22,,,1,28,,33685,22,,,1,70,,33721,22,,,1,17,,33682,22,,,1,21,,33715,22,,,1,69,,33684,22,,,1,30,,33694,22,,,1,70,,33702,22,,,1,30,,33709,22,,,1,70,,33692,22,,,1,30,,33700,22,,,1,69,,33701,22,,,1,29,,33681,22,,,1,85,,33683,22,,,1
4001,'Semaine-4',635,,33898,52,,,1,72,,33897,52,,,1,33,,33900,52,,,2,74,,33896,52,,,2,24,,33895,52,,,1,68,,33899,52,,,1
4101,'Semaine-4',700,,33908,43,,,1,32,,33909,43,,,2,72,,33910,43,,,2,30,,33907,43,,,1,68,,33906,43,,,1
4501,'Semaine-4',649,,33921,46,,,1,71,,33925,46,,,1,34,,33924,46,,,2,70,,33923,46,,,1,25,,33926,46,,,2,70,,33922,46,,,1
4701,'Semaine-4',636,,33932,39,,,2,88,,33933,39,,,1,88,,33930,39,,,2,26,,33931,39,,,1
5501,'Samedi-3',721,,34319,52,,,1,30,,34322,52,,,1,70,,34321,52,,,1,30,,34331,52,,,1,70,,34320,52,,,1,31,,34323,52,,,1,70,,34324,52,,,1,30,,34330,52,,,1,73,,34326,52,,,1,30,,34327,52,,,1,71,,34325,52,,,1,28,,34333,52,,,1,70,,34332,52,,,1,30,,34328,52,,,1,70,,34329,52,,,1,30,,34334,52,,,1,70,,34335,52,,,1,30,,34336,52,,,1,70,,34337,52,,,1,30,,34338,52,,,1,70,,34339,52,,,1,30,,34340,52,,,1,70,,34341,52,,,1,27,,34342,52,,,1,70,,34343,52,,,1,30,,34344,52,,,1,70,,34345,52,,,1,28,,34346,52,,,1,70,,34347,52,,,1,30,,34349,52,,,1,68,,34348,52,,,1,32,,34351,52,,,1,68,,34350,52,,,1
5501,'Dimanche-3',721,,34353,52,,,1,30,,34358,52,,,1,70,,34354,52,,,1,30,,34362,52,,,1,70,,34365,52,,,1,31,,34357,52,,,1,70,,34369,52,,,1,30,,34363,52,,,1,73,,34364,52,,,1,30,,34355,52,,,1,71,,34352,52,,,1,28,,34359,52,,,1,70,,34366,52,,,1,30,,34356,52,,,1,70,,34367,52,,,1,30,,34361,52,,,1,70,,34360,52,,,1,30,,34370,52,,,1,70,,34374,52,,,1,30,,34368,52,,,1,70,,34371,52,,,1,30,,34381,52,,,1,70,,34378,52,,,1,27,,34383,52,,,1,70,,34384,52,,,1,30,,34372,52,,,1,70,,34375,52,,,1,28,,34373,52,,,1,70,,34376,52,,,1,30,,34377,52,,,1,68,,34380,52,,,1,31,,34382,52,,,1,69,,34379,52,,,1
5501,'Semaine-4',537,,34398,52,,,1,15,,34405,52,,,1,54,,34404,50,,,1,18,,34388,50,,,1,16,,34426,50,,,1,61,,34425,50,,,1,9,,34385,50,,,1,15,,34430,50,,,1,15,,34411,50,,,1,15,,34419,50,,,1,55,,34389,50,,,1,9,,34393,50,,,1,12,,34391,50,,,1,9,,34420,50,,,1,4,,34422,50,,,1,13,,34399,50,,,1,69,,34403,50,,,1,10,,34390,50,,,1,11,,34424,50,,,1,71,,34417,52,,,1,23,,34429,19,,,1,8,,34421,52,,,1,69,,34387,52,,,1,28,,34394,52,,,1,71,,34407,52,,,1,29,,34418,52,,,1,70,,34414,52,,,1,30,,34395,52,,,1,70,,34427,52,,,1,30,,34386,52,,,1,74,,34392,52,,,1,90,,34396,52,,,1,97,,34401,52,,,1,100,,34406,52,,,1,99,,34423,52,,,1,20,,34412,52,,,1,30,,34400,52,,,1,70,,34416,52,,,1,30,,34409,52,,,1,70,,34428,52,,,1,30,,34402,52,,,1,70,,34408,52,,,1,29,,34410,52,,,1,70,,34397,52,,,1,28,,34415,52,,,1,70,,34413,52,,,1
5901,'Samedi-3',732,,34577,41,,,1,70,,34584,41,,,1,32,,34581,41,,,1,70,,34586,41,,,1,30,,34578,41,,,1,70,,34583,41,,,1,31,,34582,41,,,1,70,,34585,41,,,1,30,,34589,41,,,1,71,,34590,41,,,1,30,,34579,41,,,1,70,,34580,41,,,1,30,,34588,41,,,1,70,,34587,41,,,1,30,,34591,41,,,1,70,,34592,41,,,1,30,,34593,41,,,1,70,,34594,41,,,1,30,,34595,41,,,1,70,,34596,41,,,1,30,,34597,41,,,1,70,,34598,41,,,1,30,,34599,41,,,1,67,,34600,41,,,1,30,,34601,41,,,1,71,,34603,41,,,1,30,,34602,41,,,1,68,,34604,41,,,1,30,,34605,41,,,1,70,,34606,41,,,1,30,,34608,41,,,1,68,,34607,41,,,1
5901,'Dimanche-3',732,,34615,41,,,1,70,,34618,41,,,1,32,,34620,41,,,1,70,,34611,41,,,1,30,,34614,41,,,1,70,,34617,41,,,1,31,,34621,41,,,1,70,,34609,41,,,1,30,,34612,41,,,1,71,,34626,41,,,1,30,,34619,41,,,1,70,,34610,41,,,1,30,,34613,41,,,1,70,,34616,41,,,1,30,,34623,41,,,1,70,,34622,41,,,1,30,,34625,41,,,1,70,,34627,41,,,1,30,,34624,41,,,1,70,,34633,41,,,1,30,,34634,41,,,1,70,,34630,41,,,1,30,,34629,41,,,1,67,,34639,41,,,1,30,,34636,41,,,1,71,,34637,41,,,1,30,,34628,41,,,1,68,,34631,41,,,1,30,,34635,41,,,1,70,,34632,41,,,1,30,,34638,41,,,1,68,,34640,41,,,1
5901,'Semaine-4',531,,34645,41,,,1,13,,34681,41,,,1,56,,34654,41,,,1,15,,34675,39,,,1,17,,34655,39,,,1,15,,34644,39,,,1,6,,34646,39,,,1,63,,34649,39,,,1,7,,34684,17,,,1,11,,34685,17,,,1,9,,34652,39,,,1,5,,34686,17,,,1,53,,34653,39,,,1,14,,34648,39,,,1,10,,34677,39,,,1,9,,34663,39,,,1,6,,34668,39,,,1,13,,34642,39,,,1,52,,34658,39,,,1,13,,34643,39,,,1,12,,34661,39,,,1,72,,34687,39,,,1,29,,34682,41,,,1,70,,34669,41,,,1,30,,34651,41,,,1,70,,34662,41,,,1,30,,34665,41,,,1,70,,34650,41,,,1,31,,34679,41,,,1,69,,34641,41,,,1,30,,34683,41,,,1,70,,34673,41,,,1,39,,34676,41,,,1,100,,34680,41,,,1,100,,34660,41,,,1,96,,34667,41,,,1,75,,34672,41,,,1,30,,34659,41,,,1,70,,34666,41,,,1,30,,34671,41,,,1,69,,34678,41,,,1,30,,34656,41,,,1,70,,34674,41,,,1,29,,34664,41,,,1,70,,34647,41,,,1,30,,34657,41,,,1,70,,34670,41,,,1
32901,'Semaine-4',1703,,36466,48,4,,1
37101,'Samedi-3',741,,36531,36,,,1,99,,36530,36,,,1,104,,36534,36,,,1,100,,36533,36,,,1,99,,36535,36,,,1,102,,36532,36,,,1,101,,36536,36,,,1,100,,36537,36,,,1,98,,36538,36,,,1,100,,36539,36,,,1,98,,36540,36,,,1,100,,36541,36,,,1,100,,36542,36,,,1,98,,36543,36,,,1,100,,36544,36,,,1,97,,36545,36,,,1,100,,36546,36,,,1
37101,'Dimanche-3',741,,36550,36,,,1,99,,36547,36,,,1,104,,36551,36,,,1,100,,36548,36,,,1,99,,36554,36,,,1,102,,36549,36,,,1,101,,36552,36,,,1,100,,36557,36,,,1,98,,36553,36,,,1,100,,36558,36,,,1,98,,36563,36,,,1,100,,36555,36,,,1,100,,36556,36,,,1,98,,36560,36,,,1,100,,36562,36,,,1,97,,36559,36,,,1,100,,36561,36,,,1
37101,'Semaine-4',549,,36580,36,,,1,70,,36583,35,,,1,32,,36576,35,,,1,70,,36578,35,,,1,34,,36588,35,,,1,70,,36587,35,,,1,28,,36582,35,,,1,70,,36566,35,,,1,98,,36573,36,,,1,101,,36571,36,,,1,102,,36572,36,,,1,100,,36586,36,,,1,104,,36569,36,,,1,98,,36570,36,,,1,32,,36567,36,,,1,70,,36574,36,,,1,28,,36584,36,,,1,69,,36585,36,,,1,30,,36564,36,,,1,80,,36568,36,,,1,93,,36579,36,,,1,100,,36581,36,,,1,100,,36565,36,,,1,99,,36575,36,,,1,183,,36577,36,,,1
40001,'Samedi-3',644,,36828,14,,,1,15,,36831,14,,,1,55,,36833,14,,,1,15,,36829,14,,,1,15,,36830,14,,,1,15,,36832,14,,,1,56,,36838,14,,,1,15,,36845,14,,,1,15,,36836,14,,,1,14,,36856,14,,,1,55,,36834,14,,,1,15,,36835,14,,,1,15,,36844,14,,,1,56,,36837,14,,,1,15,,36839,14,,,1,15,,36847,14,,,1,15,,36848,14,,,1,55,,36849,14,,,1,15,,36855,14,,,1,16,,36854,14,,,1,15,,36858,14,,,1,55,,36841,14,,,1,14,,36840,14,,,1,15,,36843,14,,,1,15,,36846,14,,,1,55,,36842,14,,,1,15,,36851,14,,,1,15,,36853,14,,,1,16,,36859,14,,,1,55,,36850,14,,,1,15,,36852,14,,,1,15,,36857,14,,,1,15,,36860,14,,,1,55,,36861,14,,,1,15,,36862,14,,,1,15,,36863,14,,,1,15,,36864,14,,,1,55,,36865,14,,,1,15,,36866,14,,,1,15,,36867,14,,,1,15,,36868,14,,,1,55,,36869,14,,,1,15,,36870,14,,,1,15,,36871,14,,,1,15,,36872,14,,,1,55,,36873,14,,,1,15,,36874,14,,,1,16,,36877,14,,,1,17,,36875,14,,,1,54,,36876,14,,,1,12,,36879,14,,,1,16,,36878,14,,,1,14,,36883,14,,,1,56,,36881,14,,,1,15,,36882,14,,,1,15,,36880,14,,,1,15,,36884,14,,,1,55,,36886,14,,,1,15,,36887,14,,,1,15,,36888,14,,,1,15,,36885,14,,,1,56,,36891,14,,,1,13,,36890,14,,,1,15,,36889,14,,,1,15,,36892,14,,,1,55,,36893,14,,,1,15,,36894,14,,,1,15,,36895,14,,,1,14,,36897,14,,,1,15,,36896,14,,,1,56,,36899,14,,,1,15,,36898,14,,,1,15,,36900,14,,,1
40001,'Dimanche-3',644,,36901,14,,,1,15,,36904,14,,,1,55,,36912,14,,,1,15,,36917,14,,,1,15,,36902,14,,,1,15,,36907,14,,,1,56,,36913,14,,,1,15,,36923,14,,,1,15,,36903,14,,,1,14,,36905,14,,,1,55,,36911,14,,,1,15,,36916,14,,,1,15,,36919,14,,,1,56,,36908,14,,,1,15,,36932,14,,,1,15,,36924,14,,,1,15,,36914,14,,,1,55,,36925,14,,,1,15,,36928,14,,,1,16,,36937,14,,,1,15,,36906,14,,,1,55,,36934,14,,,1,14,,36933,14,,,1,15,,36935,14,,,1,15,,36915,14,,,1,55,,36909,14,,,1,15,,36938,14,,,1,15,,36936,14,,,1,16,,36921,14,,,1,55,,36918,14,,,1,15,,36926,14,,,1,15,,36931,14,,,1,15,,36942,14,,,1,55,,36910,14,,,1,15,,36939,14,,,1,15,,36929,14,,,1,15,,36922,14,,,1,55,,36920,14,,,1,15,,36927,14,,,1,15,,36930,14,,,1,15,,36949,14,,,1,55,,36953,14,,,1,15,,36945,14,,,1,15,,36962,14,,,1,15,,36941,14,,,1,55,,36956,14,,,1,15,,36946,14,,,1,16,,36963,14,,,1,17,,36950,14,,,1,54,,36954,14,,,1,12,,36969,14,,,1,16,,36961,14,,,1,14,,36940,14,,,1,56,,36955,14,,,1,15,,36960,14,,,1,15,,36964,14,,,1,15,,36943,14,,,1,55,,36948,14,,,1,15,,36952,14,,,1,15,,36958,14,,,1,15,,36973,14,,,1,55,,36966,14,,,1,14,,36959,14,,,1,15,,36968,14,,,1,15,,36971,14,,,1,55,,36947,14,,,1,15,,36951,14,,,1,15,,36957,14,,,1,15,,36972,14,,,1,14,,36965,14,,,1,56,,36944,14,,,1,15,,36967,14,,,1,15,,36970,14,,,1
40001,'Semaine-4',517,,37044,14,,,1,10,,37045,14,,,1,10,,37046,14,,,1,10,,37047,14,,,1,10,,37048,14,,,1,50,,37049,14,,,1,5,,37050,14,,,1,5,,37051,14,,,1,5,,37052,14,,,1,5,,37058,14,,,1,232,,37053,14,,,1,48,,37054,12,,,1,6,,37055,14,,,1,10,,37056,14,,,1,11,,37057,14,,,1,10,,37003,14,,,1,10,,36988,14,,,1,50,,37013,14,,,1,10,,37014,14,,,1,10,,37060,14,,,1,10,,36978,14,,,1,12,,37061,14,,,1,9,,36976,14,,,1,52,,37010,14,,,1,8,,37030,14,,,1,10,,36997,14,,,1,9,,37005,14,,,1,11,,37002,14,,,1,10,,36980,14,,,1,50,,37041,14,,,1,10,,37015,14,,,1,10,,37027,14,,,1,10,,36979,14,,,1,10,,36989,14,,,1,10,,36982,14,,,1,50,,36998,14,,,1,10,,37031,14,,,1,10,,37012,14,,,1,10,,37006,14,,,1,13,,37001,14,,,1,7,,36994,14,,,1,50,,37037,14,,,1,9,,37016,14,,,1,10,,37028,14,,,1,10,,37043,14,,,1,10,,36991,14,,,1,13,,36974,14,,,1,50,,37033,14,,,1,9,,37032,14,,,1,10,,37017,14,,,1,10,,37007,14,,,1,5,,36999,10,,,1,7,,36984,14,,,1,52,,37035,14,,,1,13,,37042,14,,,1,5,,37059,10,,,1,9,,37029,14,,,1,9,,37064,14,,,1,12,,37009,14,,,1,52,,37038,14,,,1,12,,37062,14,,,1,12,,37022,14,,,1,13,,37000,14,,,1,11,,36985,14,,,1,52,,36990,14,,,1,12,,37063,14,,,1,12,,36992,14,,,1,12,,37018,14,,,1,12,,37008,14,,,1,10,,37039,14,,,1,52,,37025,14,,,1,15,,37004,14,,,1,10,,36986,14,,,1,11,,37026,14,,,1,12,,37066,14,,,1,50,,37065,14,,,1,12,,36993,14,,,1,12,,37019,14,,,1,12,,36996,14,,,1,12,,37040,14,,,1,52,,37023,14,,,1,13,,36981,14,,,1,15,,37067,14,,,1,15,,36987,14,,,1,55,,36983,14,,,1,15,,37034,14,,,1,13,,37020,14,,,1,13,,36995,14,,,1,57,,37024,14,,,1,15,,37036,14,,,1,15,,36977,14,,,1,15,,36975,14,,,1,55,,37011,14,,,1,30,,37021,14,,,1
43701,'Semaine-4',1524,,37087,36,0,9 14,1
65501,'Semaine-4',1532,,37125,40,4,,1
