9301,'Semaine-1-_26ÉTÉ-1111100-',553,,43696,11,,,1,60,,43694,11,,,1,20,,43693,11,,,1,71,,43697,11,,,2,30,,43695,11,,,1
9301,'Semaine-10-_26ÉTÉ-1111100-',553,,43701,11,,,1,60,,43699,11,,,1,20,,43698,11,,,1,71,,43702,11,,,2,30,,43700,11,,,1
9301,'Semaine-11-_26ÉTÉ-1111100-',553,,48138,11,,,1,60,,48136,11,,,1,20,,48135,11,,,1,71,,48139,11,,,2,30,,48137,11,,,1
9401,'Semaine-1-_26ÉTÉ-1111100-',534,,43703,11,,,1
9401,'Semaine-10-_26ÉTÉ-1111100-',534,,43704,11,,,1
9401,'Semaine-11-_26ÉTÉ-1111100-',534,,48140,11,,,1
9701,'Samedi-0-_26ÉTÉ-0000010-',757,,43834,56,,,2,100,,43837,56,,,1,101,,43835,56,,,2,100,,43838,56,,,2,99,,43832,56,,,1,100,,43833,56,,,1,101,,43836,56,,,2,100,,43839,56,,,2,100,,43840,56,,,1,100,,43841,56,,,2,100,,43842,56,,,2,100,,43843,56,,,1,100,,43847,56,,,1,100,,43844,56,,,1,99,,43845,56,,,1,100,,43846,56,,,1
9701,'Samedi-10-_26ÉTÉ-0000010-',757,,48198,56,,,2,100,,48201,56,,,1,101,,48199,56,,,2,100,,48202,56,,,2,99,,48196,56,,,1,100,,48197,56,,,1,101,,48200,56,,,2,100,,48203,56,,,2,100,,48204,56,,,1,100,,48205,56,,,2,100,,48206,56,,,2,100,,48207,56,,,1,100,,48211,56,,,1,100,,48208,56,,,1,99,,48209,56,,,1,100,,48210,56,,,1
9701,'Dimanche-0-_26ÉTÉ-0000001-',757,,43854,56,,,2,100,,43851,56,,,1,101,,43852,56,,,2,100,,43855,56,,,2,99,,43850,56,,,1,100,,43849,56,,,1,101,,43848,56,,,2,100,,43853,56,,,2,100,,43857,56,,,1,100,,43856,56,,,2,100,,43861,56,,,2,100,,43862,56,,,1,100,,43863,56,,,1,100,,43858,56,,,1,99,,43859,56,,,1,100,,43860,56,,,1
9701,'Dimanche-10-_26ÉTÉ-0000001-',757,,43870,56,,,2,100,,43867,56,,,1,101,,43868,56,,,2,100,,43871,56,,,2,99,,43866,56,,,1,100,,43865,56,,,1,101,,43864,56,,,2,100,,43869,56,,,2,100,,43873,56,,,1,100,,43872,56,,,2,100,,43877,56,,,2,100,,43878,56,,,1,100,,43879,56,,,1,100,,43874,56,,,1,99,,43875,56,,,1,100,,43876,56,,,1
9701,'Semaine-1-_26ÉTÉ-1111100-',639,,43894,56,,,1,99,,43887,56,,,2,111,,43896,56,,,1,103,,43885,56,,,2,99,,43882,56,,,1,100,,43895,56,,,2,98,,43890,56,,,2,101,,43886,56,,,1,101,,43892,56,,,2,103,,43880,56,,,1,97,,43883,56,,,1,99,,43891,56,,,1,97,,43893,56,,,2,95,,43884,56,,,2,97,,43888,56,,,1,100,,43881,56,,,2,100,,43889,56,,,1
9701,'Semaine-10-_26ÉTÉ-1111100-',639,,43911,56,,,1,99,,43904,56,,,2,111,,43913,56,,,1,103,,43902,56,,,2,99,,43899,56,,,1,100,,43912,56,,,2,98,,43907,56,,,2,101,,43903,56,,,1,101,,43909,56,,,2,103,,43897,56,,,1,97,,43900,56,,,1,99,,43908,56,,,1,97,,43910,56,,,2,95,,43901,56,,,2,97,,43905,56,,,1,100,,43898,56,,,2,100,,43906,56,,,1
9701,'Semaine-11-_26ÉTÉ-1111100-',639,,48226,56,,,1,99,,48219,56,,,2,111,,48228,56,,,1,103,,48217,56,,,2,99,,48214,56,,,1,100,,48227,56,,,2,98,,48222,56,,,2,101,,48218,56,,,1,101,,48224,56,,,2,103,,48212,56,,,1,97,,48215,56,,,1,99,,48223,56,,,1,97,,48225,56,,,2,95,,48216,56,,,2,97,,48220,56,,,1,100,,48213,56,,,2,100,,48221,56,,,1
