6601,'Samedi-0-_26ÉTÉ-0000010-',652,,41664,17,,,1,100,,41666,17,,,1,100,,41670,17,,,1,100,,41667,17,,,2,100,,41671,17,,,1,100,,41665,17,,,1,100,,41668,17,,,1,100,,41669,17,,,1,100,,41672,17,,,2,100,,41673,17,,,1,100,,41674,17,,,1,100,,41675,17,,,1,100,,41676,17,,,1,100,,41678,17,,,1,100,,41677,17,,,1,100,,41679,17,,,1,100,,41680,17,,,1,100,,41681,17,,,2
6601,'Dimanche-0-_26ÉTÉ-0000001-',652,,41683,17,,,1,100,,41687,17,,,1,100,,41688,17,,,1,100,,41689,17,,,2,100,,41691,17,,,1,100,,41682,17,,,1,100,,41690,17,,,1,100,,41684,17,,,1,100,,41685,17,,,2,100,,41686,17,,,1,100,,41695,17,,,1,100,,41697,17,,,1,100,,41693,17,,,1,100,,41694,17,,,1,100,,41692,17,,,1,100,,41696,17,,,1,100,,41698,17,,,1,100,,41699,17,,,2
6601,'Dimanche-10-_26ÉTÉ-0000001-',652,,41701,17,,,1,100,,41705,17,,,1,100,,41706,17,,,1,100,,41707,17,,,2,100,,41709,17,,,1,100,,41700,17,,,1,100,,41708,17,,,1,100,,41702,17,,,1,100,,41703,17,,,2,100,,41704,17,,,1,100,,41713,17,,,1,100,,41715,17,,,1,100,,41711,17,,,1,100,,41712,17,,,1,100,,41710,17,,,1,100,,41714,17,,,1,100,,41716,17,,,1,100,,41717,17,,,2
6601,'Dimanche-11-_26ÉTÉ-0000001-',652,,49432,17,,,1,100,,49436,17,,,1,100,,49437,17,,,1,100,,49438,17,,,2,100,,49440,17,,,1,100,,49431,17,,,1,100,,49439,17,,,1,100,,49433,17,,,1,100,,49434,17,,,2,100,,49435,17,,,1,100,,49444,17,,,1,100,,49446,17,,,1,100,,49442,17,,,1,100,,49443,17,,,1,100,,49441,17,,,1,100,,49445,17,,,1,100,,49447,17,,,1,100,,49448,17,,,2
6601,'Semaine-1-_26ÉTÉ-1111100-',542,,41727,17,,,2,60,,41720,17,,,2,20,,41729,17,,,2,16,,41735,17,,,1,20,,41730,17,,,2,60,,41721,17,,,2,20,,41733,17,,,2,20,,41726,17,,,2,60,,41742,17,,,1,20,,41719,17,,,2,20,,41732,17,,,2,60,,41743,17,,,2,20,,41751,17,,,2,102,,41731,17,,,1,100,,41723,17,,,2,100,,41747,17,,,1,100,,41748,17,,,2,101,,41734,17,,,2,63,,41722,17,,,2,19,,41739,17,,,2,17,,41736,17,,,1,61,,41749,17,,,2,20,,41718,17,,,1,20,,41744,17,,,2,60,,41737,17,,,2,21,,41750,17,,,2,19,,41740,17,,,1,60,,41745,17,,,2,20,,41738,17,,,1,20,,41746,17,,,2,18,,41752,17,,,1,100,,41725,17,,,1,100,,41724,17,,,1,95,,41728,17,,,1,100,,41741,17,,,1
6601,'Semaine-10-_26ÉTÉ-1111100-',542,,41762,17,,,2,60,,41755,17,,,2,20,,41764,17,,,2,16,,41770,17,,,1,20,,41765,17,,,2,60,,41756,17,,,2,20,,41768,17,,,2,20,,41761,17,,,2,60,,41777,17,,,1,20,,41754,17,,,2,20,,41767,17,,,2,60,,41778,17,,,2,20,,41786,17,,,2,102,,41766,17,,,1,100,,41758,17,,,2,100,,41782,17,,,1,100,,41783,17,,,2,101,,41769,17,,,2,63,,41757,17,,,2,19,,41774,17,,,2,17,,41771,17,,,1,61,,41784,17,,,2,20,,41753,17,,,1,20,,41779,17,,,2,60,,41772,17,,,2,21,,41785,17,,,2,19,,41775,17,,,1,60,,41780,17,,,2,20,,41773,17,,,1,20,,41781,17,,,2,18,,41787,17,,,1,100,,41760,17,,,1,100,,41759,17,,,1,95,,41763,17,,,1,100,,41776,17,,,1
6601,'Semaine-11-_26ÉTÉ-1111100-',542,,47272,17,,,2,60,,47265,17,,,2,20,,47274,17,,,2,16,,47280,17,,,1,20,,47275,17,,,2,60,,47266,17,,,2,20,,47278,17,,,2,20,,47271,17,,,2,60,,47287,17,,,1,20,,47264,17,,,2,20,,47277,17,,,2,60,,47288,17,,,2,20,,47296,17,,,2,102,,47276,17,,,1,100,,47268,17,,,2,100,,47292,17,,,1,100,,47293,17,,,2,101,,47279,17,,,2,63,,47267,17,,,2,19,,47284,17,,,2,17,,47281,17,,,1,61,,47294,17,,,2,20,,47263,17,,,1,20,,47289,17,,,2,60,,47282,17,,,2,21,,47295,17,,,2,19,,47285,17,,,1,60,,47290,17,,,2,20,,47283,17,,,1,20,,47291,17,,,2,18,,47297,17,,,1,100,,47270,17,,,1,100,,47269,17,,,1,95,,47273,17,,,1,100,,47286,17,,,1
6601,'Semaine-12-_26ÉTÉ-1111100-',542,,53679,17,,,2,60,,53672,17,,,2,20,,53681,17,,,2,16,,53687,17,,,1,20,,53682,17,,,2,60,,53673,17,,,2,20,,53685,17,,,2,20,,53678,17,,,2,60,,53694,17,,,1,20,,53671,17,,,2,20,,53684,17,,,2,60,,53695,17,,,2,20,,53703,17,,,2,102,,53683,17,,,1,100,,53675,17,,,2,100,,53699,17,,,1,100,,53700,17,,,2,101,,53686,17,,,2,63,,53674,17,,,2,19,,53691,17,,,2,17,,53688,17,,,1,61,,53701,17,,,2,20,,53670,17,,,1,20,,53696,17,,,2,60,,53689,17,,,2,21,,53702,17,,,2,19,,53692,17,,,1,60,,53697,17,,,2,20,,53690,17,,,1,20,,53698,17,,,2,18,,53704,17,,,1,100,,53677,17,,,1,100,,53676,17,,,1,95,,53680,17,,,1,100,,53693,17,,,1
6601,'Semaine-5-_26ÉTÉ-1111100-',542,,51246,17,,,2,60,,51239,17,,,2,20,,51248,17,,,2,16,,51254,17,,,1,20,,51249,17,,,2,60,,51240,17,,,2,20,,51252,17,,,2,20,,51245,17,,,2,60,,51261,17,,,1,20,,51238,17,,,2,20,,51251,17,,,2,60,,51262,17,,,2,20,,51270,17,,,2,102,,51250,17,,,1,100,,51242,17,,,2,100,,51266,17,,,1,100,,51267,17,,,2,101,,51253,17,,,2,63,,51241,17,,,2,19,,51258,17,,,2,17,,51255,17,,,1,61,,51268,17,,,2,20,,51237,17,,,1,20,,51263,17,,,2,60,,51256,17,,,2,21,,51269,17,,,2,19,,51259,17,,,1,60,,51264,17,,,2,20,,51257,17,,,1,20,,51265,17,,,2,18,,51271,17,,,1,100,,51244,17,,,1,100,,51243,17,,,1,95,,51247,17,,,1,100,,51260,17,,,1
56601,'Semaine-5-_26ÉTÉ-1111100-',649,,52279,6,,,1
