4500,'Semaine-1-_26ÉTÉ-1111100-',1519,,39630,27,,,1,35,,39625,27,,,2,72,,39626,27,,,2,30,,39628,27,,,1,69,,39629,27,,,1,25,,39627,27,,,2
4500,'Semaine-10-_26ÉTÉ-1111100-',1519,,39636,27,,,1,35,,39631,27,,,2,72,,39632,27,,,2,30,,39634,27,,,1,69,,39635,27,,,1,25,,39633,27,,,2
4500,'Semaine-11-_26ÉTÉ-1111100-',1519,,46378,27,,,1,35,,46373,27,,,2,72,,46374,27,,,2,30,,46376,27,,,1,69,,46377,27,,,1,25,,46375,27,,,2
5200,'Samedi-0-_26ÉTÉ-0000010-',636,,39909,13,,,1,100,,39910,13,,,2,100,,39911,13,,,1,101,,39912,13,,,2,100,,39913,13,,,1,101,,39914,13,,,1,101,,39915,13,,,2,100,,39916,13,,,2,99,,39917,13,,,1,100,,39918,13,,,2,100,,39919,13,,,1,100,,39920,13,,,1,99,,39921,13,,,1,100,,39924,13,,,1,100,,39922,13,,,1,100,,39923,13,,,2,98,,39925,13,,,2,100,,39926,13,,,1
5200,'Samedi-10-_26ÉTÉ-0000010-',636,,46498,13,,,1,100,,46499,13,,,2,100,,46500,13,,,1,101,,46501,13,,,2,100,,46502,13,,,1,101,,46503,13,,,1,101,,46504,13,,,2,100,,46505,13,,,2,99,,46506,13,,,1,100,,46507,13,,,2,100,,46508,13,,,1,100,,46509,13,,,1,99,,46510,13,,,1,100,,46513,13,,,1,100,,46511,13,,,1,100,,46512,13,,,2,98,,46514,13,,,2,100,,46515,13,,,1
5200,'Dimanche-0-_26ÉTÉ-0000001-',636,,39928,13,,,1,100,,39927,13,,,2,100,,39929,13,,,1,101,,39930,13,,,2,100,,39932,13,,,1,101,,39937,13,,,1,101,,39931,13,,,2,100,,39934,13,,,2,99,,39935,13,,,1,100,,39933,13,,,2,100,,39936,13,,,1,100,,39943,13,,,1,99,,39942,13,,,1,100,,39938,13,,,1,100,,39944,13,,,1,100,,39941,13,,,2,98,,39940,13,,,2,100,,39939,13,,,1
5200,'Dimanche-10-_26ÉTÉ-0000001-',636,,39946,13,,,1,100,,39945,13,,,2,100,,39947,13,,,1,101,,39948,13,,,2,100,,39950,13,,,1,101,,39955,13,,,1,101,,39949,13,,,2,100,,39952,13,,,2,99,,39953,13,,,1,100,,39951,13,,,2,100,,39954,13,,,1,100,,39961,13,,,1,99,,39960,13,,,1,100,,39956,13,,,1,100,,39962,13,,,1,100,,39959,13,,,2,98,,39958,13,,,2,100,,39957,13,,,1
5200,'Dimanche-11-_26ÉTÉ-0000001-',636,,49171,13,,,1,100,,49170,13,,,2,100,,49172,13,,,1,101,,49173,13,,,2,100,,49175,13,,,1,101,,49180,13,,,1,101,,49174,13,,,2,100,,49177,13,,,2,99,,49178,13,,,1,100,,49176,13,,,2,100,,49179,13,,,1,100,,49186,13,,,1,99,,49185,13,,,1,100,,49181,13,,,1,100,,49187,13,,,1,100,,49184,13,,,2,98,,49183,13,,,2,100,,49182,13,,,1
5200,'Semaine-1-_26ÉTÉ-1111100-',607,,39966,13,,,1,98,,39968,13,,,1,107,,39963,13,,,1,99,,39979,13,,,1,97,,39977,13,,,2,100,,39964,13,,,1,100,,39971,13,,,1,100,,39970,13,,,1,100,,39967,13,,,1,99,,39965,13,,,1,108,,39969,13,,,1,103,,39980,13,,,1,106,,39978,13,,,1,99,,39972,13,,,1,84,,39976,13,,,1,100,,39975,13,,,1,100,,39973,13,,,1,100,,39974,13,,,1
5200,'Semaine-10-_26ÉTÉ-1111100-',607,,39984,13,,,1,98,,39986,13,,,1,107,,39981,13,,,1,99,,39997,13,,,1,97,,39995,13,,,2,100,,39982,13,,,1,100,,39989,13,,,1,100,,39988,13,,,1,100,,39985,13,,,1,99,,39983,13,,,1,108,,39987,13,,,1,103,,39998,13,,,1,106,,39996,13,,,1,99,,39990,13,,,1,84,,39994,13,,,1,100,,39993,13,,,1,100,,39991,13,,,1,100,,39992,13,,,1
5200,'Semaine-11-_26ÉTÉ-1111100-',607,,46519,13,,,1,98,,46521,13,,,1,107,,46516,13,,,1,99,,46532,13,,,1,97,,46530,13,,,2,100,,46517,13,,,1,100,,46524,13,,,1,100,,46523,13,,,1,100,,46520,13,,,1,99,,46518,13,,,1,108,,46522,13,,,1,103,,46533,13,,,1,106,,46531,13,,,1,99,,46525,13,,,1,84,,46529,13,,,1,100,,46528,13,,,1,100,,46526,13,,,1,100,,46527,13,,,1
5601,'Semaine-1-_26ÉTÉ-1111100-',1238,,40518,30,,,2,102,,40515,30,,,1,100,,40514,30,,,1,100,,40517,30,,,1,106,,40516,30,,,1,98,,40519,30,,,2,94,,40520,30,,,1
5601,'Semaine-10-_26ÉTÉ-1111100-',1238,,40525,30,,,2,102,,40522,30,,,1,100,,40521,30,,,1,100,,40524,30,,,1,106,,40523,30,,,1,98,,40526,30,,,2,94,,40527,30,,,1
5601,'Semaine-11-_26ÉTÉ-1111100-',1238,,46752,30,,,2,102,,46749,30,,,1,100,,46748,30,,,1,100,,46751,30,,,1,106,,46750,30,,,1,98,,46753,30,,,2,94,,46754,30,,,1
