4000,'Semaine-1-_26ÉTÉ-1111100-',1551,,39577,48,,,2,69,,39573,48,,,2,35,,39576,48,,,1,68,,39575,48,,,1,31,,39574,48,,,1,63,,39578,48,,,2
4000,'Semaine-10-_26ÉTÉ-1111100-',1551,,39583,48,,,2,69,,39579,48,,,2,35,,39582,48,,,1,68,,39581,48,,,1,31,,39580,48,,,1,63,,39584,48,,,2
4000,'Semaine-11-_26ÉTÉ-1111100-',1551,,46351,48,,,2,69,,46347,48,,,2,35,,46350,48,,,1,68,,46349,48,,,1,31,,46348,48,,,1,63,,46352,48,,,2
4000,'Semaine-5-_26ÉTÉ-1111100-',1551,,50635,48,,,2,69,,50631,48,,,2,35,,50634,48,,,1,68,,50633,48,,,1,31,,50632,48,,,1,63,,50636,48,,,2
5001,'Semaine-1-_26ÉTÉ-1111100-',1642,,39903,29,,,1,103,,39905,29,,,1,93,,39904,29,,,1
5001,'Semaine-10-_26ÉTÉ-1111100-',1642,,39906,29,,,1,103,,39908,29,,,1,93,,39907,29,,,1
5001,'Semaine-11-_26ÉTÉ-1111100-',1642,,46495,29,,,1,103,,46497,29,,,1,93,,46496,29,,,1
5001,'Semaine-5-_26ÉTÉ-1111100-',1642,,50747,29,,,1,103,,50749,29,,,1,93,,50748,29,,,1
5200,'Samedi-0-_26ÉTÉ-0000010-',700,,39909,47,,,1,100,,39910,47,,,2,101,,39911,47,,,1,99,,39912,47,,,2,100,,39913,47,,,1,103,,39914,47,,,1,100,,39915,47,,,2,100,,39916,47,,,2,99,,39917,47,,,1,101,,39918,47,,,2,100,,39919,47,,,1,99,,39920,47,,,1,99,,39921,47,,,1,100,,39924,47,,,1,100,,39922,47,,,1,58,,39923,47,,,2,98,,39925,47,,,2,100,,39926,47,,,1
5200,'Dimanche-0-_26ÉTÉ-0000001-',700,,39928,47,,,1,100,,39927,47,,,2,101,,39929,47,,,1,99,,39930,47,,,2,100,,39932,47,,,1,103,,39937,47,,,1,100,,39931,47,,,2,100,,39934,47,,,2,99,,39935,47,,,1,101,,39933,47,,,2,100,,39936,47,,,1,99,,39943,47,,,1,99,,39942,47,,,1,100,,39938,47,,,1,100,,39944,47,,,1,58,,39941,47,,,2,98,,39940,47,,,2,100,,39939,47,,,1
5200,'Dimanche-10-_26ÉTÉ-0000001-',700,,39946,47,,,1,100,,39945,47,,,2,101,,39947,47,,,1,99,,39948,47,,,2,100,,39950,47,,,1,103,,39955,47,,,1,100,,39949,47,,,2,100,,39952,47,,,2,99,,39953,47,,,1,101,,39951,47,,,2,100,,39954,47,,,1,99,,39961,47,,,1,99,,39960,47,,,1,100,,39956,47,,,1,100,,39962,47,,,1,58,,39959,47,,,2,98,,39958,47,,,2,100,,39957,47,,,1
5200,'Dimanche-11-_26ÉTÉ-0000001-',700,,49171,47,,,1,100,,49170,47,,,2,101,,49172,47,,,1,99,,49173,47,,,2,100,,49175,47,,,1,103,,49180,47,,,1,100,,49174,47,,,2,100,,49177,47,,,2,99,,49178,47,,,1,101,,49176,47,,,2,100,,49179,47,,,1,99,,49186,47,,,1,99,,49185,47,,,1,100,,49181,47,,,1,100,,49187,47,,,1,58,,49184,47,,,2,98,,49183,47,,,2,100,,49182,47,,,1
5200,'Semaine-1-_26ÉTÉ-1111100-',630,,39966,47,,,1,100,,39968,47,,,1,110,,39963,47,,,1,96,,39979,47,,,1,97,,39977,47,,,2,100,,39964,47,,,1,100,,39971,47,,,1,100,,39970,47,,,1,100,,39967,47,,,1,102,,39965,47,,,1,108,,39969,47,,,1,101,,39980,47,,,1,104,,39978,47,,,1,100,,39972,47,,,1,83,,39976,47,,,1,100,,39975,47,,,1,99,,39973,47,,,1,99,,39974,47,,,1
5200,'Semaine-10-_26ÉTÉ-1111100-',630,,39984,47,,,1,100,,39986,47,,,1,110,,39981,47,,,1,96,,39997,47,,,1,97,,39995,47,,,2,100,,39982,47,,,1,100,,39989,47,,,1,100,,39988,47,,,1,100,,39985,47,,,1,102,,39983,47,,,1,108,,39987,47,,,1,101,,39998,47,,,1,104,,39996,47,,,1,100,,39990,47,,,1,83,,39994,47,,,1,100,,39993,47,,,1,99,,39991,47,,,1,99,,39992,47,,,1
5200,'Semaine-11-_26ÉTÉ-1111100-',630,,46519,47,,,1,100,,46521,47,,,1,110,,46516,47,,,1,96,,46532,47,,,1,97,,46530,47,,,2,100,,46517,47,,,1,100,,46524,47,,,1,100,,46523,47,,,1,100,,46520,47,,,1,102,,46518,47,,,1,108,,46522,47,,,1,101,,46533,47,,,1,104,,46531,47,,,1,100,,46525,47,,,1,83,,46529,47,,,1,100,,46528,47,,,1,99,,46526,47,,,1,99,,46527,47,,,1
5200,'Semaine-5-_26ÉTÉ-1111100-',630,,50753,47,,,1,100,,50755,47,,,1,110,,50750,47,,,1,96,,50766,47,,,1,97,,50764,47,,,2,100,,50751,47,,,1,100,,50758,47,,,1,100,,50757,47,,,1,100,,50754,47,,,1,102,,50752,47,,,1,108,,50756,47,,,1,101,,50767,47,,,1,104,,50765,47,,,1,100,,50759,47,,,1,83,,50763,47,,,1,100,,50762,47,,,1,99,,50760,47,,,1,99,,50761,47,,,1
