3601,'Semaine-1-_26ÉTÉ-1111100-',837,,38696,4,,,1,91,,38694,4,,,1,100,,38697,4,,,1,100,,38695,4,,,1,99,,38700,4,,,1,100,,38699,4,,,1,101,,38698,4,,,1
3601,'Semaine-10-_26ÉTÉ-1111100-',837,,38703,4,,,1,91,,38701,4,,,1,100,,38704,4,,,1,100,,38702,4,,,1,99,,38707,4,,,1,100,,38706,4,,,1,101,,38705,4,,,1
3701,'Samedi-0-_26ÉTÉ-0000010-',643,,38821,4,,,1,100,,38826,4,,,1,100,,38820,4,,,1,100,,38825,4,,,1,101,,38822,4,,,1,99,,38823,4,,,1,100,,38827,4,,,1,100,,38824,4,,,1,100,,38828,4,,,1,100,,38829,4,,,1,100,,38830,4,,,1,100,,38831,4,,,1,100,,38832,4,,,1,102,,38833,4,,,1,98,,38834,4,,,1,99,,38835,4,,,1,100,,38836,4,,,1
3701,'Dimanche-0-_26ÉTÉ-0000001-',643,,38837,4,,,1,100,,38841,4,,,1,100,,38842,4,,,1,100,,38844,4,,,1,101,,38843,4,,,1,99,,38839,4,,,1,100,,38838,4,,,1,100,,38840,4,,,1,100,,38845,4,,,1,100,,38849,4,,,1,100,,38852,4,,,1,100,,38846,4,,,1,100,,38847,4,,,1,102,,38853,4,,,1,98,,38851,4,,,1,99,,38848,4,,,1,100,,38850,4,,,1
3701,'Dimanche-10-_26ÉTÉ-0000001-',643,,38854,4,,,1,100,,38858,4,,,1,100,,38859,4,,,1,100,,38861,4,,,1,101,,38860,4,,,1,99,,38856,4,,,1,100,,38855,4,,,1,100,,38857,4,,,1,100,,38862,4,,,1,100,,38866,4,,,1,100,,38869,4,,,1,100,,38863,4,,,1,100,,38864,4,,,1,102,,38870,4,,,1,98,,38868,4,,,1,99,,38865,4,,,1,100,,38867,4,,,1
3701,'Semaine-1-_26ÉTÉ-1111100-',511,,38884,4,,,1,29,,38882,4,,,1,75,,38886,4,,,1,30,,38876,4,,,1,67,,38893,4,,,1,20,,38873,4,,,1,10,,38894,4,,,1,71,,38875,4,,,1,101,,38892,4,,,1,100,,38880,4,,,1,100,,38874,4,,,1,101,,38872,4,,,1,99,,38877,4,,,1,100,,38888,4,,,1,97,,38871,4,,,1,31,,38887,4,,,1,70,,38890,4,,,1,30,,38885,4,,,1,72,,38891,4,,,1,30,,38895,4,,,1,85,,38879,4,,,1,100,,38889,4,,,1,101,,38881,4,,,1,99,,38878,4,,,1,103,,38883,4,,,1
3701,'Semaine-10-_26ÉTÉ-1111100-',511,,38909,4,,,1,29,,38907,4,,,1,75,,38911,4,,,1,30,,38901,4,,,1,67,,38918,4,,,1,20,,38898,4,,,1,10,,38919,4,,,1,71,,38900,4,,,1,101,,38917,4,,,1,100,,38905,4,,,1,100,,38899,4,,,1,101,,38897,4,,,1,99,,38902,4,,,1,100,,38913,4,,,1,97,,38896,4,,,1,31,,38912,4,,,1,70,,38915,4,,,1,30,,38910,4,,,1,72,,38916,4,,,1,30,,38920,4,,,1,85,,38904,4,,,1,100,,38914,4,,,1,101,,38906,4,,,1,99,,38903,4,,,1,103,,38908,4,,,1
6401,'Samedi-0-_26ÉTÉ-0000010-',713,,41247,4,,,1,100,,41244,4,,,1,100,,41246,4,,,1,100,,41249,4,,,1,100,,41245,4,,,2,100,,41250,4,,,1,100,,41248,4,,,1,100,,41251,4,,,2,100,,41252,4,,,1,100,,41253,4,,,1,100,,41254,4,,,1
6401,'Dimanche-0-_26ÉTÉ-0000001-',713,,41259,4,,,1,100,,41257,4,,,1,100,,41262,4,,,1,100,,41255,4,,,1,100,,41261,4,,,2,100,,41263,4,,,1,100,,41256,4,,,1,100,,41260,4,,,2,100,,41258,4,,,1,100,,41264,4,,,1,100,,41265,4,,,1
6401,'Dimanche-10-_26ÉTÉ-0000001-',713,,41270,4,,,1,100,,41268,4,,,1,100,,41273,4,,,1,100,,41266,4,,,1,100,,41272,4,,,2,100,,41274,4,,,1,100,,41267,4,,,1,100,,41271,4,,,2,100,,41269,4,,,1,100,,41275,4,,,1,100,,41276,4,,,1
6401,'Semaine-1-_26ÉTÉ-1111100-',512,,41277,4,,,1,108,,41287,4,,,2,100,,41289,4,,,2,100,,41286,4,,,2,92,,41294,4,,,2,100,,41281,4,,,2,100,,41280,4,,,2,100,,41292,4,,,1,100,,41288,4,,,1,100,,41290,4,,,1,115,,41291,4,,,1,87,,41282,4,,,1,98,,41278,4,,,1,100,,41279,4,,,1,100,,41285,4,,,1,100,,41283,4,,,1,100,,41284,4,,,1,100,,41293,4,,,1
6401,'Semaine-10-_26ÉTÉ-1111100-',512,,41295,4,,,1,108,,41305,4,,,2,100,,41307,4,,,2,100,,41304,4,,,2,92,,41312,4,,,2,100,,41299,4,,,2,100,,41298,4,,,2,100,,41310,4,,,1,100,,41306,4,,,1,100,,41308,4,,,1,115,,41309,4,,,1,87,,41300,4,,,1,98,,41296,4,,,1,100,,41297,4,,,1,100,,41303,4,,,1,100,,41301,4,,,1,100,,41302,4,,,1,100,,41311,4,,,1
6800,'Semaine-1-_26ÉTÉ-1111100-',602,,42111,4,,,1,30,,42120,4,,,1,70,,42118,4,,,1,30,,42127,4,,,1,70,,42124,4,,,1,30,,42103,4,,,1,70,,42125,4,,,1,30,,42104,4,,,1,70,,42108,4,,,1,30,,42126,4,,,1,70,,42113,4,,,1,30,,42106,4,,,1,74,,42122,4,,,1,36,,42114,4,,,1,70,,42121,4,,,1,30,,42115,4,,,1,70,,42109,4,,,1,30,,42112,4,,,1,60,,42119,4,,,1,18,,42129,4,,,1,23,,42116,4,,,1,60,,42123,4,,,1,22,,42117,4,,,1,18,,42131,4,,,1,59,,42128,4,,,1,20,,42130,4,,,1,20,,42105,4,,,1,70,,42110,4,,,1,30,,42107,4,,,1
6800,'Semaine-10-_26ÉTÉ-1111100-',602,,42140,4,,,1,30,,42149,4,,,1,70,,42147,4,,,1,30,,42156,4,,,1,70,,42153,4,,,1,30,,42132,4,,,1,70,,42154,4,,,1,30,,42133,4,,,1,70,,42137,4,,,1,30,,42155,4,,,1,70,,42142,4,,,1,30,,42135,4,,,1,74,,42151,4,,,1,36,,42143,4,,,1,70,,42150,4,,,1,30,,42144,4,,,1,70,,42138,4,,,1,30,,42141,4,,,1,60,,42148,4,,,1,18,,42158,4,,,1,23,,42145,4,,,1,60,,42152,4,,,1,22,,42146,4,,,1,18,,42160,4,,,1,59,,42157,4,,,1,20,,42159,4,,,1,20,,42134,4,,,1,70,,42139,4,,,1,30,,42136,4,,,1
37101,'Samedi-0-_26ÉTÉ-0000010-',714,,44208,4,,,1,99,,44207,4,,,1,101,,44211,4,,,1,100,,44210,4,,,1,100,,44212,4,,,1,100,,44209,4,,,1,100,,44213,4,,,1,100,,44214,4,,,1,100,,44215,4,,,1,100,,44216,4,,,1,100,,44217,4,,,1,100,,44218,4,,,1,100,,44219,4,,,1,100,,44220,4,,,1,100,,44221,4,,,1,100,,44222,4,,,1,100,,44223,4,,,1
37101,'Dimanche-0-_26ÉTÉ-0000001-',714,,44227,4,,,1,99,,44224,4,,,1,101,,44228,4,,,1,100,,44225,4,,,1,100,,44231,4,,,1,100,,44226,4,,,1,100,,44229,4,,,1,100,,44234,4,,,1,100,,44230,4,,,1,100,,44235,4,,,1,100,,44240,4,,,1,100,,44232,4,,,1,100,,44233,4,,,1,100,,44237,4,,,1,100,,44239,4,,,1,100,,44236,4,,,1,100,,44238,4,,,1
37101,'Dimanche-10-_26ÉTÉ-0000001-',714,,44244,4,,,1,99,,44241,4,,,1,101,,44245,4,,,1,100,,44242,4,,,1,100,,44248,4,,,1,100,,44243,4,,,1,100,,44246,4,,,1,100,,44251,4,,,1,100,,44247,4,,,1,100,,44252,4,,,1,100,,44257,4,,,1,100,,44249,4,,,1,100,,44250,4,,,1,100,,44254,4,,,1,100,,44256,4,,,1,100,,44253,4,,,1,100,,44255,4,,,1
37101,'Semaine-1-_26ÉTÉ-1111100-',522,,44274,4,,,1,30,,44277,4,,,1,69,,44270,4,,,1,31,,44272,4,,,1,69,,44282,4,,,1,30,,44281,4,,,1,70,,44276,4,,,1,30,,44260,4,,,1,101,,44267,4,,,1,100,,44265,4,,,1,96,,44266,4,,,1,102,,44280,4,,,1,100,,44263,4,,,1,102,,44264,4,,,1,68,,44261,4,,,1,28,,44268,4,,,1,73,,44278,4,,,1,30,,44279,4,,,1,70,,44258,4,,,1,80,,44262,4,,,1,57,,44273,4,,,1,100,,44275,4,,,1,100,,44259,4,,,1,100,,44269,4,,,1,185,,44271,4,,,1
37101,'Semaine-10-_26ÉTÉ-1111100-',522,,44299,4,,,1,30,,44302,4,,,1,69,,44295,4,,,1,31,,44297,4,,,1,69,,44307,4,,,1,30,,44306,4,,,1,70,,44301,4,,,1,30,,44285,4,,,1,101,,44292,4,,,1,100,,44290,4,,,1,96,,44291,4,,,1,102,,44305,4,,,1,100,,44288,4,,,1,102,,44289,4,,,1,68,,44286,4,,,1,28,,44293,4,,,1,73,,44303,4,,,1,30,,44304,4,,,1,70,,44283,4,,,1,80,,44287,4,,,1,57,,44298,4,,,1,100,,44300,4,,,1,100,,44284,4,,,1,100,,44294,4,,,1,185,,44296,4,,,1
