3900,'Samedi-0-_26ÉTÉ-0000010-',643,,39287,13,,,1,101,,39288,13,,,1,100,,39292,13,,,1,101,,39291,13,,,1,100,,39294,13,,,1,101,,39293,13,,,1,102,,39289,13,,,1,70,,39290,13,,,1,30,,39295,13,,,1,71,,39296,13,,,2,30,,39297,13,,,1,70,,39298,13,,,1,31,,39299,13,,,2,70,,39300,13,,,1,30,,39301,13,,,1,70,,39302,13,,,1,30,,39303,13,,,1,69,,39304,13,,,1,29,,39305,13,,,1,68,,39306,13,,,1,100,,39307,13,,,1,100,,39308,13,,,1,100,,39309,13,,,1,100,,39310,13,,,1
3900,'Dimanche-0-_26ÉTÉ-0000001-',643,,39311,13,,,1,101,,39318,13,,,1,100,,39312,13,,,1,101,,39314,13,,,1,100,,39320,13,,,1,101,,39313,13,,,1,102,,39319,13,,,1,70,,39315,13,,,1,30,,39316,13,,,1,71,,39321,13,,,2,30,,39323,13,,,1,70,,39317,13,,,1,31,,39322,13,,,2,70,,39324,13,,,1,30,,39325,13,,,1,70,,39331,13,,,1,30,,39332,13,,,1,69,,39334,13,,,1,29,,39330,13,,,1,68,,39328,13,,,1,100,,39329,13,,,1,100,,39333,13,,,1,100,,39326,13,,,1,100,,39327,13,,,1
3900,'Dimanche-10-_26ÉTÉ-0000001-',643,,39335,13,,,1,101,,39342,13,,,1,100,,39336,13,,,1,101,,39338,13,,,1,100,,39344,13,,,1,101,,39337,13,,,1,102,,39343,13,,,1,70,,39339,13,,,1,30,,39340,13,,,1,71,,39345,13,,,2,30,,39347,13,,,1,70,,39341,13,,,1,31,,39346,13,,,2,70,,39348,13,,,1,30,,39349,13,,,1,70,,39355,13,,,1,30,,39356,13,,,1,69,,39358,13,,,1,29,,39354,13,,,1,68,,39352,13,,,1,100,,39353,13,,,1,100,,39357,13,,,1,100,,39350,13,,,1,100,,39351,13,,,1
3900,'Dimanche-11-_26ÉTÉ-0000001-',643,,49088,13,,,1,101,,49095,13,,,1,100,,49089,13,,,1,101,,49091,13,,,1,100,,49097,13,,,1,101,,49090,13,,,1,102,,49096,13,,,1,70,,49092,13,,,1,30,,49093,13,,,1,71,,49098,13,,,2,30,,49100,13,,,1,70,,49094,13,,,1,31,,49099,13,,,2,70,,49101,13,,,1,30,,49102,13,,,1,70,,49108,13,,,1,30,,49109,13,,,1,69,,49111,13,,,1,29,,49107,13,,,1,68,,49105,13,,,1,100,,49106,13,,,1,100,,49110,13,,,1,100,,49103,13,,,1,100,,49104,13,,,1
3900,'Semaine-1-_26ÉTÉ-1111100-',619,,39376,13,,,2,25,,39362,13,,,1,69,,39381,13,,,2,27,,39374,13,,,1,75,,39375,13,,,1,33,,39373,13,,,1,72,,39370,13,,,1,30,,39387,13,,,1,70,,39382,13,,,1,30,,39394,13,,,1,70,,39379,13,,,2,31,,39383,13,,,1,69,,39371,13,,,1,32,,39369,13,,,2,69,,39384,13,,,1,29,,39372,13,,,1,70,,39359,13,,,2,33,,39385,13,,,1,74,,39366,13,,,2,29,,39368,13,,,1,71,,39386,13,,,2,74,,39365,13,,,1,27,,39360,13,,,1,30,,39388,13,,,1,66,,39367,13,,,1,31,,39361,13,,,1,69,,39389,13,,,2,32,,39364,13,,,1,65,,39380,13,,,2,26,,39390,13,,,1,70,,39363,13,,,1,30,,39378,13,,,1,70,,39391,13,,,1,30,,39377,13,,,1,70,,39393,13,,,1,30,,39392,13,,,1
3900,'Semaine-10-_26ÉTÉ-1111100-',619,,39412,13,,,2,25,,39398,13,,,1,69,,39417,13,,,2,27,,39410,13,,,1,75,,39411,13,,,1,33,,39409,13,,,1,72,,39406,13,,,1,30,,39423,13,,,1,70,,39418,13,,,1,30,,39430,13,,,1,70,,39415,13,,,2,31,,39419,13,,,1,69,,39407,13,,,1,32,,39405,13,,,2,69,,39420,13,,,1,29,,39408,13,,,1,70,,39395,13,,,2,33,,39421,13,,,1,74,,39402,13,,,2,29,,39404,13,,,1,71,,39422,13,,,2,74,,39401,13,,,1,27,,39396,13,,,1,30,,39424,13,,,1,66,,39403,13,,,1,31,,39397,13,,,1,69,,39425,13,,,2,32,,39400,13,,,1,65,,39416,13,,,2,26,,39426,13,,,1,70,,39399,13,,,1,30,,39414,13,,,1,70,,39427,13,,,1,30,,39413,13,,,1,70,,39429,13,,,1,30,,39428,13,,,1
3900,'Semaine-11-_26ÉTÉ-1111100-',619,,46269,13,,,2,25,,46255,13,,,1,69,,46274,13,,,2,27,,46267,13,,,1,75,,46268,13,,,1,33,,46266,13,,,1,72,,46263,13,,,1,30,,46280,13,,,1,70,,46275,13,,,1,30,,46287,13,,,1,70,,46272,13,,,2,31,,46276,13,,,1,69,,46264,13,,,1,32,,46262,13,,,2,69,,46277,13,,,1,29,,46265,13,,,1,70,,46252,13,,,2,33,,46278,13,,,1,74,,46259,13,,,2,29,,46261,13,,,1,71,,46279,13,,,2,74,,46258,13,,,1,27,,46253,13,,,1,30,,46281,13,,,1,66,,46260,13,,,1,31,,46254,13,,,1,69,,46282,13,,,2,32,,46257,13,,,1,65,,46273,13,,,2,26,,46283,13,,,1,70,,46256,13,,,1,30,,46271,13,,,1,70,,46284,13,,,1,30,,46270,13,,,1,70,,46286,13,,,1,30,,46285,13,,,1
3900,'Semaine-12-_26ÉTÉ-1111100-',619,,53013,13,,,2,25,,52999,13,,,1,69,,53018,13,,,2,27,,53011,13,,,1,75,,53012,13,,,1,33,,53010,13,,,1,72,,53007,13,,,1,30,,53024,13,,,1,70,,53019,13,,,1,30,,53031,13,,,1,70,,53016,13,,,2,31,,53020,13,,,1,69,,53008,13,,,1,32,,53006,13,,,2,69,,53021,13,,,1,29,,53009,13,,,1,70,,52996,13,,,2,33,,53022,13,,,1,74,,53003,13,,,2,29,,53005,13,,,1,71,,53023,13,,,2,74,,53002,13,,,1,27,,52997,13,,,1,30,,53025,13,,,1,66,,53004,13,,,1,31,,52998,13,,,1,69,,53026,13,,,2,32,,53001,13,,,1,65,,53017,13,,,2,26,,53027,13,,,1,70,,53000,13,,,1,30,,53015,13,,,1,70,,53028,13,,,1,30,,53014,13,,,1,70,,53030,13,,,1,30,,53029,13,,,1
3900,'Semaine-5-_26ÉTÉ-1111100-',619,,50577,13,,,2,25,,50563,13,,,1,69,,50582,13,,,2,27,,50575,13,,,1,75,,50576,13,,,1,33,,50574,13,,,1,72,,50571,13,,,1,30,,50588,13,,,1,70,,50583,13,,,1,30,,50595,13,,,1,70,,50580,13,,,2,31,,50584,13,,,1,69,,50572,13,,,1,32,,50570,13,,,2,69,,50585,13,,,1,29,,50573,13,,,1,70,,50560,13,,,2,33,,50586,13,,,1,74,,50567,13,,,2,29,,50569,13,,,1,71,,50587,13,,,2,74,,50566,13,,,1,27,,50561,13,,,1,30,,50589,13,,,1,66,,50568,13,,,1,31,,50562,13,,,1,69,,50590,13,,,2,32,,50565,13,,,1,65,,50581,13,,,2,26,,50591,13,,,1,70,,50564,13,,,1,30,,50579,13,,,1,70,,50592,13,,,1,30,,50578,13,,,1,70,,50594,13,,,1,30,,50593,13,,,1
5000,'Semaine-1-_26ÉTÉ-1111100-',654,,39895,29,,,2,65,,39894,29,,,1,29,,39896,29,,,1,70,,39893,29,,,1,107,,39897,29,,,1
5000,'Semaine-10-_26ÉTÉ-1111100-',654,,39900,29,,,2,65,,39899,29,,,1,29,,39901,29,,,1,70,,39898,29,,,1,107,,39902,29,,,1
5000,'Semaine-11-_26ÉTÉ-1111100-',654,,46492,29,,,2,65,,46491,29,,,1,29,,46493,29,,,1,70,,46490,29,,,1,107,,46494,29,,,1
5000,'Semaine-12-_26ÉTÉ-1111100-',654,,53178,29,,,2,65,,53177,29,,,1,29,,53179,29,,,1,70,,53176,29,,,1,107,,53180,29,,,1
5000,'Semaine-5-_26ÉTÉ-1111100-',654,,50744,29,,,2,65,,50743,29,,,1,29,,50745,29,,,1,70,,50742,29,,,1,107,,50746,29,,,1
55000,'Semaine-5-_26ÉTÉ-1111100-',711,,52277,29,,,1
63901,'Semaine-5-_26ÉTÉ-1111100-',714,,52283,30,,,1
