2301,'Semaine-1-_26ÉTÉ-1111100-',652,,24584,35,4,,1,70,,24581,35,4,,1,34,,24585,35,4,,1,70,,24583,35,4,,2,32,,24582,35,4,,2
2301,'Semaine-10-_26ÉTÉ-1111100-',652,,26991,35,4,,1,70,,26988,35,4,,1,34,,26992,35,4,,1,70,,26990,35,4,,2,32,,26989,35,4,,2
2501,'Semaine-1-_26ÉTÉ-1111100-',634,,24596,42,4,,1,69,,24595,42,4,,1,36,,24593,42,4,,2,80,,24594,42,4,,2,31,,24597,42,4,,1,63,,24592,42,4,,1
2501,'Semaine-10-_26ÉTÉ-1111100-',634,,27003,42,4,,1,69,,27002,42,4,,1,36,,27000,42,4,,2,80,,27001,42,4,,2,31,,27004,42,4,,1,63,,26999,42,4,,1
2601,'Semaine-1-_26ÉTÉ-1111100-',635,,24604,40,4,,1,72,,24606,40,4,,1,33,,24607,40,4,,1,64,,24605,40,4,,1,36,,24603,40,4,,2
2601,'Semaine-10-_26ÉTÉ-1111100-',635,,27011,40,4,,1,72,,27013,40,4,,1,33,,27014,40,4,,1,64,,27012,40,4,,1,36,,27010,40,4,,2
2901,'Semaine-1-_26ÉTÉ-1111100-',749,,24628,26,4,,1,73,,24631,26,4,,1,27,,24629,26,4,,1,66,,24630,26,4,,1
2901,'Semaine-10-_26ÉTÉ-1111100-',749,,27035,26,4,,1,73,,27038,26,4,,1,27,,27036,26,4,,1,66,,27037,26,4,,1
4001,'Semaine-1-_26ÉTÉ-1111100-',648,,25270,58,4,,2,72,,25269,58,4,,2,36,,25272,58,4,,2,75,,25268,58,4,,1,26,,25267,58,4,,2,66,,25271,58,4,,2
4001,'Semaine-10-_26ÉTÉ-1111100-',648,,28253,58,4,,2,72,,28252,58,4,,2,36,,28255,58,4,,2,75,,28251,58,4,,1,26,,28250,58,4,,2,66,,28254,58,4,,2
4101,'Semaine-1-_26ÉTÉ-1111100-',716,,25280,49,4,,2,32,,25281,49,4,,2,72,,25282,49,4,,2,30,,25279,49,4,,1,67,,25278,49,4,,2
4101,'Semaine-10-_26ÉTÉ-1111100-',716,,28263,49,4,,2,32,,28264,49,4,,2,72,,28265,49,4,,2,30,,28262,49,4,,1,67,,28261,49,4,,2
4501,'Semaine-1-_26ÉTÉ-1111100-',701,,25293,52,4,,2,41,,25297,52,4,,1,67,,25296,52,4,,2,33,,25295,52,4,,1,62,,25298,52,4,,1,30,,25294,52,4,,2
4501,'Semaine-10-_26ÉTÉ-1111100-',701,,28276,52,4,,2,41,,28280,52,4,,1,67,,28279,52,4,,2,33,,28278,52,4,,1,62,,28281,52,4,,1,30,,28277,52,4,,2
4701,'Semaine-1-_26ÉTÉ-1111100-',651,,25304,45,4,,2,88,,25305,45,4,,2,90,,25302,45,4,,2,25,,25303,45,4,,2
4701,'Semaine-10-_26ÉTÉ-1111100-',651,,28287,45,4,,2,88,,28288,45,4,,2,90,,28285,45,4,,2,25,,28286,45,4,,2
4801,'Semaine-1-_26ÉTÉ-1111100-',807,,25307,46,4,,1
4801,'Semaine-10-_26ÉTÉ-1111100-',807,,28290,46,4,,1
