1801,'Semaine-1-_26ÉTÉ-1111100-',633,,37319,13,,,1,86,,37321,13,,,1,85,,37320,13,,,2
1801,'Semaine-10-_26ÉTÉ-1111100-',633,,37322,13,,,1,86,,37324,13,,,1,85,,37323,13,,,2
2600,'Semaine-1-_26ÉTÉ-1111100-',1551,,37385,10,,,1,72,,37384,10,,,1,29,,37383,10,,,2,71,,37386,10,,,1,25,,37387,10,,,1
2600,'Semaine-10-_26ÉTÉ-1111100-',1551,,37390,10,,,1,72,,37389,10,,,1,29,,37388,10,,,2,71,,37391,10,,,1,25,,37392,10,,,1
2900,'Semaine-1-_26ÉTÉ-1111100-',1544,,37436,10,,,2,70,,37435,10,,,2,34,,37433,10,,,1,64,,37437,10,,,2,34,,37434,10,,,2
2900,'Semaine-10-_26ÉTÉ-1111100-',1544,,37441,10,,,2,70,,37440,10,,,2,34,,37438,10,,,1,64,,37442,10,,,2,34,,37439,10,,,2
3200,'Semaine-1-_26ÉTÉ-1111100-',625,,37783,11,,,1,32,,37782,11,,,2,71,,37778,11,,,2,72,,37780,11,,,2,30,,37779,11,,,1,29,,37781,11,,,2,69,,37754,11,,,1,30,,37749,11,,,2,70,,37750,11,,,1,30,,37761,11,,,2,70,,37755,11,,,1,30,,37741,11,,,1,70,,37742,11,,,1,30,,37753,11,,,2,70,,37756,11,,,1,30,,37762,11,,,1,70,,37743,11,,,1,31,,37788,11,,,2,57,,37740,11,,,2,14,,37770,11,,,1,8,,37760,11,,,1,12,,37766,11,,,2,50,,37767,11,,,1,10,,37785,11,,,1,10,,37786,11,,,2,10,,37787,11,,,1,10,,37784,11,,,1,11,,37757,11,,,1,51,,37768,11,,,1,8,,37776,11,,,2,11,,37769,11,,,2,9,,37746,11,,,1,8,,37777,11,,,2,10,,37763,11,,,1,8,,37765,11,,,1,50,,37764,11,,,1,19,,37758,11,,,1,24,,37752,11,,,1,71,,37747,11,,,1,30,,37744,11,,,1,69,,37759,11,,,1,30,,37751,11,,,1,70,,37748,11,,,1,30,,37745,11,,,1,70,,37771,11,,,1,29,,37772,11,,,1,69,,37773,11,,,2,30,,37774,11,,,1,70,,37775,11,,,1
3200,'Semaine-10-_26ÉTÉ-1111100-',625,,37832,11,,,1,32,,37831,11,,,2,71,,37827,11,,,2,72,,37829,11,,,2,30,,37828,11,,,1,29,,37830,11,,,2,69,,37803,11,,,1,30,,37798,11,,,2,70,,37799,11,,,1,30,,37810,11,,,2,70,,37804,11,,,1,30,,37790,11,,,1,70,,37791,11,,,1,30,,37802,11,,,2,70,,37805,11,,,1,30,,37811,11,,,1,70,,37792,11,,,1,31,,37837,11,,,1,57,,37789,11,,,2,14,,37819,11,,,1,8,,37809,11,,,1,12,,37815,11,,,2,50,,37816,11,,,1,10,,37834,11,,,1,10,,37835,11,,,2,10,,37836,11,,,1,10,,37833,11,,,1,11,,37806,11,,,1,51,,37817,11,,,1,8,,37825,11,,,2,11,,37818,11,,,2,9,,37795,11,,,1,8,,37826,11,,,2,10,,37812,11,,,1,8,,37814,11,,,1,50,,37813,11,,,1,19,,37807,11,,,1,24,,37801,11,,,1,71,,37796,11,,,1,30,,37793,11,,,1,69,,37808,11,,,1,30,,37800,11,,,1,70,,37797,11,,,1,30,,37794,11,,,1,70,,37820,11,,,1,29,,37821,11,,,1,69,,37822,11,,,2,30,,37823,11,,,1,70,,37824,11,,,1
3400,'Samedi-0-_26ÉTÉ-0000010-',729,,38218,11,,,1,104,,38223,11,,,1,70,,38219,11,,,2,31,,38225,11,,,1,70,,38226,11,,,1,30,,38220,11,,,1,70,,38221,11,,,2,30,,38222,11,,,1,70,,38224,11,,,2,30,,38227,11,,,1,70,,38229,11,,,1,31,,38228,11,,,2,70,,38230,11,,,1,30,,38231,11,,,1,70,,38232,11,,,2,29,,38233,11,,,1,70,,38234,11,,,1,30,,38235,11,,,1,70,,38236,11,,,1,30,,38237,11,,,1,70,,38238,11,,,1,30,,38239,11,,,1,70,,38240,11,,,2,30,,38241,11,,,1,70,,38242,11,,,1,30,,38243,11,,,1,70,,38244,11,,,1,30,,38245,11,,,1,70,,38246,11,,,1,29,,38248,11,,,1,71,,38247,11,,,1,30,,38250,11,,,1,70,,38249,11,,,1,27,,38251,11,,,1
3400,'Dimanche-0-_26ÉTÉ-0000001-',729,,38256,11,,,1,104,,38260,11,,,1,70,,38258,11,,,2,31,,38253,11,,,1,70,,38261,11,,,1,30,,38264,11,,,1,70,,38263,11,,,2,30,,38252,11,,,1,70,,38254,11,,,2,30,,38265,11,,,1,70,,38255,11,,,1,31,,38257,11,,,2,70,,38259,11,,,1,30,,38268,11,,,1,70,,38262,11,,,2,29,,38266,11,,,1,70,,38269,11,,,1,30,,38273,11,,,1,70,,38278,11,,,1,30,,38270,11,,,1,70,,38271,11,,,1,30,,38281,11,,,1,70,,38272,11,,,2,30,,38277,11,,,1,70,,38267,11,,,1,30,,38274,11,,,1,70,,38276,11,,,1,30,,38279,11,,,1,70,,38285,11,,,1,29,,38280,11,,,1,71,,38282,11,,,1,30,,38275,11,,,1,70,,38283,11,,,1,27,,38284,11,,,1
3400,'Dimanche-10-_26ÉTÉ-0000001-',729,,38290,11,,,1,104,,38294,11,,,1,70,,38292,11,,,2,31,,38287,11,,,1,70,,38295,11,,,1,30,,38298,11,,,1,70,,38297,11,,,2,30,,38286,11,,,1,70,,38288,11,,,2,30,,38299,11,,,1,70,,38289,11,,,1,31,,38291,11,,,2,70,,38293,11,,,1,30,,38302,11,,,1,70,,38296,11,,,2,29,,38300,11,,,1,70,,38303,11,,,1,30,,38307,11,,,1,70,,38312,11,,,1,30,,38304,11,,,1,70,,38305,11,,,1,30,,38315,11,,,1,70,,38306,11,,,2,30,,38311,11,,,1,70,,38301,11,,,1,30,,38308,11,,,1,70,,38310,11,,,1,30,,38313,11,,,1,70,,38319,11,,,1,29,,38314,11,,,1,71,,38316,11,,,1,30,,38309,11,,,1,70,,38317,11,,,1,27,,38318,11,,,1
3400,'Semaine-1-_26ÉTÉ-1111100-',610,,38350,11,,,1,32,,38335,11,,,1,71,,38329,11,,,1,31,,38333,11,,,1,71,,38324,11,,,1,32,,38344,11,,,1,68,,38330,11,,,1,28,,38320,11,,,1,70,,38325,11,,,2,30,,38326,11,,,2,70,,38331,11,,,1,30,,38321,11,,,1,70,,38351,11,,,1,30,,38327,11,,,1,70,,38332,11,,,1,30,,38322,11,,,1,70,,38348,11,,,2,31,,38323,11,,,1,66,,38349,11,,,1,305,,38347,11,,,2,20,,38336,11,,,1,69,,38328,11,,,2,30,,38340,11,,,1,70,,38346,11,,,1,30,,38337,11,,,1,70,,38339,11,,,1,30,,38341,11,,,1,70,,38334,11,,,1,30,,38343,11,,,1,71,,38338,11,,,1,28,,38342,11,,,1,70,,38345,11,,,1
3400,'Semaine-10-_26ÉTÉ-1111100-',610,,38382,11,,,1,32,,38367,11,,,1,71,,38361,11,,,1,31,,38365,11,,,1,71,,38356,11,,,1,32,,38376,11,,,1,68,,38362,11,,,1,28,,38352,11,,,1,70,,38357,11,,,2,30,,38358,11,,,2,70,,38363,11,,,1,30,,38353,11,,,1,70,,38383,11,,,1,30,,38359,11,,,1,70,,38364,11,,,1,30,,38354,11,,,1,70,,38380,11,,,2,31,,38355,11,,,1,66,,38381,11,,,1,305,,38379,11,,,2,20,,38368,11,,,1,69,,38360,11,,,2,30,,38372,11,,,1,70,,38378,11,,,1,30,,38369,11,,,1,70,,38371,11,,,1,30,,38373,11,,,1,70,,38366,11,,,1,30,,38375,11,,,1,71,,38370,11,,,1,28,,38374,11,,,1,70,,38377,11,,,1
4000,'Semaine-1-_26ÉTÉ-1111100-',1521,,39577,10,,,2,29,,39573,10,,,2,75,,39576,10,,,1,27,,39575,10,,,1,73,,39574,10,,,1,25,,39578,10,,,2
4000,'Semaine-10-_26ÉTÉ-1111100-',1521,,39583,10,,,2,29,,39579,10,,,2,75,,39582,10,,,1,27,,39581,10,,,1,73,,39580,10,,,1,25,,39584,10,,,2
4100,'Semaine-1-_26ÉTÉ-1111100-',1533,,39598,10,,,2,68,,39600,10,,,1,34,,39599,10,,,2,67,,39597,10,,,1,29,,39601,10,,,1
4100,'Semaine-10-_26ÉTÉ-1111100-',1533,,39603,10,,,2,68,,39605,10,,,1,34,,39604,10,,,2,67,,39602,10,,,1,29,,39606,10,,,1
4500,'Semaine-1-_26ÉTÉ-1111100-',1506,,39630,10,,,1,34,,39625,10,,,2,72,,39626,10,,,2,29,,39628,10,,,1,69,,39629,10,,,1,28,,39627,10,,,2
4500,'Semaine-10-_26ÉTÉ-1111100-',1506,,39636,10,,,1,34,,39631,10,,,2,72,,39632,10,,,2,29,,39634,10,,,1,69,,39635,10,,,1,28,,39633,10,,,2
4700,'Semaine-1-_26ÉTÉ-1111100-',1528,,39649,10,,,2,101,,39651,10,,,2,99,,39650,10,,,2
4700,'Semaine-10-_26ÉTÉ-1111100-',1528,,39652,10,,,2,101,,39654,10,,,2,99,,39653,10,,,2
5500,'Samedi-0-_26ÉTÉ-0000010-',702,,40104,11,,,1,30,,40101,11,,,1,70,,40102,11,,,1,30,,40105,11,,,1,70,,40103,11,,,1,29,,40110,11,,,1,69,,40107,11,,,1,29,,40108,11,,,1,75,,40113,11,,,1,27,,40112,11,,,1,28,,40106,11,,,1,70,,40109,11,,,1,30,,40111,11,,,1,74,,40114,11,,,1,70,,40115,11,,,1,30,,40116,11,,,1,70,,40117,11,,,1,28,,40118,11,,,1,70,,40119,11,,,1,29,,40120,11,,,1,70,,40121,11,,,1,30,,40122,11,,,1,72,,40123,11,,,1,28,,40124,11,,,1,71,,40126,11,,,1,33,,40125,11,,,1,67,,40127,11,,,1,30,,40129,11,,,1,71,,40128,11,,,1,31,,40130,11,,,1,68,,40131,11,,,1,30,,40134,11,,,1,70,,40136,11,,,1,30,,40133,11,,,1,71,,40132,11,,,1,28,,40135,11,,,1
5500,'Dimanche-0-_26ÉTÉ-0000001-',702,,40139,11,,,1,30,,40144,11,,,1,70,,40148,11,,,1,30,,40142,11,,,1,70,,40140,11,,,1,29,,40145,11,,,1,69,,40147,11,,,1,29,,40141,11,,,1,75,,40137,11,,,1,27,,40138,11,,,1,28,,40150,11,,,1,70,,40154,11,,,1,30,,40152,11,,,1,74,,40149,11,,,1,70,,40143,11,,,1,30,,40157,11,,,1,70,,40158,11,,,1,28,,40159,11,,,1,70,,40153,11,,,1,29,,40166,11,,,1,70,,40163,11,,,1,30,,40151,11,,,1,72,,40171,11,,,1,28,,40165,11,,,1,71,,40146,11,,,1,33,,40169,11,,,1,67,,40162,11,,,1,30,,40155,11,,,1,71,,40160,11,,,1,31,,40156,11,,,1,68,,40167,11,,,1,30,,40164,11,,,1,70,,40161,11,,,1,30,,40170,11,,,1,71,,40168,11,,,1,28,,40172,11,,,1
5500,'Dimanche-10-_26ÉTÉ-0000001-',702,,40175,11,,,1,30,,40180,11,,,1,70,,40184,11,,,1,30,,40178,11,,,1,70,,40176,11,,,1,29,,40181,11,,,1,69,,40183,11,,,1,29,,40177,11,,,1,75,,40173,11,,,1,27,,40174,11,,,1,28,,40186,11,,,1,70,,40190,11,,,1,30,,40188,11,,,1,74,,40185,11,,,1,70,,40179,11,,,1,30,,40193,11,,,1,70,,40194,11,,,1,28,,40195,11,,,1,70,,40189,11,,,1,29,,40202,11,,,1,70,,40199,11,,,1,30,,40187,11,,,1,72,,40207,11,,,1,28,,40201,11,,,1,71,,40182,11,,,1,33,,40205,11,,,1,67,,40198,11,,,1,30,,40191,11,,,1,71,,40196,11,,,1,31,,40192,11,,,1,68,,40203,11,,,1,30,,40200,11,,,1,70,,40197,11,,,1,30,,40206,11,,,1,71,,40204,11,,,1,28,,40208,11,,,1
5500,'Semaine-1-_26ÉTÉ-1111100-',557,,40211,11,,,1,144,,40227,11,,,1,101,,40210,11,,,1,100,,40246,11,,,1,28,,40247,11,,,1,70,,40216,11,,,1,29,,40226,11,,,1,30,,40230,11,,,1,71,,40252,11,,,1,70,,40212,11,,,1,31,,40251,11,,,1,69,,40229,11,,,1,30,,40244,11,,,1,70,,40238,11,,,1,23,,40245,11,,,1,16,,40231,11,,,1,17,,40209,11,,,1,53,,40250,11,,,1,17,,40220,11,,,1,15,,40253,11,,,1,13,,40241,11,,,1,50,,40213,11,,,1,13,,40224,11,,,1,14,,40256,11,,,1,13,,40249,11,,,1,11,,40215,11,,,1,51,,40232,11,,,1,12,,40225,11,,,1,9,,40254,11,,,1,12,,40239,11,,,1,9,,40219,11,,,1,52,,40214,11,,,1,10,,40255,11,,,1,12,,40223,11,,,1,11,,40218,11,,,1,10,,40228,11,,,1,70,,40243,11,,,1,29,,40248,11,,,1,71,,40235,11,,,1,29,,40221,11,,,1,70,,40242,11,,,1,29,,40233,11,,,1,71,,40236,11,,,1,29,,40222,11,,,1,70,,40237,11,,,1,30,,40234,11,,,1,69,,40217,11,,,1,30,,40240,11,,,1
5500,'Semaine-10-_26ÉTÉ-1111100-',557,,40259,11,,,1,144,,40275,11,,,1,101,,40258,11,,,1,100,,40294,11,,,1,28,,40295,11,,,1,70,,40264,11,,,1,29,,40274,11,,,1,30,,40278,11,,,1,71,,40300,11,,,1,70,,40260,11,,,1,31,,40299,11,,,1,69,,40277,11,,,1,30,,40292,11,,,1,70,,40286,11,,,1,23,,40293,11,,,1,16,,40279,11,,,1,17,,40257,11,,,1,53,,40298,11,,,1,17,,40268,11,,,1,15,,40301,11,,,1,13,,40289,11,,,1,50,,40261,11,,,1,13,,40272,11,,,1,14,,40304,11,,,1,13,,40297,11,,,1,11,,40263,11,,,1,51,,40280,11,,,1,12,,40273,11,,,1,9,,40302,11,,,1,12,,40287,11,,,1,9,,40267,11,,,1,52,,40262,11,,,1,10,,40303,11,,,1,12,,40271,11,,,1,11,,40266,11,,,1,10,,40276,11,,,1,70,,40291,11,,,1,29,,40296,11,,,1,71,,40283,11,,,1,29,,40269,11,,,1,70,,40290,11,,,1,29,,40281,11,,,1,71,,40284,11,,,1,29,,40270,11,,,1,70,,40285,11,,,1,30,,40282,11,,,1,69,,40265,11,,,1,30,,40288,11,,,1
5900,'Samedi-0-_26ÉTÉ-0000010-',716,,40562,11,,,1,30,,40565,11,,,1,70,,40558,11,,,1,30,,40564,11,,,1,70,,40561,11,,,1,30,,40566,11,,,1,70,,40570,11,,,1,30,,40571,11,,,1,70,,40560,11,,,1,30,,40559,11,,,1,71,,40569,11,,,1,30,,40563,11,,,1,70,,40567,11,,,1,30,,40572,11,,,1,70,,40568,11,,,1,30,,40573,11,,,1,70,,40574,11,,,1,29,,40575,11,,,1,70,,40576,11,,,1,32,,40577,11,,,1,69,,40578,11,,,1,30,,40579,11,,,1,69,,40580,11,,,1,30,,40581,11,,,1,70,,40582,11,,,1,30,,40584,11,,,1,70,,40583,11,,,1,30,,40586,11,,,1,70,,40585,11,,,1,30,,40587,11,,,1,70,,40588,11,,,1,30,,40590,11,,,1,70,,40589,11,,,1,30,,40591,11,,,1
5900,'Dimanche-0-_26ÉTÉ-0000001-',716,,40598,11,,,1,30,,40593,11,,,1,70,,40596,11,,,1,30,,40601,11,,,1,70,,40605,11,,,1,30,,40594,11,,,1,70,,40597,11,,,1,30,,40603,11,,,1,70,,40604,11,,,1,30,,40592,11,,,1,71,,40595,11,,,1,30,,40600,11,,,1,70,,40602,11,,,1,30,,40599,11,,,1,70,,40607,11,,,1,30,,40612,11,,,1,70,,40606,11,,,1,29,,40617,11,,,1,70,,40618,11,,,1,32,,40609,11,,,1,69,,40613,11,,,1,30,,40624,11,,,1,69,,40608,11,,,1,30,,40614,11,,,1,70,,40610,11,,,1,30,,40615,11,,,1,70,,40620,11,,,1,30,,40621,11,,,1,70,,40611,11,,,1,30,,40625,11,,,1,70,,40619,11,,,1,30,,40616,11,,,1,70,,40623,11,,,1,30,,40622,11,,,1
5900,'Dimanche-10-_26ÉTÉ-0000001-',716,,40632,11,,,1,30,,40627,11,,,1,70,,40630,11,,,1,30,,40635,11,,,1,70,,40639,11,,,1,30,,40628,11,,,1,70,,40631,11,,,1,30,,40637,11,,,1,70,,40638,11,,,1,30,,40626,11,,,1,71,,40629,11,,,1,30,,40634,11,,,1,70,,40636,11,,,1,30,,40633,11,,,1,70,,40641,11,,,1,30,,40646,11,,,1,70,,40640,11,,,1,29,,40651,11,,,1,70,,40652,11,,,1,32,,40643,11,,,1,69,,40647,11,,,1,30,,40658,11,,,1,69,,40642,11,,,1,30,,40648,11,,,1,70,,40644,11,,,1,30,,40649,11,,,1,70,,40654,11,,,1,30,,40655,11,,,1,70,,40645,11,,,1,30,,40659,11,,,1,70,,40653,11,,,1,30,,40650,11,,,1,70,,40657,11,,,1,30,,40656,11,,,1
5900,'Semaine-1-_26ÉTÉ-1111100-',630,,40667,11,,,1,102,,40702,11,,,1,100,,40683,11,,,1,85,,40679,11,,,1,29,,40700,11,,,1,70,,40676,11,,,1,30,,40699,11,,,1,70,,40690,11,,,1,30,,40684,11,,,1,71,,40692,11,,,1,30,,40675,11,,,1,70,,40703,11,,,1,30,,40666,11,,,1,70,,40697,11,,,1,14,,40668,11,,,1,16,,40701,11,,,1,72,,40661,11,,,1,14,,40705,11,,,1,16,,40660,11,,,1,8,,40695,11,,,1,54,,40691,11,,,1,7,,40704,6,,,1,6,,40678,11,,,1,13,,40662,11,,,1,6,,40706,6,,,1,8,,40663,11,,,1,50,,40671,11,,,1,10,,40698,11,,,1,17,,40687,11,,,1,9,,40674,11,,,1,8,,40696,11,,,1,12,,40682,11,,,1,52,,40694,11,,,1,9,,40664,11,,,1,10,,40669,11,,,1,31,,40689,11,,,1,70,,40680,11,,,1,30,,40685,11,,,1,69,,40673,11,,,1,30,,40681,11,,,1,70,,40686,11,,,1,30,,40693,11,,,1,70,,40670,11,,,1,30,,40688,11,,,1,69,,40677,11,,,1,31,,40665,11,,,1,68,,40672,11,,,1
5900,'Semaine-10-_26ÉTÉ-1111100-',630,,40714,11,,,1,102,,40749,11,,,1,100,,40730,11,,,1,85,,40726,11,,,1,29,,40747,11,,,1,70,,40723,11,,,1,30,,40746,11,,,1,70,,40737,11,,,1,30,,40731,11,,,1,71,,40739,11,,,1,30,,40722,11,,,1,70,,40750,11,,,1,30,,40713,11,,,1,70,,40744,11,,,1,14,,40715,11,,,1,16,,40748,11,,,1,72,,40708,11,,,1,14,,40752,11,,,1,16,,40707,11,,,1,8,,40742,11,,,1,54,,40738,11,,,1,7,,40751,6,,,1,6,,40725,11,,,1,13,,40709,11,,,1,6,,40753,6,,,1,8,,40710,11,,,1,50,,40718,11,,,1,10,,40745,11,,,1,17,,40734,11,,,1,9,,40721,11,,,1,8,,40743,11,,,1,12,,40729,11,,,1,52,,40741,11,,,1,9,,40711,11,,,1,10,,40716,11,,,1,31,,40736,11,,,1,70,,40727,11,,,1,30,,40732,11,,,1,69,,40720,11,,,1,30,,40728,11,,,1,70,,40733,11,,,1,30,,40740,11,,,1,70,,40717,11,,,1,30,,40735,11,,,1,69,,40724,11,,,1,31,,40712,11,,,1,68,,40719,11,,,1
80001,'Samedi-0-_26ÉTÉ-0000010-',629,,45237,13,,,1,100,,45239,13,,,1,99,,45240,13,,,2,100,,45243,13,,,1,101,,45238,13,,,2,100,,45241,13,,,1,99,,45244,13,,,1,99,,45242,13,,,2,100,,45245,13,,,1,100,,45246,13,,,1,100,,45247,13,,,2,100,,45248,13,,,1,98,,45251,13,,,1,101,,45249,13,,,2,100,,45250,13,,,2,100,,45252,13,,,1,102,,45253,13,,,1
80001,'Dimanche-0-_26ÉTÉ-0000001-',629,,45254,13,,,1,100,,45255,13,,,1,99,,45259,13,,,2,100,,45256,13,,,1,101,,45260,13,,,2,100,,45257,13,,,1,99,,45258,13,,,1,99,,45262,13,,,2,100,,45261,13,,,1,100,,45263,13,,,1,100,,45265,13,,,2,100,,45266,13,,,1,98,,45267,13,,,1,101,,45264,13,,,2,100,,45268,13,,,2,100,,45269,13,,,1,102,,45270,13,,,1
80001,'Dimanche-10-_26ÉTÉ-0000001-',629,,45271,13,,,1,100,,45272,13,,,1,99,,45276,13,,,2,100,,45273,13,,,1,101,,45277,13,,,2,100,,45274,13,,,1,99,,45275,13,,,1,99,,45279,13,,,2,100,,45278,13,,,1,100,,45280,13,,,1,100,,45282,13,,,2,100,,45283,13,,,1,98,,45284,13,,,1,101,,45281,13,,,2,100,,45285,13,,,2,100,,45286,13,,,1,102,,45287,13,,,1
80001,'Semaine-1-_26ÉTÉ-1111100-',617,,45310,13,,,1,30,,45296,13,,,1,69,,45316,13,,,1,28,,45300,13,,,2,75,,45290,13,,,2,27,,45307,13,,,2,69,,45304,13,,,2,30,,45312,13,,,1,70,,45317,13,,,2,30,,45303,13,,,1,70,,45311,13,,,1,30,,45293,13,,,1,70,,45321,13,,,1,29,,45320,13,,,2,74,,45291,13,,,2,30,,45314,13,,,1,70,,45302,13,,,1,31,,45308,13,,,1,70,,45318,13,,,1,29,,45305,13,,,2,58,,45315,13,,,1,20,,45322,13,,,2,28,,45313,13,,,1,66,,45306,13,,,1,29,,45294,13,,,1,69,,45298,13,,,1,28,,45288,13,,,1,70,,45319,13,,,1,31,,45295,13,,,1,67,,45297,13,,,1,29,,45301,13,,,1,70,,45289,13,,,2,30,,45309,13,,,1,74,,45292,13,,,1,32,,45299,13,,,1
80001,'Semaine-10-_26ÉTÉ-1111100-',617,,45345,13,,,1,30,,45331,13,,,1,69,,45351,13,,,1,28,,45335,13,,,2,75,,45325,13,,,2,27,,45342,13,,,2,69,,45339,13,,,2,30,,45347,13,,,1,70,,45352,13,,,2,30,,45338,13,,,1,70,,45346,13,,,1,30,,45328,13,,,1,70,,45356,13,,,1,29,,45355,13,,,2,74,,45326,13,,,2,30,,45349,13,,,1,70,,45337,13,,,1,31,,45343,13,,,1,70,,45353,13,,,1,29,,45340,13,,,2,58,,45350,13,,,1,20,,45357,13,,,2,28,,45348,13,,,1,66,,45341,13,,,1,29,,45329,13,,,1,69,,45333,13,,,1,28,,45323,13,,,1,70,,45354,13,,,1,31,,45330,13,,,1,67,,45332,13,,,1,29,,45336,13,,,1,70,,45324,13,,,2,30,,45344,13,,,1,74,,45327,13,,,1,32,,45334,13,,,1
