6201,'Semaine-1-_26ÉTÉ-1111100-',513,,41000,2,,,2,30,,40994,2,,,2,70,,41010,2,,,1,31,,41005,2,,,2,69,,40990,2,,,2,32,,40991,2,,,2,69,,40995,2,,,2,29,,41004,2,,,1,91,,40996,2,,,1,100,,40992,2,,,2,100,,41001,2,,,2,100,,41008,2,,,2,100,,41011,2,,,2,98,,41002,2,,,1,95,,41012,2,,,1,83,,41007,2,,,1,45,,40993,2,,,1,77,,41006,2,,,2,70,,41009,2,,,1,100,,40999,2,,,1,100,,40998,2,,,1,45,,41003,2,,,1,100,,40997,2,,,1
6201,'Semaine-10-_26ÉTÉ-1111100-',513,,41023,2,,,2,30,,41017,2,,,2,70,,41033,2,,,1,31,,41028,2,,,2,69,,41013,2,,,2,32,,41014,2,,,2,69,,41018,2,,,2,29,,41027,2,,,1,91,,41019,2,,,1,100,,41015,2,,,2,100,,41024,2,,,2,100,,41031,2,,,2,100,,41034,2,,,2,98,,41025,2,,,1,95,,41035,2,,,1,83,,41030,2,,,1,45,,41016,2,,,1,77,,41029,2,,,2,70,,41032,2,,,1,100,,41022,2,,,2,100,,41021,2,,,1,45,,41026,2,,,1,100,,41020,2,,,1
6201,'Semaine-11-_26ÉTÉ-1111100-',513,,46963,2,,,2,30,,46957,2,,,2,70,,46973,2,,,1,31,,46968,2,,,2,69,,46953,2,,,2,32,,46954,2,,,2,69,,46958,2,,,2,29,,46967,2,,,1,91,,46959,2,,,1,100,,46955,2,,,2,100,,46964,2,,,2,100,,46971,2,,,2,100,,46974,2,,,2,98,,46965,2,,,1,95,,46975,2,,,1,83,,46970,2,,,1,45,,46956,2,,,1,77,,46969,2,,,2,70,,46972,2,,,1,100,,46962,2,,,1,100,,46961,2,,,1,45,,46966,2,,,1,100,,46960,2,,,1
6201,'Semaine-12-_26ÉTÉ-1111100-',513,,53478,2,,,2,30,,53472,2,,,2,70,,53488,2,,,1,31,,53483,2,,,2,69,,53468,2,,,2,32,,53469,2,,,2,69,,53473,2,,,2,29,,53482,2,,,1,91,,53474,2,,,1,100,,53470,2,,,2,100,,53479,2,,,2,100,,53486,2,,,2,100,,53489,2,,,2,98,,53480,2,,,1,95,,53490,2,,,1,83,,53485,2,,,1,45,,53471,2,,,1,77,,53484,2,,,2,70,,53487,2,,,1,100,,53477,2,,,1,100,,53476,2,,,1,45,,53481,2,,,1,100,,53475,2,,,1
6201,'Semaine-5-_26ÉTÉ-1111100-',513,,51044,2,,,2,30,,51038,2,,,2,70,,51054,2,,,1,31,,51049,2,,,2,69,,51034,2,,,2,32,,51035,2,,,2,69,,51039,2,,,2,29,,51048,2,,,1,91,,51040,2,,,1,100,,51036,2,,,2,100,,51045,2,,,2,100,,51052,2,,,2,100,,51055,2,,,2,98,,51046,2,,,1,95,,51056,2,,,1,83,,51051,2,,,1,45,,51037,2,,,1,77,,51050,2,,,2,70,,51053,2,,,1,100,,51043,2,,,1,100,,51042,2,,,1,45,,51047,2,,,1,100,,51041,2,,,1
7100,'Samedi-0-_26ÉTÉ-0000010-',804,,42399,2,,,2,100,,42400,2,,,1,100,,42402,2,,,1,101,,42397,2,,,1,100,,42401,2,,,1,100,,42398,2,,,1,100,,42403,2,,,1,100,,42404,2,,,2,100,,42405,2,,,2,100,,42406,2,,,2,100,,42407,2,,,2,99,,42408,2,,,2,100,,42409,2,,,1,100,,42410,2,,,1,100,,42411,2,,,2,100,,42412,2,,,1
7100,'Dimanche-0-_26ÉTÉ-0000001-',804,,42416,2,,,2,100,,42417,2,,,1,100,,42418,2,,,1,101,,42419,2,,,1,100,,42415,2,,,1,100,,42414,2,,,1,100,,42420,2,,,1,100,,42413,2,,,2,100,,42423,2,,,2,100,,42425,2,,,2,100,,42426,2,,,2,99,,42424,2,,,2,100,,42421,2,,,1,100,,42422,2,,,1,100,,42428,2,,,2,100,,42427,2,,,1
7100,'Dimanche-10-_26ÉTÉ-0000001-',804,,42432,2,,,2,100,,42433,2,,,1,100,,42434,2,,,1,101,,42435,2,,,1,100,,42431,2,,,1,100,,42430,2,,,1,100,,42436,2,,,1,100,,42429,2,,,2,100,,42439,2,,,2,100,,42441,2,,,2,100,,42442,2,,,2,99,,42440,2,,,2,100,,42437,2,,,1,100,,42438,2,,,1,100,,42444,2,,,2,100,,42443,2,,,1
7100,'Dimanche-11-_26ÉTÉ-0000001-',804,,49537,2,,,2,100,,49538,2,,,1,100,,49539,2,,,1,101,,49540,2,,,1,100,,49536,2,,,1,100,,49535,2,,,1,100,,49541,2,,,1,100,,49534,2,,,2,100,,49544,2,,,2,100,,49546,2,,,2,100,,49547,2,,,2,99,,49545,2,,,2,100,,49542,2,,,1,100,,49543,2,,,1,100,,49549,2,,,2,100,,49548,2,,,1
7100,'Semaine-1-_26ÉTÉ-1111100-',530,,42478,2,,,2,70,,42461,2,,,1,30,,42479,2,,,2,19,,42482,2,,,2,61,,42452,2,,,1,20,,42456,2,,,2,20,,42455,2,,,2,50,,42477,2,,,1,10,,42453,2,,,1,10,,42468,2,,,2,20,,42445,2,,,2,60,,42471,2,,,1,20,,42476,2,,,1,30,,42467,2,,,1,70,,42472,2,,,1,30,,42473,2,,,2,70,,42487,2,,,2,30,,42448,2,,,1,70,,42474,2,,,1,30,,42486,2,,,1,70,,42447,2,,,1,30,,42449,2,,,1,70,,42457,2,,,2,28,,42480,2,,,1,70,,42451,2,,,2,7,,42481,2,,,2,21,,42484,2,,,2,59,,42483,2,,,2,14,,42464,2,,,2,6,,42459,2,,,2,20,,42460,2,,,2,60,,42450,2,,,2,20,,42469,2,,,1,23,,42446,2,,,2,69,,42470,2,,,2,31,,42485,2,,,1,70,,42458,2,,,2,30,,42462,2,,,1,70,,42465,2,,,1,101,,42463,2,,,1,99,,42475,2,,,1,100,,42454,2,,,2,101,,42466,2,,,1
7100,'Semaine-10-_26ÉTÉ-1111100-',530,,42521,2,,,2,70,,42504,2,,,1,30,,42522,2,,,2,19,,42525,2,,,2,61,,42495,2,,,1,20,,42499,2,,,2,20,,42498,2,,,2,50,,42520,2,,,1,10,,42496,2,,,1,10,,42511,2,,,2,20,,42488,2,,,2,60,,42514,2,,,1,20,,42519,2,,,1,30,,42510,2,,,1,70,,42515,2,,,1,30,,42516,2,,,2,70,,42530,2,,,2,30,,42491,2,,,1,70,,42517,2,,,1,30,,42529,2,,,1,70,,42490,2,,,1,30,,42492,2,,,1,70,,42500,2,,,2,28,,42523,2,,,1,70,,42494,2,,,2,7,,42524,2,,,2,21,,42527,2,,,2,59,,42526,2,,,2,14,,42507,2,,,2,6,,42502,2,,,2,20,,42503,2,,,2,60,,42493,2,,,2,20,,42512,2,,,1,23,,42489,2,,,2,69,,42513,2,,,2,31,,42528,2,,,1,70,,42501,2,,,2,30,,42505,2,,,1,70,,42508,2,,,1,101,,42506,2,,,1,99,,42518,2,,,1,100,,42497,2,,,2,101,,42509,2,,,1
7100,'Semaine-11-_26ÉTÉ-1111100-',530,,47609,2,,,2,70,,47592,2,,,1,30,,47610,2,,,2,19,,47613,2,,,2,61,,47583,2,,,1,20,,47587,2,,,2,20,,47586,2,,,2,50,,47608,2,,,1,10,,47584,2,,,1,10,,47599,2,,,2,20,,47576,2,,,2,60,,47602,2,,,1,20,,47607,2,,,1,30,,47598,2,,,1,70,,47603,2,,,1,30,,47604,2,,,2,70,,47618,2,,,2,30,,47579,2,,,1,70,,47605,2,,,1,30,,47617,2,,,1,70,,47578,2,,,1,30,,47580,2,,,1,70,,47588,2,,,2,28,,47611,2,,,1,70,,47582,2,,,2,7,,47612,2,,,2,21,,47615,2,,,2,59,,47614,2,,,2,14,,47595,2,,,2,6,,47590,2,,,2,20,,47591,2,,,2,60,,47581,2,,,2,20,,47600,2,,,1,23,,47577,2,,,2,69,,47601,2,,,2,31,,47616,2,,,1,70,,47589,2,,,2,30,,47593,2,,,1,70,,47596,2,,,1,101,,47594,2,,,1,99,,47606,2,,,1,100,,47585,2,,,2,101,,47597,2,,,1
7100,'Semaine-12-_26ÉTÉ-1111100-',530,,53915,2,,,2,70,,53898,2,,,1,30,,53916,2,,,2,19,,53919,2,,,2,61,,53889,2,,,1,20,,53893,2,,,2,20,,53892,2,,,2,50,,53914,2,,,1,10,,53890,2,,,1,10,,53905,2,,,2,20,,53882,2,,,2,60,,53908,2,,,1,20,,53913,2,,,1,30,,53904,2,,,1,70,,53909,2,,,1,30,,53910,2,,,2,70,,53924,2,,,2,30,,53885,2,,,1,70,,53911,2,,,1,30,,53923,2,,,1,70,,53884,2,,,1,30,,53886,2,,,1,70,,53894,2,,,2,28,,53917,2,,,1,70,,53888,2,,,2,7,,53918,2,,,2,21,,53921,2,,,2,59,,53920,2,,,2,14,,53901,2,,,2,6,,53896,2,,,2,20,,53897,2,,,2,60,,53887,2,,,2,20,,53906,2,,,1,23,,53883,2,,,2,69,,53907,2,,,2,31,,53922,2,,,1,70,,53895,2,,,2,30,,53899,2,,,1,70,,53902,2,,,1,101,,53900,2,,,1,99,,53912,2,,,1,100,,53891,2,,,2,101,,53903,2,,,1
7100,'Semaine-5-_26ÉTÉ-1111100-',530,,51482,2,,,2,70,,51465,2,,,1,30,,51483,2,,,2,19,,51486,2,,,2,61,,51456,2,,,1,20,,51460,2,,,2,20,,51459,2,,,2,50,,51481,2,,,1,10,,51457,2,,,1,10,,51472,2,,,2,20,,51449,2,,,2,60,,51475,2,,,1,20,,51480,2,,,1,30,,51471,2,,,1,70,,51476,2,,,1,30,,51477,2,,,2,70,,51491,2,,,2,30,,51452,2,,,1,70,,51478,2,,,1,30,,51490,2,,,1,70,,51451,2,,,1,30,,51453,2,,,1,70,,51461,2,,,2,28,,51484,2,,,1,70,,51455,2,,,2,7,,51485,2,,,2,21,,51488,2,,,2,59,,51487,2,,,2,14,,51468,2,,,2,6,,51463,2,,,2,20,,51464,2,,,2,60,,51454,2,,,2,20,,51473,2,,,1,23,,51450,2,,,2,69,,51474,2,,,2,31,,51489,2,,,1,70,,51462,2,,,2,30,,51466,2,,,1,70,,51469,2,,,1,101,,51467,2,,,1,99,,51479,2,,,1,100,,51458,2,,,2,101,,51470,2,,,1
7300,'Semaine-1-_26ÉTÉ-1111100-',613,,42757,2,,,1,30,,42755,2,,,2,70,,42758,2,,,2,29,,42765,2,,,1,71,,42759,2,,,1,29,,42760,2,,,2,100,,42762,2,,,1,100,,42746,2,,,1,100,,42743,2,,,1,100,,42744,2,,,2,100,,42745,2,,,2,101,,42747,2,,,2,67,,42748,2,,,1,29,,42766,2,,,1,76,,42763,2,,,2,24,,42764,2,,,2,73,,42761,2,,,1,30,,42749,2,,,1,70,,42750,2,,,1,31,,42751,2,,,1,100,,42752,2,,,1,105,,42753,2,,,2,100,,42754,2,,,1,100,,42756,2,,,2
7300,'Semaine-10-_26ÉTÉ-1111100-',613,,42781,2,,,1,30,,42779,2,,,2,70,,42782,2,,,2,29,,42789,2,,,1,71,,42783,2,,,1,29,,42784,2,,,2,100,,42786,2,,,1,100,,42770,2,,,1,100,,42767,2,,,1,100,,42768,2,,,2,100,,42769,2,,,2,101,,42771,2,,,2,67,,42772,2,,,1,29,,42790,2,,,1,76,,42787,2,,,2,24,,42788,2,,,2,73,,42785,2,,,1,30,,42773,2,,,1,70,,42774,2,,,1,31,,42775,2,,,1,100,,42776,2,,,1,105,,42777,2,,,2,100,,42778,2,,,1,100,,42780,2,,,2
7300,'Semaine-11-_26ÉTÉ-1111100-',613,,47724,2,,,1,30,,47722,2,,,2,70,,47725,2,,,2,29,,47732,2,,,1,71,,47726,2,,,1,29,,47727,2,,,2,100,,47729,2,,,1,100,,47713,2,,,1,100,,47710,2,,,1,100,,47711,2,,,2,100,,47712,2,,,2,101,,47714,2,,,2,67,,47715,2,,,1,29,,47733,2,,,1,76,,47730,2,,,2,24,,47731,2,,,2,73,,47728,2,,,1,30,,47716,2,,,1,70,,47717,2,,,1,31,,47718,2,,,1,100,,47719,2,,,1,105,,47720,2,,,2,100,,47721,2,,,1,100,,47723,2,,,2
7300,'Semaine-12-_26ÉTÉ-1111100-',613,,54000,2,,,1,30,,53998,2,,,2,70,,54001,2,,,2,29,,54008,2,,,1,71,,54002,2,,,1,29,,54003,2,,,2,100,,54005,2,,,1,100,,53989,2,,,1,100,,53986,2,,,1,100,,53987,2,,,2,100,,53988,2,,,2,101,,53990,2,,,2,67,,53991,2,,,1,29,,54009,2,,,1,76,,54006,2,,,2,24,,54007,2,,,2,73,,54004,2,,,1,30,,53992,2,,,1,70,,53993,2,,,1,31,,53994,2,,,1,100,,53995,2,,,1,105,,53996,2,,,2,100,,53997,2,,,1,100,,53999,2,,,2
7300,'Semaine-5-_26ÉTÉ-1111100-',613,,51567,2,,,1,30,,51565,2,,,2,70,,51568,2,,,2,29,,51575,2,,,1,71,,51569,2,,,1,29,,51570,2,,,2,100,,51572,2,,,1,100,,51556,2,,,1,100,,51553,2,,,1,100,,51554,2,,,2,100,,51555,2,,,2,101,,51557,2,,,2,67,,51558,2,,,1,29,,51576,2,,,1,76,,51573,2,,,2,24,,51574,2,,,2,73,,51571,2,,,1,30,,51559,2,,,1,70,,51560,2,,,1,31,,51561,2,,,1,100,,51562,2,,,1,105,,51563,2,,,2,100,,51564,2,,,1,100,,51566,2,,,2
