6501,'Samedi-0-_26ÉTÉ-0000010-',744,,41440,9,,,1,100,,41438,9,,,2,100,,41437,9,,,1,100,,41435,9,,,1,100,,41434,9,,,1,100,,41436,9,,,1,100,,41439,9,,,1,100,,41441,9,,,1,100,,41442,9,,,1,100,,41443,9,,,1,100,,41444,9,,,1,100,,41448,9,,,1,100,,41445,9,,,1,100,,41446,9,,,1,100,,41447,9,,,1,100,,41449,9,,,2,100,,41450,9,,,1
6501,'Samedi-10-_26ÉTÉ-0000010-',744,,47153,9,,,1,100,,47151,9,,,2,100,,47150,9,,,1,100,,47148,9,,,1,100,,47147,9,,,1,100,,47149,9,,,1,100,,47152,9,,,1,100,,47154,9,,,1,100,,47155,9,,,1,100,,47156,9,,,1,100,,47157,9,,,1,100,,47161,9,,,1,100,,47158,9,,,1,100,,47159,9,,,1,100,,47160,9,,,1,100,,47162,9,,,2,100,,47163,9,,,1
6501,'Dimanche-0-_26ÉTÉ-0000001-',744,,41454,9,,,1,100,,41455,9,,,2,100,,41457,9,,,1,100,,41453,9,,,1,100,,41456,9,,,1,100,,41452,9,,,1,100,,41451,9,,,1,100,,41458,9,,,1,100,,41463,9,,,1,100,,41465,9,,,1,100,,41460,9,,,1,100,,41461,9,,,1,100,,41459,9,,,1,100,,41464,9,,,1,100,,41466,9,,,1,100,,41467,9,,,2,100,,41462,9,,,1
6501,'Dimanche-10-_26ÉTÉ-0000001-',744,,41471,9,,,1,100,,41472,9,,,2,100,,41474,9,,,1,100,,41470,9,,,1,100,,41473,9,,,1,100,,41469,9,,,1,100,,41468,9,,,1,100,,41475,9,,,1,100,,41480,9,,,1,100,,41482,9,,,1,100,,41477,9,,,1,100,,41478,9,,,1,100,,41476,9,,,1,100,,41481,9,,,1,100,,41483,9,,,1,100,,41484,9,,,2,100,,41479,9,,,1
6501,'Semaine-1-_26ÉTÉ-1111100-',534,,41502,9,,,1,70,,41516,9,,,1,20,,41485,9,,,1,20,,41501,9,,,1,60,,41517,9,,,1,20,,41504,9,,,1,20,,41506,9,,,1,60,,41496,9,,,2,20,,41499,9,,,2,20,,41487,9,,,1,60,,41513,9,,,2,30,,41488,9,,,1,100,,41489,9,,,2,100,,41514,9,,,1,101,,41507,9,,,2,100,,41503,9,,,2,100,,41508,9,,,1,70,,41498,9,,,2,30,,41486,9,,,2,18,,41492,9,,,2,62,,41511,9,,,2,20,,41515,9,,,1,18,,41493,9,,,1,62,,41512,9,,,1,20,,41490,9,,,2,20,,41494,9,,,1,69,,41510,9,,,1,30,,41500,9,,,2,70,,41495,9,,,1,100,,41509,9,,,1,100,,41505,9,,,1,100,,41497,9,,,1,100,,41491,9,,,1
6501,'Semaine-10-_26ÉTÉ-1111100-',534,,41535,9,,,1,70,,41549,9,,,1,20,,41518,9,,,1,20,,41534,9,,,1,60,,41550,9,,,1,20,,41537,9,,,1,20,,41539,9,,,1,60,,41529,9,,,2,20,,41532,9,,,2,20,,41520,9,,,1,60,,41546,9,,,2,30,,41521,9,,,1,100,,41522,9,,,2,100,,41547,9,,,1,101,,41540,9,,,2,100,,41536,9,,,2,100,,41541,9,,,1,70,,41531,9,,,2,30,,41519,9,,,2,18,,41525,9,,,2,62,,41544,9,,,2,20,,41548,9,,,1,18,,41526,9,,,1,62,,41545,9,,,1,20,,41523,9,,,2,20,,41527,9,,,1,69,,41543,9,,,1,30,,41533,9,,,2,70,,41528,9,,,1,100,,41542,9,,,1,100,,41538,9,,,1,100,,41530,9,,,1,100,,41524,9,,,1
6501,'Semaine-11-_26ÉTÉ-1111100-',534,,47181,9,,,1,70,,47195,9,,,1,20,,47164,9,,,1,20,,47180,9,,,1,60,,47196,9,,,1,20,,47183,9,,,1,20,,47185,9,,,1,60,,47175,9,,,2,20,,47178,9,,,2,20,,47166,9,,,1,60,,47192,9,,,2,30,,47167,9,,,1,100,,47168,9,,,2,100,,47193,9,,,1,101,,47186,9,,,2,100,,47182,9,,,2,100,,47187,9,,,1,70,,47177,9,,,2,30,,47165,9,,,2,18,,47171,9,,,2,62,,47190,9,,,2,20,,47194,9,,,1,18,,47172,9,,,1,62,,47191,9,,,1,20,,47169,9,,,2,20,,47173,9,,,1,69,,47189,9,,,1,30,,47179,9,,,2,70,,47174,9,,,1,100,,47188,9,,,1,100,,47184,9,,,1,100,,47176,9,,,1,100,,47170,9,,,1
8501,'Semaine-1-_26ÉTÉ-1111100-',523,,43613,5,,,1,28,,43615,5,,,1,64,,43618,5,,,1,18,,43617,5,,,2,14,,43622,5,,,2,57,,43614,5,,,2,15,,43620,5,,,1,15,,43616,5,,,2,15,,43621,5,,,1,60,,43619,5,,,1
8501,'Semaine-10-_26ÉTÉ-1111100-',523,,43623,5,,,1,28,,43625,5,,,1,64,,43628,5,,,1,18,,43627,5,,,2,14,,43632,5,,,2,57,,43624,5,,,2,15,,43630,5,,,1,15,,43626,5,,,2,15,,43631,5,,,1,60,,43629,5,,,1
8501,'Semaine-11-_26ÉTÉ-1111100-',523,,48095,5,,,1,28,,48097,5,,,1,64,,48100,5,,,1,18,,48099,5,,,2,14,,48104,5,,,2,57,,48096,5,,,2,15,,48102,5,,,1,15,,48098,5,,,2,15,,48103,5,,,1,60,,48101,5,,,1
