1501,'Semaine-1-_26ÉTÉ-1111100-',701,,37309,8,,,2
1501,'Semaine-10-_26ÉTÉ-1111100-',701,,37310,8,,,2
1501,'Semaine-11-_26ÉTÉ-1111100-',701,,45359,8,,,2
6901,'Samedi-0-_26ÉTÉ-0000010-',814,,42308,12,,,1,100,,42309,12,,,1,100,,42310,12,,,1,100,,42311,12,,,1,100,,42313,12,,,1,100,,42312,12,,,1,100,,42314,12,,,1,100,,42315,12,,,1,100,,42316,12,,,1,100,,42317,12,,,1,100,,42318,12,,,1,100,,42319,12,,,1,100,,42320,12,,,2,100,,42321,12,,,2,100,,42322,12,,,2
6901,'Samedi-10-_26ÉTÉ-0000010-',814,,47523,12,,,1,100,,47524,12,,,1,100,,47525,12,,,1,100,,47526,12,,,1,100,,47528,12,,,1,100,,47527,12,,,1,100,,47529,12,,,1,100,,47530,12,,,1,100,,47531,12,,,1,100,,47532,12,,,1,100,,47533,12,,,1,100,,47534,12,,,1,100,,47535,12,,,2,100,,47536,12,,,2,100,,47537,12,,,2
6901,'Dimanche-0-_26ÉTÉ-0000001-',814,,42327,12,,,1,100,,42325,12,,,1,100,,42326,12,,,1,100,,42323,12,,,1,100,,42324,12,,,1,100,,42328,12,,,1,100,,42329,12,,,1,100,,42332,12,,,1,100,,42333,12,,,1,100,,42330,12,,,1,100,,42331,12,,,1,100,,42337,12,,,1,100,,42335,12,,,2,100,,42336,12,,,2,100,,42334,12,,,2
6901,'Dimanche-10-_26ÉTÉ-0000001-',814,,42342,12,,,1,100,,42340,12,,,1,100,,42341,12,,,1,100,,42338,12,,,1,100,,42339,12,,,1,100,,42343,12,,,1,100,,42344,12,,,1,100,,42347,12,,,1,100,,42348,12,,,1,100,,42345,12,,,1,100,,42346,12,,,1,100,,42352,12,,,1,100,,42350,12,,,2,100,,42351,12,,,2,100,,42349,12,,,2
6901,'Semaine-1-_26ÉTÉ-1111100-',547,,42357,12,,,1,70,,42371,12,,,1,30,,42360,12,,,1,72,,42368,12,,,1,30,,42356,12,,,1,68,,42361,12,,,1,30,,42374,12,,,2,59,,42362,12,,,1,101,,42363,12,,,2,100,,42364,12,,,2,100,,42365,12,,,2,95,,42366,12,,,2,100,,42367,12,,,1,100,,42372,12,,,2,100,,42353,12,,,2,100,,42369,12,,,2,100,,42370,12,,,2,30,,42359,12,,,2,110,,42358,12,,,2,100,,42373,12,,,2,100,,42355,12,,,1,100,,42354,12,,,1
6901,'Semaine-10-_26ÉTÉ-1111100-',547,,42379,12,,,1,70,,42393,12,,,1,30,,42382,12,,,1,72,,42390,12,,,1,30,,42378,12,,,1,68,,42383,12,,,1,30,,42396,12,,,2,59,,42384,12,,,1,101,,42385,12,,,2,100,,42386,12,,,2,100,,42387,12,,,2,95,,42388,12,,,2,100,,42389,12,,,1,100,,42394,12,,,2,100,,42375,12,,,2,100,,42391,12,,,2,100,,42392,12,,,2,30,,42381,12,,,2,110,,42380,12,,,2,100,,42395,12,,,2,100,,42377,12,,,2,100,,42376,12,,,2
6901,'Semaine-11-_26ÉTÉ-1111100-',547,,47542,12,,,1,70,,47556,12,,,1,30,,47545,12,,,1,72,,47553,12,,,1,30,,47541,12,,,1,68,,47546,12,,,1,30,,47559,12,,,2,59,,47547,12,,,1,101,,47548,12,,,2,100,,47549,12,,,2,100,,47550,12,,,2,95,,47551,12,,,2,100,,47552,12,,,1,100,,47557,12,,,2,100,,47538,12,,,2,100,,47554,12,,,2,100,,47555,12,,,2,30,,47544,12,,,2,110,,47543,12,,,2,100,,47558,12,,,2,100,,47540,12,,,1,100,,47539,12,,,1
