6501,'Samedi-0-_26ÉTÉ-0000010-',742,,41440,5,,,1,100,,41438,5,,,2,100,,41437,5,,,1,100,,41435,5,,,1,100,,41434,5,,,1,100,,41436,5,,,1,100,,41439,5,,,1,100,,41441,5,,,1,100,,41442,5,,,1,100,,41443,5,,,1,100,,41444,5,,,1,100,,41448,5,,,1,100,,41445,5,,,1,100,,41446,5,,,1,100,,41447,5,,,1,100,,41449,5,,,2,100,,41450,5,,,1
6501,'Dimanche-0-_26ÉTÉ-0000001-',742,,41454,5,,,1,100,,41455,5,,,2,100,,41457,5,,,1,100,,41453,5,,,1,100,,41456,5,,,1,100,,41452,5,,,1,100,,41451,5,,,1,100,,41458,5,,,1,100,,41463,5,,,1,100,,41465,5,,,1,100,,41460,5,,,1,100,,41461,5,,,1,100,,41459,5,,,1,100,,41464,5,,,1,100,,41466,5,,,1,100,,41467,5,,,2,100,,41462,5,,,1
6501,'Dimanche-10-_26ÉTÉ-0000001-',742,,41471,5,,,1,100,,41472,5,,,2,100,,41474,5,,,1,100,,41470,5,,,1,100,,41473,5,,,1,100,,41469,5,,,1,100,,41468,5,,,1,100,,41475,5,,,1,100,,41480,5,,,1,100,,41482,5,,,1,100,,41477,5,,,1,100,,41478,5,,,1,100,,41476,5,,,1,100,,41481,5,,,1,100,,41483,5,,,1,100,,41484,5,,,2,100,,41479,5,,,1
6501,'Dimanche-11-_26ÉTÉ-0000001-',742,,49400,5,,,1,100,,49401,5,,,2,100,,49403,5,,,1,100,,49399,5,,,1,100,,49402,5,,,1,100,,49398,5,,,1,100,,49397,5,,,1,100,,49404,5,,,1,100,,49409,5,,,1,100,,49411,5,,,1,100,,49406,5,,,1,100,,49407,5,,,1,100,,49405,5,,,1,100,,49410,5,,,1,100,,49412,5,,,1,100,,49413,5,,,2,100,,49408,5,,,1
6501,'Semaine-1-_26ÉTÉ-1111100-',532,,41502,5,,,1,70,,41516,5,,,1,20,,41485,5,,,1,20,,41501,5,,,1,60,,41517,5,,,1,20,,41504,5,,,1,20,,41506,5,,,1,60,,41496,5,,,2,20,,41499,5,,,2,20,,41487,5,,,1,60,,41513,5,,,2,30,,41488,5,,,1,100,,41489,5,,,2,100,,41514,5,,,1,100,,41507,5,,,2,100,,41503,5,,,2,100,,41508,5,,,1,70,,41498,5,,,2,30,,41486,5,,,2,18,,41492,5,,,2,62,,41511,5,,,2,20,,41515,5,,,1,18,,41493,5,,,1,62,,41512,5,,,1,20,,41490,5,,,2,20,,41494,5,,,1,70,,41510,5,,,1,30,,41500,5,,,2,70,,41495,5,,,1,100,,41509,5,,,1,100,,41505,5,,,1,100,,41497,5,,,1,100,,41491,5,,,1
6501,'Semaine-10-_26ÉTÉ-1111100-',532,,41535,5,,,1,70,,41549,5,,,1,20,,41518,5,,,1,20,,41534,5,,,1,60,,41550,5,,,1,20,,41537,5,,,1,20,,41539,5,,,1,60,,41529,5,,,2,20,,41532,5,,,2,20,,41520,5,,,1,60,,41546,5,,,2,30,,41521,5,,,1,100,,41522,5,,,2,100,,41547,5,,,1,100,,41540,5,,,2,100,,41536,5,,,2,100,,41541,5,,,1,70,,41531,5,,,2,30,,41519,5,,,2,18,,41525,5,,,2,62,,41544,5,,,2,20,,41548,5,,,1,18,,41526,5,,,1,62,,41545,5,,,1,20,,41523,5,,,2,20,,41527,5,,,1,70,,41543,5,,,1,30,,41533,5,,,2,70,,41528,5,,,1,100,,41542,5,,,1,100,,41538,5,,,1,100,,41530,5,,,1,100,,41524,5,,,1
6501,'Semaine-11-_26ÉTÉ-1111100-',532,,47181,5,,,1,70,,47195,5,,,1,20,,47164,5,,,1,20,,47180,5,,,1,60,,47196,5,,,1,20,,47183,5,,,1,20,,47185,5,,,1,60,,47175,5,,,2,20,,47178,5,,,2,20,,47166,5,,,1,60,,47192,5,,,2,30,,47167,5,,,1,100,,47168,5,,,2,100,,47193,5,,,1,100,,47186,5,,,2,100,,47182,5,,,2,100,,47187,5,,,1,70,,47177,5,,,2,30,,47165,5,,,2,18,,47171,5,,,2,62,,47190,5,,,2,20,,47194,5,,,1,18,,47172,5,,,1,62,,47191,5,,,1,20,,47169,5,,,2,20,,47173,5,,,1,70,,47189,5,,,1,30,,47179,5,,,2,70,,47174,5,,,1,100,,47188,5,,,1,100,,47184,5,,,1,100,,47176,5,,,1,100,,47170,5,,,1
6501,'Semaine-12-_26ÉTÉ-1111100-',532,,53623,5,,,1,70,,53637,5,,,1,20,,53606,5,,,1,20,,53622,5,,,1,60,,53638,5,,,1,20,,53625,5,,,1,20,,53627,5,,,1,60,,53617,5,,,2,20,,53620,5,,,2,20,,53608,5,,,1,60,,53634,5,,,2,30,,53609,5,,,1,100,,53610,5,,,2,100,,53635,5,,,1,100,,53628,5,,,2,100,,53624,5,,,2,100,,53629,5,,,1,70,,53619,5,,,2,30,,53607,5,,,2,18,,53613,5,,,2,62,,53632,5,,,2,20,,53636,5,,,1,18,,53614,5,,,1,62,,53633,5,,,1,20,,53611,5,,,2,20,,53615,5,,,1,70,,53631,5,,,1,30,,53621,5,,,2,70,,53616,5,,,1,100,,53630,5,,,1,100,,53626,5,,,1,100,,53618,5,,,1,100,,53612,5,,,1
6501,'Semaine-5-_26ÉTÉ-1111100-',532,,51190,5,,,1,70,,51204,5,,,1,20,,51173,5,,,1,20,,51189,5,,,1,60,,51205,5,,,1,20,,51192,5,,,1,20,,51194,5,,,1,60,,51184,5,,,2,20,,51187,5,,,2,20,,51175,5,,,1,60,,51201,5,,,2,30,,51176,5,,,1,100,,51177,5,,,2,100,,51202,5,,,1,100,,51195,5,,,2,100,,51191,5,,,2,100,,51196,5,,,1,70,,51186,5,,,2,30,,51174,5,,,2,18,,51180,5,,,2,62,,51199,5,,,2,20,,51203,5,,,1,18,,51181,5,,,1,62,,51200,5,,,1,20,,51178,5,,,2,20,,51182,5,,,1,70,,51198,5,,,1,30,,51188,5,,,2,70,,51183,5,,,1,100,,51197,5,,,1,100,,51193,5,,,1,100,,51185,5,,,1,100,,51179,5,,,1
7600,'Samedi-0-_26ÉTÉ-0000010-',736,,43094,5,,,1,100,,43097,5,,,1,100,,43096,5,,,1,100,,43099,5,,,1,100,,43098,5,,,1,101,,43093,5,,,2,99,,43095,5,,,1,100,,43100,5,,,1,100,,43101,5,,,2,100,,43102,5,,,1,100,,43103,5,,,2,100,,43104,5,,,1,100,,43105,5,,,1,100,,43106,5,,,2,100,,43107,5,,,2,100,,43108,5,,,2
7600,'Dimanche-0-_26ÉTÉ-0000001-',736,,43112,5,,,1,100,,43111,5,,,1,100,,43116,5,,,1,100,,43115,5,,,1,100,,43114,5,,,1,101,,43110,5,,,2,99,,43113,5,,,1,100,,43109,5,,,1,100,,43117,5,,,2,100,,43121,5,,,1,100,,43118,5,,,2,100,,43124,5,,,1,100,,43122,5,,,1,100,,43123,5,,,2,100,,43120,5,,,2,100,,43119,5,,,2
7600,'Dimanche-10-_26ÉTÉ-0000001-',736,,43128,5,,,1,100,,43127,5,,,1,100,,43132,5,,,1,100,,43131,5,,,1,100,,43130,5,,,1,101,,43126,5,,,2,99,,43129,5,,,1,100,,43125,5,,,1,100,,43133,5,,,2,100,,43137,5,,,1,100,,43134,5,,,2,100,,43140,5,,,1,100,,43138,5,,,1,100,,43139,5,,,2,100,,43136,5,,,2,100,,43135,5,,,2
7600,'Dimanche-11-_26ÉTÉ-0000001-',736,,49619,5,,,1,100,,49618,5,,,1,100,,49623,5,,,1,100,,49622,5,,,1,100,,49621,5,,,1,101,,49617,5,,,2,99,,49620,5,,,1,100,,49616,5,,,1,100,,49624,5,,,2,100,,49628,5,,,1,100,,49625,5,,,2,100,,49631,5,,,1,100,,49629,5,,,1,100,,49630,5,,,2,100,,49627,5,,,2,100,,49626,5,,,2
7600,'Semaine-1-_26ÉTÉ-1111100-',542,,43166,5,,,2,70,,43169,5,,,2,30,,43159,5,,,1,60,,43154,5,,,1,20,,43147,5,,,2,19,,43163,5,,,2,63,,43161,5,,,2,15,,43172,5,,,1,13,,43167,5,,,2,20,,43164,5,,,1,60,,43175,5,,,1,25,,43170,5,,,2,70,,43176,5,,,2,30,,43171,5,,,1,70,,43142,5,,,2,30,,43173,5,,,1,70,,43158,5,,,1,30,,43177,5,,,1,70,,43146,5,,,1,30,,43143,5,,,1,70,,43144,5,,,2,30,,43149,5,,,1,70,,43178,5,,,2,30,,43148,5,,,2,22,,43160,5,,,2,60,,43162,5,,,1,21,,43174,5,,,2,60,,43141,5,,,2,17,,43145,5,,,1,20,,43155,5,,,1,68,,43156,5,,,1,30,,43157,5,,,1,70,,43168,5,,,1,45,,43150,5,,,1,100,,43151,5,,,1,100,,43152,5,,,1,100,,43153,5,,,1,100,,43165,5,,,2
7600,'Semaine-10-_26ÉTÉ-1111100-',542,,43204,5,,,2,70,,43207,5,,,2,30,,43197,5,,,1,60,,43192,5,,,1,20,,43185,5,,,2,19,,43201,5,,,2,63,,43199,5,,,2,15,,43210,5,,,1,13,,43205,5,,,2,20,,43202,5,,,1,60,,43213,5,,,1,25,,43208,5,,,2,70,,43214,5,,,2,30,,43209,5,,,1,70,,43180,5,,,2,30,,43211,5,,,1,70,,43196,5,,,1,30,,43215,5,,,1,70,,43184,5,,,1,30,,43181,5,,,1,70,,43182,5,,,2,30,,43187,5,,,1,70,,43216,5,,,2,30,,43186,5,,,2,22,,43198,5,,,2,60,,43200,5,,,1,21,,43212,5,,,2,60,,43179,5,,,2,17,,43183,5,,,1,20,,43193,5,,,1,68,,43194,5,,,1,30,,43195,5,,,1,70,,43206,5,,,1,45,,43188,5,,,1,100,,43189,5,,,1,100,,43190,5,,,1,100,,43191,5,,,1,100,,43203,5,,,2
7600,'Semaine-11-_26ÉTÉ-1111100-',542,,47908,5,,,2,70,,47911,5,,,2,30,,47901,5,,,1,60,,47896,5,,,1,20,,47889,5,,,2,19,,47905,5,,,2,63,,47903,5,,,2,15,,47914,5,,,1,13,,47909,5,,,2,20,,47906,5,,,1,60,,47917,5,,,1,25,,47912,5,,,2,70,,47918,5,,,2,30,,47913,5,,,1,70,,47884,5,,,2,30,,47915,5,,,1,70,,47900,5,,,1,30,,47919,5,,,1,70,,47888,5,,,1,30,,47885,5,,,1,70,,47886,5,,,2,30,,47891,5,,,1,70,,47920,5,,,2,30,,47890,5,,,2,22,,47902,5,,,2,60,,47904,5,,,1,21,,47916,5,,,2,60,,47883,5,,,2,17,,47887,5,,,1,20,,47897,5,,,1,68,,47898,5,,,1,30,,47899,5,,,1,70,,47910,5,,,1,45,,47892,5,,,1,100,,47893,5,,,1,100,,47894,5,,,1,100,,47895,5,,,1,100,,47907,5,,,2
7600,'Semaine-12-_26ÉTÉ-1111100-',542,,54132,5,,,2,70,,54135,5,,,2,30,,54125,5,,,1,60,,54120,5,,,1,20,,54113,5,,,2,19,,54129,5,,,2,63,,54127,5,,,2,15,,54138,5,,,1,13,,54133,5,,,2,20,,54130,5,,,1,60,,54141,5,,,1,25,,54136,5,,,2,70,,54142,5,,,2,30,,54137,5,,,1,70,,54108,5,,,2,30,,54139,5,,,1,70,,54124,5,,,1,30,,54143,5,,,1,70,,54112,5,,,1,30,,54109,5,,,1,70,,54110,5,,,2,30,,54115,5,,,1,70,,54144,5,,,2,30,,54114,5,,,2,22,,54126,5,,,2,60,,54128,5,,,1,21,,54140,5,,,2,60,,54107,5,,,2,17,,54111,5,,,1,20,,54121,5,,,1,68,,54122,5,,,1,30,,54123,5,,,1,70,,54134,5,,,1,45,,54116,5,,,1,100,,54117,5,,,1,100,,54118,5,,,1,100,,54119,5,,,1,100,,54131,5,,,2
7600,'Semaine-5-_26ÉTÉ-1111100-',542,,51699,5,,,2,70,,51702,5,,,2,30,,51692,5,,,1,60,,51687,5,,,1,20,,51680,5,,,2,19,,51696,5,,,2,63,,51694,5,,,2,15,,51705,5,,,1,13,,51700,5,,,2,20,,51697,5,,,1,60,,51708,5,,,1,25,,51703,5,,,2,70,,51709,5,,,2,30,,51704,5,,,1,70,,51675,5,,,2,30,,51706,5,,,1,70,,51691,5,,,1,30,,51710,5,,,1,70,,51679,5,,,1,30,,51676,5,,,1,70,,51677,5,,,2,30,,51682,5,,,1,70,,51711,5,,,2,30,,51681,5,,,2,22,,51693,5,,,2,60,,51695,5,,,1,21,,51707,5,,,2,60,,51674,5,,,2,17,,51678,5,,,1,20,,51688,5,,,1,68,,51689,5,,,1,30,,51690,5,,,1,70,,51701,5,,,1,45,,51683,5,,,1,100,,51684,5,,,1,100,,51685,5,,,1,100,,51686,5,,,1,100,,51698,5,,,2
