6501,'Samedi-0-_26ÉTÉ-0000010-',749,,41440,22,,,1,100,,41438,22,,,2,100,,41437,22,,,1,100,,41435,22,,,1,100,,41434,22,,,1,100,,41436,22,,,1,100,,41439,22,,,1,100,,41441,22,,,1,100,,41442,22,,,1,100,,41443,22,,,1,100,,41444,22,,,1,100,,41448,22,,,1,100,,41445,22,,,1,100,,41446,22,,,1,100,,41447,22,,,1,100,,41449,22,,,2,100,,41450,22,,,1
6501,'Dimanche-0-_26ÉTÉ-0000001-',749,,41454,22,,,1,100,,41455,22,,,2,100,,41457,22,,,1,100,,41453,22,,,1,100,,41456,22,,,1,100,,41452,22,,,1,100,,41451,22,,,1,100,,41458,22,,,1,100,,41463,22,,,1,100,,41465,22,,,1,100,,41460,22,,,1,100,,41461,22,,,1,100,,41459,22,,,1,100,,41464,22,,,1,100,,41466,22,,,1,100,,41467,22,,,2,100,,41462,22,,,1
6501,'Dimanche-10-_26ÉTÉ-0000001-',749,,41471,22,,,1,100,,41472,22,,,2,100,,41474,22,,,1,100,,41470,22,,,1,100,,41473,22,,,1,100,,41469,22,,,1,100,,41468,22,,,1,100,,41475,22,,,1,100,,41480,22,,,1,100,,41482,22,,,1,100,,41477,22,,,1,100,,41478,22,,,1,100,,41476,22,,,1,100,,41481,22,,,1,100,,41483,22,,,1,100,,41484,22,,,2,100,,41479,22,,,1
6501,'Dimanche-11-_26ÉTÉ-0000001-',749,,49400,22,,,1,100,,49401,22,,,2,100,,49403,22,,,1,100,,49399,22,,,1,100,,49402,22,,,1,100,,49398,22,,,1,100,,49397,22,,,1,100,,49404,22,,,1,100,,49409,22,,,1,100,,49411,22,,,1,100,,49406,22,,,1,100,,49407,22,,,1,100,,49405,22,,,1,100,,49410,22,,,1,100,,49412,22,,,1,100,,49413,22,,,2,100,,49408,22,,,1
6501,'Semaine-1-_26ÉTÉ-1111100-',542,,41502,22,,,1,70,,41516,22,,,1,20,,41485,22,,,1,20,,41501,22,,,1,60,,41517,22,,,1,20,,41504,22,,,1,20,,41506,22,,,1,60,,41496,22,,,2,20,,41499,22,,,2,20,,41487,22,,,1,60,,41513,22,,,2,30,,41488,22,,,1,100,,41489,22,,,2,100,,41514,22,,,1,102,,41507,22,,,2,100,,41503,22,,,2,100,,41508,22,,,1,70,,41498,22,,,2,30,,41486,22,,,2,58,,41492,22,,,2,22,,41511,22,,,2,20,,41515,22,,,1,58,,41493,22,,,1,22,,41512,22,,,1,20,,41490,22,,,2,60,,41494,22,,,1,27,,41510,22,,,1,70,,41500,22,,,2,30,,41495,22,,,1,100,,41509,22,,,1,100,,41505,22,,,1,100,,41497,22,,,1,100,,41491,22,,,1
6501,'Semaine-10-_26ÉTÉ-1111100-',542,,41535,22,,,1,70,,41549,22,,,1,20,,41518,22,,,1,20,,41534,22,,,1,60,,41550,22,,,1,20,,41537,22,,,1,20,,41539,22,,,1,60,,41529,22,,,2,20,,41532,22,,,2,20,,41520,22,,,1,60,,41546,22,,,2,30,,41521,22,,,1,100,,41522,22,,,2,100,,41547,22,,,1,102,,41540,22,,,2,100,,41536,22,,,2,100,,41541,22,,,1,70,,41531,22,,,2,30,,41519,22,,,2,58,,41525,22,,,2,22,,41544,22,,,2,20,,41548,22,,,1,58,,41526,22,,,1,22,,41545,22,,,1,20,,41523,22,,,2,60,,41527,22,,,1,27,,41543,22,,,1,70,,41533,22,,,2,30,,41528,22,,,1,100,,41542,22,,,1,100,,41538,22,,,1,100,,41530,22,,,1,100,,41524,22,,,1
6501,'Semaine-11-_26ÉTÉ-1111100-',542,,47181,22,,,1,70,,47195,22,,,1,20,,47164,22,,,1,20,,47180,22,,,1,60,,47196,22,,,1,20,,47183,22,,,1,20,,47185,22,,,1,60,,47175,22,,,2,20,,47178,22,,,2,20,,47166,22,,,1,60,,47192,22,,,2,30,,47167,22,,,1,100,,47168,22,,,2,100,,47193,22,,,1,102,,47186,22,,,2,100,,47182,22,,,2,100,,47187,22,,,1,70,,47177,22,,,2,30,,47165,22,,,2,58,,47171,22,,,2,22,,47190,22,,,2,20,,47194,22,,,1,58,,47172,22,,,1,22,,47191,22,,,1,20,,47169,22,,,2,60,,47173,22,,,1,27,,47189,22,,,1,70,,47179,22,,,2,30,,47174,22,,,1,100,,47188,22,,,1,100,,47184,22,,,1,100,,47176,22,,,1,100,,47170,22,,,1
6501,'Semaine-12-_26ÉTÉ-1111100-',542,,53623,22,,,1,70,,53637,22,,,1,20,,53606,22,,,1,20,,53622,22,,,1,60,,53638,22,,,1,20,,53625,22,,,1,20,,53627,22,,,1,60,,53617,22,,,2,20,,53620,22,,,2,20,,53608,22,,,1,60,,53634,22,,,2,30,,53609,22,,,1,100,,53610,22,,,2,100,,53635,22,,,1,102,,53628,22,,,2,100,,53624,22,,,2,100,,53629,22,,,1,70,,53619,22,,,2,30,,53607,22,,,2,58,,53613,22,,,2,22,,53632,22,,,2,20,,53636,22,,,1,58,,53614,22,,,1,22,,53633,22,,,1,20,,53611,22,,,2,60,,53615,22,,,1,27,,53631,22,,,1,70,,53621,22,,,2,30,,53616,22,,,1,100,,53630,22,,,1,100,,53626,22,,,1,100,,53618,22,,,1,100,,53612,22,,,1
6501,'Semaine-5-_26ÉTÉ-1111100-',542,,51190,22,,,1,70,,51204,22,,,1,20,,51173,22,,,1,20,,51189,22,,,1,60,,51205,22,,,1,20,,51192,22,,,1,20,,51194,22,,,1,60,,51184,22,,,2,20,,51187,22,,,2,20,,51175,22,,,1,60,,51201,22,,,2,30,,51176,22,,,1,100,,51177,22,,,2,100,,51202,22,,,1,102,,51195,22,,,2,100,,51191,22,,,2,100,,51196,22,,,1,70,,51186,22,,,2,30,,51174,22,,,2,58,,51180,22,,,2,22,,51199,22,,,2,20,,51203,22,,,1,58,,51181,22,,,1,22,,51200,22,,,1,20,,51178,22,,,2,60,,51182,22,,,1,27,,51198,22,,,1,70,,51188,22,,,2,30,,51183,22,,,1,100,,51197,22,,,1,100,,51193,22,,,1,100,,51185,22,,,1,100,,51179,22,,,1
57101,'Semaine-5-_26ÉTÉ-1111100-',706,,52281,42,,,2
