6801,'Semaine-1-_26ÉTÉ-1111100-',617,,42177,7,,,1,20,,42190,7,,,1,20,,42161,7,,,1,60,,42174,7,,,1,5,,42188,7,,,1,5,,42168,7,,,1,6,,42173,7,,,1,21,,42179,7,,,1,58,,42191,7,,,1,20,,42167,7,,,1,19,,42186,7,,,1,61,,42184,7,,,1,20,,42189,7,,,1,70,,42162,7,,,1,30,,42182,7,,,1,70,,42163,7,,,1,30,,42165,7,,,1,70,,42185,7,,,1,30,,42169,7,,,1,70,,42187,7,,,1,30,,42181,7,,,1,70,,42170,7,,,1,30,,42180,7,,,1,69,,42171,7,,,1,31,,42166,7,,,1,68,,42164,7,,,1,32,,42178,7,,,1,70,,42172,7,,,1,30,,42183,7,,,1,70,,42176,7,,,1,30,,42175,7,,,1
6801,'Semaine-10-_26ÉTÉ-1111100-',617,,42208,7,,,1,20,,42221,7,,,1,20,,42192,7,,,1,60,,42205,7,,,1,5,,42219,7,,,1,5,,42199,7,,,1,6,,42204,7,,,1,21,,42210,7,,,1,58,,42222,7,,,1,20,,42198,7,,,1,19,,42217,7,,,1,61,,42215,7,,,1,20,,42220,7,,,1,70,,42193,7,,,1,30,,42213,7,,,1,70,,42194,7,,,1,30,,42196,7,,,1,70,,42216,7,,,1,30,,42200,7,,,1,70,,42218,7,,,1,30,,42212,7,,,1,70,,42201,7,,,1,30,,42211,7,,,1,69,,42202,7,,,1,31,,42197,7,,,1,68,,42195,7,,,1,32,,42209,7,,,1,70,,42203,7,,,1,30,,42214,7,,,1,70,,42207,7,,,1,30,,42206,7,,,1
9301,'Semaine-1-_26ÉTÉ-1111100-',633,,43696,45,,,1,20,,43694,45,,,1,62,,43693,45,,,1,34,,43697,45,,,2,70,,43695,45,,,1
9301,'Semaine-10-_26ÉTÉ-1111100-',633,,43701,45,,,1,20,,43699,45,,,1,62,,43698,45,,,1,34,,43702,45,,,2,70,,43700,45,,,1
9501,'Semaine-1-_26ÉTÉ-1111100-',627,,43729,58,,,1,15,,43725,58,,,1,17,,43727,58,,,1,56,,43732,58,,,2,17,,43728,58,,,2,16,,43730,58,,,2,57,,43731,58,,,1,13,,43726,58,,,2
9501,'Semaine-10-_26ÉTÉ-1111100-',627,,43737,58,,,1,15,,43733,58,,,1,17,,43735,58,,,1,56,,43740,58,,,2,17,,43736,58,,,2,16,,43738,58,,,2,57,,43739,58,,,1,13,,43734,58,,,2
20001,'Semaine-1-_26ÉTÉ-1111100-',619,,44043,5,,,1,6,,44044,7,,,1,6,,44045,5,,,1,5,,44046,7,,,1,5,,44047,5,,,1,6,,44069,7,,,1,6,,44048,5,,,1,6,,44049,7,,,1,45,,44066,5,,,1,6,,44050,7,,,1,5,,44065,5,,,1,4,,44052,7,,,1,4,,44061,5,,,1,3,,44051,5,,,1,3,,44042,7,,,1,4,,44068,5,,,1,3,,44057,5,,,1,3,,44053,7,,,1,5,,44055,5,,,1,3,,44067,5,,,1,3,,44054,7,,,1,6,,44058,5,,,1,45,,44056,7,,,1,4,,44060,5,,,1,5,,44059,7,,,1,6,,44070,5,,,1,6,,44062,7,,,1,6,,44063,5,,,1,5,,44064,7,,,1,7,,44071,5,,,1
20001,'Semaine-10-_26ÉTÉ-1111100-',619,,44073,5,,,1,6,,44074,7,,,1,6,,44075,5,,,1,5,,44076,7,,,1,5,,44077,5,,,1,6,,44099,7,,,1,6,,44078,5,,,1,6,,44079,7,,,1,45,,44096,5,,,1,6,,44080,7,,,1,5,,44095,5,,,1,4,,44082,7,,,1,4,,44091,5,,,1,3,,44081,5,,,1,3,,44072,7,,,1,4,,44098,5,,,1,3,,44087,5,,,1,3,,44083,7,,,1,5,,44085,5,,,1,3,,44097,5,,,1,3,,44084,7,,,1,6,,44088,5,,,1,45,,44086,7,,,1,4,,44090,5,,,1,5,,44089,7,,,1,6,,44100,5,,,1,6,,44092,7,,,1,6,,44093,5,,,1,5,,44094,7,,,1,7,,44101,5,,,1
80001,'Samedi-0-_26ÉTÉ-0000010-',615,,45237,7,,,1,100,,45239,7,,,1,99,,45240,7,,,2,100,,45243,7,,,1,101,,45238,7,,,2,100,,45241,7,,,1,99,,45244,7,,,1,99,,45242,7,,,2,100,,45245,7,,,1,100,,45246,7,,,1,100,,45247,7,,,2,99,,45248,7,,,1,99,,45251,7,,,1,101,,45249,7,,,2,100,,45250,7,,,2,100,,45252,7,,,1,103,,45253,7,,,1
80001,'Dimanche-0-_26ÉTÉ-0000001-',615,,45254,7,,,1,100,,45255,7,,,1,99,,45259,7,,,2,100,,45256,7,,,1,101,,45260,7,,,2,100,,45257,7,,,1,99,,45258,7,,,1,99,,45262,7,,,2,100,,45261,7,,,1,100,,45263,7,,,1,100,,45265,7,,,2,99,,45266,7,,,1,99,,45267,7,,,1,101,,45264,7,,,2,100,,45268,7,,,2,100,,45269,7,,,1,103,,45270,7,,,1
80001,'Dimanche-10-_26ÉTÉ-0000001-',615,,45271,7,,,1,100,,45272,7,,,1,99,,45276,7,,,2,100,,45273,7,,,1,101,,45277,7,,,2,100,,45274,7,,,1,99,,45275,7,,,1,99,,45279,7,,,2,100,,45278,7,,,1,100,,45280,7,,,1,100,,45282,7,,,2,99,,45283,7,,,1,99,,45284,7,,,1,101,,45281,7,,,2,100,,45285,7,,,2,100,,45286,7,,,1,103,,45287,7,,,1
80001,'Semaine-1-_26ÉTÉ-1111100-',601,,45310,7,,,1,30,,45296,7,,,1,69,,45316,7,,,1,28,,45300,7,,,2,75,,45290,7,,,2,28,,45307,7,,,2,69,,45304,7,,,2,31,,45312,7,,,1,70,,45317,7,,,2,30,,45303,7,,,1,70,,45311,7,,,1,30,,45293,7,,,1,69,,45321,7,,,1,29,,45320,7,,,2,74,,45291,7,,,2,30,,45314,7,,,1,69,,45302,7,,,1,31,,45308,7,,,1,70,,45318,7,,,1,27,,45305,7,,,2,18,,45315,7,,,1,61,,45322,7,,,2,28,,45313,7,,,1,65,,45306,7,,,1,30,,45294,7,,,1,71,,45298,7,,,1,28,,45288,7,,,1,70,,45319,7,,,1,32,,45295,7,,,1,26,,45297,7,,,1,69,,45301,7,,,1,30,,45289,7,,,2,70,,45309,7,,,1,74,,45292,7,,,1,32,,45299,7,,,1
80001,'Semaine-10-_26ÉTÉ-1111100-',601,,45345,7,,,1,30,,45331,7,,,1,69,,45351,7,,,1,28,,45335,7,,,2,75,,45325,7,,,2,28,,45342,7,,,2,69,,45339,7,,,2,31,,45347,7,,,1,70,,45352,7,,,2,30,,45338,7,,,1,70,,45346,7,,,1,30,,45328,7,,,1,69,,45356,7,,,1,29,,45355,7,,,2,74,,45326,7,,,2,30,,45349,7,,,1,69,,45337,7,,,1,31,,45343,7,,,1,70,,45353,7,,,1,27,,45340,7,,,2,18,,45350,7,,,1,61,,45357,7,,,2,28,,45348,7,,,1,65,,45341,7,,,1,30,,45329,7,,,1,71,,45333,7,,,1,28,,45323,7,,,1,70,,45354,7,,,1,32,,45330,7,,,1,26,,45332,7,,,1,69,,45336,7,,,1,30,,45324,7,,,2,70,,45344,7,,,1,74,,45327,7,,,1,32,,45334,7,,,1
