2701,'Semaine-1-_26ÉTÉ-1111100-',626,,37415,26,,,1,87,,37416,26,,,1,46,,37413,26,,,1,69,,37414,26,,,1
2701,'Semaine-10-_26ÉTÉ-1111100-',626,,37419,26,,,1,87,,37420,26,,,1,46,,37417,26,,,1,69,,37418,26,,,1
2701,'Semaine-11-_26ÉTÉ-1111100-',626,,45413,26,,,1,87,,45414,26,,,1,46,,45411,26,,,1,69,,45412,26,,,1
2701,'Semaine-12-_26ÉTÉ-1111100-',626,,52421,26,,,1,87,,52422,26,,,1,46,,52419,26,,,1,69,,52420,26,,,1
2701,'Semaine-5-_26ÉTÉ-1111100-',626,,49984,26,,,1,87,,49985,26,,,1,46,,49982,26,,,1,69,,49983,26,,,1
3901,'Samedi-0-_26ÉTÉ-0000010-',612,,39431,10,,,1,100,,39433,10,,,1,100,,39437,10,,,1,100,,39436,10,,,1,100,,39439,10,,,1,100,,39438,10,,,1,100,,39434,10,,,1,30,,39432,10,,,1,70,,39440,10,,,1,30,,39435,10,,,2,71,,39441,10,,,1,30,,39442,10,,,1,70,,39443,10,,,2,30,,39444,10,,,1,70,,39445,10,,,1,30,,39446,10,,,1,70,,39447,10,,,1,30,,39448,10,,,1,70,,39449,10,,,1,29,,39450,10,,,1,100,,39451,10,,,1,100,,39452,10,,,1,100,,39453,10,,,1,100,,39454,10,,,1
3901,'Dimanche-0-_26ÉTÉ-0000001-',612,,39455,10,,,1,100,,39462,10,,,1,100,,39456,10,,,1,100,,39459,10,,,1,100,,39464,10,,,1,100,,39457,10,,,1,100,,39463,10,,,1,30,,39458,10,,,1,70,,39460,10,,,1,30,,39465,10,,,2,71,,39467,10,,,1,30,,39461,10,,,1,70,,39466,10,,,2,30,,39468,10,,,1,70,,39469,10,,,1,30,,39474,10,,,1,70,,39476,10,,,1,30,,39478,10,,,1,70,,39475,10,,,1,29,,39472,10,,,1,100,,39473,10,,,1,100,,39477,10,,,1,100,,39470,10,,,1,100,,39471,10,,,1
3901,'Dimanche-10-_26ÉTÉ-0000001-',612,,39479,10,,,1,100,,39486,10,,,1,100,,39480,10,,,1,100,,39483,10,,,1,100,,39488,10,,,1,100,,39481,10,,,1,100,,39487,10,,,1,30,,39482,10,,,1,70,,39484,10,,,1,30,,39489,10,,,2,71,,39491,10,,,1,30,,39485,10,,,1,70,,39490,10,,,2,30,,39492,10,,,1,70,,39493,10,,,1,30,,39498,10,,,1,70,,39500,10,,,1,30,,39502,10,,,1,70,,39499,10,,,1,29,,39496,10,,,1,100,,39497,10,,,1,100,,39501,10,,,1,100,,39494,10,,,1,100,,39495,10,,,1
3901,'Dimanche-11-_26ÉTÉ-0000001-',612,,49112,10,,,1,100,,49119,10,,,1,100,,49113,10,,,1,100,,49116,10,,,1,100,,49121,10,,,1,100,,49114,10,,,1,100,,49120,10,,,1,30,,49115,10,,,1,70,,49117,10,,,1,30,,49122,10,,,2,71,,49124,10,,,1,30,,49118,10,,,1,70,,49123,10,,,2,30,,49125,10,,,1,70,,49126,10,,,1,30,,49131,10,,,1,70,,49133,10,,,1,30,,49135,10,,,1,70,,49132,10,,,1,29,,49129,10,,,1,100,,49130,10,,,1,100,,49134,10,,,1,100,,49127,10,,,1,100,,49128,10,,,1
3901,'Semaine-1-_26ÉTÉ-1111100-',633,,39525,10,,,2,26,,39514,10,,,1,75,,39515,10,,,1,74,,39511,10,,,1,33,,39517,10,,,1,70,,39519,10,,,1,30,,39526,10,,,1,70,,39537,10,,,1,30,,39532,10,,,2,70,,39527,10,,,1,30,,39512,10,,,1,71,,39521,10,,,2,30,,39528,10,,,1,70,,39513,10,,,1,30,,39510,10,,,2,71,,39529,10,,,1,29,,39522,10,,,2,71,,39503,10,,,1,31,,39530,10,,,2,70,,39508,10,,,1,30,,39505,10,,,1,71,,39533,10,,,1,28,,39518,10,,,1,71,,39524,10,,,1,32,,39509,10,,,2,72,,39531,10,,,1,25,,39504,10,,,2,66,,39534,10,,,1,30,,39507,10,,,1,70,,39523,10,,,1,32,,39535,10,,,1,70,,39506,10,,,1,30,,39516,10,,,1,72,,39536,10,,,1,30,,39520,10,,,1
3901,'Semaine-10-_26ÉTÉ-1111100-',633,,39560,10,,,2,26,,39549,10,,,1,75,,39550,10,,,1,74,,39546,10,,,1,33,,39552,10,,,1,70,,39554,10,,,1,30,,39561,10,,,1,70,,39572,10,,,1,30,,39567,10,,,2,70,,39562,10,,,1,30,,39547,10,,,1,71,,39556,10,,,2,30,,39563,10,,,1,70,,39548,10,,,1,30,,39545,10,,,2,71,,39564,10,,,1,29,,39557,10,,,2,71,,39538,10,,,1,31,,39565,10,,,2,70,,39543,10,,,1,30,,39540,10,,,1,71,,39568,10,,,1,28,,39553,10,,,1,71,,39559,10,,,1,32,,39544,10,,,2,72,,39566,10,,,1,25,,39539,10,,,2,66,,39569,10,,,1,30,,39542,10,,,1,70,,39558,10,,,1,32,,39570,10,,,1,70,,39541,10,,,1,30,,39551,10,,,1,72,,39571,10,,,1,30,,39555,10,,,1
3901,'Semaine-11-_26ÉTÉ-1111100-',633,,46334,10,,,2,26,,46323,10,,,1,75,,46324,10,,,1,74,,46320,10,,,1,33,,46326,10,,,1,70,,46328,10,,,1,30,,46335,10,,,1,70,,46346,10,,,1,30,,46341,10,,,2,70,,46336,10,,,1,30,,46321,10,,,1,71,,46330,10,,,2,30,,46337,10,,,1,70,,46322,10,,,1,30,,46319,10,,,2,71,,46338,10,,,1,29,,46331,10,,,2,71,,46312,10,,,1,31,,46339,10,,,2,70,,46317,10,,,1,30,,46314,10,,,1,71,,46342,10,,,1,28,,46327,10,,,1,71,,46333,10,,,1,32,,46318,10,,,2,72,,46340,10,,,1,25,,46313,10,,,2,66,,46343,10,,,1,30,,46316,10,,,1,70,,46332,10,,,1,32,,46344,10,,,1,70,,46315,10,,,1,30,,46325,10,,,1,72,,46345,10,,,1,30,,46329,10,,,1
3901,'Semaine-12-_26ÉTÉ-1111100-',633,,53054,10,,,2,26,,53043,10,,,1,75,,53044,10,,,1,74,,53040,10,,,1,33,,53046,10,,,1,70,,53048,10,,,1,30,,53055,10,,,1,70,,53066,10,,,1,30,,53061,10,,,2,70,,53056,10,,,1,30,,53041,10,,,1,71,,53050,10,,,2,30,,53057,10,,,1,70,,53042,10,,,1,30,,53039,10,,,2,71,,53058,10,,,1,29,,53051,10,,,2,71,,53032,10,,,1,31,,53059,10,,,2,70,,53037,10,,,1,30,,53034,10,,,1,71,,53062,10,,,1,28,,53047,10,,,1,71,,53053,10,,,1,32,,53038,10,,,2,72,,53060,10,,,1,25,,53033,10,,,2,66,,53063,10,,,1,30,,53036,10,,,1,70,,53052,10,,,1,32,,53064,10,,,1,70,,53035,10,,,1,30,,53045,10,,,1,72,,53065,10,,,1,30,,53049,10,,,1
3901,'Semaine-5-_26ÉTÉ-1111100-',633,,50618,10,,,2,26,,50607,10,,,1,75,,50608,10,,,1,74,,50604,10,,,1,33,,50610,10,,,1,70,,50612,10,,,1,30,,50619,10,,,1,70,,50630,10,,,1,30,,50625,10,,,2,70,,50620,10,,,1,30,,50605,10,,,1,71,,50614,10,,,2,30,,50621,10,,,1,70,,50606,10,,,1,30,,50603,10,,,2,71,,50622,10,,,1,29,,50615,10,,,2,71,,50596,10,,,1,31,,50623,10,,,2,70,,50601,10,,,1,30,,50598,10,,,1,71,,50626,10,,,1,28,,50611,10,,,1,71,,50617,10,,,1,32,,50602,10,,,2,72,,50624,10,,,1,25,,50597,10,,,2,66,,50627,10,,,1,30,,50600,10,,,1,70,,50616,10,,,1,32,,50628,10,,,1,70,,50599,10,,,1,30,,50609,10,,,1,72,,50629,10,,,1,30,,50613,10,,,1
