3101,'Samedi-3',659,,32767,20,,,1,94,,32773,20,,,1,99,,32770,20,,,1,97,,32774,20,,,1,97,,32768,20,,,1,100,,32772,20,,,1,100,,32769,20,,,1,100,,32771,20,,,1,103,,32775,20,,,1,97,,32776,20,,,1,100,,32777,20,,,1,100,,32778,20,,,1,101,,32779,20,,,1,101,,32784,20,,,1,100,,32780,20,,,1,100,,32781,20,,,1,102,,32782,20,,,1,100,,32783,20,,,1
3101,'Dimanche-3',659,,32787,20,,,1,94,,32785,20,,,1,99,,32788,20,,,1,97,,32790,20,,,1,97,,32791,20,,,1,100,,32792,20,,,1,100,,32786,20,,,1,100,,32795,20,,,1,103,,32789,20,,,1,97,,32794,20,,,1,100,,32798,20,,,1,100,,32802,20,,,1,101,,32799,20,,,1,101,,32793,20,,,1,100,,32796,20,,,1,100,,32801,20,,,1,102,,32797,20,,,1,100,,32800,20,,,1
3101,'Semaine-4',539,,32806,20,,,1,75,,32840,20,,,1,30,,32820,20,,,1,67,,32807,20,,,1,32,,32843,20,,,1,60,,32803,20,,,1,11,,32845,8,,,1,5,,32817,20,,,1,17,,32818,20,,,1,13,,32837,20,,,1,59,,32808,20,,,1,21,,32810,20,,,1,20,,32835,20,,,1,60,,32827,20,,,1,20,,32836,20,,,1,20,,32809,20,,,1,60,,32811,20,,,1,21,,32831,20,,,1,20,,32841,20,,,1,59,,32830,20,,,1,20,,32812,20,,,1,21,,32804,20,,,1,57,,32834,20,,,1,22,,32844,20,,,1,19,,32829,20,,,1,60,,32813,20,,,1,19,,32832,20,,,1,23,,32833,20,,,1,61,,32842,20,,,1,19,,32828,20,,,1,14,,32814,20,,,1,59,,32825,20,,,1,21,,32826,20,,,1,22,,32815,20,,,1,58,,32821,20,,,1,21,,32805,20,,,1,20,,32838,20,,,1,59,,32846,20,,,1,26,,32816,20,,,1,98,,32839,20,,,1,100,,32822,20,,,1,100,,32819,20,,,1,98,,32823,20,,,1,103,,32824,20,,,1
3900,'Samedi-3',703,,33722,37,,,1,101,,33723,37,,,1,100,,33727,37,,,1,102,,33726,37,,,1,100,,33729,37,,,1,100,,33728,37,,,1,103,,33724,37,,,1,30,,33725,37,,,1,70,,33730,37,,,1,31,,33731,37,,,2,70,,33732,37,,,1,30,,33733,37,,,1,71,,33734,37,,,2,30,,33735,37,,,1,70,,33736,37,,,1,30,,33737,37,,,1,68,,33738,37,,,1,29,,33739,37,,,1,69,,33740,37,,,1,28,,33741,37,,,1,100,,33742,37,,,1,100,,33743,37,,,1,100,,33744,37,,,1,99,,33745,37,,,1
3900,'Dimanche-3',703,,33746,37,,,1,101,,33753,37,,,1,100,,33747,37,,,1,102,,33749,37,,,1,100,,33755,37,,,1,100,,33748,37,,,1,103,,33754,37,,,1,30,,33750,37,,,1,70,,33751,37,,,1,31,,33756,37,,,2,70,,33758,37,,,1,30,,33752,37,,,1,71,,33757,37,,,2,30,,33759,37,,,1,70,,33760,37,,,1,30,,33766,37,,,1,68,,33767,37,,,1,29,,33769,37,,,1,69,,33765,37,,,1,28,,33763,37,,,1,100,,33764,37,,,1,100,,33768,37,,,1,100,,33761,37,,,1,99,,33762,37,,,1
3900,'Semaine-4',641,,33787,37,,,1,65,,33773,37,,,1,35,,33792,37,,,1,68,,33785,37,,,1,31,,33786,37,,,1,70,,33784,37,,,1,32,,33781,37,,,1,70,,33798,37,,,1,30,,33793,37,,,1,71,,33805,37,,,1,30,,33790,37,,,1,70,,33794,37,,,1,30,,33782,37,,,1,71,,33780,37,,,1,30,,33795,37,,,2,69,,33783,37,,,1,30,,33770,37,,,1,75,,33796,37,,,2,31,,33777,37,,,1,72,,33779,37,,,1,31,,33797,37,,,1,72,,33776,37,,,1,28,,33771,37,,,1,69,,33799,37,,,1,25,,33778,37,,,1,71,,33772,37,,,2,29,,33800,37,,,2,72,,33775,37,,,1,25,,33791,37,,,2,66,,33801,37,,,1,30,,33774,37,,,1,70,,33789,37,,,1,29,,33802,37,,,2,70,,33788,37,,,1,30,,33804,37,,,1,70,,33803,37,,,2
32900,'Semaine-4',829,,36465,28,0,7 8,1
57100,'Semaine-4',1520,,37105,4,0,5 6,1
82601,'Semaine-4',759,,37288,31,0,9 12 13,1,41,,37289,31,0,9 12 13,1
83101,'Semaine-4',809,,37300,20,0,9 12 13,1,2,,37301,20,0,9 12 13,1
