3101,'Samedi-0-_26ÉTÉ-0000010-',652,,37600,13,,,1,94,,37606,13,,,1,99,,37603,13,,,1,97,,37607,13,,,1,97,,37601,13,,,1,100,,37605,13,,,1,100,,37602,13,,,1,100,,37604,13,,,1,103,,37608,13,,,1,97,,37609,13,,,1,100,,37610,13,,,1,100,,37611,13,,,1,102,,37612,13,,,1,101,,37617,13,,,1,100,,37613,13,,,1,100,,37614,13,,,1,102,,37615,13,,,1,100,,37616,13,,,1
3101,'Dimanche-0-_26ÉTÉ-0000001-',652,,37620,13,,,1,94,,37618,13,,,1,99,,37621,13,,,1,97,,37623,13,,,1,97,,37624,13,,,1,100,,37625,13,,,1,100,,37619,13,,,1,100,,37628,13,,,1,103,,37622,13,,,1,97,,37627,13,,,1,100,,37631,13,,,1,100,,37635,13,,,1,102,,37632,13,,,1,101,,37626,13,,,1,100,,37629,13,,,1,100,,37634,13,,,1,102,,37630,13,,,1,100,,37633,13,,,1
3101,'Dimanche-10-_26ÉTÉ-0000001-',652,,37638,13,,,1,94,,37636,13,,,1,99,,37639,13,,,1,97,,37641,13,,,1,97,,37642,13,,,1,100,,37643,13,,,1,100,,37637,13,,,1,100,,37646,13,,,1,103,,37640,13,,,1,97,,37645,13,,,1,100,,37649,13,,,1,100,,37653,13,,,1,102,,37650,13,,,1,101,,37644,13,,,1,100,,37647,13,,,1,100,,37652,13,,,1,102,,37648,13,,,1,100,,37651,13,,,1
3101,'Dimanche-11-_26ÉTÉ-0000001-',652,,48869,13,,,1,94,,48867,13,,,1,99,,48870,13,,,1,97,,48872,13,,,1,97,,48873,13,,,1,100,,48874,13,,,1,100,,48868,13,,,1,100,,48877,13,,,1,103,,48871,13,,,1,97,,48876,13,,,1,100,,48880,13,,,1,100,,48884,13,,,1,102,,48881,13,,,1,101,,48875,13,,,1,100,,48878,13,,,1,100,,48883,13,,,1,102,,48879,13,,,1,100,,48882,13,,,1
3101,'Semaine-1-_26ÉTÉ-1111100-',533,,37657,13,,,1,75,,37691,13,,,1,30,,37671,13,,,1,67,,37658,13,,,1,29,,37694,13,,,1,21,,37654,13,,,1,56,,37668,13,,,1,17,,37669,13,,,1,14,,37688,13,,,1,59,,37659,13,,,1,22,,37661,13,,,1,20,,37686,13,,,1,60,,37678,13,,,1,20,,37687,13,,,1,20,,37660,13,,,1,60,,37662,13,,,1,21,,37682,13,,,1,20,,37692,13,,,1,60,,37681,13,,,1,20,,37663,13,,,1,20,,37655,13,,,1,57,,37685,13,,,1,22,,37695,13,,,1,19,,37680,13,,,1,60,,37664,13,,,1,19,,37683,13,,,1,23,,37684,13,,,1,60,,37693,13,,,1,19,,37679,13,,,1,14,,37665,13,,,1,18,,37676,13,,,1,61,,37677,13,,,1,22,,37666,13,,,1,19,,37672,13,,,1,61,,37656,13,,,1,21,,37689,13,,,1,20,,37696,13,,,1,66,,37667,13,,,1,97,,37690,13,,,1,101,,37673,13,,,1,100,,37670,13,,,1,99,,37674,13,,,1,102,,37675,13,,,1
3101,'Semaine-10-_26ÉTÉ-1111100-',533,,37700,13,,,1,75,,37734,13,,,1,30,,37714,13,,,1,67,,37701,13,,,1,29,,37737,13,,,1,21,,37697,13,,,1,56,,37711,13,,,1,17,,37712,13,,,1,14,,37731,13,,,1,59,,37702,13,,,1,22,,37704,13,,,1,20,,37729,13,,,1,60,,37721,13,,,1,20,,37730,13,,,1,20,,37703,13,,,1,60,,37705,13,,,1,21,,37725,13,,,1,20,,37735,13,,,1,60,,37724,13,,,1,20,,37706,13,,,1,20,,37698,13,,,1,57,,37728,13,,,1,22,,37738,13,,,1,19,,37723,13,,,1,60,,37707,13,,,1,19,,37726,13,,,1,23,,37727,13,,,1,60,,37736,13,,,1,19,,37722,13,,,1,14,,37708,13,,,1,18,,37719,13,,,1,61,,37720,13,,,1,22,,37709,13,,,1,19,,37715,13,,,1,61,,37699,13,,,1,21,,37732,13,,,1,20,,37739,13,,,1,66,,37710,13,,,1,97,,37733,13,,,1,101,,37716,13,,,1,100,,37713,13,,,1,99,,37717,13,,,1,102,,37718,13,,,1
3101,'Semaine-11-_26ÉTÉ-1111100-',533,,45516,13,,,1,75,,45550,13,,,1,30,,45530,13,,,1,67,,45517,13,,,1,29,,45553,13,,,1,21,,45513,13,,,1,56,,45527,13,,,1,17,,45528,13,,,1,14,,45547,13,,,1,59,,45518,13,,,1,22,,45520,13,,,1,20,,45545,13,,,1,60,,45537,13,,,1,20,,45546,13,,,1,20,,45519,13,,,1,60,,45521,13,,,1,21,,45541,13,,,1,20,,45551,13,,,1,60,,45540,13,,,1,20,,45522,13,,,1,20,,45514,13,,,1,57,,45544,13,,,1,22,,45554,13,,,1,19,,45539,13,,,1,60,,45523,13,,,1,19,,45542,13,,,1,23,,45543,13,,,1,60,,45552,13,,,1,19,,45538,13,,,1,14,,45524,13,,,1,18,,45535,13,,,1,61,,45536,13,,,1,22,,45525,13,,,1,19,,45531,13,,,1,61,,45515,13,,,1,21,,45548,13,,,1,20,,45555,13,,,1,66,,45526,13,,,1,97,,45549,13,,,1,101,,45532,13,,,1,100,,45529,13,,,1,99,,45533,13,,,1,102,,45534,13,,,1
3101,'Semaine-12-_26ÉTÉ-1111100-',533,,52487,13,,,1,75,,52521,13,,,1,30,,52501,13,,,1,67,,52488,13,,,1,29,,52524,13,,,1,21,,52484,13,,,1,56,,52498,13,,,1,17,,52499,13,,,1,14,,52518,13,,,1,59,,52489,13,,,1,22,,52491,13,,,1,20,,52516,13,,,1,60,,52508,13,,,1,20,,52517,13,,,1,20,,52490,13,,,1,60,,52492,13,,,1,21,,52512,13,,,1,20,,52522,13,,,1,60,,52511,13,,,1,20,,52493,13,,,1,20,,52485,13,,,1,57,,52515,13,,,1,22,,52525,13,,,1,19,,52510,13,,,1,60,,52494,13,,,1,19,,52513,13,,,1,23,,52514,13,,,1,60,,52523,13,,,1,19,,52509,13,,,1,14,,52495,13,,,1,18,,52506,13,,,1,61,,52507,13,,,1,22,,52496,13,,,1,19,,52502,13,,,1,61,,52486,13,,,1,21,,52519,13,,,1,20,,52526,13,,,1,66,,52497,13,,,1,97,,52520,13,,,1,101,,52503,13,,,1,100,,52500,13,,,1,99,,52504,13,,,1,102,,52505,13,,,1
3101,'Semaine-5-_26ÉTÉ-1111100-',533,,50050,13,,,1,75,,50084,13,,,1,30,,50064,13,,,1,67,,50051,13,,,1,29,,50087,13,,,1,21,,50047,13,,,1,51,,50090,1,,,1,5,,50061,13,,,1,17,,50062,13,,,1,14,,50081,13,,,1,59,,50052,13,,,1,22,,50054,13,,,1,20,,50079,13,,,1,60,,50071,13,,,1,20,,50080,13,,,1,20,,50053,13,,,1,60,,50055,13,,,1,21,,50075,13,,,1,20,,50085,13,,,1,60,,50074,13,,,1,20,,50056,13,,,1,20,,50048,13,,,1,57,,50078,13,,,1,22,,50088,13,,,1,19,,50073,13,,,1,60,,50057,13,,,1,19,,50076,13,,,1,23,,50077,13,,,1,60,,50086,13,,,1,19,,50072,13,,,1,14,,50058,13,,,1,18,,50069,13,,,1,61,,50070,13,,,1,22,,50059,13,,,1,19,,50065,13,,,1,61,,50049,13,,,1,21,,50082,13,,,1,20,,50089,13,,,1,66,,50060,13,,,1,97,,50083,13,,,1,101,,50066,13,,,1,100,,50063,13,,,1,99,,50067,13,,,1,102,,50068,13,,,1
83101,'Semaine-5-_26ÉTÉ-1111100-',804,,52364,13,,,1
