6201,'Semaine-1-_26ÉTÉ-1111100-',530,,41000,28,,,2,70,,40994,28,,,2,30,,41010,28,,,1,71,,41005,28,,,2,29,,40990,28,,,2,72,,40991,28,,,2,29,,40995,28,,,2,69,,41004,28,,,1,51,,40996,28,,,1,100,,40992,28,,,2,100,,41001,28,,,2,100,,41008,28,,,2,100,,41011,28,,,2,100,,41002,28,,,1,95,,41012,28,,,1,83,,41007,28,,,1,85,,40993,28,,,1,37,,41006,28,,,2,68,,41009,28,,,1,100,,40999,28,,,1,100,,40998,28,,,1,85,,41003,28,,,1,100,,40997,28,,,1
6201,'Semaine-10-_26ÉTÉ-1111100-',530,,41023,28,,,2,70,,41017,28,,,2,30,,41033,28,,,1,71,,41028,28,,,2,29,,41013,28,,,2,72,,41014,28,,,2,29,,41018,28,,,2,69,,41027,28,,,1,51,,41019,28,,,1,100,,41015,28,,,2,100,,41024,28,,,2,100,,41031,28,,,2,100,,41034,28,,,2,100,,41025,28,,,1,95,,41035,28,,,1,83,,41030,28,,,1,85,,41016,28,,,1,37,,41029,28,,,2,68,,41032,28,,,1,100,,41022,28,,,2,100,,41021,28,,,1,85,,41026,28,,,1,100,,41020,28,,,1
6201,'Semaine-11-_26ÉTÉ-1111100-',530,,46963,28,,,2,70,,46957,28,,,2,30,,46973,28,,,1,71,,46968,28,,,2,29,,46953,28,,,2,72,,46954,28,,,2,29,,46958,28,,,2,69,,46967,28,,,1,51,,46959,28,,,1,100,,46955,28,,,2,100,,46964,28,,,2,100,,46971,28,,,2,100,,46974,28,,,2,100,,46965,28,,,1,95,,46975,28,,,1,83,,46970,28,,,1,85,,46956,28,,,1,37,,46969,28,,,2,68,,46972,28,,,1,100,,46962,28,,,1,100,,46961,28,,,1,85,,46966,28,,,1,100,,46960,28,,,1
6201,'Semaine-12-_26ÉTÉ-1111100-',530,,53478,28,,,2,70,,53472,28,,,2,30,,53488,28,,,1,71,,53483,28,,,2,29,,53468,28,,,2,72,,53469,28,,,2,29,,53473,28,,,2,69,,53482,28,,,1,51,,53474,28,,,1,100,,53470,28,,,2,100,,53479,28,,,2,100,,53486,28,,,2,100,,53489,28,,,2,100,,53480,28,,,1,95,,53490,28,,,1,83,,53485,28,,,1,85,,53471,28,,,1,37,,53484,28,,,2,68,,53487,28,,,1,100,,53477,28,,,1,100,,53476,28,,,1,85,,53481,28,,,1,100,,53475,28,,,1
6201,'Semaine-5-_26ÉTÉ-1111100-',530,,51044,28,,,2,70,,51038,28,,,2,30,,51054,28,,,1,71,,51049,28,,,2,29,,51034,28,,,2,72,,51035,28,,,2,29,,51039,28,,,2,69,,51048,28,,,1,51,,51040,28,,,1,100,,51036,28,,,2,100,,51045,28,,,2,100,,51052,28,,,2,100,,51055,28,,,2,100,,51046,28,,,1,95,,51056,28,,,1,83,,51051,28,,,1,85,,51037,28,,,1,37,,51050,28,,,2,68,,51053,28,,,1,100,,51043,28,,,1,100,,51042,28,,,1,85,,51047,28,,,1,100,,51041,28,,,1
8501,'Semaine-1-_26ÉTÉ-1111100-',528,,43613,14,,,1,29,,43615,14,,,1,65,,43618,14,,,1,18,,43617,14,,,2,14,,43622,14,,,2,57,,43614,14,,,2,15,,43620,14,,,1,15,,43616,14,,,2,15,,43621,14,,,1,60,,43619,14,,,1
8501,'Semaine-10-_26ÉTÉ-1111100-',528,,43623,14,,,1,29,,43625,14,,,1,65,,43628,14,,,1,18,,43627,14,,,2,14,,43632,14,,,2,57,,43624,14,,,2,15,,43630,14,,,1,15,,43626,14,,,2,15,,43631,14,,,1,60,,43629,14,,,1
8501,'Semaine-11-_26ÉTÉ-1111100-',528,,48095,14,,,1,29,,48097,14,,,1,65,,48100,14,,,1,18,,48099,14,,,2,14,,48104,14,,,2,57,,48096,14,,,2,15,,48102,14,,,1,15,,48098,14,,,2,15,,48103,14,,,1,60,,48101,14,,,1
8501,'Semaine-12-_26ÉTÉ-1111100-',528,,54271,14,,,1,29,,54273,14,,,1,65,,54276,14,,,1,18,,54275,14,,,2,14,,54280,14,,,2,57,,54272,14,,,2,15,,54278,14,,,1,15,,54274,14,,,2,15,,54279,14,,,1,60,,54277,14,,,1
8501,'Semaine-5-_26ÉTÉ-1111100-',528,,51838,14,,,1,29,,51840,14,,,1,65,,51843,14,,,1,18,,51842,14,,,2,14,,51847,14,,,2,57,,51839,14,,,2,15,,51845,14,,,1,15,,51841,14,,,2,15,,51846,14,,,1,60,,51844,14,,,1
