2700,'Semaine-1-_26ÉTÉ-1111100-',1616,,37405,31,,,1,30,,37403,31,,,2,67,,37407,31,,,1,30,,37404,31,,,1,68,,37406,31,,,2
2700,'Semaine-10-_26ÉTÉ-1111100-',1616,,37410,31,,,1,30,,37408,31,,,2,67,,37412,31,,,1,30,,37409,31,,,1,68,,37411,31,,,2
2700,'Semaine-11-_26ÉTÉ-1111100-',1616,,45408,31,,,1,30,,45406,31,,,2,67,,45410,31,,,1,30,,45407,31,,,1,68,,45409,31,,,2
3301,'Samedi-0-_26ÉTÉ-0000010-',705,,38084,7,,,1,100,,38085,7,,,1,100,,38082,7,,,2,100,,38088,7,,,1,99,,38089,7,,,1,101,,38083,7,,,1,100,,38086,7,,,1,100,,38087,7,,,1,100,,38090,7,,,1,100,,38091,7,,,1,100,,38092,7,,,1,99,,38099,7,,,1,100,,38093,7,,,1,100,,38094,7,,,1,100,,38095,7,,,1,100,,38096,7,,,1,100,,38097,7,,,1,100,,38098,7,,,1
3301,'Samedi-10-_26ÉTÉ-0000010-',705,,45720,7,,,1,100,,45721,7,,,1,100,,45718,7,,,2,100,,45724,7,,,1,99,,45725,7,,,1,101,,45719,7,,,1,100,,45722,7,,,1,100,,45723,7,,,1,100,,45726,7,,,1,100,,45727,7,,,1,100,,45728,7,,,1,99,,45735,7,,,1,100,,45729,7,,,1,100,,45730,7,,,1,100,,45731,7,,,1,100,,45732,7,,,1,100,,45733,7,,,1,100,,45734,7,,,1
3301,'Dimanche-0-_26ÉTÉ-0000001-',705,,38104,7,,,1,100,,38105,7,,,1,100,,38106,7,,,2,100,,38100,7,,,1,99,,38101,7,,,1,101,,38102,7,,,1,100,,38103,7,,,1,100,,38108,7,,,1,100,,38109,7,,,1,100,,38107,7,,,1,100,,38110,7,,,1,99,,38113,7,,,1,100,,38117,7,,,1,100,,38111,7,,,1,100,,38112,7,,,1,100,,38115,7,,,1,100,,38114,7,,,1,100,,38116,7,,,1
3301,'Dimanche-10-_26ÉTÉ-0000001-',705,,38122,7,,,1,100,,38123,7,,,1,100,,38124,7,,,2,100,,38118,7,,,1,99,,38119,7,,,1,101,,38120,7,,,1,100,,38121,7,,,1,100,,38126,7,,,1,100,,38127,7,,,1,100,,38125,7,,,1,100,,38128,7,,,1,99,,38131,7,,,1,100,,38135,7,,,1,100,,38129,7,,,1,100,,38130,7,,,1,100,,38133,7,,,1,100,,38132,7,,,1,100,,38134,7,,,1
3301,'Dimanche-11-_26ÉTÉ-0000001-',705,,48907,7,,,1,100,,48908,7,,,1,100,,48909,7,,,2,100,,48903,7,,,1,99,,48904,7,,,1,101,,48905,7,,,1,100,,48906,7,,,1,100,,48911,7,,,1,100,,48912,7,,,1,100,,48910,7,,,1,100,,48913,7,,,1,99,,48916,7,,,1,100,,48920,7,,,1,100,,48914,7,,,1,100,,48915,7,,,1,100,,48918,7,,,1,100,,48917,7,,,1,100,,48919,7,,,1
3301,'Semaine-1-_26ÉTÉ-1111100-',551,,38159,7,,,2,62,,38167,7,,,2,23,,38144,7,,,1,17,,38164,7,,,1,55,,38160,7,,,2,4,,38155,7,,,1,9,,38175,7,,,1,11,,38173,7,,,2,22,,38162,7,,,2,54,,38150,7,,,1,10,,38166,7,,,2,17,,38140,7,,,1,70,,38152,7,,,1,29,,38158,7,,,1,71,,38148,7,,,2,28,,38169,7,,,1,71,,38153,7,,,1,29,,38145,7,,,1,72,,38147,7,,,1,19,,38165,7,,,1,6,,38174,7,,,1,27,,38156,7,,,1,70,,38146,7,,,1,31,,38151,7,,,1,71,,38154,7,,,1,11,,38176,7,,,1,19,,38157,7,,,1,56,,38149,7,,,2,13,,38161,7,,,2,72,,38142,7,,,1,27,,38172,7,,,1,23,,38139,7,,,2,70,,38136,7,,,2,32,,38170,7,,,1,82,,38143,7,,,1,70,,38138,7,,,1,97,,38141,7,,,1,41,,38163,7,,,1,106,,38168,7,,,1,97,,38137,7,,,1,164,,38171,7,,,1
3301,'Semaine-10-_26ÉTÉ-1111100-',551,,38200,7,,,2,62,,38208,7,,,2,23,,38185,7,,,1,17,,38205,7,,,1,55,,38201,7,,,2,4,,38196,7,,,1,9,,38216,7,,,1,11,,38214,7,,,2,22,,38203,7,,,2,54,,38191,7,,,1,10,,38207,7,,,2,17,,38181,7,,,1,70,,38193,7,,,1,29,,38199,7,,,1,71,,38189,7,,,2,28,,38210,7,,,1,71,,38194,7,,,1,29,,38186,7,,,1,72,,38188,7,,,1,19,,38206,7,,,1,6,,38215,7,,,1,27,,38197,7,,,1,70,,38187,7,,,1,31,,38192,7,,,1,71,,38195,7,,,1,11,,38217,7,,,1,19,,38198,7,,,1,56,,38190,7,,,2,13,,38202,7,,,2,72,,38183,7,,,1,27,,38213,7,,,1,23,,38180,7,,,2,70,,38177,7,,,2,32,,38211,7,,,1,82,,38184,7,,,1,70,,38179,7,,,1,97,,38182,7,,,1,41,,38204,7,,,1,106,,38209,7,,,1,97,,38178,7,,,1,164,,38212,7,,,1
3301,'Semaine-11-_26ÉTÉ-1111100-',551,,45759,7,,,2,62,,45767,7,,,2,23,,45744,7,,,1,17,,45764,7,,,1,55,,45760,7,,,2,4,,45755,7,,,1,9,,45775,7,,,1,11,,45773,7,,,2,22,,45762,7,,,2,54,,45750,7,,,1,10,,45766,7,,,2,17,,45740,7,,,1,70,,45752,7,,,1,29,,45758,7,,,1,71,,45748,7,,,2,28,,45769,7,,,1,71,,45753,7,,,1,29,,45745,7,,,1,72,,45747,7,,,1,19,,45765,7,,,1,6,,45774,7,,,1,27,,45756,7,,,1,70,,45746,7,,,1,31,,45751,7,,,1,71,,45754,7,,,1,11,,45776,7,,,1,19,,45757,7,,,1,56,,45749,7,,,2,13,,45761,7,,,2,72,,45742,7,,,1,27,,45772,7,,,1,23,,45739,7,,,2,70,,45736,7,,,2,32,,45770,7,,,1,82,,45743,7,,,1,70,,45738,7,,,1,97,,45741,7,,,1,41,,45763,7,,,1,106,,45768,7,,,1,97,,45737,7,,,1,164,,45771,7,,,1
