2700,'Semaine-1-_26ÉTÉ-1111100-',1617,,37405,33,,,1,30,,37403,33,,,2,67,,37407,33,,,1,30,,37404,33,,,1,68,,37406,33,,,2
2700,'Semaine-10-_26ÉTÉ-1111100-',1617,,37410,33,,,1,30,,37408,33,,,2,67,,37412,33,,,1,30,,37409,33,,,1,68,,37411,33,,,2
2700,'Semaine-11-_26ÉTÉ-1111100-',1617,,45408,33,,,1,30,,45406,33,,,2,67,,45410,33,,,1,30,,45407,33,,,1,68,,45409,33,,,2
2700,'Semaine-12-_26ÉTÉ-1111100-',1617,,52416,33,,,1,30,,52414,33,,,2,67,,52418,33,,,1,30,,52415,33,,,1,68,,52417,33,,,2
2700,'Semaine-5-_26ÉTÉ-1111100-',1617,,49979,33,,,1,30,,49977,33,,,2,67,,49981,33,,,1,30,,49978,33,,,1,68,,49980,33,,,2
3301,'Samedi-0-_26ÉTÉ-0000010-',706,,38084,9,,,1,100,,38085,9,,,1,100,,38082,9,,,2,100,,38088,9,,,1,99,,38089,9,,,1,101,,38083,9,,,1,100,,38086,9,,,1,100,,38087,9,,,1,100,,38090,9,,,1,100,,38091,9,,,1,100,,38092,9,,,1,99,,38099,9,,,1,100,,38093,9,,,1,100,,38094,9,,,1,100,,38095,9,,,1,100,,38096,9,,,1,100,,38097,9,,,1,100,,38098,9,,,1
3301,'Dimanche-0-_26ÉTÉ-0000001-',706,,38104,9,,,1,100,,38105,9,,,1,100,,38106,9,,,2,100,,38100,9,,,1,99,,38101,9,,,1,101,,38102,9,,,1,100,,38103,9,,,1,100,,38108,9,,,1,100,,38109,9,,,1,100,,38107,9,,,1,100,,38110,9,,,1,99,,38113,9,,,1,100,,38117,9,,,1,100,,38111,9,,,1,100,,38112,9,,,1,100,,38115,9,,,1,100,,38114,9,,,1,100,,38116,9,,,1
3301,'Dimanche-10-_26ÉTÉ-0000001-',706,,38122,9,,,1,100,,38123,9,,,1,100,,38124,9,,,2,100,,38118,9,,,1,99,,38119,9,,,1,101,,38120,9,,,1,100,,38121,9,,,1,100,,38126,9,,,1,100,,38127,9,,,1,100,,38125,9,,,1,100,,38128,9,,,1,99,,38131,9,,,1,100,,38135,9,,,1,100,,38129,9,,,1,100,,38130,9,,,1,100,,38133,9,,,1,100,,38132,9,,,1,100,,38134,9,,,1
3301,'Dimanche-11-_26ÉTÉ-0000001-',706,,48907,9,,,1,100,,48908,9,,,1,100,,48909,9,,,2,100,,48903,9,,,1,99,,48904,9,,,1,101,,48905,9,,,1,100,,48906,9,,,1,100,,48911,9,,,1,100,,48912,9,,,1,100,,48910,9,,,1,100,,48913,9,,,1,99,,48916,9,,,1,100,,48920,9,,,1,100,,48914,9,,,1,100,,48915,9,,,1,100,,48918,9,,,1,100,,48917,9,,,1,100,,48919,9,,,1
3301,'Semaine-1-_26ÉTÉ-1111100-',552,,38159,9,,,2,62,,38167,9,,,2,23,,38144,9,,,1,17,,38164,9,,,1,56,,38160,9,,,2,4,,38155,9,,,1,9,,38175,9,,,1,10,,38173,9,,,2,22,,38162,9,,,2,54,,38150,9,,,1,10,,38166,9,,,2,17,,38140,9,,,1,70,,38152,9,,,1,29,,38158,9,,,1,71,,38148,9,,,2,28,,38169,9,,,1,71,,38153,9,,,1,29,,38145,9,,,1,72,,38147,9,,,1,19,,38165,9,,,1,6,,38174,9,,,1,27,,38156,9,,,1,70,,38146,9,,,1,31,,38151,9,,,1,71,,38154,9,,,1,11,,38176,9,,,1,59,,38157,9,,,1,16,,38149,9,,,2,13,,38161,9,,,2,72,,38142,9,,,1,27,,38172,9,,,1,23,,38139,9,,,2,70,,38136,9,,,2,32,,38170,9,,,1,82,,38143,9,,,1,70,,38138,9,,,1,97,,38141,9,,,1,41,,38163,9,,,1,106,,38168,9,,,1,97,,38137,9,,,1,164,,38171,9,,,1
3301,'Semaine-10-_26ÉTÉ-1111100-',552,,38200,9,,,2,62,,38208,9,,,2,23,,38185,9,,,1,17,,38205,9,,,1,56,,38201,9,,,2,4,,38196,9,,,1,9,,38216,9,,,1,10,,38214,9,,,2,22,,38203,9,,,2,54,,38191,9,,,1,10,,38207,9,,,2,17,,38181,9,,,1,70,,38193,9,,,1,29,,38199,9,,,1,71,,38189,9,,,2,28,,38210,9,,,1,71,,38194,9,,,1,29,,38186,9,,,1,72,,38188,9,,,1,19,,38206,9,,,1,6,,38215,9,,,1,27,,38197,9,,,1,70,,38187,9,,,1,31,,38192,9,,,1,71,,38195,9,,,1,11,,38217,9,,,1,59,,38198,9,,,1,16,,38190,9,,,2,13,,38202,9,,,2,72,,38183,9,,,1,27,,38213,9,,,1,23,,38180,9,,,2,70,,38177,9,,,2,32,,38211,9,,,1,82,,38184,9,,,1,70,,38179,9,,,1,97,,38182,9,,,1,41,,38204,9,,,1,106,,38209,9,,,1,97,,38178,9,,,1,164,,38212,9,,,1
3301,'Semaine-11-_26ÉTÉ-1111100-',552,,45759,9,,,2,62,,45767,9,,,2,23,,45744,9,,,1,17,,45764,9,,,1,56,,45760,9,,,2,4,,45755,9,,,1,9,,45775,9,,,1,10,,45773,9,,,2,22,,45762,9,,,2,54,,45750,9,,,1,10,,45766,9,,,2,17,,45740,9,,,1,70,,45752,9,,,1,29,,45758,9,,,1,71,,45748,9,,,2,28,,45769,9,,,1,71,,45753,9,,,1,29,,45745,9,,,1,72,,45747,9,,,1,19,,45765,9,,,1,6,,45774,9,,,1,27,,45756,9,,,1,70,,45746,9,,,1,31,,45751,9,,,1,71,,45754,9,,,1,11,,45776,9,,,1,59,,45757,9,,,1,16,,45749,9,,,2,13,,45761,9,,,2,72,,45742,9,,,1,27,,45772,9,,,1,23,,45739,9,,,2,70,,45736,9,,,2,32,,45770,9,,,1,82,,45743,9,,,1,70,,45738,9,,,1,97,,45741,9,,,1,41,,45763,9,,,1,106,,45768,9,,,1,97,,45737,9,,,1,164,,45771,9,,,1
3301,'Semaine-12-_26ÉTÉ-1111100-',552,,52694,9,,,2,62,,52702,9,,,2,23,,52679,9,,,1,17,,52699,9,,,1,56,,52695,9,,,2,4,,52690,9,,,1,9,,52710,9,,,1,10,,52708,9,,,2,22,,52697,9,,,2,54,,52685,9,,,1,10,,52701,9,,,2,17,,52675,9,,,1,70,,52687,9,,,1,29,,52693,9,,,1,71,,52683,9,,,2,28,,52704,9,,,1,71,,52688,9,,,1,29,,52680,9,,,1,72,,52682,9,,,1,19,,52700,9,,,1,6,,52709,9,,,1,27,,52691,9,,,1,70,,52681,9,,,1,31,,52686,9,,,1,71,,52689,9,,,1,11,,52711,9,,,1,59,,52692,9,,,1,16,,52684,9,,,2,13,,52696,9,,,2,72,,52677,9,,,1,27,,52707,9,,,1,23,,52674,9,,,2,70,,52671,9,,,2,32,,52705,9,,,1,82,,52678,9,,,1,70,,52673,9,,,1,97,,52676,9,,,1,41,,52698,9,,,1,106,,52703,9,,,1,97,,52672,9,,,1,164,,52706,9,,,1
3301,'Semaine-5-_26ÉTÉ-1111100-',552,,50258,9,,,2,62,,50266,9,,,2,23,,50243,9,,,1,17,,50263,9,,,1,56,,50259,9,,,2,4,,50254,9,,,1,9,,50274,9,,,1,10,,50272,9,,,2,22,,50261,9,,,2,54,,50249,9,,,1,10,,50265,9,,,2,17,,50239,9,,,1,70,,50251,9,,,1,29,,50257,9,,,1,71,,50247,9,,,2,28,,50268,9,,,1,71,,50252,9,,,1,29,,50244,9,,,1,72,,50246,9,,,1,19,,50264,9,,,1,6,,50273,9,,,1,27,,50255,9,,,1,70,,50245,9,,,1,31,,50250,9,,,1,71,,50253,9,,,1,11,,50275,9,,,1,59,,50256,9,,,1,16,,50248,9,,,2,13,,50260,9,,,2,72,,50241,9,,,1,27,,50271,9,,,1,23,,50238,9,,,2,70,,50235,9,,,2,32,,50269,9,,,1,82,,50242,9,,,1,70,,50237,9,,,1,97,,50240,9,,,1,41,,50262,9,,,1,106,,50267,9,,,1,97,,50236,9,,,1,164,,50270,9,,,1
56601,'Semaine-5-_26ÉTÉ-1111100-',713,,52279,34,,,1
56901,'Semaine-5-_26ÉTÉ-1111100-',713,,52280,17,,,1
