6200,'Semaine-1-_26ÉTÉ-1111100-',610,,40944,38,,,2,30,,40960,38,,,2,70,,40945,38,,,1,31,,40957,38,,,2,70,,40956,38,,,2,31,,40955,38,,,1,98,,40946,38,,,1,100,,40951,38,,,2,100,,40948,38,,,1,100,,40958,38,,,2,100,,40961,38,,,2,100,,40964,38,,,2,87,,40965,38,,,1,30,,40953,38,,,2,71,,40959,38,,,1,29,,40947,38,,,1,70,,40966,38,,,2,27,,40962,38,,,1,70,,40954,38,,,1,100,,40963,38,,,1,96,,40949,38,,,1,100,,40952,38,,,1,100,,40950,38,,,2
6200,'Semaine-10-_26ÉTÉ-1111100-',610,,40967,38,,,2,30,,40983,38,,,2,70,,40968,38,,,1,31,,40980,38,,,2,70,,40979,38,,,2,31,,40978,38,,,1,98,,40969,38,,,1,100,,40974,38,,,2,100,,40971,38,,,1,100,,40981,38,,,2,100,,40984,38,,,2,100,,40987,38,,,2,87,,40988,38,,,1,30,,40976,38,,,2,71,,40982,38,,,1,29,,40970,38,,,1,70,,40989,38,,,2,27,,40985,38,,,1,70,,40977,38,,,1,100,,40986,38,,,1,96,,40972,38,,,1,100,,40975,38,,,1,100,,40973,38,,,2
6200,'Semaine-11-_26ÉTÉ-1111100-',610,,46930,38,,,2,30,,46946,38,,,2,70,,46931,38,,,1,31,,46943,38,,,2,70,,46942,38,,,2,31,,46941,38,,,1,98,,46932,38,,,1,100,,46937,38,,,2,100,,46934,38,,,1,100,,46944,38,,,2,100,,46947,38,,,2,100,,46950,38,,,2,87,,46951,38,,,1,30,,46939,38,,,2,71,,46945,38,,,1,29,,46933,38,,,1,70,,46952,38,,,2,27,,46948,38,,,1,70,,46940,38,,,1,100,,46949,38,,,1,96,,46935,38,,,1,100,,46938,38,,,1,100,,46936,38,,,2
6200,'Semaine-12-_26ÉTÉ-1111100-',610,,53445,38,,,2,30,,53461,38,,,2,70,,53446,38,,,1,31,,53458,38,,,2,70,,53457,38,,,2,31,,53456,38,,,1,98,,53447,38,,,1,100,,53452,38,,,2,100,,53449,38,,,1,100,,53459,38,,,2,100,,53462,38,,,2,100,,53465,38,,,2,87,,53466,38,,,1,30,,53454,38,,,2,71,,53460,38,,,1,29,,53448,38,,,1,70,,53467,38,,,2,27,,53463,38,,,1,70,,53455,38,,,1,100,,53464,38,,,1,96,,53450,38,,,1,100,,53453,38,,,1,100,,53451,38,,,2
6200,'Semaine-5-_26ÉTÉ-1111100-',610,,51011,38,,,2,30,,51027,38,,,2,70,,51012,38,,,1,31,,51024,38,,,2,70,,51023,38,,,2,31,,51022,38,,,1,98,,51013,38,,,1,100,,51018,38,,,2,100,,51015,38,,,1,100,,51025,38,,,2,100,,51028,38,,,2,100,,51031,38,,,2,87,,51032,38,,,1,30,,51020,38,,,2,71,,51026,38,,,1,29,,51014,38,,,1,70,,51033,38,,,2,27,,51029,38,,,1,70,,51021,38,,,1,100,,51030,38,,,1,96,,51016,38,,,1,100,,51019,38,,,1,100,,51017,38,,,2
7101,'Samedi-0-_26ÉTÉ-0000010-',750,,42533,28,,,2,100,,42532,28,,,2,100,,42537,28,,,1,100,,42535,28,,,1,100,,42536,28,,,1,100,,42531,28,,,1,102,,42534,28,,,1,99,,42538,28,,,2,99,,42539,28,,,2,100,,42540,28,,,2,100,,42541,28,,,2,100,,42542,28,,,2,100,,42543,28,,,1,100,,42544,28,,,1,100,,42545,28,,,2,100,,42546,28,,,1
7101,'Dimanche-0-_26ÉTÉ-0000001-',750,,42552,28,,,2,100,,42551,28,,,2,100,,42553,28,,,1,100,,42554,28,,,1,100,,42549,28,,,1,100,,42548,28,,,1,102,,42550,28,,,1,99,,42547,28,,,2,99,,42557,28,,,2,100,,42558,28,,,2,100,,42559,28,,,2,100,,42560,28,,,2,100,,42555,28,,,1,100,,42556,28,,,1,100,,42562,28,,,2,100,,42561,28,,,1
7101,'Dimanche-10-_26ÉTÉ-0000001-',750,,42568,28,,,2,100,,42567,28,,,2,100,,42569,28,,,1,100,,42570,28,,,1,100,,42565,28,,,1,100,,42564,28,,,1,102,,42566,28,,,1,99,,42563,28,,,2,99,,42573,28,,,2,100,,42574,28,,,2,100,,42575,28,,,2,100,,42576,28,,,2,100,,42571,28,,,1,100,,42572,28,,,1,100,,42578,28,,,2,100,,42577,28,,,1
7101,'Dimanche-11-_26ÉTÉ-0000001-',750,,49555,28,,,2,100,,49554,28,,,2,100,,49556,28,,,1,100,,49557,28,,,1,100,,49552,28,,,1,100,,49551,28,,,1,102,,49553,28,,,1,99,,49550,28,,,2,99,,49560,28,,,2,100,,49561,28,,,2,100,,49562,28,,,2,100,,49563,28,,,2,100,,49558,28,,,1,100,,49559,28,,,1,100,,49565,28,,,2,100,,49564,28,,,1
7101,'Semaine-1-_26ÉTÉ-1111100-',555,,42596,28,,,2,62,,42613,28,,,2,18,,42614,28,,,2,20,,42597,28,,,1,60,,42598,28,,,1,15,,42608,28,,,1,20,,42590,28,,,1,55,,42593,28,,,2,18,,42616,28,,,2,30,,42579,28,,,1,68,,42606,28,,,1,30,,42605,28,,,1,70,,42584,28,,,1,30,,42618,28,,,2,70,,42604,28,,,1,30,,42607,28,,,1,70,,42617,28,,,2,30,,42580,28,,,1,70,,42582,28,,,2,30,,42594,28,,,2,71,,42583,28,,,1,30,,42615,28,,,2,70,,42610,28,,,2,15,,42599,28,,,2,15,,42602,28,,,1,55,,42600,28,,,1,16,,42585,28,,,1,19,,42591,28,,,1,11,,42612,28,,,1,55,,42581,28,,,2,14,,42611,28,,,1,20,,42586,28,,,2,60,,42589,28,,,2,28,,42587,28,,,1,70,,42588,28,,,2,100,,42603,28,,,1,100,,42601,28,,,1,100,,42595,28,,,1,101,,42609,28,,,2,99,,42592,28,,,1
7101,'Semaine-10-_26ÉTÉ-1111100-',555,,42636,28,,,2,62,,42653,28,,,2,18,,42654,28,,,2,20,,42637,28,,,1,60,,42638,28,,,1,15,,42648,28,,,1,20,,42630,28,,,1,55,,42633,28,,,2,18,,42656,28,,,2,30,,42619,28,,,1,68,,42646,28,,,1,30,,42645,28,,,1,70,,42624,28,,,1,30,,42658,28,,,2,70,,42644,28,,,1,30,,42647,28,,,1,70,,42657,28,,,2,30,,42620,28,,,1,70,,42622,28,,,2,30,,42634,28,,,2,71,,42623,28,,,1,30,,42655,28,,,2,70,,42650,28,,,2,15,,42639,28,,,2,15,,42642,28,,,1,55,,42640,28,,,1,16,,42625,28,,,1,19,,42631,28,,,1,11,,42652,28,,,1,55,,42621,28,,,2,14,,42651,28,,,1,20,,42626,28,,,2,60,,42629,28,,,2,28,,42627,28,,,1,70,,42628,28,,,2,100,,42643,28,,,1,100,,42641,28,,,1,100,,42635,28,,,1,101,,42649,28,,,2,99,,42632,28,,,1
7101,'Semaine-11-_26ÉTÉ-1111100-',555,,47652,28,,,2,62,,47669,28,,,2,18,,47670,28,,,2,20,,47653,28,,,1,60,,47654,28,,,1,15,,47664,28,,,1,20,,47646,28,,,1,55,,47649,28,,,2,18,,47672,28,,,2,30,,47635,28,,,1,68,,47662,28,,,1,30,,47661,28,,,1,70,,47640,28,,,1,30,,47674,28,,,2,70,,47660,28,,,1,30,,47663,28,,,1,70,,47673,28,,,2,30,,47636,28,,,1,70,,47638,28,,,2,30,,47650,28,,,2,71,,47639,28,,,1,30,,47671,28,,,2,70,,47666,28,,,2,15,,47655,28,,,2,15,,47658,28,,,1,55,,47656,28,,,1,16,,47641,28,,,1,19,,47647,28,,,1,11,,47668,28,,,1,55,,47637,28,,,2,14,,47667,28,,,1,20,,47642,28,,,2,60,,47645,28,,,2,28,,47643,28,,,1,70,,47644,28,,,2,100,,47659,28,,,1,100,,47657,28,,,1,100,,47651,28,,,1,101,,47665,28,,,2,99,,47648,28,,,1
7101,'Semaine-12-_26ÉTÉ-1111100-',555,,53942,28,,,2,62,,53959,28,,,2,18,,53960,28,,,2,20,,53943,28,,,1,60,,53944,28,,,1,15,,53954,28,,,1,20,,53936,28,,,1,55,,53939,28,,,2,18,,53962,28,,,2,30,,53925,28,,,1,68,,53952,28,,,1,30,,53951,28,,,1,70,,53930,28,,,1,30,,53964,28,,,2,70,,53950,28,,,1,30,,53953,28,,,1,70,,53963,28,,,2,30,,53926,28,,,1,70,,53928,28,,,2,30,,53940,28,,,2,71,,53929,28,,,1,30,,53961,28,,,2,70,,53956,28,,,2,15,,53945,28,,,2,15,,53948,28,,,1,55,,53946,28,,,1,16,,53931,28,,,1,19,,53937,28,,,1,11,,53958,28,,,1,55,,53927,28,,,2,14,,53957,28,,,1,20,,53932,28,,,2,60,,53935,28,,,2,28,,53933,28,,,1,70,,53934,28,,,2,100,,53949,28,,,1,100,,53947,28,,,1,100,,53941,28,,,1,101,,53955,28,,,2,99,,53938,28,,,1
7101,'Semaine-5-_26ÉTÉ-1111100-',555,,51509,28,,,2,62,,51526,28,,,2,18,,51527,28,,,2,20,,51510,28,,,1,60,,51511,28,,,1,15,,51521,28,,,1,20,,51503,28,,,1,55,,51506,28,,,2,18,,51529,28,,,2,30,,51492,28,,,1,68,,51519,28,,,1,30,,51518,28,,,1,70,,51497,28,,,1,30,,51531,28,,,2,70,,51517,28,,,1,30,,51520,28,,,1,70,,51530,28,,,2,30,,51493,28,,,1,70,,51495,28,,,2,30,,51507,28,,,2,71,,51496,28,,,1,30,,51528,28,,,2,70,,51523,28,,,2,15,,51512,28,,,2,15,,51515,28,,,1,55,,51513,28,,,1,16,,51498,28,,,1,19,,51504,28,,,1,11,,51525,28,,,1,55,,51494,28,,,2,14,,51524,28,,,1,20,,51499,28,,,2,60,,51502,28,,,2,28,,51500,28,,,1,70,,51501,28,,,2,100,,51516,28,,,1,100,,51514,28,,,1,100,,51508,28,,,1,101,,51522,28,,,2,99,,51505,28,,,1
7301,'Semaine-1-_26ÉTÉ-1111100-',521,,42816,13,,,1,30,,42814,13,,,1,70,,42815,13,,,2,27,,42809,13,,,1,71,,42804,13,,,2,33,,42805,13,,,2,69,,42807,13,,,1,29,,42800,13,,,1,68,,42810,13,,,2,100,,42792,13,,,1,100,,42811,13,,,1,100,,42808,13,,,1,100,,42803,13,,,2,100,,42812,13,,,2,102,,42802,13,,,2,28,,42799,13,,,1,70,,42817,13,,,1,35,,42806,13,,,2,65,,42791,13,,,2,30,,42793,13,,,1,70,,42801,13,,,1,29,,42813,13,,,1,68,,42794,13,,,1,100,,42795,13,,,1,105,,42796,13,,,2,100,,42797,13,,,1,100,,42798,13,,,2
7301,'Semaine-10-_26ÉTÉ-1111100-',521,,42843,13,,,1,30,,42841,13,,,1,70,,42842,13,,,2,27,,42836,13,,,1,71,,42831,13,,,2,33,,42832,13,,,2,69,,42834,13,,,1,29,,42827,13,,,1,68,,42837,13,,,2,100,,42819,13,,,1,100,,42838,13,,,1,100,,42835,13,,,1,100,,42830,13,,,2,100,,42839,13,,,2,102,,42829,13,,,2,28,,42826,13,,,1,70,,42844,13,,,1,35,,42833,13,,,2,65,,42818,13,,,2,30,,42820,13,,,1,70,,42828,13,,,1,29,,42840,13,,,1,68,,42821,13,,,1,100,,42822,13,,,1,105,,42823,13,,,2,100,,42824,13,,,1,100,,42825,13,,,2
7301,'Semaine-11-_26ÉTÉ-1111100-',521,,47759,13,,,1,30,,47757,13,,,1,70,,47758,13,,,2,27,,47752,13,,,1,71,,47747,13,,,2,33,,47748,13,,,2,69,,47750,13,,,1,29,,47743,13,,,1,68,,47753,13,,,2,100,,47735,13,,,1,100,,47754,13,,,1,100,,47751,13,,,1,100,,47746,13,,,2,100,,47755,13,,,2,102,,47745,13,,,2,28,,47742,13,,,1,70,,47760,13,,,1,35,,47749,13,,,2,65,,47734,13,,,2,30,,47736,13,,,1,70,,47744,13,,,1,29,,47756,13,,,1,68,,47737,13,,,1,100,,47738,13,,,1,105,,47739,13,,,2,100,,47740,13,,,1,100,,47741,13,,,2
7301,'Semaine-12-_26ÉTÉ-1111100-',521,,54035,13,,,1,30,,54033,13,,,1,70,,54034,13,,,2,27,,54028,13,,,1,71,,54023,13,,,2,33,,54024,13,,,2,69,,54026,13,,,1,29,,54019,13,,,1,68,,54029,13,,,2,100,,54011,13,,,1,100,,54030,13,,,1,100,,54027,13,,,1,100,,54022,13,,,2,100,,54031,13,,,2,102,,54021,13,,,2,28,,54018,13,,,1,70,,54036,13,,,1,35,,54025,13,,,2,65,,54010,13,,,2,30,,54012,13,,,1,70,,54020,13,,,1,29,,54032,13,,,1,68,,54013,13,,,1,100,,54014,13,,,1,105,,54015,13,,,2,100,,54016,13,,,1,100,,54017,13,,,2
7301,'Semaine-5-_26ÉTÉ-1111100-',521,,51602,13,,,1,30,,51600,13,,,1,70,,51601,13,,,2,27,,51595,13,,,1,71,,51590,13,,,2,33,,51591,13,,,2,69,,51593,13,,,1,29,,51586,13,,,1,68,,51596,13,,,2,100,,51578,13,,,1,100,,51597,13,,,1,100,,51594,13,,,1,100,,51589,13,,,2,100,,51598,13,,,2,102,,51588,13,,,2,28,,51585,13,,,1,70,,51603,13,,,1,35,,51592,13,,,2,65,,51577,13,,,2,30,,51579,13,,,1,70,,51587,13,,,1,29,,51599,13,,,1,68,,51580,13,,,1,100,,51581,13,,,1,105,,51582,13,,,2,100,,51583,13,,,1,100,,51584,13,,,2
