4100,'Semaine-1-_26ÉTÉ-1111100-',1600,,39598,49,,,2,29,,39600,49,,,1,76,,39599,49,,,2,25,,39597,49,,,1,29,,39601,49,,,1
4100,'Semaine-10-_26ÉTÉ-1111100-',1600,,39603,49,,,2,29,,39605,49,,,1,76,,39604,49,,,2,25,,39602,49,,,1,29,,39606,49,,,1
4100,'Semaine-11-_26ÉTÉ-1111100-',1600,,46360,49,,,2,29,,46362,49,,,1,76,,46361,49,,,2,25,,46359,49,,,1,29,,46363,49,,,1
4100,'Semaine-12-_26ÉTÉ-1111100-',1600,,53080,49,,,2,29,,53082,49,,,1,76,,53081,49,,,2,25,,53079,49,,,1,29,,53083,49,,,1
4100,'Semaine-5-_26ÉTÉ-1111100-',1600,,50644,49,,,2,29,,50646,49,,,1,76,,50645,49,,,2,25,,50643,49,,,1,29,,50647,49,,,1
80001,'Samedi-0-_26ÉTÉ-0000010-',654,,45237,52,,,1,100,,45239,52,,,1,99,,45240,52,,,2,100,,45243,52,,,1,103,,45238,52,,,2,100,,45241,52,,,1,100,,45244,52,,,1,99,,45242,52,,,2,100,,45245,52,,,1,100,,45246,52,,,1,100,,45247,52,,,2,100,,45248,52,,,1,97,,45251,52,,,1,100,,45249,52,,,2,100,,45250,52,,,2,100,,45252,52,,,1,100,,45253,52,,,1
80001,'Dimanche-0-_26ÉTÉ-0000001-',654,,45254,52,,,1,100,,45255,52,,,1,99,,45259,52,,,2,100,,45256,52,,,1,103,,45260,52,,,2,100,,45257,52,,,1,100,,45258,52,,,1,99,,45262,52,,,2,100,,45261,52,,,1,100,,45263,52,,,1,100,,45265,52,,,2,100,,45266,52,,,1,97,,45267,52,,,1,100,,45264,52,,,2,100,,45268,52,,,2,100,,45269,52,,,1,100,,45270,52,,,1
80001,'Dimanche-10-_26ÉTÉ-0000001-',654,,45271,52,,,1,100,,45272,52,,,1,99,,45276,52,,,2,100,,45273,52,,,1,103,,45277,52,,,2,100,,45274,52,,,1,100,,45275,52,,,1,99,,45279,52,,,2,100,,45278,52,,,1,100,,45280,52,,,1,100,,45282,52,,,2,100,,45283,52,,,1,97,,45284,52,,,1,100,,45281,52,,,2,100,,45285,52,,,2,100,,45286,52,,,1,100,,45287,52,,,1
80001,'Dimanche-11-_26ÉTÉ-0000001-',654,,49910,52,,,1,100,,49911,52,,,1,99,,49915,52,,,2,100,,49912,52,,,1,103,,49916,52,,,2,100,,49913,52,,,1,100,,49914,52,,,1,99,,49918,52,,,2,100,,49917,52,,,1,100,,49919,52,,,1,100,,49921,52,,,2,100,,49922,52,,,1,97,,49923,52,,,1,100,,49920,52,,,2,100,,49924,52,,,2,100,,49925,52,,,1,100,,49926,52,,,1
80001,'Semaine-1-_26ÉTÉ-1111100-',645,,45310,52,,,1,70,,45296,52,,,1,35,,45316,52,,,1,67,,45300,52,,,2,32,,45290,52,,,2,65,,45307,52,,,2,29,,45304,52,,,2,70,,45312,52,,,1,30,,45317,52,,,2,70,,45303,52,,,1,30,,45311,52,,,1,70,,45293,52,,,1,30,,45321,52,,,1,70,,45320,52,,,2,34,,45291,52,,,2,70,,45314,52,,,1,30,,45302,52,,,1,71,,45308,52,,,1,33,,45318,52,,,1,69,,45305,52,,,2,18,,45315,52,,,1,20,,45322,52,,,2,68,,45313,52,,,1,26,,45306,52,,,1,69,,45294,52,,,1,25,,45298,52,,,1,67,,45288,52,,,1,30,,45319,52,,,1,70,,45295,52,,,1,27,,45297,52,,,1,69,,45301,52,,,1,30,,45289,52,,,2,70,,45309,52,,,1,32,,45292,52,,,1,70,,45299,52,,,1
80001,'Semaine-10-_26ÉTÉ-1111100-',645,,45345,52,,,1,70,,45331,52,,,1,35,,45351,52,,,1,67,,45335,52,,,2,32,,45325,52,,,2,65,,45342,52,,,2,29,,45339,52,,,2,70,,45347,52,,,1,30,,45352,52,,,2,70,,45338,52,,,1,30,,45346,52,,,1,70,,45328,52,,,1,30,,45356,52,,,1,70,,45355,52,,,2,34,,45326,52,,,2,70,,45349,52,,,1,30,,45337,52,,,1,71,,45343,52,,,1,33,,45353,52,,,1,69,,45340,52,,,2,18,,45350,52,,,1,20,,45357,52,,,2,68,,45348,52,,,1,26,,45341,52,,,1,69,,45329,52,,,1,25,,45333,52,,,1,67,,45323,52,,,1,30,,45354,52,,,1,70,,45330,52,,,1,27,,45332,52,,,1,69,,45336,52,,,1,30,,45324,52,,,2,70,,45344,52,,,1,32,,45327,52,,,1,70,,45334,52,,,1
80001,'Semaine-11-_26ÉTÉ-1111100-',645,,48831,52,,,1,70,,48817,52,,,1,35,,48837,52,,,1,67,,48821,52,,,2,32,,48811,52,,,2,65,,48828,52,,,2,29,,48825,52,,,2,70,,48833,52,,,1,30,,48838,52,,,2,70,,48824,52,,,1,30,,48832,52,,,1,70,,48814,52,,,1,30,,48842,52,,,1,70,,48841,52,,,2,34,,48812,52,,,2,70,,48835,52,,,1,30,,48823,52,,,1,71,,48829,52,,,1,33,,48839,52,,,1,69,,48826,52,,,2,18,,48836,52,,,1,20,,48843,52,,,2,68,,48834,52,,,1,26,,48827,52,,,1,69,,48815,52,,,1,25,,48819,52,,,1,67,,48809,52,,,1,30,,48840,52,,,1,70,,48816,52,,,1,27,,48818,52,,,1,69,,48822,52,,,1,30,,48810,52,,,2,70,,48830,52,,,1,32,,48813,52,,,1,70,,48820,52,,,1
80001,'Semaine-12-_26ÉTÉ-1111100-',645,,54760,52,,,1,70,,54746,52,,,1,35,,54766,52,,,1,67,,54750,52,,,2,32,,54740,52,,,2,65,,54757,52,,,2,29,,54754,52,,,2,70,,54762,52,,,1,30,,54767,52,,,2,70,,54753,52,,,1,30,,54761,52,,,1,70,,54743,52,,,1,30,,54771,52,,,1,70,,54770,52,,,2,34,,54741,52,,,2,70,,54764,52,,,1,30,,54752,52,,,1,71,,54758,52,,,1,33,,54768,52,,,1,69,,54755,52,,,2,18,,54765,52,,,1,20,,54772,52,,,2,68,,54763,52,,,1,26,,54756,52,,,1,69,,54744,52,,,1,25,,54748,52,,,1,67,,54738,52,,,1,30,,54769,52,,,1,70,,54745,52,,,1,27,,54747,52,,,1,69,,54751,52,,,1,30,,54739,52,,,2,70,,54759,52,,,1,32,,54742,52,,,1,70,,54749,52,,,1
80001,'Semaine-5-_26ÉTÉ-1111100-',645,,52348,52,,,1,70,,52334,52,,,1,35,,52354,52,,,1,67,,52338,52,,,2,32,,52328,52,,,2,65,,52345,52,,,2,29,,52342,52,,,2,70,,52350,52,,,1,30,,52355,52,,,2,70,,52341,52,,,1,30,,52349,52,,,1,70,,52331,52,,,1,30,,52359,52,,,1,70,,52358,52,,,2,34,,52329,52,,,2,70,,52352,52,,,1,30,,52340,52,,,1,71,,52346,52,,,1,33,,52356,52,,,1,69,,52343,52,,,2,18,,52353,52,,,1,20,,52360,52,,,2,68,,52351,52,,,1,26,,52344,52,,,1,69,,52332,52,,,1,25,,52336,52,,,1,67,,52326,52,,,1,30,,52357,52,,,1,70,,52333,52,,,1,27,,52335,52,,,1,69,,52339,52,,,1,30,,52327,52,,,2,70,,52347,52,,,1,32,,52330,52,,,1,70,,52337,52,,,1
