3600,'Semaine-1-_26ÉTÉ-1111100-',930,,38681,47,,,1,102,,38682,47,,,1,101,,38680,47,,,1,100,,38683,47,,,1,100,,38685,47,,,1,100,,38686,47,,,1,99,,38684,47,,,1
3600,'Semaine-10-_26ÉTÉ-1111100-',930,,38688,47,,,1,102,,38689,47,,,1,101,,38687,47,,,1,100,,38690,47,,,1,100,,38692,47,,,1,100,,38693,47,,,1,99,,38691,47,,,1
3700,'Samedi-0-_26ÉTÉ-0000010-',747,,38708,39,,,1,100,,38709,39,,,1,101,,38711,39,,,1,102,,38712,39,,,1,100,,38710,39,,,1,102,,38713,39,,,1,100,,38714,39,,,1,101,,38715,39,,,1,99,,38716,39,,,1,100,,38717,39,,,1,100,,38718,39,,,1,99,,38719,39,,,1,98,,38720,39,,,1,100,,38721,39,,,1,100,,38722,39,,,1,100,,38723,39,,,1,97,,38724,39,,,1,100,,38725,39,,,1
3700,'Dimanche-0-_26ÉTÉ-0000001-',747,,38726,39,,,1,100,,38729,39,,,1,101,,38733,39,,,1,102,,38730,39,,,1,100,,38728,39,,,1,102,,38732,39,,,1,100,,38727,39,,,1,101,,38731,39,,,1,99,,38738,39,,,1,100,,38734,39,,,1,100,,38737,39,,,1,99,,38741,39,,,1,98,,38735,39,,,1,100,,38736,39,,,1,100,,38740,39,,,1,100,,38742,39,,,1,97,,38739,39,,,1,100,,38743,39,,,1
3700,'Dimanche-10-_26ÉTÉ-0000001-',747,,38744,39,,,1,100,,38747,39,,,1,101,,38751,39,,,1,102,,38748,39,,,1,100,,38746,39,,,1,102,,38750,39,,,1,100,,38745,39,,,1,101,,38749,39,,,1,99,,38756,39,,,1,100,,38752,39,,,1,100,,38755,39,,,1,99,,38759,39,,,1,98,,38753,39,,,1,100,,38754,39,,,1,100,,38758,39,,,1,100,,38760,39,,,1,97,,38757,39,,,1,100,,38761,39,,,1
3700,'Semaine-1-_26ÉTÉ-1111100-',708,,38783,39,,,1,44,,38789,39,,,1,68,,38780,39,,,1,30,,38764,39,,,1,68,,38778,39,,,1,90,,38770,39,,,1,100,,38766,39,,,1,100,,38767,39,,,1,100,,38768,39,,,1,103,,38769,39,,,1,100,,38775,39,,,1,89,,38776,39,,,1,17,,38777,39,,,1,15,,38763,39,,,1,15,,38785,39,,,1,63,,38772,39,,,1,32,,38781,39,,,1,61,,38771,39,,,1,27,,38765,39,,,1,29,,38762,39,,,1,66,,38773,39,,,1,32,,38788,39,,,1,68,,38779,39,,,1,75,,38790,39,,,1,59,,38786,39,,,1,98,,38774,39,,,1,100,,38784,39,,,1,99,,38787,39,,,1,55,,38782,39,,,1
3700,'Semaine-10-_26ÉTÉ-1111100-',708,,38812,39,,,1,44,,38818,39,,,1,68,,38809,39,,,1,30,,38793,39,,,1,68,,38807,39,,,1,90,,38799,39,,,1,100,,38795,39,,,1,100,,38796,39,,,1,100,,38797,39,,,1,103,,38798,39,,,1,100,,38804,39,,,1,89,,38805,39,,,1,17,,38806,39,,,1,15,,38792,39,,,1,15,,38814,39,,,1,63,,38801,39,,,1,32,,38810,39,,,1,61,,38800,39,,,1,27,,38794,39,,,1,29,,38791,39,,,1,66,,38802,39,,,1,32,,38817,39,,,1,68,,38808,39,,,1,75,,38819,39,,,1,59,,38815,39,,,1,98,,38803,39,,,1,100,,38813,39,,,1,99,,38816,39,,,1,55,,38811,39,,,1
6400,'Samedi-0-_26ÉTÉ-0000010-',759,,41170,40,,,1,100,,41172,40,,,1,100,,41175,40,,,1,100,,41173,40,,,2,100,,41176,40,,,1,100,,41171,40,,,1,100,,41174,40,,,2,100,,41177,40,,,1,98,,41178,40,,,1,100,,41179,40,,,1,100,,41180,40,,,1,100,,41181,40,,,1
6400,'Dimanche-0-_26ÉTÉ-0000001-',759,,41182,40,,,1,100,,41187,40,,,1,100,,41183,40,,,1,100,,41186,40,,,2,100,,41189,40,,,1,100,,41188,40,,,1,100,,41185,40,,,2,100,,41184,40,,,1,98,,41192,40,,,1,100,,41193,40,,,1,100,,41190,40,,,1,100,,41191,40,,,1
6400,'Dimanche-10-_26ÉTÉ-0000001-',759,,41194,40,,,1,100,,41199,40,,,1,100,,41195,40,,,1,100,,41198,40,,,2,100,,41201,40,,,1,100,,41200,40,,,1,100,,41197,40,,,2,100,,41196,40,,,1,98,,41204,40,,,1,100,,41205,40,,,1,100,,41202,40,,,1,100,,41203,40,,,1
6400,'Semaine-1-_26ÉTÉ-1111100-',716,,41214,40,,,1,30,,41211,40,,,2,70,,41206,40,,,2,35,,41210,40,,,2,95,,41212,40,,,2,100,,41217,40,,,2,100,,41216,40,,,1,100,,41209,40,,,2,100,,41222,40,,,1,100,,41218,40,,,1,95,,41219,40,,,1,70,,41224,40,,,1,102,,41223,40,,,1,95,,41220,40,,,2,100,,41221,40,,,1,100,,41213,40,,,1,99,,41207,40,,,1,100,,41215,40,,,1,100,,41208,40,,,1
6400,'Semaine-10-_26ÉTÉ-1111100-',716,,41233,40,,,1,30,,41230,40,,,2,70,,41225,40,,,2,35,,41229,40,,,2,95,,41231,40,,,2,100,,41236,40,,,2,100,,41235,40,,,1,100,,41228,40,,,2,100,,41241,40,,,1,100,,41237,40,,,1,95,,41238,40,,,1,70,,41243,40,,,1,102,,41242,40,,,1,95,,41239,40,,,2,100,,41240,40,,,1,100,,41232,40,,,2,99,,41226,40,,,1,100,,41234,40,,,1,100,,41227,40,,,1
6801,'Semaine-1-_26ÉTÉ-1111100-',630,,42177,17,,,1,20,,42190,17,,,1,60,,42161,17,,,1,20,,42174,17,,,1,5,,42188,17,,,1,5,,42168,17,,,1,6,,42173,17,,,1,61,,42179,17,,,1,18,,42191,17,,,1,20,,42167,17,,,1,59,,42186,17,,,1,21,,42184,17,,,1,20,,42189,17,,,1,70,,42162,17,,,1,28,,42182,17,,,1,70,,42163,17,,,1,30,,42165,17,,,1,70,,42185,17,,,1,30,,42169,17,,,1,70,,42187,17,,,1,32,,42181,17,,,1,70,,42170,17,,,1,30,,42180,17,,,1,69,,42171,17,,,1,31,,42166,17,,,1,68,,42164,17,,,1,32,,42178,17,,,1,70,,42172,17,,,1,28,,42183,17,,,1,70,,42176,17,,,1,30,,42175,17,,,1
6801,'Semaine-10-_26ÉTÉ-1111100-',630,,42208,17,,,1,20,,42221,17,,,1,60,,42192,17,,,1,20,,42205,17,,,1,5,,42219,17,,,1,5,,42199,17,,,1,6,,42204,17,,,1,61,,42210,17,,,1,18,,42222,17,,,1,20,,42198,17,,,1,59,,42217,17,,,1,21,,42215,17,,,1,20,,42220,17,,,1,70,,42193,17,,,1,28,,42213,17,,,1,70,,42194,17,,,1,30,,42196,17,,,1,70,,42216,17,,,1,30,,42200,17,,,1,70,,42218,17,,,1,32,,42212,17,,,1,70,,42201,17,,,1,30,,42211,17,,,1,69,,42202,17,,,1,31,,42197,17,,,1,68,,42195,17,,,1,32,,42209,17,,,1,70,,42203,17,,,1,28,,42214,17,,,1,70,,42207,17,,,1,30,,42206,17,,,1
37100,'Samedi-0-_26ÉTÉ-0000010-',818,,44103,40,,,1,102,,44107,40,,,1,99,,44102,40,,,1,103,,44108,40,,,1,100,,44104,40,,,1,100,,44105,40,,,1,100,,44106,40,,,1,104,,44109,40,,,1,100,,44110,40,,,1,100,,44111,40,,,1,98,,44112,40,,,1,98,,44113,40,,,1,100,,44114,40,,,1,98,,44115,40,,,1,100,,44116,40,,,1,99,,44117,40,,,1,98,,44118,40,,,1
37100,'Dimanche-0-_26ÉTÉ-0000001-',818,,44119,40,,,1,102,,44125,40,,,1,99,,44126,40,,,1,103,,44127,40,,,1,100,,44120,40,,,1,100,,44122,40,,,1,100,,44121,40,,,1,104,,44123,40,,,1,100,,44124,40,,,1,100,,44129,40,,,1,98,,44134,40,,,1,98,,44128,40,,,1,100,,44130,40,,,1,98,,44135,40,,,1,100,,44133,40,,,1,99,,44131,40,,,1,98,,44132,40,,,1
37100,'Dimanche-10-_26ÉTÉ-0000001-',818,,44136,40,,,1,102,,44142,40,,,1,99,,44143,40,,,1,103,,44144,40,,,1,100,,44137,40,,,1,100,,44139,40,,,1,100,,44138,40,,,1,104,,44140,40,,,1,100,,44141,40,,,1,100,,44146,40,,,1,98,,44151,40,,,1,98,,44145,40,,,1,100,,44147,40,,,1,98,,44152,40,,,1,100,,44150,40,,,1,99,,44148,40,,,1,98,,44149,40,,,1
37100,'Semaine-1-_26ÉTÉ-1111100-',728,,44166,40,,,1,74,,44163,40,,,1,30,,44159,40,,,1,68,,44154,40,,,1,50,,44173,40,,,1,97,,44158,40,,,1,102,,44160,40,,,1,100,,44172,40,,,1,100,,44167,40,,,1,103,,44156,40,,,1,95,,44168,40,,,1,58,,44177,40,,,1,17,,44157,40,,,1,15,,44178,40,,,1,65,,44153,40,,,1,21,,44162,40,,,1,29,,44169,40,,,1,63,,44175,40,,,1,25,,44174,40,,,1,70,,44164,40,,,1,28,,44176,40,,,1,70,,44179,40,,,1,30,,44165,40,,,1,95,,44161,40,,,1,100,,44171,40,,,1,100,,44170,40,,,1,97,,44155,40,,,1
37100,'Semaine-10-_26ÉTÉ-1111100-',728,,44193,40,,,1,74,,44190,40,,,1,30,,44186,40,,,1,68,,44181,40,,,1,50,,44200,40,,,1,97,,44185,40,,,1,102,,44187,40,,,1,100,,44199,40,,,1,100,,44194,40,,,1,103,,44183,40,,,1,95,,44195,40,,,1,58,,44204,40,,,1,17,,44184,40,,,1,15,,44205,40,,,1,65,,44180,40,,,1,21,,44189,40,,,1,29,,44196,40,,,1,63,,44202,40,,,1,25,,44201,40,,,1,70,,44191,40,,,1,28,,44203,40,,,1,70,,44206,40,,,1,30,,44192,40,,,1,95,,44188,40,,,1,100,,44198,40,,,1,100,,44197,40,,,1,97,,44182,40,,,1
