3901,'Samedi-0-_26ÉTÉ-0000010-',625,,39431,25,,,1,100,,39433,25,,,1,100,,39437,25,,,1,100,,39436,25,,,1,101,,39439,25,,,1,100,,39438,25,,,1,101,,39434,25,,,1,30,,39432,25,,,1,70,,39440,25,,,1,30,,39435,25,,,2,70,,39441,25,,,1,30,,39442,25,,,1,71,,39443,25,,,2,30,,39444,25,,,1,70,,39445,25,,,1,30,,39446,25,,,1,70,,39447,25,,,1,30,,39448,25,,,1,69,,39449,25,,,1,29,,39450,25,,,1,100,,39451,25,,,1,100,,39452,25,,,1,100,,39453,25,,,1,100,,39454,25,,,1
3901,'Dimanche-0-_26ÉTÉ-0000001-',625,,39455,25,,,1,100,,39462,25,,,1,100,,39456,25,,,1,100,,39459,25,,,1,101,,39464,25,,,1,100,,39457,25,,,1,101,,39463,25,,,1,30,,39458,25,,,1,70,,39460,25,,,1,30,,39465,25,,,2,70,,39467,25,,,1,30,,39461,25,,,1,71,,39466,25,,,2,30,,39468,25,,,1,70,,39469,25,,,1,30,,39474,25,,,1,70,,39476,25,,,1,30,,39478,25,,,1,69,,39475,25,,,1,29,,39472,25,,,1,100,,39473,25,,,1,100,,39477,25,,,1,100,,39470,25,,,1,100,,39471,25,,,1
3901,'Dimanche-10-_26ÉTÉ-0000001-',625,,39479,25,,,1,100,,39486,25,,,1,100,,39480,25,,,1,100,,39483,25,,,1,101,,39488,25,,,1,100,,39481,25,,,1,101,,39487,25,,,1,30,,39482,25,,,1,70,,39484,25,,,1,30,,39489,25,,,2,70,,39491,25,,,1,30,,39485,25,,,1,71,,39490,25,,,2,30,,39492,25,,,1,70,,39493,25,,,1,30,,39498,25,,,1,70,,39500,25,,,1,30,,39502,25,,,1,69,,39499,25,,,1,29,,39496,25,,,1,100,,39497,25,,,1,100,,39501,25,,,1,100,,39494,25,,,1,100,,39495,25,,,1
3901,'Semaine-1-_26ÉTÉ-1111100-',648,,39525,25,,,2,66,,39514,25,,,1,35,,39515,25,,,1,74,,39511,25,,,1,33,,39517,25,,,1,70,,39519,25,,,1,30,,39526,25,,,1,70,,39537,25,,,1,30,,39532,25,,,2,70,,39527,25,,,1,30,,39512,25,,,1,72,,39521,25,,,2,30,,39528,25,,,1,68,,39513,25,,,1,30,,39510,25,,,2,73,,39529,25,,,1,29,,39522,25,,,2,72,,39503,25,,,1,71,,39530,25,,,2,31,,39508,25,,,1,70,,39505,25,,,1,30,,39533,25,,,1,27,,39518,25,,,1,72,,39524,25,,,1,70,,39509,25,,,2,31,,39531,25,,,1,25,,39504,25,,,2,66,,39534,25,,,1,30,,39507,25,,,1,70,,39523,25,,,1,32,,39535,25,,,1,70,,39506,25,,,1,30,,39516,25,,,1,71,,39536,25,,,1,30,,39520,25,,,1
3901,'Semaine-10-_26ÉTÉ-1111100-',648,,39560,25,,,2,66,,39549,25,,,1,35,,39550,25,,,1,74,,39546,25,,,1,33,,39552,25,,,1,70,,39554,25,,,1,30,,39561,25,,,1,70,,39572,25,,,1,30,,39567,25,,,2,70,,39562,25,,,1,30,,39547,25,,,1,72,,39556,25,,,2,30,,39563,25,,,1,68,,39548,25,,,1,30,,39545,25,,,2,73,,39564,25,,,1,29,,39557,25,,,2,72,,39538,25,,,1,71,,39565,25,,,2,31,,39543,25,,,1,70,,39540,25,,,1,30,,39568,25,,,1,27,,39553,25,,,1,72,,39559,25,,,1,70,,39544,25,,,2,31,,39566,25,,,1,25,,39539,25,,,2,66,,39569,25,,,1,30,,39542,25,,,1,70,,39558,25,,,1,32,,39570,25,,,1,70,,39541,25,,,1,30,,39551,25,,,1,71,,39571,25,,,1,30,,39555,25,,,1
4901,'Samedi-0-_26ÉTÉ-0000010-',721,,39783,12,,,1,100,,39782,12,,,1,100,,39784,12,,,1,100,,39780,12,,,1,100,,39785,12,,,1,100,,39781,12,,,1,98,,39786,12,,,1,103,,39787,12,,,1,99,,39788,12,,,1,100,,39789,12,,,1,100,,39790,12,,,1,98,,39791,12,,,1,102,,39792,12,,,1,100,,39793,12,,,1,100,,39794,12,,,1,100,,39795,12,,,1,99,,39796,12,,,1
4901,'Dimanche-0-_26ÉTÉ-0000001-',721,,39801,12,,,1,100,,39797,12,,,1,100,,39800,12,,,1,100,,39802,12,,,1,100,,39799,12,,,1,100,,39798,12,,,1,98,,39804,12,,,1,103,,39805,12,,,1,99,,39803,12,,,1,100,,39809,12,,,1,100,,39813,12,,,1,98,,39806,12,,,1,102,,39807,12,,,1,100,,39808,12,,,1,100,,39810,12,,,1,100,,39811,12,,,1,99,,39812,12,,,1
4901,'Dimanche-10-_26ÉTÉ-0000001-',721,,39818,12,,,1,100,,39814,12,,,1,100,,39817,12,,,1,100,,39819,12,,,1,100,,39816,12,,,1,100,,39815,12,,,1,98,,39821,12,,,1,103,,39822,12,,,1,99,,39820,12,,,1,100,,39826,12,,,1,100,,39830,12,,,1,98,,39823,12,,,1,102,,39824,12,,,1,100,,39825,12,,,1,100,,39827,12,,,1,100,,39828,12,,,1,99,,39829,12,,,1
4901,'Semaine-1-_26ÉTÉ-1111100-',603,,39836,12,,,1,47,,39841,12,,,1,70,,39857,12,,,1,31,,39853,12,,,1,69,,39851,12,,,1,29,,39860,12,,,1,70,,39843,12,,,1,30,,39858,12,,,1,70,,39855,12,,,1,30,,39831,12,,,1,70,,39852,12,,,1,30,,39832,12,,,1,72,,39837,12,,,1,28,,39839,12,,,1,68,,39844,12,,,1,31,,39859,12,,,1,71,,39842,12,,,1,30,,39861,12,,,1,71,,39845,12,,,1,32,,39848,12,,,1,70,,39838,12,,,1,29,,39840,12,,,1,69,,39856,12,,,1,29,,39850,12,,,1,70,,39854,12,,,1,95,,39833,12,,,1,40,,39849,12,,,1,100,,39847,12,,,1,100,,39834,12,,,1,100,,39846,12,,,1,98,,39835,12,,,1
4901,'Semaine-10-_26ÉTÉ-1111100-',603,,39867,12,,,1,47,,39872,12,,,1,70,,39888,12,,,1,31,,39884,12,,,1,69,,39882,12,,,1,29,,39891,12,,,1,70,,39874,12,,,1,30,,39889,12,,,1,70,,39886,12,,,1,30,,39862,12,,,1,70,,39883,12,,,1,30,,39863,12,,,1,72,,39868,12,,,1,28,,39870,12,,,1,68,,39875,12,,,1,31,,39890,12,,,1,71,,39873,12,,,1,30,,39892,12,,,1,71,,39876,12,,,1,32,,39879,12,,,1,70,,39869,12,,,1,29,,39871,12,,,1,69,,39887,12,,,1,29,,39881,12,,,1,70,,39885,12,,,1,95,,39864,12,,,1,40,,39880,12,,,1,100,,39878,12,,,1,100,,39865,12,,,1,100,,39877,12,,,1,98,,39866,12,,,1
5601,'Semaine-1-_26ÉTÉ-1111100-',1218,,40518,7,,,2,101,,40515,7,,,1,100,,40514,7,,,1,98,,40517,7,,,1,106,,40516,7,,,1,97,,40519,7,,,2,97,,40520,7,,,1
5601,'Semaine-10-_26ÉTÉ-1111100-',1218,,40525,7,,,2,101,,40522,7,,,1,100,,40521,7,,,1,98,,40524,7,,,1,106,,40523,7,,,1,97,,40526,7,,,2,97,,40527,7,,,1
