7700,'Samedi-0-_26ÉTÉ-0000010-',745,,30380,4,,,1,100,,30379,4,,,2,100,,30378,4,,,2,100,,30383,4,,,1,100,,30381,4,,,1,100,,30382,4,,,1,100,,30384,4,,,1,102,,30385,4,,,1,98,,30386,4,,,1,100,,30387,4,,,1,100,,30388,4,,,1,100,,30389,4,,,1,100,,30390,4,,,1,100,,30393,4,,,1,100,,30391,4,,,1,100,,30392,4,,,2
7700,'Dimanche-0-_26ÉTÉ-0000001-',745,,30394,4,,,1,100,,30398,4,,,2,100,,30400,4,,,2,100,,30395,4,,,1,100,,30399,4,,,1,100,,30401,4,,,1,100,,30396,4,,,1,102,,30397,4,,,1,98,,30402,4,,,1,100,,30403,4,,,1,100,,30406,4,,,1,100,,30408,4,,,1,100,,30407,4,,,1,100,,30409,4,,,1,100,,30404,4,,,1,100,,30405,4,,,2
7700,'Dimanche-10-_26ÉTÉ-0000001-',745,,32332,4,,,1,100,,32336,4,,,2,100,,32338,4,,,2,100,,32333,4,,,1,100,,32337,4,,,1,100,,32339,4,,,1,100,,32334,4,,,1,102,,32335,4,,,1,98,,32340,4,,,1,100,,32341,4,,,1,100,,32344,4,,,1,100,,32346,4,,,1,100,,32345,4,,,1,100,,32347,4,,,1,100,,32342,4,,,1,100,,32343,4,,,2
7700,'Semaine-1-_26ÉTÉ-1111100-',523,,26396,4,,,1,29,,26381,4,,,1,70,,26383,4,,,1,30,,26373,4,,,1,72,,26384,4,,,2,28,,26395,4,,,2,67,,26380,4,,,2,30,,26385,4,,,2,70,,26400,4,,,2,30,,26386,4,,,2,70,,26401,4,,,1,30,,26387,4,,,1,70,,26402,4,,,1,30,,26388,4,,,1,70,,26399,4,,,1,30,,26389,4,,,1,70,,26398,4,,,1,30,,26390,4,,,1,72,,26397,4,,,2,28,,26372,4,,,2,70,,26392,4,,,1,30,,26377,4,,,2,70,,26391,4,,,2,30,,26375,4,,,1,70,,26393,4,,,1,30,,26376,4,,,1,70,,26382,4,,,1,30,,26394,4,,,1,100,,26378,4,,,2,100,,26379,4,,,2,100,,26374,4,,,2,100,,26371,4,,,1
7700,'Semaine-10-_26ÉTÉ-1111100-',523,,30435,4,,,1,29,,30420,4,,,1,70,,30422,4,,,1,30,,30412,4,,,1,72,,30423,4,,,2,28,,30434,4,,,2,67,,30419,4,,,2,30,,30424,4,,,2,70,,30439,4,,,2,30,,30425,4,,,2,70,,30440,4,,,1,30,,30426,4,,,1,70,,30441,4,,,1,30,,30427,4,,,1,70,,30438,4,,,1,30,,30428,4,,,1,70,,30437,4,,,1,30,,30429,4,,,1,72,,30436,4,,,2,28,,30411,4,,,2,70,,30431,4,,,2,30,,30416,4,,,2,70,,30430,4,,,2,30,,30414,4,,,1,70,,30432,4,,,1,30,,30415,4,,,1,70,,30421,4,,,1,30,,30433,4,,,1,100,,30417,4,,,2,100,,30418,4,,,2,100,,30413,4,,,2,100,,30410,4,,,1
7800,'Samedi-0-_26ÉTÉ-0000010-',815,,30445,4,,,1,100,,30444,4,,,2,100,,30442,4,,,2,100,,30447,4,,,1,100,,30443,4,,,1,100,,30446,4,,,1,99,,30448,4,,,1,101,,30449,4,,,1,100,,30450,4,,,1,100,,30451,4,,,1,100,,30452,4,,,1,100,,30453,4,,,2,100,,30454,4,,,1,100,,30455,4,,,1,100,,30456,4,,,1,100,,30457,4,,,2
7800,'Dimanche-0-_26ÉTÉ-0000001-',815,,30458,4,,,1,100,,30462,4,,,2,100,,30464,4,,,2,100,,30459,4,,,1,100,,30463,4,,,1,100,,30465,4,,,1,99,,30460,4,,,1,101,,30461,4,,,1,100,,30466,4,,,1,100,,30469,4,,,1,100,,30471,4,,,1,100,,30470,4,,,2,100,,30472,4,,,1,100,,30473,4,,,1,100,,30467,4,,,1,100,,30468,4,,,2
7800,'Dimanche-10-_26ÉTÉ-0000001-',815,,32348,4,,,1,100,,32352,4,,,2,100,,32354,4,,,2,100,,32349,4,,,1,100,,32353,4,,,1,100,,32355,4,,,1,99,,32350,4,,,1,101,,32351,4,,,1,100,,32356,4,,,1,100,,32359,4,,,1,100,,32361,4,,,1,100,,32360,4,,,2,100,,32362,4,,,1,100,,32363,4,,,1,100,,32357,4,,,1,100,,32358,4,,,2
7800,'Semaine-1-_26ÉTÉ-1111100-',447,,26415,4,,,1,60,,26416,4,,,1,30,,26405,4,,,1,70,,26417,4,,,2,30,,26403,4,,,2,70,,26418,4,,,2,30,,26427,4,,,2,65,,26408,4,,,1,34,,26419,4,,,1,68,,26420,4,,,2,30,,26431,4,,,2,70,,26421,4,,,1,30,,26432,4,,,2,70,,26422,4,,,1,30,,26433,4,,,1,70,,26423,4,,,1,30,,26434,4,,,2,70,,26424,4,,,1,30,,26435,4,,,1,70,,26425,4,,,1,30,,26410,4,,,2,70,,26426,4,,,1,29,,26404,4,,,1,69,,26413,4,,,1,32,,26428,4,,,1,72,,26412,4,,,1,28,,26436,4,,,1,70,,26429,4,,,1,30,,26406,4,,,1,85,,26430,4,,,1,98,,26411,4,,,1,102,,26414,4,,,1,100,,26407,4,,,2,100,,26409,4,,,1
7800,'Semaine-10-_26ÉTÉ-1111100-',447,,30486,4,,,1,60,,30487,4,,,1,30,,30476,4,,,1,70,,30488,4,,,2,30,,30474,4,,,2,70,,30489,4,,,2,30,,30498,4,,,2,65,,30479,4,,,1,34,,30490,4,,,1,68,,30491,4,,,2,30,,30502,4,,,2,70,,30492,4,,,1,30,,30503,4,,,2,70,,30493,4,,,1,30,,30504,4,,,1,70,,30494,4,,,1,30,,30505,4,,,2,70,,30495,4,,,1,30,,30506,4,,,1,70,,30496,4,,,1,30,,30481,4,,,1,70,,30497,4,,,1,29,,30475,4,,,1,69,,30484,4,,,1,32,,30499,4,,,1,72,,30483,4,,,1,28,,30507,4,,,1,70,,30500,4,,,1,30,,30477,4,,,1,85,,30501,4,,,1,98,,30482,4,,,1,102,,30485,4,,,1,100,,30478,4,,,2,100,,30480,4,,,1
