2301,'Semaine-1-_26ÉTÉ-1111100-',649,,37352,34,,,1,70,,37349,34,,,1,34,,37353,34,,,1,70,,37351,34,,,2,32,,37350,34,,,2
2301,'Semaine-10-_26ÉTÉ-1111100-',649,,37357,34,,,1,70,,37354,34,,,1,34,,37358,34,,,1,70,,37356,34,,,2,32,,37355,34,,,2
2301,'Semaine-11-_26ÉTÉ-1111100-',649,,45382,34,,,1,70,,45379,34,,,1,34,,45383,34,,,1,70,,45381,34,,,2,32,,45380,34,,,2
2501,'Semaine-1-_26ÉTÉ-1111100-',632,,37375,41,,,1,69,,37374,41,,,1,36,,37372,41,,,2,79,,37373,41,,,2,30,,37376,41,,,1,64,,37371,41,,,1
2501,'Semaine-10-_26ÉTÉ-1111100-',632,,37381,41,,,1,69,,37380,41,,,1,36,,37378,41,,,2,79,,37379,41,,,2,30,,37382,41,,,1,64,,37377,41,,,1
2501,'Semaine-11-_26ÉTÉ-1111100-',632,,45394,41,,,1,69,,45393,41,,,1,36,,45391,41,,,2,79,,45392,41,,,2,30,,45395,41,,,1,64,,45390,41,,,1
2601,'Semaine-1-_26ÉTÉ-1111100-',633,,37394,39,,,1,72,,37396,39,,,1,32,,37397,39,,,1,64,,37395,39,,,1,36,,37393,39,,,2
2601,'Semaine-10-_26ÉTÉ-1111100-',633,,37399,39,,,1,72,,37401,39,,,1,32,,37402,39,,,1,64,,37400,39,,,1,36,,37398,39,,,2
2601,'Semaine-11-_26ÉTÉ-1111100-',633,,45402,39,,,1,72,,45404,39,,,1,32,,45405,39,,,1,64,,45403,39,,,1,36,,45401,39,,,2
2901,'Semaine-1-_26ÉTÉ-1111100-',746,,37443,25,,,1,73,,37446,25,,,1,27,,37444,25,,,1,66,,37445,25,,,1
2901,'Semaine-10-_26ÉTÉ-1111100-',746,,37447,25,,,1,73,,37450,25,,,1,27,,37448,25,,,1,66,,37449,25,,,1
2901,'Semaine-11-_26ÉTÉ-1111100-',746,,45426,25,,,1,73,,45429,25,,,1,27,,45427,25,,,1,66,,45428,25,,,1
4001,'Semaine-1-_26ÉTÉ-1111100-',646,,39588,57,,,2,72,,39587,57,,,2,35,,39590,57,,,2,75,,39586,57,,,1,26,,39585,57,,,2,66,,39589,57,,,2
4001,'Semaine-10-_26ÉTÉ-1111100-',646,,39594,57,,,2,72,,39593,57,,,2,35,,39596,57,,,2,75,,39592,57,,,1,26,,39591,57,,,2,66,,39595,57,,,2
4001,'Semaine-11-_26ÉTÉ-1111100-',646,,46356,57,,,2,72,,46355,57,,,2,35,,46358,57,,,2,75,,46354,57,,,1,26,,46353,57,,,2,66,,46357,57,,,2
4101,'Semaine-1-_26ÉTÉ-1111100-',714,,39609,48,,,2,31,,39610,48,,,2,72,,39611,48,,,2,30,,39608,48,,,1,67,,39607,48,,,2
4101,'Semaine-10-_26ÉTÉ-1111100-',714,,39614,48,,,2,31,,39615,48,,,2,72,,39616,48,,,2,30,,39613,48,,,1,67,,39612,48,,,2
4101,'Semaine-11-_26ÉTÉ-1111100-',714,,46366,48,,,2,31,,46367,48,,,2,72,,46368,48,,,2,30,,46365,48,,,1,67,,46364,48,,,2
4501,'Semaine-1-_26ÉTÉ-1111100-',659,,39637,51,,,2,81,,39641,51,,,1,67,,39640,51,,,2,32,,39639,51,,,1,63,,39642,51,,,1,30,,39638,51,,,2
4501,'Semaine-10-_26ÉTÉ-1111100-',659,,39643,51,,,2,81,,39647,51,,,1,67,,39646,51,,,2,32,,39645,51,,,1,63,,39648,51,,,1,30,,39644,51,,,2
4501,'Semaine-11-_26ÉTÉ-1111100-',659,,46379,51,,,2,81,,46383,51,,,1,67,,46382,51,,,2,32,,46381,51,,,1,63,,46384,51,,,1,30,,46380,51,,,2
4701,'Semaine-1-_26ÉTÉ-1111100-',649,,39657,44,,,2,88,,39658,44,,,2,90,,39655,44,,,2,25,,39656,44,,,2
4701,'Semaine-10-_26ÉTÉ-1111100-',649,,39661,44,,,2,88,,39662,44,,,2,90,,39659,44,,,2,25,,39660,44,,,2
4701,'Semaine-11-_26ÉTÉ-1111100-',649,,46390,44,,,2,88,,46391,44,,,2,90,,46388,44,,,2,25,,46389,44,,,2
4801,'Semaine-1-_26ÉTÉ-1111100-',805,,39665,45,,,1
4801,'Semaine-10-_26ÉTÉ-1111100-',805,,39666,45,,,1
4801,'Semaine-11-_26ÉTÉ-1111100-',805,,46393,45,,,1
