9301,'Semaine-1-_26ÉTÉ-1111100-',557,,43696,19,,,1,60,,43694,19,,,1,20,,43693,19,,,1,71,,43697,19,,,2,30,,43695,19,,,1
9301,'Semaine-10-_26ÉTÉ-1111100-',557,,43701,19,,,1,60,,43699,19,,,1,20,,43698,19,,,1,71,,43702,19,,,2,30,,43700,19,,,1
9301,'Semaine-11-_26ÉTÉ-1111100-',557,,48138,19,,,1,60,,48136,19,,,1,20,,48135,19,,,1,71,,48139,19,,,2,30,,48137,19,,,1
9301,'Semaine-12-_26ÉTÉ-1111100-',557,,54314,19,,,1,60,,54312,19,,,1,20,,54311,19,,,1,71,,54315,19,,,2,30,,54313,19,,,1
9301,'Semaine-5-_26ÉTÉ-1111100-',557,,51881,19,,,1,60,,51879,19,,,1,20,,51878,19,,,1,71,,51882,19,,,2,30,,51880,19,,,1
9401,'Semaine-1-_26ÉTÉ-1111100-',538,,43703,19,,,1
9401,'Semaine-10-_26ÉTÉ-1111100-',538,,43704,19,,,1
9401,'Semaine-11-_26ÉTÉ-1111100-',538,,48140,19,,,1
9401,'Semaine-12-_26ÉTÉ-1111100-',538,,54316,19,,,1
9401,'Semaine-5-_26ÉTÉ-1111100-',538,,51883,19,,,1
9701,'Samedi-0-_26ÉTÉ-0000010-',801,,43834,64,,,2,100,,43837,64,,,1,101,,43835,64,,,2,100,,43838,64,,,2,100,,43832,64,,,1,100,,43833,64,,,1,101,,43836,64,,,2,100,,43839,64,,,2,100,,43840,64,,,1,100,,43841,64,,,2,100,,43842,64,,,2,100,,43843,64,,,1,100,,43847,64,,,1,100,,43844,64,,,1,99,,43845,64,,,1,100,,43846,64,,,1
9701,'Dimanche-0-_26ÉTÉ-0000001-',801,,43854,64,,,2,100,,43851,64,,,1,101,,43852,64,,,2,100,,43855,64,,,2,100,,43850,64,,,1,100,,43849,64,,,1,101,,43848,64,,,2,100,,43853,64,,,2,100,,43857,64,,,1,100,,43856,64,,,2,100,,43861,64,,,2,100,,43862,64,,,1,100,,43863,64,,,1,100,,43858,64,,,1,99,,43859,64,,,1,100,,43860,64,,,1
9701,'Dimanche-10-_26ÉTÉ-0000001-',801,,43870,64,,,2,100,,43867,64,,,1,101,,43868,64,,,2,100,,43871,64,,,2,100,,43866,64,,,1,100,,43865,64,,,1,101,,43864,64,,,2,100,,43869,64,,,2,100,,43873,64,,,1,100,,43872,64,,,2,100,,43877,64,,,2,100,,43878,64,,,1,100,,43879,64,,,1,100,,43874,64,,,1,99,,43875,64,,,1,100,,43876,64,,,1
9701,'Dimanche-11-_26ÉTÉ-0000001-',801,,49703,64,,,2,100,,49700,64,,,1,101,,49701,64,,,2,100,,49704,64,,,2,100,,49699,64,,,1,100,,49698,64,,,1,101,,49697,64,,,2,100,,49702,64,,,2,100,,49706,64,,,1,100,,49705,64,,,2,100,,49710,64,,,2,100,,49711,64,,,1,100,,49712,64,,,1,100,,49707,64,,,1,99,,49708,64,,,1,100,,49709,64,,,1
9701,'Semaine-1-_26ÉTÉ-1111100-',643,,43894,64,,,1,99,,43887,64,,,2,111,,43896,64,,,1,103,,43885,64,,,2,99,,43882,64,,,1,100,,43895,64,,,2,98,,43890,64,,,2,101,,43886,64,,,1,101,,43892,64,,,2,103,,43880,64,,,1,97,,43883,64,,,1,99,,43891,64,,,1,96,,43893,64,,,2,96,,43884,64,,,2,97,,43888,64,,,1,100,,43881,64,,,2,99,,43889,64,,,1
9701,'Semaine-10-_26ÉTÉ-1111100-',643,,43911,64,,,1,99,,43904,64,,,2,111,,43913,64,,,1,103,,43902,64,,,2,99,,43899,64,,,1,100,,43912,64,,,2,98,,43907,64,,,2,101,,43903,64,,,1,101,,43909,64,,,2,103,,43897,64,,,1,97,,43900,64,,,1,99,,43908,64,,,1,96,,43910,64,,,2,96,,43901,64,,,2,97,,43905,64,,,1,100,,43898,64,,,2,99,,43906,64,,,1
9701,'Semaine-11-_26ÉTÉ-1111100-',643,,48226,64,,,1,99,,48219,64,,,2,111,,48228,64,,,1,103,,48217,64,,,2,99,,48214,64,,,1,100,,48227,64,,,2,98,,48222,64,,,2,101,,48218,64,,,1,101,,48224,64,,,2,103,,48212,64,,,1,97,,48215,64,,,1,99,,48223,64,,,1,96,,48225,64,,,2,96,,48216,64,,,2,97,,48220,64,,,1,100,,48213,64,,,2,99,,48221,64,,,1
9701,'Semaine-12-_26ÉTÉ-1111100-',643,,54369,64,,,1,99,,54362,64,,,2,111,,54371,64,,,1,103,,54360,64,,,2,99,,54357,64,,,1,100,,54370,64,,,2,98,,54365,64,,,2,101,,54361,64,,,1,101,,54367,64,,,2,103,,54355,64,,,1,97,,54358,64,,,1,99,,54366,64,,,1,96,,54368,64,,,2,96,,54359,64,,,2,97,,54363,64,,,1,100,,54356,64,,,2,99,,54364,64,,,1
9701,'Semaine-5-_26ÉTÉ-1111100-',643,,51936,64,,,1,99,,51929,64,,,2,111,,51938,64,,,1,103,,51927,64,,,2,99,,51924,64,,,1,100,,51937,64,,,2,98,,51932,64,,,2,101,,51928,64,,,1,101,,51934,64,,,2,103,,51922,64,,,1,97,,51925,64,,,1,99,,51933,64,,,1,96,,51935,64,,,2,96,,51926,64,,,2,97,,51930,64,,,1,100,,51923,64,,,2,99,,51931,64,,,1
