3300,'Samedi-0-_26ÉTÉ-0000010-',714,,37942,33,,,1,133,,37947,33,,,1,99,,37944,33,,,1,99,,37948,33,,,1,101,,37943,33,,,1,100,,37946,33,,,1,100,,37945,33,,,1,100,,37949,33,,,1,103,,37950,33,,,1,97,,37951,33,,,1,100,,37952,33,,,1,99,,37953,33,,,1,96,,37954,33,,,1,100,,37958,33,,,1,100,,37955,33,,,1,100,,37956,33,,,1,100,,37957,33,,,1,99,,37959,33,,,1
3300,'Dimanche-0-_26ÉTÉ-0000001-',714,,37961,33,,,1,133,,37960,33,,,1,99,,37963,33,,,1,99,,37965,33,,,1,101,,37966,33,,,1,100,,37967,33,,,1,100,,37962,33,,,1,100,,37969,33,,,1,103,,37964,33,,,1,97,,37970,33,,,1,100,,37973,33,,,1,99,,37977,33,,,1,96,,37974,33,,,1,100,,37968,33,,,1,100,,37971,33,,,1,100,,37976,33,,,1,100,,37972,33,,,1,99,,37975,33,,,1
3300,'Dimanche-10-_26ÉTÉ-0000001-',714,,37979,33,,,1,133,,37978,33,,,1,99,,37981,33,,,1,99,,37983,33,,,1,101,,37984,33,,,1,100,,37985,33,,,1,100,,37980,33,,,1,100,,37987,33,,,1,103,,37982,33,,,1,97,,37988,33,,,1,100,,37991,33,,,1,99,,37995,33,,,1,96,,37992,33,,,1,100,,37986,33,,,1,100,,37989,33,,,1,100,,37994,33,,,1,100,,37990,33,,,1,99,,37993,33,,,1
3300,'Semaine-1-_26ÉTÉ-1111100-',646,,38023,27,,,1,76,,38022,34,,,2,22,,38028,34,,,2,15,,38001,34,,,2,62,,38016,34,,,2,23,,38024,34,,,2,4,,38035,34,,,1,9,,38036,34,,,1,73,,38029,34,,,2,12,,38011,34,,,1,10,,38014,34,,,2,48,,38031,33,,,1,29,,38017,33,,,1,27,,38006,33,,,1,71,,38012,33,,,2,28,,37996,33,,,1,71,,38019,33,,,1,29,,38007,33,,,1,72,,38015,33,,,1,20,,38034,33,,,1,6,,38018,33,,,1,68,,38021,33,,,1,31,,38008,33,,,1,55,,38030,26,,,1,16,,38026,33,,,1,78,,38020,33,,,1,12,,37998,33,,,1,19,,38010,33,,,1,17,,38033,33,,,2,53,,38032,33,,,2,12,,38027,26,,,1,21,,38005,33,,,1,67,,38004,33,,,1,21,,38009,33,,,2,25,,37997,33,,,2,67,,38002,33,,,1,32,,38037,26,,,1,80,,38013,33,,,1,95,,38003,33,,,1,80,,37999,33,,,1,105,,38025,33,,,1,97,,38038,33,,,1,25,,38000,33,,,1
3300,'Semaine-10-_26ÉTÉ-1111100-',646,,38066,27,,,1,76,,38065,34,,,2,22,,38071,34,,,2,15,,38044,34,,,2,62,,38059,34,,,2,23,,38067,34,,,2,4,,38078,34,,,1,9,,38079,34,,,1,73,,38072,34,,,2,12,,38054,34,,,1,10,,38057,34,,,2,48,,38074,33,,,1,29,,38060,33,,,1,27,,38049,33,,,1,71,,38055,33,,,2,28,,38039,33,,,1,71,,38062,33,,,1,29,,38050,33,,,1,72,,38058,33,,,1,20,,38077,33,,,1,6,,38061,33,,,1,68,,38064,33,,,1,31,,38051,33,,,1,55,,38073,26,,,1,16,,38069,33,,,1,78,,38063,33,,,1,12,,38041,33,,,1,19,,38053,33,,,1,17,,38076,33,,,2,53,,38075,33,,,2,12,,38070,26,,,1,21,,38048,33,,,1,67,,38047,33,,,1,21,,38052,33,,,2,25,,38040,33,,,2,67,,38045,33,,,1,32,,38080,26,,,1,80,,38056,33,,,1,95,,38046,33,,,1,80,,38042,33,,,1,105,,38068,33,,,1,97,,38081,33,,,1,25,,38043,33,,,1
4900,'Samedi-0-_26ÉTÉ-0000010-',750,,39669,55,,,1,100,,39670,55,,,1,104,,39667,55,,,1,100,,39671,55,,,1,100,,39668,55,,,1,100,,39672,55,,,1,99,,39673,55,,,1,104,,39674,55,,,1,98,,39675,55,,,1,100,,39676,55,,,1,100,,39677,55,,,1,95,,39678,55,,,1,100,,39679,55,,,1,100,,39680,55,,,1,100,,39681,55,,,1,100,,39682,55,,,1,100,,39683,55,,,1
4900,'Dimanche-0-_26ÉTÉ-0000001-',750,,39684,55,,,1,100,,39687,55,,,1,104,,39685,55,,,1,100,,39688,55,,,1,100,,39690,55,,,1,100,,39694,55,,,1,99,,39692,55,,,1,104,,39691,55,,,1,98,,39686,55,,,1,100,,39696,55,,,1,100,,39693,55,,,1,95,,39695,55,,,1,100,,39700,55,,,1,100,,39689,55,,,1,100,,39698,55,,,1,100,,39699,55,,,1,100,,39697,55,,,1
4900,'Dimanche-10-_26ÉTÉ-0000001-',750,,39701,55,,,1,100,,39704,55,,,1,104,,39702,55,,,1,100,,39705,55,,,1,100,,39707,55,,,1,100,,39711,55,,,1,99,,39709,55,,,1,104,,39708,55,,,1,98,,39703,55,,,1,100,,39713,55,,,1,100,,39710,55,,,1,95,,39712,55,,,1,100,,39717,55,,,1,100,,39706,55,,,1,100,,39715,55,,,1,100,,39716,55,,,1,100,,39714,55,,,1
4900,'Semaine-1-_26ÉTÉ-1111100-',712,,39742,55,,,1,24,,39748,55,,,1,70,,39745,55,,,1,30,,39746,55,,,1,76,,39741,55,,,1,27,,39737,55,,,1,72,,39729,55,,,1,31,,39747,55,,,1,71,,39743,55,,,1,32,,39739,55,,,1,70,,39718,55,,,1,30,,39738,55,,,1,70,,39720,55,,,1,30,,39725,55,,,1,70,,39727,55,,,1,30,,39730,55,,,1,70,,39744,55,,,1,38,,39728,55,,,1,70,,39731,55,,,1,30,,39723,55,,,1,71,,39734,55,,,1,29,,39726,55,,,1,67,,39724,55,,,1,30,,39740,55,,,1,66,,39735,55,,,1,94,,39719,55,,,1,101,,39736,55,,,1,100,,39733,55,,,1,97,,39721,55,,,1,97,,39732,55,,,1,100,,39722,55,,,1
4900,'Semaine-10-_26ÉTÉ-1111100-',712,,39773,55,,,1,24,,39779,55,,,1,70,,39776,55,,,1,30,,39777,55,,,1,76,,39772,55,,,1,27,,39768,55,,,1,72,,39760,55,,,1,31,,39778,55,,,1,71,,39774,55,,,1,32,,39770,55,,,1,70,,39749,55,,,1,30,,39769,55,,,1,70,,39751,55,,,1,30,,39756,55,,,1,70,,39758,55,,,1,30,,39761,55,,,1,70,,39775,55,,,1,38,,39759,55,,,1,70,,39762,55,,,1,30,,39754,55,,,1,71,,39765,55,,,1,29,,39757,55,,,1,67,,39755,55,,,1,30,,39771,55,,,1,66,,39766,55,,,1,94,,39750,55,,,1,101,,39767,55,,,1,100,,39764,55,,,1,97,,39752,55,,,1,97,,39763,55,,,1,100,,39753,55,,,1
5000,'Semaine-1-_26ÉTÉ-1111100-',708,,39895,43,,,2,28,,39894,43,,,1,70,,39896,43,,,1,30,,39893,43,,,1,105,,39897,43,,,1
5000,'Semaine-10-_26ÉTÉ-1111100-',708,,39900,43,,,2,28,,39899,43,,,1,70,,39901,43,,,1,30,,39898,43,,,1,105,,39902,43,,,1
5600,'Semaine-1-_26ÉTÉ-1111100-',708,,40502,46,,,2,27,,40500,46,,,1,5,,40504,46,,,2,66,,40503,46,,,2,31,,40497,46,,,2,105,,40496,46,,,2,102,,40498,46,,,1,98,,40501,46,,,2,100,,40499,46,,,1
5600,'Semaine-10-_26ÉTÉ-1111100-',708,,40511,46,,,2,27,,40509,46,,,1,5,,40513,46,,,2,66,,40512,46,,,2,31,,40506,46,,,2,105,,40505,46,,,2,102,,40507,46,,,1,98,,40510,46,,,2,100,,40508,46,,,1
