2301,'Semaine-1-_26ÉTÉ-1111100-',616,,24584,8,,,1,30,,24581,8,,,1,70,,24585,8,,,1,30,,24583,8,,,2,70,,24582,8,,,2
2301,'Semaine-10-_26ÉTÉ-1111100-',616,,26991,8,,,1,30,,26988,8,,,1,70,,26992,8,,,1,30,,26990,8,,,2,70,,26989,8,,,2
2501,'Semaine-1-_26ÉTÉ-1111100-',601,,24596,15,,,1,30,,24595,15,,,1,70,,24593,15,,,2,30,,24594,15,,,2,70,,24597,15,,,1,29,,24592,15,,,1
2501,'Semaine-10-_26ÉTÉ-1111100-',601,,27003,15,,,1,30,,27002,15,,,1,70,,27000,15,,,2,30,,27001,15,,,2,70,,27004,15,,,1,29,,26999,15,,,1
2801,'Semaine-1-_26ÉTÉ-1111100-',646,,24621,11,,,1,71,,24622,11,,,1,99,,24620,11,,,2
2801,'Semaine-10-_26ÉTÉ-1111100-',646,,27028,11,,,1,71,,27029,11,,,1,99,,27027,11,,,2
3201,'Semaine-1-_26ÉTÉ-1111100-',512,,24817,11,,,2,20,,24816,11,,,1,20,,24808,11,,,2,61,,24818,11,,,1,10,,24798,11,,,2,10,,24819,11,,,1,10,,24799,11,,,2,10,,24800,11,,,1,48,,24792,11,,,1,8,,24795,11,,,1,8,,24821,11,,,1,8,,24801,11,,,1,9,,24796,11,,,1,7,,24809,11,,,2,8,,24791,11,,,1,9,,24802,11,,,1,48,,24820,11,,,1,8,,24790,11,,,1,10,,24789,11,,,2,10,,24794,11,,,1,10,,24797,11,,,1,10,,24803,11,,,1,61,,24777,11,,,1,30,,24787,11,,,2,70,,24780,11,,,1,30,,24783,11,,,2,70,,24776,11,,,1,30,,24786,11,,,2,70,,24781,11,,,1,30,,24788,11,,,1,70,,24770,11,,,1,30,,24775,11,,,2,70,,24782,11,,,1,30,,24793,11,,,1,70,,24810,11,,,1,28,,24811,11,,,1,71,,24812,11,,,1,31,,24813,11,,,1,70,,24814,11,,,1,30,,24815,11,,,1,70,,24773,11,,,1,30,,24771,11,,,1,70,,24784,11,,,1,30,,24779,11,,,1,70,,24774,11,,,1,30,,24772,11,,,1,70,,24785,11,,,1,30,,24778,11,,,1,70,,24805,11,,,2,30,,24804,11,,,1,70,,24806,11,,,1,30,,24807,11,,,1
3201,'Semaine-10-_26ÉTÉ-1111100-',512,,27298,11,,,2,20,,27297,11,,,1,20,,27289,11,,,2,61,,27299,11,,,1,10,,27279,11,,,2,10,,27300,11,,,1,10,,27280,11,,,2,10,,27281,11,,,1,48,,27273,11,,,1,8,,27276,11,,,1,8,,27302,11,,,1,8,,27282,11,,,1,9,,27277,11,,,1,7,,27290,11,,,2,8,,27272,11,,,1,9,,27283,11,,,1,48,,27301,11,,,1,8,,27271,11,,,1,10,,27270,11,,,2,10,,27275,11,,,1,10,,27278,11,,,1,10,,27284,11,,,1,61,,27258,11,,,1,30,,27268,11,,,2,70,,27261,11,,,1,30,,27264,11,,,2,70,,27257,11,,,1,30,,27267,11,,,2,70,,27262,11,,,1,30,,27269,11,,,1,70,,27251,11,,,1,30,,27256,11,,,1,70,,27263,11,,,1,30,,27274,11,,,1,70,,27291,11,,,1,28,,27292,11,,,1,71,,27293,11,,,1,31,,27294,11,,,1,70,,27295,11,,,1,30,,27296,11,,,1,70,,27254,11,,,1,30,,27252,11,,,1,70,,27265,11,,,1,30,,27260,11,,,1,70,,27255,11,,,1,30,,27253,11,,,1,70,,27266,11,,,1,30,,27259,11,,,1,70,,27286,11,,,2,30,,27285,11,,,1,70,,27287,11,,,1,30,,27288,11,,,1
3401,'Samedi-0-_26ÉTÉ-0000010-',655,,27559,18,,,1,100,,27562,18,,,2,70,,27571,18,,,1,33,,27560,18,,,1,67,,27565,18,,,1,30,,27567,18,,,1,72,,27561,18,,,2,30,,27570,18,,,1,71,,27563,18,,,1,30,,27572,18,,,1,68,,27564,18,,,1,30,,27566,18,,,1,70,,27568,18,,,2,30,,27569,18,,,2,70,,27573,18,,,1,30,,27574,18,,,2,70,,27575,18,,,1,30,,27576,18,,,1,71,,27577,18,,,1,31,,27578,18,,,1,70,,27579,18,,,2,31,,27580,18,,,1,67,,27581,18,,,1,30,,27583,18,,,1,71,,27582,18,,,2,30,,27584,18,,,1,70,,27585,18,,,2,28,,27586,18,,,1,70,,27588,18,,,1,30,,27587,18,,,1,70,,27589,18,,,1,99,,27590,18,,,1
3401,'Dimanche-0-_26ÉTÉ-0000001-',655,,27592,18,,,1,100,,27603,18,,,2,70,,27596,18,,,1,33,,27599,18,,,1,67,,27598,18,,,1,30,,27607,18,,,1,72,,27604,18,,,2,30,,27591,18,,,1,71,,27602,18,,,1,30,,27595,18,,,1,68,,27593,18,,,1,30,,27594,18,,,1,70,,27597,18,,,2,30,,27605,18,,,2,70,,27601,18,,,1,30,,27600,18,,,2,70,,27606,18,,,1,30,,27611,18,,,1,71,,27609,18,,,1,31,,27615,18,,,1,70,,27618,18,,,2,31,,27608,18,,,1,67,,27617,18,,,1,30,,27610,18,,,1,71,,27614,18,,,2,30,,27621,18,,,1,70,,27613,18,,,2,28,,27612,18,,,1,70,,27619,18,,,1,30,,27620,18,,,1,70,,27616,18,,,1,99,,27622,18,,,1
3401,'Dimanche-10-_26ÉTÉ-0000001-',655,,31640,18,,,1,100,,31651,18,,,2,70,,31644,18,,,1,33,,31647,18,,,1,67,,31646,18,,,1,30,,31655,18,,,1,72,,31652,18,,,2,30,,31639,18,,,1,71,,31650,18,,,1,30,,31643,18,,,1,68,,31641,18,,,1,30,,31642,18,,,1,70,,31645,18,,,2,30,,31653,18,,,2,70,,31649,18,,,1,30,,31648,18,,,2,70,,31654,18,,,1,30,,31659,18,,,1,71,,31657,18,,,1,31,,31663,18,,,1,70,,31666,18,,,2,31,,31656,18,,,1,67,,31665,18,,,1,30,,31658,18,,,1,71,,31662,18,,,2,30,,31669,18,,,1,70,,31661,18,,,2,28,,31660,18,,,1,70,,31667,18,,,1,30,,31668,18,,,1,70,,31664,18,,,1,99,,31670,18,,,1
3401,'Semaine-1-_26ÉTÉ-1111100-',858,,24963,18,,,2,72,,24943,18,,,1,70,,24947,18,,,1,30,,24967,18,,,1,70,,24940,18,,,1,30,,24944,18,,,1,70,,24948,18,,,2,30,,24938,18,,,1,71,,24941,18,,,1,29,,24945,18,,,1,70,,24949,18,,,1,30,,24942,18,,,1,70,,24964,18,,,1,30,,24939,18,,,2,70,,24965,18,,,1,30,,24966,18,,,1,73,,24960,18,,,1,28,,24956,18,,,2,69,,24946,18,,,1,30,,24953,18,,,1,70,,24962,18,,,1,30,,24950,18,,,1,70,,24952,18,,,1,30,,24954,18,,,1,70,,24958,18,,,2,30,,24951,18,,,1,70,,24957,18,,,1,30,,24955,18,,,1,70,,24959,18,,,1,30,,24961,18,,,1
3401,'Semaine-10-_26ÉTÉ-1111100-',858,,27648,18,,,2,72,,27628,18,,,1,70,,27632,18,,,1,30,,27652,18,,,1,70,,27625,18,,,1,30,,27629,18,,,1,70,,27633,18,,,2,30,,27623,18,,,1,71,,27626,18,,,1,29,,27630,18,,,1,70,,27634,18,,,1,30,,27627,18,,,1,70,,27649,18,,,1,30,,27624,18,,,2,70,,27650,18,,,1,30,,27651,18,,,1,73,,27645,18,,,1,28,,27641,18,,,2,69,,27631,18,,,1,30,,27638,18,,,1,70,,27647,18,,,1,30,,27635,18,,,1,70,,27637,18,,,1,30,,27639,18,,,1,70,,27643,18,,,2,30,,27636,18,,,1,70,,27642,18,,,1,30,,27640,18,,,1,70,,27644,18,,,1,30,,27646,18,,,1
4900,'Samedi-0-_26ÉTÉ-0000010-',733,,28293,34,,,1,100,,28294,34,,,1,104,,28291,34,,,1,100,,28295,34,,,1,100,,28292,34,,,1,100,,28296,34,,,1,99,,28297,34,,,1,104,,28298,34,,,1,97,,28299,34,,,1,100,,28300,34,,,1,100,,28301,34,,,1,96,,28302,34,,,1,100,,28303,34,,,1,100,,28304,34,,,1,100,,28305,34,,,1,100,,28306,34,,,1,100,,28307,34,,,1
4900,'Dimanche-0-_26ÉTÉ-0000001-',733,,28308,34,,,1,100,,28311,34,,,1,104,,28309,34,,,1,100,,28312,34,,,1,100,,28314,34,,,1,100,,28318,34,,,1,99,,28316,34,,,1,104,,28315,34,,,1,97,,28310,34,,,1,100,,28320,34,,,1,100,,28317,34,,,1,96,,28319,34,,,1,100,,28324,34,,,1,100,,28313,34,,,1,100,,28322,34,,,1,100,,28323,34,,,1,100,,28321,34,,,1
4900,'Dimanche-10-_26ÉTÉ-0000001-',733,,31820,34,,,1,100,,31823,34,,,1,104,,31821,34,,,1,100,,31824,34,,,1,100,,31826,34,,,1,100,,31830,34,,,1,99,,31828,34,,,1,104,,31827,34,,,1,97,,31822,34,,,1,100,,31832,34,,,1,100,,31829,34,,,1,96,,31831,34,,,1,100,,31836,34,,,1,100,,31825,34,,,1,100,,31834,34,,,1,100,,31835,34,,,1,100,,31833,34,,,1
4900,'Semaine-1-_26ÉTÉ-1111100-',653,,25332,34,,,1,61,,25338,34,,,1,27,,25335,34,,,1,73,,25336,34,,,1,37,,25331,34,,,1,70,,25327,34,,,1,31,,25319,34,,,1,71,,25337,34,,,1,31,,25333,34,,,1,72,,25329,34,,,1,30,,25308,34,,,1,70,,25328,34,,,1,30,,25310,34,,,1,70,,25315,34,,,1,30,,25317,34,,,1,70,,25320,34,,,1,30,,25334,34,,,1,76,,25318,34,,,1,70,,25321,34,,,1,30,,25313,34,,,1,71,,25324,34,,,1,29,,25316,34,,,1,68,,25314,34,,,1,30,,25330,34,,,1,27,,25325,34,,,1,96,,25309,34,,,1,101,,25326,34,,,1,100,,25323,34,,,1,97,,25311,34,,,1,98,,25322,34,,,1,100,,25312,34,,,1
4900,'Semaine-10-_26ÉTÉ-1111100-',653,,28349,34,,,1,61,,28355,34,,,1,27,,28352,34,,,1,73,,28353,34,,,1,37,,28348,34,,,1,70,,28344,34,,,1,31,,28336,34,,,1,71,,28354,34,,,1,31,,28350,34,,,1,72,,28346,34,,,1,30,,28325,34,,,1,70,,28345,34,,,1,30,,28327,34,,,1,70,,28332,34,,,1,30,,28334,34,,,1,70,,28337,34,,,1,30,,28351,34,,,1,76,,28335,34,,,1,70,,28338,34,,,1,30,,28330,34,,,1,71,,28341,34,,,1,29,,28333,34,,,1,68,,28331,34,,,1,30,,28347,34,,,1,27,,28342,34,,,1,96,,28326,34,,,1,101,,28343,34,,,1,100,,28340,34,,,1,97,,28328,34,,,1,98,,28339,34,,,1,100,,28329,34,,,1
