4100,'Semaine-1-_26ÉTÉ-1111100-',1555,,25274,42,,,2,69,,25276,42,,,1,35,,25275,42,,,2,65,,25273,42,,,1,29,,25277,42,,,1
4100,'Semaine-10-_26ÉTÉ-1111100-',1555,,28257,42,,,2,69,,28259,42,,,1,35,,28258,42,,,2,65,,28256,42,,,1,29,,28260,42,,,1
4901,'Samedi-0-_26ÉTÉ-0000010-',752,,28359,50,,,1,100,,28358,50,,,1,100,,28360,50,,,1,102,,28356,50,,,1,100,,28361,50,,,1,102,,28357,50,,,1,99,,28362,50,,,1,103,,28363,50,,,1,99,,28364,50,,,1,100,,28365,50,,,1,100,,28366,50,,,1,94,,28367,50,,,1,102,,28368,50,,,1,100,,28369,50,,,1,100,,28370,50,,,1,98,,28371,50,,,1,99,,28372,50,,,1
4901,'Dimanche-0-_26ÉTÉ-0000001-',752,,28377,50,,,1,100,,28373,50,,,1,100,,28376,50,,,1,102,,28378,50,,,1,100,,28375,50,,,1,102,,28374,50,,,1,99,,28380,50,,,1,103,,28381,50,,,1,99,,28379,50,,,1,100,,28385,50,,,1,100,,28389,50,,,1,94,,28382,50,,,1,102,,28383,50,,,1,100,,28384,50,,,1,100,,28386,50,,,1,98,,28387,50,,,1,99,,28388,50,,,1
4901,'Semaine-1-_26ÉTÉ-1111100-',637,,25344,50,,,1,89,,25349,50,,,1,31,,25365,50,,,1,73,,25361,50,,,1,70,,25359,50,,,1,26,,25368,50,,,1,28,,25351,50,,,1,69,,25366,50,,,1,30,,25363,50,,,1,71,,25339,50,,,1,30,,25360,50,,,1,70,,25340,50,,,1,32,,25345,50,,,1,68,,25347,50,,,1,28,,25352,50,,,1,71,,25367,50,,,1,32,,25350,50,,,1,72,,25369,50,,,1,75,,25353,50,,,1,32,,25356,50,,,1,70,,25346,50,,,1,26,,25348,50,,,1,28,,25364,50,,,1,66,,25358,50,,,1,30,,25362,50,,,1,94,,25341,50,,,1,80,,25357,50,,,1,100,,25355,50,,,1,96,,25342,50,,,1,100,,25354,50,,,1,96,,25343,50,,,1
4901,'Semaine-10-_26ÉTÉ-1111100-',637,,28395,50,,,1,89,,28400,50,,,1,31,,28416,50,,,1,73,,28412,50,,,1,70,,28410,50,,,1,26,,28419,50,,,1,28,,28402,50,,,1,69,,28417,50,,,1,30,,28414,50,,,1,71,,28390,50,,,1,30,,28411,50,,,1,70,,28391,50,,,1,32,,28396,50,,,1,68,,28398,50,,,1,28,,28403,50,,,1,71,,28418,50,,,1,32,,28401,50,,,1,72,,28420,50,,,1,75,,28404,50,,,1,32,,28407,50,,,1,70,,28397,50,,,1,26,,28399,50,,,1,28,,28415,50,,,1,66,,28409,50,,,1,30,,28413,50,,,1,94,,28392,50,,,1,80,,28408,50,,,1,100,,28406,50,,,1,96,,28393,50,,,1,100,,28405,50,,,1,96,,28394,50,,,1
80001,'Samedi-0-_26ÉTÉ-0000010-',650,,31463,45,,,1,100,,31465,45,,,1,99,,31466,45,,,2,100,,31469,45,,,1,102,,31464,45,,,2,100,,31467,45,,,1,100,,31470,45,,,1,99,,31468,45,,,2,100,,31471,45,,,1,100,,31472,45,,,1,100,,31473,45,,,2,100,,31474,45,,,1,97,,31477,45,,,1,101,,31475,45,,,2,100,,31476,45,,,2,100,,31478,45,,,1,100,,31479,45,,,1
80001,'Dimanche-0-_26ÉTÉ-0000001-',650,,31480,45,,,1,100,,31481,45,,,1,99,,31485,45,,,2,100,,31482,45,,,1,102,,31486,45,,,2,100,,31483,45,,,1,100,,31484,45,,,1,99,,31488,45,,,2,100,,31487,45,,,1,100,,31489,45,,,1,100,,31491,45,,,2,100,,31492,45,,,1,97,,31493,45,,,1,101,,31490,45,,,2,100,,31494,45,,,2,100,,31495,45,,,1,100,,31496,45,,,1
80001,'Semaine-1-_26ÉTÉ-1111100-',641,,26954,45,,,1,70,,26940,45,,,1,33,,26960,45,,,1,69,,26944,45,,,2,32,,26934,45,,,2,65,,26951,45,,,2,29,,26948,45,,,2,70,,26956,45,,,1,30,,26961,45,,,2,70,,26947,45,,,1,30,,26955,45,,,1,70,,26937,45,,,1,30,,26965,45,,,1,70,,26964,45,,,2,34,,26935,45,,,2,70,,26958,45,,,1,30,,26946,45,,,1,71,,26952,45,,,1,33,,26962,45,,,1,69,,26949,45,,,2,18,,26959,45,,,1,20,,26966,45,,,2,68,,26957,45,,,1,26,,26950,45,,,1,69,,26938,45,,,1,25,,26942,45,,,1,67,,26932,45,,,1,30,,26963,45,,,1,70,,26939,45,,,1,27,,26941,45,,,1,69,,26945,45,,,1,30,,26933,45,,,2,70,,26953,45,,,1,32,,26936,45,,,1,70,,26943,45,,,1
80001,'Semaine-10-_26ÉTÉ-1111100-',641,,31519,45,,,1,70,,31505,45,,,1,33,,31525,45,,,1,69,,31509,45,,,2,32,,31499,45,,,2,65,,31516,45,,,2,29,,31513,45,,,2,70,,31521,45,,,1,30,,31526,45,,,2,70,,31512,45,,,1,30,,31520,45,,,1,70,,31502,45,,,1,30,,31530,45,,,1,70,,31529,45,,,2,34,,31500,45,,,2,70,,31523,45,,,1,30,,31511,45,,,1,71,,31517,45,,,1,33,,31527,45,,,1,69,,31514,45,,,2,18,,31524,45,,,1,20,,31531,45,,,2,68,,31522,45,,,1,26,,31515,45,,,1,69,,31503,45,,,1,25,,31507,45,,,1,67,,31497,45,,,1,30,,31528,45,,,1,70,,31504,45,,,1,27,,31506,45,,,1,69,,31510,45,,,1,30,,31498,45,,,2,70,,31518,45,,,1,32,,31501,45,,,1,70,,31508,45,,,1
