6500,'Samedi-0-_26ÉTÉ-0000010-',659,,41314,19,,,1,100,,41317,19,,,1,100,,41313,19,,,1,100,,41316,19,,,1,100,,41320,19,,,1,100,,41315,19,,,2,100,,41318,19,,,1,100,,41319,19,,,1,100,,41321,19,,,2,100,,41322,19,,,1,100,,41323,19,,,1,100,,41324,19,,,1,100,,41325,19,,,1,100,,41326,19,,,1,100,,41327,19,,,2,100,,41328,19,,,2,100,,41329,19,,,2
6500,'Samedi-10-_26ÉTÉ-0000010-',659,,47096,19,,,1,100,,47099,19,,,1,100,,47095,19,,,1,100,,47098,19,,,1,100,,47102,19,,,1,100,,47097,19,,,2,100,,47100,19,,,1,100,,47101,19,,,1,100,,47103,19,,,2,100,,47104,19,,,1,100,,47105,19,,,1,100,,47106,19,,,1,100,,47107,19,,,1,100,,47108,19,,,1,100,,47109,19,,,2,100,,47110,19,,,2,100,,47111,19,,,2
6500,'Dimanche-0-_26ÉTÉ-0000001-',659,,41331,19,,,1,100,,41334,19,,,1,100,,41333,19,,,1,100,,41337,19,,,1,100,,41339,19,,,1,100,,41336,19,,,2,100,,41338,19,,,1,100,,41330,19,,,1,100,,41335,19,,,2,100,,41332,19,,,1,100,,41340,19,,,1,100,,41345,19,,,1,100,,41343,19,,,1,100,,41346,19,,,1,100,,41341,19,,,2,100,,41344,19,,,2,100,,41342,19,,,2
6500,'Dimanche-10-_26ÉTÉ-0000001-',659,,41348,19,,,1,100,,41351,19,,,1,100,,41350,19,,,1,100,,41354,19,,,1,100,,41356,19,,,1,100,,41353,19,,,2,100,,41355,19,,,1,100,,41347,19,,,1,100,,41352,19,,,2,100,,41349,19,,,1,100,,41357,19,,,1,100,,41362,19,,,1,100,,41360,19,,,1,100,,41363,19,,,1,100,,41358,19,,,2,100,,41361,19,,,2,100,,41359,19,,,2
6500,'Semaine-1-_26ÉTÉ-1111100-',525,,41384,19,,,1,31,,41385,19,,,2,68,,41373,19,,,1,20,,41397,19,,,1,15,,41365,19,,,2,60,,41378,19,,,1,19,,41398,19,,,1,20,,41380,19,,,1,60,,41386,19,,,1,22,,41374,19,,,2,15,,41394,19,,,1,65,,41367,19,,,2,30,,41395,19,,,2,100,,41366,19,,,1,100,,41375,19,,,1,100,,41369,19,,,2,100,,41396,19,,,1,100,,41388,19,,,1,70,,41379,19,,,2,20,,41370,19,,,1,66,,41377,19,,,1,22,,41391,19,,,2,18,,41368,19,,,2,62,,41393,19,,,1,20,,41371,19,,,1,8,,41392,19,,,1,70,,41364,19,,,1,20,,41372,19,,,2,20,,41387,19,,,1,63,,41381,19,,,1,30,,41390,19,,,1,105,,41389,19,,,1,100,,41382,19,,,1,100,,41376,19,,,1,100,,41383,19,,,1
6500,'Semaine-10-_26ÉTÉ-1111100-',525,,41419,19,,,1,31,,41420,19,,,2,68,,41408,19,,,1,20,,41432,19,,,1,15,,41400,19,,,2,60,,41413,19,,,1,19,,41433,19,,,1,20,,41415,19,,,1,60,,41421,19,,,1,22,,41409,19,,,2,15,,41429,19,,,1,65,,41402,19,,,2,30,,41430,19,,,2,100,,41401,19,,,1,100,,41410,19,,,1,100,,41404,19,,,2,100,,41431,19,,,1,100,,41423,19,,,1,70,,41414,19,,,2,20,,41405,19,,,1,66,,41412,19,,,1,22,,41426,19,,,2,18,,41403,19,,,2,62,,41428,19,,,1,20,,41406,19,,,1,8,,41427,19,,,1,70,,41399,19,,,1,20,,41407,19,,,2,20,,41422,19,,,2,63,,41416,19,,,1,30,,41425,19,,,1,105,,41424,19,,,1,100,,41417,19,,,1,100,,41411,19,,,1,100,,41418,19,,,1
6500,'Semaine-11-_26ÉTÉ-1111100-',525,,47132,19,,,1,31,,47133,19,,,2,68,,47121,19,,,1,20,,47145,19,,,1,15,,47113,19,,,2,60,,47126,19,,,1,19,,47146,19,,,1,20,,47128,19,,,1,60,,47134,19,,,1,22,,47122,19,,,2,15,,47142,19,,,1,65,,47115,19,,,2,30,,47143,19,,,2,100,,47114,19,,,1,100,,47123,19,,,1,100,,47117,19,,,2,100,,47144,19,,,1,100,,47136,19,,,1,70,,47127,19,,,2,20,,47118,19,,,1,66,,47125,19,,,1,22,,47139,19,,,2,18,,47116,19,,,2,62,,47141,19,,,1,20,,47119,19,,,1,8,,47140,19,,,1,70,,47112,19,,,1,20,,47120,19,,,2,20,,47135,19,,,1,63,,47129,19,,,1,30,,47138,19,,,1,105,,47137,19,,,1,100,,47130,19,,,1,100,,47124,19,,,1,100,,47131,19,,,1
8500,'Semaine-1-_26ÉTÉ-1111100-',1547,,43600,39,,,1,58,,43595,39,,,2,16,,43592,39,,,1,16,,43601,39,,,2,15,,43591,39,,,1,53,,43594,39,,,1,16,,43599,39,,,2,18,,43597,39,,,1,16,,43596,39,,,2,61,,43593,39,,,1,15,,43598,39,,,2
8500,'Semaine-10-_26ÉTÉ-1111100-',1547,,43611,39,,,1,58,,43606,39,,,2,16,,43603,39,,,1,16,,43612,39,,,2,15,,43602,39,,,1,53,,43605,39,,,1,16,,43610,39,,,2,18,,43608,39,,,1,16,,43607,39,,,1,61,,43604,39,,,1,15,,43609,39,,,2
8500,'Semaine-11-_26ÉTÉ-1111100-',1547,,48093,39,,,1,58,,48088,39,,,2,16,,48085,39,,,1,16,,48094,39,,,2,15,,48084,39,,,1,53,,48087,39,,,1,16,,48092,39,,,2,18,,48090,39,,,1,16,,48089,39,,,2,61,,48086,39,,,1,15,,48091,39,,,2
