9500,'Semaine-1-_26ÉTÉ-1111100-',1536,,43711,41,,,1,16,,43714,41,,,2,56,,43710,41,,,1,19,,43705,41,,,1,15,,43709,41,,,2,16,,43706,41,,,1,55,,43707,41,,,2,15,,43712,41,,,1,22,,43713,41,,,1,65,,43708,41,,,1
9500,'Semaine-10-_26ÉTÉ-1111100-',1536,,43721,41,,,1,16,,43724,41,,,2,56,,43720,41,,,1,19,,43715,41,,,1,15,,43719,41,,,2,16,,43716,41,,,1,55,,43717,41,,,2,15,,43722,41,,,1,22,,43723,41,,,2,65,,43718,41,,,1
9500,'Semaine-11-_26ÉTÉ-1111100-',1536,,48147,41,,,1,16,,48150,41,,,2,56,,48146,41,,,1,19,,48141,41,,,1,15,,48145,41,,,2,16,,48142,41,,,1,55,,48143,41,,,2,15,,48148,41,,,1,22,,48149,41,,,1,65,,48144,41,,,1
9500,'Semaine-12-_26ÉTÉ-1111100-',1536,,54323,41,,,1,16,,54326,41,,,2,56,,54322,41,,,1,19,,54317,41,,,1,15,,54321,41,,,2,16,,54318,41,,,1,55,,54319,41,,,2,15,,54324,41,,,1,22,,54325,41,,,1,65,,54320,41,,,1
9500,'Semaine-5-_26ÉTÉ-1111100-',1536,,51890,41,,,1,16,,51893,41,,,2,56,,51889,41,,,1,19,,51884,41,,,1,15,,51888,41,,,2,16,,51885,41,,,1,55,,51886,41,,,2,15,,51891,41,,,1,22,,51892,41,,,1,65,,51887,41,,,1
9700,'Samedi-0-_26ÉTÉ-0000010-',854,,43743,53,,,2,100,,43746,53,,,2,100,,43741,53,,,1,100,,43742,53,,,1,100,,43745,53,,,2,100,,43744,53,,,2,100,,43747,53,,,1,101,,43748,53,,,2,100,,43749,53,,,2,101,,43750,53,,,1,100,,43755,53,,,1,100,,43751,53,,,1,100,,43752,53,,,1,100,,43753,53,,,1,99,,43754,53,,,2,98,,43756,53,,,1,100,,43757,53,,,1
9700,'Dimanche-0-_26ÉTÉ-0000001-',854,,43761,53,,,2,100,,43763,53,,,2,100,,43760,53,,,1,100,,43759,53,,,1,100,,43758,53,,,2,100,,43762,53,,,2,100,,43765,53,,,1,101,,43764,53,,,2,100,,43770,53,,,2,101,,43772,53,,,1,100,,43774,53,,,1,100,,43766,53,,,1,100,,43767,53,,,1,100,,43768,53,,,1,99,,43769,53,,,2,98,,43773,53,,,1,100,,43771,53,,,1
9700,'Dimanche-10-_26ÉTÉ-0000001-',854,,43778,53,,,2,100,,43780,53,,,2,100,,43777,53,,,1,100,,43776,53,,,1,100,,43775,53,,,2,100,,43779,53,,,2,100,,43782,53,,,1,101,,43781,53,,,2,100,,43787,53,,,2,101,,43789,53,,,1,100,,43791,53,,,1,100,,43783,53,,,1,100,,43784,53,,,1,100,,43785,53,,,1,99,,43786,53,,,2,98,,43790,53,,,1,100,,43788,53,,,1
9700,'Dimanche-11-_26ÉTÉ-0000001-',854,,49683,53,,,2,100,,49685,53,,,2,100,,49682,53,,,1,100,,49681,53,,,1,100,,49680,53,,,2,100,,49684,53,,,2,100,,49687,53,,,1,101,,49686,53,,,2,100,,49692,53,,,2,101,,49694,53,,,1,100,,49696,53,,,1,100,,49688,53,,,1,100,,49689,53,,,1,100,,49690,53,,,1,99,,49691,53,,,2,98,,49695,53,,,1,100,,49693,53,,,1
9700,'Semaine-1-_26ÉTÉ-1111100-',726,,43810,53,,,1,31,,43811,53,,,1,91,,43800,53,,,2,101,,43796,53,,,1,96,,43809,53,,,2,100,,43804,53,,,2,100,,43801,53,,,1,100,,43806,53,,,2,101,,43792,53,,,1,94,,43797,53,,,1,105,,43805,53,,,1,96,,43807,57,,,2,103,,43798,57,,,2,72,,43793,57,,,2,20,,43802,53,,,1,102,,43794,53,,,2,99,,43803,53,,,1,100,,43799,53,,,1,101,,43795,53,,,2,110,,43808,53,,,1
9700,'Semaine-10-_26ÉTÉ-1111100-',726,,43830,53,,,1,31,,43831,53,,,1,91,,43820,53,,,2,101,,43816,53,,,1,96,,43829,53,,,2,100,,43824,53,,,2,100,,43821,53,,,1,100,,43826,53,,,2,101,,43812,53,,,1,94,,43817,53,,,1,105,,43825,53,,,1,96,,43827,57,,,2,103,,43818,57,,,2,72,,43813,57,,,2,20,,43822,53,,,1,102,,43814,53,,,2,99,,43823,53,,,1,100,,43819,53,,,1,101,,43815,53,,,2,110,,43828,53,,,1
9700,'Semaine-11-_26ÉTÉ-1111100-',726,,48194,53,,,1,31,,48195,53,,,1,91,,48184,53,,,2,101,,48180,53,,,1,96,,48193,53,,,2,100,,48188,53,,,2,100,,48185,53,,,1,100,,48190,53,,,2,101,,48176,53,,,1,94,,48181,53,,,1,105,,48189,53,,,1,96,,48191,57,,,2,103,,48182,57,,,2,72,,48177,57,,,2,20,,48186,53,,,1,102,,48178,53,,,2,99,,48187,53,,,1,100,,48183,53,,,1,101,,48179,53,,,2,110,,48192,53,,,1
9700,'Semaine-12-_26ÉTÉ-1111100-',726,,54353,53,,,1,31,,54354,53,,,1,91,,54343,53,,,2,101,,54339,53,,,1,96,,54352,53,,,2,100,,54347,53,,,2,100,,54344,53,,,1,100,,54349,53,,,2,101,,54335,53,,,1,94,,54340,53,,,1,105,,54348,53,,,1,96,,54350,57,,,2,103,,54341,57,,,2,72,,54336,57,,,2,20,,54345,53,,,1,102,,54337,53,,,2,99,,54346,53,,,1,100,,54342,53,,,1,101,,54338,53,,,2,110,,54351,53,,,1
9700,'Semaine-5-_26ÉTÉ-1111100-',726,,51920,53,,,1,31,,51921,53,,,1,91,,51910,53,,,2,101,,51906,53,,,1,96,,51919,53,,,2,100,,51914,53,,,2,100,,51911,53,,,1,100,,51916,53,,,2,101,,51902,53,,,1,94,,51907,53,,,1,105,,51915,53,,,1,96,,51917,57,,,2,103,,51908,57,,,2,72,,51903,57,,,2,20,,51912,53,,,1,102,,51904,53,,,2,99,,51913,53,,,1,100,,51909,53,,,1,101,,51905,53,,,2,110,,51918,53,,,1
