9700,'Samedi-0-_26ÉTÉ-0000010-',835,,43743,24,,,2,100,,43746,24,,,2,100,,43741,24,,,1,100,,43742,24,,,1,100,,43745,24,,,2,100,,43744,24,,,2,100,,43747,24,,,1,100,,43748,24,,,2,100,,43749,24,,,2,101,,43750,24,,,1,100,,43755,24,,,1,100,,43751,24,,,1,100,,43752,24,,,1,100,,43753,24,,,1,99,,43754,24,,,2,100,,43756,24,,,1,100,,43757,24,,,1
9700,'Dimanche-0-_26ÉTÉ-0000001-',835,,43761,24,,,2,100,,43763,24,,,2,100,,43760,24,,,1,100,,43759,24,,,1,100,,43758,24,,,2,100,,43762,24,,,2,100,,43765,24,,,1,100,,43764,24,,,2,100,,43770,24,,,2,101,,43772,24,,,1,100,,43774,24,,,1,100,,43766,24,,,1,100,,43767,24,,,1,100,,43768,24,,,1,99,,43769,24,,,2,100,,43773,24,,,1,100,,43771,24,,,1
9700,'Dimanche-10-_26ÉTÉ-0000001-',835,,43778,24,,,2,100,,43780,24,,,2,100,,43777,24,,,1,100,,43776,24,,,1,100,,43775,24,,,2,100,,43779,24,,,2,100,,43782,24,,,1,100,,43781,24,,,2,100,,43787,24,,,2,101,,43789,24,,,1,100,,43791,24,,,1,100,,43783,24,,,1,100,,43784,24,,,1,100,,43785,24,,,1,99,,43786,24,,,2,100,,43790,24,,,1,100,,43788,24,,,1
9700,'Dimanche-11-_26ÉTÉ-0000001-',835,,49683,24,,,2,100,,49685,24,,,2,100,,49682,24,,,1,100,,49681,24,,,1,100,,49680,24,,,2,100,,49684,24,,,2,100,,49687,24,,,1,100,,49686,24,,,2,100,,49692,24,,,2,101,,49694,24,,,1,100,,49696,24,,,1,100,,49688,24,,,1,100,,49689,24,,,1,100,,49690,24,,,1,99,,49691,24,,,2,100,,49695,24,,,1,100,,49693,24,,,1
9700,'Semaine-1-_26ÉTÉ-1111100-',707,,43810,24,,,1,27,,43811,24,,,1,96,,43800,24,,,2,101,,43796,24,,,1,96,,43809,24,,,2,99,,43804,24,,,2,101,,43801,24,,,1,100,,43806,24,,,2,102,,43792,24,,,1,94,,43797,24,,,1,104,,43805,24,,,1,96,,43807,28,,,2,103,,43798,28,,,2,74,,43793,28,,,2,19,,43802,24,,,1,102,,43794,24,,,2,98,,43803,24,,,1,100,,43799,24,,,1,102,,43795,24,,,2,110,,43808,24,,,1
9700,'Semaine-10-_26ÉTÉ-1111100-',707,,43830,24,,,1,27,,43831,24,,,1,96,,43820,24,,,2,101,,43816,24,,,1,96,,43829,24,,,2,99,,43824,24,,,2,101,,43821,24,,,1,100,,43826,24,,,2,102,,43812,24,,,1,94,,43817,24,,,1,104,,43825,24,,,1,96,,43827,28,,,2,103,,43818,28,,,2,74,,43813,28,,,2,19,,43822,24,,,1,102,,43814,24,,,2,98,,43823,24,,,1,100,,43819,24,,,1,102,,43815,24,,,2,110,,43828,24,,,1
9700,'Semaine-11-_26ÉTÉ-1111100-',707,,48194,24,,,1,27,,48195,24,,,1,96,,48184,24,,,2,101,,48180,24,,,1,96,,48193,24,,,2,99,,48188,24,,,2,101,,48185,24,,,1,100,,48190,24,,,2,102,,48176,24,,,1,94,,48181,24,,,1,104,,48189,24,,,1,96,,48191,28,,,2,103,,48182,28,,,2,74,,48177,28,,,2,19,,48186,24,,,1,102,,48178,24,,,2,98,,48187,24,,,1,100,,48183,24,,,1,102,,48179,24,,,2,110,,48192,24,,,1
9700,'Semaine-12-_26ÉTÉ-1111100-',707,,54353,24,,,1,27,,54354,24,,,1,96,,54343,24,,,2,101,,54339,24,,,1,96,,54352,24,,,2,99,,54347,24,,,2,101,,54344,24,,,1,100,,54349,24,,,2,102,,54335,24,,,1,94,,54340,24,,,1,104,,54348,24,,,1,96,,54350,28,,,2,103,,54341,28,,,2,74,,54336,28,,,2,19,,54345,24,,,1,102,,54337,24,,,2,98,,54346,24,,,1,100,,54342,24,,,1,102,,54338,24,,,2,110,,54351,24,,,1
9700,'Semaine-5-_26ÉTÉ-1111100-',707,,51920,24,,,1,27,,51921,24,,,1,96,,51910,24,,,2,101,,51906,24,,,1,96,,51919,24,,,2,99,,51914,24,,,2,101,,51911,24,,,1,100,,51916,24,,,2,102,,51902,24,,,1,94,,51907,24,,,1,104,,51915,24,,,1,96,,51917,28,,,2,103,,51908,28,,,2,74,,51903,28,,,2,19,,51912,24,,,1,102,,51904,24,,,2,98,,51913,24,,,1,100,,51909,24,,,1,102,,51905,24,,,2,110,,51918,24,,,1
29700,'Semaine-5-_26ÉTÉ-1111100-',737,,52033,20,,,2
