1500,'Semaine-1-_26ÉTÉ-1111100-',1652,,37307,13,,,1
1500,'Semaine-10-_26ÉTÉ-1111100-',1652,,37308,13,,,1
1500,'Semaine-11-_26ÉTÉ-1111100-',1652,,45358,13,,,1
6901,'Samedi-0-_26ÉTÉ-0000010-',811,,42308,6,,,1,100,,42309,6,,,1,100,,42310,6,,,1,100,,42311,6,,,1,100,,42313,6,,,1,100,,42312,6,,,1,100,,42314,6,,,1,100,,42315,6,,,1,100,,42316,6,,,1,100,,42317,6,,,1,100,,42318,6,,,1,100,,42319,6,,,1,100,,42320,6,,,2,100,,42321,6,,,2,100,,42322,6,,,2
6901,'Samedi-10-_26ÉTÉ-0000010-',811,,47523,6,,,1,100,,47524,6,,,1,100,,47525,6,,,1,100,,47526,6,,,1,100,,47528,6,,,1,100,,47527,6,,,1,100,,47529,6,,,1,100,,47530,6,,,1,100,,47531,6,,,1,100,,47532,6,,,1,100,,47533,6,,,1,100,,47534,6,,,1,100,,47535,6,,,2,100,,47536,6,,,2,100,,47537,6,,,2
6901,'Dimanche-0-_26ÉTÉ-0000001-',811,,42327,6,,,1,100,,42325,6,,,1,100,,42326,6,,,1,100,,42323,6,,,1,100,,42324,6,,,1,100,,42328,6,,,1,100,,42329,6,,,1,100,,42332,6,,,1,100,,42333,6,,,1,100,,42330,6,,,1,100,,42331,6,,,1,100,,42337,6,,,1,100,,42335,6,,,2,100,,42336,6,,,2,100,,42334,6,,,2
6901,'Dimanche-10-_26ÉTÉ-0000001-',811,,42342,6,,,1,100,,42340,6,,,1,100,,42341,6,,,1,100,,42338,6,,,1,100,,42339,6,,,1,100,,42343,6,,,1,100,,42344,6,,,1,100,,42347,6,,,1,100,,42348,6,,,1,100,,42345,6,,,1,100,,42346,6,,,1,100,,42352,6,,,1,100,,42350,6,,,2,100,,42351,6,,,2,100,,42349,6,,,2
6901,'Semaine-1-_26ÉTÉ-1111100-',543,,42357,6,,,1,70,,42371,6,,,1,30,,42360,6,,,1,71,,42368,6,,,1,30,,42356,6,,,1,69,,42361,6,,,1,30,,42374,6,,,2,59,,42362,6,,,1,101,,42363,6,,,2,100,,42364,6,,,2,100,,42365,6,,,2,55,,42366,6,,,2,100,,42367,6,,,1,100,,42372,6,,,2,100,,42353,6,,,2,100,,42369,6,,,2,100,,42370,6,,,2,70,,42359,6,,,2,110,,42358,6,,,2,100,,42373,6,,,2,100,,42355,6,,,1,100,,42354,6,,,1
6901,'Semaine-10-_26ÉTÉ-1111100-',543,,42379,6,,,1,70,,42393,6,,,1,30,,42382,6,,,1,71,,42390,6,,,1,30,,42378,6,,,1,69,,42383,6,,,1,30,,42396,6,,,2,59,,42384,6,,,1,101,,42385,6,,,2,100,,42386,6,,,2,100,,42387,6,,,2,55,,42388,6,,,2,100,,42389,6,,,1,100,,42394,6,,,2,100,,42375,6,,,2,100,,42391,6,,,2,100,,42392,6,,,2,70,,42381,6,,,2,110,,42380,6,,,2,100,,42395,6,,,2,100,,42377,6,,,2,100,,42376,6,,,2
6901,'Semaine-11-_26ÉTÉ-1111100-',543,,47542,6,,,1,70,,47556,6,,,1,30,,47545,6,,,1,71,,47553,6,,,1,30,,47541,6,,,1,69,,47546,6,,,1,30,,47559,6,,,2,59,,47547,6,,,1,101,,47548,6,,,2,100,,47549,6,,,2,100,,47550,6,,,2,55,,47551,6,,,2,100,,47552,6,,,1,100,,47557,6,,,2,100,,47538,6,,,2,100,,47554,6,,,2,100,,47555,6,,,2,70,,47544,6,,,2,110,,47543,6,,,2,100,,47558,6,,,2,100,,47540,6,,,1,100,,47539,6,,,1
