6401,'Samedi-0-_26ÉTÉ-0000010-',716,,41247,8,,,1,100,,41244,8,,,1,100,,41246,8,,,1,100,,41249,8,,,1,100,,41245,8,,,2,100,,41250,8,,,1,100,,41248,8,,,1,100,,41251,8,,,2,100,,41252,8,,,1,100,,41253,8,,,1,100,,41254,8,,,1
6401,'Dimanche-0-_26ÉTÉ-0000001-',716,,41259,8,,,1,100,,41257,8,,,1,100,,41262,8,,,1,100,,41255,8,,,1,100,,41261,8,,,2,100,,41263,8,,,1,100,,41256,8,,,1,100,,41260,8,,,2,100,,41258,8,,,1,100,,41264,8,,,1,100,,41265,8,,,1
6401,'Dimanche-10-_26ÉTÉ-0000001-',716,,41270,8,,,1,100,,41268,8,,,1,100,,41273,8,,,1,100,,41266,8,,,1,100,,41272,8,,,2,100,,41274,8,,,1,100,,41267,8,,,1,100,,41271,8,,,2,100,,41269,8,,,1,100,,41275,8,,,1,100,,41276,8,,,1
6401,'Dimanche-11-_26ÉTÉ-0000001-',716,,49373,8,,,1,100,,49371,8,,,1,100,,49376,8,,,1,100,,49369,8,,,1,100,,49375,8,,,2,100,,49377,8,,,1,100,,49370,8,,,1,100,,49374,8,,,2,100,,49372,8,,,1,100,,49378,8,,,1,100,,49379,8,,,1
6401,'Semaine-1-_26ÉTÉ-1111100-',515,,41277,8,,,1,108,,41287,8,,,2,100,,41289,8,,,2,100,,41286,8,,,2,93,,41294,8,,,2,100,,41281,8,,,2,100,,41280,8,,,2,100,,41292,8,,,1,100,,41288,8,,,1,99,,41290,8,,,1,115,,41291,8,,,1,87,,41282,8,,,1,98,,41278,8,,,1,100,,41279,8,,,1,100,,41285,8,,,1,100,,41283,8,,,1,100,,41284,8,,,1,100,,41293,8,,,1
6401,'Semaine-10-_26ÉTÉ-1111100-',515,,41295,8,,,1,108,,41305,8,,,2,100,,41307,8,,,2,100,,41304,8,,,2,93,,41312,8,,,2,100,,41299,8,,,2,100,,41298,8,,,2,100,,41310,8,,,1,100,,41306,8,,,1,99,,41308,8,,,1,115,,41309,8,,,1,87,,41300,8,,,1,98,,41296,8,,,1,100,,41297,8,,,1,100,,41303,8,,,1,100,,41301,8,,,1,100,,41302,8,,,1,100,,41311,8,,,1
6401,'Semaine-11-_26ÉTÉ-1111100-',515,,47077,8,,,1,108,,47087,8,,,2,100,,47089,8,,,2,100,,47086,8,,,2,93,,47094,8,,,2,100,,47081,8,,,2,100,,47080,8,,,2,100,,47092,8,,,1,100,,47088,8,,,1,99,,47090,8,,,1,115,,47091,8,,,1,87,,47082,8,,,1,98,,47078,8,,,1,100,,47079,8,,,1,100,,47085,8,,,1,100,,47083,8,,,1,100,,47084,8,,,1,100,,47093,8,,,1
6401,'Semaine-5-_26ÉTÉ-1111100-',515,,51120,8,,,1,108,,51130,8,,,2,100,,51132,8,,,2,100,,51129,8,,,2,93,,51137,8,,,2,100,,51124,8,,,2,100,,51123,8,,,2,100,,51135,8,,,1,100,,51131,8,,,1,99,,51133,8,,,1,115,,51134,8,,,1,87,,51125,8,,,1,98,,51121,8,,,1,100,,51122,8,,,1,100,,51128,8,,,1,100,,51126,8,,,1,100,,51127,8,,,1,100,,51136,8,,,1
6800,'Semaine-1-_26ÉTÉ-1111100-',605,,42111,8,,,1,30,,42120,8,,,1,70,,42118,8,,,1,30,,42127,8,,,1,70,,42124,8,,,1,30,,42103,8,,,1,70,,42125,8,,,1,30,,42104,8,,,1,70,,42108,8,,,1,30,,42126,8,,,1,70,,42113,8,,,1,30,,42106,8,,,1,74,,42122,8,,,1,36,,42114,8,,,1,70,,42121,8,,,1,30,,42115,8,,,1,70,,42109,8,,,1,30,,42112,8,,,1,60,,42119,8,,,1,18,,42129,8,,,1,23,,42116,8,,,1,60,,42123,8,,,1,22,,42117,8,,,1,18,,42131,8,,,1,59,,42128,8,,,1,20,,42130,8,,,1,20,,42105,8,,,1,70,,42110,8,,,1,30,,42107,8,,,1
6800,'Semaine-10-_26ÉTÉ-1111100-',605,,42140,8,,,1,30,,42149,8,,,1,70,,42147,8,,,1,30,,42156,8,,,1,70,,42153,8,,,1,30,,42132,8,,,1,70,,42154,8,,,1,30,,42133,8,,,1,70,,42137,8,,,1,30,,42155,8,,,1,70,,42142,8,,,1,30,,42135,8,,,1,74,,42151,8,,,1,36,,42143,8,,,1,70,,42150,8,,,1,30,,42144,8,,,1,70,,42138,8,,,1,30,,42141,8,,,1,60,,42148,8,,,1,18,,42158,8,,,1,23,,42145,8,,,1,60,,42152,8,,,1,22,,42146,8,,,1,18,,42160,8,,,1,59,,42157,8,,,1,20,,42159,8,,,1,20,,42134,8,,,1,70,,42139,8,,,1,30,,42136,8,,,1
6800,'Semaine-11-_26ÉTÉ-1111100-',605,,47436,8,,,1,30,,47445,8,,,1,70,,47443,8,,,1,30,,47452,8,,,1,70,,47449,8,,,1,30,,47428,8,,,1,70,,47450,8,,,1,30,,47429,8,,,1,70,,47433,8,,,1,30,,47451,8,,,1,70,,47438,8,,,1,30,,47431,8,,,1,74,,47447,8,,,1,36,,47439,8,,,1,70,,47446,8,,,1,30,,47440,8,,,1,70,,47434,8,,,1,30,,47437,8,,,1,60,,47444,8,,,1,18,,47454,8,,,1,23,,47441,8,,,1,60,,47448,8,,,1,22,,47442,8,,,1,18,,47456,8,,,1,59,,47453,8,,,1,20,,47455,8,,,1,20,,47430,8,,,1,70,,47435,8,,,1,30,,47432,8,,,1
6800,'Semaine-5-_26ÉTÉ-1111100-',605,,51355,8,,,1,30,,51364,8,,,1,70,,51362,8,,,1,30,,51371,8,,,1,70,,51368,8,,,1,30,,51347,8,,,1,70,,51369,8,,,1,30,,51348,8,,,1,70,,51352,8,,,1,30,,51370,8,,,1,70,,51357,8,,,1,30,,51350,8,,,1,74,,51366,8,,,1,36,,51358,8,,,1,70,,51365,8,,,1,30,,51359,8,,,1,70,,51353,8,,,1,30,,51356,8,,,1,60,,51363,8,,,1,18,,51373,8,,,1,23,,51360,8,,,1,60,,51367,8,,,1,22,,51361,8,,,1,18,,51375,8,,,1,59,,51372,8,,,1,20,,51374,8,,,1,20,,51349,8,,,1,70,,51354,8,,,1,30,,51351,8,,,1
