2301,'Semaine-4',623,,32635,19,,,1,30,,32632,19,,,2,71,,32636,19,,,1,32,,32634,19,,,2,70,,32633,19,,,2
2501,'Semaine-4',609,,32647,26,,,1,29,,32646,26,,,1,72,,32644,26,,,1,30,,32645,26,,,2,70,,32648,26,,,1,31,,32643,26,,,1
2601,'Semaine-4',602,,32655,20,,,1,30,,32657,20,,,1,71,,32658,20,,,2,33,,32656,20,,,1,72,,32654,20,,,1
2801,'Semaine-4',654,,32672,22,,,2,69,,32673,22,,,1,101,,32671,22,,,1
3201,'Semaine-4',521,,32943,18,,,1,21,,32942,18,,,1,59,,32934,18,,,1,20,,32944,18,,,1,9,,32924,18,,,1,9,,32945,18,,,1,10,,32925,18,,,2,10,,32926,18,,,1,49,,32918,18,,,1,9,,32921,18,,,1,7,,32947,18,,,1,9,,32927,18,,,1,9,,32922,18,,,1,9,,32935,18,,,1,8,,32917,18,,,2,46,,32928,18,,,1,8,,32946,18,,,1,9,,32916,18,,,1,11,,32915,18,,,1,11,,32920,18,,,1,6,,32923,18,,,1,50,,32929,18,,,2,21,,32903,18,,,2,30,,32913,18,,,1,70,,32906,18,,,1,30,,32909,18,,,2,70,,32902,18,,,2,30,,32912,18,,,1,70,,32907,18,,,1,30,,32914,18,,,1,71,,32896,18,,,1,29,,32901,18,,,1,71,,32908,18,,,1,30,,32919,18,,,1,70,,32936,18,,,1,30,,32937,18,,,1,70,,32938,18,,,2,30,,32939,18,,,2,71,,32940,18,,,1,29,,32941,18,,,1,70,,32899,18,,,2,30,,32897,18,,,1,69,,32910,18,,,1,30,,32905,18,,,1,70,,32900,18,,,2,30,,32898,18,,,1,70,,32911,18,,,1,29,,32904,18,,,1,70,,32931,18,,,2,30,,32930,18,,,1,70,,32932,18,,,1,30,,32933,18,,,1
3401,'Samedi-3',704,,33204,31,,,1,100,,33207,31,,,2,30,,33216,31,,,1,73,,33205,31,,,1,27,,33210,31,,,1,70,,33212,31,,,1,32,,33206,31,,,2,70,,33215,31,,,1,31,,33208,31,,,1,70,,33217,31,,,1,29,,33209,31,,,1,70,,33211,31,,,1,30,,33213,31,,,2,70,,33214,31,,,2,30,,33218,31,,,1,71,,33219,31,,,2,30,,33220,31,,,1,70,,33221,31,,,1,31,,33222,31,,,1,68,,33223,31,,,1,30,,33224,31,,,2,71,,33225,31,,,1,27,,33226,31,,,1,70,,33228,31,,,1,32,,33227,31,,,2,70,,33229,31,,,1,30,,33230,31,,,1,68,,33231,31,,,1,30,,33233,31,,,1,70,,33232,31,,,1,30,,33234,31,,,1,97,,33235,31,,,1
3401,'Dimanche-3',704,,33237,31,,,1,100,,33248,31,,,2,30,,33241,31,,,1,73,,33244,31,,,1,27,,33243,31,,,1,70,,33252,31,,,1,32,,33249,31,,,2,70,,33236,31,,,1,31,,33247,31,,,1,70,,33240,31,,,1,29,,33238,31,,,1,70,,33239,31,,,1,30,,33242,31,,,2,70,,33250,31,,,2,30,,33246,31,,,1,71,,33245,31,,,2,30,,33251,31,,,1,70,,33256,31,,,1,31,,33254,31,,,1,68,,33260,31,,,1,30,,33263,31,,,2,71,,33253,31,,,1,27,,33262,31,,,1,70,,33255,31,,,1,32,,33259,31,,,2,70,,33266,31,,,1,30,,33258,31,,,1,68,,33257,31,,,1,30,,33264,31,,,1,70,,33265,31,,,1,30,,33261,31,,,1,97,,33267,31,,,1
3401,'Semaine-4',913,,33293,31,,,1,27,,33273,31,,,1,70,,33277,31,,,1,30,,33297,31,,,1,70,,33270,31,,,1,30,,33274,31,,,1,70,,33278,31,,,1,30,,33268,31,,,1,70,,33271,31,,,1,30,,33275,31,,,1,70,,33279,31,,,1,30,,33272,31,,,1,70,,33294,31,,,1,30,,33269,31,,,1,71,,33295,31,,,1,31,,33296,31,,,2,69,,33290,31,,,1,29,,33286,31,,,1,70,,33276,31,,,1,29,,33283,31,,,1,70,,33292,31,,,1,30,,33280,31,,,1,70,,33282,31,,,1,30,,33284,31,,,1,70,,33288,31,,,1,30,,33281,31,,,1,70,,33287,31,,,1,30,,33285,31,,,1,70,,33289,31,,,1,30,,33291,31,,,1
3900,'Samedi-3',656,,33722,29,,,1,101,,33723,29,,,1,100,,33727,29,,,1,102,,33726,29,,,1,100,,33729,29,,,1,100,,33728,29,,,1,142,,33724,29,,,1,30,,33725,29,,,1,70,,33730,29,,,1,31,,33731,29,,,2,70,,33732,29,,,1,30,,33733,29,,,1,71,,33734,29,,,2,30,,33735,29,,,1,70,,33736,29,,,1,30,,33737,29,,,1,69,,33738,29,,,1,29,,33739,29,,,1,69,,33740,29,,,1,28,,33741,29,,,1,100,,33742,29,,,1,100,,33743,29,,,1,100,,33744,29,,,1,100,,33745,29,,,1
3900,'Dimanche-3',656,,33746,29,,,1,101,,33753,29,,,1,100,,33747,29,,,1,102,,33749,29,,,1,100,,33755,29,,,1,100,,33748,29,,,1,142,,33754,29,,,1,30,,33750,29,,,1,70,,33751,29,,,1,31,,33756,29,,,2,70,,33758,29,,,1,30,,33752,29,,,1,71,,33757,29,,,2,30,,33759,29,,,1,70,,33760,29,,,1,30,,33766,29,,,1,69,,33767,29,,,1,29,,33769,29,,,1,69,,33765,29,,,1,28,,33763,29,,,1,100,,33764,29,,,1,100,,33768,29,,,1,100,,33761,29,,,1,100,,33762,29,,,1
3900,'Semaine-4',633,,33787,29,,,1,24,,33773,29,,,1,72,,33792,29,,,1,28,,33785,29,,,1,72,,33786,29,,,1,73,,33784,29,,,1,32,,33781,29,,,1,70,,33798,29,,,1,30,,33793,29,,,1,71,,33805,29,,,1,30,,33790,29,,,1,70,,33794,29,,,1,30,,33782,29,,,1,71,,33780,29,,,1,30,,33795,29,,,2,69,,33783,29,,,1,30,,33770,29,,,1,73,,33796,29,,,2,33,,33777,29,,,1,72,,33779,29,,,1,30,,33797,29,,,1,72,,33776,29,,,1,28,,33771,29,,,1,69,,33799,29,,,1,27,,33778,29,,,1,71,,33772,29,,,2,29,,33800,29,,,2,72,,33775,29,,,1,25,,33791,29,,,2,65,,33801,29,,,1,30,,33774,29,,,1,70,,33789,29,,,1,29,,33802,29,,,2,70,,33788,29,,,1,30,,33804,29,,,1,70,,33803,29,,,2
4900,'Samedi-3',741,,33938,45,,,1,100,,33939,45,,,1,104,,33936,45,,,1,100,,33940,45,,,1,100,,33937,45,,,1,100,,33941,45,,,1,99,,33942,45,,,1,104,,33943,45,,,1,97,,33944,45,,,1,100,,33945,45,,,1,100,,33946,45,,,1,96,,33947,45,,,1,100,,33948,45,,,1,100,,33949,45,,,1,100,,33950,45,,,1,100,,33951,45,,,1,100,,33952,45,,,1
4900,'Dimanche-3',741,,33953,45,,,1,100,,33956,45,,,1,104,,33954,45,,,1,100,,33957,45,,,1,100,,33959,45,,,1,100,,33963,45,,,1,99,,33961,45,,,1,104,,33960,45,,,1,97,,33955,45,,,1,100,,33965,45,,,1,100,,33962,45,,,1,96,,33964,45,,,1,100,,33969,45,,,1,100,,33958,45,,,1,100,,33967,45,,,1,100,,33968,45,,,1,100,,33966,45,,,1
4900,'Semaine-4',702,,33997,45,,,1,10,,33992,32,,,1,5,,34004,32,,,1,3,,33980,32,,,1,3,,34008,45,,,1,2,,34003,32,,,1,3,,34005,32,,,1,3,,34007,32,,,1,5,,34006,32,,,1,15,,34000,45,,,1,73,,34001,45,,,1,6,,33996,32,,,1,71,,33995,45,,,1,29,,33990,45,,,1,71,,33982,45,,,1,32,,34002,45,,,1,72,,33998,45,,,1,30,,33993,45,,,1,70,,33970,45,,,1,30,,33991,45,,,1,70,,33972,45,,,1,30,,33977,45,,,1,70,,33979,45,,,1,29,,33983,45,,,1,71,,33999,45,,,1,37,,33981,45,,,1,70,,33984,45,,,1,30,,33975,45,,,1,70,,33987,45,,,1,30,,33978,45,,,1,67,,33976,45,,,1,30,,33994,45,,,1,67,,33988,45,,,1,96,,33971,45,,,1,100,,33989,45,,,1,100,,33986,45,,,1,57,,33973,45,,,1,98,,33985,45,,,1,100,,33974,45,,,1
32501,'Semaine-4',826,,36461,26,0,7 8,1,3,,36462,26,0,7 8,1
42500,'Semaine-4',711,,37068,26,0,9 14,1,2,,37069,26,0,9 14,1
44900,'Semaine-4',724,,37088,27,0,9 14,1
63900,'Semaine-4',1532,,37109,42,0,9 10,1
73401,'Semaine-4',815,,37131,35,0,5 11,1
82501,'Semaine-4',754,,37283,26,0,9 12 13,1,1,,37284,26,0,9 12 13,1,1,,37285,26,0,9 12 13,1
