2701,'Semaine-1-_26ÉTÉ-1111100-',632,,37415,35,,,1,88,,37416,35,,,1,86,,37413,35,,,1,29,,37414,35,,,1
2701,'Semaine-10-_26ÉTÉ-1111100-',632,,37419,35,,,1,88,,37420,35,,,1,86,,37417,35,,,1,29,,37418,35,,,1
2701,'Semaine-11-_26ÉTÉ-1111100-',632,,45413,35,,,1,88,,45414,35,,,1,86,,45411,35,,,1,29,,45412,35,,,1
3301,'Samedi-0-_26ÉTÉ-0000010-',729,,38084,37,,,1,100,,38085,37,,,1,100,,38082,37,,,2,100,,38088,37,,,1,100,,38089,37,,,1,101,,38083,37,,,1,100,,38086,37,,,1,100,,38087,37,,,1,102,,38090,37,,,1,98,,38091,37,,,1,100,,38092,37,,,1,96,,38099,37,,,1,100,,38093,37,,,1,100,,38094,37,,,1,100,,38095,37,,,1,100,,38096,37,,,1,100,,38097,37,,,1,100,,38098,37,,,1
3301,'Samedi-10-_26ÉTÉ-0000010-',729,,45720,37,,,1,100,,45721,37,,,1,100,,45718,37,,,2,100,,45724,37,,,1,100,,45725,37,,,1,101,,45719,37,,,1,100,,45722,37,,,1,100,,45723,37,,,1,102,,45726,37,,,1,98,,45727,37,,,1,100,,45728,37,,,1,96,,45735,37,,,1,100,,45729,37,,,1,100,,45730,37,,,1,100,,45731,37,,,1,100,,45732,37,,,1,100,,45733,37,,,1,100,,45734,37,,,1
3301,'Dimanche-0-_26ÉTÉ-0000001-',729,,38104,37,,,1,100,,38105,37,,,1,100,,38106,37,,,2,100,,38100,37,,,1,100,,38101,37,,,1,101,,38102,37,,,1,100,,38103,37,,,1,100,,38108,37,,,1,102,,38109,37,,,1,98,,38107,37,,,1,100,,38110,37,,,1,96,,38113,37,,,1,100,,38117,37,,,1,100,,38111,37,,,1,100,,38112,37,,,1,100,,38115,37,,,1,100,,38114,37,,,1,100,,38116,37,,,1
3301,'Dimanche-10-_26ÉTÉ-0000001-',729,,38122,37,,,1,100,,38123,37,,,1,100,,38124,37,,,2,100,,38118,37,,,1,100,,38119,37,,,1,101,,38120,37,,,1,100,,38121,37,,,1,100,,38126,37,,,1,102,,38127,37,,,1,98,,38125,37,,,1,100,,38128,37,,,1,96,,38131,37,,,1,100,,38135,37,,,1,100,,38129,37,,,1,100,,38130,37,,,1,100,,38133,37,,,1,100,,38132,37,,,1,100,,38134,37,,,1
3301,'Dimanche-11-_26ÉTÉ-0000001-',729,,48907,37,,,1,100,,48908,37,,,1,100,,48909,37,,,2,100,,48903,37,,,1,100,,48904,37,,,1,101,,48905,37,,,1,100,,48906,37,,,1,100,,48911,37,,,1,102,,48912,37,,,1,98,,48910,37,,,1,100,,48913,37,,,1,96,,48916,37,,,1,100,,48920,37,,,1,100,,48914,37,,,1,100,,48915,37,,,1,100,,48918,37,,,1,100,,48917,37,,,1,100,,48919,37,,,1
3301,'Semaine-1-_26ÉTÉ-1111100-',616,,38159,37,,,2,22,,38167,37,,,2,64,,38144,37,,,1,17,,38164,37,,,1,18,,38160,37,,,2,4,,38155,37,,,1,9,,38175,37,,,1,51,,38173,37,,,2,22,,38162,37,,,2,12,,38150,37,,,1,10,,38166,37,,,2,55,,38140,37,,,1,30,,38152,37,,,1,28,,38158,37,,,1,71,,38148,37,,,2,28,,38169,37,,,1,71,,38153,37,,,1,29,,38145,37,,,1,72,,38147,37,,,1,20,,38165,37,,,1,6,,38174,37,,,1,68,,38156,37,,,1,29,,38146,37,,,1,71,,38151,37,,,1,34,,38154,38,,,1,52,,38176,38,,,1,19,,38157,38,,,1,18,,38149,38,,,2,13,,38161,38,,,2,73,,38142,38,,,1,68,,38172,38,,,1,23,,38139,38,,,2,26,,38136,38,,,2,68,,38170,37,,,1,42,,38143,37,,,1,70,,38138,37,,,1,97,,38141,37,,,1,81,,38163,37,,,1,105,,38168,37,,,1,97,,38137,37,,,1,124,,38171,37,,,1
3301,'Semaine-10-_26ÉTÉ-1111100-',616,,38200,37,,,2,22,,38208,37,,,2,64,,38185,37,,,1,17,,38205,37,,,1,18,,38201,37,,,2,4,,38196,37,,,1,9,,38216,37,,,1,51,,38214,37,,,2,22,,38203,37,,,2,12,,38191,37,,,1,10,,38207,37,,,2,55,,38181,37,,,1,30,,38193,37,,,1,28,,38199,37,,,1,71,,38189,37,,,2,28,,38210,37,,,1,71,,38194,37,,,1,29,,38186,37,,,1,72,,38188,37,,,1,20,,38206,37,,,1,6,,38215,37,,,1,68,,38197,37,,,1,29,,38187,37,,,1,71,,38192,37,,,1,34,,38195,38,,,1,52,,38217,38,,,1,19,,38198,38,,,1,18,,38190,38,,,2,13,,38202,38,,,2,73,,38183,38,,,1,68,,38213,38,,,1,23,,38180,38,,,2,26,,38177,38,,,2,68,,38211,37,,,1,42,,38184,37,,,1,70,,38179,37,,,1,97,,38182,37,,,1,81,,38204,37,,,1,105,,38209,37,,,1,97,,38178,37,,,1,124,,38212,37,,,1
3301,'Semaine-11-_26ÉTÉ-1111100-',616,,45759,37,,,2,22,,45767,37,,,2,64,,45744,37,,,1,17,,45764,37,,,1,18,,45760,37,,,2,4,,45755,37,,,1,9,,45775,37,,,1,51,,45773,37,,,2,22,,45762,37,,,2,12,,45750,37,,,1,10,,45766,37,,,2,55,,45740,37,,,1,30,,45752,37,,,1,28,,45758,37,,,1,71,,45748,37,,,2,28,,45769,37,,,1,71,,45753,37,,,1,29,,45745,37,,,1,72,,45747,37,,,1,20,,45765,37,,,1,6,,45774,37,,,1,68,,45756,37,,,1,29,,45746,37,,,1,71,,45751,37,,,1,34,,45754,38,,,1,52,,45776,38,,,1,19,,45757,38,,,1,18,,45749,38,,,2,13,,45761,38,,,2,73,,45742,38,,,1,68,,45772,38,,,1,23,,45739,38,,,2,26,,45736,38,,,2,68,,45770,37,,,1,42,,45743,37,,,1,70,,45738,37,,,1,97,,45741,37,,,1,81,,45763,37,,,1,105,,45768,37,,,1,97,,45737,37,,,1,124,,45771,37,,,1
