6601,'Samedi-0-_26ÉTÉ-0000010-',653,,41664,20,,,1,100,,41666,20,,,1,100,,41670,20,,,1,100,,41667,20,,,2,100,,41671,20,,,1,100,,41665,20,,,1,100,,41668,20,,,1,100,,41669,20,,,1,100,,41672,20,,,2,100,,41673,20,,,1,100,,41674,20,,,1,100,,41675,20,,,1,100,,41676,20,,,1,100,,41678,20,,,1,100,,41677,20,,,1,100,,41679,20,,,1,100,,41680,20,,,1,100,,41681,20,,,2
6601,'Dimanche-0-_26ÉTÉ-0000001-',653,,41683,20,,,1,100,,41687,20,,,1,100,,41688,20,,,1,100,,41689,20,,,2,100,,41691,20,,,1,100,,41682,20,,,1,100,,41690,20,,,1,100,,41684,20,,,1,100,,41685,20,,,2,100,,41686,20,,,1,100,,41695,20,,,1,100,,41697,20,,,1,100,,41693,20,,,1,100,,41694,20,,,1,100,,41692,20,,,1,100,,41696,20,,,1,100,,41698,20,,,1,100,,41699,20,,,2
6601,'Dimanche-10-_26ÉTÉ-0000001-',653,,41701,20,,,1,100,,41705,20,,,1,100,,41706,20,,,1,100,,41707,20,,,2,100,,41709,20,,,1,100,,41700,20,,,1,100,,41708,20,,,1,100,,41702,20,,,1,100,,41703,20,,,2,100,,41704,20,,,1,100,,41713,20,,,1,100,,41715,20,,,1,100,,41711,20,,,1,100,,41712,20,,,1,100,,41710,20,,,1,100,,41714,20,,,1,100,,41716,20,,,1,100,,41717,20,,,2
6601,'Dimanche-11-_26ÉTÉ-0000001-',653,,49432,20,,,1,100,,49436,20,,,1,100,,49437,20,,,1,100,,49438,20,,,2,100,,49440,20,,,1,100,,49431,20,,,1,100,,49439,20,,,1,100,,49433,20,,,1,100,,49434,20,,,2,100,,49435,20,,,1,100,,49444,20,,,1,100,,49446,20,,,1,100,,49442,20,,,1,100,,49443,20,,,1,100,,49441,20,,,1,100,,49445,20,,,1,100,,49447,20,,,1,100,,49448,20,,,2
6601,'Semaine-1-_26ÉTÉ-1111100-',544,,41727,20,,,2,60,,41720,20,,,2,20,,41729,20,,,2,16,,41735,20,,,1,60,,41730,20,,,2,20,,41721,20,,,2,20,,41733,20,,,2,60,,41726,20,,,2,20,,41742,20,,,1,20,,41719,20,,,2,60,,41732,20,,,2,20,,41743,20,,,2,20,,41751,20,,,2,102,,41731,20,,,1,100,,41723,20,,,2,100,,41747,20,,,1,100,,41748,20,,,2,101,,41734,20,,,2,63,,41722,20,,,2,19,,41739,20,,,2,17,,41736,20,,,1,61,,41749,20,,,2,20,,41718,20,,,1,20,,41744,20,,,2,60,,41737,20,,,2,21,,41750,20,,,2,19,,41740,20,,,1,60,,41745,20,,,2,20,,41738,20,,,1,20,,41746,20,,,2,58,,41752,20,,,1,100,,41725,20,,,1,100,,41724,20,,,1,55,,41728,20,,,1,100,,41741,20,,,1
6601,'Semaine-10-_26ÉTÉ-1111100-',544,,41762,20,,,2,60,,41755,20,,,2,20,,41764,20,,,2,16,,41770,20,,,1,60,,41765,20,,,2,20,,41756,20,,,2,20,,41768,20,,,2,60,,41761,20,,,2,20,,41777,20,,,1,20,,41754,20,,,2,60,,41767,20,,,2,20,,41778,20,,,2,20,,41786,20,,,2,102,,41766,20,,,1,100,,41758,20,,,2,100,,41782,20,,,1,100,,41783,20,,,2,101,,41769,20,,,2,63,,41757,20,,,2,19,,41774,20,,,2,17,,41771,20,,,1,61,,41784,20,,,2,20,,41753,20,,,1,20,,41779,20,,,2,60,,41772,20,,,2,21,,41785,20,,,2,19,,41775,20,,,1,60,,41780,20,,,2,20,,41773,20,,,1,20,,41781,20,,,2,58,,41787,20,,,1,100,,41760,20,,,1,100,,41759,20,,,1,55,,41763,20,,,1,100,,41776,20,,,1
6601,'Semaine-11-_26ÉTÉ-1111100-',544,,47272,20,,,2,60,,47265,20,,,2,20,,47274,20,,,2,16,,47280,20,,,1,60,,47275,20,,,2,20,,47266,20,,,2,20,,47278,20,,,2,60,,47271,20,,,2,20,,47287,20,,,1,20,,47264,20,,,2,60,,47277,20,,,2,20,,47288,20,,,2,20,,47296,20,,,2,102,,47276,20,,,1,100,,47268,20,,,2,100,,47292,20,,,1,100,,47293,20,,,2,101,,47279,20,,,2,63,,47267,20,,,2,19,,47284,20,,,2,17,,47281,20,,,1,61,,47294,20,,,2,20,,47263,20,,,1,20,,47289,20,,,2,60,,47282,20,,,2,21,,47295,20,,,2,19,,47285,20,,,1,60,,47290,20,,,2,20,,47283,20,,,1,20,,47291,20,,,2,58,,47297,20,,,1,100,,47270,20,,,1,100,,47269,20,,,1,55,,47273,20,,,1,100,,47286,20,,,1
6601,'Semaine-12-_26ÉTÉ-1111100-',544,,53679,20,,,2,60,,53672,20,,,2,20,,53681,20,,,2,16,,53687,20,,,1,60,,53682,20,,,2,20,,53673,20,,,2,20,,53685,20,,,2,60,,53678,20,,,2,20,,53694,20,,,1,20,,53671,20,,,2,60,,53684,20,,,2,20,,53695,20,,,2,20,,53703,20,,,2,102,,53683,20,,,1,100,,53675,20,,,2,100,,53699,20,,,1,100,,53700,20,,,2,101,,53686,20,,,2,63,,53674,20,,,2,19,,53691,20,,,2,17,,53688,20,,,1,61,,53701,20,,,2,20,,53670,20,,,1,20,,53696,20,,,2,60,,53689,20,,,2,21,,53702,20,,,2,19,,53692,20,,,1,60,,53697,20,,,2,20,,53690,20,,,1,20,,53698,20,,,2,58,,53704,20,,,1,100,,53677,20,,,1,100,,53676,20,,,1,55,,53680,20,,,1,100,,53693,20,,,1
6601,'Semaine-5-_26ÉTÉ-1111100-',544,,51246,20,,,2,60,,51239,20,,,2,20,,51248,20,,,2,16,,51254,20,,,1,60,,51249,20,,,2,20,,51240,20,,,2,20,,51252,20,,,2,60,,51245,20,,,2,20,,51261,20,,,1,20,,51238,20,,,2,60,,51251,20,,,2,20,,51262,20,,,2,20,,51270,20,,,2,102,,51250,20,,,1,100,,51242,20,,,2,100,,51266,20,,,1,100,,51267,20,,,2,101,,51253,20,,,2,63,,51241,20,,,2,19,,51258,20,,,2,17,,51255,20,,,1,61,,51268,20,,,2,20,,51237,20,,,1,20,,51263,20,,,2,60,,51256,20,,,2,21,,51269,20,,,2,19,,51259,20,,,1,60,,51264,20,,,2,20,,51257,20,,,1,20,,51265,20,,,2,58,,51271,20,,,1,100,,51244,20,,,1,100,,51243,20,,,1,55,,51247,20,,,1,100,,51260,20,,,1
56601,'Semaine-5-_26ÉTÉ-1111100-',653,,52279,9,,,1
