4200,'Semaine-1-_26ÉTÉ-1111100-',628,,25283,14,,,1,104,,25284,14,,,1,902,,25285,14,,,1,100,,25286,14,,,1
4200,'Semaine-10-_26ÉTÉ-1111100-',628,,28266,14,,,1,104,,28267,14,,,1,902,,28268,14,,,1,100,,28269,14,,,1
4901,'Samedi-0-_26ÉTÉ-0000010-',739,,28359,35,,,1,100,,28358,35,,,1,100,,28360,35,,,1,101,,28356,35,,,1,100,,28361,35,,,1,102,,28357,35,,,1,98,,28362,35,,,1,103,,28363,35,,,1,99,,28364,35,,,1,100,,28365,35,,,1,100,,28366,35,,,1,95,,28367,35,,,1,102,,28368,35,,,1,100,,28369,35,,,1,100,,28370,35,,,1,100,,28371,35,,,1,99,,28372,35,,,1
4901,'Dimanche-0-_26ÉTÉ-0000001-',739,,28377,35,,,1,100,,28373,35,,,1,100,,28376,35,,,1,101,,28378,35,,,1,100,,28375,35,,,1,102,,28374,35,,,1,98,,28380,35,,,1,103,,28381,35,,,1,99,,28379,35,,,1,100,,28385,35,,,1,100,,28389,35,,,1,95,,28382,35,,,1,102,,28383,35,,,1,100,,28384,35,,,1,100,,28386,35,,,1,100,,28387,35,,,1,99,,28388,35,,,1
4901,'Semaine-1-_26ÉTÉ-1111100-',624,,25344,35,,,1,89,,25349,35,,,1,31,,25365,35,,,1,72,,25361,35,,,1,30,,25359,35,,,1,67,,25368,35,,,1,28,,25351,35,,,1,69,,25366,35,,,1,28,,25363,35,,,1,72,,25339,35,,,1,30,,25360,35,,,1,70,,25340,35,,,1,32,,25345,35,,,1,68,,25347,35,,,1,28,,25352,35,,,1,71,,25367,35,,,1,32,,25350,35,,,1,73,,25369,35,,,1,33,,25353,35,,,1,72,,25356,35,,,1,30,,25346,35,,,1,66,,25348,35,,,1,30,,25364,35,,,1,66,,25358,35,,,1,30,,25362,35,,,1,94,,25341,35,,,1,80,,25357,35,,,1,100,,25355,35,,,1,98,,25342,35,,,1,100,,25354,35,,,1,97,,25343,35,,,1
4901,'Semaine-10-_26ÉTÉ-1111100-',624,,28395,35,,,1,89,,28400,35,,,1,31,,28416,35,,,1,72,,28412,35,,,1,30,,28410,35,,,1,67,,28419,35,,,1,28,,28402,35,,,1,69,,28417,35,,,1,28,,28414,35,,,1,72,,28390,35,,,1,30,,28411,35,,,1,70,,28391,35,,,1,32,,28396,35,,,1,68,,28398,35,,,1,28,,28403,35,,,1,71,,28418,35,,,1,32,,28401,35,,,1,73,,28420,35,,,1,33,,28404,35,,,1,72,,28407,35,,,1,30,,28397,35,,,1,66,,28399,35,,,1,30,,28415,35,,,1,66,,28409,35,,,1,30,,28413,35,,,1,94,,28392,35,,,1,80,,28408,35,,,1,100,,28406,35,,,1,98,,28393,35,,,1,100,,28405,35,,,1,97,,28394,35,,,1
5200,'Samedi-0-_26ÉTÉ-0000010-',626,,28429,3,,,1,100,,28430,3,,,2,100,,28431,3,,,1,100,,28432,3,,,2,101,,28433,3,,,1,101,,28434,3,,,1,101,,28435,3,,,2,100,,28436,3,,,2,99,,28437,3,,,1,100,,28438,3,,,2,100,,28439,3,,,1,100,,28440,3,,,1,99,,28441,3,,,1,100,,28444,3,,,1,100,,28442,3,,,1,100,,28443,3,,,2,99,,28445,3,,,2,100,,28446,3,,,1
5200,'Dimanche-0-_26ÉTÉ-0000001-',626,,28448,3,,,1,100,,28447,3,,,2,100,,28449,3,,,1,100,,28450,3,,,2,101,,28452,3,,,1,101,,28457,3,,,1,101,,28451,3,,,2,100,,28454,3,,,2,99,,28455,3,,,1,100,,28453,3,,,2,100,,28456,3,,,1,100,,28463,3,,,1,99,,28462,3,,,1,100,,28458,3,,,1,100,,28464,3,,,1,100,,28461,3,,,2,99,,28460,3,,,2,100,,28459,3,,,1
5200,'Semaine-1-_26ÉTÉ-1111100-',557,,25381,3,,,1,98,,25383,3,,,1,147,,25378,3,,,1,99,,25394,3,,,1,57,,25392,3,,,2,100,,25379,3,,,1,100,,25386,3,,,1,100,,25385,3,,,1,100,,25382,3,,,1,99,,25380,3,,,1,147,,25384,3,,,1,103,,25395,3,,,1,107,,25393,3,,,1,99,,25387,3,,,1,45,,25391,3,,,1,100,,25390,3,,,1,100,,25388,3,,,1,100,,25389,3,,,1
5200,'Semaine-10-_26ÉTÉ-1111100-',557,,28468,3,,,1,98,,28470,3,,,1,147,,28465,3,,,1,99,,28481,3,,,1,57,,28479,3,,,2,100,,28466,3,,,1,100,,28473,3,,,1,100,,28472,3,,,1,100,,28469,3,,,1,99,,28467,3,,,1,147,,28471,3,,,1,103,,28482,3,,,1,107,,28480,3,,,1,99,,28474,3,,,1,45,,28478,3,,,1,100,,28477,3,,,1,100,,28475,3,,,1,100,,28476,3,,,1
