7401,'Semaine-1-_26ÉTÉ-1111100-',614,,42845,10,,,1,30,,42846,10,,,1,73,,42847,10,,,2,30,,42848,10,,,1,67,,42849,10,,,2,28,,42850,10,,,2
7401,'Semaine-10-_26ÉTÉ-1111100-',614,,42851,10,,,1,30,,42852,10,,,1,73,,42853,10,,,2,30,,42854,10,,,1,67,,42855,10,,,2,28,,42856,10,,,2
7401,'Semaine-11-_26ÉTÉ-1111100-',614,,47761,10,,,1,30,,47762,10,,,1,73,,47763,10,,,2,30,,47764,10,,,1,67,,47765,10,,,2,28,,47766,10,,,2
7800,'Samedi-0-_26ÉTÉ-0000010-',833,,43444,33,,,1,100,,43443,33,,,2,100,,43441,33,,,2,100,,43446,33,,,1,101,,43442,33,,,1,100,,43445,33,,,1,99,,43447,33,,,1,101,,43448,33,,,1,100,,43449,33,,,1,99,,43450,33,,,1,100,,43451,33,,,1,100,,43452,33,,,2,100,,43453,33,,,1,100,,43454,33,,,1,100,,43455,33,,,1,98,,43456,33,,,2
7800,'Samedi-10-_26ÉTÉ-0000010-',833,,48020,33,,,1,100,,48019,33,,,2,100,,48017,33,,,2,100,,48022,33,,,1,101,,48018,33,,,1,100,,48021,33,,,1,99,,48023,33,,,1,101,,48024,33,,,1,100,,48025,33,,,1,99,,48026,33,,,1,100,,48027,33,,,1,100,,48028,33,,,2,100,,48029,33,,,1,100,,48030,33,,,1,100,,48031,33,,,1,98,,48032,33,,,2
7800,'Dimanche-0-_26ÉTÉ-0000001-',833,,43457,33,,,1,100,,43461,33,,,2,100,,43463,33,,,2,100,,43458,33,,,1,101,,43462,33,,,1,100,,43464,33,,,1,99,,43459,33,,,1,101,,43460,33,,,1,100,,43465,33,,,1,99,,43468,33,,,1,100,,43470,33,,,1,100,,43469,33,,,2,100,,43471,33,,,1,100,,43472,33,,,1,100,,43466,33,,,1,98,,43467,33,,,2
7800,'Dimanche-10-_26ÉTÉ-0000001-',833,,43473,33,,,1,100,,43477,33,,,2,100,,43479,33,,,2,100,,43474,33,,,1,101,,43478,33,,,1,100,,43480,33,,,1,99,,43475,33,,,1,101,,43476,33,,,1,100,,43481,33,,,1,99,,43484,33,,,1,100,,43486,33,,,1,100,,43485,33,,,2,100,,43487,33,,,1,100,,43488,33,,,1,100,,43482,33,,,1,98,,43483,33,,,2
7800,'Dimanche-11-_26ÉTÉ-0000001-',833,,49664,33,,,1,100,,49668,33,,,2,100,,49670,33,,,2,100,,49665,33,,,1,101,,49669,33,,,1,100,,49671,33,,,1,99,,49666,33,,,1,101,,49667,33,,,1,100,,49672,33,,,1,99,,49675,33,,,1,100,,49677,33,,,1,100,,49676,33,,,2,100,,49678,33,,,1,100,,49679,33,,,1,100,,49673,33,,,1,98,,49674,33,,,2
7800,'Semaine-1-_26ÉTÉ-1111100-',505,,43501,33,,,1,20,,43502,33,,,1,30,,43491,33,,,1,72,,43503,33,,,2,31,,43489,33,,,2,71,,43504,33,,,2,29,,43513,33,,,2,64,,43494,33,,,1,35,,43505,33,,,1,67,,43506,33,,,2,29,,43517,33,,,2,70,,43507,33,,,1,30,,43518,33,,,2,70,,43508,33,,,1,30,,43519,33,,,1,70,,43509,33,,,1,30,,43520,33,,,2,70,,43510,33,,,1,30,,43521,33,,,1,71,,43511,33,,,1,30,,43496,33,,,2,71,,43512,33,,,1,27,,43490,33,,,1,72,,43499,33,,,1,32,,43514,33,,,1,71,,43498,33,,,1,25,,43522,33,,,1,71,,43515,33,,,1,30,,43492,33,,,1,85,,43516,33,,,1,98,,43497,33,,,1,102,,43500,33,,,1,99,,43493,33,,,2,99,,43495,33,,,1
7800,'Semaine-10-_26ÉTÉ-1111100-',505,,43535,33,,,1,20,,43536,33,,,1,30,,43525,33,,,1,72,,43537,33,,,2,31,,43523,33,,,2,71,,43538,33,,,2,29,,43547,33,,,2,64,,43528,33,,,1,35,,43539,33,,,1,67,,43540,33,,,2,29,,43551,33,,,2,70,,43541,33,,,1,30,,43552,33,,,2,70,,43542,33,,,1,30,,43553,33,,,1,70,,43543,33,,,1,30,,43554,33,,,2,70,,43544,33,,,1,30,,43555,33,,,1,71,,43545,33,,,1,30,,43530,33,,,1,71,,43546,33,,,1,27,,43524,33,,,1,72,,43533,33,,,1,32,,43548,33,,,1,71,,43532,33,,,1,25,,43556,33,,,1,71,,43549,33,,,1,30,,43526,33,,,1,85,,43550,33,,,1,98,,43531,33,,,1,102,,43534,33,,,1,99,,43527,33,,,2,99,,43529,33,,,1
7800,'Semaine-11-_26ÉTÉ-1111100-',505,,48045,33,,,1,20,,48046,33,,,1,30,,48035,33,,,1,72,,48047,33,,,2,31,,48033,33,,,2,71,,48048,33,,,2,29,,48057,33,,,2,64,,48038,33,,,1,35,,48049,33,,,1,67,,48050,33,,,2,29,,48061,33,,,2,70,,48051,33,,,1,30,,48062,33,,,2,70,,48052,33,,,1,30,,48063,33,,,1,70,,48053,33,,,1,30,,48064,33,,,2,70,,48054,33,,,1,30,,48065,33,,,1,71,,48055,33,,,1,30,,48040,33,,,2,71,,48056,33,,,1,27,,48034,33,,,1,72,,48043,33,,,1,32,,48058,33,,,1,71,,48042,33,,,1,25,,48066,33,,,1,71,,48059,33,,,1,30,,48036,33,,,1,85,,48060,33,,,1,98,,48041,33,,,1,102,,48044,33,,,1,99,,48037,33,,,2,99,,48039,33,,,1
