4000,'Semaine-1-_26ÉTÉ-1111100-',1538,,39577,33,,,2,69,,39573,33,,,2,36,,39576,33,,,1,67,,39575,33,,,1,31,,39574,33,,,1,65,,39578,33,,,2
4000,'Semaine-10-_26ÉTÉ-1111100-',1538,,39583,33,,,2,69,,39579,33,,,2,36,,39582,33,,,1,67,,39581,33,,,1,31,,39580,33,,,1,65,,39584,33,,,2
4100,'Semaine-1-_26ÉTÉ-1111100-',1549,,39598,33,,,2,69,,39600,33,,,1,35,,39599,33,,,2,66,,39597,33,,,1,29,,39601,33,,,1
4100,'Semaine-10-_26ÉTÉ-1111100-',1549,,39603,33,,,2,69,,39605,33,,,1,35,,39604,33,,,2,66,,39602,33,,,1,29,,39606,33,,,1
4901,'Samedi-0-_26ÉTÉ-0000010-',747,,39783,41,,,1,100,,39782,41,,,1,100,,39784,41,,,1,102,,39780,41,,,1,100,,39785,41,,,1,102,,39781,41,,,1,98,,39786,41,,,1,103,,39787,41,,,1,99,,39788,41,,,1,100,,39789,41,,,1,100,,39790,41,,,1,95,,39791,41,,,1,102,,39792,41,,,1,100,,39793,41,,,1,100,,39794,41,,,1,99,,39795,41,,,1,99,,39796,41,,,1
4901,'Dimanche-0-_26ÉTÉ-0000001-',747,,39801,41,,,1,100,,39797,41,,,1,100,,39800,41,,,1,102,,39802,41,,,1,100,,39799,41,,,1,102,,39798,41,,,1,98,,39804,41,,,1,103,,39805,41,,,1,99,,39803,41,,,1,100,,39809,41,,,1,100,,39813,41,,,1,95,,39806,41,,,1,102,,39807,41,,,1,100,,39808,41,,,1,100,,39810,41,,,1,99,,39811,41,,,1,99,,39812,41,,,1
4901,'Dimanche-10-_26ÉTÉ-0000001-',747,,39818,41,,,1,100,,39814,41,,,1,100,,39817,41,,,1,102,,39819,41,,,1,100,,39816,41,,,1,102,,39815,41,,,1,98,,39821,41,,,1,103,,39822,41,,,1,99,,39820,41,,,1,100,,39826,41,,,1,100,,39830,41,,,1,95,,39823,41,,,1,102,,39824,41,,,1,100,,39825,41,,,1,100,,39827,41,,,1,99,,39828,41,,,1,99,,39829,41,,,1
4901,'Semaine-1-_26ÉTÉ-1111100-',631,,39836,41,,,1,89,,39841,41,,,1,31,,39857,41,,,1,72,,39853,41,,,1,30,,39851,41,,,1,66,,39860,41,,,1,28,,39843,41,,,1,69,,39858,41,,,1,29,,39855,41,,,1,72,,39831,41,,,1,30,,39852,41,,,1,70,,39832,41,,,1,32,,39837,41,,,1,68,,39839,41,,,1,28,,39844,41,,,1,71,,39859,41,,,1,32,,39842,41,,,1,72,,39861,41,,,1,35,,39845,41,,,1,72,,39848,41,,,1,30,,39838,41,,,1,65,,39840,41,,,1,29,,39856,41,,,1,66,,39850,41,,,1,30,,39854,41,,,1,94,,39833,41,,,1,80,,39849,41,,,1,100,,39847,41,,,1,98,,39834,41,,,1,100,,39846,41,,,1,96,,39835,41,,,1
4901,'Semaine-10-_26ÉTÉ-1111100-',631,,39867,41,,,1,89,,39872,41,,,1,31,,39888,41,,,1,72,,39884,41,,,1,30,,39882,41,,,1,66,,39891,41,,,1,28,,39874,41,,,1,69,,39889,41,,,1,29,,39886,41,,,1,72,,39862,41,,,1,30,,39883,41,,,1,70,,39863,41,,,1,32,,39868,41,,,1,68,,39870,41,,,1,28,,39875,41,,,1,71,,39890,41,,,1,32,,39873,41,,,1,72,,39892,41,,,1,35,,39876,41,,,1,72,,39879,41,,,1,30,,39869,41,,,1,65,,39871,41,,,1,29,,39887,41,,,1,66,,39881,41,,,1,30,,39885,41,,,1,94,,39864,41,,,1,80,,39880,41,,,1,100,,39878,41,,,1,98,,39865,41,,,1,100,,39877,41,,,1,96,,39866,41,,,1
5500,'Samedi-0-_26ÉTÉ-0000010-',718,,40104,34,,,1,30,,40101,34,,,1,70,,40102,34,,,1,30,,40105,34,,,1,70,,40103,34,,,1,29,,40110,34,,,1,70,,40107,34,,,1,30,,40108,34,,,1,73,,40113,34,,,1,28,,40112,34,,,1,68,,40106,34,,,1,30,,40109,34,,,1,70,,40111,34,,,1,34,,40114,34,,,1,70,,40115,34,,,1,30,,40116,34,,,1,70,,40117,34,,,1,29,,40118,34,,,1,70,,40119,34,,,1,30,,40120,34,,,1,70,,40121,34,,,1,30,,40122,34,,,1,72,,40123,34,,,1,28,,40124,34,,,1,69,,40126,34,,,1,33,,40125,34,,,1,67,,40127,34,,,1,30,,40129,34,,,1,71,,40128,34,,,1,31,,40130,34,,,1,67,,40131,34,,,1,30,,40134,34,,,1,70,,40136,34,,,1,30,,40133,34,,,1,70,,40132,34,,,1,28,,40135,34,,,1
5500,'Dimanche-0-_26ÉTÉ-0000001-',718,,40139,34,,,1,30,,40144,34,,,1,70,,40148,34,,,1,30,,40142,34,,,1,70,,40140,34,,,1,29,,40145,34,,,1,70,,40147,34,,,1,30,,40141,34,,,1,73,,40137,34,,,1,28,,40138,34,,,1,68,,40150,34,,,1,30,,40154,34,,,1,70,,40152,34,,,1,34,,40149,34,,,1,70,,40143,34,,,1,30,,40157,34,,,1,70,,40158,34,,,1,29,,40159,34,,,1,70,,40153,34,,,1,30,,40166,34,,,1,70,,40163,34,,,1,30,,40151,34,,,1,72,,40171,34,,,1,28,,40165,34,,,1,69,,40146,34,,,1,33,,40169,34,,,1,67,,40162,34,,,1,30,,40155,34,,,1,71,,40160,34,,,1,31,,40156,34,,,1,67,,40167,34,,,1,30,,40164,34,,,1,70,,40161,34,,,1,30,,40170,34,,,1,70,,40168,34,,,1,28,,40172,34,,,1
5500,'Dimanche-10-_26ÉTÉ-0000001-',718,,40175,34,,,1,30,,40180,34,,,1,70,,40184,34,,,1,30,,40178,34,,,1,70,,40176,34,,,1,29,,40181,34,,,1,70,,40183,34,,,1,30,,40177,34,,,1,73,,40173,34,,,1,28,,40174,34,,,1,68,,40186,34,,,1,30,,40190,34,,,1,70,,40188,34,,,1,34,,40185,34,,,1,70,,40179,34,,,1,30,,40193,34,,,1,70,,40194,34,,,1,29,,40195,34,,,1,70,,40189,34,,,1,30,,40202,34,,,1,70,,40199,34,,,1,30,,40187,34,,,1,72,,40207,34,,,1,28,,40201,34,,,1,69,,40182,34,,,1,33,,40205,34,,,1,67,,40198,34,,,1,30,,40191,34,,,1,71,,40196,34,,,1,31,,40192,34,,,1,67,,40203,34,,,1,30,,40200,34,,,1,70,,40197,34,,,1,30,,40206,34,,,1,70,,40204,34,,,1,28,,40208,34,,,1
5500,'Semaine-1-_26ÉTÉ-1111100-',615,,40211,34,,,1,104,,40227,34,,,1,103,,40210,34,,,1,98,,40246,34,,,1,28,,40247,34,,,1,69,,40216,34,,,1,30,,40226,34,,,1,69,,40230,34,,,1,33,,40252,34,,,1,70,,40212,34,,,1,30,,40251,34,,,1,69,,40229,34,,,1,30,,40244,34,,,1,70,,40238,34,,,1,25,,40245,34,,,1,16,,40231,34,,,1,57,,40209,34,,,1,14,,40250,34,,,1,17,,40220,34,,,1,55,,40253,34,,,1,13,,40241,34,,,1,10,,40213,34,,,1,13,,40224,34,,,1,14,,40256,34,,,1,53,,40249,34,,,1,11,,40215,34,,,1,11,,40232,34,,,1,12,,40225,34,,,1,9,,40254,34,,,1,11,,40239,34,,,1,48,,40219,34,,,1,12,,40214,34,,,1,10,,40255,34,,,1,12,,40223,34,,,1,10,,40218,34,,,1,50,,40228,34,,,1,30,,40243,34,,,1,69,,40248,34,,,1,31,,40235,34,,,1,69,,40221,34,,,1,30,,40242,34,,,1,28,,40233,34,,,1,70,,40236,34,,,1,28,,40222,34,,,1,70,,40237,34,,,1,29,,40234,34,,,1,69,,40217,34,,,1,30,,40240,34,,,1
5500,'Semaine-10-_26ÉTÉ-1111100-',615,,40259,34,,,1,104,,40275,34,,,1,103,,40258,34,,,1,98,,40294,34,,,1,28,,40295,34,,,1,69,,40264,34,,,1,30,,40274,34,,,1,69,,40278,34,,,1,33,,40300,34,,,1,70,,40260,34,,,1,30,,40299,34,,,1,69,,40277,34,,,1,30,,40292,34,,,1,70,,40286,34,,,1,25,,40293,34,,,1,16,,40279,34,,,1,57,,40257,34,,,1,14,,40298,34,,,1,17,,40268,34,,,1,55,,40301,34,,,1,13,,40289,34,,,1,10,,40261,34,,,1,13,,40272,34,,,1,14,,40304,34,,,1,53,,40297,34,,,1,11,,40263,34,,,1,11,,40280,34,,,1,12,,40273,34,,,1,9,,40302,34,,,1,11,,40287,34,,,1,48,,40267,34,,,1,12,,40262,34,,,1,10,,40303,34,,,1,12,,40271,34,,,1,10,,40266,34,,,1,50,,40276,34,,,1,30,,40291,34,,,1,69,,40296,34,,,1,31,,40283,34,,,1,69,,40269,34,,,1,30,,40290,34,,,1,28,,40281,34,,,1,70,,40284,34,,,1,28,,40270,34,,,1,70,,40285,34,,,1,29,,40282,34,,,1,69,,40265,34,,,1,30,,40288,34,,,1
5800,'Semaine-1-_26ÉTÉ-1111100-',834,,40532,21,,,1,398,,40533,21,,,1,301,,40535,21,,,1,71,,40530,21,,,1,30,,40531,21,,,1,70,,40534,21,,,2,29,,40529,21,,,1,69,,40528,21,,,2
5800,'Semaine-10-_26ÉTÉ-1111100-',834,,40540,21,,,1,398,,40541,21,,,1,301,,40543,21,,,1,71,,40538,21,,,1,30,,40539,21,,,1,70,,40542,21,,,2,29,,40537,21,,,1,69,,40536,21,,,2
5900,'Samedi-0-_26ÉTÉ-0000010-',733,,40562,34,,,1,70,,40565,34,,,1,30,,40558,34,,,1,70,,40564,34,,,1,30,,40561,34,,,1,70,,40566,34,,,1,30,,40570,34,,,1,70,,40571,34,,,1,30,,40560,34,,,1,70,,40559,34,,,1,31,,40569,34,,,1,70,,40563,34,,,1,30,,40567,34,,,1,71,,40572,34,,,1,30,,40568,34,,,1,70,,40573,34,,,1,30,,40574,34,,,1,69,,40575,34,,,1,30,,40576,34,,,1,73,,40577,34,,,1,28,,40578,34,,,1,70,,40579,34,,,1,29,,40580,34,,,1,70,,40581,34,,,1,30,,40582,34,,,1,69,,40584,34,,,1,30,,40583,34,,,1,70,,40586,34,,,1,30,,40585,34,,,1,70,,40587,34,,,1,29,,40588,34,,,1,70,,40590,34,,,1,30,,40589,34,,,1,70,,40591,34,,,1
5900,'Dimanche-0-_26ÉTÉ-0000001-',733,,40598,34,,,1,70,,40593,34,,,1,30,,40596,34,,,1,70,,40601,34,,,1,30,,40605,34,,,1,70,,40594,34,,,1,30,,40597,34,,,1,70,,40603,34,,,1,30,,40604,34,,,1,70,,40592,34,,,1,31,,40595,34,,,1,70,,40600,34,,,1,30,,40602,34,,,1,71,,40599,34,,,1,30,,40607,34,,,1,70,,40612,34,,,1,30,,40606,34,,,1,69,,40617,34,,,1,30,,40618,34,,,1,73,,40609,34,,,1,28,,40613,34,,,1,70,,40624,34,,,1,29,,40608,34,,,1,70,,40614,34,,,1,30,,40610,34,,,1,69,,40615,34,,,1,30,,40620,34,,,1,70,,40621,34,,,1,30,,40611,34,,,1,70,,40625,34,,,1,29,,40619,34,,,1,70,,40616,34,,,1,30,,40623,34,,,1,70,,40622,34,,,1
5900,'Dimanche-10-_26ÉTÉ-0000001-',733,,40632,34,,,1,70,,40627,34,,,1,30,,40630,34,,,1,70,,40635,34,,,1,30,,40639,34,,,1,70,,40628,34,,,1,30,,40631,34,,,1,70,,40637,34,,,1,30,,40638,34,,,1,70,,40626,34,,,1,31,,40629,34,,,1,70,,40634,34,,,1,30,,40636,34,,,1,71,,40633,34,,,1,30,,40641,34,,,1,70,,40646,34,,,1,30,,40640,34,,,1,69,,40651,34,,,1,30,,40652,34,,,1,73,,40643,34,,,1,28,,40647,34,,,1,70,,40658,34,,,1,29,,40642,34,,,1,70,,40648,34,,,1,30,,40644,34,,,1,69,,40649,34,,,1,30,,40654,34,,,1,70,,40655,34,,,1,30,,40645,34,,,1,70,,40659,34,,,1,29,,40653,34,,,1,70,,40650,34,,,1,30,,40657,34,,,1,70,,40656,34,,,1
5900,'Semaine-1-_26ÉTÉ-1111100-',646,,40667,34,,,1,105,,40702,34,,,1,100,,40683,34,,,1,83,,40679,34,,,1,68,,40700,34,,,1,30,,40676,34,,,1,70,,40699,34,,,1,30,,40690,34,,,1,70,,40684,34,,,1,32,,40692,34,,,1,70,,40675,34,,,1,30,,40703,34,,,1,70,,40666,34,,,1,31,,40697,34,,,1,14,,40668,34,,,1,57,,40701,34,,,1,31,,40661,34,,,1,14,,40705,34,,,1,56,,40660,34,,,1,8,,40695,34,,,1,17,,40691,34,,,1,7,,40704,29,,,1,6,,40678,34,,,1,13,,40662,34,,,1,46,,40706,29,,,1,8,,40663,34,,,1,10,,40671,34,,,1,7,,40698,34,,,1,17,,40687,34,,,1,9,,40674,34,,,1,48,,40696,34,,,1,11,,40682,34,,,1,12,,40694,34,,,1,9,,40664,34,,,1,11,,40669,34,,,1,71,,40689,34,,,1,29,,40680,34,,,1,70,,40685,34,,,1,29,,40673,34,,,1,70,,40681,34,,,1,30,,40686,34,,,1,68,,40693,34,,,1,30,,40670,34,,,1,70,,40688,34,,,1,29,,40677,34,,,1,71,,40665,34,,,1,27,,40672,34,,,1
5900,'Semaine-10-_26ÉTÉ-1111100-',646,,40714,34,,,1,105,,40749,34,,,1,100,,40730,34,,,1,83,,40726,34,,,1,68,,40747,34,,,1,30,,40723,34,,,1,70,,40746,34,,,1,30,,40737,34,,,1,70,,40731,34,,,1,32,,40739,34,,,1,70,,40722,34,,,1,30,,40750,34,,,1,70,,40713,34,,,1,31,,40744,34,,,1,14,,40715,34,,,1,57,,40748,34,,,1,31,,40708,34,,,1,14,,40752,34,,,1,56,,40707,34,,,1,8,,40742,34,,,1,17,,40738,34,,,1,7,,40751,29,,,1,6,,40725,34,,,1,13,,40709,34,,,1,46,,40753,29,,,1,8,,40710,34,,,1,10,,40718,34,,,1,7,,40745,34,,,1,17,,40734,34,,,1,9,,40721,34,,,1,48,,40743,34,,,1,11,,40729,34,,,1,12,,40741,34,,,1,9,,40711,34,,,1,11,,40716,34,,,1,71,,40736,34,,,1,29,,40727,34,,,1,70,,40732,34,,,1,29,,40720,34,,,1,70,,40728,34,,,1,30,,40733,34,,,1,68,,40740,34,,,1,30,,40717,34,,,1,70,,40735,34,,,1,29,,40724,34,,,1,71,,40712,34,,,1,27,,40719,34,,,1
80001,'Samedi-0-_26ÉTÉ-0000010-',644,,45237,36,,,1,100,,45239,36,,,1,99,,45240,36,,,2,100,,45243,36,,,1,102,,45238,36,,,2,100,,45241,36,,,1,100,,45244,36,,,1,99,,45242,36,,,2,100,,45245,36,,,1,100,,45246,36,,,1,100,,45247,36,,,2,100,,45248,36,,,1,97,,45251,36,,,1,101,,45249,36,,,2,100,,45250,36,,,2,100,,45252,36,,,1,101,,45253,36,,,1
80001,'Dimanche-0-_26ÉTÉ-0000001-',644,,45254,36,,,1,100,,45255,36,,,1,99,,45259,36,,,2,100,,45256,36,,,1,102,,45260,36,,,2,100,,45257,36,,,1,100,,45258,36,,,1,99,,45262,36,,,2,100,,45261,36,,,1,100,,45263,36,,,1,100,,45265,36,,,2,100,,45266,36,,,1,97,,45267,36,,,1,101,,45264,36,,,2,100,,45268,36,,,2,100,,45269,36,,,1,101,,45270,36,,,1
80001,'Dimanche-10-_26ÉTÉ-0000001-',644,,45271,36,,,1,100,,45272,36,,,1,99,,45276,36,,,2,100,,45273,36,,,1,102,,45277,36,,,2,100,,45274,36,,,1,100,,45275,36,,,1,99,,45279,36,,,2,100,,45278,36,,,1,100,,45280,36,,,1,100,,45282,36,,,2,100,,45283,36,,,1,97,,45284,36,,,1,101,,45281,36,,,2,100,,45285,36,,,2,100,,45286,36,,,1,101,,45287,36,,,1
80001,'Semaine-1-_26ÉTÉ-1111100-',634,,45310,36,,,1,70,,45296,36,,,1,32,,45316,36,,,1,70,,45300,36,,,2,32,,45290,36,,,2,66,,45307,36,,,2,28,,45304,36,,,2,70,,45312,36,,,1,30,,45317,36,,,2,70,,45303,36,,,1,30,,45311,36,,,1,70,,45293,36,,,1,30,,45321,36,,,1,70,,45320,36,,,2,34,,45291,36,,,2,70,,45314,36,,,1,30,,45302,36,,,1,71,,45308,36,,,1,33,,45318,36,,,1,69,,45305,36,,,2,18,,45315,36,,,1,20,,45322,36,,,2,68,,45313,36,,,1,26,,45306,36,,,1,69,,45294,36,,,1,26,,45298,36,,,1,67,,45288,36,,,1,30,,45319,36,,,1,71,,45295,36,,,1,27,,45297,36,,,1,69,,45301,36,,,1,30,,45289,36,,,2,70,,45309,36,,,1,33,,45292,36,,,1,70,,45299,36,,,1
80001,'Semaine-10-_26ÉTÉ-1111100-',634,,45345,36,,,1,70,,45331,36,,,1,32,,45351,36,,,1,70,,45335,36,,,2,32,,45325,36,,,2,66,,45342,36,,,2,28,,45339,36,,,2,70,,45347,36,,,1,30,,45352,36,,,2,70,,45338,36,,,1,30,,45346,36,,,1,70,,45328,36,,,1,30,,45356,36,,,1,70,,45355,36,,,2,34,,45326,36,,,2,70,,45349,36,,,1,30,,45337,36,,,1,71,,45343,36,,,1,33,,45353,36,,,1,69,,45340,36,,,2,18,,45350,36,,,1,20,,45357,36,,,2,68,,45348,36,,,1,26,,45341,36,,,1,69,,45329,36,,,1,26,,45333,36,,,1,67,,45323,36,,,1,30,,45354,36,,,1,71,,45330,36,,,1,27,,45332,36,,,1,69,,45336,36,,,1,30,,45324,36,,,2,70,,45344,36,,,1,33,,45327,36,,,1,70,,45334,36,,,1
