2600,'Semaine-4',1557,,32651,17,,,1,72,,32650,17,,,1,29,,32649,17,,,2,70,,32652,17,,,1,27,,32653,17,,,1
2800,'Semaine-4',1556,,32668,12,,,2,79,,32669,12,,,1,94,,32670,12,,,2
2900,'Semaine-4',1551,,32677,17,,,2,72,,32676,17,,,1,32,,32674,17,,,1,65,,32678,17,,,2,30,,32675,17,,,1
3200,'Semaine-4',634,,32890,18,,,1,70,,32889,18,,,1,30,,32885,18,,,1,72,,32887,18,,,1,29,,32886,18,,,1,70,,32888,18,,,1,30,,32861,18,,,1,70,,32856,18,,,2,30,,32857,18,,,2,70,,32868,18,,,1,30,,32862,18,,,1,68,,32848,18,,,1,31,,32849,18,,,1,71,,32860,18,,,1,30,,32863,18,,,1,69,,32869,18,,,1,31,,32850,18,,,1,70,,32895,18,,,1,17,,32847,18,,,2,10,,32877,18,,,1,12,,32867,18,,,1,10,,32873,18,,,1,50,,32874,18,,,1,10,,32892,18,,,1,10,,32893,18,,,1,10,,32894,18,,,1,10,,32891,18,,,2,10,,32864,18,,,2,50,,32875,18,,,1,10,,32883,18,,,1,10,,32876,18,,,2,8,,32853,18,,,2,9,,32884,18,,,2,11,,32870,18,,,1,50,,32872,18,,,2,10,,32871,18,,,2,19,,32865,18,,,1,25,,32859,18,,,1,70,,32854,18,,,2,30,,32851,18,,,1,70,,32866,18,,,1,28,,32858,18,,,1,72,,32855,18,,,2,30,,32852,18,,,1,70,,32878,18,,,1,30,,32879,18,,,1,67,,32880,18,,,2,30,,32881,18,,,1,70,,32882,18,,,1
3400,'Samedi-3',734,,33104,18,,,1,104,,33109,18,,,1,70,,33105,18,,,2,31,,33111,18,,,1,70,,33112,18,,,1,30,,33106,18,,,1,70,,33107,18,,,1,30,,33108,18,,,1,70,,33110,18,,,2,30,,33113,18,,,1,70,,33115,18,,,1,31,,33114,18,,,2,70,,33116,18,,,1,30,,33117,18,,,1,70,,33118,18,,,1,29,,33119,18,,,1,70,,33120,18,,,1,30,,33121,18,,,1,70,,33122,18,,,1,30,,33123,18,,,1,70,,33124,18,,,1,30,,33125,18,,,1,70,,33126,18,,,2,30,,33127,18,,,1,70,,33128,18,,,1,30,,33129,18,,,1,70,,33130,18,,,1,30,,33131,18,,,1,70,,33132,18,,,1,29,,33134,18,,,1,71,,33133,18,,,1,29,,33136,18,,,1,70,,33135,18,,,1,27,,33137,18,,,1
3400,'Dimanche-3',734,,33142,18,,,1,104,,33146,18,,,1,70,,33144,18,,,2,31,,33139,18,,,1,70,,33147,18,,,1,30,,33150,18,,,1,70,,33149,18,,,1,30,,33138,18,,,1,70,,33140,18,,,2,30,,33151,18,,,1,70,,33141,18,,,1,31,,33143,18,,,2,70,,33145,18,,,1,30,,33154,18,,,1,70,,33148,18,,,1,29,,33152,18,,,1,70,,33155,18,,,1,30,,33159,18,,,1,70,,33164,18,,,1,30,,33156,18,,,1,70,,33157,18,,,1,30,,33167,18,,,1,70,,33158,18,,,2,30,,33163,18,,,1,70,,33153,18,,,1,30,,33160,18,,,1,70,,33162,18,,,1,30,,33165,18,,,1,70,,33171,18,,,1,29,,33166,18,,,1,71,,33168,18,,,1,29,,33161,18,,,1,70,,33169,18,,,1,27,,33170,18,,,1
3400,'Semaine-4',615,,33202,18,,,1,30,,33187,18,,,1,71,,33181,18,,,1,37,,33185,18,,,1,68,,33176,18,,,1,29,,33196,18,,,1,70,,33182,18,,,1,28,,33172,18,,,1,70,,33177,18,,,1,30,,33178,18,,,1,70,,33183,18,,,1,30,,33173,18,,,1,70,,33203,18,,,1,30,,33179,18,,,1,70,,33184,18,,,1,30,,33174,18,,,1,72,,33200,18,,,1,30,,33175,18,,,1,65,,33201,18,,,2,306,,33199,18,,,2,20,,33188,18,,,1,68,,33180,18,,,1,30,,33192,18,,,1,70,,33198,18,,,1,30,,33189,18,,,2,70,,33191,18,,,1,30,,33193,18,,,1,70,,33186,18,,,1,30,,33195,18,,,1,70,,33190,18,,,1,28,,33194,18,,,1,70,,33197,18,,,1
5600,'Semaine-4',649,,34437,30,,,1,62,,34435,30,,,1,3,,34439,30,,,1,33,,34438,30,,,2,72,,34432,30,,,1,100,,34431,30,,,1,107,,34433,30,,,1,98,,34436,30,,,1,102,,34434,30,,,1
32900,'Semaine-4',812,,36465,10,0,7 8,1
42900,'Semaine-4',708,,37074,3,0,9 14,1,2,,37075,3,0,9 14,1
55400,'Semaine-4',710,,37098,20,0,5 6,1
73400,'Semaine-4',1628,,37129,12,0,5 11,1
82900,'Semaine-4',1537,,37294,15,0,9 12 13,1
