4001,'Semaine-1-_26ÉTÉ-1111100-',616,,25270,30,,,2,32,,25269,30,,,2,71,,25272,30,,,2,32,,25268,30,,,1,69,,25267,30,,,2,26,,25271,30,,,2
4001,'Semaine-10-_26ÉTÉ-1111100-',616,,28253,30,,,2,32,,28252,30,,,2,71,,28255,30,,,2,32,,28251,30,,,1,69,,28250,30,,,2,26,,28254,30,,,2
4101,'Semaine-1-_26ÉTÉ-1111100-',641,,25280,21,,,2,71,,25281,21,,,2,31,,25282,21,,,2,69,,25279,21,,,1,29,,25278,21,,,2
4101,'Semaine-10-_26ÉTÉ-1111100-',641,,28263,21,,,2,71,,28264,21,,,2,31,,28265,21,,,2,69,,28262,21,,,1,29,,28261,21,,,2
4701,'Semaine-1-_26ÉTÉ-1111100-',620,,25304,17,,,2,85,,25305,17,,,2,45,,25302,17,,,2,68,,25303,17,,,2
4701,'Semaine-10-_26ÉTÉ-1111100-',620,,28287,17,,,2,85,,28288,17,,,2,45,,28285,17,,,2,68,,28286,17,,,2
4900,'Samedi-0-_26ÉTÉ-0000010-',719,,28293,18,,,1,100,,28294,18,,,1,103,,28291,18,,,1,100,,28295,18,,,1,100,,28292,18,,,1,100,,28296,18,,,1,99,,28297,18,,,1,104,,28298,18,,,1,97,,28299,18,,,1,100,,28300,18,,,1,100,,28301,18,,,1,97,,28302,18,,,1,100,,28303,18,,,1,100,,28304,18,,,1,100,,28305,18,,,1,100,,28306,18,,,1,101,,28307,18,,,1
4900,'Dimanche-0-_26ÉTÉ-0000001-',719,,28308,18,,,1,100,,28311,18,,,1,103,,28309,18,,,1,100,,28312,18,,,1,100,,28314,18,,,1,100,,28318,18,,,1,99,,28316,18,,,1,104,,28315,18,,,1,97,,28310,18,,,1,100,,28320,18,,,1,100,,28317,18,,,1,97,,28319,18,,,1,100,,28324,18,,,1,100,,28313,18,,,1,100,,28322,18,,,1,100,,28323,18,,,1,101,,28321,18,,,1
4900,'Semaine-1-_26ÉTÉ-1111100-',638,,25332,18,,,1,20,,25338,18,,,1,66,,25335,18,,,1,32,,25336,18,,,1,77,,25331,18,,,1,72,,25327,18,,,1,32,,25319,18,,,1,70,,25337,18,,,1,31,,25333,18,,,1,72,,25329,18,,,1,30,,25308,18,,,1,70,,25328,18,,,1,30,,25310,18,,,1,70,,25315,18,,,1,30,,25317,18,,,1,71,,25320,18,,,1,30,,25334,18,,,1,71,,25318,18,,,1,30,,25321,18,,,1,70,,25313,18,,,1,31,,25324,18,,,1,69,,25316,18,,,1,30,,25314,18,,,1,70,,25330,18,,,1,28,,25325,18,,,1,99,,25309,18,,,1,101,,25326,18,,,1,100,,25323,18,,,1,98,,25311,18,,,1,98,,25322,18,,,1,100,,25312,18,,,1
4900,'Semaine-10-_26ÉTÉ-1111100-',638,,28349,18,,,1,20,,28355,18,,,1,66,,28352,18,,,1,32,,28353,18,,,1,77,,28348,18,,,1,72,,28344,18,,,1,32,,28336,18,,,1,70,,28354,18,,,1,31,,28350,18,,,1,72,,28346,18,,,1,30,,28325,18,,,1,70,,28345,18,,,1,30,,28327,18,,,1,70,,28332,18,,,1,30,,28334,18,,,1,71,,28337,18,,,1,30,,28351,18,,,1,71,,28335,18,,,1,30,,28338,18,,,1,70,,28330,18,,,1,31,,28341,18,,,1,69,,28333,18,,,1,30,,28331,18,,,1,70,,28347,18,,,1,28,,28342,18,,,1,99,,28326,18,,,1,101,,28343,18,,,1,100,,28340,18,,,1,98,,28328,18,,,1,98,,28339,18,,,1,100,,28329,18,,,1
5501,'Samedi-0-_26ÉTÉ-0000010-',704,,28663,28,,,1,30,,28666,28,,,1,70,,28665,28,,,1,30,,28675,28,,,1,70,,28664,28,,,1,30,,28667,28,,,1,70,,28668,28,,,1,30,,28674,28,,,1,72,,28670,28,,,1,30,,28671,28,,,1,71,,28669,28,,,1,28,,28677,28,,,1,70,,28676,28,,,1,30,,28672,28,,,1,70,,28673,28,,,1,30,,28678,28,,,1,70,,28679,28,,,1,30,,28680,28,,,1,70,,28681,28,,,1,30,,28682,28,,,1,70,,28683,28,,,1,30,,28684,28,,,1,70,,28685,28,,,1,28,,28686,28,,,1,70,,28687,28,,,1,30,,28688,28,,,1,70,,28689,28,,,1,29,,28690,28,,,1,70,,28691,28,,,1,30,,28693,28,,,1,69,,28692,28,,,1,32,,28695,28,,,1,68,,28694,28,,,1
5501,'Dimanche-0-_26ÉTÉ-0000001-',704,,28697,28,,,1,30,,28702,28,,,1,70,,28698,28,,,1,30,,28706,28,,,1,70,,28709,28,,,1,30,,28701,28,,,1,70,,28713,28,,,1,30,,28707,28,,,1,72,,28708,28,,,1,30,,28699,28,,,1,71,,28696,28,,,1,28,,28703,28,,,1,70,,28710,28,,,1,30,,28700,28,,,1,70,,28711,28,,,1,30,,28705,28,,,1,70,,28704,28,,,1,30,,28714,28,,,1,70,,28718,28,,,1,30,,28712,28,,,1,70,,28715,28,,,1,30,,28725,28,,,1,70,,28722,28,,,1,28,,28727,28,,,1,70,,28728,28,,,1,30,,28716,28,,,1,70,,28719,28,,,1,29,,28717,28,,,1,70,,28720,28,,,1,30,,28721,28,,,1,69,,28724,28,,,1,32,,28726,28,,,1,68,,28723,28,,,1
5501,'Semaine-1-_26ÉTÉ-1111100-',521,,25481,28,,,1,15,,25488,28,,,1,14,,25487,28,,,1,57,,25471,28,,,1,15,,25509,28,,,1,23,,25508,28,,,1,7,,25468,28,,,1,52,,25513,28,,,1,15,,25494,28,,,1,13,,25502,28,,,1,14,,25472,28,,,1,11,,25476,28,,,1,52,,25474,28,,,1,9,,25503,28,,,1,6,,25505,28,,,1,13,,25482,28,,,1,69,,25486,28,,,1,12,,25473,28,,,1,11,,25507,28,,,1,29,,25500,28,,,1,71,,25504,28,,,1,27,,25470,28,,,1,72,,25477,28,,,1,30,,25490,28,,,1,70,,25501,28,,,1,29,,25497,28,,,1,70,,25478,28,,,1,30,,25510,28,,,1,70,,25469,28,,,1,30,,25475,28,,,1,90,,25479,28,,,1,100,,25484,28,,,1,100,,25489,28,,,1,101,,25506,28,,,1,60,,25495,28,,,1,30,,25483,28,,,1,70,,25499,28,,,1,30,,25492,28,,,1,70,,25511,28,,,1,30,,25485,28,,,1,70,,25491,28,,,1,31,,25493,28,,,1,70,,25480,28,,,1,30,,25498,28,,,1,70,,25496,28,,,1
5501,'Semaine-10-_26ÉTÉ-1111100-',521,,28742,28,,,1,15,,28749,28,,,1,14,,28748,28,,,1,57,,28732,28,,,1,15,,28770,28,,,1,23,,28769,28,,,1,7,,28729,28,,,1,52,,28774,28,,,1,15,,28755,28,,,1,13,,28763,28,,,1,14,,28733,28,,,1,11,,28737,28,,,1,52,,28735,28,,,1,9,,28764,28,,,1,6,,28766,28,,,1,13,,28743,28,,,1,69,,28747,28,,,1,12,,28734,28,,,1,11,,28768,28,,,1,29,,28761,28,,,1,71,,28765,28,,,1,27,,28731,28,,,1,72,,28738,28,,,1,30,,28751,28,,,1,70,,28762,28,,,1,29,,28758,28,,,1,70,,28739,28,,,1,30,,28771,28,,,1,70,,28730,28,,,1,30,,28736,28,,,1,90,,28740,28,,,1,100,,28745,28,,,1,100,,28750,28,,,1,101,,28767,28,,,1,60,,28756,28,,,1,30,,28744,28,,,1,70,,28760,28,,,1,30,,28753,28,,,1,70,,28772,28,,,1,30,,28746,28,,,1,70,,28752,28,,,1,31,,28754,28,,,1,70,,28741,28,,,1,30,,28759,28,,,1,70,,28757,28,,,1
5801,'Semaine-1-_26ÉTÉ-1111100-',559,,25540,16,,,1,72,,25544,16,,,2,70,,25542,16,,,1,30,,25541,16,,,1,70,,25538,16,,,1,30,,25543,16,,,1,802,,25539,16,,,1
5801,'Semaine-10-_26ÉTÉ-1111100-',559,,28801,16,,,1,72,,28805,16,,,2,70,,28803,16,,,1,30,,28802,16,,,1,70,,28799,16,,,1,30,,28804,16,,,1,802,,28800,16,,,1
5901,'Samedi-0-_26ÉTÉ-0000010-',715,,28921,17,,,1,30,,28928,17,,,1,71,,28925,17,,,1,30,,28930,17,,,1,70,,28922,17,,,1,30,,28927,17,,,1,70,,28926,17,,,1,30,,28929,17,,,1,70,,28933,17,,,1,30,,28934,17,,,1,70,,28923,17,,,1,30,,28924,17,,,1,70,,28932,17,,,1,30,,28931,17,,,1,71,,28935,17,,,1,30,,28936,17,,,1,70,,28937,17,,,1,30,,28938,17,,,1,70,,28939,17,,,1,30,,28940,17,,,1,70,,28941,17,,,1,30,,28942,17,,,1,70,,28943,17,,,1,29,,28944,17,,,1,69,,28945,17,,,1,30,,28947,17,,,1,70,,28946,17,,,1,30,,28948,17,,,1,70,,28949,17,,,1,30,,28950,17,,,1,70,,28952,17,,,1,29,,28951,17,,,1
5901,'Dimanche-0-_26ÉTÉ-0000001-',715,,28959,17,,,1,30,,28962,17,,,1,71,,28964,17,,,1,30,,28955,17,,,1,70,,28958,17,,,1,30,,28961,17,,,1,70,,28965,17,,,1,30,,28953,17,,,1,70,,28956,17,,,1,30,,28970,17,,,1,70,,28963,17,,,1,30,,28954,17,,,1,70,,28957,17,,,1,30,,28960,17,,,1,71,,28967,17,,,1,30,,28966,17,,,1,70,,28969,17,,,1,30,,28971,17,,,1,70,,28968,17,,,1,30,,28977,17,,,1,70,,28978,17,,,1,30,,28974,17,,,1,70,,28973,17,,,1,29,,28983,17,,,1,69,,28980,17,,,1,30,,28981,17,,,1,70,,28972,17,,,1,30,,28975,17,,,1,70,,28979,17,,,1,30,,28976,17,,,1,70,,28982,17,,,1,29,,28984,17,,,1
5901,'Semaine-1-_26ÉTÉ-1111100-',514,,25596,17,,,1,14,,25632,17,,,1,15,,25605,17,,,1,15,,25626,17,,,1,56,,25606,17,,,1,15,,25595,17,,,1,8,,25597,17,,,1,21,,25600,17,,,1,64,,25603,17,,,1,18,,25604,17,,,1,11,,25599,17,,,1,52,,25628,17,,,1,8,,25614,17,,,1,10,,25619,17,,,1,13,,25593,17,,,1,12,,25609,17,,,1,13,,25594,17,,,1,52,,25612,17,,,1,32,,25638,17,,,1,70,,25633,17,,,1,30,,25620,17,,,1,70,,25602,17,,,1,30,,25613,17,,,1,70,,25616,17,,,1,30,,25601,17,,,1,70,,25630,17,,,1,30,,25592,17,,,1,70,,25634,17,,,1,30,,25624,17,,,1,75,,25627,17,,,1,99,,25631,17,,,1,101,,25611,17,,,1,100,,25618,17,,,1,35,,25623,17,,,1,70,,25610,17,,,1,30,,25617,17,,,1,70,,25622,17,,,1,30,,25629,17,,,1,70,,25607,17,,,1,30,,25625,17,,,1,71,,25615,17,,,1,30,,25598,17,,,1,70,,25608,17,,,1,30,,25621,17,,,1
5901,'Semaine-10-_26ÉTÉ-1111100-',514,,28989,17,,,1,14,,29025,17,,,1,15,,28998,17,,,1,15,,29019,17,,,1,56,,28999,17,,,1,15,,28988,17,,,1,8,,28990,17,,,1,21,,28993,17,,,1,64,,28996,17,,,1,18,,28997,17,,,1,11,,28992,17,,,1,52,,29021,17,,,1,8,,29007,17,,,1,10,,29012,17,,,1,13,,28986,17,,,1,12,,29002,17,,,1,13,,28987,17,,,1,52,,29005,17,,,1,32,,29031,17,,,1,70,,29026,17,,,1,30,,29013,17,,,1,70,,28995,17,,,1,30,,29006,17,,,1,70,,29009,17,,,1,30,,28994,17,,,1,70,,29023,17,,,1,30,,28985,17,,,1,70,,29027,17,,,1,30,,29017,17,,,1,75,,29020,17,,,1,99,,29024,17,,,1,101,,29004,17,,,1,100,,29011,17,,,1,35,,29016,17,,,1,70,,29003,17,,,1,30,,29010,17,,,1,70,,29015,17,,,1,30,,29022,17,,,1,70,,29000,17,,,1,30,,29018,17,,,1,71,,29008,17,,,1,30,,28991,17,,,1,70,,29001,17,,,1,30,,29014,17,,,1
80000,'Samedi-0-_26ÉTÉ-0000010-',722,,31394,21,,,2,100,,31395,21,,,1,100,,31396,21,,,2,101,,31398,21,,,1,100,,31399,21,,,2,100,,31397,21,,,2,100,,31400,21,,,1,100,,31401,21,,,2,100,,31402,21,,,1,100,,31403,21,,,2,100,,31404,21,,,2,100,,31405,21,,,1,100,,31408,21,,,1,99,,31406,21,,,1,100,,31407,21,,,2,99,,31409,21,,,1,100,,31410,21,,,1
80000,'Dimanche-0-_26ÉTÉ-0000001-',722,,31415,21,,,2,100,,31411,21,,,1,100,,31416,21,,,2,101,,31412,21,,,1,100,,31413,21,,,2,100,,31417,21,,,2,100,,31414,21,,,1,100,,31419,21,,,2,100,,31418,21,,,1,100,,31420,21,,,2,100,,31423,21,,,2,100,,31421,21,,,1,100,,31422,21,,,1,99,,31424,21,,,1,100,,31425,21,,,2,99,,31427,21,,,1,100,,31426,21,,,1
80000,'Semaine-1-_26ÉTÉ-1111100-',557,,26927,21,,,1,71,,26909,21,,,2,31,,26900,21,,,1,70,,26922,21,,,1,71,,26910,21,,,1,18,,26899,21,,,1,30,,26924,21,,,2,70,,26902,21,,,2,30,,26919,21,,,2,70,,26913,21,,,2,29,,26931,21,,,1,70,,26901,21,,,1,29,,26917,21,,,2,71,,26915,21,,,1,31,,26930,21,,,1,68,,26912,21,,,1,32,,26925,21,,,2,70,,26914,21,,,2,31,,26921,21,,,1,70,,26920,21,,,1,31,,26916,21,,,1,72,,26928,21,,,1,29,,26903,21,,,2,69,,26911,21,,,1,30,,26905,21,,,2,70,,26926,21,,,1,28,,26904,21,,,1,70,,26908,21,,,1,29,,26897,21,,,1,70,,26929,21,,,1,30,,26906,21,,,1,69,,26907,21,,,1,30,,26923,21,,,1,69,,26898,21,,,1,30,,26918,21,,,1
80000,'Semaine-10-_26ÉTÉ-1111100-',557,,31458,21,,,1,71,,31440,21,,,2,31,,31431,21,,,1,70,,31453,21,,,1,71,,31441,21,,,1,18,,31430,21,,,1,30,,31455,21,,,2,70,,31433,21,,,2,30,,31450,21,,,2,70,,31444,21,,,2,29,,31462,21,,,1,70,,31432,21,,,1,29,,31448,21,,,2,71,,31446,21,,,1,31,,31461,21,,,1,68,,31443,21,,,1,32,,31456,21,,,2,70,,31445,21,,,2,31,,31452,21,,,1,70,,31451,21,,,1,31,,31447,21,,,1,72,,31459,21,,,1,29,,31434,21,,,2,69,,31442,21,,,1,30,,31436,21,,,2,70,,31457,21,,,1,28,,31435,21,,,1,70,,31439,21,,,1,29,,31428,21,,,1,70,,31460,21,,,1,30,,31437,21,,,1,69,,31438,21,,,1,30,,31454,21,,,1,69,,31429,21,,,1,30,,31449,21,,,1
