2701,'Semaine-1-_26ÉTÉ-1111100-',629,,37415,30,,,1,87,,37416,30,,,1,86,,37413,30,,,1,29,,37414,30,,,1
2701,'Semaine-10-_26ÉTÉ-1111100-',629,,37419,30,,,1,87,,37420,30,,,1,86,,37417,30,,,1,29,,37418,30,,,1
2701,'Semaine-11-_26ÉTÉ-1111100-',629,,45413,30,,,1,87,,45414,30,,,1,86,,45411,30,,,1,29,,45412,30,,,1
2701,'Semaine-5-_26ÉTÉ-1111100-',629,,49984,30,,,1,87,,49985,30,,,1,86,,49982,30,,,1,29,,49983,30,,,1
3901,'Samedi-0-_26ÉTÉ-0000010-',615,,39431,14,,,1,100,,39433,14,,,1,100,,39437,14,,,1,101,,39436,14,,,1,100,,39439,14,,,1,100,,39438,14,,,1,100,,39434,14,,,1,30,,39432,14,,,1,70,,39440,14,,,1,30,,39435,14,,,2,70,,39441,14,,,1,30,,39442,14,,,1,70,,39443,14,,,2,30,,39444,14,,,1,70,,39445,14,,,1,30,,39446,14,,,1,70,,39447,14,,,1,30,,39448,14,,,1,70,,39449,14,,,1,30,,39450,14,,,1,100,,39451,14,,,1,100,,39452,14,,,1,100,,39453,14,,,1,100,,39454,14,,,1
3901,'Dimanche-0-_26ÉTÉ-0000001-',615,,39455,14,,,1,100,,39462,14,,,1,100,,39456,14,,,1,101,,39459,14,,,1,100,,39464,14,,,1,100,,39457,14,,,1,100,,39463,14,,,1,30,,39458,14,,,1,70,,39460,14,,,1,30,,39465,14,,,2,70,,39467,14,,,1,30,,39461,14,,,1,70,,39466,14,,,2,30,,39468,14,,,1,70,,39469,14,,,1,30,,39474,14,,,1,70,,39476,14,,,1,30,,39478,14,,,1,70,,39475,14,,,1,30,,39472,14,,,1,100,,39473,14,,,1,100,,39477,14,,,1,100,,39470,14,,,1,100,,39471,14,,,1
3901,'Dimanche-10-_26ÉTÉ-0000001-',615,,39479,14,,,1,100,,39486,14,,,1,100,,39480,14,,,1,101,,39483,14,,,1,100,,39488,14,,,1,100,,39481,14,,,1,100,,39487,14,,,1,30,,39482,14,,,1,70,,39484,14,,,1,30,,39489,14,,,2,70,,39491,14,,,1,30,,39485,14,,,1,70,,39490,14,,,2,30,,39492,14,,,1,70,,39493,14,,,1,30,,39498,14,,,1,70,,39500,14,,,1,30,,39502,14,,,1,70,,39499,14,,,1,30,,39496,14,,,1,100,,39497,14,,,1,100,,39501,14,,,1,100,,39494,14,,,1,100,,39495,14,,,1
3901,'Dimanche-11-_26ÉTÉ-0000001-',615,,49112,14,,,1,100,,49119,14,,,1,100,,49113,14,,,1,101,,49116,14,,,1,100,,49121,14,,,1,100,,49114,14,,,1,100,,49120,14,,,1,30,,49115,14,,,1,70,,49117,14,,,1,30,,49122,14,,,2,70,,49124,14,,,1,30,,49118,14,,,1,70,,49123,14,,,2,30,,49125,14,,,1,70,,49126,14,,,1,30,,49131,14,,,1,70,,49133,14,,,1,30,,49135,14,,,1,70,,49132,14,,,1,30,,49129,14,,,1,100,,49130,14,,,1,100,,49134,14,,,1,100,,49127,14,,,1,100,,49128,14,,,1
3901,'Semaine-1-_26ÉTÉ-1111100-',636,,39525,14,,,2,66,,39514,14,,,1,36,,39515,14,,,1,74,,39511,14,,,1,33,,39517,14,,,1,70,,39519,14,,,1,30,,39526,14,,,1,70,,39537,14,,,1,30,,39532,14,,,2,70,,39527,14,,,1,30,,39512,14,,,1,71,,39521,14,,,2,30,,39528,14,,,1,69,,39513,14,,,1,30,,39510,14,,,2,72,,39529,14,,,1,29,,39522,14,,,2,71,,39503,14,,,1,31,,39530,14,,,2,71,,39508,14,,,1,30,,39505,14,,,1,70,,39533,14,,,1,28,,39518,14,,,1,71,,39524,14,,,1,31,,39509,14,,,2,72,,39531,14,,,1,25,,39504,14,,,2,66,,39534,14,,,1,30,,39507,14,,,1,70,,39523,14,,,1,32,,39535,14,,,1,70,,39506,14,,,1,30,,39516,14,,,1,73,,39536,14,,,1,30,,39520,14,,,1
3901,'Semaine-10-_26ÉTÉ-1111100-',636,,39560,14,,,2,66,,39549,14,,,1,36,,39550,14,,,1,74,,39546,14,,,1,33,,39552,14,,,1,70,,39554,14,,,1,30,,39561,14,,,1,70,,39572,14,,,1,30,,39567,14,,,2,70,,39562,14,,,1,30,,39547,14,,,1,71,,39556,14,,,2,30,,39563,14,,,1,69,,39548,14,,,1,30,,39545,14,,,2,72,,39564,14,,,1,29,,39557,14,,,2,71,,39538,14,,,1,31,,39565,14,,,2,71,,39543,14,,,1,30,,39540,14,,,1,70,,39568,14,,,1,28,,39553,14,,,1,71,,39559,14,,,1,31,,39544,14,,,2,72,,39566,14,,,1,25,,39539,14,,,2,66,,39569,14,,,1,30,,39542,14,,,1,70,,39558,14,,,1,32,,39570,14,,,1,70,,39541,14,,,1,30,,39551,14,,,1,73,,39571,14,,,1,30,,39555,14,,,1
3901,'Semaine-11-_26ÉTÉ-1111100-',636,,46334,14,,,2,66,,46323,14,,,1,36,,46324,14,,,1,74,,46320,14,,,1,33,,46326,14,,,1,70,,46328,14,,,1,30,,46335,14,,,1,70,,46346,14,,,1,30,,46341,14,,,2,70,,46336,14,,,1,30,,46321,14,,,1,71,,46330,14,,,2,30,,46337,14,,,1,69,,46322,14,,,1,30,,46319,14,,,2,72,,46338,14,,,1,29,,46331,14,,,2,71,,46312,14,,,1,31,,46339,14,,,2,71,,46317,14,,,1,30,,46314,14,,,1,70,,46342,14,,,1,28,,46327,14,,,1,71,,46333,14,,,1,31,,46318,14,,,2,72,,46340,14,,,1,25,,46313,14,,,2,66,,46343,14,,,1,30,,46316,14,,,1,70,,46332,14,,,1,32,,46344,14,,,1,70,,46315,14,,,1,30,,46325,14,,,1,73,,46345,14,,,1,30,,46329,14,,,1
3901,'Semaine-5-_26ÉTÉ-1111100-',636,,50618,14,,,2,66,,50607,14,,,1,36,,50608,14,,,1,74,,50604,14,,,1,33,,50610,14,,,1,70,,50612,14,,,1,30,,50619,14,,,1,70,,50630,14,,,1,30,,50625,14,,,2,70,,50620,14,,,1,30,,50605,14,,,1,71,,50614,14,,,2,30,,50621,14,,,1,69,,50606,14,,,1,30,,50603,14,,,2,72,,50622,14,,,1,29,,50615,14,,,2,71,,50596,14,,,1,31,,50623,14,,,2,71,,50601,14,,,1,30,,50598,14,,,1,70,,50626,14,,,1,28,,50611,14,,,1,71,,50617,14,,,1,31,,50602,14,,,2,72,,50624,14,,,1,25,,50597,14,,,2,66,,50627,14,,,1,30,,50600,14,,,1,70,,50616,14,,,1,32,,50628,14,,,1,70,,50599,14,,,1,30,,50609,14,,,1,73,,50629,14,,,1,30,,50613,14,,,1
