2301,'Semaine-4',615,,32635,9,,,1,30,,32632,9,,,2,71,,32636,9,,,1,31,,32634,9,,,2,70,,32633,9,,,2
2501,'Semaine-4',602,,32647,16,,,1,30,,32646,16,,,1,70,,32644,16,,,1,30,,32645,16,,,2,70,,32648,16,,,1,30,,32643,16,,,1
2801,'Semaine-4',648,,32672,12,,,2,70,,32673,12,,,1,100,,32671,12,,,1
3201,'Semaine-4',515,,32943,12,,,1,21,,32942,12,,,1,19,,32934,12,,,1,60,,32944,12,,,1,9,,32924,12,,,1,9,,32945,12,,,1,10,,32925,12,,,2,10,,32926,12,,,1,49,,32918,12,,,1,9,,32921,12,,,1,7,,32947,12,,,1,9,,32927,12,,,1,9,,32922,12,,,1,9,,32935,12,,,1,8,,32917,12,,,2,6,,32928,12,,,1,48,,32946,12,,,1,9,,32916,12,,,1,11,,32915,12,,,1,11,,32920,12,,,1,6,,32923,12,,,1,10,,32929,12,,,2,61,,32903,12,,,2,30,,32913,12,,,1,70,,32906,12,,,1,30,,32909,12,,,2,70,,32902,12,,,2,30,,32912,12,,,1,70,,32907,12,,,1,30,,32914,12,,,1,71,,32896,12,,,1,29,,32901,12,,,1,71,,32908,12,,,1,30,,32919,12,,,1,70,,32936,12,,,1,30,,32937,12,,,1,70,,32938,12,,,2,30,,32939,12,,,2,71,,32940,12,,,1,29,,32941,12,,,1,70,,32899,12,,,2,30,,32897,12,,,1,69,,32910,12,,,1,30,,32905,12,,,1,70,,32900,12,,,2,30,,32898,12,,,1,70,,32911,12,,,1,30,,32904,12,,,1,70,,32931,12,,,2,30,,32930,12,,,1,70,,32932,12,,,1,30,,32933,12,,,1
3401,'Samedi-3',655,,33204,19,,,1,100,,33207,19,,,2,70,,33216,19,,,1,33,,33205,19,,,1,67,,33210,19,,,1,30,,33212,19,,,1,72,,33206,19,,,2,30,,33215,19,,,1,71,,33208,19,,,1,30,,33217,19,,,1,69,,33209,19,,,1,30,,33211,19,,,1,70,,33213,19,,,2,30,,33214,19,,,2,70,,33218,19,,,1,30,,33219,19,,,2,70,,33220,19,,,1,30,,33221,19,,,1,71,,33222,19,,,1,30,,33223,19,,,1,70,,33224,19,,,2,31,,33225,19,,,1,67,,33226,19,,,1,30,,33228,19,,,1,71,,33227,19,,,2,30,,33229,19,,,1,70,,33230,19,,,1,28,,33231,19,,,1,70,,33233,19,,,1,30,,33232,19,,,1,70,,33234,19,,,1,99,,33235,19,,,1
3401,'Dimanche-3',655,,33237,19,,,1,100,,33248,19,,,2,70,,33241,19,,,1,33,,33244,19,,,1,67,,33243,19,,,1,30,,33252,19,,,1,72,,33249,19,,,2,30,,33236,19,,,1,71,,33247,19,,,1,30,,33240,19,,,1,69,,33238,19,,,1,30,,33239,19,,,1,70,,33242,19,,,2,30,,33250,19,,,2,70,,33246,19,,,1,30,,33245,19,,,2,70,,33251,19,,,1,30,,33256,19,,,1,71,,33254,19,,,1,30,,33260,19,,,1,70,,33263,19,,,2,31,,33253,19,,,1,67,,33262,19,,,1,30,,33255,19,,,1,71,,33259,19,,,2,30,,33266,19,,,1,70,,33258,19,,,1,28,,33257,19,,,1,70,,33264,19,,,1,30,,33265,19,,,1,70,,33261,19,,,1,99,,33267,19,,,1
3401,'Semaine-4',903,,33293,19,,,1,27,,33273,19,,,1,70,,33277,19,,,1,30,,33297,19,,,1,70,,33270,19,,,1,30,,33274,19,,,1,70,,33278,19,,,1,30,,33268,19,,,1,70,,33271,19,,,1,30,,33275,19,,,1,70,,33279,19,,,1,30,,33272,19,,,1,71,,33294,19,,,1,29,,33269,19,,,1,70,,33295,19,,,1,31,,33296,19,,,2,69,,33290,19,,,1,30,,33286,19,,,1,70,,33276,19,,,1,30,,33283,19,,,1,70,,33292,19,,,1,30,,33280,19,,,1,70,,33282,19,,,1,30,,33284,19,,,1,70,,33288,19,,,1,30,,33281,19,,,1,70,,33287,19,,,1,30,,33285,19,,,1,70,,33289,19,,,1,30,,33291,19,,,1
4900,'Samedi-3',733,,33938,35,,,1,100,,33939,35,,,1,104,,33936,35,,,1,100,,33940,35,,,1,100,,33937,35,,,1,100,,33941,35,,,1,99,,33942,35,,,1,104,,33943,35,,,1,97,,33944,35,,,1,100,,33945,35,,,1,100,,33946,35,,,1,96,,33947,35,,,1,100,,33948,35,,,1,100,,33949,35,,,1,100,,33950,35,,,1,100,,33951,35,,,1,100,,33952,35,,,1
4900,'Dimanche-3',733,,33953,35,,,1,100,,33956,35,,,1,104,,33954,35,,,1,100,,33957,35,,,1,100,,33959,35,,,1,100,,33963,35,,,1,99,,33961,35,,,1,104,,33960,35,,,1,97,,33955,35,,,1,100,,33965,35,,,1,100,,33962,35,,,1,96,,33964,35,,,1,100,,33969,35,,,1,100,,33958,35,,,1,100,,33967,35,,,1,100,,33968,35,,,1,100,,33966,35,,,1
4900,'Semaine-4',653,,33997,35,,,1,50,,33992,22,,,1,5,,34004,22,,,1,3,,33980,22,,,1,3,,34008,35,,,1,2,,34003,22,,,1,3,,34005,22,,,1,3,,34007,22,,,1,5,,34006,22,,,1,15,,34000,35,,,1,73,,34001,35,,,1,6,,33996,22,,,1,31,,33995,35,,,1,69,,33990,35,,,1,31,,33982,35,,,1,72,,34002,35,,,1,32,,33998,35,,,1,70,,33993,35,,,1,30,,33970,35,,,1,70,,33991,35,,,1,30,,33972,35,,,1,70,,33977,35,,,1,30,,33979,35,,,1,69,,33983,35,,,1,31,,33999,35,,,1,77,,33981,35,,,1,70,,33984,35,,,1,30,,33975,35,,,1,70,,33987,35,,,1,30,,33978,35,,,1,67,,33976,35,,,1,30,,33994,35,,,1,27,,33988,35,,,1,97,,33971,35,,,1,100,,33989,35,,,1,100,,33986,35,,,1,97,,33973,35,,,1,98,,33985,35,,,1,100,,33974,35,,,1
32501,'Semaine-4',817,,36461,16,0,7 8,1,3,,36462,16,0,7 8,1
32601,'Semaine-4',813,,36464,10,0,7 8,1
42500,'Semaine-4',704,,37068,16,0,9 14,1,2,,37069,16,0,9 14,1
44900,'Semaine-4',719,,37088,21,0,9 14,1
72601,'Semaine-4',1521,,37126,4,,,1
73401,'Semaine-4',807,,37131,23,0,5 11,1
82501,'Semaine-4',745,,37283,16,0,9 12 13,1,1,,37284,16,0,9 12 13,1,1,,37285,16,0,9 12 13,1
82601,'Semaine-4',733,,37288,10,0,9 12 13,1,1,,37289,10,0,9 12 13,1
