3301,'Samedi-0-_26ÉTÉ-0000010-',714,,38084,20,,,1,100,,38085,20,,,1,100,,38082,20,,,2,100,,38088,20,,,1,99,,38089,20,,,1,101,,38083,20,,,1,100,,38086,20,,,1,100,,38087,20,,,1,101,,38090,20,,,1,99,,38091,20,,,1,100,,38092,20,,,1,99,,38099,20,,,1,100,,38093,20,,,1,100,,38094,20,,,1,100,,38095,20,,,1,100,,38096,20,,,1,100,,38097,20,,,1,100,,38098,20,,,1
3301,'Dimanche-0-_26ÉTÉ-0000001-',714,,38104,20,,,1,100,,38105,20,,,1,100,,38106,20,,,2,100,,38100,20,,,1,99,,38101,20,,,1,101,,38102,20,,,1,100,,38103,20,,,1,100,,38108,20,,,1,101,,38109,20,,,1,99,,38107,20,,,1,100,,38110,20,,,1,99,,38113,20,,,1,100,,38117,20,,,1,100,,38111,20,,,1,100,,38112,20,,,1,100,,38115,20,,,1,100,,38114,20,,,1,100,,38116,20,,,1
3301,'Dimanche-10-_26ÉTÉ-0000001-',714,,38122,20,,,1,100,,38123,20,,,1,100,,38124,20,,,2,100,,38118,20,,,1,99,,38119,20,,,1,101,,38120,20,,,1,100,,38121,20,,,1,100,,38126,20,,,1,101,,38127,20,,,1,99,,38125,20,,,1,100,,38128,20,,,1,99,,38131,20,,,1,100,,38135,20,,,1,100,,38129,20,,,1,100,,38130,20,,,1,100,,38133,20,,,1,100,,38132,20,,,1,100,,38134,20,,,1
3301,'Semaine-1-_26ÉTÉ-1111100-',601,,38159,20,,,2,22,,38167,20,,,2,24,,38144,20,,,1,57,,38164,20,,,1,16,,38160,20,,,2,4,,38155,20,,,1,9,,38175,20,,,1,11,,38173,20,,,2,62,,38162,20,,,2,12,,38150,20,,,1,10,,38166,20,,,2,16,,38140,20,,,1,70,,38152,20,,,1,29,,38158,20,,,1,71,,38148,20,,,2,28,,38169,20,,,1,71,,38153,20,,,1,29,,38145,20,,,1,72,,38147,20,,,1,19,,38165,20,,,1,6,,38174,20,,,1,67,,38156,20,,,1,30,,38146,20,,,1,71,,38151,20,,,1,31,,38154,20,,,1,11,,38176,20,,,1,59,,38157,20,,,1,16,,38149,20,,,2,13,,38161,20,,,2,73,,38142,20,,,1,28,,38172,20,,,1,63,,38139,20,,,2,29,,38136,20,,,2,72,,38170,20,,,1,42,,38143,20,,,1,70,,38138,20,,,1,97,,38141,20,,,1,40,,38163,20,,,1,106,,38168,20,,,1,97,,38137,20,,,1,164,,38171,20,,,1
3301,'Semaine-10-_26ÉTÉ-1111100-',601,,38200,20,,,2,22,,38208,20,,,2,24,,38185,20,,,1,57,,38205,20,,,1,16,,38201,20,,,2,4,,38196,20,,,1,9,,38216,20,,,1,11,,38214,20,,,2,62,,38203,20,,,2,12,,38191,20,,,1,10,,38207,20,,,2,16,,38181,20,,,1,70,,38193,20,,,1,29,,38199,20,,,1,71,,38189,20,,,2,28,,38210,20,,,1,71,,38194,20,,,1,29,,38186,20,,,1,72,,38188,20,,,1,19,,38206,20,,,1,6,,38215,20,,,1,67,,38197,20,,,1,30,,38187,20,,,1,71,,38192,20,,,1,31,,38195,20,,,1,11,,38217,20,,,1,59,,38198,20,,,1,16,,38190,20,,,2,13,,38202,20,,,2,73,,38183,20,,,1,28,,38213,20,,,1,63,,38180,20,,,2,29,,38177,20,,,2,72,,38211,20,,,1,42,,38184,20,,,1,70,,38179,20,,,1,97,,38182,20,,,1,40,,38204,20,,,1,106,,38209,20,,,1,97,,38178,20,,,1,164,,38212,20,,,1
3501,'Semaine-1-_26ÉTÉ-1111100-',537,,38639,2,,,1,80,,38614,2,,,2,20,,38621,2,,,2,19,,38630,13,,,2,55,,38636,2,,,1,22,,38641,13,,,1,14,,38617,2,,,1,70,,38637,2,,,1,25,,38642,2,,,1,69,,38623,2,,,1,31,,38625,2,,,1,70,,38616,2,,,1,30,,38622,2,,,2,70,,38632,2,,,1,30,,38615,2,,,1,70,,38629,2,,,2,30,,38631,2,,,1,70,,38634,2,,,2,30,,38619,2,,,2,72,,38643,2,,,2,27,,38633,2,,,1,71,,38618,2,,,2,30,,38645,2,,,1,67,,38640,2,,,2,30,,38624,2,,,1,70,,38627,2,,,2,40,,38646,2,,,2,65,,38635,2,,,2,98,,38628,2,,,1,103,,38626,2,,,1,100,,38644,2,,,2,97,,38638,2,,,1,110,,38620,2,,,1
3501,'Semaine-10-_26ÉTÉ-1111100-',537,,38672,2,,,1,80,,38647,2,,,2,20,,38654,2,,,2,19,,38663,13,,,2,55,,38669,2,,,1,22,,38674,13,,,1,14,,38650,2,,,1,70,,38670,2,,,1,25,,38675,2,,,1,69,,38656,2,,,1,31,,38658,2,,,1,70,,38649,2,,,1,30,,38655,2,,,2,70,,38665,2,,,1,30,,38648,2,,,1,70,,38662,2,,,2,30,,38664,2,,,1,70,,38667,2,,,2,30,,38652,2,,,2,72,,38676,2,,,2,27,,38666,2,,,1,71,,38651,2,,,2,30,,38678,2,,,1,67,,38673,2,,,2,30,,38657,2,,,1,70,,38660,2,,,2,40,,38679,2,,,2,65,,38668,2,,,2,98,,38661,2,,,1,103,,38659,2,,,1,100,,38677,2,,,2,97,,38671,2,,,1,110,,38653,2,,,1
4901,'Samedi-0-_26ÉTÉ-0000010-',711,,39783,2,,,1,100,,39782,2,,,1,100,,39784,2,,,1,100,,39780,2,,,1,100,,39785,2,,,1,100,,39781,2,,,1,98,,39786,2,,,1,103,,39787,2,,,1,99,,39788,2,,,1,100,,39789,2,,,1,100,,39790,2,,,1,98,,39791,2,,,1,102,,39792,2,,,1,100,,39793,2,,,1,100,,39794,2,,,1,100,,39795,2,,,1,99,,39796,2,,,1
4901,'Dimanche-0-_26ÉTÉ-0000001-',711,,39801,2,,,1,100,,39797,2,,,1,100,,39800,2,,,1,100,,39802,2,,,1,100,,39799,2,,,1,100,,39798,2,,,1,98,,39804,2,,,1,103,,39805,2,,,1,99,,39803,2,,,1,100,,39809,2,,,1,100,,39813,2,,,1,98,,39806,2,,,1,102,,39807,2,,,1,100,,39808,2,,,1,100,,39810,2,,,1,100,,39811,2,,,1,99,,39812,2,,,1
4901,'Dimanche-10-_26ÉTÉ-0000001-',711,,39818,2,,,1,100,,39814,2,,,1,100,,39817,2,,,1,100,,39819,2,,,1,100,,39816,2,,,1,100,,39815,2,,,1,98,,39821,2,,,1,103,,39822,2,,,1,99,,39820,2,,,1,100,,39826,2,,,1,100,,39830,2,,,1,98,,39823,2,,,1,102,,39824,2,,,1,100,,39825,2,,,1,100,,39827,2,,,1,100,,39828,2,,,1,99,,39829,2,,,1
4901,'Semaine-1-_26ÉTÉ-1111100-',551,,39836,2,,,1,85,,39841,2,,,1,70,,39857,2,,,1,30,,39853,2,,,1,70,,39851,2,,,1,30,,39860,2,,,1,70,,39843,2,,,1,30,,39858,2,,,1,70,,39855,2,,,1,30,,39831,2,,,1,70,,39852,2,,,1,30,,39832,2,,,1,72,,39837,2,,,1,28,,39839,2,,,1,68,,39844,2,,,1,31,,39859,2,,,1,71,,39842,2,,,1,30,,39861,2,,,1,68,,39845,2,,,1,32,,39848,2,,,1,70,,39838,2,,,1,30,,39840,2,,,1,70,,39856,2,,,1,30,,39850,2,,,1,70,,39854,2,,,1,95,,39833,2,,,1,40,,39849,2,,,1,100,,39847,2,,,1,100,,39834,2,,,1,100,,39846,2,,,1,100,,39835,2,,,1
4901,'Semaine-10-_26ÉTÉ-1111100-',551,,39867,2,,,1,85,,39872,2,,,1,70,,39888,2,,,1,30,,39884,2,,,1,70,,39882,2,,,1,30,,39891,2,,,1,70,,39874,2,,,1,30,,39889,2,,,1,70,,39886,2,,,1,30,,39862,2,,,1,70,,39883,2,,,1,30,,39863,2,,,1,72,,39868,2,,,1,28,,39870,2,,,1,68,,39875,2,,,1,31,,39890,2,,,1,71,,39873,2,,,1,30,,39892,2,,,1,68,,39876,2,,,1,32,,39879,2,,,1,70,,39869,2,,,1,30,,39871,2,,,1,70,,39887,2,,,1,30,,39881,2,,,1,70,,39885,2,,,1,95,,39864,2,,,1,40,,39880,2,,,1,100,,39878,2,,,1,100,,39865,2,,,1,100,,39877,2,,,1,100,,39866,2,,,1
5001,'Semaine-1-_26ÉTÉ-1111100-',1607,,39903,2,,,1,100,,39905,2,,,1,100,,39904,2,,,1
5001,'Semaine-10-_26ÉTÉ-1111100-',1607,,39906,2,,,1,100,,39908,2,,,1,100,,39907,2,,,1
5601,'Semaine-1-_26ÉTÉ-1111100-',1211,,40518,2,,,2,100,,40515,2,,,1,100,,40514,2,,,1,98,,40517,2,,,1,104,,40516,2,,,1,98,,40519,2,,,2,99,,40520,2,,,1
5601,'Semaine-10-_26ÉTÉ-1111100-',1211,,40525,2,,,2,100,,40522,2,,,1,100,,40521,2,,,1,98,,40524,2,,,1,104,,40523,2,,,1,98,,40526,2,,,2,99,,40527,2,,,1
