2700,'Semaine-1-_26ÉTÉ-1111100-',1553,,37405,5,,,1,70,,37403,5,,,2,29,,37407,5,,,1,71,,37404,5,,,1,28,,37406,5,,,2
2700,'Semaine-10-_26ÉTÉ-1111100-',1553,,37410,5,,,1,70,,37408,5,,,2,29,,37412,5,,,1,71,,37409,5,,,1,28,,37411,5,,,2
2700,'Semaine-11-_26ÉTÉ-1111100-',1553,,45408,5,,,1,70,,45406,5,,,2,29,,45410,5,,,1,71,,45407,5,,,1,28,,45409,5,,,2
2700,'Semaine-5-_26ÉTÉ-1111100-',1553,,49979,5,,,1,70,,49977,5,,,2,29,,49981,5,,,1,71,,49978,5,,,1,28,,49980,5,,,2
3300,'Samedi-0-_26ÉTÉ-0000010-',658,,37942,15,,,1,172,,37947,15,,,1,99,,37944,15,,,1,97,,37948,15,,,1,101,,37943,15,,,1,100,,37946,15,,,1,100,,37945,15,,,1,100,,37949,15,,,1,103,,37950,15,,,1,97,,37951,15,,,1,100,,37952,15,,,1,100,,37953,15,,,1,98,,37954,15,,,1,100,,37958,15,,,1,100,,37955,15,,,1,100,,37956,15,,,1,100,,37957,15,,,1,100,,37959,15,,,1
3300,'Dimanche-0-_26ÉTÉ-0000001-',658,,37961,15,,,1,172,,37960,15,,,1,99,,37963,15,,,1,97,,37965,15,,,1,101,,37966,15,,,1,100,,37967,15,,,1,100,,37962,15,,,1,100,,37969,15,,,1,103,,37964,15,,,1,97,,37970,15,,,1,100,,37973,15,,,1,100,,37977,15,,,1,98,,37974,15,,,1,100,,37968,15,,,1,100,,37971,15,,,1,100,,37976,15,,,1,100,,37972,15,,,1,100,,37975,15,,,1
3300,'Dimanche-10-_26ÉTÉ-0000001-',658,,37979,15,,,1,172,,37978,15,,,1,99,,37981,15,,,1,97,,37983,15,,,1,101,,37984,15,,,1,100,,37985,15,,,1,100,,37980,15,,,1,100,,37987,15,,,1,103,,37982,15,,,1,97,,37988,15,,,1,100,,37991,15,,,1,100,,37995,15,,,1,98,,37992,15,,,1,100,,37986,15,,,1,100,,37989,15,,,1,100,,37994,15,,,1,100,,37990,15,,,1,100,,37993,15,,,1
3300,'Dimanche-11-_26ÉTÉ-0000001-',658,,48886,15,,,1,172,,48885,15,,,1,99,,48888,15,,,1,97,,48890,15,,,1,101,,48891,15,,,1,100,,48892,15,,,1,100,,48887,15,,,1,100,,48894,15,,,1,103,,48889,15,,,1,97,,48895,15,,,1,100,,48898,15,,,1,100,,48902,15,,,1,98,,48899,15,,,1,100,,48893,15,,,1,100,,48896,15,,,1,100,,48901,15,,,1,100,,48897,15,,,1,100,,48900,15,,,1
3300,'Semaine-1-_26ÉTÉ-1111100-',623,,38023,8,,,1,35,,38022,15,,,2,62,,38028,15,,,2,15,,38001,15,,,2,22,,38016,15,,,2,62,,38024,15,,,2,4,,38035,15,,,1,9,,38036,15,,,1,73,,38029,15,,,2,12,,38011,15,,,1,10,,38014,15,,,2,14,,38031,15,,,1,70,,38017,15,,,1,27,,38006,15,,,1,71,,38012,15,,,2,28,,37996,15,,,1,71,,38019,15,,,1,29,,38007,15,,,1,72,,38015,15,,,1,20,,38034,15,,,1,6,,38018,15,,,1,68,,38021,15,,,1,30,,38008,15,,,1,15,,38030,8,,,1,56,,38026,15,,,1,36,,38020,15,,,1,12,,37998,15,,,1,59,,38010,15,,,1,19,,38033,15,,,2,13,,38032,15,,,2,12,,38027,8,,,1,61,,38005,15,,,1,28,,38004,15,,,1,61,,38009,15,,,2,25,,37997,15,,,2,27,,38002,15,,,1,72,,38037,8,,,1,80,,38013,15,,,1,96,,38003,15,,,1,40,,37999,15,,,1,105,,38025,15,,,1,97,,38038,15,,,1,65,,38000,15,,,1
3300,'Semaine-10-_26ÉTÉ-1111100-',623,,38066,8,,,1,35,,38065,15,,,2,62,,38071,15,,,2,15,,38044,15,,,2,22,,38059,15,,,2,62,,38067,15,,,2,4,,38078,15,,,1,9,,38079,15,,,1,73,,38072,15,,,2,12,,38054,15,,,1,10,,38057,15,,,2,14,,38074,15,,,1,70,,38060,15,,,1,27,,38049,15,,,1,71,,38055,15,,,2,28,,38039,15,,,1,71,,38062,15,,,1,29,,38050,15,,,1,72,,38058,15,,,1,20,,38077,15,,,1,6,,38061,15,,,1,68,,38064,15,,,1,30,,38051,15,,,1,15,,38073,8,,,1,56,,38069,15,,,1,36,,38063,15,,,1,12,,38041,15,,,1,59,,38053,15,,,1,19,,38076,15,,,2,13,,38075,15,,,2,12,,38070,8,,,1,61,,38048,15,,,1,28,,38047,15,,,1,61,,38052,15,,,2,25,,38040,15,,,2,27,,38045,15,,,1,72,,38080,8,,,1,80,,38056,15,,,1,96,,38046,15,,,1,40,,38042,15,,,1,105,,38068,15,,,1,97,,38081,15,,,1,65,,38043,15,,,1
3300,'Semaine-11-_26ÉTÉ-1111100-',623,,45702,8,,,1,35,,45701,15,,,2,62,,45707,15,,,2,15,,45680,15,,,2,22,,45695,15,,,2,62,,45703,15,,,2,4,,45714,15,,,1,9,,45715,15,,,1,73,,45708,15,,,2,12,,45690,15,,,1,10,,45693,15,,,2,14,,45710,15,,,1,70,,45696,15,,,1,27,,45685,15,,,1,71,,45691,15,,,2,28,,45675,15,,,1,71,,45698,15,,,1,29,,45686,15,,,1,72,,45694,15,,,1,20,,45713,15,,,1,6,,45697,15,,,1,68,,45700,15,,,1,30,,45687,15,,,1,15,,45709,8,,,1,56,,45705,15,,,1,36,,45699,15,,,1,12,,45677,15,,,1,59,,45689,15,,,1,19,,45712,15,,,2,13,,45711,15,,,2,12,,45706,8,,,1,61,,45684,15,,,1,28,,45683,15,,,1,61,,45688,15,,,2,25,,45676,15,,,2,27,,45681,15,,,1,72,,45716,8,,,1,80,,45692,15,,,1,96,,45682,15,,,1,40,,45678,15,,,1,105,,45704,15,,,1,97,,45717,15,,,1,65,,45679,15,,,1
3300,'Semaine-5-_26ÉTÉ-1111100-',623,,50219,8,,,1,35,,50218,15,,,2,62,,50224,15,,,2,15,,50197,15,,,2,22,,50212,15,,,2,62,,50220,15,,,2,4,,50231,15,,,1,9,,50232,15,,,1,73,,50225,15,,,2,12,,50207,15,,,1,10,,50210,15,,,2,14,,50227,15,,,1,70,,50213,15,,,1,27,,50202,15,,,1,71,,50208,15,,,2,28,,50192,15,,,1,71,,50215,15,,,1,29,,50203,15,,,1,72,,50211,15,,,1,20,,50230,15,,,1,6,,50214,15,,,1,68,,50217,15,,,1,30,,50204,15,,,1,15,,50226,8,,,1,56,,50222,15,,,1,36,,50216,15,,,1,12,,50194,15,,,1,59,,50206,15,,,1,19,,50229,15,,,2,13,,50228,15,,,2,12,,50223,8,,,1,61,,50201,15,,,1,28,,50200,15,,,1,61,,50205,15,,,2,25,,50193,15,,,2,27,,50198,15,,,1,72,,50233,8,,,1,80,,50209,15,,,1,96,,50199,15,,,1,40,,50195,15,,,1,105,,50221,15,,,1,97,,50234,15,,,1,65,,50196,15,,,1
10000,'Semaine-1-_26ÉTÉ-1111100-',1517,,43933,8,,,1,7,,43935,8,,,1,10,,43920,8,,,1,8,,43921,8,,,1,5,,43922,8,,,1,12,,43934,8,,,1,48,,43923,8,,,1,11,,43924,8,,,1,9,,43925,8,,,1,11,,43926,8,,,1,10,,43927,8,,,1,10,,43928,8,,,1,50,,43929,8,,,1,9,,43930,8,,,1,9,,43931,8,,,1,10,,43932,8,,,1
10000,'Semaine-10-_26ÉTÉ-1111100-',1517,,43949,8,,,1,7,,43951,8,,,1,10,,43936,8,,,1,8,,43937,8,,,1,5,,43938,8,,,1,12,,43950,8,,,1,48,,43939,8,,,1,11,,43940,8,,,1,9,,43941,8,,,1,11,,43942,8,,,1,10,,43943,8,,,1,10,,43944,8,,,1,50,,43945,8,,,1,9,,43946,8,,,1,9,,43947,8,,,1,10,,43948,8,,,1
10000,'Semaine-11-_26ÉTÉ-1111100-',1517,,48245,8,,,1,7,,48247,8,,,1,10,,48232,8,,,1,8,,48233,8,,,1,5,,48234,8,,,1,12,,48246,8,,,1,48,,48235,8,,,1,11,,48236,8,,,1,9,,48237,8,,,1,11,,48238,8,,,1,10,,48239,8,,,1,10,,48240,8,,,1,50,,48241,8,,,1,9,,48242,8,,,1,9,,48243,8,,,1,10,,48244,8,,,1
10000,'Semaine-5-_26ÉTÉ-1111100-',1517,,51955,8,,,1,7,,51957,8,,,1,10,,51942,8,,,1,8,,51943,8,,,1,5,,51944,8,,,1,12,,51956,8,,,1,48,,51945,8,,,1,11,,51946,8,,,1,9,,51947,8,,,1,11,,51948,8,,,1,10,,51949,8,,,1,10,,51950,8,,,1,50,,51951,8,,,1,9,,51952,8,,,1,9,,51953,8,,,1,10,,51954,8,,,1
