3200,'Semaine-0',644,,5050,29,,,1,70,,5049,29,,,1,30,,5045,29,,,1,72,,5047,29,,,1,29,,5046,29,,,1,70,,5048,29,,,1,30,,5021,29,,,1,70,,5016,29,,,2,30,,5017,29,,,2,70,,5028,29,,,1,30,,5022,29,,,1,68,,5008,29,,,1,31,,5009,29,,,1,71,,5020,29,,,1,30,,5023,29,,,1,69,,5029,29,,,1,31,,5010,29,,,1,70,,5055,29,,,1,17,,5007,29,,,2,10,,5037,29,,,1,12,,5027,29,,,1,50,,5033,29,,,1,10,,5034,29,,,1,10,,5052,29,,,1,10,,5053,29,,,1,10,,5054,29,,,1,10,,5051,29,,,2,50,,5024,29,,,2,10,,5035,29,,,1,10,,5043,29,,,1,10,,5036,29,,,2,8,,5013,29,,,2,9,,5044,29,,,2,51,,5030,29,,,1,10,,5032,29,,,2,10,,5031,29,,,2,19,,5025,29,,,1,65,,5019,29,,,1,30,,5014,29,,,2,70,,5011,29,,,1,30,,5026,29,,,1,68,,5018,29,,,1,32,,5015,29,,,2,70,,5012,29,,,1,30,,5038,29,,,1,70,,5039,29,,,1,26,,5040,29,,,2,70,,5041,29,,,1,29,,5042,29,,,1
3400,'Samedi-0',752,,5336,43,,,1,104,,5341,43,,,1,70,,5337,43,,,2,31,,5343,43,,,1,70,,5344,43,,,1,31,,5338,43,,,1,70,,5339,43,,,1,30,,5340,43,,,1,70,,5342,43,,,2,72,,5345,43,,,1,30,,5347,43,,,1,71,,5346,43,,,2,30,,5348,43,,,1,70,,5349,43,,,1,30,,5350,43,,,1,69,,5351,43,,,1,30,,5352,43,,,1,71,,5353,43,,,1,30,,5354,43,,,1,70,,5355,43,,,1,30,,5356,43,,,1,28,,5357,43,,,1,68,,5358,43,,,2,30,,5359,43,,,1,70,,5360,43,,,1,30,,5361,43,,,1,70,,5362,43,,,1,30,,5363,43,,,1,70,,5364,43,,,1,29,,5366,43,,,1,71,,5365,43,,,1,29,,5368,43,,,1,70,,5367,43,,,1,26,,5369,43,,,1
3400,'Samedi-10',752,,5370,43,,,1,104,,5375,43,,,1,70,,5371,43,,,2,31,,5377,43,,,1,70,,5378,43,,,1,31,,5372,43,,,1,70,,5373,43,,,1,30,,5374,43,,,1,70,,5376,43,,,2,72,,5379,43,,,1,30,,5381,43,,,1,71,,5380,43,,,2,30,,5382,43,,,1,70,,5383,43,,,1,30,,5384,43,,,1,69,,5385,43,,,1,30,,5386,43,,,1,71,,5387,43,,,1,30,,5388,43,,,1,70,,5389,43,,,1,30,,5390,43,,,1,28,,5391,43,,,1,68,,5392,43,,,2,30,,5393,43,,,1,70,,5394,43,,,1,30,,5395,43,,,1,70,,5396,43,,,1,30,,5397,43,,,1,70,,5398,43,,,1,29,,5400,43,,,1,71,,5399,43,,,1,29,,5402,43,,,1,70,,5401,43,,,1,26,,5403,43,,,1
3400,'Dimanche-0',752,,5408,43,,,1,104,,5412,43,,,1,70,,5410,43,,,2,31,,5405,43,,,1,70,,5413,43,,,1,31,,5416,43,,,1,70,,5415,43,,,1,30,,5404,43,,,1,70,,5406,43,,,2,72,,5417,43,,,1,30,,5407,43,,,1,71,,5409,43,,,2,30,,5411,43,,,1,70,,5420,43,,,1,30,,5414,43,,,1,69,,5418,43,,,1,30,,5421,43,,,1,71,,5425,43,,,1,30,,5430,43,,,1,70,,5422,43,,,1,30,,5423,43,,,1,28,,5433,43,,,1,68,,5424,43,,,2,30,,5429,43,,,1,70,,5419,43,,,1,30,,5426,43,,,1,70,,5428,43,,,1,30,,5431,43,,,1,70,,5437,43,,,1,29,,5432,43,,,1,71,,5434,43,,,1,29,,5427,43,,,1,70,,5435,43,,,1,26,,5436,43,,,1
3400,'Dimanche-10',752,,5442,43,,,1,104,,5446,43,,,1,70,,5444,43,,,2,31,,5439,43,,,1,70,,5447,43,,,1,31,,5450,43,,,1,70,,5449,43,,,1,30,,5438,43,,,1,70,,5440,43,,,2,72,,5451,43,,,1,30,,5441,43,,,1,71,,5443,43,,,2,30,,5445,43,,,1,70,,5454,43,,,1,30,,5448,43,,,1,69,,5452,43,,,1,30,,5455,43,,,1,71,,5459,43,,,1,30,,5464,43,,,1,70,,5456,43,,,1,30,,5457,43,,,1,28,,5467,43,,,1,68,,5458,43,,,2,30,,5463,43,,,1,70,,5453,43,,,1,30,,5460,43,,,1,70,,5462,43,,,1,30,,5465,43,,,1,70,,5471,43,,,1,29,,5466,43,,,1,71,,5468,43,,,1,29,,5461,43,,,1,70,,5469,43,,,1,26,,5470,43,,,1
3400,'Semaine-0',634,,5502,43,,,1,69,,5487,43,,,1,33,,5481,43,,,1,77,,5485,43,,,1,27,,5476,43,,,1,69,,5496,43,,,1,30,,5482,43,,,1,67,,5472,43,,,1,30,,5477,43,,,1,70,,5478,43,,,1,30,,5483,43,,,1,70,,5473,43,,,1,31,,5503,43,,,1,70,,5479,43,,,1,30,,5484,43,,,1,70,,5474,43,,,1,33,,5500,43,,,1,70,,5475,43,,,1,26,,5501,43,,,2,305,,5499,43,,,2,60,,5488,43,,,1,27,,5480,43,,,1,30,,5492,43,,,1,70,,5498,43,,,1,30,,5489,43,,,2,69,,5491,43,,,1,30,,5493,43,,,1,70,,5486,43,,,1,30,,5495,43,,,1,69,,5490,43,,,1,28,,5494,43,,,1,70,,5497,43,,,1
32600,'Semaine-0',1644,,10279,39,0,7 8,1
44901,'Semaine-0',1511,,11265,15,0,9 14,1
73400,'Semaine-0',1648,,11305,37,0,5 11,1
82600,'Semaine-0',1547,,11531,29,0,9 12 13,1
