9300,'Semaine-1-_26ÉTÉ-1111100-',1545,,43682,30,,,2,60,,43685,30,,,2,20,,43681,30,,,1,20,,43684,30,,,1,71,,43683,30,,,2,30,,43679,30,,,2,67,,43680,30,,,1
9300,'Semaine-10-_26ÉTÉ-1111100-',1545,,43689,30,,,2,60,,43692,30,,,2,20,,43688,30,,,1,20,,43691,30,,,1,71,,43690,30,,,2,30,,43686,30,,,2,67,,43687,30,,,1
9300,'Semaine-11-_26ÉTÉ-1111100-',1545,,48131,30,,,2,60,,48134,30,,,2,20,,48130,30,,,1,20,,48133,30,,,1,71,,48132,30,,,2,30,,48128,30,,,2,67,,48129,30,,,1
9300,'Semaine-12-_26ÉTÉ-1111100-',1545,,54307,30,,,2,60,,54310,30,,,2,20,,54306,30,,,1,20,,54309,30,,,1,71,,54308,30,,,2,30,,54304,30,,,2,67,,54305,30,,,1
9300,'Semaine-5-_26ÉTÉ-1111100-',1545,,51874,30,,,2,60,,51877,30,,,2,20,,51873,30,,,1,20,,51876,30,,,1,71,,51875,30,,,2,30,,51871,30,,,2,67,,51872,30,,,1
9700,'Samedi-0-_26ÉTÉ-0000010-',828,,43743,15,,,2,100,,43746,15,,,2,100,,43741,15,,,1,100,,43742,15,,,1,100,,43745,15,,,2,100,,43744,15,,,2,100,,43747,15,,,1,100,,43748,15,,,2,100,,43749,15,,,2,101,,43750,15,,,1,100,,43755,15,,,1,100,,43751,15,,,1,100,,43752,15,,,1,100,,43753,15,,,1,99,,43754,15,,,2,100,,43756,15,,,1,100,,43757,15,,,1
9700,'Dimanche-0-_26ÉTÉ-0000001-',828,,43761,15,,,2,100,,43763,15,,,2,100,,43760,15,,,1,100,,43759,15,,,1,100,,43758,15,,,2,100,,43762,15,,,2,100,,43765,15,,,1,100,,43764,15,,,2,100,,43770,15,,,2,101,,43772,15,,,1,100,,43774,15,,,1,100,,43766,15,,,1,100,,43767,15,,,1,100,,43768,15,,,1,99,,43769,15,,,2,100,,43773,15,,,1,100,,43771,15,,,1
9700,'Dimanche-10-_26ÉTÉ-0000001-',828,,43778,15,,,2,100,,43780,15,,,2,100,,43777,15,,,1,100,,43776,15,,,1,100,,43775,15,,,2,100,,43779,15,,,2,100,,43782,15,,,1,100,,43781,15,,,2,100,,43787,15,,,2,101,,43789,15,,,1,100,,43791,15,,,1,100,,43783,15,,,1,100,,43784,15,,,1,100,,43785,15,,,1,99,,43786,15,,,2,100,,43790,15,,,1,100,,43788,15,,,1
9700,'Dimanche-11-_26ÉTÉ-0000001-',828,,49683,15,,,2,100,,49685,15,,,2,100,,49682,15,,,1,100,,49681,15,,,1,100,,49680,15,,,2,100,,49684,15,,,2,100,,49687,15,,,1,100,,49686,15,,,2,100,,49692,15,,,2,101,,49694,15,,,1,100,,49696,15,,,1,100,,49688,15,,,1,100,,49689,15,,,1,100,,49690,15,,,1,99,,49691,15,,,2,100,,49695,15,,,1,100,,49693,15,,,1
9700,'Semaine-1-_26ÉTÉ-1111100-',700,,43810,15,,,1,26,,43811,15,,,1,97,,43800,15,,,2,101,,43796,15,,,1,96,,43809,15,,,2,100,,43804,15,,,2,100,,43801,15,,,1,100,,43806,15,,,2,101,,43792,15,,,1,94,,43797,15,,,1,105,,43805,15,,,1,96,,43807,19,,,2,103,,43798,19,,,2,34,,43793,19,,,2,59,,43802,15,,,1,102,,43794,15,,,2,99,,43803,15,,,1,100,,43799,15,,,1,102,,43795,15,,,2,110,,43808,15,,,1
9700,'Semaine-10-_26ÉTÉ-1111100-',700,,43830,15,,,1,26,,43831,15,,,1,97,,43820,15,,,2,101,,43816,15,,,1,96,,43829,15,,,2,100,,43824,15,,,2,100,,43821,15,,,1,100,,43826,15,,,2,101,,43812,15,,,1,94,,43817,15,,,1,105,,43825,15,,,1,96,,43827,19,,,2,103,,43818,19,,,2,34,,43813,19,,,2,59,,43822,15,,,1,102,,43814,15,,,2,99,,43823,15,,,1,100,,43819,15,,,1,102,,43815,15,,,2,110,,43828,15,,,1
9700,'Semaine-11-_26ÉTÉ-1111100-',700,,48194,15,,,1,26,,48195,15,,,1,97,,48184,15,,,2,101,,48180,15,,,1,96,,48193,15,,,2,100,,48188,15,,,2,100,,48185,15,,,1,100,,48190,15,,,2,101,,48176,15,,,1,94,,48181,15,,,1,105,,48189,15,,,1,96,,48191,19,,,2,103,,48182,19,,,2,34,,48177,19,,,2,59,,48186,15,,,1,102,,48178,15,,,2,99,,48187,15,,,1,100,,48183,15,,,1,102,,48179,15,,,2,110,,48192,15,,,1
9700,'Semaine-12-_26ÉTÉ-1111100-',700,,54353,15,,,1,26,,54354,15,,,1,97,,54343,15,,,2,101,,54339,15,,,1,96,,54352,15,,,2,100,,54347,15,,,2,100,,54344,15,,,1,100,,54349,15,,,2,101,,54335,15,,,1,94,,54340,15,,,1,105,,54348,15,,,1,96,,54350,19,,,2,103,,54341,19,,,2,34,,54336,19,,,2,59,,54345,15,,,1,102,,54337,15,,,2,99,,54346,15,,,1,100,,54342,15,,,1,102,,54338,15,,,2,110,,54351,15,,,1
9700,'Semaine-5-_26ÉTÉ-1111100-',700,,51920,15,,,1,26,,51921,15,,,1,97,,51910,15,,,2,101,,51906,15,,,1,96,,51919,15,,,2,100,,51914,15,,,2,100,,51911,15,,,1,100,,51916,15,,,2,101,,51902,15,,,1,94,,51907,15,,,1,105,,51915,15,,,1,96,,51917,19,,,2,103,,51908,19,,,2,34,,51903,19,,,2,59,,51912,15,,,1,102,,51904,15,,,2,99,,51913,15,,,1,100,,51909,15,,,1,102,,51905,15,,,2,110,,51918,15,,,1
