7101,'Samedi-0-_26ÉTÉ-0000010-',741,,42533,11,,,2,100,,42532,11,,,2,100,,42537,11,,,1,100,,42535,11,,,1,100,,42536,11,,,1,100,,42531,11,,,1,102,,42534,11,,,1,99,,42538,11,,,2,99,,42539,11,,,2,100,,42540,11,,,2,100,,42541,11,,,2,100,,42542,11,,,2,100,,42543,11,,,1,100,,42544,11,,,1,100,,42545,11,,,2,100,,42546,11,,,1
7101,'Dimanche-0-_26ÉTÉ-0000001-',741,,42552,11,,,2,100,,42551,11,,,2,100,,42553,11,,,1,100,,42554,11,,,1,100,,42549,11,,,1,100,,42548,11,,,1,102,,42550,11,,,1,99,,42547,11,,,2,99,,42557,11,,,2,100,,42558,11,,,2,100,,42559,11,,,2,100,,42560,11,,,2,100,,42555,11,,,1,100,,42556,11,,,1,100,,42562,11,,,2,100,,42561,11,,,1
7101,'Dimanche-10-_26ÉTÉ-0000001-',741,,42568,11,,,2,100,,42567,11,,,2,100,,42569,11,,,1,100,,42570,11,,,1,100,,42565,11,,,1,100,,42564,11,,,1,102,,42566,11,,,1,99,,42563,11,,,2,99,,42573,11,,,2,100,,42574,11,,,2,100,,42575,11,,,2,100,,42576,11,,,2,100,,42571,11,,,1,100,,42572,11,,,1,100,,42578,11,,,2,100,,42577,11,,,1
7101,'Dimanche-11-_26ÉTÉ-0000001-',741,,49555,11,,,2,100,,49554,11,,,2,100,,49556,11,,,1,100,,49557,11,,,1,100,,49552,11,,,1,100,,49551,11,,,1,102,,49553,11,,,1,99,,49550,11,,,2,99,,49560,11,,,2,100,,49561,11,,,2,100,,49562,11,,,2,100,,49563,11,,,2,100,,49558,11,,,1,100,,49559,11,,,1,100,,49565,11,,,2,100,,49564,11,,,1
7101,'Semaine-1-_26ÉTÉ-1111100-',543,,42596,11,,,2,62,,42613,11,,,2,16,,42614,11,,,2,20,,42597,11,,,1,60,,42598,11,,,1,15,,42608,11,,,1,20,,42590,11,,,1,15,,42593,11,,,2,58,,42616,11,,,2,30,,42579,11,,,1,70,,42606,11,,,1,30,,42605,11,,,1,70,,42584,11,,,1,30,,42618,11,,,2,70,,42604,11,,,1,30,,42607,11,,,1,70,,42617,11,,,2,30,,42580,11,,,1,70,,42582,11,,,2,30,,42594,11,,,2,71,,42583,11,,,1,30,,42615,11,,,2,70,,42610,11,,,2,15,,42599,11,,,2,15,,42602,11,,,1,15,,42600,11,,,1,56,,42585,11,,,1,19,,42591,11,,,1,11,,42612,11,,,1,15,,42581,11,,,2,54,,42611,11,,,1,20,,42586,11,,,2,20,,42589,11,,,2,69,,42587,11,,,1,30,,42588,11,,,2,100,,42603,11,,,1,100,,42601,11,,,1,100,,42595,11,,,1,101,,42609,11,,,2,99,,42592,11,,,1
7101,'Semaine-10-_26ÉTÉ-1111100-',543,,42636,11,,,2,62,,42653,11,,,2,16,,42654,11,,,2,20,,42637,11,,,1,60,,42638,11,,,1,15,,42648,11,,,1,20,,42630,11,,,1,15,,42633,11,,,2,58,,42656,11,,,2,30,,42619,11,,,1,70,,42646,11,,,1,30,,42645,11,,,1,70,,42624,11,,,1,30,,42658,11,,,2,70,,42644,11,,,1,30,,42647,11,,,1,70,,42657,11,,,2,30,,42620,11,,,1,70,,42622,11,,,2,30,,42634,11,,,2,71,,42623,11,,,1,30,,42655,11,,,2,70,,42650,11,,,2,15,,42639,11,,,2,15,,42642,11,,,1,15,,42640,11,,,1,56,,42625,11,,,1,19,,42631,11,,,1,11,,42652,11,,,1,15,,42621,11,,,2,54,,42651,11,,,1,20,,42626,11,,,2,20,,42629,11,,,2,69,,42627,11,,,1,30,,42628,11,,,2,100,,42643,11,,,1,100,,42641,11,,,1,100,,42635,11,,,1,101,,42649,11,,,2,99,,42632,11,,,1
7101,'Semaine-11-_26ÉTÉ-1111100-',543,,47652,11,,,2,62,,47669,11,,,2,16,,47670,11,,,2,20,,47653,11,,,1,60,,47654,11,,,1,15,,47664,11,,,1,20,,47646,11,,,1,15,,47649,11,,,2,58,,47672,11,,,2,30,,47635,11,,,1,70,,47662,11,,,1,30,,47661,11,,,1,70,,47640,11,,,1,30,,47674,11,,,2,70,,47660,11,,,1,30,,47663,11,,,1,70,,47673,11,,,2,30,,47636,11,,,1,70,,47638,11,,,2,30,,47650,11,,,2,71,,47639,11,,,1,30,,47671,11,,,2,70,,47666,11,,,2,15,,47655,11,,,2,15,,47658,11,,,1,15,,47656,11,,,1,56,,47641,11,,,1,19,,47647,11,,,1,11,,47668,11,,,1,15,,47637,11,,,2,54,,47667,11,,,1,20,,47642,11,,,2,20,,47645,11,,,2,69,,47643,11,,,1,30,,47644,11,,,2,100,,47659,11,,,1,100,,47657,11,,,1,100,,47651,11,,,1,101,,47665,11,,,2,99,,47648,11,,,1
7101,'Semaine-12-_26ÉTÉ-1111100-',543,,53942,11,,,2,62,,53959,11,,,2,16,,53960,11,,,2,20,,53943,11,,,1,60,,53944,11,,,1,15,,53954,11,,,1,20,,53936,11,,,1,15,,53939,11,,,2,58,,53962,11,,,2,30,,53925,11,,,1,70,,53952,11,,,1,30,,53951,11,,,1,70,,53930,11,,,1,30,,53964,11,,,2,70,,53950,11,,,1,30,,53953,11,,,1,70,,53963,11,,,2,30,,53926,11,,,1,70,,53928,11,,,2,30,,53940,11,,,2,71,,53929,11,,,1,30,,53961,11,,,2,70,,53956,11,,,2,15,,53945,11,,,2,15,,53948,11,,,1,15,,53946,11,,,1,56,,53931,11,,,1,19,,53937,11,,,1,11,,53958,11,,,1,15,,53927,11,,,2,54,,53957,11,,,1,20,,53932,11,,,2,20,,53935,11,,,2,69,,53933,11,,,1,30,,53934,11,,,2,100,,53949,11,,,1,100,,53947,11,,,1,100,,53941,11,,,1,101,,53955,11,,,2,99,,53938,11,,,1
7101,'Semaine-5-_26ÉTÉ-1111100-',543,,51509,11,,,2,62,,51526,11,,,2,16,,51527,11,,,2,20,,51510,11,,,1,60,,51511,11,,,1,15,,51521,11,,,1,20,,51503,11,,,1,15,,51506,11,,,2,58,,51529,11,,,2,30,,51492,11,,,1,70,,51519,11,,,1,30,,51518,11,,,1,70,,51497,11,,,1,30,,51531,11,,,2,70,,51517,11,,,1,30,,51520,11,,,1,70,,51530,11,,,2,30,,51493,11,,,1,70,,51495,11,,,2,30,,51507,11,,,2,71,,51496,11,,,1,30,,51528,11,,,2,70,,51523,11,,,2,15,,51512,11,,,2,15,,51515,11,,,1,15,,51513,11,,,1,56,,51498,11,,,1,19,,51504,11,,,1,11,,51525,11,,,1,15,,51494,11,,,2,54,,51524,11,,,1,20,,51499,11,,,2,20,,51502,11,,,2,69,,51500,11,,,1,30,,51501,11,,,2,100,,51516,11,,,1,100,,51514,11,,,1,100,,51508,11,,,1,101,,51522,11,,,2,99,,51505,11,,,1
57101,'Semaine-5-_26ÉTÉ-1111100-',642,,52281,11,,,2
