1800,'Semaine-1-_26ÉTÉ-1111100-',1258,,37312,17,,,2,278,,37311,17,,,2,97,,37314,17,,,1,71,,37313,17,,,1
1800,'Semaine-10-_26ÉTÉ-1111100-',1258,,37316,17,,,2,278,,37315,17,,,2,97,,37318,17,,,1,71,,37317,17,,,1
9300,'Semaine-1-_26ÉTÉ-1111100-',1509,,43682,6,,,2,20,,43685,6,,,2,20,,43681,6,,,1,60,,43684,6,,,1,31,,43683,6,,,2,72,,43679,6,,,2,27,,43680,6,,,1
9300,'Semaine-10-_26ÉTÉ-1111100-',1509,,43689,6,,,2,20,,43692,6,,,2,20,,43688,6,,,1,60,,43691,6,,,1,31,,43690,6,,,2,72,,43686,6,,,2,27,,43687,6,,,1
9500,'Semaine-1-_26ÉTÉ-1111100-',1449,,43711,6,,,1,55,,43714,6,,,2,15,,43710,6,,,1,16,,43705,6,,,1,15,,43709,6,,,2,55,,43706,6,,,1,15,,43707,6,,,2,15,,43712,6,,,1,65,,43713,6,,,1,30,,43708,6,,,1
9500,'Semaine-10-_26ÉTÉ-1111100-',1449,,43721,6,,,1,55,,43724,6,,,2,15,,43720,6,,,1,16,,43715,6,,,1,15,,43719,6,,,2,55,,43716,6,,,1,15,,43717,6,,,2,15,,43722,6,,,1,65,,43723,6,,,2,30,,43718,6,,,1
10000,'Semaine-1-_26ÉTÉ-1111100-',1525,,43933,13,,,1,7,,43935,13,,,1,10,,43920,13,,,1,8,,43921,13,,,1,5,,43922,13,,,1,52,,43934,13,,,1,8,,43923,13,,,1,11,,43924,13,,,1,9,,43925,13,,,1,11,,43926,13,,,1,10,,43927,13,,,1,50,,43928,13,,,1,10,,43929,13,,,1,9,,43930,13,,,1,9,,43931,13,,,1,10,,43932,13,,,1
10000,'Semaine-10-_26ÉTÉ-1111100-',1525,,43949,13,,,1,7,,43951,13,,,1,10,,43936,13,,,1,8,,43937,13,,,1,5,,43938,13,,,1,52,,43950,13,,,1,8,,43939,13,,,1,11,,43940,13,,,1,9,,43941,13,,,1,11,,43942,13,,,1,10,,43943,13,,,1,50,,43944,13,,,1,10,,43945,13,,,1,9,,43946,13,,,1,9,,43947,13,,,1,10,,43948,13,,,1
20000,'Semaine-1-_26ÉTÉ-1111100-',1524,,43982,9,,,1,5,,43983,9,,,1,6,,44006,9,,,1,5,,43984,9,,,1,5,,43985,9,,,1,3,,44011,9,,,1,7,,43986,9,,,1,45,,43988,9,,,1,5,,43989,9,,,1,5,,43990,9,,,1,3,,43992,9,,,1,7,,43993,9,,,1,5,,43987,9,,,1,5,,44010,9,,,1,5,,43991,9,,,1,5,,43994,9,,,1,5,,43995,9,,,1,5,,43996,9,,,1,6,,43997,9,,,1,45,,44009,9,,,1,4,,43998,9,,,1,5,,44007,9,,,1,5,,43999,9,,,1,5,,44000,9,,,1,5,,44002,9,,,1,5,,44001,9,,,1,5,,44003,9,,,1,3,,44004,9,,,1,5,,44005,9,,,1,5,,44008,9,,,1
20000,'Semaine-10-_26ÉTÉ-1111100-',1524,,44012,9,,,1,5,,44013,9,,,1,6,,44036,9,,,1,5,,44014,9,,,1,5,,44015,9,,,1,3,,44041,9,,,1,7,,44016,9,,,1,45,,44018,9,,,1,5,,44019,9,,,1,5,,44020,9,,,1,3,,44022,9,,,1,7,,44023,9,,,1,5,,44017,9,,,1,5,,44040,9,,,1,5,,44021,9,,,1,5,,44024,9,,,1,5,,44025,9,,,1,5,,44026,9,,,1,6,,44027,9,,,1,45,,44039,9,,,1,4,,44028,9,,,1,5,,44037,9,,,1,5,,44029,9,,,1,5,,44030,9,,,1,5,,44032,9,,,1,5,,44031,9,,,1,5,,44033,9,,,1,3,,44034,9,,,1,5,,44035,9,,,1,5,,44038,9,,,1
40000,'Samedi-0-_26ÉTÉ-0000010-',615,,44308,13,,,1,20,,44309,13,,,1,15,,44312,13,,,1,55,,44317,13,,,1,15,,44326,13,,,1,15,,44327,13,,,1,15,,44310,13,,,1,55,,44314,13,,,1,15,,44311,13,,,1,15,,44335,13,,,1,15,,44313,13,,,1,55,,44316,13,,,1,15,,44315,13,,,1,15,,44318,13,,,1,15,,44336,13,,,1,55,,44334,13,,,1,15,,44337,13,,,1,16,,44319,13,,,1,14,,44321,13,,,1,55,,44324,13,,,1,15,,44325,13,,,1,15,,44320,13,,,1,15,,44331,13,,,1,55,,44333,13,,,1,15,,44338,13,,,1,15,,44323,13,,,1,15,,44322,13,,,1,55,,44328,13,,,1,16,,44329,13,,,1,15,,44330,13,,,1,15,,44339,13,,,1,55,,44332,13,,,1,15,,44340,13,,,1,15,,44341,13,,,1,15,,44342,13,,,1,55,,44343,13,,,1,15,,44344,13,,,1,15,,44345,13,,,1,15,,44346,13,,,1,55,,44347,13,,,1,15,,44348,13,,,1,15,,44349,13,,,1,15,,44350,13,,,1,55,,44351,13,,,1,15,,44352,13,,,1,14,,44353,13,,,1,16,,44354,13,,,1,55,,44355,13,,,1,15,,44361,13,,,1,15,,44356,13,,,1,15,,44357,13,,,1,55,,44358,13,,,1,14,,44359,13,,,1,15,,44360,13,,,1,15,,44364,13,,,1,56,,44362,13,,,1,14,,44363,13,,,1,16,,44368,13,,,1,14,,44367,13,,,1,55,,44366,13,,,1,15,,44365,13,,,1,15,,44372,13,,,1,15,,44369,13,,,1,55,,44370,13,,,1,15,,44371,13,,,1,15,,44379,13,,,1,15,,44374,13,,,1,55,,44373,13,,,1,14,,44375,13,,,1,15,,44376,13,,,1,14,,44377,13,,,1,55,,44378,13,,,1,13,,44380,13,,,1
40000,'Dimanche-0-_26ÉTÉ-0000001-',615,,44381,13,,,1,20,,44383,13,,,1,15,,44388,13,,,1,55,,44394,13,,,1,15,,44396,13,,,1,15,,44382,13,,,1,15,,44385,13,,,1,55,,44392,13,,,1,15,,44399,13,,,1,15,,44403,13,,,1,15,,44387,13,,,1,55,,44395,13,,,1,15,,44406,13,,,1,15,,44384,13,,,1,15,,44386,13,,,1,55,,44393,13,,,1,15,,44400,13,,,1,16,,44401,13,,,1,14,,44417,13,,,1,55,,44416,13,,,1,15,,44407,13,,,1,15,,44398,13,,,1,15,,44408,13,,,1,55,,44411,13,,,1,15,,44420,13,,,1,15,,44389,13,,,1,15,,44418,13,,,1,55,,44415,13,,,1,16,,44419,13,,,1,15,,44397,13,,,1,15,,44390,13,,,1,55,,44421,13,,,1,15,,44412,13,,,1,15,,44404,13,,,1,15,,44402,13,,,1,55,,44409,13,,,1,15,,44414,13,,,1,15,,44424,13,,,1,15,,44391,13,,,1,55,,44426,13,,,1,15,,44413,13,,,1,15,,44405,13,,,1,15,,44436,13,,,1,55,,44410,13,,,1,15,,44445,13,,,1,14,,44431,13,,,1,16,,44435,13,,,1,55,,44451,13,,,1,15,,44442,13,,,1,15,,44423,13,,,1,15,,44437,13,,,1,55,,44427,13,,,1,14,,44444,13,,,1,15,,44430,13,,,1,15,,44434,13,,,1,56,,44450,13,,,1,14,,44443,13,,,1,16,,44422,13,,,1,14,,44447,13,,,1,55,,44441,13,,,1,15,,44449,13,,,1,15,,44425,13,,,1,15,,44429,13,,,1,55,,44433,13,,,1,15,,44439,13,,,1,15,,44453,13,,,1,15,,44446,13,,,1,55,,44440,13,,,1,14,,44448,13,,,1,15,,44452,13,,,1,14,,44428,13,,,1,55,,44432,13,,,1,13,,44438,13,,,1
40000,'Dimanche-10-_26ÉTÉ-0000001-',615,,44454,13,,,1,20,,44456,13,,,1,15,,44461,13,,,1,55,,44467,13,,,1,15,,44469,13,,,1,15,,44455,13,,,1,15,,44458,13,,,1,55,,44465,13,,,1,15,,44472,13,,,1,15,,44476,13,,,1,15,,44460,13,,,1,55,,44468,13,,,1,15,,44479,13,,,1,15,,44457,13,,,1,15,,44459,13,,,1,55,,44466,13,,,1,15,,44473,13,,,1,16,,44474,13,,,1,14,,44490,13,,,1,55,,44489,13,,,1,15,,44480,13,,,1,15,,44471,13,,,1,15,,44481,13,,,1,55,,44484,13,,,1,15,,44493,13,,,1,15,,44462,13,,,1,15,,44491,13,,,1,55,,44488,13,,,1,16,,44492,13,,,1,15,,44470,13,,,1,15,,44463,13,,,1,55,,44494,13,,,1,15,,44485,13,,,1,15,,44477,13,,,1,15,,44475,13,,,1,55,,44482,13,,,1,15,,44487,13,,,1,15,,44497,13,,,1,15,,44464,13,,,1,55,,44499,13,,,1,15,,44486,13,,,1,15,,44478,13,,,1,15,,44509,13,,,1,55,,44483,13,,,1,15,,44518,13,,,1,14,,44504,13,,,1,16,,44508,13,,,1,55,,44524,13,,,1,15,,44515,13,,,1,15,,44496,13,,,1,15,,44510,13,,,1,55,,44500,13,,,1,14,,44517,13,,,1,15,,44503,13,,,1,15,,44507,13,,,1,56,,44523,13,,,1,14,,44516,13,,,1,16,,44495,13,,,1,14,,44520,13,,,1,55,,44514,13,,,1,15,,44522,13,,,1,15,,44498,13,,,1,15,,44502,13,,,1,55,,44506,13,,,1,15,,44512,13,,,1,15,,44526,13,,,1,15,,44519,13,,,1,55,,44513,13,,,1,14,,44521,13,,,1,15,,44525,13,,,1,14,,44501,13,,,1,55,,44505,13,,,1,13,,44511,13,,,1
40000,'Semaine-1-_26ÉTÉ-1111100-',549,,44527,13,,,1,55,,44533,13,,,1,15,,44556,13,,,1,15,,44571,13,,,1,15,,44561,13,,,1,58,,44619,13,,,1,10,,44591,13,,,1,10,,44543,13,,,1,10,,44590,13,,,1,14,,44585,13,,,1,55,,44586,13,,,1,11,,44541,13,,,1,12,,44563,13,,,1,12,,44565,13,,,1,12,,44612,13,,,1,51,,44582,13,,,1,11,,44536,13,,,1,12,,44545,13,,,1,10,,44531,13,,,1,9,,44534,13,,,1,10,,44587,13,,,1,50,,44553,13,,,1,10,,44566,13,,,1,10,,44559,13,,,1,10,,44560,13,,,1,11,,44592,13,,,1,9,,44572,13,,,1,50,,44583,13,,,1,10,,44537,13,,,1,11,,44546,13,,,1,9,,44535,13,,,1,10,,44613,13,,,1,10,,44588,13,,,1,50,,44554,13,,,1,10,,44567,13,,,1,10,,44558,13,,,1,10,,44550,13,,,1,10,,44579,13,,,1,10,,44562,13,,,1,45,,44573,13,,,1,5,,44584,13,,,1,11,,44538,13,,,1,10,,44548,13,,,1,10,,44540,13,,,1,10,,44530,13,,,1,10,,44589,13,,,1,50,,44570,13,,,1,10,,44568,13,,,1,7,,44580,13,,,1,6,,44557,13,,,1,6,,44549,13,,,1,6,,44597,13,,,1,6,,44598,13,,,1,5,,44599,13,,,1,6,,44600,13,,,1,45,,44601,13,,,1,7,,44611,13,,,1,5,,44617,13,,,1,4,,44602,13,,,1,233,,44603,13,,,1,5,,44604,13,,,1,45,,44605,13,,,1,5,,44606,13,,,1,5,,44618,13,,,1,5,,44607,13,,,1,7,,44608,13,,,1,8,,44609,13,,,1,12,,44610,13,,,1,12,,44574,13,,,1,52,,44575,13,,,1,11,,44569,13,,,1,12,,44595,13,,,1,12,,44578,13,,,1,12,,44564,13,,,1,52,,44542,13,,,1,12,,44614,13,,,1,12,,44547,13,,,1,11,,44615,13,,,1,13,,44555,13,,,1,52,,44576,13,,,1,14,,44616,13,,,1,12,,44552,13,,,1,15,,44596,13,,,1,54,,44594,13,,,1,15,,44539,13,,,1,15,,44528,13,,,1,15,,44544,13,,,1,54,,44577,13,,,1,15,,44551,13,,,1,15,,44581,13,,,1,15,,44593,13,,,1,55,,44532,13,,,1,15,,44529,13,,,1
40000,'Semaine-10-_26ÉTÉ-1111100-',549,,44620,13,,,1,55,,44626,13,,,1,15,,44649,13,,,1,15,,44664,13,,,1,15,,44654,13,,,1,58,,44712,13,,,1,10,,44684,13,,,1,10,,44636,13,,,1,10,,44683,13,,,1,14,,44678,13,,,1,55,,44679,13,,,1,11,,44634,13,,,1,12,,44656,13,,,1,12,,44658,13,,,1,12,,44705,13,,,1,51,,44675,13,,,1,11,,44629,13,,,1,12,,44638,13,,,1,10,,44624,13,,,1,9,,44627,13,,,1,10,,44680,13,,,1,50,,44646,13,,,1,10,,44659,13,,,1,10,,44652,13,,,1,10,,44653,13,,,1,11,,44685,13,,,1,9,,44665,13,,,1,50,,44676,13,,,1,10,,44630,13,,,1,11,,44639,13,,,1,9,,44628,13,,,1,10,,44706,13,,,1,10,,44681,13,,,1,50,,44647,13,,,1,10,,44660,13,,,1,10,,44651,13,,,1,10,,44643,13,,,1,10,,44672,13,,,1,10,,44655,13,,,1,45,,44666,13,,,1,5,,44677,13,,,1,11,,44631,13,,,1,10,,44641,13,,,1,10,,44633,13,,,1,10,,44623,13,,,1,10,,44682,13,,,1,50,,44663,13,,,1,10,,44661,13,,,1,7,,44673,13,,,1,6,,44650,13,,,1,6,,44642,13,,,1,6,,44690,13,,,1,6,,44691,13,,,1,5,,44692,13,,,1,6,,44693,13,,,1,45,,44694,13,,,1,7,,44704,13,,,1,5,,44710,13,,,1,4,,44695,13,,,1,233,,44696,13,,,1,5,,44697,13,,,1,45,,44698,13,,,1,5,,44699,13,,,1,5,,44711,13,,,1,5,,44700,13,,,1,7,,44701,13,,,1,8,,44702,13,,,1,12,,44703,13,,,1,12,,44667,13,,,1,52,,44668,13,,,1,11,,44662,13,,,1,12,,44688,13,,,1,12,,44671,13,,,1,12,,44657,13,,,1,52,,44635,13,,,1,12,,44707,13,,,1,12,,44640,13,,,1,11,,44708,13,,,1,13,,44648,13,,,1,52,,44669,13,,,1,14,,44709,13,,,1,12,,44645,13,,,1,15,,44689,13,,,1,54,,44687,13,,,1,15,,44632,13,,,1,15,,44621,13,,,1,15,,44637,13,,,1,54,,44670,13,,,1,15,,44644,13,,,1,15,,44674,13,,,1,15,,44686,13,,,1,55,,44625,13,,,1,15,,44622,13,,,1
80000,'Samedi-0-_26ÉTÉ-0000010-',741,,45116,46,,,2,102,,45117,46,,,1,100,,45118,46,,,2,102,,45120,46,,,1,100,,45121,46,,,2,100,,45119,46,,,2,100,,45122,46,,,1,100,,45123,46,,,2,100,,45124,46,,,1,100,,45125,46,,,2,97,,45126,46,,,2,100,,45127,46,,,1,100,,45130,46,,,1,99,,45128,46,,,1,100,,45129,46,,,2,98,,45131,46,,,1,100,,45132,46,,,1
80000,'Dimanche-0-_26ÉTÉ-0000001-',741,,45137,46,,,2,102,,45133,46,,,1,100,,45138,46,,,2,102,,45134,46,,,1,100,,45135,46,,,2,100,,45139,46,,,2,100,,45136,46,,,1,100,,45141,46,,,2,100,,45140,46,,,1,100,,45142,46,,,2,97,,45145,46,,,2,100,,45143,46,,,1,100,,45144,46,,,1,99,,45146,46,,,1,100,,45147,46,,,2,98,,45149,46,,,1,100,,45148,46,,,1
80000,'Dimanche-10-_26ÉTÉ-0000001-',741,,45154,46,,,2,102,,45150,46,,,1,100,,45155,46,,,2,102,,45151,46,,,1,100,,45152,46,,,2,100,,45156,46,,,2,100,,45153,46,,,1,100,,45158,46,,,2,100,,45157,46,,,1,100,,45159,46,,,2,97,,45162,46,,,2,100,,45160,46,,,1,100,,45161,46,,,1,99,,45163,46,,,1,100,,45164,46,,,2,98,,45166,46,,,1,100,,45165,46,,,1
80000,'Semaine-1-_26ÉTÉ-1111100-',618,,45197,45,,,1,32,,45179,45,,,2,71,,45170,45,,,1,32,,45192,45,,,1,70,,45180,45,,,1,18,,45169,45,,,1,68,,45194,45,,,2,29,,45172,46,,,2,70,,45189,46,,,2,31,,45183,46,,,2,69,,45201,46,,,1,30,,45171,46,,,1,69,,45187,46,,,2,31,,45185,46,,,1,70,,45200,46,,,1,29,,45182,46,,,1,72,,45195,46,,,2,31,,45184,46,,,2,70,,45191,46,,,1,32,,45190,46,,,1,73,,45186,46,,,1,31,,45198,46,,,1,68,,45173,46,,,2,29,,45181,46,,,1,70,,45175,46,,,2,28,,45196,46,,,1,67,,45174,46,,,1,30,,45178,46,,,1,70,,45167,46,,,1,29,,45199,46,,,1,70,,45176,46,,,1,26,,45177,46,,,1,70,,45193,46,,,1,29,,45168,46,,,1,70,,45188,46,,,1
80000,'Semaine-10-_26ÉTÉ-1111100-',618,,45232,45,,,1,32,,45214,45,,,2,71,,45205,45,,,1,32,,45227,45,,,1,70,,45215,45,,,1,18,,45204,45,,,1,68,,45229,45,,,2,29,,45207,46,,,2,70,,45224,46,,,2,31,,45218,46,,,2,69,,45236,46,,,1,30,,45206,46,,,1,69,,45222,46,,,2,31,,45220,46,,,1,70,,45235,46,,,1,29,,45217,46,,,1,72,,45230,46,,,2,31,,45219,46,,,2,70,,45226,46,,,1,32,,45225,46,,,1,73,,45221,46,,,1,31,,45233,46,,,1,68,,45208,46,,,2,29,,45216,46,,,1,70,,45210,46,,,2,28,,45231,46,,,1,67,,45209,46,,,1,30,,45213,46,,,1,70,,45202,46,,,1,29,,45234,46,,,1,70,,45211,46,,,1,26,,45212,46,,,1,70,,45228,46,,,1,29,,45203,46,,,1,70,,45223,46,,,1
