3100,'Samedi-0-_26ÉTÉ-0000010-',745,,37452,37,,,1,70,,37453,37,,,1,104,,37454,37,,,1,101,,37451,37,,,1,102,,37457,37,,,1,102,,37458,37,,,1,101,,37455,37,,,1,100,,37456,37,,,1,100,,37459,37,,,1,102,,37460,37,,,1,98,,37461,37,,,1,100,,37462,37,,,1,91,,37468,37,,,1,100,,37463,37,,,1,100,,37464,37,,,1,100,,37465,37,,,1,100,,37466,37,,,1,100,,37467,37,,,1,95,,37469,37,,,1
3100,'Dimanche-0-_26ÉTÉ-0000001-',745,,37474,37,,,1,70,,37475,37,,,1,104,,37476,37,,,1,101,,37477,37,,,1,102,,37470,37,,,1,102,,37471,37,,,1,101,,37472,37,,,1,100,,37473,37,,,1,100,,37479,37,,,1,102,,37480,37,,,1,98,,37478,37,,,1,100,,37481,37,,,1,91,,37484,37,,,1,100,,37488,37,,,1,100,,37482,37,,,1,100,,37483,37,,,1,100,,37486,37,,,1,100,,37485,37,,,1,95,,37487,37,,,1
3100,'Dimanche-10-_26ÉTÉ-0000001-',745,,37493,37,,,1,70,,37494,37,,,1,104,,37495,37,,,1,101,,37496,37,,,1,102,,37489,37,,,1,102,,37490,37,,,1,101,,37491,37,,,1,100,,37492,37,,,1,100,,37498,37,,,1,102,,37499,37,,,1,98,,37497,37,,,1,100,,37500,37,,,1,91,,37503,37,,,1,100,,37507,37,,,1,100,,37501,37,,,1,100,,37502,37,,,1,100,,37505,37,,,1,100,,37504,37,,,1,95,,37506,37,,,1
3100,'Dimanche-11-_26ÉTÉ-0000001-',745,,48852,37,,,1,70,,48853,37,,,1,104,,48854,37,,,1,101,,48855,37,,,1,102,,48848,37,,,1,102,,48849,37,,,1,101,,48850,37,,,1,100,,48851,37,,,1,100,,48857,37,,,1,102,,48858,37,,,1,98,,48856,37,,,1,100,,48859,37,,,1,91,,48862,37,,,1,100,,48866,37,,,1,100,,48860,37,,,1,100,,48861,37,,,1,100,,48864,37,,,1,100,,48863,37,,,1,95,,48865,37,,,1
3100,'Semaine-1-_26ÉTÉ-1111100-',633,,37512,35,,,1,75,,37547,35,,,1,32,,37525,35,,,1,71,,37513,35,,,1,20,,37553,35,,,1,13,,37550,35,,,1,61,,37509,35,,,1,16,,37522,35,,,1,17,,37523,35,,,1,12,,37539,35,,,1,59,,37514,35,,,1,21,,37516,35,,,1,20,,37533,35,,,1,60,,37534,35,,,1,20,,37540,35,,,1,20,,37515,35,,,1,60,,37520,35,,,1,21,,37541,35,,,1,20,,37548,35,,,1,60,,37536,35,,,1,20,,37517,35,,,1,20,,37510,35,,,1,57,,37546,35,,,1,22,,37551,35,,,1,19,,37535,35,,,1,60,,37518,35,,,1,19,,37538,35,,,1,28,,37542,35,,,1,61,,37549,35,,,1,17,,37537,35,,,1,14,,37519,35,,,1,61,,37530,35,,,1,20,,37532,35,,,1,22,,37521,35,,,1,4,,37508,28,,,1,54,,37526,35,,,1,21,,37511,35,,,1,13,,37544,35,,,1,57,,37552,35,,,1,26,,37527,37,,,1,97,,37545,37,,,1,100,,37528,37,,,1,100,,37524,37,,,1,99,,37529,37,,,1,102,,37531,37,,,1,103,,37543,37,,,1
3100,'Semaine-10-_26ÉTÉ-1111100-',633,,37558,35,,,1,75,,37593,35,,,1,32,,37571,35,,,1,71,,37559,35,,,1,20,,37599,35,,,1,13,,37596,35,,,1,61,,37555,35,,,1,16,,37568,35,,,1,17,,37569,35,,,1,12,,37585,35,,,1,59,,37560,35,,,1,21,,37562,35,,,1,20,,37579,35,,,1,60,,37580,35,,,1,20,,37586,35,,,1,20,,37561,35,,,1,60,,37566,35,,,1,21,,37587,35,,,1,20,,37594,35,,,1,60,,37582,35,,,1,20,,37563,35,,,1,20,,37556,35,,,1,57,,37592,35,,,1,22,,37597,35,,,1,19,,37581,35,,,1,60,,37564,35,,,1,19,,37584,35,,,1,28,,37588,35,,,1,61,,37595,35,,,1,17,,37583,35,,,1,14,,37565,35,,,1,61,,37576,35,,,1,20,,37578,35,,,1,22,,37567,35,,,1,4,,37554,28,,,1,54,,37572,35,,,1,21,,37557,35,,,1,13,,37590,35,,,1,57,,37598,35,,,1,26,,37573,37,,,1,97,,37591,37,,,1,100,,37574,37,,,1,100,,37570,37,,,1,99,,37575,37,,,1,102,,37577,37,,,1,103,,37589,37,,,1
3100,'Semaine-11-_26ÉTÉ-1111100-',633,,45453,35,,,1,75,,45488,35,,,1,32,,45466,35,,,1,71,,45454,35,,,1,20,,45494,35,,,1,13,,45491,35,,,1,61,,45450,35,,,1,16,,45463,35,,,1,17,,45464,35,,,1,12,,45480,35,,,1,59,,45455,35,,,1,21,,45457,35,,,1,20,,45474,35,,,1,60,,45475,35,,,1,20,,45481,35,,,1,20,,45456,35,,,1,60,,45461,35,,,1,21,,45482,35,,,1,20,,45489,35,,,1,60,,45477,35,,,1,20,,45458,35,,,1,20,,45451,35,,,1,57,,45487,35,,,1,22,,45492,35,,,1,19,,45476,35,,,1,60,,45459,35,,,1,19,,45479,35,,,1,28,,45483,35,,,1,61,,45490,35,,,1,17,,45478,35,,,1,14,,45460,35,,,1,61,,45471,35,,,1,20,,45473,35,,,1,22,,45462,35,,,1,4,,45449,28,,,1,54,,45467,35,,,1,21,,45452,35,,,1,13,,45485,35,,,1,57,,45493,35,,,1,26,,45468,37,,,1,97,,45486,37,,,1,100,,45469,37,,,1,100,,45465,37,,,1,99,,45470,37,,,1,102,,45472,37,,,1,103,,45484,37,,,1
3100,'Semaine-12-_26ÉTÉ-1111100-',633,,52442,35,,,1,75,,52477,35,,,1,32,,52455,35,,,1,71,,52443,35,,,1,20,,52483,35,,,1,13,,52480,35,,,1,61,,52439,35,,,1,16,,52452,35,,,1,17,,52453,35,,,1,12,,52469,35,,,1,59,,52444,35,,,1,21,,52446,35,,,1,20,,52463,35,,,1,60,,52464,35,,,1,20,,52470,35,,,1,20,,52445,35,,,1,60,,52450,35,,,1,21,,52471,35,,,1,20,,52478,35,,,1,60,,52466,35,,,1,20,,52447,35,,,1,20,,52440,35,,,1,57,,52476,35,,,1,22,,52481,35,,,1,19,,52465,35,,,1,60,,52448,35,,,1,19,,52468,35,,,1,28,,52472,35,,,1,61,,52479,35,,,1,17,,52467,35,,,1,14,,52449,35,,,1,61,,52460,35,,,1,20,,52462,35,,,1,22,,52451,35,,,1,4,,52438,28,,,1,54,,52456,35,,,1,21,,52441,35,,,1,13,,52474,35,,,1,57,,52482,35,,,1,26,,52457,37,,,1,97,,52475,37,,,1,100,,52458,37,,,1,100,,52454,37,,,1,99,,52459,37,,,1,102,,52461,37,,,1,103,,52473,37,,,1
3100,'Semaine-5-_26ÉTÉ-1111100-',633,,50005,35,,,1,75,,50040,35,,,1,32,,50018,35,,,1,71,,50006,35,,,1,20,,50046,35,,,1,13,,50043,35,,,1,61,,50002,35,,,1,16,,50015,35,,,1,17,,50016,35,,,1,12,,50032,35,,,1,59,,50007,35,,,1,21,,50009,35,,,1,20,,50026,35,,,1,60,,50027,35,,,1,20,,50033,35,,,1,20,,50008,35,,,1,60,,50013,35,,,1,21,,50034,35,,,1,20,,50041,35,,,1,60,,50029,35,,,1,20,,50010,35,,,1,20,,50003,35,,,1,57,,50039,35,,,1,22,,50044,35,,,1,19,,50028,35,,,1,60,,50011,35,,,1,19,,50031,35,,,1,28,,50035,35,,,1,61,,50042,35,,,1,17,,50030,35,,,1,14,,50012,35,,,1,61,,50023,35,,,1,20,,50025,35,,,1,22,,50014,35,,,1,4,,50001,28,,,1,54,,50019,35,,,1,21,,50004,35,,,1,13,,50037,35,,,1,57,,50045,35,,,1,26,,50020,37,,,1,97,,50038,37,,,1,100,,50021,37,,,1,100,,50017,37,,,1,99,,50022,37,,,1,102,,50024,37,,,1,103,,50036,37,,,1
43101,'Semaine-5-_26ÉTÉ-1111100-',739,,52274,14,,,1
