2700,'Semaine-1-_26ÉTÉ-1111100-',1618,,37405,34,,,1,30,,37403,34,,,2,67,,37407,34,,,1,30,,37404,34,,,1,68,,37406,34,,,2
2700,'Semaine-10-_26ÉTÉ-1111100-',1618,,37410,34,,,1,30,,37408,34,,,2,67,,37412,34,,,1,30,,37409,34,,,1,68,,37411,34,,,2
2700,'Semaine-11-_26ÉTÉ-1111100-',1618,,45408,34,,,1,30,,45406,34,,,2,67,,45410,34,,,1,30,,45407,34,,,1,68,,45409,34,,,2
2700,'Semaine-5-_26ÉTÉ-1111100-',1618,,49979,34,,,1,30,,49977,34,,,2,67,,49981,34,,,1,30,,49978,34,,,1,68,,49980,34,,,2
3301,'Samedi-0-_26ÉTÉ-0000010-',706,,38084,10,,,1,100,,38085,10,,,1,100,,38082,10,,,2,100,,38088,10,,,1,100,,38089,10,,,1,100,,38083,10,,,1,100,,38086,10,,,1,100,,38087,10,,,1,101,,38090,10,,,1,99,,38091,10,,,1,100,,38092,10,,,1,100,,38099,10,,,1,100,,38093,10,,,1,100,,38094,10,,,1,100,,38095,10,,,1,100,,38096,10,,,1,100,,38097,10,,,1,100,,38098,10,,,1
3301,'Dimanche-0-_26ÉTÉ-0000001-',706,,38104,10,,,1,100,,38105,10,,,1,100,,38106,10,,,2,100,,38100,10,,,1,100,,38101,10,,,1,100,,38102,10,,,1,100,,38103,10,,,1,100,,38108,10,,,1,101,,38109,10,,,1,99,,38107,10,,,1,100,,38110,10,,,1,100,,38113,10,,,1,100,,38117,10,,,1,100,,38111,10,,,1,100,,38112,10,,,1,100,,38115,10,,,1,100,,38114,10,,,1,100,,38116,10,,,1
3301,'Dimanche-10-_26ÉTÉ-0000001-',706,,38122,10,,,1,100,,38123,10,,,1,100,,38124,10,,,2,100,,38118,10,,,1,100,,38119,10,,,1,100,,38120,10,,,1,100,,38121,10,,,1,100,,38126,10,,,1,101,,38127,10,,,1,99,,38125,10,,,1,100,,38128,10,,,1,100,,38131,10,,,1,100,,38135,10,,,1,100,,38129,10,,,1,100,,38130,10,,,1,100,,38133,10,,,1,100,,38132,10,,,1,100,,38134,10,,,1
3301,'Dimanche-11-_26ÉTÉ-0000001-',706,,48907,10,,,1,100,,48908,10,,,1,100,,48909,10,,,2,100,,48903,10,,,1,100,,48904,10,,,1,100,,48905,10,,,1,100,,48906,10,,,1,100,,48911,10,,,1,101,,48912,10,,,1,99,,48910,10,,,1,100,,48913,10,,,1,100,,48916,10,,,1,100,,48920,10,,,1,100,,48914,10,,,1,100,,48915,10,,,1,100,,48918,10,,,1,100,,48917,10,,,1,100,,48919,10,,,1
3301,'Semaine-1-_26ÉTÉ-1111100-',552,,38159,10,,,2,62,,38167,10,,,2,24,,38144,10,,,1,17,,38164,10,,,1,55,,38160,10,,,2,4,,38155,10,,,1,9,,38175,10,,,1,11,,38173,10,,,2,22,,38162,10,,,2,54,,38150,10,,,1,10,,38166,10,,,2,16,,38140,10,,,1,70,,38152,10,,,1,29,,38158,10,,,1,71,,38148,10,,,2,28,,38169,10,,,1,71,,38153,10,,,1,29,,38145,10,,,1,72,,38147,10,,,1,19,,38165,10,,,1,6,,38174,10,,,1,27,,38156,10,,,1,70,,38146,10,,,1,31,,38151,10,,,1,71,,38154,10,,,1,11,,38176,10,,,1,59,,38157,10,,,1,16,,38149,10,,,2,13,,38161,10,,,2,73,,38142,10,,,1,27,,38172,10,,,1,23,,38139,10,,,2,69,,38136,10,,,2,32,,38170,10,,,1,83,,38143,10,,,1,70,,38138,10,,,1,97,,38141,10,,,1,41,,38163,10,,,1,106,,38168,10,,,1,97,,38137,10,,,1,164,,38171,10,,,1
3301,'Semaine-10-_26ÉTÉ-1111100-',552,,38200,10,,,2,62,,38208,10,,,2,24,,38185,10,,,1,17,,38205,10,,,1,55,,38201,10,,,2,4,,38196,10,,,1,9,,38216,10,,,1,11,,38214,10,,,2,22,,38203,10,,,2,54,,38191,10,,,1,10,,38207,10,,,2,16,,38181,10,,,1,70,,38193,10,,,1,29,,38199,10,,,1,71,,38189,10,,,2,28,,38210,10,,,1,71,,38194,10,,,1,29,,38186,10,,,1,72,,38188,10,,,1,19,,38206,10,,,1,6,,38215,10,,,1,27,,38197,10,,,1,70,,38187,10,,,1,31,,38192,10,,,1,71,,38195,10,,,1,11,,38217,10,,,1,59,,38198,10,,,1,16,,38190,10,,,2,13,,38202,10,,,2,73,,38183,10,,,1,27,,38213,10,,,1,23,,38180,10,,,2,69,,38177,10,,,2,32,,38211,10,,,1,83,,38184,10,,,1,70,,38179,10,,,1,97,,38182,10,,,1,41,,38204,10,,,1,106,,38209,10,,,1,97,,38178,10,,,1,164,,38212,10,,,1
3301,'Semaine-11-_26ÉTÉ-1111100-',552,,45759,10,,,2,62,,45767,10,,,2,24,,45744,10,,,1,17,,45764,10,,,1,55,,45760,10,,,2,4,,45755,10,,,1,9,,45775,10,,,1,11,,45773,10,,,2,22,,45762,10,,,2,54,,45750,10,,,1,10,,45766,10,,,2,16,,45740,10,,,1,70,,45752,10,,,1,29,,45758,10,,,1,71,,45748,10,,,2,28,,45769,10,,,1,71,,45753,10,,,1,29,,45745,10,,,1,72,,45747,10,,,1,19,,45765,10,,,1,6,,45774,10,,,1,27,,45756,10,,,1,70,,45746,10,,,1,31,,45751,10,,,1,71,,45754,10,,,1,11,,45776,10,,,1,59,,45757,10,,,1,16,,45749,10,,,2,13,,45761,10,,,2,73,,45742,10,,,1,27,,45772,10,,,1,23,,45739,10,,,2,69,,45736,10,,,2,32,,45770,10,,,1,83,,45743,10,,,1,70,,45738,10,,,1,97,,45741,10,,,1,41,,45763,10,,,1,106,,45768,10,,,1,97,,45737,10,,,1,164,,45771,10,,,1
3301,'Semaine-5-_26ÉTÉ-1111100-',552,,50258,10,,,2,62,,50266,10,,,2,24,,50243,10,,,1,17,,50263,10,,,1,55,,50259,10,,,2,4,,50254,10,,,1,9,,50274,10,,,1,11,,50272,10,,,2,22,,50261,10,,,2,54,,50249,10,,,1,10,,50265,10,,,2,16,,50239,10,,,1,70,,50251,10,,,1,29,,50257,10,,,1,71,,50247,10,,,2,28,,50268,10,,,1,71,,50252,10,,,1,29,,50244,10,,,1,72,,50246,10,,,1,19,,50264,10,,,1,6,,50273,10,,,1,27,,50255,10,,,1,70,,50245,10,,,1,31,,50250,10,,,1,71,,50253,10,,,1,11,,50275,10,,,1,59,,50256,10,,,1,16,,50248,10,,,2,13,,50260,10,,,2,73,,50241,10,,,1,27,,50271,10,,,1,23,,50238,10,,,2,69,,50235,10,,,2,32,,50269,10,,,1,83,,50242,10,,,1,70,,50237,10,,,1,97,,50240,10,,,1,41,,50262,10,,,1,106,,50267,10,,,1,97,,50236,10,,,1,164,,50270,10,,,1
56601,'Semaine-5-_26ÉTÉ-1111100-',714,,52279,35,,,1
56901,'Semaine-5-_26ÉTÉ-1111100-',714,,52280,18,,,1
