5501,'Samedi-0-_26ÉTÉ-0000010-',713,,28663,41,,,1,30,,28666,41,,,1,70,,28665,41,,,1,30,,28675,41,,,1,70,,28664,41,,,1,30,,28667,41,,,1,70,,28668,41,,,1,30,,28674,41,,,1,72,,28670,41,,,1,30,,28671,41,,,1,71,,28669,41,,,1,28,,28677,41,,,1,70,,28676,41,,,1,30,,28672,41,,,1,70,,28673,41,,,1,30,,28678,41,,,1,70,,28679,41,,,1,30,,28680,41,,,1,70,,28681,41,,,1,30,,28682,41,,,1,70,,28683,41,,,1,30,,28684,41,,,1,70,,28685,41,,,1,28,,28686,41,,,1,70,,28687,41,,,1,30,,28688,41,,,1,70,,28689,41,,,1,29,,28690,41,,,1,70,,28691,41,,,1,30,,28693,41,,,1,68,,28692,41,,,1,32,,28695,41,,,1,68,,28694,41,,,1
5501,'Dimanche-0-_26ÉTÉ-0000001-',713,,28697,41,,,1,30,,28702,41,,,1,70,,28698,41,,,1,30,,28706,41,,,1,70,,28709,41,,,1,30,,28701,41,,,1,70,,28713,41,,,1,30,,28707,41,,,1,72,,28708,41,,,1,30,,28699,41,,,1,71,,28696,41,,,1,28,,28703,41,,,1,70,,28710,41,,,1,30,,28700,41,,,1,70,,28711,41,,,1,30,,28705,41,,,1,70,,28704,41,,,1,30,,28714,41,,,1,70,,28718,41,,,1,30,,28712,41,,,1,70,,28715,41,,,1,30,,28725,41,,,1,70,,28722,41,,,1,28,,28727,41,,,1,70,,28728,41,,,1,30,,28716,41,,,1,70,,28719,41,,,1,29,,28717,41,,,1,70,,28720,41,,,1,30,,28721,41,,,1,68,,28724,41,,,1,32,,28726,41,,,1,68,,28723,41,,,1
5501,'Semaine-1-_26ÉTÉ-1111100-',529,,25481,41,,,1,15,,25488,41,,,1,463,,25500,41,,,1,23,,25512,8,,,1,8,,25504,41,,,1,67,,25470,41,,,1,31,,25477,41,,,1,70,,25490,41,,,1,30,,25501,41,,,1,70,,25497,41,,,1,30,,25478,41,,,1,70,,25510,41,,,1,31,,25469,41,,,1,71,,25475,41,,,1,49,,25479,41,,,1,100,,25484,41,,,1,100,,25489,41,,,1,100,,25506,41,,,1,60,,25495,41,,,1,30,,25483,41,,,1,70,,25499,41,,,1,30,,25492,41,,,1,70,,25511,41,,,1,30,,25485,41,,,1,70,,25491,41,,,1,30,,25493,41,,,1,70,,25480,41,,,1,28,,25498,41,,,1,70,,25496,41,,,1
5501,'Semaine-10-_26ÉTÉ-1111100-',529,,28742,41,,,1,15,,28749,41,,,1,463,,28761,41,,,1,23,,28773,8,,,1,8,,28765,41,,,1,67,,28731,41,,,1,31,,28738,41,,,1,70,,28751,41,,,1,30,,28762,41,,,1,70,,28758,41,,,1,30,,28739,41,,,1,70,,28771,41,,,1,31,,28730,41,,,1,71,,28736,41,,,1,49,,28740,41,,,1,100,,28745,41,,,1,100,,28750,41,,,1,100,,28767,41,,,1,60,,28756,41,,,1,30,,28744,41,,,1,70,,28760,41,,,1,30,,28753,41,,,1,70,,28772,41,,,1,30,,28746,41,,,1,70,,28752,41,,,1,30,,28754,41,,,1,70,,28741,41,,,1,28,,28759,41,,,1,70,,28757,41,,,1
5801,'Semaine-1-_26ÉTÉ-1111100-',1644,,25539,29,,,1
5801,'Semaine-10-_26ÉTÉ-1111100-',1644,,28800,29,,,1
5901,'Samedi-0-_26ÉTÉ-0000010-',723,,28921,30,,,1,30,,28928,30,,,1,72,,28925,30,,,1,30,,28930,30,,,1,70,,28922,30,,,1,30,,28927,30,,,1,71,,28926,30,,,1,30,,28929,30,,,1,70,,28933,30,,,1,30,,28934,30,,,1,70,,28923,30,,,1,30,,28924,30,,,1,70,,28932,30,,,1,30,,28931,30,,,1,70,,28935,30,,,1,30,,28936,30,,,1,70,,28937,30,,,1,30,,28938,30,,,1,70,,28939,30,,,1,30,,28940,30,,,1,70,,28941,30,,,1,30,,28942,30,,,1,70,,28943,30,,,1,29,,28944,30,,,1,69,,28945,30,,,1,30,,28947,30,,,1,70,,28946,30,,,1,29,,28948,30,,,1,70,,28949,30,,,1,30,,28950,30,,,1,70,,28952,30,,,1,28,,28951,30,,,1
5901,'Dimanche-0-_26ÉTÉ-0000001-',723,,28959,30,,,1,30,,28962,30,,,1,72,,28964,30,,,1,30,,28955,30,,,1,70,,28958,30,,,1,30,,28961,30,,,1,71,,28965,30,,,1,30,,28953,30,,,1,70,,28956,30,,,1,30,,28970,30,,,1,70,,28963,30,,,1,30,,28954,30,,,1,70,,28957,30,,,1,30,,28960,30,,,1,70,,28967,30,,,1,30,,28966,30,,,1,70,,28969,30,,,1,30,,28971,30,,,1,70,,28968,30,,,1,30,,28977,30,,,1,70,,28978,30,,,1,30,,28974,30,,,1,70,,28973,30,,,1,29,,28983,30,,,1,69,,28980,30,,,1,30,,28981,30,,,1,70,,28972,30,,,1,29,,28975,30,,,1,70,,28979,30,,,1,30,,28976,30,,,1,70,,28982,30,,,1,28,,28984,30,,,1
5901,'Semaine-1-_26ÉTÉ-1111100-',523,,25596,30,,,1,14,,25632,30,,,1,15,,25605,30,,,1,470,,25633,30,,,1,30,,25620,30,,,1,70,,25602,30,,,1,30,,25613,30,,,1,70,,25616,30,,,1,30,,25601,30,,,1,70,,25630,30,,,1,30,,25592,30,,,1,70,,25634,30,,,1,30,,25624,30,,,1,76,,25627,30,,,1,99,,25631,30,,,1,100,,25611,30,,,1,100,,25618,30,,,1,75,,25623,30,,,1,30,,25610,30,,,1,70,,25617,30,,,1,30,,25622,30,,,1,70,,25629,30,,,1,30,,25607,30,,,1,70,,25625,30,,,1,29,,25615,30,,,1,70,,25598,30,,,1,30,,25608,30,,,1,70,,25621,30,,,1
5901,'Semaine-10-_26ÉTÉ-1111100-',523,,28989,30,,,1,14,,29025,30,,,1,15,,28998,30,,,1,470,,29026,30,,,1,30,,29013,30,,,1,70,,28995,30,,,1,30,,29006,30,,,1,70,,29009,30,,,1,30,,28994,30,,,1,70,,29023,30,,,1,30,,28985,30,,,1,70,,29027,30,,,1,30,,29017,30,,,1,76,,29020,30,,,1,99,,29024,30,,,1,100,,29004,30,,,1,100,,29011,30,,,1,75,,29016,30,,,1,30,,29003,30,,,1,70,,29010,30,,,1,30,,29015,30,,,1,70,,29022,30,,,1,30,,29000,30,,,1,70,,29018,30,,,1,29,,29008,30,,,1,70,,28991,30,,,1,30,,29001,30,,,1,70,,29014,30,,,1
80000,'Samedi-0-_26ÉTÉ-0000010-',730,,31394,34,,,2,100,,31395,34,,,1,100,,31396,34,,,2,101,,31398,34,,,1,100,,31399,34,,,2,100,,31397,34,,,2,100,,31400,34,,,1,100,,31401,34,,,2,100,,31402,34,,,1,100,,31403,34,,,2,100,,31404,34,,,2,100,,31405,34,,,1,100,,31408,34,,,1,99,,31406,34,,,1,100,,31407,34,,,2,98,,31409,34,,,1,100,,31410,34,,,1
80000,'Dimanche-0-_26ÉTÉ-0000001-',730,,31415,34,,,2,100,,31411,34,,,1,100,,31416,34,,,2,101,,31412,34,,,1,100,,31413,34,,,2,100,,31417,34,,,2,100,,31414,34,,,1,100,,31419,34,,,2,100,,31418,34,,,1,100,,31420,34,,,2,100,,31423,34,,,2,100,,31421,34,,,1,100,,31422,34,,,1,99,,31424,34,,,1,100,,31425,34,,,2,98,,31427,34,,,1,100,,31426,34,,,1
80000,'Semaine-1-_26ÉTÉ-1111100-',927,,26902,34,,,2,30,,26919,34,,,2,70,,26913,34,,,2,29,,26931,34,,,1,70,,26901,34,,,1,29,,26917,34,,,2,71,,26915,34,,,1,31,,26930,34,,,1,68,,26912,34,,,1,32,,26925,34,,,2,70,,26914,34,,,2,31,,26921,34,,,1,70,,26920,34,,,1,31,,26916,34,,,1,72,,26928,34,,,1,69,,26903,34,,,2,29,,26911,34,,,1,30,,26905,34,,,2,69,,26926,34,,,1,29,,26904,34,,,1,70,,26908,34,,,1,29,,26897,34,,,1,70,,26929,34,,,1,29,,26906,34,,,1,68,,26907,34,,,1,30,,26923,34,,,1,69,,26898,34,,,1,30,,26918,34,,,1
80000,'Semaine-10-_26ÉTÉ-1111100-',927,,31433,34,,,2,30,,31450,34,,,2,70,,31444,34,,,2,29,,31462,34,,,1,70,,31432,34,,,1,29,,31448,34,,,2,71,,31446,34,,,1,31,,31461,34,,,1,68,,31443,34,,,1,32,,31456,34,,,2,70,,31445,34,,,2,31,,31452,34,,,1,70,,31451,34,,,1,31,,31447,34,,,1,72,,31459,34,,,1,69,,31434,34,,,2,29,,31442,34,,,1,30,,31436,34,,,2,69,,31457,34,,,1,29,,31435,34,,,1,70,,31439,34,,,1,29,,31428,34,,,1,70,,31460,34,,,1,29,,31437,34,,,1,68,,31438,34,,,1,30,,31454,34,,,1,69,,31429,34,,,1,30,,31449,34,,,1
