3601,'Semaine-1-_26ÉTÉ-1111100-',909,,25047,40,,,1,50,,25045,40,,,1,100,,25048,40,,,1,141,,25046,40,,,1,100,,25051,40,,,1,59,,25050,40,,,1,141,,25049,40,,,1
3601,'Semaine-10-_26ÉTÉ-1111100-',909,,27732,40,,,1,50,,27730,40,,,1,100,,27733,40,,,1,141,,27731,40,,,1,100,,27736,40,,,1,59,,27735,40,,,1,141,,27734,40,,,1
3701,'Samedi-0-_26ÉTÉ-0000010-',706,,27803,32,,,1,100,,27808,32,,,1,100,,27802,32,,,1,102,,27807,32,,,1,101,,27804,32,,,1,99,,27805,32,,,1,100,,27809,32,,,1,102,,27806,32,,,1,100,,27810,32,,,1,100,,27811,32,,,1,100,,27812,32,,,1,97,,27813,32,,,1,100,,27814,32,,,1,102,,27815,32,,,1,98,,27816,32,,,1,96,,27817,32,,,1,99,,27818,32,,,1
3701,'Dimanche-0-_26ÉTÉ-0000001-',706,,27819,32,,,1,100,,27823,32,,,1,100,,27824,32,,,1,102,,27826,32,,,1,101,,27825,32,,,1,99,,27821,32,,,1,100,,27820,32,,,1,102,,27822,32,,,1,100,,27827,32,,,1,100,,27831,32,,,1,100,,27834,32,,,1,97,,27828,32,,,1,100,,27829,32,,,1,102,,27835,32,,,1,98,,27833,32,,,1,96,,27830,32,,,1,99,,27832,32,,,1
3701,'Dimanche-10-_26ÉTÉ-0000001-',706,,31689,32,,,1,100,,31693,32,,,1,100,,31694,32,,,1,102,,31696,32,,,1,101,,31695,32,,,1,99,,31691,32,,,1,100,,31690,32,,,1,102,,31692,32,,,1,100,,31697,32,,,1,100,,31701,32,,,1,100,,31704,32,,,1,97,,31698,32,,,1,100,,31699,32,,,1,102,,31705,32,,,1,98,,31703,32,,,1,96,,31700,32,,,1,99,,31702,32,,,1
3701,'Semaine-1-_26ÉTÉ-1111100-',533,,25094,32,,,1,71,,25092,32,,,1,35,,25096,32,,,1,70,,25086,32,,,1,31,,25103,32,,,1,60,,25083,32,,,1,10,,25104,32,,,1,30,,25085,32,,,1,100,,25102,32,,,1,100,,25090,32,,,1,100,,25084,32,,,1,101,,25082,32,,,1,99,,25087,32,,,1,101,,25098,32,,,1,100,,25081,32,,,1,71,,25097,32,,,1,30,,25100,32,,,1,70,,25095,32,,,1,29,,25101,32,,,1,70,,25105,32,,,1,45,,25089,32,,,1,98,,25099,32,,,1,101,,25091,32,,,1,99,,25088,32,,,1,97,,25093,32,,,1
3701,'Semaine-10-_26ÉTÉ-1111100-',533,,27849,32,,,1,71,,27847,32,,,1,35,,27851,32,,,1,70,,27841,32,,,1,31,,27858,32,,,1,60,,27838,32,,,1,10,,27859,32,,,1,30,,27840,32,,,1,100,,27857,32,,,1,100,,27845,32,,,1,100,,27839,32,,,1,101,,27837,32,,,1,99,,27842,32,,,1,101,,27853,32,,,1,100,,27836,32,,,1,71,,27852,32,,,1,30,,27855,32,,,1,70,,27850,32,,,1,29,,27856,32,,,1,70,,27860,32,,,1,45,,27844,32,,,1,98,,27854,32,,,1,101,,27846,32,,,1,99,,27843,32,,,1,97,,27848,32,,,1
37101,'Samedi-0-_26ÉTÉ-0000010-',738,,30859,33,,,1,99,,30858,33,,,1,104,,30862,33,,,1,100,,30861,33,,,1,99,,30863,33,,,1,102,,30860,33,,,1,101,,30864,33,,,1,100,,30865,33,,,1,98,,30866,33,,,1,100,,30867,33,,,1,98,,30868,33,,,1,100,,30869,33,,,1,100,,30870,33,,,1,98,,30871,33,,,1,100,,30872,33,,,1,97,,30873,33,,,1,100,,30874,33,,,1
37101,'Dimanche-0-_26ÉTÉ-0000001-',738,,30878,33,,,1,99,,30875,33,,,1,104,,30879,33,,,1,100,,30876,33,,,1,99,,30882,33,,,1,102,,30877,33,,,1,101,,30880,33,,,1,100,,30885,33,,,1,98,,30881,33,,,1,100,,30886,33,,,1,98,,30891,33,,,1,100,,30883,33,,,1,100,,30884,33,,,1,98,,30888,33,,,1,100,,30890,33,,,1,97,,30887,33,,,1,100,,30889,33,,,1
37101,'Dimanche-10-_26ÉTÉ-0000001-',738,,32417,33,,,1,99,,32414,33,,,1,104,,32418,33,,,1,100,,32415,33,,,1,99,,32421,33,,,1,102,,32416,33,,,1,101,,32419,33,,,1,100,,32424,33,,,1,98,,32420,33,,,1,100,,32425,33,,,1,98,,32430,33,,,1,100,,32422,33,,,1,100,,32423,33,,,1,98,,32427,33,,,1,100,,32429,33,,,1,97,,32426,33,,,1,100,,32428,33,,,1
37101,'Semaine-1-_26ÉTÉ-1111100-',546,,26703,33,,,1,71,,26706,33,,,1,31,,26699,33,,,1,72,,26701,33,,,1,30,,26711,33,,,1,70,,26710,33,,,1,29,,26705,33,,,1,70,,26689,33,,,1,100,,26696,33,,,1,100,,26694,33,,,1,99,,26695,33,,,1,102,,26709,33,,,1,100,,26692,33,,,1,100,,26693,33,,,1,31,,26690,33,,,1,68,,26697,33,,,1,32,,26707,33,,,1,69,,26708,33,,,1,30,,26687,33,,,1,80,,26691,33,,,1,94,,26702,33,,,1,100,,26704,33,,,1,100,,26688,33,,,1,100,,26698,33,,,1,183,,26700,33,,,1
37101,'Semaine-10-_26ÉTÉ-1111100-',546,,30908,33,,,1,71,,30911,33,,,1,31,,30904,33,,,1,72,,30906,33,,,1,30,,30916,33,,,1,70,,30915,33,,,1,29,,30910,33,,,1,70,,30894,33,,,1,100,,30901,33,,,1,100,,30899,33,,,1,99,,30900,33,,,1,102,,30914,33,,,1,100,,30897,33,,,1,100,,30898,33,,,1,31,,30895,33,,,1,68,,30902,33,,,1,32,,30912,33,,,1,69,,30913,33,,,1,30,,30892,33,,,1,80,,30896,33,,,1,94,,30907,33,,,1,100,,30909,33,,,1,100,,30893,33,,,1,100,,30903,33,,,1,183,,30905,33,,,1
