2700,'Semaine-1-_26ÉTÉ-1111100-',1619,,37405,36,,,1,30,,37403,36,,,2,67,,37407,36,,,1,30,,37404,36,,,1,68,,37406,36,,,2
2700,'Semaine-10-_26ÉTÉ-1111100-',1619,,37410,36,,,1,30,,37408,36,,,2,67,,37412,36,,,1,30,,37409,36,,,1,68,,37411,36,,,2
2700,'Semaine-11-_26ÉTÉ-1111100-',1619,,45408,36,,,1,30,,45406,36,,,2,67,,45410,36,,,1,30,,45407,36,,,1,68,,45409,36,,,2
2700,'Semaine-12-_26ÉTÉ-1111100-',1619,,52416,36,,,1,30,,52414,36,,,2,67,,52418,36,,,1,30,,52415,36,,,1,68,,52417,36,,,2
2700,'Semaine-5-_26ÉTÉ-1111100-',1619,,49979,36,,,1,30,,49977,36,,,2,67,,49981,36,,,1,30,,49978,36,,,1,68,,49980,36,,,2
3301,'Samedi-0-_26ÉTÉ-0000010-',708,,38084,12,,,1,100,,38085,12,,,1,100,,38082,12,,,2,100,,38088,12,,,1,100,,38089,12,,,1,100,,38083,12,,,1,100,,38086,12,,,1,100,,38087,12,,,1,101,,38090,12,,,1,99,,38091,12,,,1,100,,38092,12,,,1,100,,38099,12,,,1,100,,38093,12,,,1,100,,38094,12,,,1,100,,38095,12,,,1,100,,38096,12,,,1,100,,38097,12,,,1,100,,38098,12,,,1
3301,'Dimanche-0-_26ÉTÉ-0000001-',708,,38104,12,,,1,100,,38105,12,,,1,100,,38106,12,,,2,100,,38100,12,,,1,100,,38101,12,,,1,100,,38102,12,,,1,100,,38103,12,,,1,100,,38108,12,,,1,101,,38109,12,,,1,99,,38107,12,,,1,100,,38110,12,,,1,100,,38113,12,,,1,100,,38117,12,,,1,100,,38111,12,,,1,100,,38112,12,,,1,100,,38115,12,,,1,100,,38114,12,,,1,100,,38116,12,,,1
3301,'Dimanche-10-_26ÉTÉ-0000001-',708,,38122,12,,,1,100,,38123,12,,,1,100,,38124,12,,,2,100,,38118,12,,,1,100,,38119,12,,,1,100,,38120,12,,,1,100,,38121,12,,,1,100,,38126,12,,,1,101,,38127,12,,,1,99,,38125,12,,,1,100,,38128,12,,,1,100,,38131,12,,,1,100,,38135,12,,,1,100,,38129,12,,,1,100,,38130,12,,,1,100,,38133,12,,,1,100,,38132,12,,,1,100,,38134,12,,,1
3301,'Dimanche-11-_26ÉTÉ-0000001-',708,,48907,12,,,1,100,,48908,12,,,1,100,,48909,12,,,2,100,,48903,12,,,1,100,,48904,12,,,1,100,,48905,12,,,1,100,,48906,12,,,1,100,,48911,12,,,1,101,,48912,12,,,1,99,,48910,12,,,1,100,,48913,12,,,1,100,,48916,12,,,1,100,,48920,12,,,1,100,,48914,12,,,1,100,,48915,12,,,1,100,,48918,12,,,1,100,,48917,12,,,1,100,,48919,12,,,1
3301,'Semaine-1-_26ÉTÉ-1111100-',554,,38159,12,,,2,62,,38167,12,,,2,24,,38144,12,,,1,17,,38164,12,,,1,55,,38160,12,,,2,4,,38155,12,,,1,9,,38175,12,,,1,11,,38173,12,,,2,22,,38162,12,,,2,54,,38150,12,,,1,10,,38166,12,,,2,16,,38140,12,,,1,70,,38152,12,,,1,29,,38158,12,,,1,71,,38148,12,,,2,28,,38169,12,,,1,71,,38153,12,,,1,29,,38145,12,,,1,72,,38147,12,,,1,19,,38165,12,,,1,6,,38174,12,,,1,67,,38156,12,,,1,30,,38146,12,,,1,71,,38151,12,,,1,31,,38154,12,,,1,11,,38176,12,,,1,59,,38157,12,,,1,16,,38149,12,,,2,13,,38161,12,,,2,73,,38142,12,,,1,27,,38172,12,,,1,23,,38139,12,,,2,69,,38136,12,,,2,32,,38170,12,,,1,83,,38143,12,,,1,70,,38138,12,,,1,97,,38141,12,,,1,41,,38163,12,,,1,106,,38168,12,,,1,97,,38137,12,,,1,164,,38171,12,,,1
3301,'Semaine-10-_26ÉTÉ-1111100-',554,,38200,12,,,2,62,,38208,12,,,2,24,,38185,12,,,1,17,,38205,12,,,1,55,,38201,12,,,2,4,,38196,12,,,1,9,,38216,12,,,1,11,,38214,12,,,2,22,,38203,12,,,2,54,,38191,12,,,1,10,,38207,12,,,2,16,,38181,12,,,1,70,,38193,12,,,1,29,,38199,12,,,1,71,,38189,12,,,2,28,,38210,12,,,1,71,,38194,12,,,1,29,,38186,12,,,1,72,,38188,12,,,1,19,,38206,12,,,1,6,,38215,12,,,1,67,,38197,12,,,1,30,,38187,12,,,1,71,,38192,12,,,1,31,,38195,12,,,1,11,,38217,12,,,1,59,,38198,12,,,1,16,,38190,12,,,2,13,,38202,12,,,2,73,,38183,12,,,1,27,,38213,12,,,1,23,,38180,12,,,2,69,,38177,12,,,2,32,,38211,12,,,1,83,,38184,12,,,1,70,,38179,12,,,1,97,,38182,12,,,1,41,,38204,12,,,1,106,,38209,12,,,1,97,,38178,12,,,1,164,,38212,12,,,1
3301,'Semaine-11-_26ÉTÉ-1111100-',554,,45759,12,,,2,62,,45767,12,,,2,24,,45744,12,,,1,17,,45764,12,,,1,55,,45760,12,,,2,4,,45755,12,,,1,9,,45775,12,,,1,11,,45773,12,,,2,22,,45762,12,,,2,54,,45750,12,,,1,10,,45766,12,,,2,16,,45740,12,,,1,70,,45752,12,,,1,29,,45758,12,,,1,71,,45748,12,,,2,28,,45769,12,,,1,71,,45753,12,,,1,29,,45745,12,,,1,72,,45747,12,,,1,19,,45765,12,,,1,6,,45774,12,,,1,67,,45756,12,,,1,30,,45746,12,,,1,71,,45751,12,,,1,31,,45754,12,,,1,11,,45776,12,,,1,59,,45757,12,,,1,16,,45749,12,,,2,13,,45761,12,,,2,73,,45742,12,,,1,27,,45772,12,,,1,23,,45739,12,,,2,69,,45736,12,,,2,32,,45770,12,,,1,83,,45743,12,,,1,70,,45738,12,,,1,97,,45741,12,,,1,41,,45763,12,,,1,106,,45768,12,,,1,97,,45737,12,,,1,164,,45771,12,,,1
3301,'Semaine-12-_26ÉTÉ-1111100-',554,,52694,12,,,2,62,,52702,12,,,2,24,,52679,12,,,1,17,,52699,12,,,1,55,,52695,12,,,2,4,,52690,12,,,1,9,,52710,12,,,1,11,,52708,12,,,2,22,,52697,12,,,2,54,,52685,12,,,1,10,,52701,12,,,2,16,,52675,12,,,1,70,,52687,12,,,1,29,,52693,12,,,1,71,,52683,12,,,2,28,,52704,12,,,1,71,,52688,12,,,1,29,,52680,12,,,1,72,,52682,12,,,1,19,,52700,12,,,1,6,,52709,12,,,1,67,,52691,12,,,1,30,,52681,12,,,1,71,,52686,12,,,1,31,,52689,12,,,1,11,,52711,12,,,1,59,,52692,12,,,1,16,,52684,12,,,2,13,,52696,12,,,2,73,,52677,12,,,1,27,,52707,12,,,1,23,,52674,12,,,2,69,,52671,12,,,2,32,,52705,12,,,1,83,,52678,12,,,1,70,,52673,12,,,1,97,,52676,12,,,1,41,,52698,12,,,1,106,,52703,12,,,1,97,,52672,12,,,1,164,,52706,12,,,1
3301,'Semaine-5-_26ÉTÉ-1111100-',554,,50258,12,,,2,62,,50266,12,,,2,24,,50243,12,,,1,17,,50263,12,,,1,55,,50259,12,,,2,4,,50254,12,,,1,9,,50274,12,,,1,11,,50272,12,,,2,22,,50261,12,,,2,54,,50249,12,,,1,10,,50265,12,,,2,16,,50239,12,,,1,70,,50251,12,,,1,29,,50257,12,,,1,71,,50247,12,,,2,28,,50268,12,,,1,71,,50252,12,,,1,29,,50244,12,,,1,72,,50246,12,,,1,19,,50264,12,,,1,6,,50273,12,,,1,67,,50255,12,,,1,30,,50245,12,,,1,71,,50250,12,,,1,31,,50253,12,,,1,11,,50275,12,,,1,59,,50256,12,,,1,16,,50248,12,,,2,13,,50260,12,,,2,73,,50241,12,,,1,27,,50271,12,,,1,23,,50238,12,,,2,69,,50235,12,,,2,32,,50269,12,,,1,83,,50242,12,,,1,70,,50237,12,,,1,97,,50240,12,,,1,41,,50262,12,,,1,106,,50267,12,,,1,97,,50236,12,,,1,164,,50270,12,,,1
56601,'Semaine-5-_26ÉTÉ-1111100-',715,,52279,37,,,1
56901,'Semaine-5-_26ÉTÉ-1111100-',715,,52280,20,,,1
