9501,'Semaine-1-_26ÉTÉ-1111100-',546,,43729,28,,,1,55,,43725,28,,,1,15,,43727,28,,,1,15,,43732,28,,,2,15,,43728,28,,,2,55,,43730,28,,,2,17,,43731,28,,,1,13,,43726,28,,,2
9501,'Semaine-10-_26ÉTÉ-1111100-',546,,43737,28,,,1,55,,43733,28,,,1,15,,43735,28,,,1,15,,43740,28,,,2,15,,43736,28,,,2,55,,43738,28,,,2,17,,43739,28,,,1,13,,43734,28,,,2
9501,'Semaine-11-_26ÉTÉ-1111100-',546,,48155,28,,,1,55,,48151,28,,,1,15,,48153,28,,,1,15,,48158,28,,,2,15,,48154,28,,,2,55,,48156,28,,,2,17,,48157,28,,,1,13,,48152,28,,,2
9501,'Semaine-12-_26ÉTÉ-1111100-',546,,54331,28,,,1,55,,54327,28,,,1,15,,54329,28,,,1,15,,54334,28,,,2,15,,54330,28,,,2,55,,54332,28,,,2,17,,54333,28,,,1,13,,54328,28,,,2
9501,'Semaine-5-_26ÉTÉ-1111100-',546,,51898,28,,,1,55,,51894,28,,,1,15,,51896,28,,,1,15,,51901,28,,,2,15,,51897,28,,,2,55,,51899,28,,,2,17,,51900,28,,,1,13,,51895,28,,,2
9701,'Samedi-0-_26ÉTÉ-0000010-',740,,43834,32,,,2,100,,43837,32,,,1,101,,43835,32,,,2,100,,43838,32,,,2,100,,43832,32,,,1,100,,43833,32,,,1,101,,43836,32,,,2,100,,43839,32,,,2,100,,43840,32,,,1,100,,43841,32,,,2,100,,43842,32,,,2,100,,43843,32,,,1,100,,43847,32,,,1,100,,43844,32,,,1,99,,43845,32,,,1,100,,43846,32,,,1
9701,'Dimanche-0-_26ÉTÉ-0000001-',740,,43854,32,,,2,100,,43851,32,,,1,101,,43852,32,,,2,100,,43855,32,,,2,100,,43850,32,,,1,100,,43849,32,,,1,101,,43848,32,,,2,100,,43853,32,,,2,100,,43857,32,,,1,100,,43856,32,,,2,100,,43861,32,,,2,100,,43862,32,,,1,100,,43863,32,,,1,100,,43858,32,,,1,99,,43859,32,,,1,100,,43860,32,,,1
9701,'Dimanche-10-_26ÉTÉ-0000001-',740,,43870,32,,,2,100,,43867,32,,,1,101,,43868,32,,,2,100,,43871,32,,,2,100,,43866,32,,,1,100,,43865,32,,,1,101,,43864,32,,,2,100,,43869,32,,,2,100,,43873,32,,,1,100,,43872,32,,,2,100,,43877,32,,,2,100,,43878,32,,,1,100,,43879,32,,,1,100,,43874,32,,,1,99,,43875,32,,,1,100,,43876,32,,,1
9701,'Dimanche-11-_26ÉTÉ-0000001-',740,,49703,32,,,2,100,,49700,32,,,1,101,,49701,32,,,2,100,,49704,32,,,2,100,,49699,32,,,1,100,,49698,32,,,1,101,,49697,32,,,2,100,,49702,32,,,2,100,,49706,32,,,1,100,,49705,32,,,2,100,,49710,32,,,2,100,,49711,32,,,1,100,,49712,32,,,1,100,,49707,32,,,1,99,,49708,32,,,1,100,,49709,32,,,1
9701,'Semaine-1-_26ÉTÉ-1111100-',622,,43894,32,,,1,100,,43887,32,,,2,110,,43896,32,,,1,103,,43885,32,,,2,100,,43882,32,,,1,100,,43895,32,,,2,98,,43890,32,,,2,102,,43886,32,,,1,100,,43892,32,,,2,102,,43880,32,,,1,97,,43883,32,,,1,99,,43891,32,,,1,98,,43893,32,,,2,95,,43884,32,,,2,98,,43888,32,,,1,100,,43881,32,,,2,100,,43889,32,,,1
9701,'Semaine-10-_26ÉTÉ-1111100-',622,,43911,32,,,1,100,,43904,32,,,2,110,,43913,32,,,1,103,,43902,32,,,2,100,,43899,32,,,1,100,,43912,32,,,2,98,,43907,32,,,2,102,,43903,32,,,1,100,,43909,32,,,2,102,,43897,32,,,1,97,,43900,32,,,1,99,,43908,32,,,1,98,,43910,32,,,2,95,,43901,32,,,2,98,,43905,32,,,1,100,,43898,32,,,2,100,,43906,32,,,1
9701,'Semaine-11-_26ÉTÉ-1111100-',622,,48226,32,,,1,100,,48219,32,,,2,110,,48228,32,,,1,103,,48217,32,,,2,100,,48214,32,,,1,100,,48227,32,,,2,98,,48222,32,,,2,102,,48218,32,,,1,100,,48224,32,,,2,102,,48212,32,,,1,97,,48215,32,,,1,99,,48223,32,,,1,98,,48225,32,,,2,95,,48216,32,,,2,98,,48220,32,,,1,100,,48213,32,,,2,100,,48221,32,,,1
9701,'Semaine-12-_26ÉTÉ-1111100-',622,,54369,32,,,1,100,,54362,32,,,2,110,,54371,32,,,1,103,,54360,32,,,2,100,,54357,32,,,1,100,,54370,32,,,2,98,,54365,32,,,2,102,,54361,32,,,1,100,,54367,32,,,2,102,,54355,32,,,1,97,,54358,32,,,1,99,,54366,32,,,1,98,,54368,32,,,2,95,,54359,32,,,2,98,,54363,32,,,1,100,,54356,32,,,2,100,,54364,32,,,1
9701,'Semaine-5-_26ÉTÉ-1111100-',622,,51936,32,,,1,100,,51929,32,,,2,110,,51938,32,,,1,103,,51927,32,,,2,100,,51924,32,,,1,100,,51937,32,,,2,98,,51932,32,,,2,102,,51928,32,,,1,100,,51934,32,,,2,102,,51922,32,,,1,97,,51925,32,,,1,99,,51933,32,,,1,98,,51935,32,,,2,95,,51926,32,,,2,98,,51930,32,,,1,100,,51923,32,,,2,100,,51931,32,,,1
9801,'Semaine-1-_26ÉTÉ-1111100-',518,,43914,28,,,1,10,,43915,28,,,1,10,,43916,28,,,1
9801,'Semaine-10-_26ÉTÉ-1111100-',518,,43917,28,,,1,10,,43918,28,,,1,10,,43919,28,,,1
9801,'Semaine-11-_26ÉTÉ-1111100-',518,,48229,28,,,1,10,,48230,28,,,1,10,,48231,28,,,1
9801,'Semaine-12-_26ÉTÉ-1111100-',518,,54372,28,,,1,10,,54373,28,,,1,10,,54374,28,,,1
9801,'Semaine-5-_26ÉTÉ-1111100-',518,,51939,28,,,1,10,,51940,28,,,1,10,,51941,28,,,1
