6400,'Samedi-0-_26ÉTÉ-0000010-',733,,29153,3,,,1,100,,29155,3,,,1,100,,29158,3,,,1,100,,29156,3,,,2,100,,29159,3,,,1,100,,29154,3,,,1,100,,29157,3,,,2,100,,29160,3,,,1,100,,29161,3,,,1,100,,29162,3,,,1,100,,29163,3,,,1,100,,29164,3,,,1
6400,'Dimanche-0-_26ÉTÉ-0000001-',733,,29165,3,,,1,100,,29170,3,,,1,100,,29166,3,,,1,100,,29169,3,,,2,100,,29172,3,,,1,100,,29171,3,,,1,100,,29168,3,,,2,100,,29167,3,,,1,100,,29175,3,,,1,100,,29176,3,,,1,100,,29173,3,,,1,100,,29174,3,,,1
6400,'Dimanche-10-_26ÉTÉ-0000001-',733,,32041,3,,,1,100,,32046,3,,,1,100,,32042,3,,,1,100,,32045,3,,,2,100,,32048,3,,,1,100,,32047,3,,,1,100,,32044,3,,,2,100,,32043,3,,,1,100,,32051,3,,,1,100,,32052,3,,,1,100,,32049,3,,,1,100,,32050,3,,,1
6400,'Semaine-1-_26ÉTÉ-1111100-',647,,25736,3,,,1,70,,25733,3,,,2,30,,25728,3,,,2,75,,25732,3,,,2,95,,25734,3,,,2,100,,25739,3,,,2,100,,25738,3,,,1,100,,25731,3,,,2,100,,25744,3,,,1,100,,25740,3,,,1,95,,25741,3,,,1,30,,25746,3,,,1,102,,25745,3,,,1,98,,25742,3,,,2,100,,25743,3,,,1,100,,25735,3,,,1,100,,25729,3,,,1,100,,25737,3,,,1,100,,25730,3,,,1
6400,'Semaine-10-_26ÉTÉ-1111100-',647,,29185,3,,,1,70,,29182,3,,,2,30,,29177,3,,,2,75,,29181,3,,,2,95,,29183,3,,,2,100,,29188,3,,,2,100,,29187,3,,,1,100,,29180,3,,,2,100,,29193,3,,,1,100,,29189,3,,,1,95,,29190,3,,,1,30,,29195,3,,,1,102,,29194,3,,,1,98,,29191,3,,,2,100,,29192,3,,,1,100,,29184,3,,,2,100,,29178,3,,,1,100,,29186,3,,,1,100,,29179,3,,,1
6600,'Samedi-0-_26ÉTÉ-0000010-',712,,29374,3,,,1,100,,29377,3,,,1,100,,29375,3,,,2,100,,29378,3,,,1,100,,29372,3,,,1,100,,29373,3,,,1,100,,29376,3,,,1,100,,29379,3,,,2,100,,29380,3,,,1,100,,29381,3,,,1,100,,29382,3,,,1,100,,29383,3,,,1,100,,29385,3,,,1,100,,29384,3,,,1,100,,29386,3,,,1,100,,29387,3,,,1,100,,29388,3,,,2
6600,'Dimanche-0-_26ÉTÉ-0000001-',712,,29393,3,,,1,100,,29394,3,,,1,100,,29395,3,,,2,100,,29397,3,,,1,100,,29389,3,,,1,100,,29396,3,,,1,100,,29390,3,,,1,100,,29391,3,,,2,100,,29392,3,,,1,100,,29401,3,,,1,100,,29403,3,,,1,100,,29399,3,,,1,100,,29400,3,,,1,100,,29398,3,,,1,100,,29402,3,,,1,100,,29404,3,,,1,100,,29405,3,,,2
6600,'Dimanche-10-_26ÉTÉ-0000001-',712,,32102,3,,,1,100,,32103,3,,,1,100,,32104,3,,,2,100,,32106,3,,,1,100,,32098,3,,,1,100,,32105,3,,,1,100,,32099,3,,,1,100,,32100,3,,,2,100,,32101,3,,,1,100,,32110,3,,,1,100,,32112,3,,,1,100,,32108,3,,,1,100,,32109,3,,,1,100,,32107,3,,,1,100,,32111,3,,,1,100,,32113,3,,,1,100,,32114,3,,,2
6600,'Semaine-1-_26ÉTÉ-1111100-',556,,25843,3,,,1,60,,25849,3,,,2,20,,25844,3,,,2,20,,25836,3,,,2,60,,25848,3,,,2,20,,25841,3,,,1,20,,25855,3,,,2,60,,25835,3,,,2,20,,25846,3,,,2,20,,25856,3,,,2,100,,25845,3,,,1,100,,25837,3,,,2,100,,25860,3,,,1,100,,25861,3,,,2,101,,25847,3,,,2,99,,25857,3,,,1,61,,25850,3,,,2,20,,25833,3,,,1,20,,25852,3,,,2,60,,25858,3,,,2,21,,25863,3,,,2,19,,25834,3,,,1,60,,25853,3,,,2,20,,25851,3,,,1,20,,25839,3,,,2,60,,25859,3,,,1,100,,25840,3,,,1,100,,25838,3,,,1,99,,25842,3,,,1,100,,25854,3,,,1,100,,25862,3,,,1
6600,'Semaine-10-_26ÉTÉ-1111100-',556,,29416,3,,,1,60,,29422,3,,,2,20,,29417,3,,,2,20,,29409,3,,,2,60,,29421,3,,,2,20,,29414,3,,,1,20,,29428,3,,,2,60,,29408,3,,,2,20,,29419,3,,,2,20,,29429,3,,,2,100,,29418,3,,,1,100,,29410,3,,,2,100,,29433,3,,,1,100,,29434,3,,,2,101,,29420,3,,,2,99,,29430,3,,,1,61,,29423,3,,,2,20,,29406,3,,,1,20,,29425,3,,,2,60,,29431,3,,,2,21,,29436,3,,,2,19,,29407,3,,,1,60,,29426,3,,,2,20,,29424,3,,,1,20,,29412,3,,,2,60,,29432,3,,,1,100,,29413,3,,,1,100,,29411,3,,,1,99,,29415,3,,,1,100,,29427,3,,,1,100,,29435,3,,,1
6900,'Samedi-0-_26ÉTÉ-0000010-',844,,29754,3,,,1,100,,29753,3,,,1,100,,29755,3,,,1,100,,29757,3,,,1,100,,29756,3,,,1,100,,29758,3,,,1,101,,29759,3,,,1,99,,29760,3,,,1,100,,29761,3,,,1,100,,29762,3,,,1,100,,29763,3,,,1,100,,29764,3,,,2,100,,29765,3,,,2,100,,29766,3,,,2,100,,29767,3,,,2
6900,'Dimanche-0-_26ÉTÉ-0000001-',844,,29770,3,,,1,100,,29771,3,,,1,100,,29768,3,,,1,100,,29769,3,,,1,100,,29772,3,,,1,100,,29773,3,,,1,101,,29776,3,,,1,99,,29777,3,,,1,100,,29774,3,,,1,100,,29775,3,,,1,100,,29782,3,,,1,100,,29780,3,,,2,100,,29781,3,,,2,100,,29778,3,,,2,100,,29779,3,,,2
6900,'Dimanche-10-_26ÉTÉ-0000001-',844,,32190,3,,,1,100,,32191,3,,,1,100,,32188,3,,,1,100,,32189,3,,,1,100,,32192,3,,,1,100,,32193,3,,,1,101,,32196,3,,,1,99,,32197,3,,,1,100,,32194,3,,,1,100,,32195,3,,,1,100,,32202,3,,,1,100,,32200,3,,,2,100,,32201,3,,,2,100,,32198,3,,,2,100,,32199,3,,,2
6900,'Semaine-1-_26ÉTÉ-1111100-',837,,26043,3,,,1,101,,26044,3,,,2,100,,26045,3,,,2,100,,26046,3,,,2,95,,26047,3,,,2,100,,26048,3,,,1,100,,26052,3,,,2,70,,26039,3,,,1,30,,26036,3,,,2,71,,26034,3,,,1,29,,26049,3,,,2,72,,26040,3,,,2,28,,26050,3,,,2,70,,26053,3,,,2,30,,26051,3,,,2,80,,26042,3,,,2,100,,26041,3,,,2,100,,26035,3,,,1,100,,26038,3,,,1,100,,26037,3,,,1
6900,'Semaine-10-_26ÉTÉ-1111100-',837,,29792,3,,,1,101,,29793,3,,,2,100,,29794,3,,,2,100,,29795,3,,,2,95,,29796,3,,,2,100,,29797,3,,,1,100,,29801,3,,,2,70,,29788,3,,,1,30,,29785,3,,,2,71,,29783,3,,,1,29,,29798,3,,,2,72,,29789,3,,,2,28,,29799,3,,,2,70,,29802,3,,,2,30,,29800,3,,,2,80,,29791,3,,,2,100,,29790,3,,,2,100,,29784,3,,,2,100,,29787,3,,,2,100,,29786,3,,,2
