4000,'Semaine-4',1529,,33893,20,,,1,30,,33889,20,,,2,75,,33892,20,,,1,67,,33891,20,,,2,28,,33890,20,,,1,26,,33894,20,,,1
4100,'Semaine-4',1540,,33902,20,,,1,71,,33904,20,,,1,33,,33903,20,,,1,66,,33901,20,,,1,29,,33905,20,,,1
4500,'Semaine-4',1514,,33920,20,,,1,35,,33915,20,,,1,70,,33916,20,,,1,30,,33918,20,,,2,69,,33919,20,,,1,27,,33917,20,,,1
4700,'Semaine-4',1536,,33927,20,,,1,102,,33929,20,,,2,95,,33928,20,,,2
5500,'Samedi-3',709,,34202,21,,,1,30,,34199,21,,,1,70,,34200,21,,,1,30,,34203,21,,,1,70,,34201,21,,,1,29,,34208,21,,,1,69,,34205,21,,,1,29,,34206,21,,,1,75,,34211,21,,,1,27,,34210,21,,,1,68,,34204,21,,,1,30,,34207,21,,,1,70,,34209,21,,,1,34,,34212,21,,,1,70,,34213,21,,,1,30,,34214,21,,,1,70,,34215,21,,,1,28,,34216,21,,,1,70,,34217,21,,,1,30,,34218,21,,,1,70,,34219,21,,,1,30,,34220,21,,,1,72,,34221,21,,,1,28,,34222,21,,,1,70,,34224,21,,,1,33,,34223,21,,,1,67,,34225,21,,,1,30,,34227,21,,,1,71,,34226,21,,,1,31,,34228,21,,,1,68,,34229,21,,,1,30,,34232,21,,,1,70,,34234,21,,,1,30,,34231,21,,,1,71,,34230,21,,,1,27,,34233,21,,,1
5500,'Dimanche-3',709,,34237,21,,,1,30,,34242,21,,,1,70,,34246,21,,,1,30,,34240,21,,,1,70,,34238,21,,,1,29,,34243,21,,,1,69,,34245,21,,,1,29,,34239,21,,,1,75,,34235,21,,,1,27,,34236,21,,,1,68,,34248,21,,,1,30,,34252,21,,,1,70,,34250,21,,,1,34,,34247,21,,,1,70,,34241,21,,,1,30,,34255,21,,,1,70,,34256,21,,,1,28,,34257,21,,,1,70,,34251,21,,,1,30,,34264,21,,,1,70,,34261,21,,,1,30,,34249,21,,,1,72,,34269,21,,,1,28,,34263,21,,,1,70,,34244,21,,,1,33,,34267,21,,,1,67,,34260,21,,,1,30,,34253,21,,,1,71,,34258,21,,,1,31,,34254,21,,,1,68,,34265,21,,,1,30,,34262,21,,,1,70,,34259,21,,,1,30,,34268,21,,,1,71,,34266,21,,,1,28,,34270,21,,,1
5500,'Semaine-4',603,,34273,21,,,1,105,,34289,21,,,1,104,,34272,21,,,1,97,,34308,21,,,1,28,,34309,21,,,1,69,,34278,21,,,1,29,,34288,21,,,1,71,,34292,21,,,1,31,,34314,21,,,1,71,,34274,21,,,1,30,,34313,21,,,1,69,,34291,21,,,1,30,,34306,21,,,1,69,,34300,21,,,1,24,,34307,21,,,1,16,,34293,21,,,1,57,,34271,21,,,1,14,,34312,21,,,1,17,,34282,21,,,1,15,,34315,21,,,1,53,,34303,21,,,1,10,,34275,21,,,1,13,,34286,21,,,1,14,,34318,21,,,1,13,,34311,21,,,1,51,,34277,21,,,1,12,,34294,21,,,1,9,,34287,21,,,1,11,,34316,21,,,1,11,,34301,21,,,1,9,,34281,21,,,1,52,,34276,21,,,1,10,,34317,21,,,1,12,,34285,21,,,1,11,,34280,21,,,1,10,,34290,21,,,1,70,,34305,21,,,1,29,,34310,21,,,1,70,,34297,21,,,1,30,,34283,21,,,1,70,,34304,21,,,1,29,,34295,21,,,1,70,,34298,21,,,1,30,,34284,21,,,1,70,,34299,21,,,1,30,,34296,21,,,1,69,,34279,21,,,1,29,,34302,21,,,1
5601,'Semaine-4',1231,,34444,23,,,1,102,,34441,23,,,1,100,,34440,23,,,1,101,,34443,23,,,1,105,,34442,23,,,2,97,,34445,23,,,1,96,,34446,23,,,1
5800,'Semaine-4',822,,34451,8,,,2,399,,34452,8,,,1,300,,34454,8,,,2,30,,34449,8,,,2,70,,34450,8,,,1,30,,34453,8,,,1,69,,34448,8,,,1,31,,34447,8,,,1
5900,'Samedi-3',723,,34466,21,,,1,30,,34469,21,,,1,70,,34462,21,,,1,30,,34468,21,,,1,70,,34465,21,,,1,30,,34470,21,,,1,70,,34474,21,,,1,30,,34475,21,,,1,70,,34464,21,,,1,30,,34463,21,,,1,71,,34473,21,,,1,30,,34467,21,,,1,70,,34471,21,,,1,30,,34476,21,,,1,70,,34472,21,,,1,30,,34477,21,,,1,70,,34478,21,,,1,29,,34479,21,,,1,70,,34480,21,,,1,32,,34481,21,,,1,69,,34482,21,,,1,30,,34483,21,,,1,69,,34484,21,,,1,30,,34485,21,,,1,70,,34486,21,,,1,30,,34488,21,,,1,70,,34487,21,,,1,30,,34490,21,,,1,70,,34489,21,,,1,30,,34491,21,,,1,70,,34492,21,,,1,30,,34494,21,,,1,70,,34493,21,,,1,30,,34495,21,,,1
5900,'Dimanche-3',723,,34502,21,,,1,30,,34497,21,,,1,70,,34500,21,,,1,30,,34505,21,,,1,70,,34509,21,,,1,30,,34498,21,,,1,70,,34501,21,,,1,30,,34507,21,,,1,70,,34508,21,,,1,30,,34496,21,,,1,71,,34499,21,,,1,30,,34504,21,,,1,70,,34506,21,,,1,30,,34503,21,,,1,70,,34511,21,,,1,30,,34516,21,,,1,70,,34510,21,,,1,29,,34521,21,,,1,70,,34522,21,,,1,32,,34513,21,,,1,69,,34517,21,,,1,30,,34528,21,,,1,69,,34512,21,,,1,30,,34518,21,,,1,70,,34514,21,,,1,30,,34519,21,,,1,70,,34524,21,,,1,30,,34525,21,,,1,70,,34515,21,,,1,30,,34529,21,,,1,70,,34523,21,,,1,30,,34520,21,,,1,70,,34527,21,,,1,30,,34526,21,,,1
5900,'Semaine-4',637,,34537,21,,,1,103,,34572,21,,,1,100,,34553,21,,,1,84,,34549,21,,,1,29,,34570,21,,,1,70,,34546,21,,,1,30,,34569,21,,,1,70,,34560,21,,,1,30,,34554,21,,,1,71,,34562,21,,,1,29,,34545,21,,,1,71,,34573,21,,,1,30,,34536,21,,,1,70,,34567,21,,,1,13,,34538,21,,,1,19,,34571,21,,,1,71,,34531,21,,,1,14,,34575,21,,,1,16,,34530,21,,,1,47,,34565,21,,,1,17,,34561,21,,,1,8,,34574,16,,,1,4,,34548,21,,,1,16,,34532,21,,,1,4,,34576,16,,,1,6,,34533,21,,,1,52,,34541,21,,,1,9,,34568,21,,,1,12,,34557,21,,,1,11,,34544,21,,,1,9,,34566,21,,,1,52,,34552,21,,,1,12,,34564,21,,,1,9,,34534,21,,,1,10,,34539,21,,,1,71,,34559,21,,,1,30,,34550,21,,,1,70,,34555,21,,,1,29,,34543,21,,,1,70,,34551,21,,,1,30,,34556,21,,,1,70,,34563,21,,,1,30,,34540,21,,,1,70,,34558,21,,,1,29,,34547,21,,,1,70,,34535,21,,,1,28,,34542,21,,,1
55401,'Semaine-4',1538,,37100,21,0,5 6,2
65500,'Semaine-4',711,,37124,14,0,9 10,1
74000,'Semaine-4',1631,,37133,15,0,5 11,1
80001,'Samedi-3',635,,37212,23,,,1,100,,37214,23,,,1,99,,37215,23,,,2,100,,37218,23,,,1,101,,37213,23,,,2,100,,37216,23,,,1,100,,37219,23,,,1,99,,37217,23,,,2,100,,37220,23,,,1,100,,37221,23,,,1,100,,37222,23,,,2,100,,37223,23,,,1,97,,37226,23,,,1,101,,37224,23,,,1,100,,37225,23,,,2,100,,37227,23,,,1,102,,37228,23,,,1
80001,'Dimanche-3',635,,37229,23,,,1,100,,37230,23,,,1,99,,37234,23,,,2,100,,37231,23,,,1,101,,37235,23,,,2,100,,37232,23,,,1,100,,37233,23,,,1,99,,37237,23,,,2,100,,37236,23,,,1,100,,37238,23,,,1,100,,37240,23,,,2,100,,37241,23,,,1,97,,37242,23,,,1,101,,37239,23,,,1,100,,37243,23,,,2,100,,37244,23,,,1,102,,37245,23,,,1
80001,'Semaine-4',624,,37268,23,,,1,32,,37254,23,,,1,69,,37274,23,,,2,31,,37258,23,,,1,71,,37248,23,,,1,28,,37265,23,,,1,70,,37262,23,,,1,30,,37270,23,,,1,70,,37275,23,,,1,30,,37261,23,,,2,70,,37269,23,,,1,30,,37251,23,,,1,70,,37279,23,,,1,31,,37278,23,,,1,70,,37249,23,,,1,30,,37272,23,,,1,70,,37260,23,,,2,30,,37266,23,,,1,74,,37276,23,,,2,70,,37263,23,,,1,15,,37273,23,,,1,18,,37280,23,,,1,68,,37271,23,,,2,28,,37264,23,,,1,30,,37252,23,,,2,67,,37256,23,,,1,29,,37246,23,,,1,70,,37277,23,,,1,30,,37253,23,,,1,68,,37255,23,,,1,28,,37259,23,,,1,72,,37247,23,,,1,30,,37267,23,,,1,70,,37250,23,,,1,30,,37257,23,,,1
