2000,'Semaine-1-_26ÉTÉ-1111100-',650,,37327,12,,,1,99,,37326,12,,,1,101,,37325,12,,,2
2000,'Semaine-10-_26ÉTÉ-1111100-',650,,37330,12,,,1,99,,37329,12,,,1,101,,37328,12,,,2
2000,'Semaine-11-_26ÉTÉ-1111100-',650,,45369,12,,,1,99,,45368,12,,,1,101,,45367,12,,,2
2000,'Semaine-5-_26ÉTÉ-1111100-',650,,49940,12,,,1,99,,49939,12,,,1,101,,49938,12,,,2
2700,'Semaine-1-_26ÉTÉ-1111100-',1603,,37405,16,,,1,30,,37403,16,,,2,68,,37407,16,,,1,31,,37404,16,,,1,68,,37406,16,,,2
2700,'Semaine-10-_26ÉTÉ-1111100-',1603,,37410,16,,,1,30,,37408,16,,,2,68,,37412,16,,,1,31,,37409,16,,,1,68,,37411,16,,,2
2700,'Semaine-11-_26ÉTÉ-1111100-',1603,,45408,16,,,1,30,,45406,16,,,2,68,,45410,16,,,1,31,,45407,16,,,1,68,,45409,16,,,2
2700,'Semaine-5-_26ÉTÉ-1111100-',1603,,49979,16,,,1,30,,49977,16,,,2,68,,49981,16,,,1,31,,49978,16,,,1,68,,49980,16,,,2
3900,'Samedi-0-_26ÉTÉ-0000010-',709,,39287,45,,,1,101,,39288,45,,,1,100,,39292,45,,,1,102,,39291,45,,,1,100,,39294,45,,,1,99,,39293,45,,,1,103,,39289,45,,,1,30,,39290,45,,,1,70,,39295,45,,,1,31,,39296,45,,,2,70,,39297,45,,,1,30,,39298,45,,,1,71,,39299,45,,,2,30,,39300,45,,,1,70,,39301,45,,,1,30,,39302,45,,,1,68,,39303,45,,,1,29,,39304,45,,,1,69,,39305,45,,,1,29,,39306,45,,,1,100,,39307,45,,,1,100,,39308,45,,,1,100,,39309,45,,,1,97,,39310,45,,,1
3900,'Dimanche-0-_26ÉTÉ-0000001-',709,,39311,45,,,1,101,,39318,45,,,1,100,,39312,45,,,1,102,,39314,45,,,1,100,,39320,45,,,1,99,,39313,45,,,1,103,,39319,45,,,1,30,,39315,45,,,1,70,,39316,45,,,1,31,,39321,45,,,2,70,,39323,45,,,1,30,,39317,45,,,1,71,,39322,45,,,2,30,,39324,45,,,1,70,,39325,45,,,1,30,,39331,45,,,1,68,,39332,45,,,1,29,,39334,45,,,1,69,,39330,45,,,1,29,,39328,45,,,1,100,,39329,45,,,1,100,,39333,45,,,1,100,,39326,45,,,1,97,,39327,45,,,1
3900,'Dimanche-10-_26ÉTÉ-0000001-',709,,39335,45,,,1,101,,39342,45,,,1,100,,39336,45,,,1,102,,39338,45,,,1,100,,39344,45,,,1,99,,39337,45,,,1,103,,39343,45,,,1,30,,39339,45,,,1,70,,39340,45,,,1,31,,39345,45,,,2,70,,39347,45,,,1,30,,39341,45,,,1,71,,39346,45,,,2,30,,39348,45,,,1,70,,39349,45,,,1,30,,39355,45,,,1,68,,39356,45,,,1,29,,39358,45,,,1,69,,39354,45,,,1,29,,39352,45,,,1,100,,39353,45,,,1,100,,39357,45,,,1,100,,39350,45,,,1,97,,39351,45,,,1
3900,'Dimanche-11-_26ÉTÉ-0000001-',709,,49088,45,,,1,101,,49095,45,,,1,100,,49089,45,,,1,102,,49091,45,,,1,100,,49097,45,,,1,99,,49090,45,,,1,103,,49096,45,,,1,30,,49092,45,,,1,70,,49093,45,,,1,31,,49098,45,,,2,70,,49100,45,,,1,30,,49094,45,,,1,71,,49099,45,,,2,30,,49101,45,,,1,70,,49102,45,,,1,30,,49108,45,,,1,68,,49109,45,,,1,29,,49111,45,,,1,69,,49107,45,,,1,29,,49105,45,,,1,100,,49106,45,,,1,100,,49110,45,,,1,100,,49103,45,,,1,97,,49104,45,,,1
3900,'Semaine-1-_26ÉTÉ-1111100-',647,,39376,45,,,2,68,,39362,45,,,1,34,,39381,45,,,2,68,,39374,45,,,1,30,,39375,45,,,1,69,,39373,45,,,1,32,,39370,45,,,1,70,,39387,45,,,1,30,,39382,45,,,1,71,,39394,45,,,1,30,,39379,45,,,2,71,,39383,45,,,1,29,,39371,45,,,1,72,,39369,45,,,2,29,,39384,45,,,1,69,,39372,45,,,1,30,,39359,45,,,2,74,,39385,45,,,1,33,,39366,45,,,2,70,,39368,45,,,1,31,,39386,45,,,2,74,,39365,45,,,1,27,,39360,45,,,1,70,,39388,45,,,1,23,,39367,45,,,1,71,,39361,45,,,1,29,,39389,45,,,2,72,,39364,45,,,1,25,,39380,45,,,2,66,,39390,45,,,1,30,,39363,45,,,1,70,,39378,45,,,1,30,,39391,45,,,1,70,,39377,45,,,1,30,,39393,45,,,1,70,,39392,45,,,1
3900,'Semaine-10-_26ÉTÉ-1111100-',647,,39412,45,,,2,68,,39398,45,,,1,34,,39417,45,,,2,68,,39410,45,,,1,30,,39411,45,,,1,69,,39409,45,,,1,32,,39406,45,,,1,70,,39423,45,,,1,30,,39418,45,,,1,71,,39430,45,,,1,30,,39415,45,,,2,71,,39419,45,,,1,29,,39407,45,,,1,72,,39405,45,,,2,29,,39420,45,,,1,69,,39408,45,,,1,30,,39395,45,,,2,74,,39421,45,,,1,33,,39402,45,,,2,70,,39404,45,,,1,31,,39422,45,,,2,74,,39401,45,,,1,27,,39396,45,,,1,70,,39424,45,,,1,23,,39403,45,,,1,71,,39397,45,,,1,29,,39425,45,,,2,72,,39400,45,,,1,25,,39416,45,,,2,66,,39426,45,,,1,30,,39399,45,,,1,70,,39414,45,,,1,30,,39427,45,,,1,70,,39413,45,,,1,30,,39429,45,,,1,70,,39428,45,,,1
3900,'Semaine-11-_26ÉTÉ-1111100-',647,,46269,45,,,2,68,,46255,45,,,1,34,,46274,45,,,2,68,,46267,45,,,1,30,,46268,45,,,1,69,,46266,45,,,1,32,,46263,45,,,1,70,,46280,45,,,1,30,,46275,45,,,1,71,,46287,45,,,1,30,,46272,45,,,2,71,,46276,45,,,1,29,,46264,45,,,1,72,,46262,45,,,2,29,,46277,45,,,1,69,,46265,45,,,1,30,,46252,45,,,2,74,,46278,45,,,1,33,,46259,45,,,2,70,,46261,45,,,1,31,,46279,45,,,2,74,,46258,45,,,1,27,,46253,45,,,1,70,,46281,45,,,1,23,,46260,45,,,1,71,,46254,45,,,1,29,,46282,45,,,2,72,,46257,45,,,1,25,,46273,45,,,2,66,,46283,45,,,1,30,,46256,45,,,1,70,,46271,45,,,1,30,,46284,45,,,1,70,,46270,45,,,1,30,,46286,45,,,1,70,,46285,45,,,1
3900,'Semaine-5-_26ÉTÉ-1111100-',647,,50577,45,,,2,68,,50563,45,,,1,34,,50582,45,,,2,68,,50575,45,,,1,30,,50576,45,,,1,69,,50574,45,,,1,32,,50571,45,,,1,70,,50588,45,,,1,30,,50583,45,,,1,71,,50595,45,,,1,30,,50580,45,,,2,71,,50584,45,,,1,29,,50572,45,,,1,72,,50570,45,,,2,29,,50585,45,,,1,69,,50573,45,,,1,30,,50560,45,,,2,74,,50586,45,,,1,33,,50567,45,,,2,70,,50569,45,,,1,31,,50587,45,,,2,74,,50566,45,,,1,27,,50561,45,,,1,70,,50589,45,,,1,23,,50568,45,,,1,71,,50562,45,,,1,29,,50590,45,,,2,72,,50565,45,,,1,25,,50581,45,,,2,66,,50591,45,,,1,30,,50564,45,,,1,70,,50579,45,,,1,30,,50592,45,,,1,70,,50578,45,,,1,30,,50594,45,,,1,70,,50593,45,,,1
