9300,'Semaine-1-_26ÉTÉ-1111100-',1544,,43682,28,,,2,60,,43685,28,,,2,20,,43681,28,,,1,20,,43684,28,,,1,71,,43683,28,,,2,30,,43679,28,,,2,67,,43680,28,,,1
9300,'Semaine-10-_26ÉTÉ-1111100-',1544,,43689,28,,,2,60,,43692,28,,,2,20,,43688,28,,,1,20,,43691,28,,,1,71,,43690,28,,,2,30,,43686,28,,,2,67,,43687,28,,,1
9300,'Semaine-11-_26ÉTÉ-1111100-',1544,,48131,28,,,2,60,,48134,28,,,2,20,,48130,28,,,1,20,,48133,28,,,1,71,,48132,28,,,2,30,,48128,28,,,2,67,,48129,28,,,1
9300,'Semaine-12-_26ÉTÉ-1111100-',1544,,54307,28,,,2,60,,54310,28,,,2,20,,54306,28,,,1,20,,54309,28,,,1,71,,54308,28,,,2,30,,54304,28,,,2,67,,54305,28,,,1
9300,'Semaine-5-_26ÉTÉ-1111100-',1544,,51874,28,,,2,60,,51877,28,,,2,20,,51873,28,,,1,20,,51876,28,,,1,71,,51875,28,,,2,30,,51871,28,,,2,67,,51872,28,,,1
9700,'Samedi-0-_26ÉTÉ-0000010-',827,,43743,13,,,2,100,,43746,13,,,2,100,,43741,13,,,1,100,,43742,13,,,1,100,,43745,13,,,2,100,,43744,13,,,2,100,,43747,13,,,1,100,,43748,13,,,2,100,,43749,13,,,2,101,,43750,13,,,1,100,,43755,13,,,1,100,,43751,13,,,1,100,,43752,13,,,1,100,,43753,13,,,1,99,,43754,13,,,2,100,,43756,13,,,1,100,,43757,13,,,1
9700,'Dimanche-0-_26ÉTÉ-0000001-',827,,43761,13,,,2,100,,43763,13,,,2,100,,43760,13,,,1,100,,43759,13,,,1,100,,43758,13,,,2,100,,43762,13,,,2,100,,43765,13,,,1,100,,43764,13,,,2,100,,43770,13,,,2,101,,43772,13,,,1,100,,43774,13,,,1,100,,43766,13,,,1,100,,43767,13,,,1,100,,43768,13,,,1,99,,43769,13,,,2,100,,43773,13,,,1,100,,43771,13,,,1
9700,'Dimanche-10-_26ÉTÉ-0000001-',827,,43778,13,,,2,100,,43780,13,,,2,100,,43777,13,,,1,100,,43776,13,,,1,100,,43775,13,,,2,100,,43779,13,,,2,100,,43782,13,,,1,100,,43781,13,,,2,100,,43787,13,,,2,101,,43789,13,,,1,100,,43791,13,,,1,100,,43783,13,,,1,100,,43784,13,,,1,100,,43785,13,,,1,99,,43786,13,,,2,100,,43790,13,,,1,100,,43788,13,,,1
9700,'Dimanche-11-_26ÉTÉ-0000001-',827,,49683,13,,,2,100,,49685,13,,,2,100,,49682,13,,,1,100,,49681,13,,,1,100,,49680,13,,,2,100,,49684,13,,,2,100,,49687,13,,,1,100,,49686,13,,,2,100,,49692,13,,,2,101,,49694,13,,,1,100,,49696,13,,,1,100,,49688,13,,,1,100,,49689,13,,,1,100,,49690,13,,,1,99,,49691,13,,,2,100,,49695,13,,,1,100,,49693,13,,,1
9700,'Semaine-1-_26ÉTÉ-1111100-',659,,43810,13,,,1,66,,43811,13,,,1,97,,43800,13,,,2,101,,43796,13,,,1,96,,43809,13,,,2,100,,43804,13,,,2,100,,43801,13,,,1,100,,43806,13,,,2,101,,43792,13,,,1,94,,43797,13,,,1,105,,43805,13,,,1,96,,43807,17,,,2,103,,43798,17,,,2,34,,43793,17,,,2,59,,43802,13,,,1,102,,43794,13,,,2,99,,43803,13,,,1,100,,43799,13,,,1,102,,43795,13,,,2,110,,43808,13,,,1
9700,'Semaine-10-_26ÉTÉ-1111100-',659,,43830,13,,,1,66,,43831,13,,,1,97,,43820,13,,,2,101,,43816,13,,,1,96,,43829,13,,,2,100,,43824,13,,,2,100,,43821,13,,,1,100,,43826,13,,,2,101,,43812,13,,,1,94,,43817,13,,,1,105,,43825,13,,,1,96,,43827,17,,,2,103,,43818,17,,,2,34,,43813,17,,,2,59,,43822,13,,,1,102,,43814,13,,,2,99,,43823,13,,,1,100,,43819,13,,,1,102,,43815,13,,,2,110,,43828,13,,,1
9700,'Semaine-11-_26ÉTÉ-1111100-',659,,48194,13,,,1,66,,48195,13,,,1,97,,48184,13,,,2,101,,48180,13,,,1,96,,48193,13,,,2,100,,48188,13,,,2,100,,48185,13,,,1,100,,48190,13,,,2,101,,48176,13,,,1,94,,48181,13,,,1,105,,48189,13,,,1,96,,48191,17,,,2,103,,48182,17,,,2,34,,48177,17,,,2,59,,48186,13,,,1,102,,48178,13,,,2,99,,48187,13,,,1,100,,48183,13,,,1,102,,48179,13,,,2,110,,48192,13,,,1
9700,'Semaine-12-_26ÉTÉ-1111100-',659,,54353,13,,,1,66,,54354,13,,,1,97,,54343,13,,,2,101,,54339,13,,,1,96,,54352,13,,,2,100,,54347,13,,,2,100,,54344,13,,,1,100,,54349,13,,,2,101,,54335,13,,,1,94,,54340,13,,,1,105,,54348,13,,,1,96,,54350,17,,,2,103,,54341,17,,,2,34,,54336,17,,,2,59,,54345,13,,,1,102,,54337,13,,,2,99,,54346,13,,,1,100,,54342,13,,,1,102,,54338,13,,,2,110,,54351,13,,,1
9700,'Semaine-5-_26ÉTÉ-1111100-',659,,51920,13,,,1,66,,51921,13,,,1,97,,51910,13,,,2,101,,51906,13,,,1,96,,51919,13,,,2,100,,51914,13,,,2,100,,51911,13,,,1,100,,51916,13,,,2,101,,51902,13,,,1,94,,51907,13,,,1,105,,51915,13,,,1,96,,51917,17,,,2,103,,51908,17,,,2,34,,51903,17,,,2,59,,51912,13,,,1,102,,51904,13,,,2,99,,51913,13,,,1,100,,51909,13,,,1,102,,51905,13,,,2,110,,51918,13,,,1
