9500,'Semaine-1-_26ÉTÉ-1111100-',1530,,43711,35,,,1,16,,43714,35,,,2,56,,43710,35,,,1,19,,43705,35,,,1,15,,43709,35,,,2,16,,43706,35,,,1,55,,43707,35,,,2,15,,43712,35,,,1,23,,43713,35,,,1,65,,43708,35,,,1
9500,'Semaine-10-_26ÉTÉ-1111100-',1530,,43721,35,,,1,16,,43724,35,,,2,56,,43720,35,,,1,19,,43715,35,,,1,15,,43719,35,,,2,16,,43716,35,,,1,55,,43717,35,,,2,15,,43722,35,,,1,23,,43723,35,,,2,65,,43718,35,,,1
9500,'Semaine-11-_26ÉTÉ-1111100-',1530,,48147,35,,,1,16,,48150,35,,,2,56,,48146,35,,,1,19,,48141,35,,,1,15,,48145,35,,,2,16,,48142,35,,,1,55,,48143,35,,,2,15,,48148,35,,,1,23,,48149,35,,,1,65,,48144,35,,,1
9500,'Semaine-5-_26ÉTÉ-1111100-',1530,,51890,35,,,1,16,,51893,35,,,2,56,,51889,35,,,1,19,,51884,35,,,1,15,,51888,35,,,2,16,,51885,35,,,1,55,,51886,35,,,2,15,,51891,35,,,1,23,,51892,35,,,1,65,,51887,35,,,1
9700,'Samedi-0-_26ÉTÉ-0000010-',849,,43743,47,,,2,100,,43746,47,,,2,100,,43741,47,,,1,100,,43742,47,,,1,100,,43745,47,,,2,100,,43744,47,,,2,100,,43747,47,,,1,101,,43748,47,,,2,100,,43749,47,,,2,101,,43750,47,,,1,100,,43755,47,,,1,100,,43751,47,,,1,100,,43752,47,,,1,100,,43753,47,,,1,99,,43754,47,,,2,98,,43756,47,,,1,100,,43757,47,,,1
9700,'Dimanche-0-_26ÉTÉ-0000001-',849,,43761,47,,,2,100,,43763,47,,,2,100,,43760,47,,,1,100,,43759,47,,,1,100,,43758,47,,,2,100,,43762,47,,,2,100,,43765,47,,,1,101,,43764,47,,,2,100,,43770,47,,,2,101,,43772,47,,,1,100,,43774,47,,,1,100,,43766,47,,,1,100,,43767,47,,,1,100,,43768,47,,,1,99,,43769,47,,,2,98,,43773,47,,,1,100,,43771,47,,,1
9700,'Dimanche-10-_26ÉTÉ-0000001-',849,,43778,47,,,2,100,,43780,47,,,2,100,,43777,47,,,1,100,,43776,47,,,1,100,,43775,47,,,2,100,,43779,47,,,2,100,,43782,47,,,1,101,,43781,47,,,2,100,,43787,47,,,2,101,,43789,47,,,1,100,,43791,47,,,1,100,,43783,47,,,1,100,,43784,47,,,1,100,,43785,47,,,1,99,,43786,47,,,2,98,,43790,47,,,1,100,,43788,47,,,1
9700,'Dimanche-11-_26ÉTÉ-0000001-',849,,49683,47,,,2,100,,49685,47,,,2,100,,49682,47,,,1,100,,49681,47,,,1,100,,49680,47,,,2,100,,49684,47,,,2,100,,49687,47,,,1,101,,49686,47,,,2,100,,49692,47,,,2,101,,49694,47,,,1,100,,49696,47,,,1,100,,49688,47,,,1,100,,49689,47,,,1,100,,49690,47,,,1,99,,49691,47,,,2,98,,49695,47,,,1,100,,49693,47,,,1
9700,'Semaine-1-_26ÉTÉ-1111100-',722,,43810,47,,,1,28,,43811,47,,,1,93,,43800,47,,,2,101,,43796,47,,,1,96,,43809,47,,,2,100,,43804,47,,,2,101,,43801,47,,,1,100,,43806,47,,,2,101,,43792,47,,,1,94,,43797,47,,,1,104,,43805,47,,,1,96,,43807,51,,,2,103,,43798,51,,,2,73,,43793,51,,,2,20,,43802,47,,,1,102,,43794,47,,,2,99,,43803,47,,,1,100,,43799,47,,,1,101,,43795,47,,,2,110,,43808,47,,,1
9700,'Semaine-10-_26ÉTÉ-1111100-',722,,43830,47,,,1,28,,43831,47,,,1,93,,43820,47,,,2,101,,43816,47,,,1,96,,43829,47,,,2,100,,43824,47,,,2,101,,43821,47,,,1,100,,43826,47,,,2,101,,43812,47,,,1,94,,43817,47,,,1,104,,43825,47,,,1,96,,43827,51,,,2,103,,43818,51,,,2,73,,43813,51,,,2,20,,43822,47,,,1,102,,43814,47,,,2,99,,43823,47,,,1,100,,43819,47,,,1,101,,43815,47,,,2,110,,43828,47,,,1
9700,'Semaine-11-_26ÉTÉ-1111100-',722,,48194,47,,,1,28,,48195,47,,,1,93,,48184,47,,,2,101,,48180,47,,,1,96,,48193,47,,,2,100,,48188,47,,,2,101,,48185,47,,,1,100,,48190,47,,,2,101,,48176,47,,,1,94,,48181,47,,,1,104,,48189,47,,,1,96,,48191,51,,,2,103,,48182,51,,,2,73,,48177,51,,,2,20,,48186,47,,,1,102,,48178,47,,,2,99,,48187,47,,,1,100,,48183,47,,,1,101,,48179,47,,,2,110,,48192,47,,,1
9700,'Semaine-5-_26ÉTÉ-1111100-',722,,51920,47,,,1,28,,51921,47,,,1,93,,51910,47,,,2,101,,51906,47,,,1,96,,51919,47,,,2,100,,51914,47,,,2,101,,51911,47,,,1,100,,51916,47,,,2,101,,51902,47,,,1,94,,51907,47,,,1,104,,51915,47,,,1,96,,51917,51,,,2,103,,51908,51,,,2,73,,51903,51,,,2,20,,51912,47,,,1,102,,51904,47,,,2,99,,51913,47,,,1,100,,51909,47,,,1,101,,51905,47,,,2,110,,51918,47,,,1
29700,'Semaine-5-_26ÉTÉ-1111100-',753,,52033,43,,,2
