6700,'Samedi-0-_26ÉTÉ-0000010-',724,,41794,25,,,2,101,,41793,25,,,1,100,,41792,25,,,1,31,,41788,25,,,1,70,,41796,25,,,1,30,,41789,25,,,1,70,,41790,25,,,1,31,,41795,25,,,1,70,,41800,25,,,1,30,,41791,25,,,1,70,,41799,25,,,1,30,,41797,25,,,1,70,,41798,25,,,1,32,,41801,25,,,2,70,,41802,25,,,2,30,,41803,25,,,1,70,,41804,25,,,1,28,,41805,25,,,2,70,,41806,25,,,2,30,,41807,25,,,1,70,,41808,25,,,1,30,,41809,25,,,2,69,,41810,25,,,1,30,,41811,25,,,1,100,,41815,25,,,2,100,,41812,25,,,2,100,,41813,25,,,1,99,,41814,25,,,1
6700,'Dimanche-0-_26ÉTÉ-0000001-',724,,41822,25,,,2,101,,41816,25,,,1,100,,41819,25,,,1,31,,41821,25,,,1,70,,41827,25,,,1,30,,41824,25,,,1,70,,41830,25,,,1,31,,41832,25,,,1,70,,41826,25,,,1,30,,41828,25,,,1,70,,41817,25,,,1,30,,41818,25,,,1,70,,41820,25,,,1,32,,41823,25,,,2,70,,41829,25,,,2,30,,41825,25,,,1,70,,41831,25,,,1,28,,41840,25,,,2,70,,41839,25,,,2,30,,41835,25,,,1,70,,41833,25,,,1,30,,41843,25,,,2,69,,41834,25,,,1,30,,41841,25,,,1,100,,41838,25,,,2,100,,41837,25,,,2,100,,41836,25,,,1,99,,41842,25,,,1
6700,'Dimanche-10-_26ÉTÉ-0000001-',724,,41850,25,,,2,101,,41844,25,,,1,100,,41847,25,,,1,31,,41849,25,,,1,70,,41855,25,,,1,30,,41852,25,,,1,70,,41858,25,,,1,31,,41860,25,,,1,70,,41854,25,,,1,30,,41856,25,,,1,70,,41845,25,,,1,30,,41846,25,,,1,70,,41848,25,,,1,32,,41851,25,,,2,70,,41857,25,,,2,30,,41853,25,,,1,70,,41859,25,,,1,28,,41868,25,,,2,70,,41867,25,,,2,30,,41863,25,,,1,70,,41861,25,,,1,30,,41871,25,,,2,69,,41862,25,,,1,30,,41869,25,,,1,100,,41866,25,,,2,100,,41865,25,,,2,100,,41864,25,,,1,99,,41870,25,,,1
6700,'Dimanche-11-_26ÉTÉ-0000001-',724,,49455,25,,,2,101,,49449,25,,,1,100,,49452,25,,,1,31,,49454,25,,,1,70,,49460,25,,,1,30,,49457,25,,,1,70,,49463,25,,,1,31,,49465,25,,,1,70,,49459,25,,,1,30,,49461,25,,,1,70,,49450,25,,,1,30,,49451,25,,,1,70,,49453,25,,,1,32,,49456,25,,,2,70,,49462,25,,,2,30,,49458,25,,,1,70,,49464,25,,,1,28,,49473,25,,,2,70,,49472,25,,,2,30,,49468,25,,,1,70,,49466,25,,,1,30,,49476,25,,,2,69,,49467,25,,,1,30,,49474,25,,,1,100,,49471,25,,,2,100,,49470,25,,,2,100,,49469,25,,,1,99,,49475,25,,,1
6700,'Semaine-1-_26ÉTÉ-1111100-',626,,41880,25,,,1,31,,41874,25,,,1,68,,41882,25,,,1,22,,41891,25,,,1,60,,41875,25,,,2,17,,41900,25,,,1,30,,41885,25,,,1,71,,41893,25,,,1,20,,41883,25,,,2,59,,41903,25,,,2,20,,41901,25,,,1,21,,41888,25,,,2,60,,41904,25,,,2,20,,41894,25,,,1,20,,41897,25,,,2,60,,41905,25,,,1,20,,41902,25,,,1,20,,41889,25,,,1,60,,41906,25,,,1,20,,41895,25,,,1,20,,41898,25,,,2,60,,41907,25,,,1,22,,41887,25,,,1,20,,41890,25,,,2,57,,41908,25,,,1,330,,41910,25,,,1,15,,41884,25,,,2,56,,41909,25,,,1,19,,41892,25,,,1,30,,41872,25,,,1,70,,41896,25,,,2,30,,41876,25,,,1,70,,41899,25,,,1,31,,41873,25,,,1,69,,41881,25,,,2,30,,41877,25,,,1,68,,41886,25,,,2,29,,41879,25,,,2,69,,41878,25,,,1
6700,'Semaine-10-_26ÉTÉ-1111100-',626,,41919,25,,,1,31,,41913,25,,,1,68,,41921,25,,,1,22,,41930,25,,,1,60,,41914,25,,,2,17,,41939,25,,,1,30,,41924,25,,,1,71,,41932,25,,,1,20,,41922,25,,,2,59,,41942,25,,,2,20,,41940,25,,,1,21,,41927,25,,,2,60,,41943,25,,,2,20,,41933,25,,,1,20,,41936,25,,,2,60,,41944,25,,,1,20,,41941,25,,,1,20,,41928,25,,,1,60,,41945,25,,,1,20,,41934,25,,,1,20,,41937,25,,,2,60,,41946,25,,,2,22,,41926,25,,,1,20,,41929,25,,,2,57,,41947,25,,,1,330,,41949,25,,,1,15,,41923,25,,,2,56,,41948,25,,,1,19,,41931,25,,,1,30,,41911,25,,,1,70,,41935,25,,,2,30,,41915,25,,,1,70,,41938,25,,,1,31,,41912,25,,,1,69,,41920,25,,,2,30,,41916,25,,,1,68,,41925,25,,,2,29,,41918,25,,,2,69,,41917,25,,,1
6700,'Semaine-11-_26ÉTÉ-1111100-',626,,47334,25,,,1,31,,47328,25,,,1,68,,47336,25,,,1,22,,47345,25,,,1,60,,47329,25,,,2,17,,47354,25,,,1,30,,47339,25,,,1,71,,47347,25,,,1,20,,47337,25,,,2,59,,47357,25,,,2,20,,47355,25,,,1,21,,47342,25,,,2,60,,47358,25,,,2,20,,47348,25,,,1,20,,47351,25,,,2,60,,47359,25,,,1,20,,47356,25,,,1,20,,47343,25,,,1,60,,47360,25,,,1,20,,47349,25,,,1,20,,47352,25,,,2,60,,47361,25,,,1,22,,47341,25,,,1,20,,47344,25,,,2,57,,47362,25,,,1,330,,47364,25,,,1,15,,47338,25,,,2,56,,47363,25,,,1,19,,47346,25,,,1,30,,47326,25,,,1,70,,47350,25,,,2,30,,47330,25,,,1,70,,47353,25,,,1,31,,47327,25,,,1,69,,47335,25,,,2,30,,47331,25,,,1,68,,47340,25,,,2,29,,47333,25,,,2,69,,47332,25,,,1
6700,'Semaine-5-_26ÉTÉ-1111100-',626,,51280,25,,,1,31,,51274,25,,,1,68,,51282,25,,,1,22,,51291,25,,,1,60,,51275,25,,,2,17,,51300,25,,,1,30,,51285,25,,,1,71,,51293,25,,,1,20,,51283,25,,,2,59,,51303,25,,,2,20,,51301,25,,,1,21,,51288,25,,,2,60,,51304,25,,,2,20,,51294,25,,,1,20,,51297,25,,,2,60,,51305,25,,,1,20,,51302,25,,,1,20,,51289,25,,,1,60,,51306,25,,,1,20,,51295,25,,,1,20,,51298,25,,,2,60,,51307,25,,,1,22,,51287,25,,,1,20,,51290,25,,,2,57,,51308,25,,,1,330,,51310,25,,,1,15,,51284,25,,,2,56,,51309,25,,,1,19,,51292,25,,,1,30,,51272,25,,,1,70,,51296,25,,,2,30,,51276,25,,,1,70,,51299,25,,,1,31,,51273,25,,,1,69,,51281,25,,,2,30,,51277,25,,,1,68,,51286,25,,,2,29,,51279,25,,,2,69,,51278,25,,,1
8500,'Semaine-1-_26ÉTÉ-1111100-',1526,,43600,19,,,1,20,,43595,19,,,2,56,,43592,19,,,1,16,,43601,19,,,2,15,,43591,19,,,1,14,,43594,19,,,1,56,,43599,19,,,2,19,,43597,19,,,1,17,,43596,19,,,2,61,,43593,19,,,1,16,,43598,19,,,2
8500,'Semaine-10-_26ÉTÉ-1111100-',1526,,43611,19,,,1,20,,43606,19,,,2,56,,43603,19,,,1,16,,43612,19,,,2,15,,43602,19,,,1,14,,43605,19,,,1,56,,43610,19,,,2,19,,43608,19,,,1,17,,43607,19,,,1,61,,43604,19,,,1,16,,43609,19,,,2
8500,'Semaine-11-_26ÉTÉ-1111100-',1526,,48093,19,,,1,20,,48088,19,,,2,56,,48085,19,,,1,16,,48094,19,,,2,15,,48084,19,,,1,14,,48087,19,,,1,56,,48092,19,,,2,19,,48090,19,,,1,17,,48089,19,,,2,61,,48086,19,,,1,16,,48091,19,,,2
8500,'Semaine-5-_26ÉTÉ-1111100-',1526,,51836,19,,,1,20,,51831,19,,,2,56,,51828,19,,,1,16,,51837,19,,,2,15,,51827,19,,,1,14,,51830,19,,,1,56,,51835,19,,,2,19,,51833,19,,,1,17,,51832,19,,,2,61,,51829,19,,,1,16,,51834,19,,,2
8700,'Semaine-1-_26ÉTÉ-1111100-',1517,,43642,23,,,2,21,,43641,23,,,1,20,,43634,23,,,1,54,,43636,23,,,1,15,,43633,23,,,1,17,,43643,23,,,1,57,,43639,23,,,1,14,,43640,23,,,2,19,,43635,23,,,1,18,,43638,23,,,1,56,,43637,23,,,2
8700,'Semaine-10-_26ÉTÉ-1111100-',1517,,43653,23,,,2,21,,43652,23,,,1,20,,43645,23,,,1,54,,43647,23,,,1,15,,43644,23,,,1,17,,43654,23,,,1,57,,43650,23,,,1,14,,43651,23,,,2,19,,43646,23,,,1,18,,43649,23,,,1,56,,43648,23,,,2
8700,'Semaine-11-_26ÉTÉ-1111100-',1517,,48114,23,,,2,21,,48113,23,,,1,20,,48106,23,,,1,54,,48108,23,,,1,15,,48105,23,,,1,17,,48115,23,,,1,57,,48111,23,,,1,14,,48112,23,,,2,19,,48107,23,,,1,18,,48110,23,,,1,56,,48109,23,,,2
8700,'Semaine-5-_26ÉTÉ-1111100-',1517,,51857,23,,,2,21,,51856,23,,,1,20,,51849,23,,,1,54,,51851,23,,,1,15,,51848,23,,,1,17,,51858,23,,,1,57,,51854,23,,,1,14,,51855,23,,,2,19,,51850,23,,,1,18,,51853,23,,,1,56,,51852,23,,,2
