2300,'Semaine-1-_26ÉTÉ-1111100-',1543,,37342,14,,,1,68,,37340,14,,,1,30,,37338,14,,,1,71,,37339,14,,,2,30,,37341,14,,,2,65,,37337,14,,,2
2300,'Semaine-10-_26ÉTÉ-1111100-',1543,,37348,14,,,1,68,,37346,14,,,1,30,,37344,14,,,1,71,,37345,14,,,2,30,,37347,14,,,2,65,,37343,14,,,2
2300,'Semaine-11-_26ÉTÉ-1111100-',1543,,45378,14,,,1,68,,45376,14,,,1,30,,45374,14,,,1,71,,45375,14,,,2,30,,45377,14,,,2,65,,45373,14,,,2
2300,'Semaine-12-_26ÉTÉ-1111100-',1543,,52386,14,,,1,68,,52384,14,,,1,30,,52382,14,,,1,71,,52383,14,,,2,30,,52385,14,,,2,65,,52381,14,,,2
2300,'Semaine-5-_26ÉTÉ-1111100-',1543,,49949,14,,,1,68,,49947,14,,,1,30,,49945,14,,,1,71,,49946,14,,,2,30,,49948,14,,,2,65,,49944,14,,,2
2500,'Semaine-1-_26ÉTÉ-1111100-',1528,,37359,13,,,1,31,,37362,13,,,1,70,,37360,13,,,1,73,,37364,13,,,1,28,,37361,13,,,1,27,,37363,13,,,1
2500,'Semaine-10-_26ÉTÉ-1111100-',1528,,37365,13,,,1,31,,37368,13,,,1,70,,37366,13,,,1,73,,37370,13,,,1,28,,37367,13,,,1,27,,37369,13,,,1
2500,'Semaine-11-_26ÉTÉ-1111100-',1528,,45384,13,,,1,31,,45387,13,,,1,70,,45385,13,,,1,73,,45389,13,,,1,28,,45386,13,,,1,27,,45388,13,,,1
2500,'Semaine-12-_26ÉTÉ-1111100-',1528,,52392,13,,,1,31,,52395,13,,,1,70,,52393,13,,,1,73,,52397,13,,,1,28,,52394,13,,,1,27,,52396,13,,,1
2500,'Semaine-5-_26ÉTÉ-1111100-',1528,,49955,13,,,1,31,,49958,13,,,1,70,,49956,13,,,1,73,,49960,13,,,1,28,,49957,13,,,1,27,,49959,13,,,1
3500,'Semaine-1-_26ÉTÉ-1111100-',641,,38566,21,0,15 16,1,78,,38540,21,0,15 16,2,33,,38551,21,0,15 16,1,57,,38569,21,0,15 16,1,32,,38575,21,0,15 16,1,10,,38573,21,0,15 16,2,4,,38559,21,0,15 16,1,49,,38571,21,0,15 16,1,19,,38564,21,0,15 16,1,21,,38570,21,0,15 16,1,69,,38548,21,0,15 16,1,27,,38562,21,0,15 16,1,74,,38542,21,0,15 16,1,30,,38546,21,0,15 16,2,70,,38557,21,0,15 16,1,30,,38541,21,0,15 16,1,70,,38552,21,0,15 16,2,30,,38574,21,0,15 16,1,70,,38560,21,0,15 16,2,30,,38543,21,0,15 16,2,75,,38556,21,,,2,30,,38558,21,0,15 16,1,63,,38549,14,0,15 16,1,15,,38561,21,,,2,13,,38555,14,0,15 16,1,16,,38565,21,,,1,67,,38567,21,0,15 16,2,28,,38547,21,,,1,65,,38545,21,0,15 16,2,15,,38553,14,0,15 16,1,21,,38576,21,,,2,61,,38563,21,0,15 16,2,34,,38550,21,,,1,64,,38554,21,,,1,103,,38568,21,,,1,100,,38572,21,,,2,97,,38544,21,0,15 16,1
3500,'Semaine-10-_26ÉTÉ-1111100-',641,,38603,21,0,15 16,1,78,,38577,21,0,15 16,2,33,,38588,21,0,15 16,1,57,,38606,21,0,15 16,1,32,,38612,21,0,15 16,1,10,,38610,21,0,15 16,2,4,,38596,21,0,15 16,1,49,,38608,21,0,15 16,1,19,,38601,21,0,15 16,1,21,,38607,21,0,15 16,1,69,,38585,21,0,15 16,1,27,,38599,21,0,15 16,1,74,,38579,21,0,15 16,1,30,,38583,21,0,15 16,2,70,,38594,21,0,15 16,1,30,,38578,21,0,15 16,1,70,,38589,21,0,15 16,2,30,,38611,21,0,15 16,1,70,,38597,21,0,15 16,2,30,,38580,21,0,15 16,2,75,,38593,21,,,2,30,,38595,21,0,15 16,1,63,,38586,14,0,15 16,1,15,,38598,21,,,2,13,,38592,14,0,15 16,1,16,,38602,21,,,1,67,,38604,21,0,15 16,2,28,,38584,21,,,1,65,,38582,21,0,15 16,2,15,,38590,14,0,15 16,1,21,,38613,21,,,2,61,,38600,21,0,15 16,2,34,,38587,21,,,1,64,,38591,21,,,1,103,,38605,21,,,1,100,,38609,21,,,2,97,,38581,21,0,15 16,1
3500,'Semaine-11-_26ÉTÉ-1111100-',641,,45931,21,0,15 16,1,78,,45905,21,0,15 16,2,33,,45916,21,0,15 16,1,57,,45934,21,0,15 16,1,32,,45940,21,0,15 16,1,10,,45938,21,0,15 16,2,4,,45924,21,0,15 16,1,49,,45936,21,0,15 16,1,19,,45929,21,0,15 16,1,21,,45935,21,0,15 16,1,69,,45913,21,0,15 16,1,27,,45927,21,0,15 16,1,74,,45907,21,0,15 16,1,30,,45911,21,0,15 16,2,70,,45922,21,0,15 16,1,30,,45906,21,0,15 16,1,70,,45917,21,0,15 16,2,30,,45939,21,0,15 16,1,70,,45925,21,0,15 16,2,30,,45908,21,0,15 16,2,75,,45921,21,,,2,30,,45923,21,0,15 16,1,63,,45914,14,0,15 16,1,15,,45926,21,,,2,13,,45920,14,0,15 16,1,16,,45930,21,,,1,67,,45932,21,0,15 16,2,28,,45912,21,,,1,65,,45910,21,0,15 16,2,15,,45918,14,0,15 16,1,21,,45941,21,,,2,61,,45928,21,0,15 16,2,34,,45915,21,,,1,64,,45919,21,,,1,103,,45933,21,,,1,100,,45937,21,,,2,97,,45909,21,0,15 16,1
3500,'Semaine-12-_26ÉTÉ-1111100-',641,,52800,21,0,15 16,1,78,,52774,21,0,15 16,2,33,,52785,21,0,15 16,1,57,,52803,21,0,15 16,1,32,,52809,21,0,15 16,1,10,,52807,21,0,15 16,2,4,,52793,21,0,15 16,1,49,,52805,21,0,15 16,1,19,,52798,21,0,15 16,1,21,,52804,21,0,15 16,1,69,,52782,21,0,15 16,1,27,,52796,21,0,15 16,1,74,,52776,21,0,15 16,1,30,,52780,21,0,15 16,2,70,,52791,21,0,15 16,1,30,,52775,21,0,15 16,1,70,,52786,21,0,15 16,2,30,,52808,21,0,15 16,1,70,,52794,21,0,15 16,2,30,,52777,21,0,15 16,2,75,,52790,21,,,2,30,,52792,21,0,15 16,1,63,,52783,14,0,15 16,1,15,,52795,21,,,2,13,,52789,14,0,15 16,1,16,,52799,21,,,1,67,,52801,21,0,15 16,2,28,,52781,21,,,1,65,,52779,21,0,15 16,2,15,,52787,14,0,15 16,1,21,,52810,21,,,2,61,,52797,21,0,15 16,2,34,,52784,21,,,1,64,,52788,21,,,1,103,,52802,21,,,1,100,,52806,21,,,2,97,,52778,21,0,15 16,1
3500,'Semaine-5-_26ÉTÉ-1111100-',641,,50364,21,0,15 16,1,78,,50338,21,0,15 16,2,33,,50349,21,0,15 16,1,57,,50367,21,0,15 16,1,32,,50373,21,0,15 16,1,10,,50371,21,0,15 16,2,4,,50357,21,0,15 16,1,49,,50369,21,0,15 16,1,19,,50362,21,0,15 16,1,21,,50368,21,0,15 16,1,69,,50346,21,0,15 16,1,27,,50360,21,0,15 16,1,74,,50340,21,0,15 16,1,30,,50344,21,0,15 16,2,70,,50355,21,0,15 16,1,30,,50339,21,0,15 16,1,70,,50350,21,0,15 16,2,30,,50372,21,0,15 16,1,70,,50358,21,0,15 16,2,30,,50341,21,0,15 16,2,75,,50354,21,,,2,30,,50356,21,0,15 16,1,63,,50347,14,0,15 16,1,15,,50359,21,,,2,13,,50353,14,0,15 16,1,16,,50363,21,,,1,67,,50365,21,0,15 16,2,28,,50345,21,,,1,65,,50343,21,0,15 16,2,15,,50351,14,0,15 16,1,21,,50374,21,,,2,61,,50361,21,0,15 16,2,34,,50348,21,,,1,64,,50352,21,,,1,103,,50366,21,,,1,100,,50370,21,,,2,97,,50342,21,0,15 16,1
