6700,'Samedi-0-_26ÉTÉ-0000010-',728,,41794,31,,,2,102,,41793,31,,,1,100,,41792,31,,,1,71,,41788,31,,,1,30,,41796,31,,,1,70,,41789,31,,,1,30,,41790,31,,,1,71,,41795,31,,,1,30,,41800,31,,,1,70,,41791,31,,,1,30,,41799,31,,,1,70,,41797,31,,,1,30,,41798,31,,,1,72,,41801,31,,,2,30,,41802,31,,,2,70,,41803,31,,,1,30,,41804,31,,,1,68,,41805,31,,,2,30,,41806,31,,,2,70,,41807,31,,,1,30,,41808,31,,,1,70,,41809,31,,,2,28,,41810,31,,,1,70,,41811,31,,,1,100,,41815,31,,,2,100,,41812,31,,,2,100,,41813,31,,,1,59,,41814,31,,,1
6700,'Samedi-10-_26ÉTÉ-0000010-',728,,47304,31,,,2,102,,47303,31,,,1,100,,47302,31,,,1,71,,47298,31,,,1,30,,47306,31,,,1,70,,47299,31,,,1,30,,47300,31,,,1,71,,47305,31,,,1,30,,47310,31,,,1,70,,47301,31,,,1,30,,47309,31,,,1,70,,47307,31,,,1,30,,47308,31,,,1,72,,47311,31,,,2,30,,47312,31,,,2,70,,47313,31,,,1,30,,47314,31,,,1,68,,47315,31,,,2,30,,47316,31,,,2,70,,47317,31,,,1,30,,47318,31,,,1,70,,47319,31,,,2,28,,47320,31,,,1,70,,47321,31,,,1,100,,47325,31,,,2,100,,47322,31,,,2,100,,47323,31,,,1,59,,47324,31,,,1
6700,'Dimanche-0-_26ÉTÉ-0000001-',728,,41822,31,,,2,102,,41816,31,,,1,100,,41819,31,,,1,71,,41821,31,,,1,30,,41827,31,,,1,70,,41824,31,,,1,30,,41830,31,,,1,71,,41832,31,,,1,30,,41826,31,,,1,70,,41828,31,,,1,30,,41817,31,,,1,70,,41818,31,,,1,30,,41820,31,,,1,72,,41823,31,,,2,30,,41829,31,,,2,70,,41825,31,,,1,30,,41831,31,,,1,68,,41840,31,,,2,30,,41839,31,,,2,70,,41835,31,,,1,30,,41833,31,,,1,70,,41843,31,,,2,28,,41834,31,,,1,70,,41841,31,,,1,100,,41838,31,,,2,100,,41837,31,,,2,100,,41836,31,,,1,59,,41842,31,,,1
6700,'Dimanche-10-_26ÉTÉ-0000001-',728,,41850,31,,,2,102,,41844,31,,,1,100,,41847,31,,,1,71,,41849,31,,,1,30,,41855,31,,,1,70,,41852,31,,,1,30,,41858,31,,,1,71,,41860,31,,,1,30,,41854,31,,,1,70,,41856,31,,,1,30,,41845,31,,,1,70,,41846,31,,,1,30,,41848,31,,,1,72,,41851,31,,,2,30,,41857,31,,,2,70,,41853,31,,,1,30,,41859,31,,,1,68,,41868,31,,,2,30,,41867,31,,,2,70,,41863,31,,,1,30,,41861,31,,,1,70,,41871,31,,,2,28,,41862,31,,,1,70,,41869,31,,,1,100,,41866,31,,,2,100,,41865,31,,,2,100,,41864,31,,,1,59,,41870,31,,,1
6700,'Semaine-1-_26ÉTÉ-1111100-',630,,41880,31,,,1,71,,41874,31,,,1,29,,41882,31,,,1,22,,41891,31,,,1,60,,41875,31,,,2,17,,41900,31,,,1,30,,41885,31,,,1,71,,41893,31,,,1,20,,41883,31,,,2,59,,41903,31,,,2,20,,41901,31,,,1,21,,41888,31,,,2,60,,41904,31,,,2,20,,41894,31,,,1,20,,41897,31,,,2,60,,41905,31,,,1,20,,41902,31,,,1,20,,41889,31,,,1,60,,41906,31,,,1,20,,41895,31,,,1,20,,41898,31,,,2,60,,41907,31,,,1,22,,41887,31,,,1,20,,41890,31,,,2,57,,41908,31,,,1,330,,41910,31,,,1,15,,41884,31,,,2,56,,41909,31,,,1,19,,41892,31,,,1,30,,41872,31,,,1,70,,41896,31,,,2,30,,41876,31,,,1,70,,41899,31,,,1,71,,41873,31,,,1,28,,41881,31,,,2,30,,41877,31,,,1,68,,41886,31,,,2,29,,41879,31,,,2,69,,41878,31,,,1
6700,'Semaine-10-_26ÉTÉ-1111100-',630,,41919,31,,,1,71,,41913,31,,,1,29,,41921,31,,,1,22,,41930,31,,,1,60,,41914,31,,,2,17,,41939,31,,,1,30,,41924,31,,,1,71,,41932,31,,,1,20,,41922,31,,,2,59,,41942,31,,,2,20,,41940,31,,,1,21,,41927,31,,,2,60,,41943,31,,,2,20,,41933,31,,,1,20,,41936,31,,,2,60,,41944,31,,,1,20,,41941,31,,,1,20,,41928,31,,,1,60,,41945,31,,,1,20,,41934,31,,,1,20,,41937,31,,,2,60,,41946,31,,,2,22,,41926,31,,,1,20,,41929,31,,,2,57,,41947,31,,,1,330,,41949,31,,,1,15,,41923,31,,,2,56,,41948,31,,,1,19,,41931,31,,,1,30,,41911,31,,,1,70,,41935,31,,,2,30,,41915,31,,,1,70,,41938,31,,,1,71,,41912,31,,,1,28,,41920,31,,,2,30,,41916,31,,,1,68,,41925,31,,,2,29,,41918,31,,,2,69,,41917,31,,,1
6700,'Semaine-11-_26ÉTÉ-1111100-',630,,47334,31,,,1,71,,47328,31,,,1,29,,47336,31,,,1,22,,47345,31,,,1,60,,47329,31,,,2,17,,47354,31,,,1,30,,47339,31,,,1,71,,47347,31,,,1,20,,47337,31,,,2,59,,47357,31,,,2,20,,47355,31,,,1,21,,47342,31,,,2,60,,47358,31,,,2,20,,47348,31,,,1,20,,47351,31,,,2,60,,47359,31,,,1,20,,47356,31,,,1,20,,47343,31,,,1,60,,47360,31,,,1,20,,47349,31,,,1,20,,47352,31,,,2,60,,47361,31,,,1,22,,47341,31,,,1,20,,47344,31,,,2,57,,47362,31,,,1,330,,47364,31,,,1,15,,47338,31,,,2,56,,47363,31,,,1,19,,47346,31,,,1,30,,47326,31,,,1,70,,47350,31,,,2,30,,47330,31,,,1,70,,47353,31,,,1,71,,47327,31,,,1,28,,47335,31,,,2,30,,47331,31,,,1,68,,47340,31,,,2,29,,47333,31,,,2,69,,47332,31,,,1
8700,'Semaine-1-_26ÉTÉ-1111100-',1523,,43642,29,,,2,21,,43641,29,,,1,60,,43634,29,,,1,14,,43636,29,,,1,15,,43633,29,,,1,17,,43643,29,,,1,57,,43639,29,,,1,14,,43640,29,,,2,18,,43635,29,,,1,18,,43638,29,,,1,56,,43637,29,,,2
8700,'Semaine-10-_26ÉTÉ-1111100-',1523,,43653,29,,,2,21,,43652,29,,,1,60,,43645,29,,,1,14,,43647,29,,,1,15,,43644,29,,,1,17,,43654,29,,,1,57,,43650,29,,,1,14,,43651,29,,,2,18,,43646,29,,,1,18,,43649,29,,,1,56,,43648,29,,,2
8700,'Semaine-11-_26ÉTÉ-1111100-',1523,,48114,29,,,2,21,,48113,29,,,1,60,,48106,29,,,1,14,,48108,29,,,1,15,,48105,29,,,1,17,,48115,29,,,1,57,,48111,29,,,1,14,,48112,29,,,2,18,,48107,29,,,1,18,,48110,29,,,1,56,,48109,29,,,2
