3100,'Samedi-0-_26ÉTÉ-0000010-',754,,27040,49,,,1,70,,27041,49,,,1,104,,27042,49,,,1,102,,27039,49,,,1,102,,27045,49,,,1,102,,27046,49,,,1,101,,27043,49,,,1,100,,27044,49,,,1,100,,27047,49,,,1,102,,27048,49,,,1,98,,27049,49,,,1,100,,27050,49,,,1,91,,27056,49,,,1,100,,27051,49,,,1,100,,27052,49,,,1,100,,27053,49,,,1,100,,27054,49,,,1,100,,27055,49,,,1,94,,27057,49,,,1
3100,'Dimanche-0-_26ÉTÉ-0000001-',754,,27062,49,,,1,70,,27063,49,,,1,104,,27064,49,,,1,102,,27065,49,,,1,102,,27058,49,,,1,102,,27059,49,,,1,101,,27060,49,,,1,100,,27061,49,,,1,100,,27067,49,,,1,102,,27068,49,,,1,98,,27066,49,,,1,100,,27069,49,,,1,91,,27072,49,,,1,100,,27076,49,,,1,100,,27070,49,,,1,100,,27071,49,,,1,100,,27074,49,,,1,100,,27073,49,,,1,94,,27075,49,,,1
3100,'Semaine-1-_26ÉTÉ-1111100-',641,,24636,47,,,1,75,,24671,47,,,1,32,,24649,47,,,1,72,,24637,47,,,1,20,,24677,47,,,1,13,,24674,47,,,1,61,,24633,47,,,1,16,,24646,47,,,1,17,,24647,47,,,1,12,,24663,47,,,1,59,,24638,47,,,1,21,,24640,47,,,1,20,,24657,47,,,1,60,,24658,47,,,1,20,,24664,47,,,1,20,,24639,47,,,1,60,,24644,47,,,1,21,,24665,47,,,1,60,,24672,47,,,1,20,,24660,47,,,1,20,,24641,47,,,1,60,,24634,47,,,1,17,,24670,47,,,1,22,,24675,47,,,1,19,,24659,47,,,1,59,,24642,47,,,1,19,,24662,47,,,1,72,,24666,47,,,1,21,,24673,47,,,1,16,,24661,47,,,1,14,,24643,47,,,1,61,,24654,47,,,1,20,,24656,47,,,1,62,,24645,47,,,1,2,,24632,40,,,1,14,,24650,47,,,1,21,,24635,47,,,1,13,,24668,47,,,1,58,,24676,47,,,1,26,,24651,49,,,1,97,,24669,49,,,1,100,,24652,49,,,1,100,,24648,49,,,1,99,,24653,49,,,1,102,,24655,49,,,1,103,,24667,49,,,1
3100,'Semaine-10-_26ÉTÉ-1111100-',641,,27081,47,,,1,75,,27116,47,,,1,32,,27094,47,,,1,72,,27082,47,,,1,20,,27122,47,,,1,13,,27119,47,,,1,61,,27078,47,,,1,16,,27091,47,,,1,17,,27092,47,,,1,12,,27108,47,,,1,59,,27083,47,,,1,21,,27085,47,,,1,20,,27102,47,,,1,60,,27103,47,,,1,20,,27109,47,,,1,20,,27084,47,,,1,60,,27089,47,,,1,21,,27110,47,,,1,60,,27117,47,,,1,20,,27105,47,,,1,20,,27086,47,,,1,60,,27079,47,,,1,17,,27115,47,,,1,22,,27120,47,,,1,19,,27104,47,,,1,59,,27087,47,,,1,19,,27107,47,,,1,72,,27111,47,,,1,21,,27118,47,,,1,16,,27106,47,,,1,14,,27088,47,,,1,61,,27099,47,,,1,20,,27101,47,,,1,62,,27090,47,,,1,2,,27077,40,,,1,14,,27095,47,,,1,21,,27080,47,,,1,13,,27113,47,,,1,58,,27121,47,,,1,26,,27096,49,,,1,97,,27114,49,,,1,100,,27097,49,,,1,100,,27093,49,,,1,99,,27098,49,,,1,102,,27100,49,,,1,103,,27112,49,,,1
3301,'Samedi-0-_26ÉTÉ-0000010-',712,,27384,18,,,1,100,,27385,18,,,1,100,,27382,18,,,2,100,,27388,18,,,1,99,,27389,18,,,1,101,,27383,18,,,1,100,,27386,18,,,1,100,,27387,18,,,1,101,,27390,18,,,1,99,,27391,18,,,1,100,,27392,18,,,1,99,,27399,18,,,1,100,,27393,18,,,1,100,,27394,18,,,1,100,,27395,18,,,1,100,,27396,18,,,1,100,,27397,18,,,1,100,,27398,18,,,1
3301,'Dimanche-0-_26ÉTÉ-0000001-',712,,27404,18,,,1,100,,27405,18,,,1,100,,27406,18,,,2,100,,27400,18,,,1,99,,27401,18,,,1,101,,27402,18,,,1,100,,27403,18,,,1,100,,27408,18,,,1,101,,27409,18,,,1,99,,27407,18,,,1,100,,27410,18,,,1,99,,27413,18,,,1,100,,27417,18,,,1,100,,27411,18,,,1,100,,27412,18,,,1,100,,27415,18,,,1,100,,27414,18,,,1,100,,27416,18,,,1
3301,'Semaine-1-_26ÉTÉ-1111100-',558,,24888,18,,,2,62,,24896,18,,,2,24,,24873,18,,,1,57,,24893,18,,,1,16,,24889,18,,,2,4,,24884,18,,,1,9,,24904,18,,,1,10,,24902,18,,,2,62,,24891,18,,,2,14,,24879,18,,,1,10,,24895,18,,,2,16,,24869,18,,,1,70,,24881,18,,,1,29,,24887,18,,,1,71,,24877,18,,,2,28,,24898,18,,,1,71,,24882,18,,,1,29,,24874,18,,,1,72,,24876,18,,,1,19,,24894,18,,,1,6,,24903,18,,,1,67,,24885,18,,,1,30,,24875,18,,,1,71,,24880,18,,,1,31,,24883,18,,,1,11,,24905,18,,,1,59,,24886,18,,,1,16,,24878,18,,,2,13,,24890,18,,,2,73,,24871,18,,,1,27,,24901,18,,,1,23,,24868,18,,,2,69,,24865,18,,,2,32,,24899,18,,,1,82,,24872,18,,,1,70,,24867,18,,,1,97,,24870,18,,,1,41,,24892,18,,,1,106,,24897,18,,,1,97,,24866,18,,,1,164,,24900,18,,,1
3301,'Semaine-10-_26ÉTÉ-1111100-',558,,27441,18,,,2,62,,27449,18,,,2,24,,27426,18,,,1,57,,27446,18,,,1,16,,27442,18,,,2,4,,27437,18,,,1,9,,27457,18,,,1,10,,27455,18,,,2,62,,27444,18,,,2,14,,27432,18,,,1,10,,27448,18,,,2,16,,27422,18,,,1,70,,27434,18,,,1,29,,27440,18,,,1,71,,27430,18,,,2,28,,27451,18,,,1,71,,27435,18,,,1,29,,27427,18,,,1,72,,27429,18,,,1,19,,27447,18,,,1,6,,27456,18,,,1,67,,27438,18,,,1,30,,27428,18,,,1,71,,27433,18,,,1,31,,27436,18,,,1,11,,27458,18,,,1,59,,27439,18,,,1,16,,27431,18,,,2,13,,27443,18,,,2,73,,27424,18,,,1,27,,27454,18,,,1,23,,27421,18,,,2,69,,27418,18,,,2,32,,27452,18,,,1,82,,27425,18,,,1,70,,27420,18,,,1,97,,27423,18,,,1,41,,27445,18,,,1,106,,27450,18,,,1,97,,27419,18,,,1,164,,27453,18,,,1
3501,'Semaine-1-_26ÉTÉ-1111100-',653,,25021,11,,,2,77,,25032,11,,,1
3501,'Semaine-10-_26ÉTÉ-1111100-',653,,27706,11,,,2,77,,27717,11,,,1
