2001,'Semaine-1-_26ÉTÉ-1111100-',1540,,37331,13,,,1,101,,37332,13,,,1,99,,37333,13,,,2
2001,'Semaine-10-_26ÉTÉ-1111100-',1540,,37334,13,,,1,101,,37335,13,,,1,99,,37336,13,,,2
2001,'Semaine-11-_26ÉTÉ-1111100-',1540,,45370,13,,,1,101,,45371,13,,,1,99,,45372,13,,,2
2001,'Semaine-12-_26ÉTÉ-1111100-',1540,,52378,13,,,1,101,,52379,13,,,1,99,,52380,13,,,2
2001,'Semaine-5-_26ÉTÉ-1111100-',1540,,49941,13,,,1,101,,49942,13,,,1,99,,49943,13,,,2
2701,'Semaine-1-_26ÉTÉ-1111100-',627,,37415,28,,,1,87,,37416,28,,,1,86,,37413,28,,,1,29,,37414,28,,,1
2701,'Semaine-10-_26ÉTÉ-1111100-',627,,37419,28,,,1,87,,37420,28,,,1,86,,37417,28,,,1,29,,37418,28,,,1
2701,'Semaine-11-_26ÉTÉ-1111100-',627,,45413,28,,,1,87,,45414,28,,,1,86,,45411,28,,,1,29,,45412,28,,,1
2701,'Semaine-12-_26ÉTÉ-1111100-',627,,52421,28,,,1,87,,52422,28,,,1,86,,52419,28,,,1,29,,52420,28,,,1
2701,'Semaine-5-_26ÉTÉ-1111100-',627,,49984,28,,,1,87,,49985,28,,,1,86,,49982,28,,,1,29,,49983,28,,,1
3901,'Samedi-0-_26ÉTÉ-0000010-',613,,39431,12,,,1,100,,39433,12,,,1,100,,39437,12,,,1,100,,39436,12,,,1,100,,39439,12,,,1,100,,39438,12,,,1,100,,39434,12,,,1,30,,39432,12,,,1,70,,39440,12,,,1,30,,39435,12,,,2,71,,39441,12,,,1,30,,39442,12,,,1,70,,39443,12,,,2,30,,39444,12,,,1,70,,39445,12,,,1,30,,39446,12,,,1,70,,39447,12,,,1,30,,39448,12,,,1,70,,39449,12,,,1,29,,39450,12,,,1,100,,39451,12,,,1,100,,39452,12,,,1,100,,39453,12,,,1,100,,39454,12,,,1
3901,'Dimanche-0-_26ÉTÉ-0000001-',613,,39455,12,,,1,100,,39462,12,,,1,100,,39456,12,,,1,100,,39459,12,,,1,100,,39464,12,,,1,100,,39457,12,,,1,100,,39463,12,,,1,30,,39458,12,,,1,70,,39460,12,,,1,30,,39465,12,,,2,71,,39467,12,,,1,30,,39461,12,,,1,70,,39466,12,,,2,30,,39468,12,,,1,70,,39469,12,,,1,30,,39474,12,,,1,70,,39476,12,,,1,30,,39478,12,,,1,70,,39475,12,,,1,29,,39472,12,,,1,100,,39473,12,,,1,100,,39477,12,,,1,100,,39470,12,,,1,100,,39471,12,,,1
3901,'Dimanche-10-_26ÉTÉ-0000001-',613,,39479,12,,,1,100,,39486,12,,,1,100,,39480,12,,,1,100,,39483,12,,,1,100,,39488,12,,,1,100,,39481,12,,,1,100,,39487,12,,,1,30,,39482,12,,,1,70,,39484,12,,,1,30,,39489,12,,,2,71,,39491,12,,,1,30,,39485,12,,,1,70,,39490,12,,,2,30,,39492,12,,,1,70,,39493,12,,,1,30,,39498,12,,,1,70,,39500,12,,,1,30,,39502,12,,,1,70,,39499,12,,,1,29,,39496,12,,,1,100,,39497,12,,,1,100,,39501,12,,,1,100,,39494,12,,,1,100,,39495,12,,,1
3901,'Dimanche-11-_26ÉTÉ-0000001-',613,,49112,12,,,1,100,,49119,12,,,1,100,,49113,12,,,1,100,,49116,12,,,1,100,,49121,12,,,1,100,,49114,12,,,1,100,,49120,12,,,1,30,,49115,12,,,1,70,,49117,12,,,1,30,,49122,12,,,2,71,,49124,12,,,1,30,,49118,12,,,1,70,,49123,12,,,2,30,,49125,12,,,1,70,,49126,12,,,1,30,,49131,12,,,1,70,,49133,12,,,1,30,,49135,12,,,1,70,,49132,12,,,1,29,,49129,12,,,1,100,,49130,12,,,1,100,,49134,12,,,1,100,,49127,12,,,1,100,,49128,12,,,1
3901,'Semaine-1-_26ÉTÉ-1111100-',634,,39525,12,,,2,66,,39514,12,,,1,35,,39515,12,,,1,74,,39511,12,,,1,33,,39517,12,,,1,70,,39519,12,,,1,30,,39526,12,,,1,70,,39537,12,,,1,30,,39532,12,,,2,70,,39527,12,,,1,30,,39512,12,,,1,72,,39521,12,,,2,30,,39528,12,,,1,69,,39513,12,,,1,30,,39510,12,,,2,72,,39529,12,,,1,29,,39522,12,,,2,70,,39503,12,,,1,31,,39530,12,,,2,71,,39508,12,,,1,30,,39505,12,,,1,70,,39533,12,,,1,28,,39518,12,,,1,72,,39524,12,,,1,31,,39509,12,,,2,72,,39531,12,,,1,25,,39504,12,,,2,66,,39534,12,,,1,30,,39507,12,,,1,70,,39523,12,,,1,32,,39535,12,,,1,70,,39506,12,,,1,30,,39516,12,,,1,72,,39536,12,,,1,30,,39520,12,,,1
3901,'Semaine-10-_26ÉTÉ-1111100-',634,,39560,12,,,2,66,,39549,12,,,1,35,,39550,12,,,1,74,,39546,12,,,1,33,,39552,12,,,1,70,,39554,12,,,1,30,,39561,12,,,1,70,,39572,12,,,1,30,,39567,12,,,2,70,,39562,12,,,1,30,,39547,12,,,1,72,,39556,12,,,2,30,,39563,12,,,1,69,,39548,12,,,1,30,,39545,12,,,2,72,,39564,12,,,1,29,,39557,12,,,2,70,,39538,12,,,1,31,,39565,12,,,2,71,,39543,12,,,1,30,,39540,12,,,1,70,,39568,12,,,1,28,,39553,12,,,1,72,,39559,12,,,1,31,,39544,12,,,2,72,,39566,12,,,1,25,,39539,12,,,2,66,,39569,12,,,1,30,,39542,12,,,1,70,,39558,12,,,1,32,,39570,12,,,1,70,,39541,12,,,1,30,,39551,12,,,1,72,,39571,12,,,1,30,,39555,12,,,1
3901,'Semaine-11-_26ÉTÉ-1111100-',634,,46334,12,,,2,66,,46323,12,,,1,35,,46324,12,,,1,74,,46320,12,,,1,33,,46326,12,,,1,70,,46328,12,,,1,30,,46335,12,,,1,70,,46346,12,,,1,30,,46341,12,,,2,70,,46336,12,,,1,30,,46321,12,,,1,72,,46330,12,,,2,30,,46337,12,,,1,69,,46322,12,,,1,30,,46319,12,,,2,72,,46338,12,,,1,29,,46331,12,,,2,70,,46312,12,,,1,31,,46339,12,,,2,71,,46317,12,,,1,30,,46314,12,,,1,70,,46342,12,,,1,28,,46327,12,,,1,72,,46333,12,,,1,31,,46318,12,,,2,72,,46340,12,,,1,25,,46313,12,,,2,66,,46343,12,,,1,30,,46316,12,,,1,70,,46332,12,,,1,32,,46344,12,,,1,70,,46315,12,,,1,30,,46325,12,,,1,72,,46345,12,,,1,30,,46329,12,,,1
3901,'Semaine-12-_26ÉTÉ-1111100-',634,,53054,12,,,2,66,,53043,12,,,1,35,,53044,12,,,1,74,,53040,12,,,1,33,,53046,12,,,1,70,,53048,12,,,1,30,,53055,12,,,1,70,,53066,12,,,1,30,,53061,12,,,2,70,,53056,12,,,1,30,,53041,12,,,1,72,,53050,12,,,2,30,,53057,12,,,1,69,,53042,12,,,1,30,,53039,12,,,2,72,,53058,12,,,1,29,,53051,12,,,2,70,,53032,12,,,1,31,,53059,12,,,2,71,,53037,12,,,1,30,,53034,12,,,1,70,,53062,12,,,1,28,,53047,12,,,1,72,,53053,12,,,1,31,,53038,12,,,2,72,,53060,12,,,1,25,,53033,12,,,2,66,,53063,12,,,1,30,,53036,12,,,1,70,,53052,12,,,1,32,,53064,12,,,1,70,,53035,12,,,1,30,,53045,12,,,1,72,,53065,12,,,1,30,,53049,12,,,1
3901,'Semaine-5-_26ÉTÉ-1111100-',634,,50618,12,,,2,66,,50607,12,,,1,35,,50608,12,,,1,74,,50604,12,,,1,33,,50610,12,,,1,70,,50612,12,,,1,30,,50619,12,,,1,70,,50630,12,,,1,30,,50625,12,,,2,70,,50620,12,,,1,30,,50605,12,,,1,72,,50614,12,,,2,30,,50621,12,,,1,69,,50606,12,,,1,30,,50603,12,,,2,72,,50622,12,,,1,29,,50615,12,,,2,70,,50596,12,,,1,31,,50623,12,,,2,71,,50601,12,,,1,30,,50598,12,,,1,70,,50626,12,,,1,28,,50611,12,,,1,72,,50617,12,,,1,31,,50602,12,,,2,72,,50624,12,,,1,25,,50597,12,,,2,66,,50627,12,,,1,30,,50600,12,,,1,70,,50616,12,,,1,32,,50628,12,,,1,70,,50599,12,,,1,30,,50609,12,,,1,72,,50629,12,,,1,30,,50613,12,,,1
