4000,'Semaine-4',1533,,33893,26,,,1,70,,33889,26,,,2,35,,33892,26,,,1,67,,33891,26,,,2,28,,33890,26,,,1,26,,33894,26,,,1
4100,'Semaine-4',1544,,33902,26,,,1,71,,33904,26,,,1,33,,33903,26,,,1,66,,33901,26,,,1,29,,33905,26,,,1
4500,'Semaine-4',1519,,33920,26,,,1,35,,33915,26,,,1,70,,33916,26,,,1,30,,33918,26,,,2,69,,33919,26,,,1,26,,33917,26,,,1
4700,'Semaine-4',1540,,33927,26,,,1,102,,33929,26,,,2,96,,33928,26,,,2
5200,'Samedi-3',635,,34085,12,,,1,100,,34086,12,,,2,100,,34087,12,,,1,101,,34088,12,,,2,100,,34089,12,,,1,101,,34090,12,,,1,101,,34091,12,,,2,100,,34092,12,,,1,99,,34093,12,,,1,100,,34094,12,,,1,100,,34095,12,,,1,100,,34096,12,,,1,99,,34097,12,,,1,100,,34100,12,,,1,100,,34098,12,,,1,100,,34099,12,,,2,98,,34101,12,,,2,100,,34102,12,,,1
5200,'Dimanche-3',635,,34104,12,,,1,100,,34103,12,,,2,100,,34105,12,,,1,101,,34106,12,,,2,100,,34108,12,,,1,101,,34113,12,,,1,101,,34107,12,,,2,100,,34110,12,,,1,99,,34111,12,,,1,100,,34109,12,,,1,100,,34112,12,,,1,100,,34119,12,,,1,99,,34118,12,,,1,100,,34114,12,,,1,100,,34120,12,,,1,100,,34117,12,,,2,98,,34116,12,,,2,100,,34115,12,,,1
5200,'Semaine-4',606,,34124,12,,,1,98,,34126,12,,,1,107,,34121,12,,,1,97,,34137,12,,,2,98,,34135,12,,,1,101,,34122,12,,,2,100,,34129,12,,,1,100,,34128,12,,,1,100,,34125,12,,,1,100,,34123,12,,,1,108,,34127,12,,,1,100,,34138,12,,,1,108,,34136,12,,,1,99,,34130,12,,,1,84,,34134,12,,,1,100,,34133,12,,,2,100,,34131,12,,,1,100,,34132,12,,,1
5500,'Samedi-3',713,,34202,27,,,1,30,,34199,27,,,1,70,,34200,27,,,1,30,,34203,27,,,1,70,,34201,27,,,1,29,,34208,27,,,1,70,,34205,27,,,1,30,,34206,27,,,1,75,,34211,27,,,1,26,,34210,27,,,1,68,,34204,27,,,1,30,,34207,27,,,1,70,,34209,27,,,1,34,,34212,27,,,1,70,,34213,27,,,1,30,,34214,27,,,1,70,,34215,27,,,1,29,,34216,27,,,1,70,,34217,27,,,1,29,,34218,27,,,1,70,,34219,27,,,1,30,,34220,27,,,1,72,,34221,27,,,1,28,,34222,27,,,1,70,,34224,27,,,1,33,,34223,27,,,1,67,,34225,27,,,1,30,,34227,27,,,1,71,,34226,27,,,1,31,,34228,27,,,1,68,,34229,27,,,1,30,,34232,27,,,1,70,,34234,27,,,1,30,,34231,27,,,1,71,,34230,27,,,1,27,,34233,27,,,1
5500,'Dimanche-3',713,,34237,27,,,1,30,,34242,27,,,1,70,,34246,27,,,1,30,,34240,27,,,1,70,,34238,27,,,1,29,,34243,27,,,1,70,,34245,27,,,1,30,,34239,27,,,1,75,,34235,27,,,1,26,,34236,27,,,1,68,,34248,27,,,1,30,,34252,27,,,1,70,,34250,27,,,1,34,,34247,27,,,1,70,,34241,27,,,1,30,,34255,27,,,1,70,,34256,27,,,1,29,,34257,27,,,1,70,,34251,27,,,1,29,,34264,27,,,1,70,,34261,27,,,1,30,,34249,27,,,1,72,,34269,27,,,1,28,,34263,27,,,1,70,,34244,27,,,1,33,,34267,27,,,1,67,,34260,27,,,1,30,,34253,27,,,1,71,,34258,27,,,1,31,,34254,27,,,1,68,,34265,27,,,1,30,,34262,27,,,1,70,,34259,27,,,1,30,,34268,27,,,1,71,,34266,27,,,1,28,,34270,27,,,1
5500,'Semaine-4',609,,34273,27,,,1,105,,34289,27,,,1,103,,34272,27,,,1,98,,34308,27,,,1,28,,34309,27,,,1,69,,34278,27,,,1,29,,34288,27,,,1,70,,34292,27,,,1,32,,34314,27,,,1,70,,34274,27,,,1,30,,34313,27,,,1,69,,34291,27,,,1,30,,34306,27,,,1,69,,34300,27,,,1,26,,34307,27,,,1,16,,34293,27,,,1,57,,34271,27,,,1,14,,34312,27,,,1,17,,34282,27,,,1,15,,34315,27,,,1,53,,34303,27,,,1,10,,34275,27,,,1,13,,34286,27,,,1,14,,34318,27,,,1,13,,34311,27,,,1,51,,34277,27,,,1,12,,34294,27,,,1,9,,34287,27,,,1,11,,34316,27,,,1,11,,34301,27,,,1,49,,34281,27,,,1,12,,34276,27,,,1,10,,34317,27,,,1,12,,34285,27,,,1,10,,34280,27,,,1,10,,34290,27,,,1,70,,34305,27,,,1,29,,34310,27,,,1,70,,34297,27,,,1,30,,34283,27,,,1,70,,34304,27,,,1,28,,34295,27,,,1,70,,34298,27,,,1,29,,34284,27,,,1,70,,34299,27,,,1,30,,34296,27,,,1,69,,34279,27,,,1,29,,34302,27,,,1
5601,'Semaine-4',1237,,34444,29,,,1,102,,34441,29,,,1,100,,34440,29,,,1,101,,34443,29,,,1,105,,34442,29,,,2,97,,34445,29,,,1,96,,34446,29,,,1
5800,'Semaine-4',828,,34451,14,,,2,399,,34452,14,,,1,300,,34454,14,,,2,31,,34449,14,,,2,70,,34450,14,,,1,30,,34453,14,,,1,68,,34448,14,,,1,30,,34447,14,,,1
5900,'Samedi-3',728,,34466,27,,,1,30,,34469,27,,,1,70,,34462,27,,,1,30,,34468,27,,,1,70,,34465,27,,,1,30,,34470,27,,,1,70,,34474,27,,,1,30,,34475,27,,,1,70,,34464,27,,,1,30,,34463,27,,,1,71,,34473,27,,,1,30,,34467,27,,,1,70,,34471,27,,,1,71,,34476,27,,,1,30,,34472,27,,,1,70,,34477,27,,,1,30,,34478,27,,,1,29,,34479,27,,,1,70,,34480,27,,,1,73,,34481,27,,,1,28,,34482,27,,,1,70,,34483,27,,,1,29,,34484,27,,,1,30,,34485,27,,,1,70,,34486,27,,,1,29,,34488,27,,,1,70,,34487,27,,,1,30,,34490,27,,,1,70,,34489,27,,,1,30,,34491,27,,,1,70,,34492,27,,,1,30,,34494,27,,,1,70,,34493,27,,,1,30,,34495,27,,,1
5900,'Dimanche-3',728,,34502,27,,,1,30,,34497,27,,,1,70,,34500,27,,,1,30,,34505,27,,,1,70,,34509,27,,,1,30,,34498,27,,,1,70,,34501,27,,,1,30,,34507,27,,,1,70,,34508,27,,,1,30,,34496,27,,,1,71,,34499,27,,,1,30,,34504,27,,,1,70,,34506,27,,,1,71,,34503,27,,,1,30,,34511,27,,,1,70,,34516,27,,,1,30,,34510,27,,,1,29,,34521,27,,,1,70,,34522,27,,,1,73,,34513,27,,,1,28,,34517,27,,,1,70,,34528,27,,,1,29,,34512,27,,,1,30,,34518,27,,,1,70,,34514,27,,,1,29,,34519,27,,,1,70,,34524,27,,,1,30,,34525,27,,,1,70,,34515,27,,,1,30,,34529,27,,,1,70,,34523,27,,,1,30,,34520,27,,,1,70,,34527,27,,,1,30,,34526,27,,,1
5900,'Semaine-4',642,,34537,27,,,1,104,,34572,27,,,1,100,,34553,27,,,1,83,,34549,27,,,1,28,,34570,27,,,1,70,,34546,27,,,1,30,,34569,27,,,1,70,,34560,27,,,1,30,,34554,27,,,1,72,,34562,27,,,1,29,,34545,27,,,1,71,,34573,27,,,1,30,,34536,27,,,1,71,,34567,27,,,1,13,,34538,27,,,1,59,,34571,27,,,1,31,,34531,27,,,1,14,,34575,27,,,1,56,,34530,27,,,1,7,,34565,27,,,1,17,,34561,27,,,1,8,,34574,22,,,1,4,,34548,27,,,1,16,,34532,27,,,1,4,,34576,22,,,1,46,,34533,27,,,1,12,,34541,27,,,1,9,,34568,27,,,1,12,,34557,27,,,1,11,,34544,27,,,1,9,,34566,27,,,1,52,,34552,27,,,1,12,,34564,27,,,1,9,,34534,27,,,1,10,,34539,27,,,1,71,,34559,27,,,1,29,,34550,27,,,1,70,,34555,27,,,1,29,,34543,27,,,1,70,,34551,27,,,1,30,,34556,27,,,1,70,,34563,27,,,1,30,,34540,27,,,1,70,,34558,27,,,1,29,,34547,27,,,1,70,,34535,27,,,1,28,,34542,27,,,1
64500,'Semaine-4',708,,37118,3,0,9 10,1
64700,'Semaine-4',710,,37120,3,0,9 10,1
65500,'Semaine-4',717,,37124,20,0,9 10,1
74000,'Semaine-4',1638,,37133,21,0,5 11,1
80001,'Samedi-3',640,,37212,29,,,1,100,,37214,29,,,1,99,,37215,29,,,2,100,,37218,29,,,1,102,,37213,29,,,2,100,,37216,29,,,1,99,,37219,29,,,1,99,,37217,29,,,2,100,,37220,29,,,1,100,,37221,29,,,1,100,,37222,29,,,2,100,,37223,29,,,1,97,,37226,29,,,1,101,,37224,29,,,1,100,,37225,29,,,2,100,,37227,29,,,1,102,,37228,29,,,1
80001,'Dimanche-3',640,,37229,29,,,1,100,,37230,29,,,1,99,,37234,29,,,2,100,,37231,29,,,1,102,,37235,29,,,2,100,,37232,29,,,1,99,,37233,29,,,1,99,,37237,29,,,2,100,,37236,29,,,1,100,,37238,29,,,1,100,,37240,29,,,2,100,,37241,29,,,1,97,,37242,29,,,1,101,,37239,29,,,1,100,,37243,29,,,2,100,,37244,29,,,1,102,,37245,29,,,1
80001,'Semaine-4',630,,37268,29,,,1,72,,37254,29,,,1,29,,37274,29,,,2,71,,37258,29,,,1,30,,37248,29,,,1,68,,37265,29,,,1,30,,37262,29,,,1,70,,37270,29,,,1,30,,37275,29,,,1,70,,37261,29,,,2,30,,37269,29,,,1,70,,37251,29,,,1,30,,37279,29,,,1,71,,37278,29,,,1,31,,37249,29,,,1,70,,37272,29,,,1,30,,37260,29,,,2,70,,37266,29,,,1,35,,37276,29,,,2,69,,37263,29,,,1,16,,37273,29,,,1,18,,37280,29,,,1,67,,37271,29,,,2,28,,37264,29,,,1,70,,37252,29,,,2,27,,37256,29,,,1,69,,37246,29,,,1,30,,37277,29,,,1,70,,37253,29,,,1,27,,37255,29,,,1,28,,37259,29,,,1,72,,37247,29,,,1,30,,37267,29,,,1,70,,37250,29,,,1,30,,37257,29,,,1
