6701,'Samedi-0-_26ÉTÉ-0000010-',631,,41950,9,,,1,100,,41956,9,,,1,99,,41952,9,,,1,101,,41951,9,,,1,71,,41954,9,,,1,28,,41959,9,,,1,72,,41960,9,,,2,30,,41953,9,,,1,70,,41955,9,,,1,30,,41958,9,,,1,70,,41961,9,,,1,30,,41962,9,,,1,70,,41957,9,,,1,30,,41963,9,,,1,70,,41964,9,,,1,30,,41965,9,,,2,70,,41966,9,,,2,30,,41967,9,,,1,71,,41968,9,,,1,29,,41969,9,,,1,70,,41970,9,,,2,29,,41971,9,,,1,70,,41972,9,,,2,100,,41973,9,,,1,100,,41974,9,,,1,100,,41976,9,,,1,100,,41975,9,,,1
6701,'Samedi-10-_26ÉTÉ-0000010-',631,,47365,9,,,1,100,,47371,9,,,1,99,,47367,9,,,1,101,,47366,9,,,1,71,,47369,9,,,1,28,,47374,9,,,1,72,,47375,9,,,2,30,,47368,9,,,1,70,,47370,9,,,1,30,,47373,9,,,1,70,,47376,9,,,1,30,,47377,9,,,1,70,,47372,9,,,1,30,,47378,9,,,1,70,,47379,9,,,1,30,,47380,9,,,2,70,,47381,9,,,2,30,,47382,9,,,1,71,,47383,9,,,1,29,,47384,9,,,1,70,,47385,9,,,2,29,,47386,9,,,1,70,,47387,9,,,2,100,,47388,9,,,1,100,,47389,9,,,1,100,,47391,9,,,1,100,,47390,9,,,1
6701,'Dimanche-0-_26ÉTÉ-0000001-',631,,41977,9,,,1,100,,41982,9,,,1,99,,41985,9,,,1,101,,41980,9,,,1,71,,41978,9,,,1,28,,41979,9,,,1,72,,41981,9,,,2,30,,41989,9,,,1,70,,41983,9,,,1,30,,41987,9,,,1,70,,41984,9,,,1,30,,41992,9,,,1,70,,41993,9,,,1,30,,41990,9,,,1,70,,41995,9,,,1,30,,41986,9,,,2,70,,41998,9,,,2,30,,41991,9,,,1,71,,41988,9,,,1,29,,41996,9,,,1,70,,41999,9,,,2,29,,42003,9,,,1,70,,42002,9,,,2,100,,41994,9,,,1,100,,42000,9,,,1,100,,41997,9,,,1,100,,42001,9,,,1
6701,'Dimanche-10-_26ÉTÉ-0000001-',631,,42004,9,,,1,100,,42009,9,,,1,99,,42012,9,,,1,101,,42007,9,,,1,71,,42005,9,,,1,28,,42006,9,,,1,72,,42008,9,,,2,30,,42016,9,,,1,70,,42010,9,,,1,30,,42014,9,,,1,70,,42011,9,,,1,30,,42019,9,,,1,70,,42020,9,,,1,30,,42017,9,,,1,70,,42022,9,,,1,30,,42013,9,,,2,70,,42025,9,,,2,30,,42018,9,,,1,71,,42015,9,,,1,29,,42023,9,,,1,70,,42026,9,,,2,29,,42030,9,,,1,70,,42029,9,,,2,100,,42021,9,,,1,100,,42027,9,,,1,100,,42024,9,,,1,100,,42028,9,,,1
6701,'Dimanche-11-_26ÉTÉ-0000001-',631,,49477,9,,,1,100,,49482,9,,,1,99,,49485,9,,,1,101,,49480,9,,,1,71,,49478,9,,,1,28,,49479,9,,,1,72,,49481,9,,,2,30,,49489,9,,,1,70,,49483,9,,,1,30,,49487,9,,,1,70,,49484,9,,,1,30,,49492,9,,,1,70,,49493,9,,,1,30,,49490,9,,,1,70,,49495,9,,,1,30,,49486,9,,,2,70,,49498,9,,,2,30,,49491,9,,,1,71,,49488,9,,,1,29,,49496,9,,,1,70,,49499,9,,,2,29,,49503,9,,,1,70,,49502,9,,,2,100,,49494,9,,,1,100,,49500,9,,,1,100,,49497,9,,,1,100,,49501,9,,,1
6701,'Semaine-1-_26ÉTÉ-1111100-',907,,42051,9,,,1,20,,42040,9,,,1,20,,42058,9,,,2,60,,42044,9,,,1,20,,42038,9,,,2,20,,42059,9,,,1,60,,42052,9,,,1,20,,42041,9,,,1,20,,42060,9,,,2,60,,42045,9,,,1,20,,42048,9,,,2,21,,42061,9,,,1,59,,42047,9,,,1,20,,42042,9,,,2,20,,42062,9,,,1,60,,42053,9,,,1,20,,42055,9,,,1,20,,42057,9,,,1,60,,42049,9,,,2,31,,42033,9,,,1,70,,42056,9,,,2,30,,42036,9,,,1,70,,42054,9,,,1,30,,42050,9,,,1,69,,42043,9,,,1,30,,42031,9,,,1,69,,42046,9,,,1,30,,42034,9,,,1,70,,42063,9,,,1,30,,42032,9,,,1,70,,42065,9,,,1,30,,42035,9,,,1,70,,42066,9,,,1,30,,42037,9,,,2,70,,42064,9,,,1,30,,42039,9,,,2
6701,'Semaine-10-_26ÉTÉ-1111100-',907,,42087,9,,,1,20,,42076,9,,,1,20,,42094,9,,,2,60,,42080,9,,,1,20,,42074,9,,,2,20,,42095,9,,,1,60,,42088,9,,,1,20,,42077,9,,,1,20,,42096,9,,,2,60,,42081,9,,,1,20,,42084,9,,,2,21,,42097,9,,,2,59,,42083,9,,,1,20,,42078,9,,,2,20,,42098,9,,,1,60,,42089,9,,,1,20,,42091,9,,,1,20,,42093,9,,,1,60,,42085,9,,,2,31,,42069,9,,,1,70,,42092,9,,,2,30,,42072,9,,,1,70,,42090,9,,,1,30,,42086,9,,,1,69,,42079,9,,,1,30,,42067,9,,,1,69,,42082,9,,,1,30,,42070,9,,,1,70,,42099,9,,,1,30,,42068,9,,,1,70,,42101,9,,,1,30,,42071,9,,,1,70,,42102,9,,,1,30,,42073,9,,,2,70,,42100,9,,,1,30,,42075,9,,,2
6701,'Semaine-11-_26ÉTÉ-1111100-',907,,47412,9,,,1,20,,47401,9,,,1,20,,47419,9,,,2,60,,47405,9,,,1,20,,47399,9,,,2,20,,47420,9,,,1,60,,47413,9,,,1,20,,47402,9,,,1,20,,47421,9,,,2,60,,47406,9,,,1,20,,47409,9,,,2,21,,47422,9,,,1,59,,47408,9,,,1,20,,47403,9,,,2,20,,47423,9,,,1,60,,47414,9,,,1,20,,47416,9,,,1,20,,47418,9,,,1,60,,47410,9,,,2,31,,47394,9,,,1,70,,47417,9,,,2,30,,47397,9,,,1,70,,47415,9,,,1,30,,47411,9,,,1,69,,47404,9,,,1,30,,47392,9,,,1,69,,47407,9,,,1,30,,47395,9,,,1,70,,47424,9,,,1,30,,47393,9,,,1,70,,47426,9,,,1,30,,47396,9,,,1,70,,47427,9,,,1,30,,47398,9,,,2,70,,47425,9,,,1,30,,47400,9,,,2
8701,'Semaine-1-_26ÉTÉ-1111100-',511,,43663,9,,,1,31,,43656,9,,,1,68,,43661,9,,,2,20,,43659,9,,,2,18,,43657,9,,,1,55,,43666,9,,,2,13,,43662,9,,,2,17,,43658,9,,,2,15,,43665,9,,,1,59,,43664,9,,,2,20,,43660,9,,,2,20,,43655,9,,,2
8701,'Semaine-10-_26ÉTÉ-1111100-',511,,43675,9,,,1,31,,43668,9,,,1,68,,43673,9,,,2,20,,43671,9,,,2,18,,43669,9,,,1,55,,43678,9,,,2,13,,43674,9,,,2,17,,43670,9,,,2,15,,43677,9,,,1,59,,43676,9,,,2,20,,43672,9,,,2,20,,43667,9,,,2
8701,'Semaine-11-_26ÉTÉ-1111100-',511,,48124,9,,,1,31,,48117,9,,,1,68,,48122,9,,,2,20,,48120,9,,,2,18,,48118,9,,,1,55,,48127,9,,,2,13,,48123,9,,,2,17,,48119,9,,,2,15,,48126,9,,,1,59,,48125,9,,,2,20,,48121,9,,,2,20,,48116,9,,,2
