3900,'Samedi-0-_26ÉTÉ-0000010-',657,,39287,32,,,1,101,,39288,32,,,1,100,,39292,32,,,1,142,,39291,32,,,1,100,,39294,32,,,1,100,,39293,32,,,1,102,,39289,32,,,1,30,,39290,32,,,1,70,,39295,32,,,1,31,,39296,32,,,2,70,,39297,32,,,1,30,,39298,32,,,1,71,,39299,32,,,2,30,,39300,32,,,1,70,,39301,32,,,1,30,,39302,32,,,1,69,,39303,32,,,1,29,,39304,32,,,1,69,,39305,32,,,1,28,,39306,32,,,1,100,,39307,32,,,1,100,,39308,32,,,1,100,,39309,32,,,1,100,,39310,32,,,1
3900,'Dimanche-0-_26ÉTÉ-0000001-',657,,39311,32,,,1,101,,39318,32,,,1,100,,39312,32,,,1,142,,39314,32,,,1,100,,39320,32,,,1,100,,39313,32,,,1,102,,39319,32,,,1,30,,39315,32,,,1,70,,39316,32,,,1,31,,39321,32,,,2,70,,39323,32,,,1,30,,39317,32,,,1,71,,39322,32,,,2,30,,39324,32,,,1,70,,39325,32,,,1,30,,39331,32,,,1,69,,39332,32,,,1,29,,39334,32,,,1,69,,39330,32,,,1,28,,39328,32,,,1,100,,39329,32,,,1,100,,39333,32,,,1,100,,39326,32,,,1,100,,39327,32,,,1
3900,'Dimanche-10-_26ÉTÉ-0000001-',657,,39335,32,,,1,101,,39342,32,,,1,100,,39336,32,,,1,142,,39338,32,,,1,100,,39344,32,,,1,100,,39337,32,,,1,102,,39343,32,,,1,30,,39339,32,,,1,70,,39340,32,,,1,31,,39345,32,,,2,70,,39347,32,,,1,30,,39341,32,,,1,71,,39346,32,,,2,30,,39348,32,,,1,70,,39349,32,,,1,30,,39355,32,,,1,69,,39356,32,,,1,29,,39358,32,,,1,69,,39354,32,,,1,28,,39352,32,,,1,100,,39353,32,,,1,100,,39357,32,,,1,100,,39350,32,,,1,100,,39351,32,,,1
3900,'Dimanche-11-_26ÉTÉ-0000001-',657,,49088,32,,,1,101,,49095,32,,,1,100,,49089,32,,,1,142,,49091,32,,,1,100,,49097,32,,,1,100,,49090,32,,,1,102,,49096,32,,,1,30,,49092,32,,,1,70,,49093,32,,,1,31,,49098,32,,,2,70,,49100,32,,,1,30,,49094,32,,,1,71,,49099,32,,,2,30,,49101,32,,,1,70,,49102,32,,,1,30,,49108,32,,,1,69,,49109,32,,,1,29,,49111,32,,,1,69,,49107,32,,,1,28,,49105,32,,,1,100,,49106,32,,,1,100,,49110,32,,,1,100,,49103,32,,,1,100,,49104,32,,,1
3900,'Semaine-1-_26ÉTÉ-1111100-',634,,39376,32,,,2,66,,39362,32,,,1,31,,39381,32,,,2,28,,39374,32,,,1,72,,39375,32,,,1,72,,39373,32,,,1,32,,39370,32,,,1,70,,39387,32,,,1,30,,39382,32,,,1,71,,39394,32,,,1,30,,39379,32,,,2,71,,39383,32,,,1,29,,39371,32,,,1,72,,39369,32,,,2,29,,39384,32,,,1,69,,39372,32,,,1,30,,39359,32,,,2,73,,39385,32,,,1,34,,39366,32,,,2,70,,39368,32,,,1,30,,39386,32,,,2,74,,39365,32,,,1,27,,39360,32,,,1,70,,39388,32,,,1,26,,39367,32,,,1,71,,39361,32,,,1,29,,39389,32,,,2,72,,39364,32,,,1,25,,39380,32,,,2,65,,39390,32,,,1,30,,39363,32,,,1,70,,39378,32,,,1,30,,39391,32,,,1,70,,39377,32,,,1,30,,39393,32,,,1,70,,39392,32,,,1
3900,'Semaine-10-_26ÉTÉ-1111100-',634,,39412,32,,,2,66,,39398,32,,,1,31,,39417,32,,,2,28,,39410,32,,,1,72,,39411,32,,,1,72,,39409,32,,,1,32,,39406,32,,,1,70,,39423,32,,,1,30,,39418,32,,,1,71,,39430,32,,,1,30,,39415,32,,,2,71,,39419,32,,,1,29,,39407,32,,,1,72,,39405,32,,,2,29,,39420,32,,,1,69,,39408,32,,,1,30,,39395,32,,,2,73,,39421,32,,,1,34,,39402,32,,,2,70,,39404,32,,,1,30,,39422,32,,,2,74,,39401,32,,,1,27,,39396,32,,,1,70,,39424,32,,,1,26,,39403,32,,,1,71,,39397,32,,,1,29,,39425,32,,,2,72,,39400,32,,,1,25,,39416,32,,,2,65,,39426,32,,,1,30,,39399,32,,,1,70,,39414,32,,,1,30,,39427,32,,,1,70,,39413,32,,,1,30,,39429,32,,,1,70,,39428,32,,,1
3900,'Semaine-11-_26ÉTÉ-1111100-',634,,46269,32,,,2,66,,46255,32,,,1,31,,46274,32,,,2,28,,46267,32,,,1,72,,46268,32,,,1,72,,46266,32,,,1,32,,46263,32,,,1,70,,46280,32,,,1,30,,46275,32,,,1,71,,46287,32,,,1,30,,46272,32,,,2,71,,46276,32,,,1,29,,46264,32,,,1,72,,46262,32,,,2,29,,46277,32,,,1,69,,46265,32,,,1,30,,46252,32,,,2,73,,46278,32,,,1,34,,46259,32,,,2,70,,46261,32,,,1,30,,46279,32,,,2,74,,46258,32,,,1,27,,46253,32,,,1,70,,46281,32,,,1,26,,46260,32,,,1,71,,46254,32,,,1,29,,46282,32,,,2,72,,46257,32,,,1,25,,46273,32,,,2,65,,46283,32,,,1,30,,46256,32,,,1,70,,46271,32,,,1,30,,46284,32,,,1,70,,46270,32,,,1,30,,46286,32,,,1,70,,46285,32,,,1
3900,'Semaine-12-_26ÉTÉ-1111100-',634,,53013,32,,,2,66,,52999,32,,,1,31,,53018,32,,,2,28,,53011,32,,,1,72,,53012,32,,,1,72,,53010,32,,,1,32,,53007,32,,,1,70,,53024,32,,,1,30,,53019,32,,,1,71,,53031,32,,,1,30,,53016,32,,,2,71,,53020,32,,,1,29,,53008,32,,,1,72,,53006,32,,,2,29,,53021,32,,,1,69,,53009,32,,,1,30,,52996,32,,,2,73,,53022,32,,,1,34,,53003,32,,,2,70,,53005,32,,,1,30,,53023,32,,,2,74,,53002,32,,,1,27,,52997,32,,,1,70,,53025,32,,,1,26,,53004,32,,,1,71,,52998,32,,,1,29,,53026,32,,,2,72,,53001,32,,,1,25,,53017,32,,,2,65,,53027,32,,,1,30,,53000,32,,,1,70,,53015,32,,,1,30,,53028,32,,,1,70,,53014,32,,,1,30,,53030,32,,,1,70,,53029,32,,,1
3900,'Semaine-5-_26ÉTÉ-1111100-',634,,50577,32,,,2,66,,50563,32,,,1,31,,50582,32,,,2,28,,50575,32,,,1,72,,50576,32,,,1,72,,50574,32,,,1,32,,50571,32,,,1,70,,50588,32,,,1,30,,50583,32,,,1,71,,50595,32,,,1,30,,50580,32,,,2,71,,50584,32,,,1,29,,50572,32,,,1,72,,50570,32,,,2,29,,50585,32,,,1,69,,50573,32,,,1,30,,50560,32,,,2,73,,50586,32,,,1,34,,50567,32,,,2,70,,50569,32,,,1,30,,50587,32,,,2,74,,50566,32,,,1,27,,50561,32,,,1,70,,50589,32,,,1,26,,50568,32,,,1,71,,50562,32,,,1,29,,50590,32,,,2,72,,50565,32,,,1,25,,50581,32,,,2,65,,50591,32,,,1,30,,50564,32,,,1,70,,50579,32,,,1,30,,50592,32,,,1,70,,50578,32,,,1,30,,50594,32,,,1,70,,50593,32,,,1
4900,'Samedi-0-_26ÉTÉ-0000010-',742,,39669,48,,,1,100,,39670,48,,,1,104,,39667,48,,,1,100,,39671,48,,,1,100,,39668,48,,,1,100,,39672,48,,,1,99,,39673,48,,,1,104,,39674,48,,,1,97,,39675,48,,,1,100,,39676,48,,,1,100,,39677,48,,,1,96,,39678,48,,,1,100,,39679,48,,,1,100,,39680,48,,,1,100,,39681,48,,,1,100,,39682,48,,,1,100,,39683,48,,,1
4900,'Dimanche-0-_26ÉTÉ-0000001-',742,,39684,48,,,1,100,,39687,48,,,1,104,,39685,48,,,1,100,,39688,48,,,1,100,,39690,48,,,1,100,,39694,48,,,1,99,,39692,48,,,1,104,,39691,48,,,1,97,,39686,48,,,1,100,,39696,48,,,1,100,,39693,48,,,1,96,,39695,48,,,1,100,,39700,48,,,1,100,,39689,48,,,1,100,,39698,48,,,1,100,,39699,48,,,1,100,,39697,48,,,1
4900,'Dimanche-10-_26ÉTÉ-0000001-',742,,39701,48,,,1,100,,39704,48,,,1,104,,39702,48,,,1,100,,39705,48,,,1,100,,39707,48,,,1,100,,39711,48,,,1,99,,39709,48,,,1,104,,39708,48,,,1,97,,39703,48,,,1,100,,39713,48,,,1,100,,39710,48,,,1,96,,39712,48,,,1,100,,39717,48,,,1,100,,39706,48,,,1,100,,39715,48,,,1,100,,39716,48,,,1,100,,39714,48,,,1
4900,'Dimanche-11-_26ÉTÉ-0000001-',742,,49136,48,,,1,100,,49139,48,,,1,104,,49137,48,,,1,100,,49140,48,,,1,100,,49142,48,,,1,100,,49146,48,,,1,99,,49144,48,,,1,104,,49143,48,,,1,97,,49138,48,,,1,100,,49148,48,,,1,100,,49145,48,,,1,96,,49147,48,,,1,100,,49152,48,,,1,100,,49141,48,,,1,100,,49150,48,,,1,100,,49151,48,,,1,100,,49149,48,,,1
4900,'Semaine-1-_26ÉTÉ-1111100-',703,,39742,48,,,1,21,,39748,48,,,1,28,,39745,48,,,1,73,,39746,48,,,1,77,,39741,48,,,1,29,,39737,48,,,1,71,,39729,48,,,1,31,,39747,48,,,1,71,,39743,48,,,1,32,,39739,48,,,1,70,,39718,48,,,1,30,,39738,48,,,1,70,,39720,48,,,1,30,,39725,48,,,1,70,,39727,48,,,1,30,,39730,48,,,1,70,,39744,48,,,1,37,,39728,48,,,1,70,,39731,48,,,1,30,,39723,48,,,1,71,,39734,48,,,1,29,,39726,48,,,1,67,,39724,48,,,1,30,,39740,48,,,1,67,,39735,48,,,1,95,,39719,48,,,1,101,,39736,48,,,1,100,,39733,48,,,1,97,,39721,48,,,1,58,,39732,48,,,1,100,,39722,48,,,1
4900,'Semaine-10-_26ÉTÉ-1111100-',703,,39773,48,,,1,21,,39779,48,,,1,28,,39776,48,,,1,73,,39777,48,,,1,77,,39772,48,,,1,29,,39768,48,,,1,71,,39760,48,,,1,31,,39778,48,,,1,71,,39774,48,,,1,32,,39770,48,,,1,70,,39749,48,,,1,30,,39769,48,,,1,70,,39751,48,,,1,30,,39756,48,,,1,70,,39758,48,,,1,30,,39761,48,,,1,70,,39775,48,,,1,37,,39759,48,,,1,70,,39762,48,,,1,30,,39754,48,,,1,71,,39765,48,,,1,29,,39757,48,,,1,67,,39755,48,,,1,30,,39771,48,,,1,67,,39766,48,,,1,95,,39750,48,,,1,101,,39767,48,,,1,100,,39764,48,,,1,97,,39752,48,,,1,58,,39763,48,,,1,100,,39753,48,,,1
4900,'Semaine-11-_26ÉTÉ-1111100-',703,,46435,48,,,1,21,,46441,48,,,1,28,,46438,48,,,1,73,,46439,48,,,1,77,,46434,48,,,1,29,,46430,48,,,1,71,,46422,48,,,1,31,,46440,48,,,1,71,,46436,48,,,1,32,,46432,48,,,1,70,,46411,48,,,1,30,,46431,48,,,1,70,,46413,48,,,1,30,,46418,48,,,1,70,,46420,48,,,1,30,,46423,48,,,1,70,,46437,48,,,1,37,,46421,48,,,1,70,,46424,48,,,1,30,,46416,48,,,1,71,,46427,48,,,1,29,,46419,48,,,1,67,,46417,48,,,1,30,,46433,48,,,1,67,,46428,48,,,1,95,,46412,48,,,1,101,,46429,48,,,1,100,,46426,48,,,1,97,,46414,48,,,1,58,,46425,48,,,1,100,,46415,48,,,1
4900,'Semaine-12-_26ÉTÉ-1111100-',703,,53138,48,,,1,21,,53144,48,,,1,28,,53141,48,,,1,73,,53142,48,,,1,77,,53137,48,,,1,29,,53133,48,,,1,71,,53125,48,,,1,31,,53143,48,,,1,71,,53139,48,,,1,32,,53135,48,,,1,70,,53114,48,,,1,30,,53134,48,,,1,70,,53116,48,,,1,30,,53121,48,,,1,70,,53123,48,,,1,30,,53126,48,,,1,70,,53140,48,,,1,37,,53124,48,,,1,70,,53127,48,,,1,30,,53119,48,,,1,71,,53130,48,,,1,29,,53122,48,,,1,67,,53120,48,,,1,30,,53136,48,,,1,67,,53131,48,,,1,95,,53115,48,,,1,101,,53132,48,,,1,100,,53129,48,,,1,97,,53117,48,,,1,58,,53128,48,,,1,100,,53118,48,,,1
4900,'Semaine-5-_26ÉTÉ-1111100-',703,,50702,48,,,1,12,,50710,48,,,1,4,,50709,48,,,1,5,,50708,48,,,1,28,,50705,48,,,1,73,,50706,48,,,1,77,,50701,48,,,1,29,,50697,48,,,1,71,,50689,48,,,1,31,,50707,48,,,1,71,,50703,48,,,1,32,,50699,48,,,1,70,,50678,48,,,1,30,,50698,48,,,1,70,,50680,48,,,1,30,,50685,48,,,1,70,,50687,48,,,1,30,,50690,48,,,1,70,,50704,48,,,1,37,,50688,48,,,1,70,,50691,48,,,1,30,,50683,48,,,1,71,,50694,48,,,1,29,,50686,48,,,1,67,,50684,48,,,1,30,,50700,48,,,1,67,,50695,48,,,1,95,,50679,48,,,1,101,,50696,48,,,1,100,,50693,48,,,1,97,,50681,48,,,1,58,,50692,48,,,1,100,,50682,48,,,1
5600,'Semaine-1-_26ÉTÉ-1111100-',702,,40502,43,,,2,22,,40500,43,,,1,5,,40504,43,,,2,29,,40503,43,,,2,73,,40497,43,,,2,105,,40496,43,,,2,102,,40498,43,,,1,98,,40501,43,,,2,100,,40499,43,,,1
5600,'Semaine-10-_26ÉTÉ-1111100-',702,,40511,43,,,2,22,,40509,43,,,1,5,,40513,43,,,2,29,,40512,43,,,2,73,,40506,43,,,2,105,,40505,43,,,2,102,,40507,43,,,1,98,,40510,43,,,2,100,,40508,43,,,1
5600,'Semaine-11-_26ÉTÉ-1111100-',702,,46745,43,,,2,22,,46743,43,,,1,5,,46747,43,,,2,29,,46746,43,,,2,73,,46740,43,,,2,105,,46739,43,,,2,102,,46741,43,,,1,98,,46744,43,,,2,100,,46742,43,,,1
5600,'Semaine-12-_26ÉTÉ-1111100-',702,,53326,43,,,2,22,,53324,43,,,1,5,,53328,43,,,2,29,,53327,43,,,2,73,,53321,43,,,2,105,,53320,43,,,2,102,,53322,43,,,1,98,,53325,43,,,2,100,,53323,43,,,1
5600,'Semaine-5-_26ÉTÉ-1111100-',702,,50892,43,,,2,22,,50890,43,,,1,5,,50894,43,,,2,29,,50893,43,,,2,73,,50887,43,,,2,105,,50886,43,,,2,102,,50888,43,,,1,98,,50891,43,,,2,100,,50889,43,,,1
42500,'Semaine-5-_26ÉTÉ-1111100-',717,,52271,29,,,1
42900,'Semaine-5-_26ÉTÉ-1111100-',723,,52273,16,,,1
44900,'Semaine-5-_26ÉTÉ-1111100-',726,,52276,30,,,1
55400,'Semaine-5-_26ÉTÉ-1111100-',720,,52278,33,,,1
