1801,'Semaine-1-_26ÉTÉ-1111100-',600,,37319,1,,,1,45,,37321,1,,,1,85,,37320,1,,,2
1801,'Semaine-10-_26ÉTÉ-1111100-',600,,37322,1,,,1,45,,37324,1,,,1,85,,37323,1,,,2
1801,'Semaine-11-_26ÉTÉ-1111100-',600,,45364,1,,,1,45,,45366,1,,,1,85,,45365,1,,,2
6801,'Semaine-1-_26ÉTÉ-1111100-',600,,42177,1,,,1,20,,42190,1,,,1,20,,42161,1,,,1,60,,42174,1,,,1,5,,42188,1,,,1,5,,42168,1,,,1,6,,42173,1,,,1,21,,42179,1,,,1,18,,42191,1,,,1,60,,42167,1,,,1,19,,42186,1,,,1,21,,42184,1,,,1,60,,42189,1,,,1,30,,42162,1,,,1,70,,42182,1,,,1,30,,42163,1,,,1,70,,42165,1,,,1,30,,42185,1,,,1,70,,42169,1,,,1,30,,42187,1,,,1,70,,42181,1,,,1,30,,42170,1,,,1,70,,42180,1,,,1,29,,42171,1,,,1,71,,42166,1,,,1,28,,42164,1,,,1,72,,42178,1,,,1,30,,42172,1,,,1,70,,42183,1,,,1,30,,42176,1,,,1,70,,42175,1,,,1
6801,'Semaine-10-_26ÉTÉ-1111100-',600,,42208,1,,,1,20,,42221,1,,,1,20,,42192,1,,,1,60,,42205,1,,,1,5,,42219,1,,,1,5,,42199,1,,,1,6,,42204,1,,,1,21,,42210,1,,,1,18,,42222,1,,,1,60,,42198,1,,,1,19,,42217,1,,,1,21,,42215,1,,,1,60,,42220,1,,,1,30,,42193,1,,,1,70,,42213,1,,,1,30,,42194,1,,,1,70,,42196,1,,,1,30,,42216,1,,,1,70,,42200,1,,,1,30,,42218,1,,,1,70,,42212,1,,,1,30,,42201,1,,,1,70,,42211,1,,,1,29,,42202,1,,,1,71,,42197,1,,,1,28,,42195,1,,,1,72,,42209,1,,,1,30,,42203,1,,,1,70,,42214,1,,,1,30,,42207,1,,,1,70,,42206,1,,,1
6801,'Semaine-11-_26ÉTÉ-1111100-',600,,47473,1,,,1,20,,47486,1,,,1,20,,47457,1,,,1,60,,47470,1,,,1,5,,47484,1,,,1,5,,47464,1,,,1,6,,47469,1,,,1,21,,47475,1,,,1,18,,47487,1,,,1,60,,47463,1,,,1,19,,47482,1,,,1,21,,47480,1,,,1,60,,47485,1,,,1,30,,47458,1,,,1,70,,47478,1,,,1,30,,47459,1,,,1,70,,47461,1,,,1,30,,47481,1,,,1,70,,47465,1,,,1,30,,47483,1,,,1,70,,47477,1,,,1,30,,47466,1,,,1,70,,47476,1,,,1,29,,47467,1,,,1,71,,47462,1,,,1,28,,47460,1,,,1,72,,47474,1,,,1,30,,47468,1,,,1,70,,47479,1,,,1,30,,47472,1,,,1,70,,47471,1,,,1
9301,'Semaine-1-_26ÉTÉ-1111100-',619,,43696,39,,,1,20,,43694,39,,,1,62,,43693,39,,,1,33,,43697,39,,,2,70,,43695,39,,,1
9301,'Semaine-10-_26ÉTÉ-1111100-',619,,43701,39,,,1,20,,43699,39,,,1,62,,43698,39,,,1,33,,43702,39,,,2,70,,43700,39,,,1
9301,'Semaine-11-_26ÉTÉ-1111100-',619,,48138,39,,,1,20,,48136,39,,,1,62,,48135,39,,,1,33,,48139,39,,,2,70,,48137,39,,,1
9501,'Semaine-1-_26ÉTÉ-1111100-',612,,43729,52,,,1,15,,43725,52,,,1,16,,43727,52,,,1,16,,43732,52,,,2,56,,43728,52,,,2,17,,43730,52,,,2,17,,43731,52,,,1,53,,43726,52,,,2
9501,'Semaine-10-_26ÉTÉ-1111100-',612,,43737,52,,,1,15,,43733,52,,,1,16,,43735,52,,,1,16,,43740,52,,,2,56,,43736,52,,,2,17,,43738,52,,,2,17,,43739,52,,,1,53,,43734,52,,,2
9501,'Semaine-11-_26ÉTÉ-1111100-',612,,48155,52,,,1,15,,48151,52,,,1,16,,48153,52,,,1,16,,48158,52,,,2,56,,48154,52,,,2,17,,48156,52,,,2,17,,48157,52,,,1,53,,48152,52,,,2
10001,'Semaine-1-_26ÉTÉ-1111100-',601,,43956,1,,,1,10,,43954,1,,,1,10,,43953,1,,,1,10,,43952,1,,,1,10,,43955,1,,,1,10,,43957,1,,,1,50,,43958,1,,,1,10,,43959,1,,,1,10,,43960,1,,,1,10,,43961,1,,,1,10,,43962,1,,,1,10,,43963,1,,,1,50,,43964,1,,,1,10,,43965,1,,,1,10,,43966,1,,,1
10001,'Semaine-10-_26ÉTÉ-1111100-',601,,43971,1,,,1,10,,43969,1,,,1,10,,43968,1,,,1,10,,43967,1,,,1,10,,43970,1,,,1,10,,43972,1,,,1,50,,43973,1,,,1,10,,43974,1,,,1,10,,43975,1,,,1,10,,43976,1,,,1,10,,43977,1,,,1,10,,43978,1,,,1,50,,43979,1,,,1,10,,43980,1,,,1,10,,43981,1,,,1
10001,'Semaine-11-_26ÉTÉ-1111100-',601,,48252,1,,,1,10,,48250,1,,,1,10,,48249,1,,,1,10,,48248,1,,,1,10,,48251,1,,,1,10,,48253,1,,,1,50,,48254,1,,,1,10,,48255,1,,,1,10,,48256,1,,,1,10,,48257,1,,,1,10,,48258,1,,,1,10,,48259,1,,,1,50,,48260,1,,,1,10,,48261,1,,,1,10,,48262,1,,,1
20001,'Semaine-1-_26ÉTÉ-1111100-',608,,44044,1,,,1,11,,44046,1,,,1,11,,44069,1,,,1,12,,44049,1,,,1,11,,44050,1,,,1,49,,44052,1,,,1,10,,44042,1,,,1,10,,44053,1,,,1,11,,44054,1,,,1,11,,44056,1,,,1,9,,44059,1,,,1,52,,44062,1,,,1,11,,44064,1,,,1
20001,'Semaine-10-_26ÉTÉ-1111100-',608,,44074,1,,,1,11,,44076,1,,,1,11,,44099,1,,,1,12,,44079,1,,,1,11,,44080,1,,,1,49,,44082,1,,,1,10,,44072,1,,,1,10,,44083,1,,,1,11,,44084,1,,,1,11,,44086,1,,,1,9,,44089,1,,,1,52,,44092,1,,,1,11,,44094,1,,,1
20001,'Semaine-11-_26ÉTÉ-1111100-',608,,48295,1,,,1,11,,48297,1,,,1,11,,48320,1,,,1,12,,48300,1,,,1,11,,48301,1,,,1,49,,48303,1,,,1,10,,48293,1,,,1,10,,48304,1,,,1,11,,48305,1,,,1,11,,48307,1,,,1,9,,48310,1,,,1,52,,48313,1,,,1,11,,48315,1,,,1
40001,'Samedi-0-_26ÉTÉ-0000010-',612,,44713,1,,,1,15,,44716,1,,,1,15,,44718,1,,,1,15,,44714,1,,,1,55,,44715,1,,,1,15,,44717,1,,,1,16,,44723,1,,,1,15,,44730,1,,,1,55,,44721,1,,,1,13,,44741,1,,,1,15,,44719,1,,,1,13,,44720,1,,,1,55,,44729,1,,,1,16,,44722,1,,,1,15,,44724,1,,,1,15,,44732,1,,,1,55,,44733,1,,,1,15,,44734,1,,,1,15,,44740,1,,,1,16,,44739,1,,,1,55,,44743,1,,,1,15,,44726,1,,,1,13,,44725,1,,,1,15,,44728,1,,,1,55,,44731,1,,,1,15,,44727,1,,,1,15,,44736,1,,,1,15,,44738,1,,,1,56,,44744,1,,,1,15,,44735,1,,,1,15,,44737,1,,,1,15,,44742,1,,,1,55,,44745,1,,,1,15,,44746,1,,,1,15,,44747,1,,,1,15,,44748,1,,,1,55,,44749,1,,,1,15,,44750,1,,,1,15,,44751,1,,,1,15,,44752,1,,,1,55,,44753,1,,,1,15,,44754,1,,,1,15,,44755,1,,,1,15,,44756,1,,,1,55,,44757,1,,,1,15,,44758,1,,,1,15,,44759,1,,,1,16,,44762,1,,,1,59,,44760,1,,,1,14,,44761,1,,,1,12,,44764,1,,,1,16,,44763,1,,,1,54,,44768,1,,,1,16,,44766,1,,,1,16,,44767,1,,,1,15,,44765,1,,,1,55,,44769,1,,,1,15,,44771,1,,,1,15,,44772,1,,,1,15,,44773,1,,,1,55,,44770,1,,,1,16,,44776,1,,,1,13,,44775,1,,,1,15,,44774,1,,,1,55,,44777,1,,,1,15,,44778,1,,,1,15,,44779,1,,,1,15,,44780,1,,,1,55,,44782,1,,,1,14,,44781,1,,,1,16,,44784,1,,,1,15,,44783,1,,,1,55,,44785,1,,,1
40001,'Samedi-10-_26ÉTÉ-0000010-',612,,48575,1,,,1,15,,48578,1,,,1,15,,48580,1,,,1,15,,48576,1,,,1,55,,48577,1,,,1,15,,48579,1,,,1,16,,48585,1,,,1,15,,48592,1,,,1,55,,48583,1,,,1,13,,48603,1,,,1,15,,48581,1,,,1,13,,48582,1,,,1,55,,48591,1,,,1,16,,48584,1,,,1,15,,48586,1,,,1,15,,48594,1,,,1,55,,48595,1,,,1,15,,48596,1,,,1,15,,48602,1,,,1,16,,48601,1,,,1,55,,48605,1,,,1,15,,48588,1,,,1,13,,48587,1,,,1,15,,48590,1,,,1,55,,48593,1,,,1,15,,48589,1,,,1,15,,48598,1,,,1,15,,48600,1,,,1,56,,48606,1,,,1,15,,48597,1,,,1,15,,48599,1,,,1,15,,48604,1,,,1,55,,48607,1,,,1,15,,48608,1,,,1,15,,48609,1,,,1,15,,48610,1,,,1,55,,48611,1,,,1,15,,48612,1,,,1,15,,48613,1,,,1,15,,48614,1,,,1,55,,48615,1,,,1,15,,48616,1,,,1,15,,48617,1,,,1,15,,48618,1,,,1,55,,48619,1,,,1,15,,48620,1,,,1,15,,48621,1,,,1,16,,48624,1,,,1,59,,48622,1,,,1,14,,48623,1,,,1,12,,48626,1,,,1,16,,48625,1,,,1,54,,48630,1,,,1,16,,48628,1,,,1,16,,48629,1,,,1,15,,48627,1,,,1,55,,48631,1,,,1,15,,48633,1,,,1,15,,48634,1,,,1,15,,48635,1,,,1,55,,48632,1,,,1,16,,48638,1,,,1,13,,48637,1,,,1,15,,48636,1,,,1,55,,48639,1,,,1,15,,48640,1,,,1,15,,48641,1,,,1,15,,48642,1,,,1,55,,48644,1,,,1,14,,48643,1,,,1,16,,48646,1,,,1,15,,48645,1,,,1,55,,48647,1,,,1
40001,'Dimanche-0-_26ÉTÉ-0000001-',612,,44786,1,,,1,15,,44789,1,,,1,15,,44797,1,,,1,15,,44802,1,,,1,55,,44787,1,,,1,15,,44792,1,,,1,16,,44798,1,,,1,15,,44808,1,,,1,55,,44788,1,,,1,13,,44790,1,,,1,15,,44796,1,,,1,13,,44801,1,,,1,55,,44804,1,,,1,16,,44793,1,,,1,15,,44817,1,,,1,15,,44809,1,,,1,55,,44799,1,,,1,15,,44810,1,,,1,15,,44813,1,,,1,16,,44822,1,,,1,55,,44791,1,,,1,15,,44819,1,,,1,13,,44818,1,,,1,15,,44820,1,,,1,55,,44800,1,,,1,15,,44794,1,,,1,15,,44823,1,,,1,15,,44821,1,,,1,56,,44806,1,,,1,15,,44803,1,,,1,15,,44811,1,,,1,15,,44816,1,,,1,55,,44827,1,,,1,15,,44795,1,,,1,15,,44824,1,,,1,15,,44814,1,,,1,55,,44807,1,,,1,15,,44805,1,,,1,15,,44812,1,,,1,15,,44815,1,,,1,55,,44834,1,,,1,15,,44838,1,,,1,15,,44830,1,,,1,15,,44847,1,,,1,55,,44826,1,,,1,15,,44841,1,,,1,15,,44831,1,,,1,16,,44848,1,,,1,59,,44835,1,,,1,14,,44839,1,,,1,12,,44854,1,,,1,16,,44846,1,,,1,54,,44825,1,,,1,16,,44840,1,,,1,16,,44845,1,,,1,15,,44849,1,,,1,55,,44828,1,,,1,15,,44833,1,,,1,15,,44837,1,,,1,15,,44843,1,,,1,55,,44858,1,,,1,16,,44851,1,,,1,13,,44844,1,,,1,15,,44853,1,,,1,55,,44856,1,,,1,15,,44832,1,,,1,15,,44836,1,,,1,15,,44842,1,,,1,55,,44857,1,,,1,14,,44850,1,,,1,16,,44829,1,,,1,15,,44852,1,,,1,55,,44855,1,,,1
40001,'Dimanche-10-_26ÉTÉ-0000001-',612,,44859,1,,,1,15,,44862,1,,,1,15,,44870,1,,,1,15,,44875,1,,,1,55,,44860,1,,,1,15,,44865,1,,,1,16,,44871,1,,,1,15,,44881,1,,,1,55,,44861,1,,,1,13,,44863,1,,,1,15,,44869,1,,,1,13,,44874,1,,,1,55,,44877,1,,,1,16,,44866,1,,,1,15,,44890,1,,,1,15,,44882,1,,,1,55,,44872,1,,,1,15,,44883,1,,,1,15,,44886,1,,,1,16,,44895,1,,,1,55,,44864,1,,,1,15,,44892,1,,,1,13,,44891,1,,,1,15,,44893,1,,,1,55,,44873,1,,,1,15,,44867,1,,,1,15,,44896,1,,,1,15,,44894,1,,,1,56,,44879,1,,,1,15,,44876,1,,,1,15,,44884,1,,,1,15,,44889,1,,,1,55,,44900,1,,,1,15,,44868,1,,,1,15,,44897,1,,,1,15,,44887,1,,,1,55,,44880,1,,,1,15,,44878,1,,,1,15,,44885,1,,,1,15,,44888,1,,,1,55,,44907,1,,,1,15,,44911,1,,,1,15,,44903,1,,,1,15,,44920,1,,,1,55,,44899,1,,,1,15,,44914,1,,,1,15,,44904,1,,,1,16,,44921,1,,,1,59,,44908,1,,,1,14,,44912,1,,,1,12,,44927,1,,,1,16,,44919,1,,,1,54,,44898,1,,,1,16,,44913,1,,,1,16,,44918,1,,,1,15,,44922,1,,,1,55,,44901,1,,,1,15,,44906,1,,,1,15,,44910,1,,,1,15,,44916,1,,,1,55,,44931,1,,,1,16,,44924,1,,,1,13,,44917,1,,,1,15,,44926,1,,,1,55,,44929,1,,,1,15,,44905,1,,,1,15,,44909,1,,,1,15,,44915,1,,,1,55,,44930,1,,,1,14,,44923,1,,,1,16,,44902,1,,,1,15,,44925,1,,,1,55,,44928,1,,,1
40001,'Semaine-1-_26ÉTÉ-1111100-',445,,45001,1,,,1,12,,45002,1,,,1,48,,45003,1,,,1,12,,45004,1,,,1,10,,45005,1,,,1,9,,45006,1,,,1,4,,45007,1,,,1,5,,45008,1,,,1,5,,45009,1,,,1,5,,45015,1,,,1,270,,45010,1,,,1,15,,45012,1,,,1,10,,45013,1,,,1,51,,45014,1,,,1,10,,44960,1,,,1,10,,44946,1,,,1,10,,44970,1,,,1,11,,44971,1,,,1,9,,45016,1,,,1,50,,44936,1,,,1,10,,45017,1,,,1,10,,44934,1,,,1,10,,44967,1,,,1,10,,44987,1,,,1,9,,44955,1,,,1,51,,44962,1,,,1,10,,44959,1,,,1,10,,44938,1,,,1,10,,44998,1,,,1,10,,44972,1,,,1,10,,44984,1,,,1,50,,44937,1,,,1,10,,44947,1,,,1,10,,44940,1,,,1,10,,44956,1,,,1,10,,44988,1,,,1,10,,44969,1,,,1,50,,44963,1,,,1,10,,44958,1,,,1,10,,44952,1,,,1,9,,44994,1,,,1,10,,44973,1,,,1,10,,44985,1,,,1,50,,45000,1,,,1,9,,44949,1,,,1,14,,44932,1,,,1,10,,44990,1,,,1,7,,44989,1,,,1,10,,44974,1,,,1,9,,44964,1,,,1,52,,44942,1,,,1,11,,44992,1,,,1,13,,44999,1,,,1,11,,44986,1,,,1,11,,45020,1,,,1,54,,44966,1,,,1,15,,44995,1,,,1,10,,45018,1,,,1,11,,44979,1,,,1,53,,44957,1,,,1,11,,44943,1,,,1,12,,44948,1,,,1,12,,45019,1,,,1,12,,44950,1,,,1,12,,44975,1,,,1,52,,44965,1,,,1,12,,44996,1,,,1,12,,44982,1,,,1,12,,44961,1,,,1,53,,44944,1,,,1,14,,44983,1,,,1,12,,45022,1,,,1,11,,45021,1,,,1,12,,44951,1,,,1,52,,44976,1,,,1,12,,44954,1,,,1,12,,44997,1,,,1,12,,44980,1,,,1,13,,44939,1,,,1,53,,45023,1,,,1,17,,44945,1,,,1,15,,44941,1,,,1,15,,44991,1,,,1,53,,44977,1,,,1,14,,44953,1,,,1,16,,44981,1,,,1,15,,44993,1,,,1,55,,44935,1,,,1,15,,44933,1,,,1,15,,44968,1,,,1,69,,44978,1,,,1
40001,'Semaine-10-_26ÉTÉ-1111100-',445,,45093,1,,,1,12,,45094,1,,,1,48,,45095,1,,,1,12,,45096,1,,,1,10,,45097,1,,,1,9,,45098,1,,,1,4,,45099,1,,,1,5,,45100,1,,,1,5,,45101,1,,,1,5,,45107,1,,,1,270,,45102,1,,,1,15,,45104,1,,,1,10,,45105,1,,,1,51,,45106,1,,,1,10,,45052,1,,,1,10,,45038,1,,,1,10,,45062,1,,,1,11,,45063,1,,,1,9,,45108,1,,,1,50,,45028,1,,,1,10,,45109,1,,,1,10,,45026,1,,,1,10,,45059,1,,,1,10,,45079,1,,,1,9,,45047,1,,,1,51,,45054,1,,,1,10,,45051,1,,,1,10,,45030,1,,,1,10,,45090,1,,,1,10,,45064,1,,,1,10,,45076,1,,,1,50,,45029,1,,,1,10,,45039,1,,,1,10,,45032,1,,,1,10,,45048,1,,,1,10,,45080,1,,,1,10,,45061,1,,,1,50,,45055,1,,,1,10,,45050,1,,,1,10,,45044,1,,,1,9,,45086,1,,,1,10,,45065,1,,,1,10,,45077,1,,,1,50,,45092,1,,,1,9,,45041,1,,,1,14,,45024,1,,,1,10,,45082,1,,,1,7,,45081,1,,,1,10,,45066,1,,,1,9,,45056,1,,,1,52,,45034,1,,,1,11,,45084,1,,,1,13,,45091,1,,,1,11,,45078,1,,,1,11,,45112,1,,,1,54,,45058,1,,,1,15,,45087,1,,,1,10,,45110,1,,,1,11,,45071,1,,,1,53,,45049,1,,,1,11,,45035,1,,,1,12,,45040,1,,,1,12,,45111,1,,,1,12,,45042,1,,,1,12,,45067,1,,,1,52,,45057,1,,,1,12,,45088,1,,,1,12,,45074,1,,,1,12,,45053,1,,,1,53,,45036,1,,,1,14,,45075,1,,,1,12,,45114,1,,,1,11,,45113,1,,,1,12,,45043,1,,,1,52,,45068,1,,,1,12,,45046,1,,,1,12,,45089,1,,,1,12,,45072,1,,,1,13,,45031,1,,,1,53,,45115,1,,,1,17,,45037,1,,,1,15,,45033,1,,,1,15,,45083,1,,,1,53,,45069,1,,,1,14,,45045,1,,,1,16,,45073,1,,,1,15,,45085,1,,,1,55,,45027,1,,,1,15,,45025,1,,,1,15,,45060,1,,,1,69,,45070,1,,,1
40001,'Semaine-11-_26ÉTÉ-1111100-',445,,48717,1,,,1,12,,48718,1,,,1,48,,48719,1,,,1,12,,48720,1,,,1,10,,48721,1,,,1,9,,48722,1,,,1,4,,48723,1,,,1,5,,48724,1,,,1,5,,48725,1,,,1,5,,48731,1,,,1,270,,48726,1,,,1,15,,48728,1,,,1,10,,48729,1,,,1,51,,48730,1,,,1,10,,48676,1,,,1,10,,48662,1,,,1,10,,48686,1,,,1,11,,48687,1,,,1,9,,48732,1,,,1,50,,48652,1,,,1,10,,48733,1,,,1,10,,48650,1,,,1,10,,48683,1,,,1,10,,48703,1,,,1,9,,48671,1,,,1,51,,48678,1,,,1,10,,48675,1,,,1,10,,48654,1,,,1,10,,48714,1,,,1,10,,48688,1,,,1,10,,48700,1,,,1,50,,48653,1,,,1,10,,48663,1,,,1,10,,48656,1,,,1,10,,48672,1,,,1,10,,48704,1,,,1,10,,48685,1,,,1,50,,48679,1,,,1,10,,48674,1,,,1,10,,48668,1,,,1,9,,48710,1,,,1,10,,48689,1,,,1,10,,48701,1,,,1,50,,48716,1,,,1,9,,48665,1,,,1,14,,48648,1,,,1,10,,48706,1,,,1,7,,48705,1,,,1,10,,48690,1,,,1,9,,48680,1,,,1,52,,48658,1,,,1,11,,48708,1,,,1,13,,48715,1,,,1,11,,48702,1,,,1,11,,48736,1,,,1,54,,48682,1,,,1,15,,48711,1,,,1,10,,48734,1,,,1,11,,48695,1,,,1,53,,48673,1,,,1,11,,48659,1,,,1,12,,48664,1,,,1,12,,48735,1,,,1,12,,48666,1,,,1,12,,48691,1,,,1,52,,48681,1,,,1,12,,48712,1,,,1,12,,48698,1,,,1,12,,48677,1,,,1,53,,48660,1,,,1,14,,48699,1,,,1,12,,48738,1,,,1,11,,48737,1,,,1,12,,48667,1,,,1,52,,48692,1,,,1,12,,48670,1,,,1,12,,48713,1,,,1,12,,48696,1,,,1,13,,48655,1,,,1,53,,48739,1,,,1,17,,48661,1,,,1,15,,48657,1,,,1,15,,48707,1,,,1,53,,48693,1,,,1,14,,48669,1,,,1,16,,48697,1,,,1,15,,48709,1,,,1,55,,48651,1,,,1,15,,48649,1,,,1,15,,48684,1,,,1,69,,48694,1,,,1
80001,'Samedi-0-_26ÉTÉ-0000010-',559,,45237,1,,,1,100,,45239,1,,,1,98,,45240,1,,,2,100,,45243,1,,,1,101,,45238,1,,,2,100,,45241,1,,,1,98,,45244,1,,,1,99,,45242,1,,,2,100,,45245,1,,,1,100,,45246,1,,,1,100,,45247,1,,,2,98,,45248,1,,,1,100,,45251,1,,,1,102,,45249,1,,,2,100,,45250,1,,,2,100,,45252,1,,,1,103,,45253,1,,,1
80001,'Samedi-10-_26ÉTÉ-0000010-',559,,48792,1,,,1,100,,48794,1,,,1,98,,48795,1,,,2,100,,48798,1,,,1,101,,48793,1,,,2,100,,48796,1,,,1,98,,48799,1,,,1,99,,48797,1,,,2,100,,48800,1,,,1,100,,48801,1,,,1,100,,48802,1,,,2,98,,48803,1,,,1,100,,48806,1,,,1,102,,48804,1,,,2,100,,48805,1,,,2,100,,48807,1,,,1,103,,48808,1,,,1
80001,'Dimanche-0-_26ÉTÉ-0000001-',559,,45254,1,,,1,100,,45255,1,,,1,98,,45259,1,,,2,100,,45256,1,,,1,101,,45260,1,,,2,100,,45257,1,,,1,98,,45258,1,,,1,99,,45262,1,,,2,100,,45261,1,,,1,100,,45263,1,,,1,100,,45265,1,,,2,98,,45266,1,,,1,100,,45267,1,,,1,102,,45264,1,,,2,100,,45268,1,,,2,100,,45269,1,,,1,103,,45270,1,,,1
80001,'Dimanche-10-_26ÉTÉ-0000001-',559,,45271,1,,,1,100,,45272,1,,,1,98,,45276,1,,,2,100,,45273,1,,,1,101,,45277,1,,,2,100,,45274,1,,,1,98,,45275,1,,,1,99,,45279,1,,,2,100,,45278,1,,,1,100,,45280,1,,,1,100,,45282,1,,,2,98,,45283,1,,,1,100,,45284,1,,,1,102,,45281,1,,,2,100,,45285,1,,,2,100,,45286,1,,,1,103,,45287,1,,,1
80001,'Semaine-1-_26ÉTÉ-1111100-',545,,45310,1,,,1,70,,45296,1,,,1,28,,45316,1,,,1,68,,45300,1,,,2,36,,45290,1,,,2,67,,45307,1,,,2,29,,45304,1,,,2,70,,45312,1,,,1,30,,45317,1,,,2,70,,45303,1,,,1,30,,45311,1,,,1,70,,45293,1,,,1,29,,45321,1,,,1,70,,45320,1,,,2,34,,45291,1,,,2,70,,45314,1,,,1,29,,45302,1,,,1,71,,45308,1,,,1,29,,45318,1,,,1,67,,45305,1,,,2,18,,45315,1,,,1,20,,45322,1,,,2,68,,45313,1,,,1,26,,45306,1,,,1,69,,45294,1,,,1,33,,45298,1,,,1,67,,45288,1,,,1,30,,45319,1,,,1,73,,45295,1,,,1,27,,45297,1,,,1,69,,45301,1,,,1,30,,45289,1,,,2,70,,45309,1,,,1,34,,45292,1,,,1,72,,45299,1,,,1
80001,'Semaine-10-_26ÉTÉ-1111100-',545,,45345,1,,,1,70,,45331,1,,,1,28,,45351,1,,,1,68,,45335,1,,,2,36,,45325,1,,,2,67,,45342,1,,,2,29,,45339,1,,,2,70,,45347,1,,,1,30,,45352,1,,,2,70,,45338,1,,,1,30,,45346,1,,,1,70,,45328,1,,,1,29,,45356,1,,,1,70,,45355,1,,,2,34,,45326,1,,,2,70,,45349,1,,,1,29,,45337,1,,,1,71,,45343,1,,,1,29,,45353,1,,,1,67,,45340,1,,,2,18,,45350,1,,,1,20,,45357,1,,,2,68,,45348,1,,,1,26,,45341,1,,,1,69,,45329,1,,,1,33,,45333,1,,,1,67,,45323,1,,,1,30,,45354,1,,,1,73,,45330,1,,,1,27,,45332,1,,,1,69,,45336,1,,,1,30,,45324,1,,,2,70,,45344,1,,,1,34,,45327,1,,,1,72,,45334,1,,,1
80001,'Semaine-11-_26ÉTÉ-1111100-',545,,48831,1,,,1,70,,48817,1,,,1,28,,48837,1,,,1,68,,48821,1,,,2,36,,48811,1,,,2,67,,48828,1,,,2,29,,48825,1,,,2,70,,48833,1,,,1,30,,48838,1,,,2,70,,48824,1,,,1,30,,48832,1,,,1,70,,48814,1,,,1,29,,48842,1,,,1,70,,48841,1,,,2,34,,48812,1,,,2,70,,48835,1,,,1,29,,48823,1,,,1,71,,48829,1,,,1,29,,48839,1,,,1,67,,48826,1,,,2,18,,48836,1,,,1,20,,48843,1,,,2,68,,48834,1,,,1,26,,48827,1,,,1,69,,48815,1,,,1,33,,48819,1,,,1,67,,48809,1,,,1,30,,48840,1,,,1,73,,48816,1,,,1,27,,48818,1,,,1,69,,48822,1,,,1,30,,48810,1,,,2,70,,48830,1,,,1,34,,48813,1,,,1,72,,48820,1,,,1
80401,'Samedi-10-_26ÉTÉ-0000010-',1126,,48844,1,,,1
80401,'Semaine-11-_26ÉTÉ-1111100-',1756,,48845,1,,,1
