9500,'Semaine-1-_26ÉTÉ-1111100-',1527,,43711,29,,,1,16,,43714,29,,,2,15,,43710,29,,,1,59,,43705,29,,,1,15,,43709,29,,,2,16,,43706,29,,,1,55,,43707,29,,,2,15,,43712,29,,,1,24,,43713,29,,,1,65,,43708,29,,,1
9500,'Semaine-10-_26ÉTÉ-1111100-',1527,,43721,29,,,1,16,,43724,29,,,2,15,,43720,29,,,1,59,,43715,29,,,1,15,,43719,29,,,2,16,,43716,29,,,1,55,,43717,29,,,2,15,,43722,29,,,1,24,,43723,29,,,2,65,,43718,29,,,1
9500,'Semaine-11-_26ÉTÉ-1111100-',1527,,48147,29,,,1,16,,48150,29,,,2,15,,48146,29,,,1,59,,48141,29,,,1,15,,48145,29,,,2,16,,48142,29,,,1,55,,48143,29,,,2,15,,48148,29,,,1,24,,48149,29,,,1,65,,48144,29,,,1
9500,'Semaine-12-_26ÉTÉ-1111100-',1527,,54323,29,,,1,16,,54326,29,,,2,15,,54322,29,,,1,59,,54317,29,,,1,15,,54321,29,,,2,16,,54318,29,,,1,55,,54319,29,,,2,15,,54324,29,,,1,24,,54325,29,,,1,65,,54320,29,,,1
9500,'Semaine-5-_26ÉTÉ-1111100-',1527,,51890,29,,,1,16,,51893,29,,,2,15,,51889,29,,,1,59,,51884,29,,,1,15,,51888,29,,,2,16,,51885,29,,,1,55,,51886,29,,,2,15,,51891,29,,,1,24,,51892,29,,,1,65,,51887,29,,,1
9700,'Samedi-0-_26ÉTÉ-0000010-',845,,43743,41,,,2,100,,43746,41,,,2,100,,43741,41,,,1,100,,43742,41,,,1,100,,43745,41,,,2,100,,43744,41,,,2,100,,43747,41,,,1,101,,43748,41,,,2,100,,43749,41,,,2,101,,43750,41,,,1,100,,43755,41,,,1,100,,43751,41,,,1,100,,43752,41,,,1,100,,43753,41,,,1,99,,43754,41,,,2,99,,43756,41,,,1,100,,43757,41,,,1
9700,'Dimanche-0-_26ÉTÉ-0000001-',845,,43761,41,,,2,100,,43763,41,,,2,100,,43760,41,,,1,100,,43759,41,,,1,100,,43758,41,,,2,100,,43762,41,,,2,100,,43765,41,,,1,101,,43764,41,,,2,100,,43770,41,,,2,101,,43772,41,,,1,100,,43774,41,,,1,100,,43766,41,,,1,100,,43767,41,,,1,100,,43768,41,,,1,99,,43769,41,,,2,99,,43773,41,,,1,100,,43771,41,,,1
9700,'Dimanche-10-_26ÉTÉ-0000001-',845,,43778,41,,,2,100,,43780,41,,,2,100,,43777,41,,,1,100,,43776,41,,,1,100,,43775,41,,,2,100,,43779,41,,,2,100,,43782,41,,,1,101,,43781,41,,,2,100,,43787,41,,,2,101,,43789,41,,,1,100,,43791,41,,,1,100,,43783,41,,,1,100,,43784,41,,,1,100,,43785,41,,,1,99,,43786,41,,,2,99,,43790,41,,,1,100,,43788,41,,,1
9700,'Dimanche-11-_26ÉTÉ-0000001-',845,,49683,41,,,2,100,,49685,41,,,2,100,,49682,41,,,1,100,,49681,41,,,1,100,,49680,41,,,2,100,,49684,41,,,2,100,,49687,41,,,1,101,,49686,41,,,2,100,,49692,41,,,2,101,,49694,41,,,1,100,,49696,41,,,1,100,,49688,41,,,1,100,,49689,41,,,1,100,,49690,41,,,1,99,,49691,41,,,2,99,,49695,41,,,1,100,,49693,41,,,1
9700,'Semaine-1-_26ÉTÉ-1111100-',718,,43810,41,,,1,27,,43811,41,,,1,94,,43800,41,,,2,101,,43796,41,,,1,96,,43809,41,,,2,100,,43804,41,,,2,101,,43801,41,,,1,100,,43806,41,,,2,101,,43792,41,,,1,94,,43797,41,,,1,105,,43805,41,,,1,96,,43807,45,,,2,103,,43798,45,,,2,72,,43793,45,,,2,20,,43802,41,,,1,102,,43794,41,,,2,99,,43803,41,,,1,100,,43799,41,,,1,101,,43795,41,,,2,110,,43808,41,,,1
9700,'Semaine-10-_26ÉTÉ-1111100-',718,,43830,41,,,1,27,,43831,41,,,1,94,,43820,41,,,2,101,,43816,41,,,1,96,,43829,41,,,2,100,,43824,41,,,2,101,,43821,41,,,1,100,,43826,41,,,2,101,,43812,41,,,1,94,,43817,41,,,1,105,,43825,41,,,1,96,,43827,45,,,2,103,,43818,45,,,2,72,,43813,45,,,2,20,,43822,41,,,1,102,,43814,41,,,2,99,,43823,41,,,1,100,,43819,41,,,1,101,,43815,41,,,2,110,,43828,41,,,1
9700,'Semaine-11-_26ÉTÉ-1111100-',718,,48194,41,,,1,27,,48195,41,,,1,94,,48184,41,,,2,101,,48180,41,,,1,96,,48193,41,,,2,100,,48188,41,,,2,101,,48185,41,,,1,100,,48190,41,,,2,101,,48176,41,,,1,94,,48181,41,,,1,105,,48189,41,,,1,96,,48191,45,,,2,103,,48182,45,,,2,72,,48177,45,,,2,20,,48186,41,,,1,102,,48178,41,,,2,99,,48187,41,,,1,100,,48183,41,,,1,101,,48179,41,,,2,110,,48192,41,,,1
9700,'Semaine-12-_26ÉTÉ-1111100-',718,,54353,41,,,1,27,,54354,41,,,1,94,,54343,41,,,2,101,,54339,41,,,1,96,,54352,41,,,2,100,,54347,41,,,2,101,,54344,41,,,1,100,,54349,41,,,2,101,,54335,41,,,1,94,,54340,41,,,1,105,,54348,41,,,1,96,,54350,45,,,2,103,,54341,45,,,2,72,,54336,45,,,2,20,,54345,41,,,1,102,,54337,41,,,2,99,,54346,41,,,1,100,,54342,41,,,1,101,,54338,41,,,2,110,,54351,41,,,1
9700,'Semaine-5-_26ÉTÉ-1111100-',718,,51920,41,,,1,27,,51921,41,,,1,94,,51910,41,,,2,101,,51906,41,,,1,96,,51919,41,,,2,100,,51914,41,,,2,101,,51911,41,,,1,100,,51916,41,,,2,101,,51902,41,,,1,94,,51907,41,,,1,105,,51915,41,,,1,96,,51917,45,,,2,103,,51908,45,,,2,72,,51903,45,,,2,20,,51912,41,,,1,102,,51904,41,,,2,99,,51913,41,,,1,100,,51909,41,,,1,101,,51905,41,,,2,110,,51918,41,,,1
29700,'Semaine-5-_26ÉTÉ-1111100-',749,,52033,37,,,2
