4100,'Semaine-1-_26ÉTÉ-1111100-',1558,,39598,46,,,2,69,,39600,46,,,1,75,,39599,46,,,2,25,,39597,46,,,1,29,,39601,46,,,1
4100,'Semaine-10-_26ÉTÉ-1111100-',1558,,39603,46,,,2,69,,39605,46,,,1,75,,39604,46,,,2,25,,39602,46,,,1,29,,39606,46,,,1
4100,'Semaine-11-_26ÉTÉ-1111100-',1558,,46360,46,,,2,69,,46362,46,,,1,75,,46361,46,,,2,25,,46359,46,,,1,29,,46363,46,,,1
4100,'Semaine-12-_26ÉTÉ-1111100-',1558,,53080,46,,,2,69,,53082,46,,,1,75,,53081,46,,,2,25,,53079,46,,,1,29,,53083,46,,,1
4100,'Semaine-5-_26ÉTÉ-1111100-',1558,,50644,46,,,2,69,,50646,46,,,1,75,,50645,46,,,2,25,,50643,46,,,1,29,,50647,46,,,1
80001,'Samedi-0-_26ÉTÉ-0000010-',652,,45237,49,,,1,100,,45239,49,,,1,99,,45240,49,,,2,100,,45243,49,,,1,103,,45238,49,,,2,100,,45241,49,,,1,100,,45244,49,,,1,99,,45242,49,,,2,100,,45245,49,,,1,100,,45246,49,,,1,100,,45247,49,,,2,100,,45248,49,,,1,97,,45251,49,,,1,100,,45249,49,,,2,100,,45250,49,,,2,100,,45252,49,,,1,100,,45253,49,,,1
80001,'Dimanche-0-_26ÉTÉ-0000001-',652,,45254,49,,,1,100,,45255,49,,,1,99,,45259,49,,,2,100,,45256,49,,,1,103,,45260,49,,,2,100,,45257,49,,,1,100,,45258,49,,,1,99,,45262,49,,,2,100,,45261,49,,,1,100,,45263,49,,,1,100,,45265,49,,,2,100,,45266,49,,,1,97,,45267,49,,,1,100,,45264,49,,,2,100,,45268,49,,,2,100,,45269,49,,,1,100,,45270,49,,,1
80001,'Dimanche-10-_26ÉTÉ-0000001-',652,,45271,49,,,1,100,,45272,49,,,1,99,,45276,49,,,2,100,,45273,49,,,1,103,,45277,49,,,2,100,,45274,49,,,1,100,,45275,49,,,1,99,,45279,49,,,2,100,,45278,49,,,1,100,,45280,49,,,1,100,,45282,49,,,2,100,,45283,49,,,1,97,,45284,49,,,1,100,,45281,49,,,2,100,,45285,49,,,2,100,,45286,49,,,1,100,,45287,49,,,1
80001,'Dimanche-11-_26ÉTÉ-0000001-',652,,49910,49,,,1,100,,49911,49,,,1,99,,49915,49,,,2,100,,49912,49,,,1,103,,49916,49,,,2,100,,49913,49,,,1,100,,49914,49,,,1,99,,49918,49,,,2,100,,49917,49,,,1,100,,49919,49,,,1,100,,49921,49,,,2,100,,49922,49,,,1,97,,49923,49,,,1,100,,49920,49,,,2,100,,49924,49,,,2,100,,49925,49,,,1,100,,49926,49,,,1
80001,'Semaine-1-_26ÉTÉ-1111100-',643,,45310,49,,,1,70,,45296,49,,,1,34,,45316,49,,,1,68,,45300,49,,,2,32,,45290,49,,,2,65,,45307,49,,,2,29,,45304,49,,,2,70,,45312,49,,,1,30,,45317,49,,,2,70,,45303,49,,,1,30,,45311,49,,,1,70,,45293,49,,,1,30,,45321,49,,,1,70,,45320,49,,,2,34,,45291,49,,,2,70,,45314,49,,,1,30,,45302,49,,,1,71,,45308,49,,,1,33,,45318,49,,,1,69,,45305,49,,,2,18,,45315,49,,,1,20,,45322,49,,,2,68,,45313,49,,,1,26,,45306,49,,,1,69,,45294,49,,,1,25,,45298,49,,,1,67,,45288,49,,,1,30,,45319,49,,,1,70,,45295,49,,,1,27,,45297,49,,,1,69,,45301,49,,,1,30,,45289,49,,,2,70,,45309,49,,,1,32,,45292,49,,,1,70,,45299,49,,,1
80001,'Semaine-10-_26ÉTÉ-1111100-',643,,45345,49,,,1,70,,45331,49,,,1,34,,45351,49,,,1,68,,45335,49,,,2,32,,45325,49,,,2,65,,45342,49,,,2,29,,45339,49,,,2,70,,45347,49,,,1,30,,45352,49,,,2,70,,45338,49,,,1,30,,45346,49,,,1,70,,45328,49,,,1,30,,45356,49,,,1,70,,45355,49,,,2,34,,45326,49,,,2,70,,45349,49,,,1,30,,45337,49,,,1,71,,45343,49,,,1,33,,45353,49,,,1,69,,45340,49,,,2,18,,45350,49,,,1,20,,45357,49,,,2,68,,45348,49,,,1,26,,45341,49,,,1,69,,45329,49,,,1,25,,45333,49,,,1,67,,45323,49,,,1,30,,45354,49,,,1,70,,45330,49,,,1,27,,45332,49,,,1,69,,45336,49,,,1,30,,45324,49,,,2,70,,45344,49,,,1,32,,45327,49,,,1,70,,45334,49,,,1
80001,'Semaine-11-_26ÉTÉ-1111100-',643,,48831,49,,,1,70,,48817,49,,,1,34,,48837,49,,,1,68,,48821,49,,,2,32,,48811,49,,,2,65,,48828,49,,,2,29,,48825,49,,,2,70,,48833,49,,,1,30,,48838,49,,,2,70,,48824,49,,,1,30,,48832,49,,,1,70,,48814,49,,,1,30,,48842,49,,,1,70,,48841,49,,,2,34,,48812,49,,,2,70,,48835,49,,,1,30,,48823,49,,,1,71,,48829,49,,,1,33,,48839,49,,,1,69,,48826,49,,,2,18,,48836,49,,,1,20,,48843,49,,,2,68,,48834,49,,,1,26,,48827,49,,,1,69,,48815,49,,,1,25,,48819,49,,,1,67,,48809,49,,,1,30,,48840,49,,,1,70,,48816,49,,,1,27,,48818,49,,,1,69,,48822,49,,,1,30,,48810,49,,,2,70,,48830,49,,,1,32,,48813,49,,,1,70,,48820,49,,,1
80001,'Semaine-12-_26ÉTÉ-1111100-',643,,54760,49,,,1,70,,54746,49,,,1,34,,54766,49,,,1,68,,54750,49,,,2,32,,54740,49,,,2,65,,54757,49,,,2,29,,54754,49,,,2,70,,54762,49,,,1,30,,54767,49,,,2,70,,54753,49,,,1,30,,54761,49,,,1,70,,54743,49,,,1,30,,54771,49,,,1,70,,54770,49,,,2,34,,54741,49,,,2,70,,54764,49,,,1,30,,54752,49,,,1,71,,54758,49,,,1,33,,54768,49,,,1,69,,54755,49,,,2,18,,54765,49,,,1,20,,54772,49,,,2,68,,54763,49,,,1,26,,54756,49,,,1,69,,54744,49,,,1,25,,54748,49,,,1,67,,54738,49,,,1,30,,54769,49,,,1,70,,54745,49,,,1,27,,54747,49,,,1,69,,54751,49,,,1,30,,54739,49,,,2,70,,54759,49,,,1,32,,54742,49,,,1,70,,54749,49,,,1
80001,'Semaine-5-_26ÉTÉ-1111100-',643,,52348,49,,,1,70,,52334,49,,,1,34,,52354,49,,,1,68,,52338,49,,,2,32,,52328,49,,,2,65,,52345,49,,,2,29,,52342,49,,,2,70,,52350,49,,,1,30,,52355,49,,,2,70,,52341,49,,,1,30,,52349,49,,,1,70,,52331,49,,,1,30,,52359,49,,,1,70,,52358,49,,,2,34,,52329,49,,,2,70,,52352,49,,,1,30,,52340,49,,,1,71,,52346,49,,,1,33,,52356,49,,,1,69,,52343,49,,,2,18,,52353,49,,,1,20,,52360,49,,,2,68,,52351,49,,,1,26,,52344,49,,,1,69,,52332,49,,,1,25,,52336,49,,,1,67,,52326,49,,,1,30,,52357,49,,,1,70,,52333,49,,,1,27,,52335,49,,,1,69,,52339,49,,,1,30,,52327,49,,,2,70,,52347,49,,,1,32,,52330,49,,,1,70,,52337,49,,,1
