2801,'Semaine-1-_26ÉTÉ-1111100-',659,,37428,29,,,1,71,,37429,29,,,1,99,,37427,29,,,2
2801,'Semaine-10-_26ÉTÉ-1111100-',659,,37431,29,,,1,71,,37432,29,,,1,99,,37430,29,,,2
2901,'Semaine-1-_26ÉTÉ-1111100-',714,,37443,5,,,1,29,,37446,5,,,1,70,,37444,5,,,1,30,,37445,5,,,1
2901,'Semaine-10-_26ÉTÉ-1111100-',714,,37447,5,,,1,29,,37450,5,,,1,70,,37448,5,,,1,30,,37449,5,,,1
3401,'Samedi-0-_26ÉTÉ-0000010-',709,,38384,38,,,1,100,,38387,38,,,2,30,,38396,38,,,1,73,,38385,38,,,1,28,,38390,38,,,1,70,,38392,38,,,1,32,,38386,38,,,2,70,,38395,38,,,1,31,,38388,38,,,1,70,,38397,38,,,1,29,,38389,38,,,1,70,,38391,38,,,1,30,,38393,38,,,2,70,,38394,38,,,2,30,,38398,38,,,1,71,,38399,38,,,2,30,,38400,38,,,1,70,,38401,38,,,1,31,,38402,38,,,1,68,,38403,38,,,1,30,,38404,38,,,2,71,,38405,38,,,1,27,,38406,38,,,1,70,,38408,38,,,1,31,,38407,38,,,2,70,,38409,38,,,1,30,,38410,38,,,2,68,,38411,38,,,1,30,,38413,38,,,1,70,,38412,38,,,1,30,,38414,38,,,1,96,,38415,38,,,1
3401,'Dimanche-0-_26ÉTÉ-0000001-',709,,38417,38,,,1,100,,38428,38,,,2,30,,38421,38,,,1,73,,38424,38,,,1,28,,38423,38,,,1,70,,38432,38,,,1,32,,38429,38,,,2,70,,38416,38,,,1,31,,38427,38,,,1,70,,38420,38,,,1,29,,38418,38,,,1,70,,38419,38,,,1,30,,38422,38,,,2,70,,38430,38,,,2,30,,38426,38,,,1,71,,38425,38,,,2,30,,38431,38,,,1,70,,38436,38,,,1,31,,38434,38,,,1,68,,38440,38,,,1,30,,38443,38,,,2,71,,38433,38,,,1,27,,38442,38,,,1,70,,38435,38,,,1,31,,38439,38,,,2,70,,38446,38,,,1,30,,38438,38,,,2,68,,38437,38,,,1,30,,38444,38,,,1,70,,38445,38,,,1,30,,38441,38,,,1,96,,38447,38,,,1
3401,'Dimanche-10-_26ÉTÉ-0000001-',709,,38449,38,,,1,100,,38460,38,,,2,30,,38453,38,,,1,73,,38456,38,,,1,28,,38455,38,,,1,70,,38464,38,,,1,32,,38461,38,,,2,70,,38448,38,,,1,31,,38459,38,,,1,70,,38452,38,,,1,29,,38450,38,,,1,70,,38451,38,,,1,30,,38454,38,,,2,70,,38462,38,,,2,30,,38458,38,,,1,71,,38457,38,,,2,30,,38463,38,,,1,70,,38468,38,,,1,31,,38466,38,,,1,68,,38472,38,,,1,30,,38475,38,,,2,71,,38465,38,,,1,27,,38474,38,,,1,70,,38467,38,,,1,31,,38471,38,,,2,70,,38478,38,,,1,30,,38470,38,,,2,68,,38469,38,,,1,30,,38476,38,,,1,70,,38477,38,,,1,30,,38473,38,,,1,96,,38479,38,,,1
3401,'Semaine-1-_26ÉTÉ-1111100-',913,,38505,38,,,2,33,,38485,38,,,1,70,,38489,38,,,1,30,,38509,38,,,1,70,,38482,38,,,1,30,,38486,38,,,1,70,,38490,38,,,2,30,,38480,38,,,1,71,,38483,38,,,1,29,,38487,38,,,1,70,,38491,38,,,1,30,,38484,38,,,1,69,,38506,38,,,1,32,,38481,38,,,2,72,,38507,38,,,1,30,,38508,38,,,1,73,,38502,38,,,1,25,,38498,38,,,2,69,,38488,38,,,1,29,,38495,38,,,1,69,,38504,38,,,1,30,,38492,38,,,1,70,,38494,38,,,1,30,,38496,38,,,1,70,,38500,38,,,2,30,,38493,38,,,1,70,,38499,38,,,1,29,,38497,38,,,1,70,,38501,38,,,1,30,,38503,38,,,1
3401,'Semaine-10-_26ÉTÉ-1111100-',913,,38535,38,,,2,33,,38515,38,,,1,70,,38519,38,,,1,30,,38539,38,,,1,70,,38512,38,,,1,30,,38516,38,,,1,70,,38520,38,,,2,30,,38510,38,,,1,71,,38513,38,,,1,29,,38517,38,,,1,70,,38521,38,,,1,30,,38514,38,,,1,69,,38536,38,,,1,32,,38511,38,,,2,72,,38537,38,,,1,30,,38538,38,,,1,73,,38532,38,,,1,25,,38528,38,,,2,69,,38518,38,,,1,29,,38525,38,,,1,69,,38534,38,,,1,30,,38522,38,,,1,70,,38524,38,,,1,30,,38526,38,,,1,70,,38530,38,,,2,30,,38523,38,,,1,70,,38529,38,,,1,29,,38527,38,,,1,70,,38531,38,,,1,30,,38533,38,,,1
5601,'Semaine-1-_26ÉTÉ-1111100-',1222,,40518,12,,,2,102,,40515,12,,,1,100,,40514,12,,,1,98,,40517,12,,,1,106,,40516,12,,,1,97,,40519,12,,,2,97,,40520,12,,,1
5601,'Semaine-10-_26ÉTÉ-1111100-',1222,,40525,12,,,2,102,,40522,12,,,1,100,,40521,12,,,1,98,,40524,12,,,1,106,,40523,12,,,1,97,,40526,12,,,2,97,,40527,12,,,1
