2300,'Semaine-1-_26ÉTÉ-1111100-',1544,,37342,15,,,1,68,,37340,15,,,1,30,,37338,15,,,1,71,,37339,15,,,2,29,,37341,15,,,2,65,,37337,15,,,2
2300,'Semaine-10-_26ÉTÉ-1111100-',1544,,37348,15,,,1,68,,37346,15,,,1,30,,37344,15,,,1,71,,37345,15,,,2,29,,37347,15,,,2,65,,37343,15,,,2
2300,'Semaine-11-_26ÉTÉ-1111100-',1544,,45378,15,,,1,68,,45376,15,,,1,30,,45374,15,,,1,71,,45375,15,,,2,29,,45377,15,,,2,65,,45373,15,,,2
2300,'Semaine-12-_26ÉTÉ-1111100-',1544,,52386,15,,,1,68,,52384,15,,,1,30,,52382,15,,,1,71,,52383,15,,,2,29,,52385,15,,,2,65,,52381,15,,,2
2300,'Semaine-5-_26ÉTÉ-1111100-',1544,,49949,15,,,1,68,,49947,15,,,1,30,,49945,15,,,1,71,,49946,15,,,2,29,,49948,15,,,2,65,,49944,15,,,2
2500,'Semaine-1-_26ÉTÉ-1111100-',1529,,37359,14,,,1,71,,37362,14,,,1,30,,37360,14,,,1,73,,37364,14,,,1,28,,37361,14,,,1,27,,37363,14,,,1
2500,'Semaine-10-_26ÉTÉ-1111100-',1529,,37365,14,,,1,71,,37368,14,,,1,30,,37366,14,,,1,73,,37370,14,,,1,28,,37367,14,,,1,27,,37369,14,,,1
2500,'Semaine-11-_26ÉTÉ-1111100-',1529,,45384,14,,,1,71,,45387,14,,,1,30,,45385,14,,,1,73,,45389,14,,,1,28,,45386,14,,,1,27,,45388,14,,,1
2500,'Semaine-12-_26ÉTÉ-1111100-',1529,,52392,14,,,1,71,,52395,14,,,1,30,,52393,14,,,1,73,,52397,14,,,1,28,,52394,14,,,1,27,,52396,14,,,1
2500,'Semaine-5-_26ÉTÉ-1111100-',1529,,49955,14,,,1,71,,49958,14,,,1,30,,49956,14,,,1,73,,49960,14,,,1,28,,49957,14,,,1,27,,49959,14,,,1
3500,'Semaine-1-_26ÉTÉ-1111100-',641,,38566,22,0,15 16,1,78,,38540,22,0,15 16,2,33,,38551,22,0,15 16,1,57,,38569,22,0,15 16,1,32,,38575,22,0,15 16,1,10,,38573,22,0,15 16,2,4,,38559,22,0,15 16,1,49,,38571,22,0,15 16,1,19,,38564,22,0,15 16,1,21,,38570,22,0,15 16,1,69,,38548,22,0,15 16,1,27,,38562,22,0,15 16,1,74,,38542,22,0,15 16,1,30,,38546,22,0,15 16,2,70,,38557,22,0,15 16,1,30,,38541,22,0,15 16,1,70,,38552,22,0,15 16,2,30,,38574,22,0,15 16,1,70,,38560,22,0,15 16,2,30,,38543,22,0,15 16,2,76,,38556,22,,,2,30,,38558,22,0,15 16,1,63,,38549,15,0,15 16,1,15,,38561,22,,,2,13,,38555,15,0,15 16,1,16,,38565,22,,,1,67,,38567,22,0,15 16,2,28,,38547,22,,,1,64,,38545,22,0,15 16,2,15,,38553,15,0,15 16,1,21,,38576,22,,,2,61,,38563,22,0,15 16,2,34,,38550,22,,,1,64,,38554,22,,,1,103,,38568,22,,,1,100,,38572,22,,,2,97,,38544,22,0,15 16,1
3500,'Semaine-10-_26ÉTÉ-1111100-',641,,38603,22,0,15 16,1,78,,38577,22,0,15 16,2,33,,38588,22,0,15 16,1,57,,38606,22,0,15 16,1,32,,38612,22,0,15 16,1,10,,38610,22,0,15 16,2,4,,38596,22,0,15 16,1,49,,38608,22,0,15 16,1,19,,38601,22,0,15 16,1,21,,38607,22,0,15 16,1,69,,38585,22,0,15 16,1,27,,38599,22,0,15 16,1,74,,38579,22,0,15 16,1,30,,38583,22,0,15 16,2,70,,38594,22,0,15 16,1,30,,38578,22,0,15 16,1,70,,38589,22,0,15 16,2,30,,38611,22,0,15 16,1,70,,38597,22,0,15 16,2,30,,38580,22,0,15 16,2,76,,38593,22,,,2,30,,38595,22,0,15 16,1,63,,38586,15,0,15 16,1,15,,38598,22,,,2,13,,38592,15,0,15 16,1,16,,38602,22,,,1,67,,38604,22,0,15 16,2,28,,38584,22,,,1,64,,38582,22,0,15 16,2,15,,38590,15,0,15 16,1,21,,38613,22,,,2,61,,38600,22,0,15 16,2,34,,38587,22,,,1,64,,38591,22,,,1,103,,38605,22,,,1,100,,38609,22,,,2,97,,38581,22,0,15 16,1
3500,'Semaine-11-_26ÉTÉ-1111100-',641,,45931,22,0,15 16,1,78,,45905,22,0,15 16,2,33,,45916,22,0,15 16,1,57,,45934,22,0,15 16,1,32,,45940,22,0,15 16,1,10,,45938,22,0,15 16,2,4,,45924,22,0,15 16,1,49,,45936,22,0,15 16,1,19,,45929,22,0,15 16,1,21,,45935,22,0,15 16,1,69,,45913,22,0,15 16,1,27,,45927,22,0,15 16,1,74,,45907,22,0,15 16,1,30,,45911,22,0,15 16,2,70,,45922,22,0,15 16,1,30,,45906,22,0,15 16,1,70,,45917,22,0,15 16,2,30,,45939,22,0,15 16,1,70,,45925,22,0,15 16,2,30,,45908,22,0,15 16,2,76,,45921,22,,,2,30,,45923,22,0,15 16,1,63,,45914,15,0,15 16,1,15,,45926,22,,,2,13,,45920,15,0,15 16,1,16,,45930,22,,,1,67,,45932,22,0,15 16,2,28,,45912,22,,,1,64,,45910,22,0,15 16,2,15,,45918,15,0,15 16,1,21,,45941,22,,,2,61,,45928,22,0,15 16,2,34,,45915,22,,,1,64,,45919,22,,,1,103,,45933,22,,,1,100,,45937,22,,,2,97,,45909,22,0,15 16,1
3500,'Semaine-12-_26ÉTÉ-1111100-',641,,52800,22,0,15 16,1,78,,52774,22,0,15 16,2,33,,52785,22,0,15 16,1,57,,52803,22,0,15 16,1,32,,52809,22,0,15 16,1,10,,52807,22,0,15 16,2,4,,52793,22,0,15 16,1,49,,52805,22,0,15 16,1,19,,52798,22,0,15 16,1,21,,52804,22,0,15 16,1,69,,52782,22,0,15 16,1,27,,52796,22,0,15 16,1,74,,52776,22,0,15 16,1,30,,52780,22,0,15 16,2,70,,52791,22,0,15 16,1,30,,52775,22,0,15 16,1,70,,52786,22,0,15 16,2,30,,52808,22,0,15 16,1,70,,52794,22,0,15 16,2,30,,52777,22,0,15 16,2,76,,52790,22,,,2,30,,52792,22,0,15 16,1,63,,52783,15,0,15 16,1,15,,52795,22,,,2,13,,52789,15,0,15 16,1,16,,52799,22,,,1,67,,52801,22,0,15 16,2,28,,52781,22,,,1,64,,52779,22,0,15 16,2,15,,52787,15,0,15 16,1,21,,52810,22,,,2,61,,52797,22,0,15 16,2,34,,52784,22,,,1,64,,52788,22,,,1,103,,52802,22,,,1,100,,52806,22,,,2,97,,52778,22,0,15 16,1
3500,'Semaine-5-_26ÉTÉ-1111100-',641,,50364,22,0,15 16,1,78,,50338,22,0,15 16,2,33,,50349,22,0,15 16,1,57,,50367,22,0,15 16,1,32,,50373,22,0,15 16,1,10,,50371,22,0,15 16,2,4,,50357,22,0,15 16,1,49,,50369,22,0,15 16,1,19,,50362,22,0,15 16,1,21,,50368,22,0,15 16,1,69,,50346,22,0,15 16,1,27,,50360,22,0,15 16,1,74,,50340,22,0,15 16,1,30,,50344,22,0,15 16,2,70,,50355,22,0,15 16,1,30,,50339,22,0,15 16,1,70,,50350,22,0,15 16,2,30,,50372,22,0,15 16,1,70,,50358,22,0,15 16,2,30,,50341,22,0,15 16,2,76,,50354,22,,,2,30,,50356,22,0,15 16,1,63,,50347,15,0,15 16,1,15,,50359,22,,,2,13,,50353,15,0,15 16,1,16,,50363,22,,,1,67,,50365,22,0,15 16,2,28,,50345,22,,,1,64,,50343,22,0,15 16,2,15,,50351,15,0,15 16,1,21,,50374,22,,,2,61,,50361,22,0,15 16,2,34,,50348,22,,,1,64,,50352,22,,,1,103,,50366,22,,,1,100,,50370,22,,,2,97,,50342,22,0,15 16,1
