6401,'Samedi-0-_26ÉTÉ-0000010-',731,,29199,29,,,1,100,,29196,29,,,1,100,,29198,29,,,1,100,,29201,29,,,1,100,,29197,29,,,2,100,,29202,29,,,1,100,,29200,29,,,1,100,,29203,29,,,2,100,,29204,29,,,1,100,,29205,29,,,1,100,,29206,29,,,1
6401,'Dimanche-0-_26ÉTÉ-0000001-',731,,29211,29,,,1,100,,29209,29,,,1,100,,29214,29,,,1,100,,29207,29,,,1,100,,29213,29,,,2,100,,29215,29,,,1,100,,29208,29,,,1,100,,29212,29,,,2,100,,29210,29,,,1,100,,29216,29,,,1,100,,29217,29,,,1
6401,'Dimanche-10-_26ÉTÉ-0000001-',731,,32057,29,,,1,100,,32055,29,,,1,100,,32060,29,,,1,100,,32053,29,,,1,100,,32059,29,,,2,100,,32061,29,,,1,100,,32054,29,,,1,100,,32058,29,,,2,100,,32056,29,,,1,100,,32062,29,,,1,100,,32063,29,,,1
6401,'Semaine-1-_26ÉTÉ-1111100-',531,,25747,29,,,1,108,,25757,29,,,2,100,,25759,29,,,2,100,,25756,29,,,2,96,,25764,29,,,2,100,,25751,29,,,2,100,,25750,29,,,2,100,,25762,29,,,1,100,,25758,29,,,1,100,,25760,29,,,1,115,,25761,29,,,1,87,,25752,29,,,1,98,,25748,29,,,1,100,,25749,29,,,1,97,,25755,29,,,1,100,,25753,29,,,1,100,,25754,29,,,1,100,,25763,29,,,1
6401,'Semaine-10-_26ÉTÉ-1111100-',531,,29218,29,,,1,108,,29228,29,,,2,100,,29230,29,,,2,100,,29227,29,,,2,96,,29235,29,,,2,100,,29222,29,,,2,100,,29221,29,,,2,100,,29233,29,,,1,100,,29229,29,,,1,100,,29231,29,,,1,115,,29232,29,,,1,87,,29223,29,,,1,98,,29219,29,,,1,100,,29220,29,,,1,97,,29226,29,,,1,100,,29224,29,,,1,100,,29225,29,,,1,100,,29234,29,,,1
6601,'Samedi-0-_26ÉTÉ-0000010-',658,,29437,31,,,1,100,,29439,31,,,1,100,,29443,31,,,1,100,,29440,31,,,2,100,,29444,31,,,1,100,,29438,31,,,1,100,,29441,31,,,1,100,,29442,31,,,1,100,,29445,31,,,2,100,,29446,31,,,1,100,,29447,31,,,1,100,,29448,31,,,1,100,,29449,31,,,1,100,,29451,31,,,1,100,,29450,31,,,1,100,,29452,31,,,1,100,,29453,31,,,1,100,,29454,31,,,2
6601,'Dimanche-0-_26ÉTÉ-0000001-',658,,29456,31,,,1,100,,29460,31,,,1,100,,29461,31,,,1,100,,29462,31,,,2,100,,29464,31,,,1,100,,29455,31,,,1,100,,29463,31,,,1,100,,29457,31,,,1,100,,29458,31,,,2,100,,29459,31,,,1,100,,29468,31,,,1,100,,29470,31,,,1,100,,29466,31,,,1,100,,29467,31,,,1,100,,29465,31,,,1,100,,29469,31,,,1,100,,29471,31,,,1,100,,29472,31,,,2
6601,'Dimanche-10-_26ÉTÉ-0000001-',658,,32116,31,,,1,100,,32120,31,,,1,100,,32121,31,,,1,100,,32122,31,,,2,100,,32124,31,,,1,100,,32115,31,,,1,100,,32123,31,,,1,100,,32117,31,,,1,100,,32118,31,,,2,100,,32119,31,,,1,100,,32128,31,,,1,100,,32130,31,,,1,100,,32126,31,,,1,100,,32127,31,,,1,100,,32125,31,,,1,100,,32129,31,,,1,100,,32131,31,,,1,100,,32132,31,,,2
6601,'Semaine-1-_26ÉTÉ-1111100-',549,,25873,31,,,2,60,,25866,31,,,2,20,,25875,31,,,2,16,,25881,31,,,1,60,,25876,31,,,2,20,,25867,31,,,2,20,,25879,31,,,2,60,,25872,31,,,2,20,,25888,31,,,1,20,,25865,31,,,2,60,,25878,31,,,2,20,,25889,31,,,2,20,,25897,31,,,2,102,,25877,31,,,1,100,,25869,31,,,2,100,,25893,31,,,1,100,,25894,31,,,2,101,,25880,31,,,2,63,,25868,31,,,2,19,,25885,31,,,2,17,,25882,31,,,1,61,,25895,31,,,2,20,,25864,31,,,1,20,,25890,31,,,2,60,,25883,31,,,2,21,,25896,31,,,2,19,,25886,31,,,1,60,,25891,31,,,2,20,,25884,31,,,1,20,,25892,31,,,2,58,,25898,31,,,1,100,,25871,31,,,1,100,,25870,31,,,1,95,,25874,31,,,1,100,,25887,31,,,1
6601,'Semaine-10-_26ÉTÉ-1111100-',549,,29482,31,,,2,60,,29475,31,,,2,20,,29484,31,,,2,16,,29490,31,,,1,60,,29485,31,,,2,20,,29476,31,,,2,20,,29488,31,,,2,60,,29481,31,,,2,20,,29497,31,,,1,20,,29474,31,,,2,60,,29487,31,,,2,20,,29498,31,,,2,20,,29506,31,,,2,102,,29486,31,,,1,100,,29478,31,,,2,100,,29502,31,,,1,100,,29503,31,,,2,101,,29489,31,,,2,63,,29477,31,,,2,19,,29494,31,,,2,17,,29491,31,,,1,61,,29504,31,,,2,20,,29473,31,,,1,20,,29499,31,,,2,60,,29492,31,,,2,21,,29505,31,,,2,19,,29495,31,,,1,60,,29500,31,,,2,20,,29493,31,,,1,20,,29501,31,,,2,58,,29507,31,,,1,100,,29480,31,,,1,100,,29479,31,,,1,95,,29483,31,,,1,100,,29496,31,,,1
