9501,'Semaine-1-_26ÉTÉ-1111100-',539,,43729,18,,,1,15,,43725,18,,,1,55,,43727,18,,,1,15,,43732,18,,,2,15,,43728,18,,,2,15,,43730,18,,,2,57,,43731,18,,,1,13,,43726,18,,,2
9501,'Semaine-10-_26ÉTÉ-1111100-',539,,43737,18,,,1,15,,43733,18,,,1,55,,43735,18,,,1,15,,43740,18,,,2,15,,43736,18,,,2,15,,43738,18,,,2,57,,43739,18,,,1,13,,43734,18,,,2
9501,'Semaine-11-_26ÉTÉ-1111100-',539,,48155,18,,,1,15,,48151,18,,,1,55,,48153,18,,,1,15,,48158,18,,,2,15,,48154,18,,,2,15,,48156,18,,,2,57,,48157,18,,,1,13,,48152,18,,,2
9501,'Semaine-12-_26ÉTÉ-1111100-',539,,54331,18,,,1,15,,54327,18,,,1,55,,54329,18,,,1,15,,54334,18,,,2,15,,54330,18,,,2,15,,54332,18,,,2,57,,54333,18,,,1,13,,54328,18,,,2
9501,'Semaine-5-_26ÉTÉ-1111100-',539,,51898,18,,,1,15,,51894,18,,,1,55,,51896,18,,,1,15,,51901,18,,,2,15,,51897,18,,,2,15,,51899,18,,,2,57,,51900,18,,,1,13,,51895,18,,,2
9701,'Samedi-0-_26ÉTÉ-0000010-',734,,43834,22,,,2,100,,43837,22,,,1,100,,43835,22,,,2,100,,43838,22,,,2,100,,43832,22,,,1,100,,43833,22,,,1,101,,43836,22,,,2,100,,43839,22,,,2,100,,43840,22,,,1,100,,43841,22,,,2,100,,43842,22,,,2,100,,43843,22,,,1,100,,43847,22,,,1,100,,43844,22,,,1,99,,43845,22,,,1,100,,43846,22,,,1
9701,'Dimanche-0-_26ÉTÉ-0000001-',734,,43854,22,,,2,100,,43851,22,,,1,100,,43852,22,,,2,100,,43855,22,,,2,100,,43850,22,,,1,100,,43849,22,,,1,101,,43848,22,,,2,100,,43853,22,,,2,100,,43857,22,,,1,100,,43856,22,,,2,100,,43861,22,,,2,100,,43862,22,,,1,100,,43863,22,,,1,100,,43858,22,,,1,99,,43859,22,,,1,100,,43860,22,,,1
9701,'Dimanche-10-_26ÉTÉ-0000001-',734,,43870,22,,,2,100,,43867,22,,,1,100,,43868,22,,,2,100,,43871,22,,,2,100,,43866,22,,,1,100,,43865,22,,,1,101,,43864,22,,,2,100,,43869,22,,,2,100,,43873,22,,,1,100,,43872,22,,,2,100,,43877,22,,,2,100,,43878,22,,,1,100,,43879,22,,,1,100,,43874,22,,,1,99,,43875,22,,,1,100,,43876,22,,,1
9701,'Dimanche-11-_26ÉTÉ-0000001-',734,,49703,22,,,2,100,,49700,22,,,1,100,,49701,22,,,2,100,,49704,22,,,2,100,,49699,22,,,1,100,,49698,22,,,1,101,,49697,22,,,2,100,,49702,22,,,2,100,,49706,22,,,1,100,,49705,22,,,2,100,,49710,22,,,2,100,,49711,22,,,1,100,,49712,22,,,1,100,,49707,22,,,1,99,,49708,22,,,1,100,,49709,22,,,1
9701,'Semaine-1-_26ÉTÉ-1111100-',615,,43894,22,,,1,100,,43887,22,,,2,109,,43896,22,,,1,103,,43885,22,,,2,100,,43882,22,,,1,100,,43895,22,,,2,98,,43890,22,,,2,102,,43886,22,,,1,100,,43892,22,,,2,101,,43880,22,,,1,96,,43883,22,,,1,102,,43891,22,,,1,98,,43893,22,,,2,95,,43884,22,,,2,97,,43888,22,,,1,100,,43881,22,,,2,100,,43889,22,,,1
9701,'Semaine-10-_26ÉTÉ-1111100-',615,,43911,22,,,1,100,,43904,22,,,2,109,,43913,22,,,1,103,,43902,22,,,2,100,,43899,22,,,1,100,,43912,22,,,2,98,,43907,22,,,2,102,,43903,22,,,1,100,,43909,22,,,2,101,,43897,22,,,1,96,,43900,22,,,1,102,,43908,22,,,1,98,,43910,22,,,2,95,,43901,22,,,2,97,,43905,22,,,1,100,,43898,22,,,2,100,,43906,22,,,1
9701,'Semaine-11-_26ÉTÉ-1111100-',615,,48226,22,,,1,100,,48219,22,,,2,109,,48228,22,,,1,103,,48217,22,,,2,100,,48214,22,,,1,100,,48227,22,,,2,98,,48222,22,,,2,102,,48218,22,,,1,100,,48224,22,,,2,101,,48212,22,,,1,96,,48215,22,,,1,102,,48223,22,,,1,98,,48225,22,,,2,95,,48216,22,,,2,97,,48220,22,,,1,100,,48213,22,,,2,100,,48221,22,,,1
9701,'Semaine-12-_26ÉTÉ-1111100-',615,,54369,22,,,1,100,,54362,22,,,2,109,,54371,22,,,1,103,,54360,22,,,2,100,,54357,22,,,1,100,,54370,22,,,2,98,,54365,22,,,2,102,,54361,22,,,1,100,,54367,22,,,2,101,,54355,22,,,1,96,,54358,22,,,1,102,,54366,22,,,1,98,,54368,22,,,2,95,,54359,22,,,2,97,,54363,22,,,1,100,,54356,22,,,2,100,,54364,22,,,1
9701,'Semaine-5-_26ÉTÉ-1111100-',615,,51936,22,,,1,100,,51929,22,,,2,109,,51938,22,,,1,103,,51927,22,,,2,100,,51924,22,,,1,100,,51937,22,,,2,98,,51932,22,,,2,102,,51928,22,,,1,100,,51934,22,,,2,101,,51922,22,,,1,96,,51925,22,,,1,102,,51933,22,,,1,98,,51935,22,,,2,95,,51926,22,,,2,97,,51930,22,,,1,100,,51923,22,,,2,100,,51931,22,,,1
9801,'Semaine-1-_26ÉTÉ-1111100-',511,,43914,18,,,1,10,,43915,18,,,1,10,,43916,18,,,1
9801,'Semaine-10-_26ÉTÉ-1111100-',511,,43917,18,,,1,10,,43918,18,,,1,10,,43919,18,,,1
9801,'Semaine-11-_26ÉTÉ-1111100-',511,,48229,18,,,1,10,,48230,18,,,1,10,,48231,18,,,1
9801,'Semaine-12-_26ÉTÉ-1111100-',511,,54372,18,,,1,10,,54373,18,,,1,10,,54374,18,,,1
9801,'Semaine-5-_26ÉTÉ-1111100-',511,,51939,18,,,1,10,,51940,18,,,1,10,,51941,18,,,1
