6501,'Samedi-0-_26ÉTÉ-0000010-',749,,41440,20,,,1,100,,41438,20,,,2,100,,41437,20,,,1,100,,41435,20,,,1,100,,41434,20,,,1,100,,41436,20,,,1,100,,41439,20,,,1,100,,41441,20,,,1,100,,41442,20,,,1,100,,41443,20,,,1,100,,41444,20,,,1,100,,41448,20,,,1,100,,41445,20,,,1,100,,41446,20,,,1,100,,41447,20,,,1,100,,41449,20,,,2,100,,41450,20,,,1
6501,'Dimanche-0-_26ÉTÉ-0000001-',749,,41454,20,,,1,100,,41455,20,,,2,100,,41457,20,,,1,100,,41453,20,,,1,100,,41456,20,,,1,100,,41452,20,,,1,100,,41451,20,,,1,100,,41458,20,,,1,100,,41463,20,,,1,100,,41465,20,,,1,100,,41460,20,,,1,100,,41461,20,,,1,100,,41459,20,,,1,100,,41464,20,,,1,100,,41466,20,,,1,100,,41467,20,,,2,100,,41462,20,,,1
6501,'Dimanche-10-_26ÉTÉ-0000001-',749,,41471,20,,,1,100,,41472,20,,,2,100,,41474,20,,,1,100,,41470,20,,,1,100,,41473,20,,,1,100,,41469,20,,,1,100,,41468,20,,,1,100,,41475,20,,,1,100,,41480,20,,,1,100,,41482,20,,,1,100,,41477,20,,,1,100,,41478,20,,,1,100,,41476,20,,,1,100,,41481,20,,,1,100,,41483,20,,,1,100,,41484,20,,,2,100,,41479,20,,,1
6501,'Dimanche-11-_26ÉTÉ-0000001-',749,,49400,20,,,1,100,,49401,20,,,2,100,,49403,20,,,1,100,,49399,20,,,1,100,,49402,20,,,1,100,,49398,20,,,1,100,,49397,20,,,1,100,,49404,20,,,1,100,,49409,20,,,1,100,,49411,20,,,1,100,,49406,20,,,1,100,,49407,20,,,1,100,,49405,20,,,1,100,,49410,20,,,1,100,,49412,20,,,1,100,,49413,20,,,2,100,,49408,20,,,1
6501,'Semaine-1-_26ÉTÉ-1111100-',541,,41502,20,,,1,70,,41516,20,,,1,20,,41485,20,,,1,20,,41501,20,,,1,60,,41517,20,,,1,20,,41504,20,,,1,20,,41506,20,,,1,60,,41496,20,,,2,20,,41499,20,,,2,20,,41487,20,,,1,60,,41513,20,,,2,30,,41488,20,,,1,100,,41489,20,,,2,100,,41514,20,,,1,102,,41507,20,,,2,100,,41503,20,,,2,100,,41508,20,,,1,70,,41498,20,,,2,30,,41486,20,,,2,58,,41492,20,,,2,22,,41511,20,,,2,20,,41515,20,,,1,58,,41493,20,,,1,22,,41512,20,,,1,20,,41490,20,,,2,60,,41494,20,,,1,28,,41510,20,,,1,70,,41500,20,,,2,30,,41495,20,,,1,100,,41509,20,,,1,100,,41505,20,,,1,100,,41497,20,,,1,100,,41491,20,,,1
6501,'Semaine-10-_26ÉTÉ-1111100-',541,,41535,20,,,1,70,,41549,20,,,1,20,,41518,20,,,1,20,,41534,20,,,1,60,,41550,20,,,1,20,,41537,20,,,1,20,,41539,20,,,1,60,,41529,20,,,2,20,,41532,20,,,2,20,,41520,20,,,1,60,,41546,20,,,2,30,,41521,20,,,1,100,,41522,20,,,2,100,,41547,20,,,1,102,,41540,20,,,2,100,,41536,20,,,2,100,,41541,20,,,1,70,,41531,20,,,2,30,,41519,20,,,2,58,,41525,20,,,2,22,,41544,20,,,2,20,,41548,20,,,1,58,,41526,20,,,1,22,,41545,20,,,1,20,,41523,20,,,2,60,,41527,20,,,1,28,,41543,20,,,1,70,,41533,20,,,2,30,,41528,20,,,1,100,,41542,20,,,1,100,,41538,20,,,1,100,,41530,20,,,1,100,,41524,20,,,1
6501,'Semaine-11-_26ÉTÉ-1111100-',541,,47181,20,,,1,70,,47195,20,,,1,20,,47164,20,,,1,20,,47180,20,,,1,60,,47196,20,,,1,20,,47183,20,,,1,20,,47185,20,,,1,60,,47175,20,,,2,20,,47178,20,,,2,20,,47166,20,,,1,60,,47192,20,,,2,30,,47167,20,,,1,100,,47168,20,,,2,100,,47193,20,,,1,102,,47186,20,,,2,100,,47182,20,,,2,100,,47187,20,,,1,70,,47177,20,,,2,30,,47165,20,,,2,58,,47171,20,,,2,22,,47190,20,,,2,20,,47194,20,,,1,58,,47172,20,,,1,22,,47191,20,,,1,20,,47169,20,,,2,60,,47173,20,,,1,28,,47189,20,,,1,70,,47179,20,,,2,30,,47174,20,,,1,100,,47188,20,,,1,100,,47184,20,,,1,100,,47176,20,,,1,100,,47170,20,,,1
6501,'Semaine-12-_26ÉTÉ-1111100-',541,,53623,20,,,1,70,,53637,20,,,1,20,,53606,20,,,1,20,,53622,20,,,1,60,,53638,20,,,1,20,,53625,20,,,1,20,,53627,20,,,1,60,,53617,20,,,2,20,,53620,20,,,2,20,,53608,20,,,1,60,,53634,20,,,2,30,,53609,20,,,1,100,,53610,20,,,2,100,,53635,20,,,1,102,,53628,20,,,2,100,,53624,20,,,2,100,,53629,20,,,1,70,,53619,20,,,2,30,,53607,20,,,2,58,,53613,20,,,2,22,,53632,20,,,2,20,,53636,20,,,1,58,,53614,20,,,1,22,,53633,20,,,1,20,,53611,20,,,2,60,,53615,20,,,1,28,,53631,20,,,1,70,,53621,20,,,2,30,,53616,20,,,1,100,,53630,20,,,1,100,,53626,20,,,1,100,,53618,20,,,1,100,,53612,20,,,1
6501,'Semaine-5-_26ÉTÉ-1111100-',541,,51190,20,,,1,70,,51204,20,,,1,20,,51173,20,,,1,20,,51189,20,,,1,60,,51205,20,,,1,20,,51192,20,,,1,20,,51194,20,,,1,60,,51184,20,,,2,20,,51187,20,,,2,20,,51175,20,,,1,60,,51201,20,,,2,30,,51176,20,,,1,100,,51177,20,,,2,100,,51202,20,,,1,102,,51195,20,,,2,100,,51191,20,,,2,100,,51196,20,,,1,70,,51186,20,,,2,30,,51174,20,,,2,58,,51180,20,,,2,22,,51199,20,,,2,20,,51203,20,,,1,58,,51181,20,,,1,22,,51200,20,,,1,20,,51178,20,,,2,60,,51182,20,,,1,28,,51198,20,,,1,70,,51188,20,,,2,30,,51183,20,,,1,100,,51197,20,,,1,100,,51193,20,,,1,100,,51185,20,,,1,100,,51179,20,,,1
57101,'Semaine-5-_26ÉTÉ-1111100-',705,,52281,40,,,2
