6400,'Samedi-0-_26ÉTÉ-0000010-',739,,41170,13,0,15 16,1,100,,41172,13,0,15 16,1,100,,41175,13,0,15 16,1,100,,41173,13,0,15 16,2,100,,41176,13,0,15 16,1,100,,41171,13,0,15 16,1,100,,41174,13,0,15 16,2,100,,41177,13,0,15 16,1,99,,41178,13,0,15 16,1,100,,41179,13,0,15 16,1,100,,41180,13,0,15 16,1,100,,41181,13,0,15 16,1
6400,'Dimanche-0-_26ÉTÉ-0000001-',739,,41182,13,0,15 16,1,100,,41187,13,0,15 16,1,100,,41183,13,0,15 16,1,100,,41186,13,0,15 16,2,100,,41189,13,0,15 16,1,100,,41188,13,0,15 16,1,100,,41185,13,0,15 16,2,100,,41184,13,0,15 16,1,99,,41192,13,0,15 16,1,100,,41193,13,0,15 16,1,100,,41190,13,0,15 16,1,100,,41191,13,0,15 16,1
6400,'Dimanche-10-_26ÉTÉ-0000001-',739,,41194,13,0,15 16,1,100,,41199,13,0,15 16,1,100,,41195,13,0,15 16,1,100,,41198,13,0,15 16,2,100,,41201,13,0,15 16,1,100,,41200,13,0,15 16,1,100,,41197,13,0,15 16,2,100,,41196,13,0,15 16,1,99,,41204,13,0,15 16,1,100,,41205,13,0,15 16,1,100,,41202,13,0,15 16,1,100,,41203,13,0,15 16,1
6400,'Dimanche-11-_26ÉTÉ-0000001-',739,,49357,13,0,15 16,1,100,,49362,13,0,15 16,1,100,,49358,13,0,15 16,1,100,,49361,13,0,15 16,2,100,,49364,13,0,15 16,1,100,,49363,13,0,15 16,1,100,,49360,13,0,15 16,2,100,,49359,13,0,15 16,1,99,,49367,13,0,15 16,1,100,,49368,13,0,15 16,1,100,,49365,13,0,15 16,1,100,,49366,13,0,15 16,1
6400,'Semaine-1-_26ÉTÉ-1111100-',654,,41214,13,0,15 16,1,70,,41211,13,0,15 16,2,30,,41206,13,0,15 16,2,75,,41210,13,0,15 16,2,95,,41212,13,0,15 16,2,100,,41217,13,0,15 16,2,100,,41216,13,0,15 16,1,100,,41209,13,0,15 16,2,100,,41222,13,0,15 16,1,100,,41218,13,0,15 16,1,95,,41219,13,0,15 16,1,30,,41224,13,0,15 16,1,102,,41223,13,0,15 16,1,97,,41220,13,0,15 16,2,100,,41221,13,0,15 16,1,100,,41213,13,0,15 16,1,100,,41207,13,0,15 16,1,100,,41215,13,0,15 16,1,100,,41208,13,0,15 16,1
6400,'Semaine-10-_26ÉTÉ-1111100-',654,,41233,13,0,15 16,1,70,,41230,13,0,15 16,2,30,,41225,13,0,15 16,2,75,,41229,13,0,15 16,2,95,,41231,13,0,15 16,2,100,,41236,13,0,15 16,2,100,,41235,13,0,15 16,1,100,,41228,13,0,15 16,2,100,,41241,13,0,15 16,1,100,,41237,13,0,15 16,1,95,,41238,13,0,15 16,1,30,,41243,13,0,15 16,1,102,,41242,13,0,15 16,1,97,,41239,13,0,15 16,2,100,,41240,13,0,15 16,1,100,,41232,13,0,15 16,2,100,,41226,13,0,15 16,1,100,,41234,13,0,15 16,1,100,,41227,13,0,15 16,1
6400,'Semaine-11-_26ÉTÉ-1111100-',654,,47055,13,0,15 16,1,70,,47052,13,0,15 16,2,30,,47047,13,0,15 16,2,75,,47051,13,0,15 16,2,95,,47053,13,0,15 16,2,100,,47058,13,0,15 16,2,100,,47057,13,0,15 16,1,100,,47050,13,0,15 16,2,100,,47063,13,0,15 16,1,100,,47059,13,0,15 16,1,95,,47060,13,0,15 16,1,30,,47065,13,0,15 16,1,102,,47064,13,0,15 16,1,97,,47061,13,0,15 16,2,100,,47062,13,0,15 16,1,100,,47054,13,0,15 16,1,100,,47048,13,0,15 16,1,100,,47056,13,0,15 16,1,100,,47049,13,0,15 16,1
6400,'Semaine-12-_26ÉTÉ-1111100-',654,,53542,13,0,15 16,1,70,,53539,13,0,15 16,2,30,,53534,13,0,15 16,2,75,,53538,13,0,15 16,2,95,,53540,13,0,15 16,2,100,,53545,13,0,15 16,2,100,,53544,13,0,15 16,1,100,,53537,13,0,15 16,2,100,,53550,13,0,15 16,1,100,,53546,13,0,15 16,1,95,,53547,13,0,15 16,1,30,,53552,13,0,15 16,1,102,,53551,13,0,15 16,1,97,,53548,13,0,15 16,2,100,,53549,13,0,15 16,1,100,,53541,13,0,15 16,1,100,,53535,13,0,15 16,1,100,,53543,13,0,15 16,1,100,,53536,13,0,15 16,1
6400,'Semaine-5-_26ÉTÉ-1111100-',654,,51108,13,0,15 16,1,70,,51105,13,0,15 16,2,30,,51100,13,0,15 16,2,75,,51104,13,0,15 16,2,95,,51106,13,0,15 16,2,100,,51111,13,0,15 16,2,100,,51110,13,0,15 16,1,100,,51103,13,0,15 16,2,100,,51116,13,0,15 16,1,100,,51112,13,0,15 16,1,95,,51113,13,0,15 16,1,30,,51118,13,0,15 16,1,102,,51117,13,0,15 16,1,97,,51114,13,0,15 16,2,100,,51115,13,0,15 16,1,100,,51107,13,0,15 16,1,100,,51101,13,0,15 16,1,100,,51109,13,0,15 16,1,100,,51102,13,0,15 16,1
6600,'Samedi-0-_26ÉTÉ-0000010-',718,,41553,12,,,1,100,,41556,12,,,1,100,,41554,12,,,2,100,,41557,12,,,1,100,,41551,12,,,1,100,,41552,12,,,1,100,,41555,12,,,1,100,,41558,12,,,2,100,,41559,12,,,1,100,,41560,12,,,1,100,,41561,12,,,1,100,,41562,12,,,1,100,,41564,12,,,1,100,,41563,12,,,1,100,,41565,12,,,1,100,,41566,12,,,1,100,,41567,12,,,2
6600,'Dimanche-0-_26ÉTÉ-0000001-',718,,41572,12,,,1,100,,41573,12,,,1,100,,41574,12,,,2,100,,41576,12,,,1,100,,41568,12,,,1,100,,41575,12,,,1,100,,41569,12,,,1,100,,41570,12,,,2,100,,41571,12,,,1,100,,41580,12,,,1,100,,41582,12,,,1,100,,41578,12,,,1,100,,41579,12,,,1,100,,41577,12,,,1,100,,41581,12,,,1,100,,41583,12,,,1,100,,41584,12,,,2
6600,'Dimanche-10-_26ÉTÉ-0000001-',718,,41589,12,,,1,100,,41590,12,,,1,100,,41591,12,,,2,100,,41593,12,,,1,100,,41585,12,,,1,100,,41592,12,,,1,100,,41586,12,,,1,100,,41587,12,,,2,100,,41588,12,,,1,100,,41597,12,,,1,100,,41599,12,,,1,100,,41595,12,,,1,100,,41596,12,,,1,100,,41594,12,,,1,100,,41598,12,,,1,100,,41600,12,,,1,100,,41601,12,,,2
6600,'Dimanche-11-_26ÉTÉ-0000001-',718,,49418,12,,,1,100,,49419,12,,,1,100,,49420,12,,,2,100,,49422,12,,,1,100,,49414,12,,,1,100,,49421,12,,,1,100,,49415,12,,,1,100,,49416,12,,,2,100,,49417,12,,,1,100,,49426,12,,,1,100,,49428,12,,,1,100,,49424,12,,,1,100,,49425,12,,,1,100,,49423,12,,,1,100,,49427,12,,,1,100,,49429,12,,,1,100,,49430,12,,,2
6600,'Semaine-1-_26ÉTÉ-1111100-',602,,41612,12,,,1,20,,41618,12,,,2,20,,41613,12,,,2,60,,41605,12,,,2,20,,41617,12,,,2,20,,41610,12,,,1,60,,41624,12,,,2,20,,41604,12,,,2,20,,41615,12,,,2,60,,41625,12,,,2,100,,41614,12,,,1,100,,41606,12,,,2,100,,41629,12,,,1,100,,41630,12,,,2,101,,41616,12,,,2,99,,41626,12,,,1,21,,41619,12,,,2,20,,41602,12,,,1,60,,41621,12,,,2,20,,41627,12,,,2,21,,41632,12,,,2,59,,41603,12,,,1,20,,41622,12,,,2,20,,41620,12,,,1,60,,41608,12,,,2,20,,41628,12,,,1,100,,41609,12,,,1,100,,41607,12,,,1,98,,41611,12,,,1,100,,41623,12,,,1,100,,41631,12,,,1
6600,'Semaine-10-_26ÉTÉ-1111100-',602,,41643,12,,,1,20,,41649,12,,,2,20,,41644,12,,,2,60,,41636,12,,,2,20,,41648,12,,,2,20,,41641,12,,,1,60,,41655,12,,,2,20,,41635,12,,,2,20,,41646,12,,,2,60,,41656,12,,,2,100,,41645,12,,,1,100,,41637,12,,,2,100,,41660,12,,,1,100,,41661,12,,,2,101,,41647,12,,,2,99,,41657,12,,,1,21,,41650,12,,,2,20,,41633,12,,,1,60,,41652,12,,,2,20,,41658,12,,,2,21,,41663,12,,,2,59,,41634,12,,,1,20,,41653,12,,,2,20,,41651,12,,,1,60,,41639,12,,,2,20,,41659,12,,,1,100,,41640,12,,,1,100,,41638,12,,,1,98,,41642,12,,,1,100,,41654,12,,,1,100,,41662,12,,,1
6600,'Semaine-11-_26ÉTÉ-1111100-',602,,47224,12,,,1,20,,47230,12,,,2,20,,47225,12,,,2,60,,47217,12,,,2,20,,47229,12,,,2,20,,47222,12,,,1,60,,47236,12,,,2,20,,47216,12,,,2,20,,47227,12,,,2,60,,47237,12,,,2,100,,47226,12,,,1,100,,47218,12,,,2,100,,47241,12,,,1,100,,47242,12,,,2,101,,47228,12,,,2,99,,47238,12,,,1,21,,47231,12,,,2,20,,47214,12,,,1,60,,47233,12,,,2,20,,47239,12,,,2,21,,47244,12,,,2,59,,47215,12,,,1,20,,47234,12,,,2,20,,47232,12,,,1,60,,47220,12,,,2,20,,47240,12,,,1,100,,47221,12,,,1,100,,47219,12,,,1,98,,47223,12,,,1,100,,47235,12,,,1,100,,47243,12,,,1
6600,'Semaine-12-_26ÉTÉ-1111100-',602,,53649,12,,,1,20,,53655,12,,,2,20,,53650,12,,,2,60,,53642,12,,,2,20,,53654,12,,,2,20,,53647,12,,,1,60,,53661,12,,,2,20,,53641,12,,,2,20,,53652,12,,,2,60,,53662,12,,,2,100,,53651,12,,,1,100,,53643,12,,,2,100,,53666,12,,,1,100,,53667,12,,,2,101,,53653,12,,,2,99,,53663,12,,,1,21,,53656,12,,,2,20,,53639,12,,,1,60,,53658,12,,,2,20,,53664,12,,,2,21,,53669,12,,,2,59,,53640,12,,,1,20,,53659,12,,,2,20,,53657,12,,,1,60,,53645,12,,,2,20,,53665,12,,,1,100,,53646,12,,,1,100,,53644,12,,,1,98,,53648,12,,,1,100,,53660,12,,,1,100,,53668,12,,,1
6600,'Semaine-5-_26ÉTÉ-1111100-',602,,51216,12,,,1,20,,51222,12,,,2,20,,51217,12,,,2,60,,51209,12,,,2,20,,51221,12,,,2,20,,51214,12,,,1,60,,51228,12,,,2,20,,51208,12,,,2,20,,51219,12,,,2,60,,51229,12,,,2,100,,51218,12,,,1,100,,51210,12,,,2,100,,51233,12,,,1,100,,51234,12,,,2,101,,51220,12,,,2,99,,51230,12,,,1,21,,51223,12,,,2,20,,51206,12,,,1,60,,51225,12,,,2,20,,51231,12,,,2,21,,51236,12,,,2,59,,51207,12,,,1,20,,51226,12,,,2,20,,51224,12,,,1,60,,51212,12,,,2,20,,51232,12,,,1,100,,51213,12,,,1,100,,51211,12,,,1,98,,51215,12,,,1,100,,51227,12,,,1,100,,51235,12,,,1
