6700,'Samedi-0-_26ÉTÉ-0000010-',731,,41794,35,,,2,102,,41793,35,,,1,100,,41792,35,,,1,71,,41788,35,,,1,30,,41796,35,,,1,70,,41789,35,,,1,30,,41790,35,,,1,71,,41795,35,,,1,30,,41800,35,,,1,70,,41791,35,,,1,30,,41799,35,,,1,70,,41797,35,,,1,30,,41798,35,,,1,72,,41801,35,,,2,30,,41802,35,,,2,70,,41803,35,,,1,30,,41804,35,,,1,68,,41805,35,,,2,30,,41806,35,,,2,70,,41807,35,,,1,30,,41808,35,,,1,70,,41809,35,,,2,28,,41810,35,,,1,70,,41811,35,,,1,100,,41815,35,,,2,100,,41812,35,,,2,99,,41813,35,,,1,100,,41814,35,,,1
6700,'Samedi-10-_26ÉTÉ-0000010-',731,,47304,35,,,2,102,,47303,35,,,1,100,,47302,35,,,1,71,,47298,35,,,1,30,,47306,35,,,1,70,,47299,35,,,1,30,,47300,35,,,1,71,,47305,35,,,1,30,,47310,35,,,1,70,,47301,35,,,1,30,,47309,35,,,1,70,,47307,35,,,1,30,,47308,35,,,1,72,,47311,35,,,2,30,,47312,35,,,2,70,,47313,35,,,1,30,,47314,35,,,1,68,,47315,35,,,2,30,,47316,35,,,2,70,,47317,35,,,1,30,,47318,35,,,1,70,,47319,35,,,2,28,,47320,35,,,1,70,,47321,35,,,1,100,,47325,35,,,2,100,,47322,35,,,2,99,,47323,35,,,1,100,,47324,35,,,1
6700,'Dimanche-0-_26ÉTÉ-0000001-',731,,41822,35,,,2,102,,41816,35,,,1,100,,41819,35,,,1,71,,41821,35,,,1,30,,41827,35,,,1,70,,41824,35,,,1,30,,41830,35,,,1,71,,41832,35,,,1,30,,41826,35,,,1,70,,41828,35,,,1,30,,41817,35,,,1,70,,41818,35,,,1,30,,41820,35,,,1,72,,41823,35,,,2,30,,41829,35,,,2,70,,41825,35,,,1,30,,41831,35,,,1,68,,41840,35,,,2,30,,41839,35,,,2,70,,41835,35,,,1,30,,41833,35,,,1,70,,41843,35,,,2,28,,41834,35,,,1,70,,41841,35,,,1,100,,41838,35,,,2,100,,41837,35,,,2,99,,41836,35,,,1,100,,41842,35,,,1
6700,'Dimanche-10-_26ÉTÉ-0000001-',731,,41850,35,,,2,102,,41844,35,,,1,100,,41847,35,,,1,71,,41849,35,,,1,30,,41855,35,,,1,70,,41852,35,,,1,30,,41858,35,,,1,71,,41860,35,,,1,30,,41854,35,,,1,70,,41856,35,,,1,30,,41845,35,,,1,70,,41846,35,,,1,30,,41848,35,,,1,72,,41851,35,,,2,30,,41857,35,,,2,70,,41853,35,,,1,30,,41859,35,,,1,68,,41868,35,,,2,30,,41867,35,,,2,70,,41863,35,,,1,30,,41861,35,,,1,70,,41871,35,,,2,28,,41862,35,,,1,70,,41869,35,,,1,100,,41866,35,,,2,100,,41865,35,,,2,99,,41864,35,,,1,100,,41870,35,,,1
6700,'Semaine-1-_26ÉTÉ-1111100-',633,,41880,35,,,1,71,,41874,35,,,1,29,,41882,35,,,1,22,,41891,35,,,1,60,,41875,35,,,2,17,,41900,35,,,1,70,,41885,35,,,1,30,,41893,35,,,1,20,,41883,35,,,2,59,,41903,35,,,2,20,,41901,35,,,1,21,,41888,35,,,2,60,,41904,35,,,2,20,,41894,35,,,1,20,,41897,35,,,2,61,,41905,35,,,1,20,,41902,35,,,1,20,,41889,35,,,1,60,,41906,35,,,1,20,,41895,35,,,1,20,,41898,35,,,2,60,,41907,35,,,1,22,,41887,35,,,1,20,,41890,35,,,2,57,,41908,35,,,1,330,,41910,35,,,1,15,,41884,35,,,2,56,,41909,35,,,1,19,,41892,35,,,1,70,,41872,35,,,1,30,,41896,35,,,2,70,,41876,35,,,1,30,,41899,35,,,1,71,,41873,35,,,1,28,,41881,35,,,2,70,,41877,35,,,1,27,,41886,35,,,2,29,,41879,35,,,2,69,,41878,35,,,1
6700,'Semaine-10-_26ÉTÉ-1111100-',633,,41919,35,,,1,71,,41913,35,,,1,29,,41921,35,,,1,22,,41930,35,,,1,60,,41914,35,,,2,17,,41939,35,,,1,70,,41924,35,,,1,30,,41932,35,,,1,20,,41922,35,,,2,59,,41942,35,,,2,20,,41940,35,,,1,21,,41927,35,,,2,60,,41943,35,,,2,20,,41933,35,,,1,20,,41936,35,,,2,61,,41944,35,,,1,20,,41941,35,,,1,20,,41928,35,,,1,60,,41945,35,,,1,20,,41934,35,,,1,20,,41937,35,,,2,60,,41946,35,,,2,22,,41926,35,,,1,20,,41929,35,,,2,57,,41947,35,,,1,330,,41949,35,,,1,15,,41923,35,,,2,56,,41948,35,,,1,19,,41931,35,,,1,70,,41911,35,,,1,30,,41935,35,,,2,70,,41915,35,,,1,30,,41938,35,,,1,71,,41912,35,,,1,28,,41920,35,,,2,70,,41916,35,,,1,27,,41925,35,,,2,29,,41918,35,,,2,69,,41917,35,,,1
6700,'Semaine-11-_26ÉTÉ-1111100-',633,,47334,35,,,1,71,,47328,35,,,1,29,,47336,35,,,1,22,,47345,35,,,1,60,,47329,35,,,2,17,,47354,35,,,1,70,,47339,35,,,1,30,,47347,35,,,1,20,,47337,35,,,2,59,,47357,35,,,2,20,,47355,35,,,1,21,,47342,35,,,2,60,,47358,35,,,2,20,,47348,35,,,1,20,,47351,35,,,2,61,,47359,35,,,1,20,,47356,35,,,1,20,,47343,35,,,1,60,,47360,35,,,1,20,,47349,35,,,1,20,,47352,35,,,2,60,,47361,35,,,1,22,,47341,35,,,1,20,,47344,35,,,2,57,,47362,35,,,1,330,,47364,35,,,1,15,,47338,35,,,2,56,,47363,35,,,1,19,,47346,35,,,1,70,,47326,35,,,1,30,,47350,35,,,2,70,,47330,35,,,1,30,,47353,35,,,1,71,,47327,35,,,1,28,,47335,35,,,2,70,,47331,35,,,1,27,,47340,35,,,2,29,,47333,35,,,2,69,,47332,35,,,1
8700,'Semaine-1-_26ÉTÉ-1111100-',1527,,43642,33,,,2,21,,43641,33,,,1,60,,43634,33,,,1,14,,43636,33,,,1,14,,43633,33,,,1,17,,43643,33,,,1,57,,43639,33,,,1,14,,43640,33,,,2,18,,43635,33,,,1,58,,43638,33,,,1,16,,43637,33,,,2
8700,'Semaine-10-_26ÉTÉ-1111100-',1527,,43653,33,,,2,21,,43652,33,,,1,60,,43645,33,,,1,14,,43647,33,,,1,14,,43644,33,,,1,17,,43654,33,,,1,57,,43650,33,,,1,14,,43651,33,,,2,18,,43646,33,,,1,58,,43649,33,,,1,16,,43648,33,,,2
8700,'Semaine-11-_26ÉTÉ-1111100-',1527,,48114,33,,,2,21,,48113,33,,,1,60,,48106,33,,,1,14,,48108,33,,,1,14,,48105,33,,,1,17,,48115,33,,,1,57,,48111,33,,,1,14,,48112,33,,,2,18,,48107,33,,,1,58,,48110,33,,,1,16,,48109,33,,,2
