4000,'Semaine-1-_26ÉTÉ-1111100-',1527,,39577,18,,,2,29,,39573,18,,,2,76,,39576,18,,,1,27,,39575,18,,,1,71,,39574,18,,,1,25,,39578,18,,,2
4000,'Semaine-10-_26ÉTÉ-1111100-',1527,,39583,18,,,2,29,,39579,18,,,2,76,,39582,18,,,1,27,,39581,18,,,1,71,,39580,18,,,1,25,,39584,18,,,2
4100,'Semaine-1-_26ÉTÉ-1111100-',1538,,39598,18,,,2,69,,39600,18,,,1,35,,39599,18,,,2,66,,39597,18,,,1,29,,39601,18,,,1
4100,'Semaine-10-_26ÉTÉ-1111100-',1538,,39603,18,,,2,69,,39605,18,,,1,35,,39604,18,,,2,66,,39602,18,,,1,29,,39606,18,,,1
4500,'Semaine-1-_26ÉTÉ-1111100-',1511,,39630,18,,,1,34,,39625,18,,,2,72,,39626,18,,,2,30,,39628,18,,,1,69,,39629,18,,,1,27,,39627,18,,,2
4500,'Semaine-10-_26ÉTÉ-1111100-',1511,,39636,18,,,1,34,,39631,18,,,2,72,,39632,18,,,2,30,,39634,18,,,1,69,,39635,18,,,1,27,,39633,18,,,2
4700,'Semaine-1-_26ÉTÉ-1111100-',1534,,39649,18,,,2,101,,39651,18,,,2,99,,39650,18,,,2
4700,'Semaine-10-_26ÉTÉ-1111100-',1534,,39652,18,,,2,101,,39654,18,,,2,99,,39653,18,,,2
5500,'Samedi-0-_26ÉTÉ-0000010-',707,,40104,19,,,1,30,,40101,19,,,1,70,,40102,19,,,1,30,,40105,19,,,1,70,,40103,19,,,1,29,,40110,19,,,1,69,,40107,19,,,1,29,,40108,19,,,1,75,,40113,19,,,1,27,,40112,19,,,1,68,,40106,19,,,1,30,,40109,19,,,1,70,,40111,19,,,1,34,,40114,19,,,1,70,,40115,19,,,1,30,,40116,19,,,1,70,,40117,19,,,1,28,,40118,19,,,1,70,,40119,19,,,1,30,,40120,19,,,1,70,,40121,19,,,1,30,,40122,19,,,1,72,,40123,19,,,1,28,,40124,19,,,1,70,,40126,19,,,1,33,,40125,19,,,1,67,,40127,19,,,1,30,,40129,19,,,1,71,,40128,19,,,1,31,,40130,19,,,1,68,,40131,19,,,1,30,,40134,19,,,1,70,,40136,19,,,1,30,,40133,19,,,1,71,,40132,19,,,1,28,,40135,19,,,1
5500,'Dimanche-0-_26ÉTÉ-0000001-',707,,40139,19,,,1,30,,40144,19,,,1,70,,40148,19,,,1,30,,40142,19,,,1,70,,40140,19,,,1,29,,40145,19,,,1,69,,40147,19,,,1,29,,40141,19,,,1,75,,40137,19,,,1,27,,40138,19,,,1,68,,40150,19,,,1,30,,40154,19,,,1,70,,40152,19,,,1,34,,40149,19,,,1,70,,40143,19,,,1,30,,40157,19,,,1,70,,40158,19,,,1,28,,40159,19,,,1,70,,40153,19,,,1,30,,40166,19,,,1,70,,40163,19,,,1,30,,40151,19,,,1,72,,40171,19,,,1,28,,40165,19,,,1,70,,40146,19,,,1,33,,40169,19,,,1,67,,40162,19,,,1,30,,40155,19,,,1,71,,40160,19,,,1,31,,40156,19,,,1,68,,40167,19,,,1,30,,40164,19,,,1,70,,40161,19,,,1,30,,40170,19,,,1,71,,40168,19,,,1,28,,40172,19,,,1
5500,'Dimanche-10-_26ÉTÉ-0000001-',707,,40175,19,,,1,30,,40180,19,,,1,70,,40184,19,,,1,30,,40178,19,,,1,70,,40176,19,,,1,29,,40181,19,,,1,69,,40183,19,,,1,29,,40177,19,,,1,75,,40173,19,,,1,27,,40174,19,,,1,68,,40186,19,,,1,30,,40190,19,,,1,70,,40188,19,,,1,34,,40185,19,,,1,70,,40179,19,,,1,30,,40193,19,,,1,70,,40194,19,,,1,28,,40195,19,,,1,70,,40189,19,,,1,30,,40202,19,,,1,70,,40199,19,,,1,30,,40187,19,,,1,72,,40207,19,,,1,28,,40201,19,,,1,70,,40182,19,,,1,33,,40205,19,,,1,67,,40198,19,,,1,30,,40191,19,,,1,71,,40196,19,,,1,31,,40192,19,,,1,68,,40203,19,,,1,30,,40200,19,,,1,70,,40197,19,,,1,30,,40206,19,,,1,71,,40204,19,,,1,28,,40208,19,,,1
5500,'Semaine-1-_26ÉTÉ-1111100-',602,,40211,19,,,1,104,,40227,19,,,1,103,,40210,19,,,1,98,,40246,19,,,1,28,,40247,19,,,1,69,,40216,19,,,1,30,,40226,19,,,1,70,,40230,19,,,1,31,,40252,19,,,1,71,,40212,19,,,1,30,,40251,19,,,1,69,,40229,19,,,1,30,,40244,19,,,1,70,,40238,19,,,1,23,,40245,19,,,1,16,,40231,19,,,1,57,,40209,19,,,1,14,,40250,19,,,1,17,,40220,19,,,1,15,,40253,19,,,1,53,,40241,19,,,1,10,,40213,19,,,1,13,,40224,19,,,1,14,,40256,19,,,1,13,,40249,19,,,1,51,,40215,19,,,1,11,,40232,19,,,1,12,,40225,19,,,1,9,,40254,19,,,1,11,,40239,19,,,1,9,,40219,19,,,1,52,,40214,19,,,1,10,,40255,19,,,1,12,,40223,19,,,1,11,,40218,19,,,1,10,,40228,19,,,1,70,,40243,19,,,1,29,,40248,19,,,1,71,,40235,19,,,1,29,,40221,19,,,1,70,,40242,19,,,1,29,,40233,19,,,1,71,,40236,19,,,1,29,,40222,19,,,1,70,,40237,19,,,1,30,,40234,19,,,1,69,,40217,19,,,1,30,,40240,19,,,1
5500,'Semaine-10-_26ÉTÉ-1111100-',602,,40259,19,,,1,104,,40275,19,,,1,103,,40258,19,,,1,98,,40294,19,,,1,28,,40295,19,,,1,69,,40264,19,,,1,30,,40274,19,,,1,70,,40278,19,,,1,31,,40300,19,,,1,71,,40260,19,,,1,30,,40299,19,,,1,69,,40277,19,,,1,30,,40292,19,,,1,70,,40286,19,,,1,23,,40293,19,,,1,16,,40279,19,,,1,57,,40257,19,,,1,14,,40298,19,,,1,17,,40268,19,,,1,15,,40301,19,,,1,53,,40289,19,,,1,10,,40261,19,,,1,13,,40272,19,,,1,14,,40304,19,,,1,13,,40297,19,,,1,51,,40263,19,,,1,11,,40280,19,,,1,12,,40273,19,,,1,9,,40302,19,,,1,11,,40287,19,,,1,9,,40267,19,,,1,52,,40262,19,,,1,10,,40303,19,,,1,12,,40271,19,,,1,11,,40266,19,,,1,10,,40276,19,,,1,70,,40291,19,,,1,29,,40296,19,,,1,71,,40283,19,,,1,29,,40269,19,,,1,70,,40290,19,,,1,29,,40281,19,,,1,71,,40284,19,,,1,29,,40270,19,,,1,70,,40285,19,,,1,30,,40282,19,,,1,69,,40265,19,,,1,30,,40288,19,,,1
5601,'Semaine-1-_26ÉTÉ-1111100-',1229,,40518,21,,,2,103,,40515,21,,,1,100,,40514,21,,,1,99,,40517,21,,,1,106,,40516,21,,,1,96,,40519,21,,,2,96,,40520,21,,,1
5601,'Semaine-10-_26ÉTÉ-1111100-',1229,,40525,21,,,2,103,,40522,21,,,1,100,,40521,21,,,1,99,,40524,21,,,1,106,,40523,21,,,1,96,,40526,21,,,2,96,,40527,21,,,1
5900,'Samedi-0-_26ÉTÉ-0000010-',721,,40562,19,,,1,30,,40565,19,,,1,70,,40558,19,,,1,30,,40564,19,,,1,70,,40561,19,,,1,30,,40566,19,,,1,70,,40570,19,,,1,30,,40571,19,,,1,70,,40560,19,,,1,30,,40559,19,,,1,71,,40569,19,,,1,30,,40563,19,,,1,70,,40567,19,,,1,30,,40572,19,,,1,70,,40568,19,,,1,30,,40573,19,,,1,70,,40574,19,,,1,29,,40575,19,,,1,70,,40576,19,,,1,32,,40577,19,,,1,69,,40578,19,,,1,30,,40579,19,,,1,69,,40580,19,,,1,30,,40581,19,,,1,70,,40582,19,,,1,30,,40584,19,,,1,70,,40583,19,,,1,30,,40586,19,,,1,70,,40585,19,,,1,30,,40587,19,,,1,70,,40588,19,,,1,30,,40590,19,,,1,70,,40589,19,,,1,30,,40591,19,,,1
5900,'Dimanche-0-_26ÉTÉ-0000001-',721,,40598,19,,,1,30,,40593,19,,,1,70,,40596,19,,,1,30,,40601,19,,,1,70,,40605,19,,,1,30,,40594,19,,,1,70,,40597,19,,,1,30,,40603,19,,,1,70,,40604,19,,,1,30,,40592,19,,,1,71,,40595,19,,,1,30,,40600,19,,,1,70,,40602,19,,,1,30,,40599,19,,,1,70,,40607,19,,,1,30,,40612,19,,,1,70,,40606,19,,,1,29,,40617,19,,,1,70,,40618,19,,,1,32,,40609,19,,,1,69,,40613,19,,,1,30,,40624,19,,,1,69,,40608,19,,,1,30,,40614,19,,,1,70,,40610,19,,,1,30,,40615,19,,,1,70,,40620,19,,,1,30,,40621,19,,,1,70,,40611,19,,,1,30,,40625,19,,,1,70,,40619,19,,,1,30,,40616,19,,,1,70,,40623,19,,,1,30,,40622,19,,,1
5900,'Dimanche-10-_26ÉTÉ-0000001-',721,,40632,19,,,1,30,,40627,19,,,1,70,,40630,19,,,1,30,,40635,19,,,1,70,,40639,19,,,1,30,,40628,19,,,1,70,,40631,19,,,1,30,,40637,19,,,1,70,,40638,19,,,1,30,,40626,19,,,1,71,,40629,19,,,1,30,,40634,19,,,1,70,,40636,19,,,1,30,,40633,19,,,1,70,,40641,19,,,1,30,,40646,19,,,1,70,,40640,19,,,1,29,,40651,19,,,1,70,,40652,19,,,1,32,,40643,19,,,1,69,,40647,19,,,1,30,,40658,19,,,1,69,,40642,19,,,1,30,,40648,19,,,1,70,,40644,19,,,1,30,,40649,19,,,1,70,,40654,19,,,1,30,,40655,19,,,1,70,,40645,19,,,1,30,,40659,19,,,1,70,,40653,19,,,1,30,,40650,19,,,1,70,,40657,19,,,1,30,,40656,19,,,1
5900,'Semaine-1-_26ÉTÉ-1111100-',635,,40667,19,,,1,103,,40702,19,,,1,100,,40683,19,,,1,85,,40679,19,,,1,28,,40700,19,,,1,70,,40676,19,,,1,30,,40699,19,,,1,70,,40690,19,,,1,30,,40684,19,,,1,71,,40692,19,,,1,30,,40675,19,,,1,70,,40703,19,,,1,30,,40666,19,,,1,70,,40697,19,,,1,14,,40668,19,,,1,17,,40701,19,,,1,71,,40661,19,,,1,14,,40705,19,,,1,16,,40660,19,,,1,48,,40695,19,,,1,17,,40691,19,,,1,7,,40704,14,,,1,6,,40678,19,,,1,13,,40662,19,,,1,6,,40706,14,,,1,8,,40663,19,,,1,50,,40671,19,,,1,7,,40698,19,,,1,17,,40687,19,,,1,9,,40674,19,,,1,8,,40696,19,,,1,52,,40682,19,,,1,12,,40694,19,,,1,9,,40664,19,,,1,10,,40669,19,,,1,71,,40689,19,,,1,30,,40680,19,,,1,70,,40685,19,,,1,29,,40673,19,,,1,70,,40681,19,,,1,30,,40686,19,,,1,70,,40693,19,,,1,30,,40670,19,,,1,70,,40688,19,,,1,29,,40677,19,,,1,71,,40665,19,,,1,28,,40672,19,,,1
5900,'Semaine-10-_26ÉTÉ-1111100-',635,,40714,19,,,1,103,,40749,19,,,1,100,,40730,19,,,1,85,,40726,19,,,1,28,,40747,19,,,1,70,,40723,19,,,1,30,,40746,19,,,1,70,,40737,19,,,1,30,,40731,19,,,1,71,,40739,19,,,1,30,,40722,19,,,1,70,,40750,19,,,1,30,,40713,19,,,1,70,,40744,19,,,1,14,,40715,19,,,1,17,,40748,19,,,1,71,,40708,19,,,1,14,,40752,19,,,1,16,,40707,19,,,1,48,,40742,19,,,1,17,,40738,19,,,1,7,,40751,14,,,1,6,,40725,19,,,1,13,,40709,19,,,1,6,,40753,14,,,1,8,,40710,19,,,1,50,,40718,19,,,1,7,,40745,19,,,1,17,,40734,19,,,1,9,,40721,19,,,1,8,,40743,19,,,1,52,,40729,19,,,1,12,,40741,19,,,1,9,,40711,19,,,1,10,,40716,19,,,1,71,,40736,19,,,1,30,,40727,19,,,1,70,,40732,19,,,1,29,,40720,19,,,1,70,,40728,19,,,1,30,,40733,19,,,1,70,,40740,19,,,1,30,,40717,19,,,1,70,,40735,19,,,1,29,,40724,19,,,1,71,,40712,19,,,1,28,,40719,19,,,1
80001,'Samedi-0-_26ÉTÉ-0000010-',633,,45237,21,,,1,100,,45239,21,,,1,99,,45240,21,,,2,100,,45243,21,,,1,101,,45238,21,,,2,100,,45241,21,,,1,100,,45244,21,,,1,99,,45242,21,,,2,100,,45245,21,,,1,100,,45246,21,,,1,100,,45247,21,,,2,100,,45248,21,,,1,97,,45251,21,,,1,101,,45249,21,,,2,100,,45250,21,,,2,100,,45252,21,,,1,102,,45253,21,,,1
80001,'Dimanche-0-_26ÉTÉ-0000001-',633,,45254,21,,,1,100,,45255,21,,,1,99,,45259,21,,,2,100,,45256,21,,,1,101,,45260,21,,,2,100,,45257,21,,,1,100,,45258,21,,,1,99,,45262,21,,,2,100,,45261,21,,,1,100,,45263,21,,,1,100,,45265,21,,,2,100,,45266,21,,,1,97,,45267,21,,,1,101,,45264,21,,,2,100,,45268,21,,,2,100,,45269,21,,,1,102,,45270,21,,,1
80001,'Dimanche-10-_26ÉTÉ-0000001-',633,,45271,21,,,1,100,,45272,21,,,1,99,,45276,21,,,2,100,,45273,21,,,1,101,,45277,21,,,2,100,,45274,21,,,1,100,,45275,21,,,1,99,,45279,21,,,2,100,,45278,21,,,1,100,,45280,21,,,1,100,,45282,21,,,2,100,,45283,21,,,1,97,,45284,21,,,1,101,,45281,21,,,2,100,,45285,21,,,2,100,,45286,21,,,1,102,,45287,21,,,1
80001,'Semaine-1-_26ÉTÉ-1111100-',621,,45310,21,,,1,30,,45296,21,,,1,70,,45316,21,,,1,30,,45300,21,,,2,75,,45290,21,,,2,26,,45307,21,,,2,68,,45304,21,,,2,30,,45312,21,,,1,70,,45317,21,,,2,30,,45303,21,,,1,70,,45311,21,,,1,30,,45293,21,,,1,70,,45321,21,,,1,29,,45320,21,,,2,74,,45291,21,,,2,30,,45314,21,,,1,70,,45302,21,,,1,31,,45308,21,,,1,71,,45318,21,,,1,29,,45305,21,,,2,58,,45315,21,,,1,20,,45322,21,,,2,68,,45313,21,,,1,26,,45306,21,,,1,29,,45294,21,,,1,68,,45298,21,,,1,28,,45288,21,,,1,70,,45319,21,,,1,31,,45295,21,,,1,67,,45297,21,,,1,29,,45301,21,,,1,70,,45289,21,,,2,30,,45309,21,,,1,74,,45292,21,,,1,31,,45299,21,,,1
80001,'Semaine-10-_26ÉTÉ-1111100-',621,,45345,21,,,1,30,,45331,21,,,1,70,,45351,21,,,1,30,,45335,21,,,2,75,,45325,21,,,2,26,,45342,21,,,2,68,,45339,21,,,2,30,,45347,21,,,1,70,,45352,21,,,2,30,,45338,21,,,1,70,,45346,21,,,1,30,,45328,21,,,1,70,,45356,21,,,1,29,,45355,21,,,2,74,,45326,21,,,2,30,,45349,21,,,1,70,,45337,21,,,1,31,,45343,21,,,1,71,,45353,21,,,1,29,,45340,21,,,2,58,,45350,21,,,1,20,,45357,21,,,2,68,,45348,21,,,1,26,,45341,21,,,1,29,,45329,21,,,1,68,,45333,21,,,1,28,,45323,21,,,1,70,,45354,21,,,1,31,,45330,21,,,1,67,,45332,21,,,1,29,,45336,21,,,1,70,,45324,21,,,2,30,,45344,21,,,1,74,,45327,21,,,1,31,,45334,21,,,1
