4001,'Semaine-4',605,,33898,15,,,1,31,,33897,15,,,1,70,,33900,15,,,2,32,,33896,15,,,2,68,,33895,15,,,1,29,,33899,15,,,1
5000,'Semaine-4',640,,34079,16,,,1,64,,34077,16,,,1,28,,34080,16,,,2,71,,34076,16,,,1,108,,34081,16,,,1
5201,'Samedi-3',641,,34139,16,,,2,100,,34140,16,,,1,100,,34141,16,,,2,100,,34142,16,,,1,100,,34144,16,,,1,100,,34143,16,,,1,100,,34145,16,,,1,100,,34146,16,,,1,101,,34147,16,,,1,99,,34148,16,,,1,100,,34149,16,,,1,100,,34150,16,,,1,100,,34153,16,,,1,100,,34151,16,,,1,99,,34155,16,,,2,100,,34152,16,,,1,100,,34154,16,,,1,100,,34156,16,,,1
5201,'Dimanche-3',641,,34157,16,,,2,100,,34158,16,,,1,100,,34159,16,,,2,100,,34160,16,,,1,100,,34165,16,,,1,100,,34161,16,,,1,100,,34162,16,,,1,100,,34166,16,,,1,101,,34163,16,,,1,99,,34164,16,,,1,100,,34167,16,,,1,100,,34170,16,,,1,100,,34168,16,,,1,100,,34174,16,,,1,99,,34169,16,,,2,100,,34171,16,,,1,100,,34172,16,,,1,100,,34173,16,,,1
5201,'Semaine-4',612,,34190,16,,,1,100,,34192,16,,,1,101,,34191,16,,,2,99,,34175,16,,,1,100,,34181,16,,,2,100,,34178,16,,,1,102,,34185,16,,,2,98,,34176,16,,,1,99,,34180,16,,,1,100,,34179,16,,,1,102,,34189,16,,,1,100,,34188,16,,,1,99,,34182,16,,,1,99,,34183,16,,,1,100,,34187,16,,,2,100,,34184,16,,,1,100,,34186,16,,,1,100,,34177,16,,,1
5501,'Samedi-3',654,,34319,15,,,1,70,,34322,15,,,1,30,,34321,15,,,1,70,,34331,15,,,1,30,,34320,15,,,1,71,,34323,15,,,1,30,,34324,15,,,1,70,,34330,15,,,1,31,,34326,15,,,1,70,,34327,15,,,1,31,,34325,15,,,1,68,,34333,15,,,1,30,,34332,15,,,1,70,,34328,15,,,1,30,,34329,15,,,1,70,,34334,15,,,1,30,,34335,15,,,1,70,,34336,15,,,1,30,,34337,15,,,1,70,,34338,15,,,1,30,,34339,15,,,1,70,,34340,15,,,1,30,,34341,15,,,1,69,,34342,15,,,1,30,,34343,15,,,1,70,,34344,15,,,1,30,,34345,15,,,1,70,,34346,15,,,1,30,,34347,15,,,1,70,,34349,15,,,1,29,,34348,15,,,1,72,,34351,15,,,1,28,,34350,15,,,1
5501,'Dimanche-3',654,,34353,15,,,1,70,,34358,15,,,1,30,,34354,15,,,1,70,,34362,15,,,1,30,,34365,15,,,1,71,,34357,15,,,1,30,,34369,15,,,1,70,,34363,15,,,1,31,,34364,15,,,1,70,,34355,15,,,1,31,,34352,15,,,1,68,,34359,15,,,1,30,,34366,15,,,1,70,,34356,15,,,1,30,,34367,15,,,1,70,,34361,15,,,1,30,,34360,15,,,1,70,,34370,15,,,1,30,,34374,15,,,1,70,,34368,15,,,1,30,,34371,15,,,1,70,,34381,15,,,1,30,,34378,15,,,1,69,,34383,15,,,1,30,,34384,15,,,1,70,,34372,15,,,1,30,,34375,15,,,1,70,,34373,15,,,1,30,,34376,15,,,1,70,,34377,15,,,1,29,,34380,15,,,1,71,,34382,15,,,1,29,,34379,15,,,1
5501,'Semaine-4',513,,34398,15,,,1,14,,34405,15,,,1,14,,34404,15,,,1,16,,34388,15,,,1,55,,34426,15,,,1,20,,34425,15,,,1,9,,34385,15,,,1,12,,34430,15,,,1,55,,34411,15,,,1,13,,34419,15,,,1,15,,34389,15,,,1,10,,34393,15,,,1,13,,34391,15,,,1,49,,34420,15,,,1,6,,34422,15,,,1,12,,34399,15,,,1,32,,34403,15,,,1,50,,34390,15,,,1,11,,34424,15,,,1,29,,34417,15,,,1,71,,34421,15,,,1,28,,34387,15,,,1,70,,34394,15,,,1,31,,34407,15,,,1,69,,34418,15,,,1,29,,34414,15,,,1,70,,34395,15,,,1,30,,34427,15,,,1,70,,34386,15,,,1,31,,34392,15,,,1,87,,34396,15,,,1,101,,34401,15,,,1,100,,34406,15,,,1,102,,34423,15,,,1,21,,34412,15,,,1,70,,34400,15,,,1,72,,34416,15,,,1,29,,34409,15,,,1,30,,34428,15,,,1,70,,34402,15,,,1,30,,34408,15,,,1,73,,34410,15,,,1,70,,34397,15,,,1,30,,34415,15,,,1,70,,34413,15,,,1
55000,'Semaine-4',655,,37092,16,0,5 6,1,2,,37093,16,0,5 6,1
64001,'Semaine-4',723,,37114,16,0,9 10,1,2,,37115,16,0,9 10,1
74001,'Semaine-4',808,,37134,16,0,5 11,1,2,,37135,16,0,5 11,1
