2701,'Semaine-1-_26ÉTÉ-1111100-',627,,37415,27,,,1,87,,37416,27,,,1,86,,37413,27,,,1,28,,37414,27,,,1
2701,'Semaine-10-_26ÉTÉ-1111100-',627,,37419,27,,,1,87,,37420,27,,,1,86,,37417,27,,,1,28,,37418,27,,,1
2701,'Semaine-11-_26ÉTÉ-1111100-',627,,45413,27,,,1,87,,45414,27,,,1,86,,45411,27,,,1,28,,45412,27,,,1
2701,'Semaine-5-_26ÉTÉ-1111100-',627,,49984,27,,,1,87,,49985,27,,,1,86,,49982,27,,,1,28,,49983,27,,,1
3901,'Samedi-0-_26ÉTÉ-0000010-',613,,39431,11,,,1,100,,39433,11,,,1,100,,39437,11,,,1,100,,39436,11,,,1,100,,39439,11,,,1,100,,39438,11,,,1,100,,39434,11,,,1,30,,39432,11,,,1,70,,39440,11,,,1,30,,39435,11,,,2,71,,39441,11,,,1,30,,39442,11,,,1,70,,39443,11,,,2,30,,39444,11,,,1,70,,39445,11,,,1,30,,39446,11,,,1,70,,39447,11,,,1,30,,39448,11,,,1,70,,39449,11,,,1,29,,39450,11,,,1,100,,39451,11,,,1,100,,39452,11,,,1,100,,39453,11,,,1,100,,39454,11,,,1
3901,'Dimanche-0-_26ÉTÉ-0000001-',613,,39455,11,,,1,100,,39462,11,,,1,100,,39456,11,,,1,100,,39459,11,,,1,100,,39464,11,,,1,100,,39457,11,,,1,100,,39463,11,,,1,30,,39458,11,,,1,70,,39460,11,,,1,30,,39465,11,,,2,71,,39467,11,,,1,30,,39461,11,,,1,70,,39466,11,,,2,30,,39468,11,,,1,70,,39469,11,,,1,30,,39474,11,,,1,70,,39476,11,,,1,30,,39478,11,,,1,70,,39475,11,,,1,29,,39472,11,,,1,100,,39473,11,,,1,100,,39477,11,,,1,100,,39470,11,,,1,100,,39471,11,,,1
3901,'Dimanche-10-_26ÉTÉ-0000001-',613,,39479,11,,,1,100,,39486,11,,,1,100,,39480,11,,,1,100,,39483,11,,,1,100,,39488,11,,,1,100,,39481,11,,,1,100,,39487,11,,,1,30,,39482,11,,,1,70,,39484,11,,,1,30,,39489,11,,,2,71,,39491,11,,,1,30,,39485,11,,,1,70,,39490,11,,,2,30,,39492,11,,,1,70,,39493,11,,,1,30,,39498,11,,,1,70,,39500,11,,,1,30,,39502,11,,,1,70,,39499,11,,,1,29,,39496,11,,,1,100,,39497,11,,,1,100,,39501,11,,,1,100,,39494,11,,,1,100,,39495,11,,,1
3901,'Dimanche-11-_26ÉTÉ-0000001-',613,,49112,11,,,1,100,,49119,11,,,1,100,,49113,11,,,1,100,,49116,11,,,1,100,,49121,11,,,1,100,,49114,11,,,1,100,,49120,11,,,1,30,,49115,11,,,1,70,,49117,11,,,1,30,,49122,11,,,2,71,,49124,11,,,1,30,,49118,11,,,1,70,,49123,11,,,2,30,,49125,11,,,1,70,,49126,11,,,1,30,,49131,11,,,1,70,,49133,11,,,1,30,,49135,11,,,1,70,,49132,11,,,1,29,,49129,11,,,1,100,,49130,11,,,1,100,,49134,11,,,1,100,,49127,11,,,1,100,,49128,11,,,1
3901,'Semaine-1-_26ÉTÉ-1111100-',634,,39525,11,,,2,66,,39514,11,,,1,35,,39515,11,,,1,74,,39511,11,,,1,33,,39517,11,,,1,70,,39519,11,,,1,30,,39526,11,,,1,70,,39537,11,,,1,30,,39532,11,,,2,70,,39527,11,,,1,30,,39512,11,,,1,71,,39521,11,,,2,30,,39528,11,,,1,70,,39513,11,,,1,30,,39510,11,,,2,71,,39529,11,,,1,29,,39522,11,,,2,71,,39503,11,,,1,31,,39530,11,,,2,70,,39508,11,,,1,30,,39505,11,,,1,71,,39533,11,,,1,28,,39518,11,,,1,71,,39524,11,,,1,32,,39509,11,,,2,72,,39531,11,,,1,25,,39504,11,,,2,66,,39534,11,,,1,30,,39507,11,,,1,70,,39523,11,,,1,32,,39535,11,,,1,70,,39506,11,,,1,30,,39516,11,,,1,72,,39536,11,,,1,30,,39520,11,,,1
3901,'Semaine-10-_26ÉTÉ-1111100-',634,,39560,11,,,2,66,,39549,11,,,1,35,,39550,11,,,1,74,,39546,11,,,1,33,,39552,11,,,1,70,,39554,11,,,1,30,,39561,11,,,1,70,,39572,11,,,1,30,,39567,11,,,2,70,,39562,11,,,1,30,,39547,11,,,1,71,,39556,11,,,2,30,,39563,11,,,1,70,,39548,11,,,1,30,,39545,11,,,2,71,,39564,11,,,1,29,,39557,11,,,2,71,,39538,11,,,1,31,,39565,11,,,2,70,,39543,11,,,1,30,,39540,11,,,1,71,,39568,11,,,1,28,,39553,11,,,1,71,,39559,11,,,1,32,,39544,11,,,2,72,,39566,11,,,1,25,,39539,11,,,2,66,,39569,11,,,1,30,,39542,11,,,1,70,,39558,11,,,1,32,,39570,11,,,1,70,,39541,11,,,1,30,,39551,11,,,1,72,,39571,11,,,1,30,,39555,11,,,1
3901,'Semaine-11-_26ÉTÉ-1111100-',634,,46334,11,,,2,66,,46323,11,,,1,35,,46324,11,,,1,74,,46320,11,,,1,33,,46326,11,,,1,70,,46328,11,,,1,30,,46335,11,,,1,70,,46346,11,,,1,30,,46341,11,,,2,70,,46336,11,,,1,30,,46321,11,,,1,71,,46330,11,,,2,30,,46337,11,,,1,70,,46322,11,,,1,30,,46319,11,,,2,71,,46338,11,,,1,29,,46331,11,,,2,71,,46312,11,,,1,31,,46339,11,,,2,70,,46317,11,,,1,30,,46314,11,,,1,71,,46342,11,,,1,28,,46327,11,,,1,71,,46333,11,,,1,32,,46318,11,,,2,72,,46340,11,,,1,25,,46313,11,,,2,66,,46343,11,,,1,30,,46316,11,,,1,70,,46332,11,,,1,32,,46344,11,,,1,70,,46315,11,,,1,30,,46325,11,,,1,72,,46345,11,,,1,30,,46329,11,,,1
3901,'Semaine-5-_26ÉTÉ-1111100-',634,,50618,11,,,2,66,,50607,11,,,1,35,,50608,11,,,1,74,,50604,11,,,1,33,,50610,11,,,1,70,,50612,11,,,1,30,,50619,11,,,1,70,,50630,11,,,1,30,,50625,11,,,2,70,,50620,11,,,1,30,,50605,11,,,1,71,,50614,11,,,2,30,,50621,11,,,1,70,,50606,11,,,1,30,,50603,11,,,2,71,,50622,11,,,1,29,,50615,11,,,2,71,,50596,11,,,1,31,,50623,11,,,2,70,,50601,11,,,1,30,,50598,11,,,1,71,,50626,11,,,1,28,,50611,11,,,1,71,,50617,11,,,1,32,,50602,11,,,2,72,,50624,11,,,1,25,,50597,11,,,2,66,,50627,11,,,1,30,,50600,11,,,1,70,,50616,11,,,1,32,,50628,11,,,1,70,,50599,11,,,1,30,,50609,11,,,1,72,,50629,11,,,1,30,,50613,11,,,1
