9301,'Semaine-1-_26ÉTÉ-1111100-',602,,43696,28,,,1,20,,43694,28,,,1,21,,43693,28,,,1,71,,43697,28,,,2,30,,43695,28,,,1
9301,'Semaine-10-_26ÉTÉ-1111100-',602,,43701,28,,,1,20,,43699,28,,,1,21,,43698,28,,,1,71,,43702,28,,,2,30,,43700,28,,,1
9301,'Semaine-11-_26ÉTÉ-1111100-',602,,48138,28,,,1,20,,48136,28,,,1,21,,48135,28,,,1,71,,48139,28,,,2,30,,48137,28,,,1
9301,'Semaine-12-_26ÉTÉ-1111100-',602,,54314,28,,,1,20,,54312,28,,,1,21,,54311,28,,,1,71,,54315,28,,,2,30,,54313,28,,,1
9301,'Semaine-5-_26ÉTÉ-1111100-',602,,51881,28,,,1,20,,51879,28,,,1,21,,51878,28,,,1,71,,51882,28,,,2,30,,51880,28,,,1
9401,'Semaine-1-_26ÉTÉ-1111100-',544,,43703,28,,,1
9401,'Semaine-10-_26ÉTÉ-1111100-',544,,43704,28,,,1
9401,'Semaine-11-_26ÉTÉ-1111100-',544,,48140,28,,,1
9401,'Semaine-12-_26ÉTÉ-1111100-',544,,54316,28,,,1
9401,'Semaine-5-_26ÉTÉ-1111100-',544,,51883,28,,,1
