9501,'Semaine-1-_26ÉTÉ-1111100-',538,,43729,16,,,1,15,,43725,16,,,1,55,,43727,16,,,1,15,,43732,16,,,2,15,,43728,16,,,2,15,,43730,16,,,2,57,,43731,16,,,1,13,,43726,16,,,2
9501,'Semaine-10-_26ÉTÉ-1111100-',538,,43737,16,,,1,15,,43733,16,,,1,55,,43735,16,,,1,15,,43740,16,,,2,15,,43736,16,,,2,15,,43738,16,,,2,57,,43739,16,,,1,13,,43734,16,,,2
9501,'Semaine-11-_26ÉTÉ-1111100-',538,,48155,16,,,1,15,,48151,16,,,1,55,,48153,16,,,1,15,,48158,16,,,2,15,,48154,16,,,2,15,,48156,16,,,2,57,,48157,16,,,1,13,,48152,16,,,2
9701,'Samedi-0-_26ÉTÉ-0000010-',733,,43834,20,,,2,100,,43837,20,,,1,100,,43835,20,,,2,100,,43838,20,,,2,100,,43832,20,,,1,100,,43833,20,,,1,101,,43836,20,,,2,100,,43839,20,,,2,100,,43840,20,,,1,100,,43841,20,,,2,100,,43842,20,,,2,100,,43843,20,,,1,100,,43847,20,,,1,100,,43844,20,,,1,99,,43845,20,,,1,100,,43846,20,,,1
9701,'Samedi-10-_26ÉTÉ-0000010-',733,,48198,20,,,2,100,,48201,20,,,1,100,,48199,20,,,2,100,,48202,20,,,2,100,,48196,20,,,1,100,,48197,20,,,1,101,,48200,20,,,2,100,,48203,20,,,2,100,,48204,20,,,1,100,,48205,20,,,2,100,,48206,20,,,2,100,,48207,20,,,1,100,,48211,20,,,1,100,,48208,20,,,1,99,,48209,20,,,1,100,,48210,20,,,1
9701,'Dimanche-0-_26ÉTÉ-0000001-',733,,43854,20,,,2,100,,43851,20,,,1,100,,43852,20,,,2,100,,43855,20,,,2,100,,43850,20,,,1,100,,43849,20,,,1,101,,43848,20,,,2,100,,43853,20,,,2,100,,43857,20,,,1,100,,43856,20,,,2,100,,43861,20,,,2,100,,43862,20,,,1,100,,43863,20,,,1,100,,43858,20,,,1,99,,43859,20,,,1,100,,43860,20,,,1
9701,'Dimanche-10-_26ÉTÉ-0000001-',733,,43870,20,,,2,100,,43867,20,,,1,100,,43868,20,,,2,100,,43871,20,,,2,100,,43866,20,,,1,100,,43865,20,,,1,101,,43864,20,,,2,100,,43869,20,,,2,100,,43873,20,,,1,100,,43872,20,,,2,100,,43877,20,,,2,100,,43878,20,,,1,100,,43879,20,,,1,100,,43874,20,,,1,99,,43875,20,,,1,100,,43876,20,,,1
9701,'Semaine-1-_26ÉTÉ-1111100-',614,,43894,20,,,1,100,,43887,20,,,2,109,,43896,20,,,1,103,,43885,20,,,2,100,,43882,20,,,1,100,,43895,20,,,2,98,,43890,20,,,2,102,,43886,20,,,1,100,,43892,20,,,2,100,,43880,20,,,1,97,,43883,20,,,1,101,,43891,20,,,1,99,,43893,20,,,2,95,,43884,20,,,2,97,,43888,20,,,1,100,,43881,20,,,2,100,,43889,20,,,1
9701,'Semaine-10-_26ÉTÉ-1111100-',614,,43911,20,,,1,100,,43904,20,,,2,109,,43913,20,,,1,103,,43902,20,,,2,100,,43899,20,,,1,100,,43912,20,,,2,98,,43907,20,,,2,102,,43903,20,,,1,100,,43909,20,,,2,100,,43897,20,,,1,97,,43900,20,,,1,101,,43908,20,,,1,99,,43910,20,,,2,95,,43901,20,,,2,97,,43905,20,,,1,100,,43898,20,,,2,100,,43906,20,,,1
9701,'Semaine-11-_26ÉTÉ-1111100-',614,,48226,20,,,1,100,,48219,20,,,2,109,,48228,20,,,1,103,,48217,20,,,2,100,,48214,20,,,1,100,,48227,20,,,2,98,,48222,20,,,2,102,,48218,20,,,1,100,,48224,20,,,2,100,,48212,20,,,1,97,,48215,20,,,1,101,,48223,20,,,1,99,,48225,20,,,2,95,,48216,20,,,2,97,,48220,20,,,1,100,,48213,20,,,2,100,,48221,20,,,1
9801,'Semaine-1-_26ÉTÉ-1111100-',510,,43914,16,,,1,10,,43915,16,,,1,10,,43916,16,,,1
9801,'Semaine-10-_26ÉTÉ-1111100-',510,,43917,16,,,1,10,,43918,16,,,1,10,,43919,16,,,1
9801,'Semaine-11-_26ÉTÉ-1111100-',510,,48229,16,,,1,10,,48230,16,,,1,10,,48231,16,,,1
