2000,'Semaine-1-_26ÉTÉ-1111100-',639,,24571,3,,,1,99,,24570,3,,,1,101,,24569,3,,,2
2000,'Semaine-10-_26ÉTÉ-1111100-',639,,26978,3,,,1,99,,26977,3,,,1,101,,26976,3,,,2
2300,'Semaine-1-_26ÉTÉ-1111100-',1533,,24580,6,,,1,68,,24578,6,,,1,30,,24576,6,,,1,71,,24577,6,,,2,30,,24579,6,,,2,27,,24575,6,,,2
2300,'Semaine-10-_26ÉTÉ-1111100-',1533,,26987,6,,,1,68,,26985,6,,,1,30,,26983,6,,,1,71,,26984,6,,,2,30,,26986,6,,,2,27,,26982,6,,,2
2500,'Semaine-1-_26ÉTÉ-1111100-',1517,,24586,5,,,1,30,,24589,5,,,1,71,,24587,5,,,1,33,,24591,5,,,1,69,,24588,5,,,1,28,,24590,5,,,1
2500,'Semaine-10-_26ÉTÉ-1111100-',1517,,26993,5,,,1,30,,26996,5,,,1,71,,26994,5,,,1,33,,26998,5,,,1,69,,26995,5,,,1,28,,26997,5,,,1
2600,'Semaine-1-_26ÉTÉ-1111100-',1541,,24600,5,,,1,71,,24599,5,,,1,30,,24598,5,,,2,72,,24601,5,,,1,27,,24602,5,,,1
2600,'Semaine-10-_26ÉTÉ-1111100-',1541,,27007,5,,,1,71,,27006,5,,,1,30,,27005,5,,,2,72,,27008,5,,,1,27,,27009,5,,,1
2700,'Semaine-1-_26ÉTÉ-1111100-',1550,,24610,3,,,1,70,,24608,3,,,2,29,,24612,3,,,1,71,,24609,3,,,1,28,,24611,3,,,2
2700,'Semaine-10-_26ÉTÉ-1111100-',1550,,27017,3,,,1,70,,27015,3,,,2,29,,27019,3,,,1,71,,27016,3,,,1,28,,27018,3,,,2
2900,'Semaine-1-_26ÉTÉ-1111100-',1534,,24626,5,,,2,70,,24625,5,,,2,34,,24623,5,,,1,66,,24627,5,,,2,34,,24624,5,,,2
2900,'Semaine-10-_26ÉTÉ-1111100-',1534,,27033,5,,,2,70,,27032,5,,,2,34,,27030,5,,,1,66,,27034,5,,,2,34,,27031,5,,,2
3200,'Semaine-1-_26ÉTÉ-1111100-',619,,24764,6,,,1,32,,24763,6,,,2,71,,24759,6,,,2,31,,24761,6,,,2,70,,24760,6,,,1,30,,24762,6,,,2,70,,24735,6,,,1,29,,24730,6,,,2,70,,24731,6,,,1,30,,24742,6,,,2,70,,24736,6,,,1,30,,24722,6,,,1,70,,24723,6,,,1,30,,24734,6,,,2,70,,24737,6,,,1,30,,24743,6,,,1,70,,24724,6,,,1,31,,24769,6,,,2,56,,24721,6,,,2,11,,24751,6,,,1,8,,24741,6,,,1,12,,24747,6,,,2,10,,24748,6,,,1,50,,24766,6,,,1,10,,24767,6,,,2,10,,24768,6,,,1,10,,24765,6,,,1,11,,24738,6,,,1,11,,24749,6,,,1,48,,24757,6,,,2,13,,24750,6,,,2,9,,24727,6,,,1,8,,24758,6,,,2,10,,24744,6,,,1,8,,24746,6,,,1,10,,24745,6,,,1,61,,24739,6,,,1,25,,24733,6,,,1,70,,24728,6,,,1,30,,24725,6,,,1,69,,24740,6,,,1,30,,24732,6,,,1,70,,24729,6,,,1,30,,24726,6,,,1,70,,24752,6,,,1,28,,24753,6,,,1,71,,24754,6,,,2,30,,24755,6,,,1,70,,24756,6,,,1
3200,'Semaine-10-_26ÉTÉ-1111100-',619,,27245,6,,,1,32,,27244,6,,,2,71,,27240,6,,,2,31,,27242,6,,,2,70,,27241,6,,,1,30,,27243,6,,,2,70,,27216,6,,,1,29,,27211,6,,,2,70,,27212,6,,,1,30,,27223,6,,,2,70,,27217,6,,,1,30,,27203,6,,,1,70,,27204,6,,,1,30,,27215,6,,,2,70,,27218,6,,,1,30,,27224,6,,,1,70,,27205,6,,,1,31,,27250,6,,,1,56,,27202,6,,,2,11,,27232,6,,,1,8,,27222,6,,,1,12,,27228,6,,,2,10,,27229,6,,,1,50,,27247,6,,,1,10,,27248,6,,,2,10,,27249,6,,,1,10,,27246,6,,,1,11,,27219,6,,,1,11,,27230,6,,,1,48,,27238,6,,,2,13,,27231,6,,,2,9,,27208,6,,,1,8,,27239,6,,,2,10,,27225,6,,,1,8,,27227,6,,,1,10,,27226,6,,,1,61,,27220,6,,,1,25,,27214,6,,,1,70,,27209,6,,,1,30,,27206,6,,,1,69,,27221,6,,,1,30,,27213,6,,,1,70,,27210,6,,,1,30,,27207,6,,,1,70,,27233,6,,,1,28,,27234,6,,,1,71,,27235,6,,,2,30,,27236,6,,,1,70,,27237,6,,,1
3300,'Samedi-0-_26ÉTÉ-0000010-',656,,27303,13,,,1,172,,27308,13,,,1,99,,27305,13,,,1,98,,27309,13,,,1,100,,27304,13,,,1,100,,27307,13,,,1,100,,27306,13,,,1,100,,27310,13,,,1,103,,27311,13,,,1,97,,27312,13,,,1,100,,27313,13,,,1,100,,27314,13,,,1,98,,27315,13,,,1,100,,27319,13,,,1,100,,27316,13,,,1,100,,27317,13,,,1,100,,27318,13,,,1,100,,27320,13,,,1
3300,'Dimanche-0-_26ÉTÉ-0000001-',656,,27322,13,,,1,172,,27321,13,,,1,99,,27324,13,,,1,98,,27326,13,,,1,100,,27327,13,,,1,100,,27328,13,,,1,100,,27323,13,,,1,100,,27330,13,,,1,103,,27325,13,,,1,97,,27331,13,,,1,100,,27334,13,,,1,100,,27338,13,,,1,98,,27335,13,,,1,100,,27329,13,,,1,100,,27332,13,,,1,100,,27337,13,,,1,100,,27333,13,,,1,100,,27336,13,,,1
3300,'Dimanche-10-_26ÉTÉ-0000001-',656,,31570,13,,,1,172,,31569,13,,,1,99,,31572,13,,,1,98,,31574,13,,,1,100,,31575,13,,,1,100,,31576,13,,,1,100,,31571,13,,,1,100,,31578,13,,,1,103,,31573,13,,,1,97,,31579,13,,,1,100,,31582,13,,,1,100,,31586,13,,,1,98,,31583,13,,,1,100,,31577,13,,,1,100,,31580,13,,,1,100,,31585,13,,,1,100,,31581,13,,,1,100,,31584,13,,,1
3300,'Semaine-1-_26ÉTÉ-1111100-',621,,24849,6,,,1,35,,24848,13,,,2,62,,24854,13,,,2,15,,24827,13,,,2,22,,24842,13,,,2,62,,24850,13,,,2,4,,24861,13,,,1,9,,24862,13,,,1,73,,24855,13,,,2,12,,24837,13,,,1,10,,24840,13,,,2,14,,24857,13,,,1,70,,24843,13,,,1,27,,24832,13,,,1,71,,24838,13,,,2,28,,24822,13,,,1,71,,24845,13,,,1,29,,24833,13,,,1,72,,24841,13,,,1,20,,24860,13,,,1,6,,24844,13,,,1,68,,24847,13,,,1,30,,24834,13,,,1,15,,24856,6,,,1,56,,24852,13,,,1,36,,24846,13,,,1,12,,24824,13,,,1,59,,24836,13,,,1,19,,24859,13,,,2,13,,24858,13,,,2,12,,24853,6,,,1,61,,24831,13,,,1,28,,24830,13,,,1,61,,24835,13,,,2,25,,24823,13,,,2,27,,24828,13,,,1,72,,24863,6,,,1,80,,24839,13,,,1,96,,24829,13,,,1,40,,24825,13,,,1,105,,24851,13,,,1,97,,24864,13,,,1,65,,24826,13,,,1
3300,'Semaine-10-_26ÉTÉ-1111100-',621,,27366,6,,,1,35,,27365,13,,,2,62,,27371,13,,,2,15,,27344,13,,,2,22,,27359,13,,,2,62,,27367,13,,,2,4,,27378,13,,,1,9,,27379,13,,,1,73,,27372,13,,,2,12,,27354,13,,,1,10,,27357,13,,,2,14,,27374,13,,,1,70,,27360,13,,,1,27,,27349,13,,,1,71,,27355,13,,,2,28,,27339,13,,,1,71,,27362,13,,,1,29,,27350,13,,,1,72,,27358,13,,,1,20,,27377,13,,,1,6,,27361,13,,,1,68,,27364,13,,,1,30,,27351,13,,,1,15,,27373,6,,,1,56,,27369,13,,,1,36,,27363,13,,,1,12,,27341,13,,,1,59,,27353,13,,,1,19,,27376,13,,,2,13,,27375,13,,,2,12,,27370,6,,,1,61,,27348,13,,,1,28,,27347,13,,,1,61,,27352,13,,,2,25,,27340,13,,,2,27,,27345,13,,,1,72,,27380,6,,,1,80,,27356,13,,,1,96,,27346,13,,,1,40,,27342,13,,,1,105,,27368,13,,,1,97,,27381,13,,,1,65,,27343,13,,,1
3400,'Samedi-0-_26ÉTÉ-0000010-',723,,27459,6,,,1,104,,27464,6,,,1,30,,27460,6,,,2,70,,27466,6,,,1,30,,27467,6,,,1,70,,27461,6,,,1,30,,27462,6,,,2,70,,27463,6,,,1,30,,27465,6,,,2,70,,27468,6,,,1,30,,27470,6,,,1,71,,27469,6,,,2,30,,27471,6,,,1,70,,27472,6,,,1,30,,27473,6,,,2,69,,27474,6,,,1,30,,27475,6,,,1,70,,27476,6,,,1,30,,27477,6,,,1,70,,27478,6,,,1,30,,27479,6,,,1,70,,27480,6,,,1,29,,27481,6,,,2,70,,27482,6,,,1,30,,27483,6,,,1,70,,27484,6,,,1,30,,27485,6,,,1,70,,27486,6,,,1,30,,27487,6,,,1,69,,27489,6,,,1,31,,27488,6,,,1,70,,27491,6,,,1,30,,27490,6,,,1,69,,27492,6,,,1
3400,'Dimanche-0-_26ÉTÉ-0000001-',723,,27497,6,,,1,104,,27501,6,,,1,30,,27499,6,,,2,70,,27494,6,,,1,30,,27502,6,,,1,70,,27505,6,,,1,30,,27504,6,,,2,70,,27493,6,,,1,30,,27495,6,,,2,70,,27506,6,,,1,30,,27496,6,,,1,71,,27498,6,,,2,30,,27500,6,,,1,70,,27509,6,,,1,30,,27503,6,,,2,69,,27507,6,,,1,30,,27510,6,,,1,70,,27514,6,,,1,30,,27519,6,,,1,70,,27511,6,,,1,30,,27512,6,,,1,70,,27522,6,,,1,29,,27513,6,,,2,70,,27518,6,,,1,30,,27508,6,,,1,70,,27515,6,,,1,30,,27517,6,,,1,70,,27520,6,,,1,30,,27526,6,,,1,69,,27521,6,,,1,31,,27523,6,,,1,70,,27516,6,,,1,30,,27524,6,,,1,69,,27525,6,,,1
3400,'Dimanche-10-_26ÉTÉ-0000001-',723,,31609,6,,,1,104,,31613,6,,,1,30,,31611,6,,,2,70,,31606,6,,,1,30,,31614,6,,,1,70,,31617,6,,,1,30,,31616,6,,,2,70,,31605,6,,,1,30,,31607,6,,,2,70,,31618,6,,,1,30,,31608,6,,,1,71,,31610,6,,,2,30,,31612,6,,,1,70,,31621,6,,,1,30,,31615,6,,,2,69,,31619,6,,,1,30,,31622,6,,,1,70,,31626,6,,,1,30,,31631,6,,,1,70,,31623,6,,,1,30,,31624,6,,,1,70,,31634,6,,,1,29,,31625,6,,,2,70,,31630,6,,,1,30,,31620,6,,,1,70,,31627,6,,,1,30,,31629,6,,,1,70,,31632,6,,,1,30,,31638,6,,,1,69,,31633,6,,,1,31,,31635,6,,,1,70,,31628,6,,,1,30,,31636,6,,,1,69,,31637,6,,,1
3400,'Semaine-1-_26ÉTÉ-1111100-',605,,24936,6,,,1,31,,24921,6,,,1,71,,24915,6,,,1,31,,24919,6,,,1,70,,24910,6,,,1,32,,24930,6,,,1,68,,24916,6,,,1,29,,24906,6,,,1,70,,24911,6,,,2,30,,24912,6,,,2,70,,24917,6,,,1,30,,24907,6,,,1,70,,24937,6,,,1,30,,24913,6,,,1,70,,24918,6,,,1,30,,24908,6,,,1,70,,24934,6,,,2,31,,24909,6,,,1,64,,24935,6,,,1,307,,24933,6,,,2,20,,24922,6,,,1,29,,24914,6,,,2,70,,24926,6,,,1,30,,24932,6,,,1,70,,24923,6,,,1,30,,24925,6,,,1,70,,24927,6,,,1,30,,24920,6,,,1,70,,24929,6,,,1,31,,24924,6,,,1,68,,24928,6,,,1,30,,24931,6,,,1
3400,'Semaine-10-_26ÉTÉ-1111100-',605,,27557,6,,,1,31,,27542,6,,,1,71,,27536,6,,,1,31,,27540,6,,,1,70,,27531,6,,,1,32,,27551,6,,,1,68,,27537,6,,,1,29,,27527,6,,,1,70,,27532,6,,,2,30,,27533,6,,,2,70,,27538,6,,,1,30,,27528,6,,,1,70,,27558,6,,,1,30,,27534,6,,,1,70,,27539,6,,,1,30,,27529,6,,,1,70,,27555,6,,,2,31,,27530,6,,,1,64,,27556,6,,,1,307,,27554,6,,,2,20,,27543,6,,,1,29,,27535,6,,,2,70,,27547,6,,,1,30,,27553,6,,,1,70,,27544,6,,,1,30,,27546,6,,,1,70,,27548,6,,,1,30,,27541,6,,,1,70,,27550,6,,,1,31,,27545,6,,,1,68,,27549,6,,,1,30,,27552,6,,,1
3500,'Semaine-1-_26ÉTÉ-1111100-',631,,24994,13,0,15 16,1,78,,24968,13,0,15 16,2,33,,24979,13,0,15 16,1,17,,24997,13,0,15 16,1,72,,25003,13,0,15 16,1,10,,25001,13,0,15 16,2,4,,24987,13,0,15 16,1,9,,24999,13,0,15 16,1,59,,24992,13,0,15 16,1,21,,24998,13,0,15 16,1,69,,24976,13,0,15 16,1,27,,24990,13,0,15 16,1,74,,24970,13,0,15 16,1,30,,24974,13,0,15 16,2,70,,24985,13,0,15 16,1,30,,24969,13,0,15 16,1,70,,24980,13,0,15 16,2,30,,25002,13,0,15 16,1,70,,24988,13,0,15 16,2,30,,24971,13,0,15 16,2,74,,24984,13,,,2,27,,24986,13,0,15 16,1,23,,24977,6,0,15 16,1,55,,24989,13,,,2,13,,24983,6,0,15 16,1,16,,24993,13,,,1,67,,24995,13,0,15 16,2,31,,24975,13,,,1,65,,24973,13,0,15 16,2,15,,24981,6,0,15 16,1,21,,25004,13,,,2,61,,24991,13,0,15 16,2,34,,24978,13,,,1,64,,24982,13,,,1,103,,24996,13,,,1,101,,25000,13,,,2,97,,24972,13,0,15 16,1
3500,'Semaine-10-_26ÉTÉ-1111100-',631,,27679,13,0,15 16,1,78,,27653,13,0,15 16,2,33,,27664,13,0,15 16,1,17,,27682,13,0,15 16,1,72,,27688,13,0,15 16,1,10,,27686,13,0,15 16,2,4,,27672,13,0,15 16,1,9,,27684,13,0,15 16,1,59,,27677,13,0,15 16,1,21,,27683,13,0,15 16,1,69,,27661,13,0,15 16,1,27,,27675,13,0,15 16,1,74,,27655,13,0,15 16,1,30,,27659,13,0,15 16,2,70,,27670,13,0,15 16,1,30,,27654,13,0,15 16,1,70,,27665,13,0,15 16,2,30,,27687,13,0,15 16,1,70,,27673,13,0,15 16,2,30,,27656,13,0,15 16,2,74,,27669,13,,,2,27,,27671,13,0,15 16,1,23,,27662,6,0,15 16,1,55,,27674,13,,,2,13,,27668,6,0,15 16,1,16,,27678,13,,,1,67,,27680,13,0,15 16,2,31,,27660,13,,,1,65,,27658,13,0,15 16,2,15,,27666,6,0,15 16,1,21,,27689,13,,,2,61,,27676,13,0,15 16,2,34,,27663,13,,,1,64,,27667,13,,,1,103,,27681,13,,,1,101,,27685,13,,,2,97,,27657,13,0,15 16,1
3600,'Semaine-1-_26ÉTÉ-1111100-',857,,25039,6,,,1,99,,25040,6,,,1,100,,25038,6,,,1,100,,25041,6,,,1,100,,25043,6,,,1,100,,25044,6,,,1,98,,25042,6,,,1
3600,'Semaine-10-_26ÉTÉ-1111100-',857,,27724,6,,,1,99,,27725,6,,,1,100,,27723,6,,,1,100,,27726,6,,,1,100,,27728,6,,,1,100,,27729,6,,,1,98,,27727,6,,,1
3700,'Samedi-0-_26ÉTÉ-0000010-',719,,27737,6,,,1,100,,27738,6,,,1,101,,27740,6,,,1,100,,27741,6,,,1,100,,27739,6,,,1,100,,27742,6,,,1,100,,27743,6,,,1,101,,27744,6,,,1,99,,27745,6,,,1,100,,27746,6,,,1,100,,27747,6,,,1,99,,27748,6,,,1,100,,27749,6,,,1,100,,27750,6,,,1,100,,27751,6,,,1,100,,27752,6,,,1,100,,27753,6,,,1,100,,27754,6,,,1
3700,'Dimanche-0-_26ÉTÉ-0000001-',719,,27755,6,,,1,100,,27758,6,,,1,101,,27762,6,,,1,100,,27759,6,,,1,100,,27757,6,,,1,100,,27761,6,,,1,100,,27756,6,,,1,101,,27760,6,,,1,99,,27767,6,,,1,100,,27763,6,,,1,100,,27766,6,,,1,99,,27770,6,,,1,100,,27764,6,,,1,100,,27765,6,,,1,100,,27769,6,,,1,100,,27771,6,,,1,100,,27768,6,,,1,100,,27772,6,,,1
3700,'Dimanche-10-_26ÉTÉ-0000001-',719,,31671,6,,,1,100,,31674,6,,,1,101,,31678,6,,,1,100,,31675,6,,,1,100,,31673,6,,,1,100,,31677,6,,,1,100,,31672,6,,,1,101,,31676,6,,,1,99,,31683,6,,,1,100,,31679,6,,,1,100,,31682,6,,,1,99,,31686,6,,,1,100,,31680,6,,,1,100,,31681,6,,,1,100,,31685,6,,,1,100,,31687,6,,,1,100,,31684,6,,,1,100,,31688,6,,,1
3700,'Semaine-1-_26ÉTÉ-1111100-',636,,25073,6,,,1,81,,25079,6,,,1,32,,25070,6,,,1,69,,25054,6,,,1,30,,25068,6,,,1,89,,25060,6,,,1,100,,25056,6,,,1,100,,25057,6,,,1,100,,25058,6,,,1,100,,25059,6,,,1,100,,25065,6,,,1,85,,25066,6,,,1,17,,25067,6,,,1,15,,25053,6,,,1,55,,25075,6,,,1,25,,25062,6,,,1,72,,25071,6,,,1,22,,25061,6,,,1,28,,25055,6,,,1,70,,25052,6,,,1,30,,25063,6,,,1,72,,25078,6,,,1,27,,25069,6,,,1,76,,25080,6,,,1,100,,25076,6,,,1,100,,25064,6,,,1,100,,25074,6,,,1,98,,25077,6,,,1,15,,25072,6,,,1
3700,'Semaine-10-_26ÉTÉ-1111100-',636,,27794,6,,,1,81,,27800,6,,,1,32,,27791,6,,,1,69,,27775,6,,,1,30,,27789,6,,,1,89,,27781,6,,,1,100,,27777,6,,,1,100,,27778,6,,,1,100,,27779,6,,,1,100,,27780,6,,,1,100,,27786,6,,,1,85,,27787,6,,,1,17,,27788,6,,,1,15,,27774,6,,,1,55,,27796,6,,,1,25,,27783,6,,,1,72,,27792,6,,,1,22,,27782,6,,,1,28,,27776,6,,,1,70,,27773,6,,,1,30,,27784,6,,,1,72,,27799,6,,,1,27,,27790,6,,,1,76,,27801,6,,,1,100,,27797,6,,,1,100,,27785,6,,,1,100,,27795,6,,,1,98,,27798,6,,,1,15,,27793,6,,,1
3800,'Samedi-0-_26ÉTÉ-0000010-',733,,27868,6,,,1,71,,27861,6,,,1,23,,27862,6,,,1,77,,27873,6,,,1,28,,27865,6,,,1,72,,27863,6,,,1,28,,27874,6,,,1,72,,27866,6,,,1,28,,27872,6,,,1,72,,27864,6,,,1,27,,27867,6,,,1,74,,27871,6,,,1,27,,27869,6,,,1,72,,27870,6,,,1,28,,27875,6,,,1,73,,27876,6,,,1,27,,27877,6,,,1,73,,27878,6,,,1,24,,27879,6,,,1,75,,27880,6,,,1,27,,27881,6,,,1,73,,27882,6,,,1,27,,27883,6,,,1,73,,27884,6,,,1,29,,27885,6,,,1,71,,27886,6,,,1,29,,27888,6,,,1,71,,27887,6,,,1,30,,27890,6,,,1,70,,27889,6,,,1,30,,27891,6,,,1,70,,27892,6,,,1,30,,27893,6,,,1
3800,'Dimanche-0-_26ÉTÉ-0000001-',733,,27903,6,,,1,71,,27901,6,,,1,23,,27899,6,,,1,77,,27906,6,,,1,28,,27894,6,,,1,72,,27895,6,,,1,28,,27907,6,,,1,72,,27902,6,,,1,28,,27896,6,,,1,72,,27897,6,,,1,27,,27900,6,,,1,74,,27898,6,,,1,27,,27909,6,,,1,72,,27911,6,,,1,28,,27904,6,,,1,73,,27910,6,,,1,27,,27912,6,,,1,73,,27905,6,,,1,24,,27908,6,,,1,75,,27916,6,,,1,27,,27921,6,,,1,73,,27918,6,,,1,27,,27917,6,,,1,73,,27915,6,,,1,29,,27920,6,,,1,71,,27925,6,,,1,29,,27923,6,,,1,71,,27913,6,,,1,30,,27914,6,,,1,70,,27924,6,,,1,30,,27922,6,,,1,70,,27919,6,,,1,30,,27926,6,,,1
3800,'Dimanche-10-_26ÉTÉ-0000001-',733,,31715,6,,,1,71,,31713,6,,,1,23,,31711,6,,,1,77,,31718,6,,,1,28,,31706,6,,,1,72,,31707,6,,,1,28,,31719,6,,,1,72,,31714,6,,,1,28,,31708,6,,,1,72,,31709,6,,,1,27,,31712,6,,,1,74,,31710,6,,,1,27,,31721,6,,,1,72,,31723,6,,,1,28,,31716,6,,,1,73,,31722,6,,,1,27,,31724,6,,,1,73,,31717,6,,,1,24,,31720,6,,,1,75,,31728,6,,,1,27,,31733,6,,,1,73,,31730,6,,,1,27,,31729,6,,,1,73,,31727,6,,,1,29,,31732,6,,,1,71,,31737,6,,,1,29,,31735,6,,,1,71,,31725,6,,,1,30,,31726,6,,,1,70,,31736,6,,,1,30,,31734,6,,,1,70,,31731,6,,,1,30,,31738,6,,,1
3800,'Semaine-1-_26ÉTÉ-1111100-',646,,25122,6,,,1,60,,25138,6,,,1,31,,25133,6,,,1,70,,25146,6,,,1,30,,25143,6,,,1,71,,25119,6,,,1,19,,25115,6,,,1,20,,25126,6,,,1,60,,25111,6,,,1,20,,25135,6,,,1,20,,25120,6,,,1,60,,25116,6,,,1,20,,25127,6,,,1,20,,25112,6,,,1,60,,25134,6,,,1,20,,25145,6,,,1,20,,25117,6,,,1,60,,25128,6,,,1,20,,25136,6,,,1,20,,25147,6,,,1,60,,25121,6,,,1,20,,25118,6,,,1,21,,25129,6,,,1,70,,25142,6,,,1,31,,25107,6,,,1,70,,25131,6,,,1,36,,25140,6,,,1,65,,25130,6,,,1,28,,25144,6,,,1,68,,25110,6,,,1,30,,25141,6,,,1,70,,25124,6,,,1,30,,25132,6,,,1,70,,25137,6,,,1,29,,25139,6,,,1,70,,25123,6,,,1,30,,25109,6,,,1,70,,25125,6,,,1,30,,25113,6,,,1,70,,25108,6,,,1,30,,25106,6,,,1,69,,25114,6,,,1
3800,'Semaine-10-_26ÉTÉ-1111100-',646,,27943,6,,,1,60,,27959,6,,,1,31,,27954,6,,,1,70,,27967,6,,,1,30,,27964,6,,,1,71,,27940,6,,,1,19,,27936,6,,,1,20,,27947,6,,,1,60,,27932,6,,,1,20,,27956,6,,,1,20,,27941,6,,,1,60,,27937,6,,,1,20,,27948,6,,,1,20,,27933,6,,,1,60,,27955,6,,,1,20,,27966,6,,,1,20,,27938,6,,,1,60,,27949,6,,,1,20,,27957,6,,,1,20,,27968,6,,,1,60,,27942,6,,,1,20,,27939,6,,,1,21,,27950,6,,,1,70,,27963,6,,,1,31,,27928,6,,,1,70,,27952,6,,,1,36,,27961,6,,,1,65,,27951,6,,,1,28,,27965,6,,,1,68,,27931,6,,,1,30,,27962,6,,,1,70,,27945,6,,,1,30,,27953,6,,,1,70,,27958,6,,,1,29,,27960,6,,,1,70,,27944,6,,,1,30,,27930,6,,,1,70,,27946,6,,,1,30,,27934,6,,,1,70,,27929,6,,,1,30,,27927,6,,,1,69,,27935,6,,,1
4000,'Semaine-1-_26ÉTÉ-1111100-',1513,,25265,5,,,2,29,,25261,5,,,2,71,,25264,5,,,1,29,,25263,5,,,1,73,,25262,5,,,1,28,,25266,5,,,2
4000,'Semaine-10-_26ÉTÉ-1111100-',1513,,28248,5,,,2,29,,28244,5,,,2,71,,28247,5,,,1,29,,28246,5,,,1,73,,28245,5,,,1,28,,28249,5,,,2
4100,'Semaine-1-_26ÉTÉ-1111100-',1523,,25274,5,,,2,28,,25276,5,,,1,72,,25275,5,,,2,29,,25273,5,,,1,70,,25277,5,,,1
4100,'Semaine-10-_26ÉTÉ-1111100-',1523,,28257,5,,,2,28,,28259,5,,,1,72,,28258,5,,,2,29,,28256,5,,,1,70,,28260,5,,,1
4500,'Semaine-1-_26ÉTÉ-1111100-',1458,,25292,5,,,1,72,,25287,5,,,2,72,,25288,5,,,2,30,,25290,5,,,1,69,,25291,5,,,1,30,,25289,5,,,2
4500,'Semaine-10-_26ÉTÉ-1111100-',1458,,28275,5,,,1,72,,28270,5,,,2,72,,28271,5,,,2,30,,28273,5,,,1,69,,28274,5,,,1,30,,28272,5,,,2
4700,'Semaine-1-_26ÉTÉ-1111100-',1519,,25299,5,,,2,100,,25301,5,,,2,101,,25300,5,,,2
4700,'Semaine-10-_26ÉTÉ-1111100-',1519,,28282,5,,,2,100,,28284,5,,,2,101,,28283,5,,,2
5500,'Samedi-0-_26ÉTÉ-0000010-',655,,28546,6,,,1,70,,28543,6,,,1,30,,28544,6,,,1,71,,28547,6,,,1,30,,28545,6,,,1,69,,28552,6,,,1,28,,28549,6,,,1,70,,28550,6,,,1,35,,28555,6,,,1,66,,28554,6,,,1,28,,28548,6,,,1,70,,28551,6,,,1,30,,28553,6,,,1,74,,28556,6,,,1,30,,28557,6,,,1,70,,28558,6,,,1,30,,28559,6,,,1,69,,28560,6,,,1,30,,28561,6,,,1,68,,28562,6,,,1,30,,28563,6,,,1,70,,28564,6,,,1,32,,28565,6,,,1,68,,28566,6,,,1,32,,28568,6,,,1,73,,28567,6,,,1,27,,28569,6,,,1,70,,28571,6,,,1,31,,28570,6,,,1,71,,28572,6,,,1,28,,28573,6,,,1,69,,28576,6,,,1,30,,28578,6,,,1,70,,28575,6,,,1,31,,28574,6,,,1,69,,28577,6,,,1
5500,'Dimanche-0-_26ÉTÉ-0000001-',655,,28581,6,,,1,70,,28586,6,,,1,30,,28590,6,,,1,71,,28584,6,,,1,30,,28582,6,,,1,69,,28587,6,,,1,28,,28589,6,,,1,70,,28583,6,,,1,35,,28579,6,,,1,66,,28580,6,,,1,28,,28592,6,,,1,70,,28596,6,,,1,30,,28594,6,,,1,74,,28591,6,,,1,30,,28585,6,,,1,70,,28599,6,,,1,30,,28600,6,,,1,69,,28601,6,,,1,30,,28595,6,,,1,68,,28608,6,,,1,30,,28605,6,,,1,70,,28593,6,,,1,32,,28613,6,,,1,68,,28607,6,,,1,32,,28588,6,,,1,73,,28611,6,,,1,27,,28604,6,,,1,70,,28597,6,,,1,31,,28602,6,,,1,71,,28598,6,,,1,28,,28609,6,,,1,69,,28606,6,,,1,30,,28603,6,,,1,70,,28612,6,,,1,31,,28610,6,,,1,69,,28614,6,,,1
5500,'Dimanche-10-_26ÉTÉ-0000001-',655,,31892,6,,,1,70,,31897,6,,,1,30,,31901,6,,,1,71,,31895,6,,,1,30,,31893,6,,,1,69,,31898,6,,,1,28,,31900,6,,,1,70,,31894,6,,,1,35,,31890,6,,,1,66,,31891,6,,,1,28,,31903,6,,,1,70,,31907,6,,,1,30,,31905,6,,,1,74,,31902,6,,,1,30,,31896,6,,,1,70,,31910,6,,,1,30,,31911,6,,,1,69,,31912,6,,,1,30,,31906,6,,,1,68,,31919,6,,,1,30,,31916,6,,,1,70,,31904,6,,,1,32,,31924,6,,,1,68,,31918,6,,,1,32,,31899,6,,,1,73,,31922,6,,,1,27,,31915,6,,,1,70,,31908,6,,,1,31,,31913,6,,,1,71,,31909,6,,,1,28,,31920,6,,,1,69,,31917,6,,,1,30,,31914,6,,,1,70,,31923,6,,,1,31,,31921,6,,,1,69,,31925,6,,,1
5500,'Semaine-1-_26ÉTÉ-1111100-',552,,25422,6,,,1,103,,25438,6,,,1,100,,25421,6,,,1,101,,25457,6,,,1,68,,25458,6,,,1,30,,25427,6,,,1,70,,25437,6,,,1,30,,25441,6,,,1,70,,25463,6,,,1,30,,25423,6,,,1,71,,25462,6,,,1,29,,25440,6,,,1,70,,25455,6,,,1,30,,25449,6,,,1,63,,25456,6,,,1,15,,25442,6,,,1,15,,25420,6,,,1,12,,25461,6,,,1,57,,25431,6,,,1,15,,25464,6,,,1,13,,25452,6,,,1,10,,25424,6,,,1,53,,25435,6,,,1,14,,25467,6,,,1,13,,25460,6,,,1,11,,25426,6,,,1,11,,25443,6,,,1,53,,25436,6,,,1,10,,25465,6,,,1,12,,25450,6,,,1,11,,25430,6,,,1,12,,25425,6,,,1,50,,25466,6,,,1,12,,25434,6,,,1,11,,25429,6,,,1,10,,25439,6,,,1,70,,25454,6,,,1,30,,25459,6,,,1,71,,25446,6,,,1,29,,25432,6,,,1,70,,25453,6,,,1,29,,25444,6,,,1,71,,25447,6,,,1,29,,25433,6,,,1,70,,25448,6,,,1,30,,25445,6,,,1,69,,25428,6,,,1,30,,25451,6,,,1
5500,'Semaine-10-_26ÉTÉ-1111100-',552,,28617,6,,,1,103,,28633,6,,,1,100,,28616,6,,,1,101,,28652,6,,,1,68,,28653,6,,,1,30,,28622,6,,,1,70,,28632,6,,,1,30,,28636,6,,,1,70,,28658,6,,,1,30,,28618,6,,,1,71,,28657,6,,,1,29,,28635,6,,,1,70,,28650,6,,,1,30,,28644,6,,,1,63,,28651,6,,,1,15,,28637,6,,,1,15,,28615,6,,,1,12,,28656,6,,,1,57,,28626,6,,,1,15,,28659,6,,,1,13,,28647,6,,,1,10,,28619,6,,,1,53,,28630,6,,,1,14,,28662,6,,,1,13,,28655,6,,,1,11,,28621,6,,,1,11,,28638,6,,,1,53,,28631,6,,,1,10,,28660,6,,,1,12,,28645,6,,,1,11,,28625,6,,,1,12,,28620,6,,,1,50,,28661,6,,,1,12,,28629,6,,,1,11,,28624,6,,,1,10,,28634,6,,,1,70,,28649,6,,,1,30,,28654,6,,,1,71,,28641,6,,,1,29,,28627,6,,,1,70,,28648,6,,,1,29,,28639,6,,,1,71,,28642,6,,,1,29,,28628,6,,,1,70,,28643,6,,,1,30,,28640,6,,,1,69,,28623,6,,,1,30,,28646,6,,,1
5900,'Samedi-0-_26ÉTÉ-0000010-',710,,28810,6,,,1,30,,28813,6,,,1,70,,28806,6,,,1,30,,28812,6,,,1,70,,28809,6,,,1,30,,28814,6,,,1,70,,28818,6,,,1,30,,28819,6,,,1,70,,28808,6,,,1,30,,28807,6,,,1,70,,28817,6,,,1,30,,28811,6,,,1,70,,28815,6,,,1,30,,28820,6,,,1,70,,28816,6,,,1,30,,28821,6,,,1,70,,28822,6,,,1,30,,28823,6,,,1,70,,28824,6,,,1,31,,28825,6,,,1,70,,28826,6,,,1,30,,28827,6,,,1,69,,28828,6,,,1,30,,28829,6,,,1,70,,28830,6,,,1,30,,28832,6,,,1,70,,28831,6,,,1,30,,28834,6,,,1,70,,28833,6,,,1,30,,28835,6,,,1,70,,28836,6,,,1,30,,28838,6,,,1,70,,28837,6,,,1,30,,28839,6,,,1
5900,'Dimanche-0-_26ÉTÉ-0000001-',710,,28846,6,,,1,30,,28841,6,,,1,70,,28844,6,,,1,30,,28849,6,,,1,70,,28853,6,,,1,30,,28842,6,,,1,70,,28845,6,,,1,30,,28851,6,,,1,70,,28852,6,,,1,30,,28840,6,,,1,70,,28843,6,,,1,30,,28848,6,,,1,70,,28850,6,,,1,30,,28847,6,,,1,70,,28855,6,,,1,30,,28860,6,,,1,70,,28854,6,,,1,30,,28865,6,,,1,70,,28866,6,,,1,31,,28857,6,,,1,70,,28861,6,,,1,30,,28872,6,,,1,69,,28856,6,,,1,30,,28862,6,,,1,70,,28858,6,,,1,30,,28863,6,,,1,70,,28868,6,,,1,30,,28869,6,,,1,70,,28859,6,,,1,30,,28873,6,,,1,70,,28867,6,,,1,30,,28864,6,,,1,70,,28871,6,,,1,30,,28870,6,,,1
5900,'Dimanche-10-_26ÉTÉ-0000001-',710,,31965,6,,,1,30,,31960,6,,,1,70,,31963,6,,,1,30,,31968,6,,,1,70,,31972,6,,,1,30,,31961,6,,,1,70,,31964,6,,,1,30,,31970,6,,,1,70,,31971,6,,,1,30,,31959,6,,,1,70,,31962,6,,,1,30,,31967,6,,,1,70,,31969,6,,,1,30,,31966,6,,,1,70,,31974,6,,,1,30,,31979,6,,,1,70,,31973,6,,,1,30,,31984,6,,,1,70,,31985,6,,,1,31,,31976,6,,,1,70,,31980,6,,,1,30,,31991,6,,,1,69,,31975,6,,,1,30,,31981,6,,,1,70,,31977,6,,,1,30,,31982,6,,,1,70,,31987,6,,,1,30,,31988,6,,,1,70,,31978,6,,,1,30,,31992,6,,,1,70,,31986,6,,,1,30,,31983,6,,,1,70,,31990,6,,,1,30,,31989,6,,,1
5900,'Semaine-1-_26ÉTÉ-1111100-',623,,25552,6,,,1,102,,25587,6,,,1,100,,25568,6,,,1,85,,25564,6,,,1,29,,25585,6,,,1,70,,25561,6,,,1,30,,25584,6,,,1,70,,25575,6,,,1,30,,25569,6,,,1,70,,25577,6,,,1,30,,25560,6,,,1,70,,25588,6,,,1,30,,25551,6,,,1,71,,25582,6,,,1,14,,25553,6,,,1,15,,25586,6,,,1,70,,25546,6,,,1,14,,25590,6,,,1,16,,25545,6,,,1,8,,25580,6,,,1,54,,25576,6,,,1,7,,25589,1,,,1,6,,25563,6,,,1,13,,25547,6,,,1,6,,25591,1,,,1,8,,25548,6,,,1,10,,25556,6,,,1,50,,25583,6,,,1,17,,25572,6,,,1,9,,25559,6,,,1,11,,25581,6,,,1,12,,25567,6,,,1,52,,25579,6,,,1,9,,25549,6,,,1,10,,25554,6,,,1,31,,25574,6,,,1,70,,25565,6,,,1,30,,25570,6,,,1,69,,25558,6,,,1,30,,25566,6,,,1,70,,25571,6,,,1,30,,25578,6,,,1,70,,25555,6,,,1,30,,25573,6,,,1,70,,25562,6,,,1,31,,25550,6,,,1,69,,25557,6,,,1
5900,'Semaine-10-_26ÉTÉ-1111100-',623,,28881,6,,,1,102,,28916,6,,,1,100,,28897,6,,,1,85,,28893,6,,,1,29,,28914,6,,,1,70,,28890,6,,,1,30,,28913,6,,,1,70,,28904,6,,,1,30,,28898,6,,,1,70,,28906,6,,,1,30,,28889,6,,,1,70,,28917,6,,,1,30,,28880,6,,,1,71,,28911,6,,,1,14,,28882,6,,,1,15,,28915,6,,,1,70,,28875,6,,,1,14,,28919,6,,,1,16,,28874,6,,,1,8,,28909,6,,,1,54,,28905,6,,,1,7,,28918,1,,,1,6,,28892,6,,,1,13,,28876,6,,,1,6,,28920,1,,,1,8,,28877,6,,,1,10,,28885,6,,,1,50,,28912,6,,,1,17,,28901,6,,,1,9,,28888,6,,,1,11,,28910,6,,,1,12,,28896,6,,,1,52,,28908,6,,,1,9,,28878,6,,,1,10,,28883,6,,,1,31,,28903,6,,,1,70,,28894,6,,,1,30,,28899,6,,,1,69,,28887,6,,,1,30,,28895,6,,,1,70,,28900,6,,,1,30,,28907,6,,,1,70,,28884,6,,,1,30,,28902,6,,,1,70,,28891,6,,,1,31,,28879,6,,,1,69,,28886,6,,,1
6701,'Samedi-0-_26ÉTÉ-0000010-',652,,29603,32,,,1,100,,29609,32,,,1,100,,29605,32,,,1,101,,29604,32,,,1,71,,29607,32,,,1,29,,29612,32,,,1,72,,29613,32,,,2,30,,29606,32,,,1,70,,29608,32,,,1,30,,29611,32,,,1,70,,29614,32,,,1,31,,29615,32,,,1,70,,29610,32,,,1,30,,29616,32,,,1,70,,29617,32,,,1,30,,29618,32,,,2,71,,29619,32,,,2,28,,29620,32,,,1,72,,29621,32,,,1,29,,29622,32,,,1,70,,29623,32,,,2,27,,29624,32,,,1,71,,29625,32,,,2,100,,29626,32,,,1,100,,29627,32,,,1,100,,29629,32,,,1,98,,29628,32,,,1
6701,'Dimanche-0-_26ÉTÉ-0000001-',652,,29630,32,,,1,100,,29635,32,,,1,100,,29638,32,,,1,101,,29633,32,,,1,71,,29631,32,,,1,29,,29632,32,,,1,72,,29634,32,,,2,30,,29642,32,,,1,70,,29636,32,,,1,30,,29640,32,,,1,70,,29637,32,,,1,31,,29645,32,,,1,70,,29646,32,,,1,30,,29643,32,,,1,70,,29648,32,,,1,30,,29639,32,,,2,71,,29651,32,,,2,28,,29644,32,,,1,72,,29641,32,,,1,29,,29649,32,,,1,70,,29652,32,,,2,27,,29656,32,,,1,71,,29655,32,,,2,100,,29647,32,,,1,100,,29653,32,,,1,100,,29650,32,,,1,98,,29654,32,,,1
6701,'Dimanche-10-_26ÉTÉ-0000001-',652,,32161,32,,,1,100,,32166,32,,,1,100,,32169,32,,,1,101,,32164,32,,,1,71,,32162,32,,,1,29,,32163,32,,,1,72,,32165,32,,,2,30,,32173,32,,,1,70,,32167,32,,,1,30,,32171,32,,,1,70,,32168,32,,,1,31,,32176,32,,,1,70,,32177,32,,,1,30,,32174,32,,,1,70,,32179,32,,,1,30,,32170,32,,,2,71,,32182,32,,,2,28,,32175,32,,,1,72,,32172,32,,,1,29,,32180,32,,,1,70,,32183,32,,,2,27,,32187,32,,,1,71,,32186,32,,,2,100,,32178,32,,,1,100,,32184,32,,,1,100,,32181,32,,,1,98,,32185,32,,,1
6701,'Semaine-1-_26ÉTÉ-1111100-',930,,25958,32,,,1,20,,25947,32,,,1,60,,25965,32,,,2,20,,25951,32,,,1,20,,25945,32,,,2,60,,25966,32,,,1,20,,25959,32,,,1,20,,25948,32,,,1,60,,25967,32,,,2,20,,25952,32,,,1,20,,25955,32,,,2,61,,25968,32,,,1,19,,25954,32,,,1,20,,25949,32,,,2,60,,25969,32,,,1,20,,25960,32,,,1,20,,25962,32,,,1,61,,25964,32,,,1,20,,25956,32,,,2,74,,25940,32,,,1,30,,25963,32,,,2,68,,25943,32,,,1,30,,25961,32,,,1,70,,25957,32,,,1,28,,25950,32,,,1,69,,25938,32,,,1,28,,25953,32,,,1,30,,25941,32,,,1,70,,25970,32,,,1,30,,25939,32,,,1,70,,25972,32,,,1,29,,25942,32,,,1,70,,25973,32,,,1,29,,25944,32,,,2,69,,25971,32,,,1,30,,25946,32,,,2
6701,'Semaine-10-_26ÉTÉ-1111100-',930,,29677,32,,,1,20,,29666,32,,,1,60,,29684,32,,,2,20,,29670,32,,,1,20,,29664,32,,,2,60,,29685,32,,,1,20,,29678,32,,,1,20,,29667,32,,,1,60,,29686,32,,,2,20,,29671,32,,,1,20,,29674,32,,,2,61,,29687,32,,,2,19,,29673,32,,,1,20,,29668,32,,,2,60,,29688,32,,,1,20,,29679,32,,,1,20,,29681,32,,,1,61,,29683,32,,,1,20,,29675,32,,,2,74,,29659,32,,,1,30,,29682,32,,,2,68,,29662,32,,,1,30,,29680,32,,,1,70,,29676,32,,,1,28,,29669,32,,,1,69,,29657,32,,,1,28,,29672,32,,,1,30,,29660,32,,,1,70,,29689,32,,,1,30,,29658,32,,,1,70,,29691,32,,,1,29,,29661,32,,,1,70,,29692,32,,,1,29,,29663,32,,,2,69,,29690,32,,,1,30,,29665,32,,,2
37100,'Samedi-0-_26ÉTÉ-0000010-',750,,30798,6,,,1,101,,30802,6,,,1,99,,30797,6,,,1,100,,30803,6,,,1,100,,30799,6,,,1,100,,30800,6,,,1,100,,30801,6,,,1,100,,30804,6,,,1,100,,30805,6,,,1,100,,30806,6,,,1,100,,30807,6,,,1,100,,30808,6,,,1,100,,30809,6,,,1,100,,30810,6,,,1,100,,30811,6,,,1,100,,30812,6,,,1,100,,30813,6,,,1
37100,'Dimanche-0-_26ÉTÉ-0000001-',750,,30814,6,,,1,101,,30820,6,,,1,99,,30821,6,,,1,100,,30822,6,,,1,100,,30815,6,,,1,100,,30817,6,,,1,100,,30816,6,,,1,100,,30818,6,,,1,100,,30819,6,,,1,100,,30824,6,,,1,100,,30829,6,,,1,100,,30823,6,,,1,100,,30825,6,,,1,100,,30830,6,,,1,100,,30828,6,,,1,100,,30826,6,,,1,100,,30827,6,,,1
37100,'Dimanche-10-_26ÉTÉ-0000001-',750,,32397,6,,,1,101,,32403,6,,,1,99,,32404,6,,,1,100,,32405,6,,,1,100,,32398,6,,,1,100,,32400,6,,,1,100,,32399,6,,,1,100,,32401,6,,,1,100,,32402,6,,,1,100,,32407,6,,,1,100,,32412,6,,,1,100,,32406,6,,,1,100,,32408,6,,,1,100,,32413,6,,,1,100,,32411,6,,,1,100,,32409,6,,,1,100,,32410,6,,,1
37100,'Semaine-1-_26ÉTÉ-1111100-',656,,26673,6,,,1,72,,26670,6,,,1,30,,26666,6,,,1,69,,26661,6,,,1,90,,26680,6,,,1,99,,26665,6,,,1,100,,26667,6,,,1,100,,26679,6,,,1,100,,26674,6,,,1,101,,26663,6,,,1,91,,26675,6,,,1,18,,26684,6,,,1,17,,26664,6,,,1,15,,26685,6,,,1,66,,26660,6,,,1,21,,26669,6,,,1,71,,26676,6,,,1,23,,26682,6,,,1,68,,26681,6,,,1,30,,26671,6,,,1,69,,26683,6,,,1,30,,26686,6,,,1,70,,26672,6,,,1,95,,26668,6,,,1,100,,26678,6,,,1,100,,26677,6,,,1,100,,26662,6,,,1
37100,'Semaine-10-_26ÉTÉ-1111100-',656,,30844,6,,,1,72,,30841,6,,,1,30,,30837,6,,,1,69,,30832,6,,,1,90,,30851,6,,,1,99,,30836,6,,,1,100,,30838,6,,,1,100,,30850,6,,,1,100,,30845,6,,,1,101,,30834,6,,,1,91,,30846,6,,,1,18,,30855,6,,,1,17,,30835,6,,,1,15,,30856,6,,,1,66,,30831,6,,,1,21,,30840,6,,,1,71,,30847,6,,,1,23,,30853,6,,,1,68,,30852,6,,,1,30,,30842,6,,,1,69,,30854,6,,,1,30,,30857,6,,,1,70,,30843,6,,,1,95,,30839,6,,,1,100,,30849,6,,,1,100,,30848,6,,,1,100,,30833,6,,,1
40000,'Samedi-0-_26ÉTÉ-0000010-',604,,30917,6,,,1,20,,30918,6,,,1,15,,30921,6,,,1,15,,30926,6,,,1,55,,30935,6,,,1,15,,30936,6,,,1,15,,30919,6,,,1,15,,30923,6,,,1,55,,30920,6,,,1,15,,30944,6,,,1,15,,30922,6,,,1,15,,30925,6,,,1,55,,30924,6,,,1,15,,30927,6,,,1,15,,30945,6,,,1,15,,30943,6,,,1,55,,30946,6,,,1,16,,30928,6,,,1,14,,30930,6,,,1,15,,30933,6,,,1,55,,30934,6,,,1,15,,30929,6,,,1,15,,30940,6,,,1,15,,30942,6,,,1,55,,30947,6,,,1,15,,30932,6,,,1,15,,30931,6,,,1,15,,30937,6,,,1,56,,30938,6,,,1,15,,30939,6,,,1,15,,30948,6,,,1,15,,30941,6,,,1,55,,30949,6,,,1,15,,30950,6,,,1,15,,30951,6,,,1,15,,30952,6,,,1,55,,30953,6,,,1,15,,30954,6,,,1,15,,30955,6,,,1,15,,30956,6,,,1,55,,30957,6,,,1,15,,30958,6,,,1,15,,30959,6,,,1,15,,30960,6,,,1,55,,30961,6,,,1,14,,30962,6,,,1,16,,30963,6,,,1,15,,30964,6,,,1,55,,30970,6,,,1,15,,30965,6,,,1,15,,30966,6,,,1,15,,30967,6,,,1,54,,30968,6,,,1,15,,30969,6,,,1,15,,30973,6,,,1,16,,30971,6,,,1,54,,30972,6,,,1,16,,30977,6,,,1,14,,30976,6,,,1,15,,30975,6,,,1,55,,30974,6,,,1,15,,30981,6,,,1,15,,30978,6,,,1,15,,30979,6,,,1,55,,30980,6,,,1,15,,30988,6,,,1,15,,30983,6,,,1,15,,30982,6,,,1,55,,30984,6,,,1,15,,30985,6,,,1,15,,30986,6,,,1,15,,30987,6,,,1,55,,30989,6,,,1
40000,'Dimanche-0-_26ÉTÉ-0000001-',604,,30990,6,,,1,20,,30992,6,,,1,15,,30997,6,,,1,15,,31003,6,,,1,55,,31005,6,,,1,15,,30991,6,,,1,15,,30994,6,,,1,15,,31001,6,,,1,55,,31008,6,,,1,15,,31012,6,,,1,15,,30996,6,,,1,15,,31004,6,,,1,55,,31015,6,,,1,15,,30993,6,,,1,15,,30995,6,,,1,15,,31002,6,,,1,55,,31009,6,,,1,16,,31010,6,,,1,14,,31026,6,,,1,15,,31025,6,,,1,55,,31016,6,,,1,15,,31007,6,,,1,15,,31017,6,,,1,15,,31020,6,,,1,55,,31029,6,,,1,15,,30998,6,,,1,15,,31027,6,,,1,15,,31024,6,,,1,56,,31028,6,,,1,15,,31006,6,,,1,15,,30999,6,,,1,15,,31030,6,,,1,55,,31021,6,,,1,15,,31013,6,,,1,15,,31011,6,,,1,15,,31018,6,,,1,55,,31023,6,,,1,15,,31033,6,,,1,15,,31000,6,,,1,15,,31035,6,,,1,55,,31022,6,,,1,15,,31014,6,,,1,15,,31045,6,,,1,15,,31019,6,,,1,55,,31054,6,,,1,14,,31040,6,,,1,16,,31044,6,,,1,15,,31060,6,,,1,55,,31051,6,,,1,15,,31032,6,,,1,15,,31046,6,,,1,15,,31036,6,,,1,54,,31053,6,,,1,15,,31039,6,,,1,15,,31043,6,,,1,16,,31059,6,,,1,54,,31052,6,,,1,16,,31031,6,,,1,14,,31056,6,,,1,15,,31050,6,,,1,55,,31058,6,,,1,15,,31034,6,,,1,15,,31038,6,,,1,15,,31042,6,,,1,55,,31048,6,,,1,15,,31062,6,,,1,15,,31055,6,,,1,15,,31049,6,,,1,55,,31057,6,,,1,15,,31061,6,,,1,15,,31037,6,,,1,15,,31041,6,,,1,55,,31047,6,,,1
40000,'Dimanche-10-_26ÉTÉ-0000001-',604,,32431,6,,,1,20,,32433,6,,,1,15,,32438,6,,,1,15,,32444,6,,,1,55,,32446,6,,,1,15,,32432,6,,,1,15,,32435,6,,,1,15,,32442,6,,,1,55,,32449,6,,,1,15,,32453,6,,,1,15,,32437,6,,,1,15,,32445,6,,,1,55,,32456,6,,,1,15,,32434,6,,,1,15,,32436,6,,,1,15,,32443,6,,,1,55,,32450,6,,,1,16,,32451,6,,,1,14,,32467,6,,,1,15,,32466,6,,,1,55,,32457,6,,,1,15,,32448,6,,,1,15,,32458,6,,,1,15,,32461,6,,,1,55,,32470,6,,,1,15,,32439,6,,,1,15,,32468,6,,,1,15,,32465,6,,,1,56,,32469,6,,,1,15,,32447,6,,,1,15,,32440,6,,,1,15,,32471,6,,,1,55,,32462,6,,,1,15,,32454,6,,,1,15,,32452,6,,,1,15,,32459,6,,,1,55,,32464,6,,,1,15,,32474,6,,,1,15,,32441,6,,,1,15,,32476,6,,,1,55,,32463,6,,,1,15,,32455,6,,,1,15,,32486,6,,,1,15,,32460,6,,,1,55,,32495,6,,,1,14,,32481,6,,,1,16,,32485,6,,,1,15,,32501,6,,,1,55,,32492,6,,,1,15,,32473,6,,,1,15,,32487,6,,,1,15,,32477,6,,,1,54,,32494,6,,,1,15,,32480,6,,,1,15,,32484,6,,,1,16,,32500,6,,,1,54,,32493,6,,,1,16,,32472,6,,,1,14,,32497,6,,,1,15,,32491,6,,,1,55,,32499,6,,,1,15,,32475,6,,,1,15,,32479,6,,,1,15,,32483,6,,,1,55,,32489,6,,,1,15,,32503,6,,,1,15,,32496,6,,,1,15,,32490,6,,,1,55,,32498,6,,,1,15,,32502,6,,,1,15,,32478,6,,,1,15,,32482,6,,,1,55,,32488,6,,,1
40000,'Semaine-1-_26ÉTÉ-1111100-',540,,26712,6,,,1,15,,26718,6,,,1,55,,26741,6,,,1,15,,26756,6,,,1,15,,26746,6,,,1,16,,26804,6,,,1,50,,26776,6,,,1,10,,26728,6,,,1,10,,26775,6,,,1,14,,26770,6,,,1,15,,26771,6,,,1,51,,26726,6,,,1,12,,26748,6,,,1,12,,26750,6,,,1,12,,26797,6,,,1,12,,26767,6,,,1,52,,26721,6,,,1,12,,26730,6,,,1,10,,26716,6,,,1,8,,26719,6,,,1,10,,26772,6,,,1,10,,26738,6,,,1,50,,26751,6,,,1,10,,26744,6,,,1,10,,26745,6,,,1,11,,26777,6,,,1,9,,26757,6,,,1,10,,26768,6,,,1,50,,26722,6,,,1,11,,26731,6,,,1,9,,26720,6,,,1,10,,26798,6,,,1,10,,26773,6,,,1,10,,26739,6,,,1,51,,26752,6,,,1,10,,26743,6,,,1,10,,26735,6,,,1,10,,26764,6,,,1,10,,26747,6,,,1,5,,26758,6,,,1,5,,26769,6,,,1,51,,26723,6,,,1,10,,26733,6,,,1,10,,26725,6,,,1,10,,26715,6,,,1,10,,26774,6,,,1,10,,26755,6,,,1,50,,26753,6,,,1,6,,26765,6,,,1,6,,26742,6,,,1,6,,26734,6,,,1,6,,26782,6,,,1,6,,26783,6,,,1,5,,26784,6,,,1,5,,26785,6,,,1,5,,26786,6,,,1,5,,26796,6,,,1,45,,26802,6,,,1,4,,26787,6,,,1,236,,26788,6,,,1,5,,26789,6,,,1,5,,26790,6,,,1,5,,26791,6,,,1,45,,26803,6,,,1,5,,26792,6,,,1,8,,26793,6,,,1,8,,26794,6,,,1,12,,26795,6,,,1,12,,26759,6,,,1,52,,26760,6,,,1,11,,26754,6,,,1,12,,26780,6,,,1,12,,26763,6,,,1,12,,26749,6,,,1,12,,26727,6,,,1,52,,26799,6,,,1,12,,26732,6,,,1,11,,26800,6,,,1,13,,26740,6,,,1,12,,26761,6,,,1,54,,26801,6,,,1,12,,26737,6,,,1,15,,26781,6,,,1,14,,26779,6,,,1,55,,26724,6,,,1,15,,26713,6,,,1,15,,26729,6,,,1,15,,26762,6,,,1,55,,26736,6,,,1,15,,26766,6,,,1,15,,26778,6,,,1,15,,26717,6,,,1,55,,26714,6,,,1
40000,'Semaine-10-_26ÉTÉ-1111100-',540,,31063,6,,,1,15,,31069,6,,,1,55,,31092,6,,,1,15,,31107,6,,,1,15,,31097,6,,,1,16,,31155,6,,,1,50,,31127,6,,,1,10,,31079,6,,,1,10,,31126,6,,,1,14,,31121,6,,,1,15,,31122,6,,,1,51,,31077,6,,,1,12,,31099,6,,,1,12,,31101,6,,,1,12,,31148,6,,,1,12,,31118,6,,,1,52,,31072,6,,,1,12,,31081,6,,,1,10,,31067,6,,,1,8,,31070,6,,,1,10,,31123,6,,,1,10,,31089,6,,,1,50,,31102,6,,,1,10,,31095,6,,,1,10,,31096,6,,,1,11,,31128,6,,,1,9,,31108,6,,,1,10,,31119,6,,,1,50,,31073,6,,,1,11,,31082,6,,,1,9,,31071,6,,,1,10,,31149,6,,,1,10,,31124,6,,,1,10,,31090,6,,,1,51,,31103,6,,,1,10,,31094,6,,,1,10,,31086,6,,,1,10,,31115,6,,,1,10,,31098,6,,,1,5,,31109,6,,,1,5,,31120,6,,,1,51,,31074,6,,,1,10,,31084,6,,,1,10,,31076,6,,,1,10,,31066,6,,,1,10,,31125,6,,,1,10,,31106,6,,,1,50,,31104,6,,,1,6,,31116,6,,,1,6,,31093,6,,,1,6,,31085,6,,,1,6,,31133,6,,,1,6,,31134,6,,,1,5,,31135,6,,,1,5,,31136,6,,,1,5,,31137,6,,,1,5,,31147,6,,,1,45,,31153,6,,,1,4,,31138,6,,,1,236,,31139,6,,,1,5,,31140,6,,,1,5,,31141,6,,,1,5,,31142,6,,,1,45,,31154,6,,,1,5,,31143,6,,,1,8,,31144,6,,,1,8,,31145,6,,,1,12,,31146,6,,,1,12,,31110,6,,,1,52,,31111,6,,,1,11,,31105,6,,,1,12,,31131,6,,,1,12,,31114,6,,,1,12,,31100,6,,,1,12,,31078,6,,,1,52,,31150,6,,,1,12,,31083,6,,,1,11,,31151,6,,,1,13,,31091,6,,,1,12,,31112,6,,,1,54,,31152,6,,,1,12,,31088,6,,,1,15,,31132,6,,,1,14,,31130,6,,,1,55,,31075,6,,,1,15,,31064,6,,,1,15,,31080,6,,,1,15,,31113,6,,,1,55,,31087,6,,,1,15,,31117,6,,,1,15,,31129,6,,,1,15,,31068,6,,,1,55,,31065,6,,,1
