4000,'Semaine-1-_26ÉTÉ-1111100-',1550,,39577,46,,,2,69,,39573,46,,,2,35,,39576,46,,,1,68,,39575,46,,,1,31,,39574,46,,,1,63,,39578,46,,,2
4000,'Semaine-10-_26ÉTÉ-1111100-',1550,,39583,46,,,2,69,,39579,46,,,2,35,,39582,46,,,1,68,,39581,46,,,1,31,,39580,46,,,1,63,,39584,46,,,2
4000,'Semaine-11-_26ÉTÉ-1111100-',1550,,46351,46,,,2,69,,46347,46,,,2,35,,46350,46,,,1,68,,46349,46,,,1,31,,46348,46,,,1,63,,46352,46,,,2
4000,'Semaine-5-_26ÉTÉ-1111100-',1550,,50635,46,,,2,69,,50631,46,,,2,35,,50634,46,,,1,68,,50633,46,,,1,31,,50632,46,,,1,63,,50636,46,,,2
5001,'Semaine-1-_26ÉTÉ-1111100-',1641,,39903,27,,,1,102,,39905,27,,,1,94,,39904,27,,,1
5001,'Semaine-10-_26ÉTÉ-1111100-',1641,,39906,27,,,1,102,,39908,27,,,1,94,,39907,27,,,1
5001,'Semaine-11-_26ÉTÉ-1111100-',1641,,46495,27,,,1,102,,46497,27,,,1,94,,46496,27,,,1
5001,'Semaine-5-_26ÉTÉ-1111100-',1641,,50747,27,,,1,102,,50749,27,,,1,94,,50748,27,,,1
5200,'Samedi-0-_26ÉTÉ-0000010-',659,,39909,45,,,1,100,,39910,45,,,2,141,,39911,45,,,1,100,,39912,45,,,2,100,,39913,45,,,1,102,,39914,45,,,1,100,,39915,45,,,2,100,,39916,45,,,2,99,,39917,45,,,1,101,,39918,45,,,2,100,,39919,45,,,1,99,,39920,45,,,1,99,,39921,45,,,1,100,,39924,45,,,1,100,,39922,45,,,1,58,,39923,45,,,2,99,,39925,45,,,2,100,,39926,45,,,1
5200,'Dimanche-0-_26ÉTÉ-0000001-',659,,39928,45,,,1,100,,39927,45,,,2,141,,39929,45,,,1,100,,39930,45,,,2,100,,39932,45,,,1,102,,39937,45,,,1,100,,39931,45,,,2,100,,39934,45,,,2,99,,39935,45,,,1,101,,39933,45,,,2,100,,39936,45,,,1,99,,39943,45,,,1,99,,39942,45,,,1,100,,39938,45,,,1,100,,39944,45,,,1,58,,39941,45,,,2,99,,39940,45,,,2,100,,39939,45,,,1
5200,'Dimanche-10-_26ÉTÉ-0000001-',659,,39946,45,,,1,100,,39945,45,,,2,141,,39947,45,,,1,100,,39948,45,,,2,100,,39950,45,,,1,102,,39955,45,,,1,100,,39949,45,,,2,100,,39952,45,,,2,99,,39953,45,,,1,101,,39951,45,,,2,100,,39954,45,,,1,99,,39961,45,,,1,99,,39960,45,,,1,100,,39956,45,,,1,100,,39962,45,,,1,58,,39959,45,,,2,99,,39958,45,,,2,100,,39957,45,,,1
5200,'Dimanche-11-_26ÉTÉ-0000001-',659,,49171,45,,,1,100,,49170,45,,,2,141,,49172,45,,,1,100,,49173,45,,,2,100,,49175,45,,,1,102,,49180,45,,,1,100,,49174,45,,,2,100,,49177,45,,,2,99,,49178,45,,,1,101,,49176,45,,,2,100,,49179,45,,,1,99,,49186,45,,,1,99,,49185,45,,,1,100,,49181,45,,,1,100,,49187,45,,,1,58,,49184,45,,,2,99,,49183,45,,,2,100,,49182,45,,,1
5200,'Semaine-1-_26ÉTÉ-1111100-',629,,39966,45,,,1,100,,39968,45,,,1,110,,39963,45,,,1,96,,39979,45,,,1,97,,39977,45,,,2,100,,39964,45,,,1,100,,39971,45,,,1,100,,39970,45,,,1,100,,39967,45,,,1,102,,39965,45,,,1,108,,39969,45,,,1,101,,39980,45,,,1,104,,39978,45,,,1,100,,39972,45,,,1,83,,39976,45,,,1,100,,39975,45,,,1,99,,39973,45,,,1,99,,39974,45,,,1
5200,'Semaine-10-_26ÉTÉ-1111100-',629,,39984,45,,,1,100,,39986,45,,,1,110,,39981,45,,,1,96,,39997,45,,,1,97,,39995,45,,,2,100,,39982,45,,,1,100,,39989,45,,,1,100,,39988,45,,,1,100,,39985,45,,,1,102,,39983,45,,,1,108,,39987,45,,,1,101,,39998,45,,,1,104,,39996,45,,,1,100,,39990,45,,,1,83,,39994,45,,,1,100,,39993,45,,,1,99,,39991,45,,,1,99,,39992,45,,,1
5200,'Semaine-11-_26ÉTÉ-1111100-',629,,46519,45,,,1,100,,46521,45,,,1,110,,46516,45,,,1,96,,46532,45,,,1,97,,46530,45,,,2,100,,46517,45,,,1,100,,46524,45,,,1,100,,46523,45,,,1,100,,46520,45,,,1,102,,46518,45,,,1,108,,46522,45,,,1,101,,46533,45,,,1,104,,46531,45,,,1,100,,46525,45,,,1,83,,46529,45,,,1,100,,46528,45,,,1,99,,46526,45,,,1,99,,46527,45,,,1
5200,'Semaine-5-_26ÉTÉ-1111100-',629,,50753,45,,,1,100,,50755,45,,,1,110,,50750,45,,,1,96,,50766,45,,,1,97,,50764,45,,,2,100,,50751,45,,,1,100,,50758,45,,,1,100,,50757,45,,,1,100,,50754,45,,,1,102,,50752,45,,,1,108,,50756,45,,,1,101,,50767,45,,,1,104,,50765,45,,,1,100,,50759,45,,,1,83,,50763,45,,,1,100,,50762,45,,,1,99,,50760,45,,,1,99,,50761,45,,,1
