2300,'Semaine-1-_26ÉTÉ-1111100-',1607,,37342,37,4,,1,28,,37340,37,4,,1,70,,37338,37,4,,1,31,,37339,37,4,,2,66,,37341,37,4,,2,24,,37337,37,4,,2
2300,'Semaine-10-_26ÉTÉ-1111100-',1607,,37348,37,4,,1,28,,37346,37,4,,1,70,,37344,37,4,,1,31,,37345,37,4,,2,66,,37347,37,4,,2,24,,37343,37,4,,2
2300,'Semaine-11-_26ÉTÉ-1111100-',1607,,45378,37,4,,1,28,,45376,37,4,,1,70,,45374,37,4,,1,31,,45375,37,4,,2,66,,45377,37,4,,2,24,,45373,37,4,,2
3900,'Samedi-0-_26ÉTÉ-0000010-',639,,39287,6,,,1,101,,39288,6,,,1,100,,39292,6,,,1,101,,39291,6,,,1,100,,39294,6,,,1,100,,39293,6,,,1,102,,39289,6,,,1,70,,39290,6,,,1,30,,39295,6,,,1,71,,39296,6,,,2,30,,39297,6,,,1,70,,39298,6,,,1,31,,39299,6,,,2,70,,39300,6,,,1,30,,39301,6,,,1,70,,39302,6,,,1,30,,39303,6,,,1,69,,39304,6,,,1,29,,39305,6,,,1,69,,39306,6,,,1,100,,39307,6,,,1,100,,39308,6,,,1,100,,39309,6,,,1,100,,39310,6,,,1
3900,'Samedi-10-_26ÉTÉ-0000010-',639,,46228,6,,,1,101,,46229,6,,,1,100,,46233,6,,,1,101,,46232,6,,,1,100,,46235,6,,,1,100,,46234,6,,,1,102,,46230,6,,,1,70,,46231,6,,,1,30,,46236,6,,,1,71,,46237,6,,,2,30,,46238,6,,,1,70,,46239,6,,,1,31,,46240,6,,,2,70,,46241,6,,,1,30,,46242,6,,,1,70,,46243,6,,,1,30,,46244,6,,,1,69,,46245,6,,,1,29,,46246,6,,,1,69,,46247,6,,,1,100,,46248,6,,,1,100,,46249,6,,,1,100,,46250,6,,,1,100,,46251,6,,,1
3900,'Dimanche-0-_26ÉTÉ-0000001-',639,,39311,6,,,1,101,,39318,6,,,1,100,,39312,6,,,1,101,,39314,6,,,1,100,,39320,6,,,1,100,,39313,6,,,1,102,,39319,6,,,1,70,,39315,6,,,1,30,,39316,6,,,1,71,,39321,6,,,2,30,,39323,6,,,1,70,,39317,6,,,1,31,,39322,6,,,2,70,,39324,6,,,1,30,,39325,6,,,1,70,,39331,6,,,1,30,,39332,6,,,1,69,,39334,6,,,1,29,,39330,6,,,1,69,,39328,6,,,1,100,,39329,6,,,1,100,,39333,6,,,1,100,,39326,6,,,1,100,,39327,6,,,1
3900,'Dimanche-10-_26ÉTÉ-0000001-',639,,39335,6,,,1,101,,39342,6,,,1,100,,39336,6,,,1,101,,39338,6,,,1,100,,39344,6,,,1,100,,39337,6,,,1,102,,39343,6,,,1,70,,39339,6,,,1,30,,39340,6,,,1,71,,39345,6,,,2,30,,39347,6,,,1,70,,39341,6,,,1,31,,39346,6,,,2,70,,39348,6,,,1,30,,39349,6,,,1,70,,39355,6,,,1,30,,39356,6,,,1,69,,39358,6,,,1,29,,39354,6,,,1,69,,39352,6,,,1,100,,39353,6,,,1,100,,39357,6,,,1,100,,39350,6,,,1,100,,39351,6,,,1
3900,'Dimanche-11-_26ÉTÉ-0000001-',639,,49088,6,,,1,101,,49095,6,,,1,100,,49089,6,,,1,101,,49091,6,,,1,100,,49097,6,,,1,100,,49090,6,,,1,102,,49096,6,,,1,70,,49092,6,,,1,30,,49093,6,,,1,71,,49098,6,,,2,30,,49100,6,,,1,70,,49094,6,,,1,31,,49099,6,,,2,70,,49101,6,,,1,30,,49102,6,,,1,70,,49108,6,,,1,30,,49109,6,,,1,69,,49111,6,,,1,29,,49107,6,,,1,69,,49105,6,,,1,100,,49106,6,,,1,100,,49110,6,,,1,100,,49103,6,,,1,100,,49104,6,,,1
3900,'Semaine-1-_26ÉTÉ-1111100-',616,,39376,6,,,2,25,,39362,6,,,1,67,,39381,6,,,2,27,,39374,6,,,1,75,,39375,6,,,1,34,,39373,6,,,1,72,,39370,6,,,1,30,,39387,6,,,1,70,,39382,6,,,1,30,,39394,6,,,1,70,,39379,6,,,2,31,,39383,6,,,1,69,,39371,6,,,1,32,,39369,6,,,2,69,,39384,6,,,1,29,,39372,6,,,1,70,,39359,6,,,2,33,,39385,6,,,1,74,,39366,6,,,2,29,,39368,6,,,1,71,,39386,6,,,2,34,,39365,6,,,1,67,,39360,6,,,1,30,,39388,6,,,1,66,,39367,6,,,1,32,,39361,6,,,1,69,,39389,6,,,2,32,,39364,6,,,1,65,,39380,6,,,2,26,,39390,6,,,1,70,,39363,6,,,1,30,,39378,6,,,1,70,,39391,6,,,1,30,,39377,6,,,1,70,,39393,6,,,1,30,,39392,6,,,1
3900,'Semaine-10-_26ÉTÉ-1111100-',616,,39412,6,,,2,25,,39398,6,,,1,67,,39417,6,,,2,27,,39410,6,,,1,75,,39411,6,,,1,34,,39409,6,,,1,72,,39406,6,,,1,30,,39423,6,,,1,70,,39418,6,,,1,30,,39430,6,,,1,70,,39415,6,,,2,31,,39419,6,,,1,69,,39407,6,,,1,32,,39405,6,,,2,69,,39420,6,,,1,29,,39408,6,,,1,70,,39395,6,,,2,33,,39421,6,,,1,74,,39402,6,,,2,29,,39404,6,,,1,71,,39422,6,,,2,34,,39401,6,,,1,67,,39396,6,,,1,30,,39424,6,,,1,66,,39403,6,,,1,32,,39397,6,,,1,69,,39425,6,,,2,32,,39400,6,,,1,65,,39416,6,,,2,26,,39426,6,,,1,70,,39399,6,,,1,30,,39414,6,,,1,70,,39427,6,,,1,30,,39413,6,,,1,70,,39429,6,,,1,30,,39428,6,,,1
3900,'Semaine-11-_26ÉTÉ-1111100-',616,,46269,6,,,2,25,,46255,6,,,1,67,,46274,6,,,2,27,,46267,6,,,1,75,,46268,6,,,1,34,,46266,6,,,1,72,,46263,6,,,1,30,,46280,6,,,1,70,,46275,6,,,1,30,,46287,6,,,1,70,,46272,6,,,2,31,,46276,6,,,1,69,,46264,6,,,1,32,,46262,6,,,2,69,,46277,6,,,1,29,,46265,6,,,1,70,,46252,6,,,2,33,,46278,6,,,1,74,,46259,6,,,2,29,,46261,6,,,1,71,,46279,6,,,2,34,,46258,6,,,1,67,,46253,6,,,1,30,,46281,6,,,1,66,,46260,6,,,1,32,,46254,6,,,1,69,,46282,6,,,2,32,,46257,6,,,1,65,,46273,6,,,2,26,,46283,6,,,1,70,,46256,6,,,1,30,,46271,6,,,1,70,,46284,6,,,1,30,,46270,6,,,1,70,,46286,6,,,1,30,,46285,6,,,1
