4101,'Semaine-4',634,,33908,15,,,1,72,,33909,15,,,2,31,,33910,15,,,2,69,,33907,15,,,1,31,,33906,15,,,1
4900,'Samedi-3',715,,33938,12,,,1,100,,33939,12,,,1,103,,33936,12,,,1,100,,33940,12,,,1,100,,33937,12,,,1,99,,33941,12,,,1,99,,33942,12,,,1,104,,33943,12,,,1,97,,33944,12,,,1,100,,33945,12,,,1,100,,33946,12,,,1,98,,33947,12,,,1,100,,33948,12,,,1,100,,33949,12,,,1,100,,33950,12,,,1,100,,33951,12,,,1,101,,33952,12,,,1
4900,'Dimanche-3',715,,33953,12,,,1,100,,33956,12,,,1,103,,33954,12,,,1,100,,33957,12,,,1,100,,33959,12,,,1,99,,33963,12,,,1,99,,33961,12,,,1,104,,33960,12,,,1,97,,33955,12,,,1,100,,33965,12,,,1,100,,33962,12,,,1,98,,33964,12,,,1,100,,33969,12,,,1,100,,33958,12,,,1,100,,33967,12,,,1,100,,33968,12,,,1,101,,33966,12,,,1
4900,'Semaine-4',633,,33997,12,,,1,20,,34008,12,,,1,66,,34000,12,,,1,31,,34001,12,,,1,78,,33995,12,,,1,72,,33990,12,,,1,32,,33982,12,,,1,72,,34002,12,,,1,32,,33998,12,,,1,70,,33993,12,,,1,30,,33970,12,,,1,70,,33991,12,,,1,30,,33972,12,,,1,70,,33977,12,,,1,30,,33979,12,,,1,69,,33983,12,,,1,31,,33999,12,,,1,70,,33981,12,,,1,30,,33984,12,,,1,70,,33975,12,,,1,30,,33987,12,,,1,70,,33978,12,,,1,30,,33976,12,,,1,70,,33994,12,,,1,29,,33988,12,,,1,100,,33971,12,,,1,100,,33989,12,,,1,100,,33986,12,,,1,100,,33973,12,,,1,98,,33985,12,,,1,100,,33974,12,,,1
5901,'Samedi-3',712,,34577,11,,,1,30,,34584,11,,,1,71,,34581,11,,,1,30,,34586,11,,,1,70,,34578,11,,,1,30,,34583,11,,,1,70,,34582,11,,,1,30,,34585,11,,,1,70,,34589,11,,,1,30,,34590,11,,,1,70,,34579,11,,,1,30,,34580,11,,,1,70,,34588,11,,,1,30,,34587,11,,,1,70,,34591,11,,,1,30,,34592,11,,,1,70,,34593,11,,,1,30,,34594,11,,,1,70,,34595,11,,,1,30,,34596,11,,,1,70,,34597,11,,,1,30,,34598,11,,,1,70,,34599,11,,,1,29,,34600,11,,,1,70,,34601,11,,,1,30,,34603,11,,,1,70,,34602,11,,,1,30,,34604,11,,,1,70,,34605,11,,,1,30,,34606,11,,,1,70,,34608,11,,,1,29,,34607,11,,,1
5901,'Dimanche-3',712,,34615,11,,,1,30,,34618,11,,,1,71,,34620,11,,,1,30,,34611,11,,,1,70,,34614,11,,,1,30,,34617,11,,,1,70,,34621,11,,,1,30,,34609,11,,,1,70,,34612,11,,,1,30,,34626,11,,,1,70,,34619,11,,,1,30,,34610,11,,,1,70,,34613,11,,,1,30,,34616,11,,,1,70,,34623,11,,,1,30,,34622,11,,,1,70,,34625,11,,,1,30,,34627,11,,,1,70,,34624,11,,,1,30,,34633,11,,,1,70,,34634,11,,,1,30,,34630,11,,,1,70,,34629,11,,,1,29,,34639,11,,,1,70,,34636,11,,,1,30,,34637,11,,,1,70,,34628,11,,,1,30,,34631,11,,,1,70,,34635,11,,,1,30,,34632,11,,,1,70,,34638,11,,,1,29,,34640,11,,,1
5901,'Semaine-4',511,,34645,11,,,1,13,,34681,11,,,1,16,,34654,11,,,1,15,,34675,11,,,1,55,,34655,11,,,1,15,,34644,11,,,1,6,,34646,11,,,1,20,,34649,11,,,1,66,,34652,11,,,1,18,,34653,11,,,1,14,,34648,11,,,1,10,,34677,11,,,1,48,,34663,11,,,1,10,,34668,11,,,1,13,,34642,11,,,1,12,,34658,11,,,1,13,,34643,11,,,1,52,,34661,11,,,1,32,,34687,11,,,1,70,,34682,11,,,1,30,,34669,11,,,1,70,,34651,11,,,1,30,,34662,11,,,1,70,,34665,11,,,1,30,,34650,11,,,1,71,,34679,11,,,1,29,,34641,11,,,1,70,,34683,11,,,1,30,,34673,11,,,1,73,,34676,11,,,1,100,,34680,11,,,1,101,,34660,11,,,1,99,,34667,11,,,1,38,,34672,11,,,1,70,,34659,11,,,1,30,,34666,11,,,1,70,,34671,11,,,1,30,,34678,11,,,1,70,,34656,11,,,1,30,,34674,11,,,1,71,,34664,11,,,1,30,,34647,11,,,1,70,,34657,11,,,1,30,,34670,11,,,1
64100,'Semaine-4',734,,37116,15,0,9 10,1
80000,'Samedi-3',718,,37142,15,,,2,100,,37143,15,,,1,100,,37144,15,,,2,100,,37146,15,,,1,100,,37147,15,,,2,100,,37145,15,,,2,100,,37148,15,,,1,100,,37149,15,,,2,100,,37150,15,,,1,100,,37151,15,,,1,100,,37152,15,,,2,100,,37153,15,,,1,100,,37156,15,,,1,100,,37154,15,,,1,100,,37155,15,,,2,99,,37157,15,,,1,100,,37158,15,,,1
80000,'Dimanche-3',718,,37163,15,,,2,100,,37159,15,,,1,100,,37164,15,,,2,100,,37160,15,,,1,100,,37161,15,,,2,100,,37165,15,,,2,100,,37162,15,,,1,100,,37167,15,,,2,100,,37166,15,,,1,100,,37168,15,,,1,100,,37171,15,,,2,100,,37169,15,,,1,100,,37170,15,,,1,100,,37172,15,,,1,100,,37173,15,,,2,99,,37175,15,,,1,100,,37174,15,,,1
80000,'Semaine-4',553,,37207,15,,,1,70,,37189,15,,,1,30,,37179,15,,,1,54,,37182,15,,,1,16,,37202,15,,,1,33,,37190,15,,,1,60,,37178,15,,,1,26,,37204,15,,,1,70,,37181,15,,,2,30,,37199,15,,,1,70,,37193,15,,,1,31,,37211,15,,,1,69,,37180,15,,,1,30,,37197,15,,,2,70,,37195,15,,,1,30,,37210,15,,,1,70,,37192,15,,,1,30,,37205,15,,,1,71,,37194,15,,,1,30,,37201,15,,,1,71,,37200,15,,,2,31,,37196,15,,,1,70,,37208,15,,,2,31,,37183,15,,,1,67,,37191,15,,,1,30,,37185,15,,,1,71,,37206,15,,,1,29,,37184,15,,,1,70,,37188,15,,,1,30,,37176,15,,,1,70,,37209,15,,,1,30,,37186,15,,,1,69,,37187,15,,,1,30,,37203,15,,,1,70,,37177,15,,,1,29,,37198,15,,,1
