1801,'Semaine-1-_26ÉTÉ-1111100-',625,,24566,10,,,1,86,,24568,10,,,1,45,,24567,10,,,2
1801,'Semaine-10-_26ÉTÉ-1111100-',625,,26973,10,,,1,86,,26975,10,,,1,45,,26974,10,,,2
2001,'Semaine-1-_26ÉTÉ-1111100-',1542,,24572,15,,,1,101,,24573,15,,,1,99,,24574,15,,,2
2001,'Semaine-10-_26ÉTÉ-1111100-',1542,,26979,15,,,1,101,,26980,15,,,1,99,,26981,15,,,2
9301,'Semaine-1-_26ÉTÉ-1111100-',642,,26508,48,,,1,60,,26506,48,,,1,22,,26505,48,,,1,34,,26509,48,,,2,70,,26507,48,,,1
9301,'Semaine-10-_26ÉTÉ-1111100-',642,,30579,48,,,1,60,,30577,48,,,1,22,,30576,48,,,1,34,,30580,48,,,2,70,,30578,48,,,1
9501,'Semaine-1-_26ÉTÉ-1111100-',634,,26525,62,,,1,15,,26521,62,,,1,57,,26523,62,,,1,16,,26528,62,,,2,17,,26524,62,,,2,16,,26526,62,,,2,57,,26527,62,,,1,13,,26522,62,,,2
9501,'Semaine-10-_26ÉTÉ-1111100-',634,,30596,62,,,1,15,,30592,62,,,1,57,,30594,62,,,1,16,,30599,62,,,2,17,,30595,62,,,2,16,,30597,62,,,2,57,,30598,62,,,1,13,,30593,62,,,2
10001,'Semaine-1-_26ÉTÉ-1111100-',626,,26589,10,,,1,10,,26587,10,,,1,10,,26586,10,,,1,10,,26585,10,,,1,50,,26588,10,,,1,10,,26590,10,,,1,10,,26591,10,,,1,10,,26592,10,,,1,10,,26593,10,,,1,10,,26594,10,,,1,50,,26595,10,,,1,10,,26596,10,,,1,10,,26597,10,,,1,10,,26598,10,,,1,10,,26599,10,,,1
10001,'Semaine-10-_26ÉTÉ-1111100-',626,,30726,10,,,1,10,,30724,10,,,1,10,,30723,10,,,1,10,,30722,10,,,1,50,,30725,10,,,1,10,,30727,10,,,1,10,,30728,10,,,1,10,,30729,10,,,1,10,,30730,10,,,1,10,,30731,10,,,1,50,,30732,10,,,1,10,,30733,10,,,1,10,,30734,10,,,1,10,,30735,10,,,1,10,,30736,10,,,1
20001,'Semaine-1-_26ÉTÉ-1111100-',627,,26631,8,,,1,6,,26632,10,,,1,6,,26633,8,,,1,5,,26634,10,,,1,5,,26635,8,,,1,6,,26657,10,,,1,46,,26636,8,,,1,6,,26637,10,,,1,6,,26654,8,,,1,6,,26638,10,,,1,5,,26653,8,,,1,4,,26640,10,,,1,4,,26649,8,,,1,3,,26639,8,,,1,3,,26630,10,,,1,4,,26656,8,,,1,3,,26645,8,,,1,3,,26641,10,,,1,4,,26643,8,,,1,3,,26655,8,,,1,3,,26642,10,,,1,46,,26646,8,,,1,5,,26644,10,,,1,4,,26648,8,,,1,5,,26647,10,,,1,6,,26658,8,,,1,6,,26650,10,,,1,6,,26651,8,,,1,5,,26652,10,,,1,7,,26659,8,,,1
20001,'Semaine-10-_26ÉTÉ-1111100-',627,,30768,8,,,1,6,,30769,10,,,1,6,,30770,8,,,1,5,,30771,10,,,1,5,,30772,8,,,1,6,,30794,10,,,1,46,,30773,8,,,1,6,,30774,10,,,1,6,,30791,8,,,1,6,,30775,10,,,1,5,,30790,8,,,1,4,,30777,10,,,1,4,,30786,8,,,1,3,,30776,8,,,1,3,,30767,10,,,1,4,,30793,8,,,1,3,,30782,8,,,1,3,,30778,10,,,1,4,,30780,8,,,1,3,,30792,8,,,1,3,,30779,10,,,1,46,,30783,8,,,1,5,,30781,10,,,1,4,,30785,8,,,1,5,,30784,10,,,1,6,,30795,8,,,1,6,,30787,10,,,1,6,,30788,8,,,1,5,,30789,10,,,1,7,,30796,8,,,1
40001,'Samedi-0-_26ÉTÉ-0000010-',637,,31156,10,,,1,15,,31159,10,,,1,55,,31161,10,,,1,15,,31157,10,,,1,15,,31158,10,,,1,15,,31160,10,,,1,56,,31166,10,,,1,15,,31173,10,,,1,15,,31164,10,,,1,14,,31184,10,,,1,55,,31162,10,,,1,15,,31163,10,,,1,15,,31172,10,,,1,16,,31165,10,,,1,55,,31167,10,,,1,15,,31175,10,,,1,15,,31176,10,,,1,15,,31177,10,,,1,55,,31183,10,,,1,16,,31182,10,,,1,15,,31186,10,,,1,15,,31169,10,,,1,53,,31168,10,,,1,15,,31171,10,,,1,15,,31174,10,,,1,15,,31170,10,,,1,55,,31179,10,,,1,15,,31181,10,,,1,16,,31187,10,,,1,15,,31178,10,,,1,55,,31180,10,,,1,15,,31185,10,,,1,15,,31188,10,,,1,15,,31189,10,,,1,55,,31190,10,,,1,15,,31191,10,,,1,15,,31192,10,,,1,15,,31193,10,,,1,55,,31194,10,,,1,15,,31195,10,,,1,15,,31196,10,,,1,15,,31197,10,,,1,55,,31198,10,,,1,15,,31199,10,,,1,15,,31200,10,,,1,15,,31201,10,,,1,55,,31202,10,,,1,16,,31205,10,,,1,18,,31203,10,,,1,14,,31204,10,,,1,52,,31207,10,,,1,16,,31206,10,,,1,14,,31211,10,,,1,16,,31209,10,,,1,55,,31210,10,,,1,15,,31208,10,,,1,15,,31212,10,,,1,15,,31214,10,,,1,55,,31215,10,,,1,15,,31216,10,,,1,15,,31213,10,,,1,16,,31219,10,,,1,53,,31218,10,,,1,15,,31217,10,,,1,15,,31220,10,,,1,15,,31221,10,,,1,55,,31222,10,,,1,15,,31223,10,,,1,15,,31225,10,,,1,14,,31224,10,,,1,56,,31227,10,,,1,15,,31226,10,,,1,15,,31228,10,,,1
40001,'Dimanche-0-_26ÉTÉ-0000001-',637,,31229,10,,,1,15,,31232,10,,,1,55,,31240,10,,,1,15,,31245,10,,,1,15,,31230,10,,,1,15,,31235,10,,,1,56,,31241,10,,,1,15,,31251,10,,,1,15,,31231,10,,,1,14,,31233,10,,,1,55,,31239,10,,,1,15,,31244,10,,,1,15,,31247,10,,,1,16,,31236,10,,,1,55,,31260,10,,,1,15,,31252,10,,,1,15,,31242,10,,,1,15,,31253,10,,,1,55,,31256,10,,,1,16,,31265,10,,,1,15,,31234,10,,,1,15,,31262,10,,,1,53,,31261,10,,,1,15,,31263,10,,,1,15,,31243,10,,,1,15,,31237,10,,,1,55,,31266,10,,,1,15,,31264,10,,,1,16,,31249,10,,,1,15,,31246,10,,,1,55,,31254,10,,,1,15,,31259,10,,,1,15,,31270,10,,,1,15,,31238,10,,,1,55,,31267,10,,,1,15,,31257,10,,,1,15,,31250,10,,,1,15,,31248,10,,,1,55,,31255,10,,,1,15,,31258,10,,,1,15,,31277,10,,,1,15,,31281,10,,,1,55,,31273,10,,,1,15,,31290,10,,,1,15,,31269,10,,,1,15,,31284,10,,,1,55,,31274,10,,,1,16,,31291,10,,,1,18,,31278,10,,,1,14,,31282,10,,,1,52,,31297,10,,,1,16,,31289,10,,,1,14,,31268,10,,,1,16,,31283,10,,,1,55,,31288,10,,,1,15,,31292,10,,,1,15,,31271,10,,,1,15,,31276,10,,,1,55,,31280,10,,,1,15,,31286,10,,,1,15,,31301,10,,,1,16,,31294,10,,,1,53,,31287,10,,,1,15,,31296,10,,,1,15,,31299,10,,,1,15,,31275,10,,,1,55,,31279,10,,,1,15,,31285,10,,,1,15,,31300,10,,,1,14,,31293,10,,,1,56,,31272,10,,,1,15,,31295,10,,,1,15,,31298,10,,,1
40001,'Semaine-1-_26ÉTÉ-1111100-',508,,26874,10,,,1,12,,26875,10,,,1,8,,26876,10,,,1,12,,26877,10,,,1,10,,26878,10,,,1,50,,26879,10,,,1,4,,26880,10,,,1,5,,26881,10,,,1,5,,26882,10,,,1,5,,26888,10,,,1,230,,26883,10,,,1,9,,26884,8,,,1,46,,26885,10,,,1,11,,26886,10,,,1,11,,26887,10,,,1,10,,26833,10,,,1,10,,26819,10,,,1,10,,26843,10,,,1,51,,26844,10,,,1,9,,26889,10,,,1,10,,26809,10,,,1,10,,26890,10,,,1,10,,26807,10,,,1,10,,26840,10,,,1,50,,26860,10,,,1,9,,26828,10,,,1,11,,26835,10,,,1,10,,26832,10,,,1,10,,26811,10,,,1,10,,26871,10,,,1,50,,26845,10,,,1,10,,26857,10,,,1,10,,26810,10,,,1,10,,26820,10,,,1,10,,26813,10,,,1,10,,26829,10,,,1,50,,26861,10,,,1,10,,26842,10,,,1,10,,26836,10,,,1,10,,26831,10,,,1,10,,26825,10,,,1,10,,26867,10,,,1,50,,26846,10,,,1,10,,26858,10,,,1,10,,26873,10,,,1,10,,26822,10,,,1,14,,26805,10,,,1,50,,26863,10,,,1,7,,26862,10,,,1,10,,26847,10,,,1,9,,26837,10,,,1,12,,26815,10,,,1,11,,26865,10,,,1,53,,26872,10,,,1,11,,26859,10,,,1,11,,26893,10,,,1,15,,26839,10,,,1,15,,26868,10,,,1,50,,26891,10,,,1,11,,26852,10,,,1,13,,26830,10,,,1,11,,26816,10,,,1,12,,26821,10,,,1,52,,26892,10,,,1,12,,26823,10,,,1,12,,26848,10,,,1,11,,26838,10,,,1,12,,26869,10,,,1,51,,26855,10,,,1,12,,26834,10,,,1,12,,26817,10,,,1,14,,26856,10,,,1,12,,26895,10,,,1,50,,26894,10,,,1,12,,26824,10,,,1,12,,26849,10,,,1,12,,26827,10,,,1,12,,26870,10,,,1,52,,26853,10,,,1,13,,26812,10,,,1,13,,26896,10,,,1,17,,26818,10,,,1,15,,26814,10,,,1,55,,26864,10,,,1,12,,26850,10,,,1,14,,26826,10,,,1,16,,26854,10,,,1,55,,26866,10,,,1,15,,26808,10,,,1,15,,26806,10,,,1,15,,26841,10,,,1,69,,26851,10,,,1
40001,'Semaine-10-_26ÉTÉ-1111100-',508,,31371,10,,,1,12,,31372,10,,,1,8,,31373,10,,,1,12,,31374,10,,,1,10,,31375,10,,,1,50,,31376,10,,,1,4,,31377,10,,,1,5,,31378,10,,,1,5,,31379,10,,,1,5,,31385,10,,,1,230,,31380,10,,,1,9,,31381,8,,,1,46,,31382,10,,,1,11,,31383,10,,,1,11,,31384,10,,,1,10,,31330,10,,,1,10,,31316,10,,,1,10,,31340,10,,,1,51,,31341,10,,,1,9,,31386,10,,,1,10,,31306,10,,,1,10,,31387,10,,,1,10,,31304,10,,,1,10,,31337,10,,,1,50,,31357,10,,,1,9,,31325,10,,,1,11,,31332,10,,,1,10,,31329,10,,,1,10,,31308,10,,,1,10,,31368,10,,,1,50,,31342,10,,,1,10,,31354,10,,,1,10,,31307,10,,,1,10,,31317,10,,,1,10,,31310,10,,,1,10,,31326,10,,,1,50,,31358,10,,,1,10,,31339,10,,,1,10,,31333,10,,,1,10,,31328,10,,,1,10,,31322,10,,,1,10,,31364,10,,,1,50,,31343,10,,,1,10,,31355,10,,,1,10,,31370,10,,,1,10,,31319,10,,,1,14,,31302,10,,,1,50,,31360,10,,,1,7,,31359,10,,,1,10,,31344,10,,,1,9,,31334,10,,,1,12,,31312,10,,,1,11,,31362,10,,,1,53,,31369,10,,,1,11,,31356,10,,,1,11,,31390,10,,,1,15,,31336,10,,,1,15,,31365,10,,,1,50,,31388,10,,,1,11,,31349,10,,,1,13,,31327,10,,,1,11,,31313,10,,,1,12,,31318,10,,,1,52,,31389,10,,,1,12,,31320,10,,,1,12,,31345,10,,,1,11,,31335,10,,,1,12,,31366,10,,,1,51,,31352,10,,,1,12,,31331,10,,,1,12,,31314,10,,,1,14,,31353,10,,,1,12,,31392,10,,,1,50,,31391,10,,,1,12,,31321,10,,,1,12,,31346,10,,,1,12,,31324,10,,,1,12,,31367,10,,,1,52,,31350,10,,,1,13,,31309,10,,,1,13,,31393,10,,,1,17,,31315,10,,,1,15,,31311,10,,,1,55,,31361,10,,,1,12,,31347,10,,,1,14,,31323,10,,,1,16,,31351,10,,,1,55,,31363,10,,,1,15,,31305,10,,,1,15,,31303,10,,,1,15,,31338,10,,,1,69,,31348,10,,,1
80001,'Samedi-0-_26ÉTÉ-0000010-',623,,31463,10,,,1,100,,31465,10,,,1,99,,31466,10,,,2,100,,31469,10,,,1,101,,31464,10,,,2,100,,31467,10,,,1,99,,31470,10,,,1,99,,31468,10,,,2,100,,31471,10,,,1,100,,31472,10,,,1,100,,31473,10,,,2,99,,31474,10,,,1,98,,31477,10,,,1,101,,31475,10,,,2,100,,31476,10,,,2,100,,31478,10,,,1,103,,31479,10,,,1
80001,'Dimanche-0-_26ÉTÉ-0000001-',623,,31480,10,,,1,100,,31481,10,,,1,99,,31485,10,,,2,100,,31482,10,,,1,101,,31486,10,,,2,100,,31483,10,,,1,99,,31484,10,,,1,99,,31488,10,,,2,100,,31487,10,,,1,100,,31489,10,,,1,100,,31491,10,,,2,99,,31492,10,,,1,98,,31493,10,,,1,101,,31490,10,,,2,100,,31494,10,,,2,100,,31495,10,,,1,103,,31496,10,,,1
80001,'Semaine-1-_26ÉTÉ-1111100-',609,,26954,10,,,1,29,,26940,10,,,1,70,,26960,10,,,1,28,,26944,10,,,2,75,,26934,10,,,2,28,,26951,10,,,2,69,,26948,10,,,2,31,,26956,10,,,1,70,,26961,10,,,2,30,,26947,10,,,1,70,,26955,10,,,1,29,,26937,10,,,1,70,,26965,10,,,1,29,,26964,10,,,2,74,,26935,10,,,2,30,,26958,10,,,1,70,,26946,10,,,1,31,,26952,10,,,1,70,,26962,10,,,1,27,,26949,10,,,2,18,,26959,10,,,1,61,,26966,10,,,2,28,,26957,10,,,1,66,,26950,10,,,1,29,,26938,10,,,1,71,,26942,10,,,1,28,,26932,10,,,1,68,,26963,10,,,1,32,,26939,10,,,1,67,,26941,10,,,1,29,,26945,10,,,1,70,,26933,10,,,2,30,,26953,10,,,1,74,,26936,10,,,1,32,,26943,10,,,1
80001,'Semaine-10-_26ÉTÉ-1111100-',609,,31519,10,,,1,29,,31505,10,,,1,70,,31525,10,,,1,28,,31509,10,,,2,75,,31499,10,,,2,28,,31516,10,,,2,69,,31513,10,,,2,31,,31521,10,,,1,70,,31526,10,,,2,30,,31512,10,,,1,70,,31520,10,,,1,29,,31502,10,,,1,70,,31530,10,,,1,29,,31529,10,,,2,74,,31500,10,,,2,30,,31523,10,,,1,70,,31511,10,,,1,31,,31517,10,,,1,70,,31527,10,,,1,27,,31514,10,,,2,18,,31524,10,,,1,61,,31531,10,,,2,28,,31522,10,,,1,66,,31515,10,,,1,29,,31503,10,,,1,71,,31507,10,,,1,28,,31497,10,,,1,68,,31528,10,,,1,32,,31504,10,,,1,67,,31506,10,,,1,29,,31510,10,,,1,70,,31498,10,,,2,30,,31518,10,,,1,74,,31501,10,,,1,32,,31508,10,,,1
