1801,'Semaine-1-_26ÉTÉ-1111100-',647,,37319,24,,,1,87,,37321,24,,,1,85,,37320,24,,,2
1801,'Semaine-10-_26ÉTÉ-1111100-',647,,37322,24,,,1,87,,37324,24,,,1,85,,37323,24,,,2
1801,'Semaine-11-_26ÉTÉ-1111100-',647,,45364,24,,,1,87,,45366,24,,,1,85,,45365,24,,,2
1801,'Semaine-5-_26ÉTÉ-1111100-',647,,49935,24,,,1,87,,49937,24,,,1,85,,49936,24,,,2
2801,'Semaine-1-_26ÉTÉ-1111100-',718,,37428,44,,,1,31,,37429,44,,,1,99,,37427,44,,,2
2801,'Semaine-10-_26ÉTÉ-1111100-',718,,37431,44,,,1,31,,37432,44,,,1,99,,37430,44,,,2
2801,'Semaine-11-_26ÉTÉ-1111100-',718,,45419,44,,,1,31,,45420,44,,,1,99,,45418,44,,,2
2801,'Semaine-5-_26ÉTÉ-1111100-',718,,49990,44,,,1,31,,49991,44,,,1,99,,49989,44,,,2
5801,'Semaine-1-_26ÉTÉ-1111100-',614,,40546,32,,,1,32,,40550,32,,,2,72,,40548,32,,,1,32,,40547,32,,,1,70,,40544,32,,,1,30,,40549,32,,,1,803,,40545,33,,,1
5801,'Semaine-10-_26ÉTÉ-1111100-',614,,40553,32,,,1,32,,40557,32,,,2,72,,40555,32,,,1,32,,40554,32,,,1,70,,40551,32,,,1,30,,40556,32,,,1,803,,40552,33,,,1
5801,'Semaine-11-_26ÉTÉ-1111100-',614,,46765,32,,,1,32,,46769,32,,,2,72,,46767,32,,,1,32,,46766,32,,,1,70,,46763,32,,,1,30,,46768,32,,,1,803,,46764,33,,,1
5801,'Semaine-5-_26ÉTÉ-1111100-',614,,50912,32,,,1,32,,50916,32,,,2,72,,50914,32,,,1,32,,50913,32,,,1,70,,50910,32,,,1,30,,50915,32,,,1,803,,50911,33,,,1
