2700,'Semaine-1-_26ÉTÉ-1111100-',1556,,37405,9,,,1,70,,37403,9,,,2,28,,37407,9,,,1,71,,37404,9,,,1,28,,37406,9,,,2
2700,'Semaine-10-_26ÉTÉ-1111100-',1556,,37410,9,,,1,70,,37408,9,,,2,28,,37412,9,,,1,71,,37409,9,,,1,28,,37411,9,,,2
2700,'Semaine-11-_26ÉTÉ-1111100-',1556,,45408,9,,,1,70,,45406,9,,,2,28,,45410,9,,,1,71,,45407,9,,,1,28,,45409,9,,,2
3300,'Samedi-0-_26ÉTÉ-0000010-',701,,37942,19,,,1,132,,37947,19,,,1,99,,37944,19,,,1,98,,37948,19,,,1,101,,37943,19,,,1,100,,37946,19,,,1,100,,37945,19,,,1,100,,37949,19,,,1,103,,37950,19,,,1,97,,37951,19,,,1,100,,37952,19,,,1,99,,37953,19,,,1,98,,37954,19,,,1,100,,37958,19,,,1,100,,37955,19,,,1,100,,37956,19,,,1,100,,37957,19,,,1,99,,37959,19,,,1
3300,'Samedi-10-_26ÉTÉ-0000010-',701,,45657,19,,,1,132,,45662,19,,,1,99,,45659,19,,,1,98,,45663,19,,,1,101,,45658,19,,,1,100,,45661,19,,,1,100,,45660,19,,,1,100,,45664,19,,,1,103,,45665,19,,,1,97,,45666,19,,,1,100,,45667,19,,,1,99,,45668,19,,,1,98,,45669,19,,,1,100,,45673,19,,,1,100,,45670,19,,,1,100,,45671,19,,,1,100,,45672,19,,,1,99,,45674,19,,,1
3300,'Dimanche-0-_26ÉTÉ-0000001-',701,,37961,19,,,1,132,,37960,19,,,1,99,,37963,19,,,1,98,,37965,19,,,1,101,,37966,19,,,1,100,,37967,19,,,1,100,,37962,19,,,1,100,,37969,19,,,1,103,,37964,19,,,1,97,,37970,19,,,1,100,,37973,19,,,1,99,,37977,19,,,1,98,,37974,19,,,1,100,,37968,19,,,1,100,,37971,19,,,1,100,,37976,19,,,1,100,,37972,19,,,1,99,,37975,19,,,1
3300,'Dimanche-10-_26ÉTÉ-0000001-',701,,37979,19,,,1,132,,37978,19,,,1,99,,37981,19,,,1,98,,37983,19,,,1,101,,37984,19,,,1,100,,37985,19,,,1,100,,37980,19,,,1,100,,37987,19,,,1,103,,37982,19,,,1,97,,37988,19,,,1,100,,37991,19,,,1,99,,37995,19,,,1,98,,37992,19,,,1,100,,37986,19,,,1,100,,37989,19,,,1,100,,37994,19,,,1,100,,37990,19,,,1,99,,37993,19,,,1
3300,'Dimanche-11-_26ÉTÉ-0000001-',701,,48886,19,,,1,132,,48885,19,,,1,99,,48888,19,,,1,98,,48890,19,,,1,101,,48891,19,,,1,100,,48892,19,,,1,100,,48887,19,,,1,100,,48894,19,,,1,103,,48889,19,,,1,97,,48895,19,,,1,100,,48898,19,,,1,99,,48902,19,,,1,98,,48899,19,,,1,100,,48893,19,,,1,100,,48896,19,,,1,100,,48901,19,,,1,100,,48897,19,,,1,99,,48900,19,,,1
3300,'Semaine-1-_26ÉTÉ-1111100-',626,,38023,12,,,1,76,,38022,19,,,2,22,,38028,19,,,2,15,,38001,19,,,2,62,,38016,19,,,2,21,,38024,19,,,2,4,,38035,19,,,1,9,,38036,19,,,1,73,,38029,19,,,2,12,,38011,19,,,1,10,,38014,19,,,2,14,,38031,19,,,1,70,,38017,19,,,1,27,,38006,19,,,1,71,,38012,19,,,2,28,,37996,19,,,1,71,,38019,19,,,1,29,,38007,19,,,1,72,,38015,19,,,1,20,,38034,19,,,1,6,,38018,19,,,1,68,,38021,19,,,1,30,,38008,19,,,1,15,,38030,12,,,1,56,,38026,19,,,1,36,,38020,19,,,1,12,,37998,19,,,1,59,,38010,19,,,1,19,,38033,19,,,2,13,,38032,19,,,2,12,,38027,12,,,1,61,,38005,19,,,1,28,,38004,19,,,1,61,,38009,19,,,2,25,,37997,19,,,2,67,,38002,19,,,1,32,,38037,12,,,1,80,,38013,19,,,1,96,,38003,19,,,1,40,,37999,19,,,1,105,,38025,19,,,1,97,,38038,19,,,1,65,,38000,19,,,1
3300,'Semaine-10-_26ÉTÉ-1111100-',626,,38066,12,,,1,76,,38065,19,,,2,22,,38071,19,,,2,15,,38044,19,,,2,62,,38059,19,,,2,21,,38067,19,,,2,4,,38078,19,,,1,9,,38079,19,,,1,73,,38072,19,,,2,12,,38054,19,,,1,10,,38057,19,,,2,14,,38074,19,,,1,70,,38060,19,,,1,27,,38049,19,,,1,71,,38055,19,,,2,28,,38039,19,,,1,71,,38062,19,,,1,29,,38050,19,,,1,72,,38058,19,,,1,20,,38077,19,,,1,6,,38061,19,,,1,68,,38064,19,,,1,30,,38051,19,,,1,15,,38073,12,,,1,56,,38069,19,,,1,36,,38063,19,,,1,12,,38041,19,,,1,59,,38053,19,,,1,19,,38076,19,,,2,13,,38075,19,,,2,12,,38070,12,,,1,61,,38048,19,,,1,28,,38047,19,,,1,61,,38052,19,,,2,25,,38040,19,,,2,67,,38045,19,,,1,32,,38080,12,,,1,80,,38056,19,,,1,96,,38046,19,,,1,40,,38042,19,,,1,105,,38068,19,,,1,97,,38081,19,,,1,65,,38043,19,,,1
3300,'Semaine-11-_26ÉTÉ-1111100-',626,,45702,12,,,1,76,,45701,19,,,2,22,,45707,19,,,2,15,,45680,19,,,2,62,,45695,19,,,2,21,,45703,19,,,2,4,,45714,19,,,1,9,,45715,19,,,1,73,,45708,19,,,2,12,,45690,19,,,1,10,,45693,19,,,2,14,,45710,19,,,1,70,,45696,19,,,1,27,,45685,19,,,1,71,,45691,19,,,2,28,,45675,19,,,1,71,,45698,19,,,1,29,,45686,19,,,1,72,,45694,19,,,1,20,,45713,19,,,1,6,,45697,19,,,1,68,,45700,19,,,1,30,,45687,19,,,1,15,,45709,12,,,1,56,,45705,19,,,1,36,,45699,19,,,1,12,,45677,19,,,1,59,,45689,19,,,1,19,,45712,19,,,2,13,,45711,19,,,2,12,,45706,12,,,1,61,,45684,19,,,1,28,,45683,19,,,1,61,,45688,19,,,2,25,,45676,19,,,2,67,,45681,19,,,1,32,,45716,12,,,1,80,,45692,19,,,1,96,,45682,19,,,1,40,,45678,19,,,1,105,,45704,19,,,1,97,,45717,19,,,1,65,,45679,19,,,1
