6701,'Samedi-0-_26ÉTÉ-0000010-',639,,41950,20,,,1,101,,41956,20,,,1,99,,41952,20,,,1,101,,41951,20,,,1,71,,41954,20,,,1,28,,41959,20,,,1,72,,41960,20,,,2,30,,41953,20,,,1,70,,41955,20,,,1,30,,41958,20,,,1,70,,41961,20,,,1,30,,41962,20,,,1,70,,41957,20,,,1,30,,41963,20,,,1,71,,41964,20,,,1,30,,41965,20,,,2,70,,41966,20,,,2,29,,41967,20,,,1,71,,41968,20,,,1,29,,41969,20,,,1,70,,41970,20,,,2,29,,41971,20,,,1,70,,41972,20,,,2,100,,41973,20,,,1,100,,41974,20,,,1,100,,41976,20,,,1,100,,41975,20,,,1
6701,'Dimanche-0-_26ÉTÉ-0000001-',639,,41977,20,,,1,101,,41982,20,,,1,99,,41985,20,,,1,101,,41980,20,,,1,71,,41978,20,,,1,28,,41979,20,,,1,72,,41981,20,,,2,30,,41989,20,,,1,70,,41983,20,,,1,30,,41987,20,,,1,70,,41984,20,,,1,30,,41992,20,,,1,70,,41993,20,,,1,30,,41990,20,,,1,71,,41995,20,,,1,30,,41986,20,,,2,70,,41998,20,,,2,29,,41991,20,,,1,71,,41988,20,,,1,29,,41996,20,,,1,70,,41999,20,,,2,29,,42003,20,,,1,70,,42002,20,,,2,100,,41994,20,,,1,100,,42000,20,,,1,100,,41997,20,,,1,100,,42001,20,,,1
6701,'Dimanche-10-_26ÉTÉ-0000001-',639,,42004,20,,,1,101,,42009,20,,,1,99,,42012,20,,,1,101,,42007,20,,,1,71,,42005,20,,,1,28,,42006,20,,,1,72,,42008,20,,,2,30,,42016,20,,,1,70,,42010,20,,,1,30,,42014,20,,,1,70,,42011,20,,,1,30,,42019,20,,,1,70,,42020,20,,,1,30,,42017,20,,,1,71,,42022,20,,,1,30,,42013,20,,,2,70,,42025,20,,,2,29,,42018,20,,,1,71,,42015,20,,,1,29,,42023,20,,,1,70,,42026,20,,,2,29,,42030,20,,,1,70,,42029,20,,,2,100,,42021,20,,,1,100,,42027,20,,,1,100,,42024,20,,,1,100,,42028,20,,,1
6701,'Dimanche-11-_26ÉTÉ-0000001-',639,,49477,20,,,1,101,,49482,20,,,1,99,,49485,20,,,1,101,,49480,20,,,1,71,,49478,20,,,1,28,,49479,20,,,1,72,,49481,20,,,2,30,,49489,20,,,1,70,,49483,20,,,1,30,,49487,20,,,1,70,,49484,20,,,1,30,,49492,20,,,1,70,,49493,20,,,1,30,,49490,20,,,1,71,,49495,20,,,1,30,,49486,20,,,2,70,,49498,20,,,2,29,,49491,20,,,1,71,,49488,20,,,1,29,,49496,20,,,1,70,,49499,20,,,2,29,,49503,20,,,1,70,,49502,20,,,2,100,,49494,20,,,1,100,,49500,20,,,1,100,,49497,20,,,1,100,,49501,20,,,1
6701,'Semaine-1-_26ÉTÉ-1111100-',916,,42051,20,,,1,20,,42040,20,,,1,20,,42058,20,,,2,60,,42044,20,,,1,20,,42038,20,,,2,20,,42059,20,,,1,60,,42052,20,,,1,20,,42041,20,,,1,20,,42060,20,,,2,60,,42045,20,,,1,20,,42048,20,,,2,21,,42061,20,,,1,59,,42047,20,,,1,20,,42042,20,,,2,20,,42062,20,,,1,60,,42053,20,,,1,20,,42055,20,,,1,20,,42057,20,,,1,60,,42049,20,,,2,33,,42033,20,,,1,70,,42056,20,,,2,29,,42036,20,,,1,70,,42054,20,,,1,30,,42050,20,,,1,69,,42043,20,,,1,30,,42031,20,,,1,68,,42046,20,,,1,30,,42034,20,,,1,70,,42063,20,,,1,30,,42032,20,,,1,70,,42065,20,,,1,30,,42035,20,,,1,70,,42066,20,,,1,29,,42037,20,,,2,69,,42064,20,,,1,30,,42039,20,,,2
6701,'Semaine-10-_26ÉTÉ-1111100-',916,,42087,20,,,1,20,,42076,20,,,1,20,,42094,20,,,2,60,,42080,20,,,1,20,,42074,20,,,2,20,,42095,20,,,1,60,,42088,20,,,1,20,,42077,20,,,1,20,,42096,20,,,2,60,,42081,20,,,1,20,,42084,20,,,2,21,,42097,20,,,2,59,,42083,20,,,1,20,,42078,20,,,2,20,,42098,20,,,1,60,,42089,20,,,1,20,,42091,20,,,1,20,,42093,20,,,1,60,,42085,20,,,2,33,,42069,20,,,1,70,,42092,20,,,2,29,,42072,20,,,1,70,,42090,20,,,1,30,,42086,20,,,1,69,,42079,20,,,1,30,,42067,20,,,1,68,,42082,20,,,1,30,,42070,20,,,1,70,,42099,20,,,1,30,,42068,20,,,1,70,,42101,20,,,1,30,,42071,20,,,1,70,,42102,20,,,1,29,,42073,20,,,2,69,,42100,20,,,1,30,,42075,20,,,2
6701,'Semaine-11-_26ÉTÉ-1111100-',916,,47412,20,,,1,20,,47401,20,,,1,20,,47419,20,,,2,60,,47405,20,,,1,20,,47399,20,,,2,20,,47420,20,,,1,60,,47413,20,,,1,20,,47402,20,,,1,20,,47421,20,,,2,60,,47406,20,,,1,20,,47409,20,,,2,21,,47422,20,,,1,59,,47408,20,,,1,20,,47403,20,,,2,20,,47423,20,,,1,60,,47414,20,,,1,20,,47416,20,,,1,20,,47418,20,,,1,60,,47410,20,,,2,33,,47394,20,,,1,70,,47417,20,,,2,29,,47397,20,,,1,70,,47415,20,,,1,30,,47411,20,,,1,69,,47404,20,,,1,30,,47392,20,,,1,68,,47407,20,,,1,30,,47395,20,,,1,70,,47424,20,,,1,30,,47393,20,,,1,70,,47426,20,,,1,30,,47396,20,,,1,70,,47427,20,,,1,29,,47398,20,,,2,69,,47425,20,,,1,30,,47400,20,,,2
6701,'Semaine-12-_26ÉTÉ-1111100-',916,,53764,20,,,1,20,,53753,20,,,1,20,,53771,20,,,2,60,,53757,20,,,1,20,,53751,20,,,2,20,,53772,20,,,1,60,,53765,20,,,1,20,,53754,20,,,1,20,,53773,20,,,2,60,,53758,20,,,1,20,,53761,20,,,2,21,,53774,20,,,1,59,,53760,20,,,1,20,,53755,20,,,2,20,,53775,20,,,1,60,,53766,20,,,1,20,,53768,20,,,1,20,,53770,20,,,1,60,,53762,20,,,2,33,,53746,20,,,1,70,,53769,20,,,2,29,,53749,20,,,1,70,,53767,20,,,1,30,,53763,20,,,1,69,,53756,20,,,1,30,,53744,20,,,1,68,,53759,20,,,1,30,,53747,20,,,1,70,,53776,20,,,1,30,,53745,20,,,1,70,,53778,20,,,1,30,,53748,20,,,1,70,,53779,20,,,1,29,,53750,20,,,2,69,,53777,20,,,1,30,,53752,20,,,2
6701,'Semaine-5-_26ÉTÉ-1111100-',916,,51331,20,,,1,20,,51320,20,,,1,20,,51338,20,,,2,60,,51324,20,,,1,20,,51318,20,,,2,20,,51339,20,,,1,60,,51332,20,,,1,20,,51321,20,,,1,20,,51340,20,,,2,60,,51325,20,,,1,20,,51328,20,,,2,21,,51341,20,,,1,59,,51327,20,,,1,20,,51322,20,,,2,20,,51342,20,,,1,60,,51333,20,,,1,20,,51335,20,,,1,20,,51337,20,,,1,60,,51329,20,,,2,33,,51313,20,,,1,70,,51336,20,,,2,29,,51316,20,,,1,70,,51334,20,,,1,30,,51330,20,,,1,69,,51323,20,,,1,30,,51311,20,,,1,68,,51326,20,,,1,30,,51314,20,,,1,70,,51343,20,,,1,30,,51312,20,,,1,70,,51345,20,,,1,30,,51315,20,,,1,70,,51346,20,,,1,29,,51317,20,,,2,69,,51344,20,,,1,30,,51319,20,,,2
8501,'Semaine-1-_26ÉTÉ-1111100-',535,,43613,24,,,1,70,,43615,24,,,1,25,,43618,24,,,1,18,,43617,24,,,2,54,,43622,24,,,2,19,,43614,24,,,2,15,,43620,24,,,1,15,,43616,24,,,2,55,,43621,24,,,1,20,,43619,24,,,1
8501,'Semaine-10-_26ÉTÉ-1111100-',535,,43623,24,,,1,70,,43625,24,,,1,25,,43628,24,,,1,18,,43627,24,,,2,54,,43632,24,,,2,19,,43624,24,,,2,15,,43630,24,,,1,15,,43626,24,,,2,55,,43631,24,,,1,20,,43629,24,,,1
8501,'Semaine-11-_26ÉTÉ-1111100-',535,,48095,24,,,1,70,,48097,24,,,1,25,,48100,24,,,1,18,,48099,24,,,2,54,,48104,24,,,2,19,,48096,24,,,2,15,,48102,24,,,1,15,,48098,24,,,2,55,,48103,24,,,1,20,,48101,24,,,1
8501,'Semaine-12-_26ÉTÉ-1111100-',535,,54271,24,,,1,70,,54273,24,,,1,25,,54276,24,,,1,18,,54275,24,,,2,54,,54280,24,,,2,19,,54272,24,,,2,15,,54278,24,,,1,15,,54274,24,,,2,55,,54279,24,,,1,20,,54277,24,,,1
8501,'Semaine-5-_26ÉTÉ-1111100-',535,,51838,24,,,1,70,,51840,24,,,1,25,,51843,24,,,1,18,,51842,24,,,2,54,,51847,24,,,2,19,,51839,24,,,2,15,,51845,24,,,1,15,,51841,24,,,2,55,,51846,24,,,1,20,,51844,24,,,1
8701,'Semaine-1-_26ÉTÉ-1111100-',519,,43663,20,,,1,31,,43656,20,,,1,69,,43661,20,,,2,20,,43659,20,,,2,18,,43657,20,,,1,55,,43666,20,,,2,13,,43662,20,,,2,17,,43658,20,,,2,15,,43665,20,,,1,59,,43664,20,,,2,20,,43660,20,,,2,20,,43655,20,,,2
8701,'Semaine-10-_26ÉTÉ-1111100-',519,,43675,20,,,1,31,,43668,20,,,1,69,,43673,20,,,2,20,,43671,20,,,2,18,,43669,20,,,1,55,,43678,20,,,2,13,,43674,20,,,2,17,,43670,20,,,2,15,,43677,20,,,1,59,,43676,20,,,2,20,,43672,20,,,2,20,,43667,20,,,2
8701,'Semaine-11-_26ÉTÉ-1111100-',519,,48124,20,,,1,31,,48117,20,,,1,69,,48122,20,,,2,20,,48120,20,,,2,18,,48118,20,,,1,55,,48127,20,,,2,13,,48123,20,,,2,17,,48119,20,,,2,15,,48126,20,,,1,59,,48125,20,,,2,20,,48121,20,,,2,20,,48116,20,,,2
8701,'Semaine-12-_26ÉTÉ-1111100-',519,,54300,20,,,1,31,,54293,20,,,1,69,,54298,20,,,2,20,,54296,20,,,2,18,,54294,20,,,1,55,,54303,20,,,2,13,,54299,20,,,2,17,,54295,20,,,2,15,,54302,20,,,1,59,,54301,20,,,2,20,,54297,20,,,2,20,,54292,20,,,2
8701,'Semaine-5-_26ÉTÉ-1111100-',519,,51867,20,,,1,31,,51860,20,,,1,69,,51865,20,,,2,20,,51863,20,,,2,18,,51861,20,,,1,55,,51870,20,,,2,13,,51866,20,,,2,17,,51862,20,,,2,15,,51869,20,,,1,59,,51868,20,,,2,20,,51864,20,,,2,20,,51859,20,,,2
57101,'Semaine-5-_26ÉTÉ-1111100-',711,,52281,47,,,2
