1501,'Semaine-1-_26ÉTÉ-1111100-',705,,37309,12,,,2
1501,'Semaine-10-_26ÉTÉ-1111100-',705,,37310,12,,,2
1501,'Semaine-11-_26ÉTÉ-1111100-',705,,45359,12,,,2
1501,'Semaine-12-_26ÉTÉ-1111100-',705,,52367,12,,,2
1501,'Semaine-5-_26ÉTÉ-1111100-',705,,49930,12,,,2
6901,'Samedi-0-_26ÉTÉ-0000010-',817,,42308,16,,,1,100,,42309,16,,,1,100,,42310,16,,,1,100,,42311,16,,,1,100,,42313,16,,,1,100,,42312,16,,,1,100,,42314,16,,,1,100,,42315,16,,,1,100,,42316,16,,,1,100,,42317,16,,,1,100,,42318,16,,,1,100,,42319,16,,,1,100,,42320,16,,,2,100,,42321,16,,,2,100,,42322,16,,,2
6901,'Dimanche-0-_26ÉTÉ-0000001-',817,,42327,16,,,1,100,,42325,16,,,1,100,,42326,16,,,1,100,,42323,16,,,1,100,,42324,16,,,1,100,,42328,16,,,1,100,,42329,16,,,1,100,,42332,16,,,1,100,,42333,16,,,1,100,,42330,16,,,1,100,,42331,16,,,1,100,,42337,16,,,1,100,,42335,16,,,2,100,,42336,16,,,2,100,,42334,16,,,2
6901,'Dimanche-10-_26ÉTÉ-0000001-',817,,42342,16,,,1,100,,42340,16,,,1,100,,42341,16,,,1,100,,42338,16,,,1,100,,42339,16,,,1,100,,42343,16,,,1,100,,42344,16,,,1,100,,42347,16,,,1,100,,42348,16,,,1,100,,42345,16,,,1,100,,42346,16,,,1,100,,42352,16,,,1,100,,42350,16,,,2,100,,42351,16,,,2,100,,42349,16,,,2
6901,'Dimanche-11-_26ÉTÉ-0000001-',817,,49523,16,,,1,100,,49521,16,,,1,100,,49522,16,,,1,100,,49519,16,,,1,100,,49520,16,,,1,100,,49524,16,,,1,100,,49525,16,,,1,100,,49528,16,,,1,100,,49529,16,,,1,100,,49526,16,,,1,100,,49527,16,,,1,100,,49533,16,,,1,100,,49531,16,,,2,100,,49532,16,,,2,100,,49530,16,,,2
6901,'Semaine-1-_26ÉTÉ-1111100-',550,,42357,16,,,1,70,,42371,16,,,1,30,,42360,16,,,1,72,,42368,16,,,1,30,,42356,16,,,1,68,,42361,16,,,1,30,,42374,16,,,2,59,,42362,16,,,1,101,,42363,16,,,2,100,,42364,16,,,2,100,,42365,16,,,2,95,,42366,16,,,2,100,,42367,16,,,1,100,,42372,16,,,2,100,,42353,16,,,2,100,,42369,16,,,2,100,,42370,16,,,2,30,,42359,16,,,2,110,,42358,16,,,2,100,,42373,16,,,2,100,,42355,16,,,1,100,,42354,16,,,1
6901,'Semaine-10-_26ÉTÉ-1111100-',550,,42379,16,,,1,70,,42393,16,,,1,30,,42382,16,,,1,72,,42390,16,,,1,30,,42378,16,,,1,68,,42383,16,,,1,30,,42396,16,,,2,59,,42384,16,,,1,101,,42385,16,,,2,100,,42386,16,,,2,100,,42387,16,,,2,95,,42388,16,,,2,100,,42389,16,,,1,100,,42394,16,,,2,100,,42375,16,,,2,100,,42391,16,,,2,100,,42392,16,,,2,30,,42381,16,,,2,110,,42380,16,,,2,100,,42395,16,,,2,100,,42377,16,,,2,100,,42376,16,,,2
6901,'Semaine-11-_26ÉTÉ-1111100-',550,,47542,16,,,1,70,,47556,16,,,1,30,,47545,16,,,1,72,,47553,16,,,1,30,,47541,16,,,1,68,,47546,16,,,1,30,,47559,16,,,2,59,,47547,16,,,1,101,,47548,16,,,2,100,,47549,16,,,2,100,,47550,16,,,2,95,,47551,16,,,2,100,,47552,16,,,1,100,,47557,16,,,2,100,,47538,16,,,2,100,,47554,16,,,2,100,,47555,16,,,2,30,,47544,16,,,2,110,,47543,16,,,2,100,,47558,16,,,2,100,,47540,16,,,1,100,,47539,16,,,1
6901,'Semaine-12-_26ÉTÉ-1111100-',550,,53864,16,,,1,70,,53878,16,,,1,30,,53867,16,,,1,72,,53875,16,,,1,30,,53863,16,,,1,68,,53868,16,,,1,30,,53881,16,,,2,59,,53869,16,,,1,101,,53870,16,,,2,100,,53871,16,,,2,100,,53872,16,,,2,95,,53873,16,,,2,100,,53874,16,,,1,100,,53879,16,,,2,100,,53860,16,,,2,100,,53876,16,,,2,100,,53877,16,,,2,30,,53866,16,,,2,110,,53865,16,,,2,100,,53880,16,,,2,100,,53862,16,,,1,100,,53861,16,,,1
6901,'Semaine-5-_26ÉTÉ-1111100-',550,,51431,16,,,1,70,,51445,16,,,1,30,,51434,16,,,1,72,,51442,16,,,1,30,,51430,16,,,1,68,,51435,16,,,1,30,,51448,16,,,2,59,,51436,16,,,1,101,,51437,16,,,2,100,,51438,16,,,2,100,,51439,16,,,2,95,,51440,16,,,2,100,,51441,16,,,1,100,,51446,16,,,2,100,,51427,16,,,2,100,,51443,16,,,2,100,,51444,16,,,2,30,,51433,16,,,2,110,,51432,16,,,2,100,,51447,16,,,2,100,,51429,16,,,1,100,,51428,16,,,1
