4801,'Semaine-1-_26ÉTÉ-1111100-',756,,39665,42,,,1
4801,'Semaine-10-_26ÉTÉ-1111100-',756,,39666,42,,,1
8501,'Semaine-1-_26ÉTÉ-1111100-',544,,43613,34,,,1,70,,43615,34,,,1,25,,43618,34,,,1,20,,43617,34,,,2,54,,43622,34,,,2,19,,43614,34,,,2,15,,43620,34,,,1,55,,43616,34,,,2,15,,43621,34,,,1,20,,43619,34,,,1
8501,'Semaine-10-_26ÉTÉ-1111100-',544,,43623,34,,,1,70,,43625,34,,,1,25,,43628,34,,,1,20,,43627,34,,,2,54,,43632,34,,,2,19,,43624,34,,,2,15,,43630,34,,,1,55,,43626,34,,,2,15,,43631,34,,,1,20,,43629,34,,,1
8701,'Semaine-1-_26ÉTÉ-1111100-',529,,43663,30,,,1,71,,43656,30,,,1,29,,43661,30,,,2,20,,43659,30,,,2,60,,43657,30,,,1,15,,43666,30,,,2,13,,43662,30,,,2,17,,43658,30,,,2,55,,43665,30,,,1,18,,43664,30,,,2,20,,43660,30,,,2,60,,43655,30,,,2
8701,'Semaine-10-_26ÉTÉ-1111100-',529,,43675,30,,,1,71,,43668,30,,,1,29,,43673,30,,,2,20,,43671,30,,,2,60,,43669,30,,,1,15,,43678,30,,,2,13,,43674,30,,,2,17,,43670,30,,,2,55,,43677,30,,,1,18,,43676,30,,,2,20,,43672,30,,,2,60,,43667,30,,,2
9301,'Semaine-1-_26ÉTÉ-1111100-',650,,43696,54,,,1,60,,43694,54,,,1,21,,43693,54,,,1,76,,43697,54,,,2,30,,43695,54,,,1
9301,'Semaine-10-_26ÉTÉ-1111100-',650,,43701,54,,,1,60,,43699,54,,,1,21,,43698,54,,,1,76,,43702,54,,,2,30,,43700,54,,,1
9401,'Semaine-1-_26ÉTÉ-1111100-',610,,43703,44,,,1
9401,'Semaine-10-_26ÉTÉ-1111100-',610,,43704,44,,,1
9501,'Semaine-1-_26ÉTÉ-1111100-',642,,43729,67,,,1,15,,43725,67,,,1,57,,43727,67,,,1,16,,43732,67,,,2,17,,43728,67,,,2,57,,43730,67,,,2,17,,43731,67,,,1,13,,43726,67,,,2
9501,'Semaine-10-_26ÉTÉ-1111100-',642,,43737,67,,,1,15,,43733,67,,,1,57,,43735,67,,,1,16,,43740,67,,,2,17,,43736,67,,,2,57,,43738,67,,,2,17,,43739,67,,,1,13,,43734,67,,,2
9801,'Semaine-1-_26ÉTÉ-1111100-',554,,43914,57,,,1,50,,43915,57,,,1,10,,43916,57,,,1
9801,'Semaine-10-_26ÉTÉ-1111100-',554,,43917,57,,,1,50,,43918,57,,,1,10,,43919,57,,,1
10001,'Semaine-1-_26ÉTÉ-1111100-',634,,43956,16,,,1,10,,43954,16,,,1,10,,43953,16,,,1,50,,43952,16,,,1,10,,43955,16,,,1,10,,43957,16,,,1,10,,43958,16,,,1,10,,43959,16,,,1,10,,43960,16,,,1,50,,43961,16,,,1,10,,43962,16,,,1,10,,43963,16,,,1,9,,43964,16,,,1,10,,43965,16,,,1,10,,43966,16,,,1
10001,'Semaine-10-_26ÉTÉ-1111100-',634,,43971,16,,,1,10,,43969,16,,,1,10,,43968,16,,,1,50,,43967,16,,,1,10,,43970,16,,,1,10,,43972,16,,,1,10,,43973,16,,,1,10,,43974,16,,,1,10,,43975,16,,,1,50,,43976,16,,,1,10,,43977,16,,,1,10,,43978,16,,,1,9,,43979,16,,,1,10,,43980,16,,,1,10,,43981,16,,,1
