3400,'Samedi-3',809,,33104,60,4,,1,107,,33109,60,4,,1,30,,33105,60,4,,2,70,,33111,60,4,,1,30,,33112,60,4,,1,73,,33106,60,4,,1,30,,33107,60,4,,1,70,,33108,60,4,,1,30,,33110,60,4,,2,72,,33113,60,4,,1,30,,33115,60,4,,1,71,,33114,60,4,,2,30,,33116,60,4,,1,70,,33117,60,4,,1,30,,33118,60,4,,1,69,,33119,60,4,,1,30,,33120,60,4,,1,70,,33121,60,4,,1,30,,33122,60,4,,1,70,,33123,60,4,,1,30,,33124,60,4,,1,68,,33125,60,4,,1,27,,33126,60,4,,2,70,,33127,60,4,,1,30,,33128,60,4,,1,70,,33129,60,4,,1,30,,33130,60,4,,1,70,,33131,60,4,,1,30,,33132,60,4,,1,69,,33134,60,4,,1,31,,33133,60,4,,1,69,,33136,60,4,,1,30,,33135,60,4,,1,65,,33137,60,4,,1
3400,'Dimanche-3',809,,33142,60,4,,1,107,,33146,60,4,,1,30,,33144,60,4,,2,70,,33139,60,4,,1,30,,33147,60,4,,1,73,,33150,60,4,,1,30,,33149,60,4,,1,70,,33138,60,4,,1,30,,33140,60,4,,2,72,,33151,60,4,,1,30,,33141,60,4,,1,71,,33143,60,4,,2,30,,33145,60,4,,1,70,,33154,60,4,,1,30,,33148,60,4,,1,69,,33152,60,4,,1,30,,33155,60,4,,1,70,,33159,60,4,,1,30,,33164,60,4,,1,70,,33156,60,4,,1,30,,33157,60,4,,1,68,,33167,60,4,,1,27,,33158,60,4,,2,70,,33163,60,4,,1,30,,33153,60,4,,1,70,,33160,60,4,,1,30,,33162,60,4,,1,70,,33165,60,4,,1,30,,33171,60,4,,1,69,,33166,60,4,,1,31,,33168,60,4,,1,69,,33161,60,4,,1,30,,33169,60,4,,1,65,,33170,60,4,,1
3400,'Semaine-4',655,,33202,60,4,,1,69,,33187,60,4,,1,34,,33181,60,4,,1,78,,33185,60,4,,1,67,,33176,60,4,,1,25,,33196,60,4,,1,30,,33182,60,4,,1,68,,33172,60,4,,1,30,,33177,60,4,,1,70,,33178,60,4,,1,30,,33183,60,4,,1,70,,33173,60,4,,1,31,,33203,60,4,,1,70,,33179,60,4,,1,30,,33184,60,4,,1,70,,33174,60,4,,1,75,,33200,60,4,,1,26,,33175,60,4,,1,25,,33201,60,4,,2,350,,33199,60,4,,2,20,,33188,60,4,,1,27,,33180,60,4,,1,70,,33192,60,4,,1,30,,33198,60,4,,1,70,,33189,60,4,,2,28,,33191,60,4,,1,70,,33193,60,4,,1,30,,33186,60,4,,1,70,,33195,60,4,,1,25,,33190,60,4,,1,68,,33194,60,4,,1,30,,33197,60,4,,1
4100,'Semaine-4',1605,,33902,54,4,,1,32,,33904,54,4,,1,74,,33903,54,4,,1,25,,33901,54,4,,1,69,,33905,54,4,,1
4901,'Samedi-3',759,,34012,60,4,,1,100,,34011,60,4,,1,100,,34013,60,4,,1,143,,34009,60,4,,1,100,,34014,60,4,,1,102,,34010,60,4,,1,99,,34015,60,4,,1,103,,34016,60,4,,1,99,,34017,60,4,,1,100,,34018,60,4,,1,100,,34019,60,4,,1,53,,34020,60,4,,1,142,,34021,60,4,,1,100,,34022,60,4,,1,100,,34023,60,4,,1,58,,34024,60,4,,1,99,,34025,60,4,,1
4901,'Dimanche-3',759,,34030,60,4,,1,100,,34026,60,4,,1,100,,34029,60,4,,1,143,,34031,60,4,,1,100,,34028,60,4,,1,102,,34027,60,4,,1,99,,34033,60,4,,1,103,,34034,60,4,,1,99,,34032,60,4,,1,100,,34038,60,4,,1,100,,34042,60,4,,1,53,,34035,60,4,,1,142,,34036,60,4,,1,100,,34037,60,4,,1,59,,34039,60,4,,1,99,,34040,60,4,,1,99,,34041,60,4,,1
4901,'Semaine-4',649,,34049,60,4,,1,87,,34054,60,4,,1,71,,34070,60,4,,1,34,,34066,60,4,,1,68,,34064,60,4,,1,26,,34074,60,4,,1,67,,34056,60,4,,1,30,,34072,60,4,,1,70,,34068,60,4,,1,31,,34043,60,4,,1,70,,34065,60,4,,1,30,,34044,60,4,,1,72,,34050,60,4,,1,28,,34052,60,4,,1,70,,34057,60,4,,1,28,,34073,60,4,,1,73,,34055,60,4,,1,34,,34075,60,4,,1,64,,34071,60,4,,1,12,,34058,60,4,,1,16,,34045,60,4,,1,14,,34061,60,4,,1,74,,34051,60,4,,1,22,,34053,60,4,,1,68,,34069,60,4,,1,26,,34063,60,4,,1,71,,34067,60,4,,1,53,,34046,60,4,,1,80,,34062,60,4,,1,100,,34060,60,4,,1,96,,34047,60,4,,1,103,,34059,60,4,,1,92,,34048,60,4,,1
5001,'Semaine-4',1656,,34082,41,4,,1,102,,34084,41,4,,1,93,,34083,41,4,,1
5200,'Samedi-3',709,,34085,59,4,,1,100,,34086,59,4,,2,102,,34087,59,4,,1,97,,34088,59,4,,2,100,,34089,59,4,,1,105,,34090,59,4,,1,100,,34091,59,4,,2,100,,34092,59,4,,1,99,,34093,59,4,,1,101,,34094,59,4,,1,100,,34095,59,4,,1,101,,34096,59,4,,1,97,,34097,59,4,,1,100,,34100,59,4,,1,100,,34098,59,4,,1,96,,34099,59,4,,2,99,,34101,59,4,,2,100,,34102,59,4,,1
5200,'Dimanche-3',709,,34104,59,4,,1,100,,34103,59,4,,2,102,,34105,59,4,,1,97,,34106,59,4,,2,100,,34108,59,4,,1,105,,34113,59,4,,1,100,,34107,59,4,,2,100,,34110,59,4,,1,99,,34111,59,4,,1,101,,34109,59,4,,1,100,,34112,59,4,,1,101,,34119,59,4,,1,97,,34118,59,4,,1,100,,34114,59,4,,1,100,,34120,59,4,,1,96,,34117,59,4,,2,99,,34116,59,4,,2,100,,34115,59,4,,1
5200,'Semaine-4',640,,34124,59,4,,1,102,,34126,59,4,,1,108,,34121,59,4,,1,93,,34137,59,4,,2,99,,34135,59,4,,1,101,,34122,59,4,,2,100,,34129,59,4,,1,99,,34128,59,4,,1,103,,34125,59,4,,1,102,,34123,59,4,,1,109,,34127,59,4,,1,98,,34138,59,4,,1,147,,34136,59,4,,1,100,,34130,59,4,,1,41,,34134,59,4,,1,100,,34133,59,4,,2,98,,34131,59,4,,1,99,,34132,59,4,,1
5500,'Samedi-3',736,,34202,63,4,,1,70,,34199,63,4,,1,30,,34200,63,4,,1,70,,34203,63,4,,1,30,,34201,63,4,,1,70,,34208,63,4,,1,31,,34205,63,4,,1,70,,34206,63,4,,1,31,,34211,63,4,,1,72,,34210,63,4,,1,28,,34204,63,4,,1,70,,34207,63,4,,1,30,,34209,63,4,,1,74,,34212,63,4,,1,30,,34213,63,4,,1,70,,34214,63,4,,1,30,,34215,63,4,,1,69,,34216,63,4,,1,30,,34217,63,4,,1,70,,34218,63,4,,1,30,,34219,63,4,,1,70,,34220,63,4,,1,32,,34221,63,4,,1,68,,34222,63,4,,1,29,,34224,63,4,,1,70,,34223,63,4,,1,30,,34225,63,4,,1,70,,34227,63,4,,1,30,,34226,63,4,,1,70,,34228,63,4,,1,26,,34229,63,4,,1,70,,34232,63,4,,1,30,,34234,63,4,,1,70,,34231,63,4,,1,30,,34230,63,4,,1,66,,34233,63,4,,1
5500,'Dimanche-3',736,,34237,63,4,,1,70,,34242,63,4,,1,30,,34246,63,4,,1,70,,34240,63,4,,1,30,,34238,63,4,,1,70,,34243,63,4,,1,31,,34245,63,4,,1,70,,34239,63,4,,1,31,,34235,63,4,,1,72,,34236,63,4,,1,28,,34248,63,4,,1,70,,34252,63,4,,1,30,,34250,63,4,,1,74,,34247,63,4,,1,30,,34241,63,4,,1,70,,34255,63,4,,1,30,,34256,63,4,,1,69,,34257,63,4,,1,30,,34251,63,4,,1,70,,34264,63,4,,1,30,,34261,63,4,,1,70,,34249,63,4,,1,32,,34269,63,4,,1,68,,34263,63,4,,1,29,,34244,63,4,,1,70,,34267,63,4,,1,30,,34260,63,4,,1,70,,34253,63,4,,1,30,,34258,63,4,,1,70,,34254,63,4,,1,26,,34265,63,4,,1,70,,34262,63,4,,1,30,,34259,63,4,,1,70,,34268,63,4,,1,30,,34266,63,4,,1,67,,34270,63,4,,1
5500,'Semaine-4',633,,34273,63,4,,1,109,,34289,63,4,,1,103,,34272,63,4,,1,94,,34308,63,4,,1,68,,34309,63,4,,1,30,,34278,63,4,,1,69,,34288,63,4,,1,31,,34292,63,4,,1,73,,34314,63,4,,1,30,,34274,63,4,,1,70,,34313,63,4,,1,30,,34291,63,4,,1,70,,34306,63,4,,1,29,,34300,63,4,,1,68,,34307,63,4,,1,16,,34293,63,4,,1,17,,34271,63,4,,1,14,,34312,63,4,,1,58,,34282,63,4,,1,15,,34315,63,4,,1,13,,34303,63,4,,1,10,,34275,63,4,,1,53,,34286,63,4,,1,14,,34318,63,4,,1,13,,34311,63,4,,1,11,,34277,63,4,,1,12,,34294,63,4,,1,49,,34287,63,4,,1,11,,34316,63,4,,1,9,,34301,63,4,,1,7,,34281,63,4,,1,12,,34276,63,4,,1,10,,34317,63,4,,1,52,,34285,63,4,,1,11,,34280,63,4,,1,10,,34290,63,4,,1,30,,34305,63,4,,1,68,,34310,63,4,,1,30,,34297,63,4,,1,70,,34283,63,4,,1,30,,34304,63,4,,1,67,,34295,63,4,,1,27,,34298,63,4,,1,70,,34284,63,4,,1,30,,34299,63,4,,1,67,,34296,63,4,,1,29,,34279,63,4,,1,69,,34302,63,4,,1
5800,'Semaine-4',848,,34451,37,4,,2,397,,34452,37,4,,1,303,,34454,37,4,,2,71,,34449,37,4,,2,30,,34450,37,4,,1,70,,34453,37,4,,1,28,,34448,37,4,,1,69,,34447,37,4,,1
5900,'Samedi-3',742,,34466,49,4,,1,70,,34469,49,4,,1,30,,34462,49,4,,1,70,,34468,49,4,,1,30,,34465,49,4,,1,70,,34470,49,4,,1,30,,34474,49,4,,1,70,,34475,49,4,,1,30,,34464,49,4,,1,70,,34463,49,4,,1,31,,34473,49,4,,1,71,,34467,49,4,,1,30,,34471,49,4,,1,71,,34476,49,4,,1,30,,34472,49,4,,1,70,,34477,49,4,,1,30,,34478,49,4,,1,69,,34479,49,4,,1,30,,34480,49,4,,1,74,,34481,49,4,,1,27,,34482,49,4,,1,70,,34483,49,4,,1,29,,34484,49,4,,1,70,,34485,49,4,,1,30,,34486,49,4,,1,68,,34488,49,4,,1,30,,34487,49,4,,1,70,,34490,49,4,,1,30,,34489,49,4,,1,69,,34491,49,4,,1,29,,34492,49,4,,1,70,,34494,49,4,,1,30,,34493,49,4,,1,70,,34495,49,4,,1
5900,'Dimanche-3',742,,34502,49,4,,1,70,,34497,49,4,,1,30,,34500,49,4,,1,70,,34505,49,4,,1,30,,34509,49,4,,1,70,,34498,49,4,,1,30,,34501,49,4,,1,70,,34507,49,4,,1,30,,34508,49,4,,1,70,,34496,49,4,,1,31,,34499,49,4,,1,71,,34504,49,4,,1,30,,34506,49,4,,1,71,,34503,49,4,,1,30,,34511,49,4,,1,70,,34516,49,4,,1,30,,34510,49,4,,1,69,,34521,49,4,,1,30,,34522,49,4,,1,74,,34513,49,4,,1,27,,34517,49,4,,1,70,,34528,49,4,,1,29,,34512,49,4,,1,70,,34518,49,4,,1,30,,34514,49,4,,1,68,,34519,49,4,,1,30,,34524,49,4,,1,70,,34525,49,4,,1,30,,34515,49,4,,1,69,,34529,49,4,,1,29,,34523,49,4,,1,70,,34520,49,4,,1,30,,34527,49,4,,1,70,,34526,49,4,,1
5900,'Semaine-4',654,,34537,49,4,,1,147,,34572,49,4,,1,100,,34553,49,4,,1,41,,34549,49,4,,1,68,,34570,49,4,,1,30,,34546,49,4,,1,71,,34569,49,4,,1,30,,34560,49,4,,1,70,,34554,49,4,,1,33,,34562,49,4,,1,69,,34545,49,4,,1,31,,34573,49,4,,1,70,,34536,49,4,,1,31,,34567,49,4,,1,13,,34538,49,4,,1,59,,34571,49,4,,1,33,,34531,49,4,,1,54,,34575,49,4,,1,16,,34530,49,4,,1,7,,34565,49,4,,1,17,,34561,49,4,,1,8,,34574,44,4,,1,4,,34548,49,4,,1,56,,34532,49,4,,1,4,,34576,44,4,,1,6,,34533,49,4,,1,12,,34541,49,4,,1,8,,34568,49,4,,1,12,,34557,49,4,,1,51,,34544,49,4,,1,9,,34566,49,4,,1,10,,34552,49,4,,1,11,,34564,49,4,,1,9,,34534,49,4,,1,11,,34539,49,4,,1,70,,34559,49,4,,1,30,,34550,49,4,,1,70,,34555,49,4,,1,30,,34543,49,4,,1,70,,34551,49,4,,1,30,,34556,49,4,,1,66,,34563,49,4,,1,30,,34540,49,4,,1,70,,34558,49,4,,1,28,,34547,49,4,,1,70,,34535,49,4,,1,28,,34542,49,4,,1
55001,'Semaine-4',1604,,37096,39,4,,1
64000,'Semaine-4',1518,,37113,20,4,,1
64101,'Semaine-4',1526,,37117,28,4,,1
74000,'Semaine-4',1705,,37133,55,4,,1
80001,'Samedi-3',658,,37212,57,4,,1,100,,37214,57,4,,1,100,,37215,57,4,,2,100,,37218,57,4,,1,143,,37213,57,4,,2,100,,37216,57,4,,1,100,,37219,57,4,,1,100,,37217,57,4,,2,100,,37220,57,4,,1,100,,37221,57,4,,1,100,,37222,57,4,,2,100,,37223,57,4,,1,56,,37226,57,4,,1,100,,37224,57,4,,1,100,,37225,57,4,,2,100,,37227,57,4,,1,100,,37228,57,4,,1
80001,'Dimanche-3',658,,37229,57,4,,1,100,,37230,57,4,,1,100,,37234,57,4,,2,100,,37231,57,4,,1,143,,37235,57,4,,2,100,,37232,57,4,,1,100,,37233,57,4,,1,100,,37237,57,4,,2,100,,37236,57,4,,1,100,,37238,57,4,,1,100,,37240,57,4,,2,100,,37241,57,4,,1,56,,37242,57,4,,1,100,,37239,57,4,,1,100,,37243,57,4,,2,100,,37244,57,4,,1,100,,37245,57,4,,1
80001,'Semaine-4',649,,37268,57,4,,1,71,,37254,57,4,,1,34,,37274,57,4,,2,69,,37258,57,4,,1,30,,37248,57,4,,1,66,,37265,57,4,,1,29,,37262,57,4,,1,70,,37270,57,4,,1,30,,37275,57,4,,1,70,,37261,57,4,,2,30,,37269,57,4,,1,70,,37251,57,4,,1,30,,37279,57,4,,1,71,,37278,57,4,,1,33,,37249,57,4,,1,70,,37272,57,4,,1,30,,37260,57,4,,2,70,,37266,57,4,,1,36,,37276,57,4,,2,69,,37263,57,4,,1,17,,37273,57,4,,1,60,,37280,57,4,,1,26,,37271,57,4,,2,27,,37264,57,4,,1,70,,37252,57,4,,2,25,,37256,57,4,,1,67,,37246,57,4,,1,30,,37277,57,4,,1,70,,37253,57,4,,1,27,,37255,57,4,,1,69,,37259,57,4,,1,30,,37247,57,4,,1,70,,37267,57,4,,1,30,,37250,57,4,,1,70,,37257,57,4,,1
