2600,'Semaine-1-_26ÉTÉ-1111100-',1610,,37385,31,,,1,32,,37384,31,,,1,69,,37383,31,,,2,31,,37386,31,,,1,65,,37387,31,,,1
2600,'Semaine-10-_26ÉTÉ-1111100-',1610,,37390,31,,,1,32,,37389,31,,,1,69,,37388,31,,,2,31,,37391,31,,,1,65,,37392,31,,,1
2600,'Semaine-11-_26ÉTÉ-1111100-',1610,,45398,31,,,1,32,,45397,31,,,1,69,,45396,31,,,2,31,,45399,31,,,1,65,,45400,31,,,1
2600,'Semaine-12-_26ÉTÉ-1111100-',1610,,52406,31,,,1,32,,52405,31,,,1,69,,52404,31,,,2,31,,52407,31,,,1,65,,52408,31,,,1
2600,'Semaine-5-_26ÉTÉ-1111100-',1610,,49969,31,,,1,32,,49968,31,,,1,69,,49967,31,,,2,31,,49970,31,,,1,65,,49971,31,,,1
3901,'Samedi-0-_26ÉTÉ-0000010-',629,,39431,33,,,1,101,,39433,33,,,1,100,,39437,33,,,1,101,,39436,33,,,1,100,,39439,33,,,1,100,,39438,33,,,1,102,,39434,33,,,1,70,,39432,33,,,1,30,,39440,33,,,1,70,,39435,33,,,2,30,,39441,33,,,1,70,,39442,33,,,1,31,,39443,33,,,2,70,,39444,33,,,1,30,,39445,33,,,1,70,,39446,33,,,1,30,,39447,33,,,1,70,,39448,33,,,1,29,,39449,33,,,1,69,,39450,33,,,1,100,,39451,33,,,1,100,,39452,33,,,1,100,,39453,33,,,1,100,,39454,33,,,1
3901,'Dimanche-0-_26ÉTÉ-0000001-',629,,39455,33,,,1,101,,39462,33,,,1,100,,39456,33,,,1,101,,39459,33,,,1,100,,39464,33,,,1,100,,39457,33,,,1,102,,39463,33,,,1,70,,39458,33,,,1,30,,39460,33,,,1,70,,39465,33,,,2,30,,39467,33,,,1,70,,39461,33,,,1,31,,39466,33,,,2,70,,39468,33,,,1,30,,39469,33,,,1,70,,39474,33,,,1,30,,39476,33,,,1,70,,39478,33,,,1,29,,39475,33,,,1,69,,39472,33,,,1,100,,39473,33,,,1,100,,39477,33,,,1,100,,39470,33,,,1,100,,39471,33,,,1
3901,'Dimanche-10-_26ÉTÉ-0000001-',629,,39479,33,,,1,101,,39486,33,,,1,100,,39480,33,,,1,101,,39483,33,,,1,100,,39488,33,,,1,100,,39481,33,,,1,102,,39487,33,,,1,70,,39482,33,,,1,30,,39484,33,,,1,70,,39489,33,,,2,30,,39491,33,,,1,70,,39485,33,,,1,31,,39490,33,,,2,70,,39492,33,,,1,30,,39493,33,,,1,70,,39498,33,,,1,30,,39500,33,,,1,70,,39502,33,,,1,29,,39499,33,,,1,69,,39496,33,,,1,100,,39497,33,,,1,100,,39501,33,,,1,100,,39494,33,,,1,100,,39495,33,,,1
3901,'Dimanche-11-_26ÉTÉ-0000001-',629,,49112,33,,,1,101,,49119,33,,,1,100,,49113,33,,,1,101,,49116,33,,,1,100,,49121,33,,,1,100,,49114,33,,,1,102,,49120,33,,,1,70,,49115,33,,,1,30,,49117,33,,,1,70,,49122,33,,,2,30,,49124,33,,,1,70,,49118,33,,,1,31,,49123,33,,,2,70,,49125,33,,,1,30,,49126,33,,,1,70,,49131,33,,,1,30,,49133,33,,,1,70,,49135,33,,,1,29,,49132,33,,,1,69,,49129,33,,,1,100,,49130,33,,,1,100,,49134,33,,,1,100,,49127,33,,,1,100,,49128,33,,,1
3901,'Semaine-1-_26ÉTÉ-1111100-',653,,39525,33,,,2,67,,39514,33,,,1,35,,39515,33,,,1,74,,39511,33,,,1,72,,39517,33,,,1,30,,39519,33,,,1,70,,39526,33,,,1,30,,39537,33,,,1,70,,39532,33,,,2,30,,39527,33,,,1,70,,39512,33,,,1,33,,39521,33,,,2,69,,39528,33,,,1,29,,39513,33,,,1,70,,39510,33,,,2,33,,39529,33,,,1,69,,39522,33,,,2,33,,39503,33,,,1,71,,39530,33,,,2,32,,39508,33,,,1,69,,39505,33,,,1,29,,39533,33,,,1,67,,39518,33,,,1,32,,39524,33,,,1,70,,39509,33,,,2,31,,39531,33,,,1,65,,39504,33,,,2,26,,39534,33,,,1,30,,39507,33,,,1,70,,39523,33,,,1,72,,39535,33,,,1,30,,39506,33,,,1,70,,39516,33,,,1,30,,39536,33,,,1,70,,39520,33,,,1
3901,'Semaine-10-_26ÉTÉ-1111100-',653,,39560,33,,,2,67,,39549,33,,,1,35,,39550,33,,,1,74,,39546,33,,,1,72,,39552,33,,,1,30,,39554,33,,,1,70,,39561,33,,,1,30,,39572,33,,,1,70,,39567,33,,,2,30,,39562,33,,,1,70,,39547,33,,,1,33,,39556,33,,,2,69,,39563,33,,,1,29,,39548,33,,,1,70,,39545,33,,,2,33,,39564,33,,,1,69,,39557,33,,,2,33,,39538,33,,,1,71,,39565,33,,,2,32,,39543,33,,,1,69,,39540,33,,,1,29,,39568,33,,,1,67,,39553,33,,,1,32,,39559,33,,,1,70,,39544,33,,,2,31,,39566,33,,,1,65,,39539,33,,,2,26,,39569,33,,,1,30,,39542,33,,,1,70,,39558,33,,,1,72,,39570,33,,,1,30,,39541,33,,,1,70,,39551,33,,,1,30,,39571,33,,,1,70,,39555,33,,,1
3901,'Semaine-11-_26ÉTÉ-1111100-',653,,46334,33,,,2,67,,46323,33,,,1,35,,46324,33,,,1,74,,46320,33,,,1,72,,46326,33,,,1,30,,46328,33,,,1,70,,46335,33,,,1,30,,46346,33,,,1,70,,46341,33,,,2,30,,46336,33,,,1,70,,46321,33,,,1,33,,46330,33,,,2,69,,46337,33,,,1,29,,46322,33,,,1,70,,46319,33,,,2,33,,46338,33,,,1,69,,46331,33,,,2,33,,46312,33,,,1,71,,46339,33,,,2,32,,46317,33,,,1,69,,46314,33,,,1,29,,46342,33,,,1,67,,46327,33,,,1,32,,46333,33,,,1,70,,46318,33,,,2,31,,46340,33,,,1,65,,46313,33,,,2,26,,46343,33,,,1,30,,46316,33,,,1,70,,46332,33,,,1,72,,46344,33,,,1,30,,46315,33,,,1,70,,46325,33,,,1,30,,46345,33,,,1,70,,46329,33,,,1
3901,'Semaine-12-_26ÉTÉ-1111100-',653,,53054,33,,,2,67,,53043,33,,,1,35,,53044,33,,,1,74,,53040,33,,,1,72,,53046,33,,,1,30,,53048,33,,,1,70,,53055,33,,,1,30,,53066,33,,,1,70,,53061,33,,,2,30,,53056,33,,,1,70,,53041,33,,,1,33,,53050,33,,,2,69,,53057,33,,,1,29,,53042,33,,,1,70,,53039,33,,,2,33,,53058,33,,,1,69,,53051,33,,,2,33,,53032,33,,,1,71,,53059,33,,,2,32,,53037,33,,,1,69,,53034,33,,,1,29,,53062,33,,,1,67,,53047,33,,,1,32,,53053,33,,,1,70,,53038,33,,,2,31,,53060,33,,,1,65,,53033,33,,,2,26,,53063,33,,,1,30,,53036,33,,,1,70,,53052,33,,,1,72,,53064,33,,,1,30,,53035,33,,,1,70,,53045,33,,,1,30,,53065,33,,,1,70,,53049,33,,,1
3901,'Semaine-5-_26ÉTÉ-1111100-',653,,50618,33,,,2,67,,50607,33,,,1,35,,50608,33,,,1,74,,50604,33,,,1,72,,50610,33,,,1,30,,50612,33,,,1,70,,50619,33,,,1,30,,50630,33,,,1,70,,50625,33,,,2,30,,50620,33,,,1,70,,50605,33,,,1,33,,50614,33,,,2,69,,50621,33,,,1,29,,50606,33,,,1,70,,50603,33,,,2,33,,50622,33,,,1,69,,50615,33,,,2,33,,50596,33,,,1,71,,50623,33,,,2,32,,50601,33,,,1,69,,50598,33,,,1,29,,50626,33,,,1,67,,50611,33,,,1,32,,50617,33,,,1,70,,50602,33,,,2,31,,50624,33,,,1,65,,50597,33,,,2,26,,50627,33,,,1,30,,50600,33,,,1,70,,50616,33,,,1,72,,50628,33,,,1,30,,50599,33,,,1,70,,50609,33,,,1,30,,50629,33,,,1,70,,50613,33,,,1
63901,'Semaine-5-_26ÉTÉ-1111100-',700,,52283,8,,,1
82601,'Semaine-5-_26ÉTÉ-1111100-',739,,52362,17,,,1
