4001,'Semaine-1-_26ÉTÉ-1111100-',601,,39588,9,,,2,31,,39587,9,,,2,70,,39590,9,,,2,31,,39586,9,,,1,70,,39585,9,,,2,28,,39589,9,,,2
4001,'Semaine-10-_26ÉTÉ-1111100-',601,,39594,9,,,2,31,,39593,9,,,2,70,,39596,9,,,2,31,,39592,9,,,1,70,,39591,9,,,2,28,,39595,9,,,2
4001,'Semaine-11-_26ÉTÉ-1111100-',601,,46356,9,,,2,31,,46355,9,,,2,70,,46358,9,,,2,31,,46354,9,,,1,70,,46353,9,,,2,28,,46357,9,,,2
5000,'Semaine-1-_26ÉTÉ-1111100-',636,,39895,10,,,2,64,,39894,10,,,1,28,,39896,10,,,1,30,,39893,10,,,1,149,,39897,10,,,1
5000,'Semaine-10-_26ÉTÉ-1111100-',636,,39900,10,,,2,64,,39899,10,,,1,28,,39901,10,,,1,30,,39898,10,,,1,149,,39902,10,,,1
5000,'Semaine-11-_26ÉTÉ-1111100-',636,,46492,10,,,2,64,,46491,10,,,1,28,,46493,10,,,1,30,,46490,10,,,1,149,,46494,10,,,1
5201,'Samedi-0-_26ÉTÉ-0000010-',638,,39999,10,,,2,100,,40000,10,,,1,100,,40001,10,,,2,100,,40002,10,,,1,100,,40004,10,,,1,100,,40003,10,,,1,100,,40005,10,,,2,100,,40006,10,,,1,101,,40007,10,,,2,99,,40008,10,,,1,100,,40009,10,,,1,100,,40010,10,,,1,100,,40013,10,,,1,100,,40011,10,,,1,100,,40015,10,,,2,100,,40012,10,,,1,100,,40014,10,,,1,100,,40016,10,,,1
5201,'Samedi-10-_26ÉTÉ-0000010-',638,,46534,10,,,2,100,,46535,10,,,1,100,,46536,10,,,2,100,,46537,10,,,1,100,,46539,10,,,1,100,,46538,10,,,1,100,,46540,10,,,2,100,,46541,10,,,1,101,,46542,10,,,2,99,,46543,10,,,1,100,,46544,10,,,1,100,,46545,10,,,1,100,,46548,10,,,1,100,,46546,10,,,1,100,,46550,10,,,2,100,,46547,10,,,1,100,,46549,10,,,1,100,,46551,10,,,1
5201,'Dimanche-0-_26ÉTÉ-0000001-',638,,40017,10,,,2,100,,40018,10,,,1,100,,40019,10,,,2,100,,40020,10,,,1,100,,40025,10,,,1,100,,40021,10,,,1,100,,40022,10,,,2,100,,40026,10,,,1,101,,40023,10,,,2,99,,40024,10,,,1,100,,40027,10,,,1,100,,40030,10,,,1,100,,40028,10,,,1,100,,40034,10,,,1,100,,40029,10,,,2,100,,40031,10,,,1,100,,40032,10,,,1,100,,40033,10,,,1
5201,'Dimanche-10-_26ÉTÉ-0000001-',638,,40035,10,,,2,100,,40036,10,,,1,100,,40037,10,,,2,100,,40038,10,,,1,100,,40043,10,,,1,100,,40039,10,,,1,100,,40040,10,,,2,100,,40044,10,,,1,101,,40041,10,,,2,99,,40042,10,,,1,100,,40045,10,,,1,100,,40048,10,,,1,100,,40046,10,,,1,100,,40052,10,,,1,100,,40047,10,,,2,100,,40049,10,,,1,100,,40050,10,,,1,100,,40051,10,,,1
5201,'Dimanche-11-_26ÉTÉ-0000001-',638,,49188,10,,,2,100,,49189,10,,,1,100,,49190,10,,,2,100,,49191,10,,,1,100,,49196,10,,,1,100,,49192,10,,,1,100,,49193,10,,,2,100,,49197,10,,,1,101,,49194,10,,,2,99,,49195,10,,,1,100,,49198,10,,,1,100,,49201,10,,,1,100,,49199,10,,,1,100,,49205,10,,,1,100,,49200,10,,,2,100,,49202,10,,,1,100,,49203,10,,,1,100,,49204,10,,,1
5201,'Semaine-1-_26ÉTÉ-1111100-',609,,40068,10,,,1,100,,40070,10,,,1,100,,40069,10,,,1,100,,40053,10,,,1,100,,40059,10,,,1,100,,40056,10,,,2,100,,40063,10,,,1,100,,40054,10,,,1,99,,40058,10,,,1,101,,40057,10,,,1,100,,40067,10,,,1,100,,40066,10,,,1,100,,40060,10,,,1,99,,40061,10,,,1,100,,40065,10,,,1,100,,40062,10,,,1,100,,40064,10,,,1,100,,40055,10,,,1
5201,'Semaine-10-_26ÉTÉ-1111100-',609,,40086,10,,,1,100,,40088,10,,,1,100,,40087,10,,,1,100,,40071,10,,,1,100,,40077,10,,,1,100,,40074,10,,,2,100,,40081,10,,,1,100,,40072,10,,,1,99,,40076,10,,,1,101,,40075,10,,,1,100,,40085,10,,,1,100,,40084,10,,,1,100,,40078,10,,,1,99,,40079,10,,,1,100,,40083,10,,,1,100,,40080,10,,,1,100,,40082,10,,,1,100,,40073,10,,,1
5201,'Semaine-11-_26ÉTÉ-1111100-',609,,46567,10,,,1,100,,46569,10,,,1,100,,46568,10,,,1,100,,46552,10,,,1,100,,46558,10,,,1,100,,46555,10,,,2,100,,46562,10,,,1,100,,46553,10,,,1,99,,46557,10,,,1,101,,46556,10,,,1,100,,46566,10,,,1,100,,46565,10,,,1,100,,46559,10,,,1,99,,46560,10,,,1,100,,46564,10,,,1,100,,46561,10,,,1,100,,46563,10,,,1,100,,46554,10,,,1
