2801,'Semaine-1-_26ÉTÉ-1111100-',700,,37428,30,,,1,31,,37429,30,,,1,99,,37427,30,,,2
2801,'Semaine-10-_26ÉTÉ-1111100-',700,,37431,30,,,1,31,,37432,30,,,1,99,,37430,30,,,2
2901,'Semaine-1-_26ÉTÉ-1111100-',715,,37443,6,,,1,29,,37446,6,,,1,70,,37444,6,,,1,30,,37445,6,,,1
2901,'Semaine-10-_26ÉTÉ-1111100-',715,,37447,6,,,1,29,,37450,6,,,1,70,,37448,6,,,1,30,,37449,6,,,1
3401,'Samedi-0-_26ÉTÉ-0000010-',709,,38384,39,,,1,100,,38387,39,,,2,30,,38396,39,,,1,73,,38385,39,,,1,29,,38390,39,,,1,70,,38392,39,,,1,31,,38386,39,,,2,70,,38395,39,,,1,32,,38388,39,,,1,70,,38397,39,,,1,29,,38389,39,,,1,70,,38391,39,,,1,30,,38393,39,,,2,70,,38394,39,,,2,30,,38398,39,,,1,70,,38399,39,,,2,30,,38400,39,,,1,70,,38401,39,,,1,31,,38402,39,,,1,69,,38403,39,,,1,30,,38404,39,,,2,70,,38405,39,,,1,27,,38406,39,,,1,70,,38408,39,,,1,31,,38407,39,,,2,70,,38409,39,,,1,30,,38410,39,,,2,68,,38411,39,,,1,30,,38413,39,,,1,70,,38412,39,,,1,30,,38414,39,,,1,97,,38415,39,,,1
3401,'Dimanche-0-_26ÉTÉ-0000001-',709,,38417,39,,,1,100,,38428,39,,,2,30,,38421,39,,,1,73,,38424,39,,,1,29,,38423,39,,,1,70,,38432,39,,,1,31,,38429,39,,,2,70,,38416,39,,,1,32,,38427,39,,,1,70,,38420,39,,,1,29,,38418,39,,,1,70,,38419,39,,,1,30,,38422,39,,,2,70,,38430,39,,,2,30,,38426,39,,,1,70,,38425,39,,,2,30,,38431,39,,,1,70,,38436,39,,,1,31,,38434,39,,,1,69,,38440,39,,,1,30,,38443,39,,,2,70,,38433,39,,,1,27,,38442,39,,,1,70,,38435,39,,,1,31,,38439,39,,,2,70,,38446,39,,,1,30,,38438,39,,,2,68,,38437,39,,,1,30,,38444,39,,,1,70,,38445,39,,,1,30,,38441,39,,,1,97,,38447,39,,,1
3401,'Dimanche-10-_26ÉTÉ-0000001-',709,,38449,39,,,1,100,,38460,39,,,2,30,,38453,39,,,1,73,,38456,39,,,1,29,,38455,39,,,1,70,,38464,39,,,1,31,,38461,39,,,2,70,,38448,39,,,1,32,,38459,39,,,1,70,,38452,39,,,1,29,,38450,39,,,1,70,,38451,39,,,1,30,,38454,39,,,2,70,,38462,39,,,2,30,,38458,39,,,1,70,,38457,39,,,2,30,,38463,39,,,1,70,,38468,39,,,1,31,,38466,39,,,1,69,,38472,39,,,1,30,,38475,39,,,2,70,,38465,39,,,1,27,,38474,39,,,1,70,,38467,39,,,1,31,,38471,39,,,2,70,,38478,39,,,1,30,,38470,39,,,2,68,,38469,39,,,1,30,,38476,39,,,1,70,,38477,39,,,1,30,,38473,39,,,1,97,,38479,39,,,1
3401,'Semaine-1-_26ÉTÉ-1111100-',914,,38505,39,,,2,32,,38485,39,,,1,70,,38489,39,,,1,30,,38509,39,,,1,70,,38482,39,,,1,30,,38486,39,,,1,70,,38490,39,,,2,30,,38480,39,,,1,71,,38483,39,,,1,29,,38487,39,,,1,71,,38491,39,,,1,30,,38484,39,,,1,69,,38506,39,,,1,32,,38481,39,,,2,72,,38507,39,,,1,30,,38508,39,,,1,72,,38502,39,,,1,25,,38498,39,,,2,69,,38488,39,,,1,29,,38495,39,,,1,70,,38504,39,,,1,30,,38492,39,,,1,70,,38494,39,,,1,30,,38496,39,,,1,70,,38500,39,,,2,30,,38493,39,,,1,70,,38499,39,,,1,29,,38497,39,,,1,70,,38501,39,,,1,30,,38503,39,,,1
3401,'Semaine-10-_26ÉTÉ-1111100-',914,,38535,39,,,2,32,,38515,39,,,1,70,,38519,39,,,1,30,,38539,39,,,1,70,,38512,39,,,1,30,,38516,39,,,1,70,,38520,39,,,2,30,,38510,39,,,1,71,,38513,39,,,1,29,,38517,39,,,1,71,,38521,39,,,1,30,,38514,39,,,1,69,,38536,39,,,1,32,,38511,39,,,2,72,,38537,39,,,1,30,,38538,39,,,1,72,,38532,39,,,1,25,,38528,39,,,2,69,,38518,39,,,1,29,,38525,39,,,1,70,,38534,39,,,1,30,,38522,39,,,1,70,,38524,39,,,1,30,,38526,39,,,1,70,,38530,39,,,2,30,,38523,39,,,1,70,,38529,39,,,1,29,,38527,39,,,1,70,,38531,39,,,1,30,,38533,39,,,1
5601,'Semaine-1-_26ÉTÉ-1111100-',1222,,40518,13,,,2,103,,40515,13,,,1,100,,40514,13,,,1,98,,40517,13,,,1,106,,40516,13,,,1,97,,40519,13,,,2,96,,40520,13,,,1
5601,'Semaine-10-_26ÉTÉ-1111100-',1222,,40525,13,,,2,103,,40522,13,,,1,100,,40521,13,,,1,98,,40524,13,,,1,106,,40523,13,,,1,97,,40526,13,,,2,96,,40527,13,,,1
