1500,'Semaine-1-_26ÉTÉ-1111100-',1641,,37307,2,,,1
1500,'Semaine-10-_26ÉTÉ-1111100-',1641,,37308,2,,,1
1500,'Semaine-11-_26ÉTÉ-1111100-',1641,,45358,2,,,1
1500,'Semaine-5-_26ÉTÉ-1111100-',1641,,49929,2,,,1
6300,'Samedi-0-_26ÉTÉ-0000010-',1041,,41036,2,,,1,100,,41038,2,,,1,100,,41039,2,,,1,100,,41037,2,,,1,100,,41040,2,,,1,100,,41041,2,,,1,100,,41042,2,,,1,100,,41043,2,,,2
6300,'Dimanche-0-_26ÉTÉ-0000001-',1041,,41046,2,,,1,100,,41044,2,,,1,100,,41048,2,,,1,100,,41045,2,,,1,100,,41047,2,,,1,100,,41049,2,,,1,100,,41051,2,,,1,100,,41050,2,,,2
6300,'Dimanche-10-_26ÉTÉ-0000001-',1041,,41054,2,,,1,100,,41052,2,,,1,100,,41056,2,,,1,100,,41053,2,,,1,100,,41055,2,,,1,100,,41057,2,,,1,100,,41059,2,,,1,100,,41058,2,,,2
6300,'Dimanche-11-_26ÉTÉ-0000001-',1041,,49343,2,,,1,100,,49341,2,,,1,100,,49345,2,,,1,100,,49342,2,,,1,100,,49344,2,,,1,100,,49346,2,,,1,100,,49348,2,,,1,100,,49347,2,,,2
6300,'Semaine-1-_26ÉTÉ-1111100-',621,,41067,2,,,2,80,,41068,2,,,1,29,,41077,2,,,2,71,,41061,2,,,2,30,,41073,2,,,1,70,,41069,2,,,1,57,,41076,2,,,2,100,,41078,2,,,1,100,,41079,2,,,2,100,,41060,2,,,1,100,,41074,2,,,1,99,,41063,2,,,1,71,,41080,2,,,2,30,,41071,2,,,2,70,,41065,2,,,2,30,,41066,2,,,1,70,,41062,2,,,1,83,,41064,2,,,1,100,,41072,2,,,1,100,,41075,2,,,1,100,,41070,2,,,1
6300,'Semaine-10-_26ÉTÉ-1111100-',621,,41088,2,,,2,80,,41089,2,,,1,29,,41098,2,,,2,71,,41082,2,,,2,30,,41094,2,,,1,70,,41090,2,,,1,57,,41097,2,,,2,100,,41099,2,,,1,100,,41100,2,,,2,100,,41081,2,,,1,100,,41095,2,,,1,99,,41084,2,,,1,71,,41101,2,,,2,30,,41092,2,,,2,70,,41086,2,,,1,30,,41087,2,,,1,70,,41083,2,,,1,83,,41085,2,,,1,100,,41093,2,,,1,100,,41096,2,,,1,100,,41091,2,,,1
6300,'Semaine-11-_26ÉTÉ-1111100-',621,,46991,2,,,2,80,,46992,2,,,1,29,,47001,2,,,2,71,,46985,2,,,2,30,,46997,2,,,1,70,,46993,2,,,1,57,,47000,2,,,2,100,,47002,2,,,1,100,,47003,2,,,2,100,,46984,2,,,1,100,,46998,2,,,1,99,,46987,2,,,1,71,,47004,2,,,2,30,,46995,2,,,2,70,,46989,2,,,2,30,,46990,2,,,1,70,,46986,2,,,1,83,,46988,2,,,1,100,,46996,2,,,1,100,,46999,2,,,1,100,,46994,2,,,1
6300,'Semaine-5-_26ÉTÉ-1111100-',621,,51064,2,,,2,80,,51065,2,,,1,29,,51074,2,,,2,71,,51058,2,,,2,30,,51070,2,,,1,70,,51066,2,,,1,57,,51073,2,,,2,100,,51075,2,,,1,100,,51076,2,,,2,100,,51057,2,,,1,100,,51071,2,,,1,99,,51060,2,,,1,71,,51077,2,,,2,30,,51068,2,,,2,70,,51062,2,,,2,30,,51063,2,,,1,70,,51059,2,,,1,83,,51061,2,,,1,100,,51069,2,,,1,100,,51072,2,,,1,100,,51067,2,,,1
