3100,'Samedi-0-_26ÉTÉ-0000010-',743,,37452,33,,,1,70,,37453,33,,,1,103,,37454,33,,,1,101,,37451,33,,,1,102,,37457,33,,,1,102,,37458,33,,,1,101,,37455,33,,,1,100,,37456,33,,,1,100,,37459,33,,,1,102,,37460,33,,,1,98,,37461,33,,,1,100,,37462,33,,,1,91,,37468,33,,,1,100,,37463,33,,,1,99,,37464,33,,,1,100,,37465,33,,,1,100,,37466,33,,,1,100,,37467,33,,,1,96,,37469,33,,,1
3100,'Samedi-10-_26ÉTÉ-0000010-',743,,45431,33,,,1,70,,45432,33,,,1,103,,45433,33,,,1,101,,45430,33,,,1,102,,45436,33,,,1,102,,45437,33,,,1,101,,45434,33,,,1,100,,45435,33,,,1,100,,45438,33,,,1,102,,45439,33,,,1,98,,45440,33,,,1,100,,45441,33,,,1,91,,45447,33,,,1,100,,45442,33,,,1,99,,45443,33,,,1,100,,45444,33,,,1,100,,45445,33,,,1,100,,45446,33,,,1,96,,45448,33,,,1
3100,'Dimanche-0-_26ÉTÉ-0000001-',743,,37474,33,,,1,70,,37475,33,,,1,103,,37476,33,,,1,101,,37477,33,,,1,102,,37470,33,,,1,102,,37471,33,,,1,101,,37472,33,,,1,100,,37473,33,,,1,100,,37479,33,,,1,102,,37480,33,,,1,98,,37478,33,,,1,100,,37481,33,,,1,91,,37484,33,,,1,100,,37488,33,,,1,99,,37482,33,,,1,100,,37483,33,,,1,100,,37486,33,,,1,100,,37485,33,,,1,96,,37487,33,,,1
3100,'Dimanche-10-_26ÉTÉ-0000001-',743,,37493,33,,,1,70,,37494,33,,,1,103,,37495,33,,,1,101,,37496,33,,,1,102,,37489,33,,,1,102,,37490,33,,,1,101,,37491,33,,,1,100,,37492,33,,,1,100,,37498,33,,,1,102,,37499,33,,,1,98,,37497,33,,,1,100,,37500,33,,,1,91,,37503,33,,,1,100,,37507,33,,,1,99,,37501,33,,,1,100,,37502,33,,,1,100,,37505,33,,,1,100,,37504,33,,,1,96,,37506,33,,,1
3100,'Dimanche-11-_26ÉTÉ-0000001-',743,,48852,33,,,1,70,,48853,33,,,1,103,,48854,33,,,1,101,,48855,33,,,1,102,,48848,33,,,1,102,,48849,33,,,1,101,,48850,33,,,1,100,,48851,33,,,1,100,,48857,33,,,1,102,,48858,33,,,1,98,,48856,33,,,1,100,,48859,33,,,1,91,,48862,33,,,1,100,,48866,33,,,1,99,,48860,33,,,1,100,,48861,33,,,1,100,,48864,33,,,1,100,,48863,33,,,1,96,,48865,33,,,1
3100,'Semaine-1-_26ÉTÉ-1111100-',630,,37512,31,,,1,75,,37547,31,,,1,32,,37525,31,,,1,71,,37513,31,,,1,20,,37553,31,,,1,13,,37550,31,,,1,61,,37509,31,,,1,16,,37522,31,,,1,17,,37523,31,,,1,12,,37539,31,,,1,59,,37514,31,,,1,21,,37516,31,,,1,20,,37533,31,,,1,60,,37534,31,,,1,20,,37540,31,,,1,20,,37515,31,,,1,60,,37520,31,,,1,21,,37541,31,,,1,20,,37548,31,,,1,60,,37536,31,,,1,20,,37517,31,,,1,20,,37510,31,,,1,57,,37546,31,,,1,22,,37551,31,,,1,19,,37535,31,,,1,60,,37518,31,,,1,19,,37538,31,,,1,25,,37542,31,,,1,61,,37549,31,,,1,19,,37537,31,,,1,14,,37519,31,,,1,61,,37530,31,,,1,20,,37532,31,,,1,22,,37521,31,,,1,4,,37508,24,,,1,54,,37526,31,,,1,21,,37511,31,,,1,13,,37544,31,,,1,17,,37552,31,,,1,67,,37527,33,,,1,97,,37545,33,,,1,100,,37528,33,,,1,100,,37524,33,,,1,99,,37529,33,,,1,102,,37531,33,,,1,103,,37543,33,,,1
3100,'Semaine-10-_26ÉTÉ-1111100-',630,,37558,31,,,1,75,,37593,31,,,1,32,,37571,31,,,1,71,,37559,31,,,1,20,,37599,31,,,1,13,,37596,31,,,1,61,,37555,31,,,1,16,,37568,31,,,1,17,,37569,31,,,1,12,,37585,31,,,1,59,,37560,31,,,1,21,,37562,31,,,1,20,,37579,31,,,1,60,,37580,31,,,1,20,,37586,31,,,1,20,,37561,31,,,1,60,,37566,31,,,1,21,,37587,31,,,1,20,,37594,31,,,1,60,,37582,31,,,1,20,,37563,31,,,1,20,,37556,31,,,1,57,,37592,31,,,1,22,,37597,31,,,1,19,,37581,31,,,1,60,,37564,31,,,1,19,,37584,31,,,1,25,,37588,31,,,1,61,,37595,31,,,1,19,,37583,31,,,1,14,,37565,31,,,1,61,,37576,31,,,1,20,,37578,31,,,1,22,,37567,31,,,1,4,,37554,24,,,1,54,,37572,31,,,1,21,,37557,31,,,1,13,,37590,31,,,1,17,,37598,31,,,1,67,,37573,33,,,1,97,,37591,33,,,1,100,,37574,33,,,1,100,,37570,33,,,1,99,,37575,33,,,1,102,,37577,33,,,1,103,,37589,33,,,1
3100,'Semaine-11-_26ÉTÉ-1111100-',630,,45453,31,,,1,75,,45488,31,,,1,32,,45466,31,,,1,71,,45454,31,,,1,20,,45494,31,,,1,13,,45491,31,,,1,61,,45450,31,,,1,16,,45463,31,,,1,17,,45464,31,,,1,12,,45480,31,,,1,59,,45455,31,,,1,21,,45457,31,,,1,20,,45474,31,,,1,60,,45475,31,,,1,20,,45481,31,,,1,20,,45456,31,,,1,60,,45461,31,,,1,21,,45482,31,,,1,20,,45489,31,,,1,60,,45477,31,,,1,20,,45458,31,,,1,20,,45451,31,,,1,57,,45487,31,,,1,22,,45492,31,,,1,19,,45476,31,,,1,60,,45459,31,,,1,19,,45479,31,,,1,25,,45483,31,,,1,61,,45490,31,,,1,19,,45478,31,,,1,14,,45460,31,,,1,61,,45471,31,,,1,20,,45473,31,,,1,22,,45462,31,,,1,4,,45449,24,,,1,54,,45467,31,,,1,21,,45452,31,,,1,13,,45485,31,,,1,17,,45493,31,,,1,67,,45468,33,,,1,97,,45486,33,,,1,100,,45469,33,,,1,100,,45465,33,,,1,99,,45470,33,,,1,102,,45472,33,,,1,103,,45484,33,,,1
3300,'Samedi-0-_26ÉTÉ-0000010-',710,,37942,29,,,1,133,,37947,29,,,1,99,,37944,29,,,1,99,,37948,29,,,1,101,,37943,29,,,1,100,,37946,29,,,1,100,,37945,29,,,1,100,,37949,29,,,1,103,,37950,29,,,1,97,,37951,29,,,1,100,,37952,29,,,1,99,,37953,29,,,1,96,,37954,29,,,1,100,,37958,29,,,1,100,,37955,29,,,1,100,,37956,29,,,1,100,,37957,29,,,1,99,,37959,29,,,1
3300,'Samedi-10-_26ÉTÉ-0000010-',710,,45657,29,,,1,133,,45662,29,,,1,99,,45659,29,,,1,99,,45663,29,,,1,101,,45658,29,,,1,100,,45661,29,,,1,100,,45660,29,,,1,100,,45664,29,,,1,103,,45665,29,,,1,97,,45666,29,,,1,100,,45667,29,,,1,99,,45668,29,,,1,96,,45669,29,,,1,100,,45673,29,,,1,100,,45670,29,,,1,100,,45671,29,,,1,100,,45672,29,,,1,99,,45674,29,,,1
3300,'Dimanche-0-_26ÉTÉ-0000001-',710,,37961,29,,,1,133,,37960,29,,,1,99,,37963,29,,,1,99,,37965,29,,,1,101,,37966,29,,,1,100,,37967,29,,,1,100,,37962,29,,,1,100,,37969,29,,,1,103,,37964,29,,,1,97,,37970,29,,,1,100,,37973,29,,,1,99,,37977,29,,,1,96,,37974,29,,,1,100,,37968,29,,,1,100,,37971,29,,,1,100,,37976,29,,,1,100,,37972,29,,,1,99,,37975,29,,,1
3300,'Dimanche-10-_26ÉTÉ-0000001-',710,,37979,29,,,1,133,,37978,29,,,1,99,,37981,29,,,1,99,,37983,29,,,1,101,,37984,29,,,1,100,,37985,29,,,1,100,,37980,29,,,1,100,,37987,29,,,1,103,,37982,29,,,1,97,,37988,29,,,1,100,,37991,29,,,1,99,,37995,29,,,1,96,,37992,29,,,1,100,,37986,29,,,1,100,,37989,29,,,1,100,,37994,29,,,1,100,,37990,29,,,1,99,,37993,29,,,1
3300,'Dimanche-11-_26ÉTÉ-0000001-',710,,48886,29,,,1,133,,48885,29,,,1,99,,48888,29,,,1,99,,48890,29,,,1,101,,48891,29,,,1,100,,48892,29,,,1,100,,48887,29,,,1,100,,48894,29,,,1,103,,48889,29,,,1,97,,48895,29,,,1,100,,48898,29,,,1,99,,48902,29,,,1,96,,48899,29,,,1,100,,48893,29,,,1,100,,48896,29,,,1,100,,48901,29,,,1,100,,48897,29,,,1,99,,48900,29,,,1
3300,'Semaine-1-_26ÉTÉ-1111100-',636,,38023,22,,,1,76,,38022,29,,,2,22,,38028,29,,,2,15,,38001,29,,,2,62,,38016,29,,,2,23,,38024,29,,,2,4,,38035,29,,,1,9,,38036,29,,,1,73,,38029,29,,,2,12,,38011,29,,,1,10,,38014,29,,,2,13,,38031,29,,,1,70,,38017,29,,,1,27,,38006,29,,,1,71,,38012,29,,,2,28,,37996,29,,,1,71,,38019,29,,,1,29,,38007,29,,,1,72,,38015,29,,,1,20,,38034,29,,,1,6,,38018,29,,,1,68,,38021,29,,,1,30,,38008,29,,,1,55,,38030,22,,,1,16,,38026,29,,,1,37,,38020,29,,,1,52,,37998,29,,,1,19,,38010,29,,,1,19,,38033,29,,,2,13,,38032,29,,,2,52,,38027,22,,,1,21,,38005,29,,,1,27,,38004,29,,,1,61,,38009,29,,,2,25,,37997,29,,,2,67,,38002,29,,,1,32,,38037,22,,,1,80,,38013,29,,,1,95,,38003,29,,,1,40,,37999,29,,,1,145,,38025,29,,,1,97,,38038,29,,,1,25,,38000,29,,,1
3300,'Semaine-10-_26ÉTÉ-1111100-',636,,38066,22,,,1,76,,38065,29,,,2,22,,38071,29,,,2,15,,38044,29,,,2,62,,38059,29,,,2,23,,38067,29,,,2,4,,38078,29,,,1,9,,38079,29,,,1,73,,38072,29,,,2,12,,38054,29,,,1,10,,38057,29,,,2,13,,38074,29,,,1,70,,38060,29,,,1,27,,38049,29,,,1,71,,38055,29,,,2,28,,38039,29,,,1,71,,38062,29,,,1,29,,38050,29,,,1,72,,38058,29,,,1,20,,38077,29,,,1,6,,38061,29,,,1,68,,38064,29,,,1,30,,38051,29,,,1,55,,38073,22,,,1,16,,38069,29,,,1,37,,38063,29,,,1,52,,38041,29,,,1,19,,38053,29,,,1,19,,38076,29,,,2,13,,38075,29,,,2,52,,38070,22,,,1,21,,38048,29,,,1,27,,38047,29,,,1,61,,38052,29,,,2,25,,38040,29,,,2,67,,38045,29,,,1,32,,38080,22,,,1,80,,38056,29,,,1,95,,38046,29,,,1,40,,38042,29,,,1,145,,38068,29,,,1,97,,38081,29,,,1,25,,38043,29,,,1
3300,'Semaine-11-_26ÉTÉ-1111100-',636,,45702,22,,,1,76,,45701,29,,,2,22,,45707,29,,,2,15,,45680,29,,,2,62,,45695,29,,,2,23,,45703,29,,,2,4,,45714,29,,,1,9,,45715,29,,,1,73,,45708,29,,,2,12,,45690,29,,,1,10,,45693,29,,,2,13,,45710,29,,,1,70,,45696,29,,,1,27,,45685,29,,,1,71,,45691,29,,,2,28,,45675,29,,,1,71,,45698,29,,,1,29,,45686,29,,,1,72,,45694,29,,,1,20,,45713,29,,,1,6,,45697,29,,,1,68,,45700,29,,,1,30,,45687,29,,,1,55,,45709,22,,,1,16,,45705,29,,,1,37,,45699,29,,,1,52,,45677,29,,,1,19,,45689,29,,,1,19,,45712,29,,,2,13,,45711,29,,,2,52,,45706,22,,,1,21,,45684,29,,,1,27,,45683,29,,,1,61,,45688,29,,,2,25,,45676,29,,,2,67,,45681,29,,,1,32,,45716,22,,,1,80,,45692,29,,,1,95,,45682,29,,,1,40,,45678,29,,,1,145,,45704,29,,,1,97,,45717,29,,,1,25,,45679,29,,,1
3500,'Semaine-1-_26ÉTÉ-1111100-',647,,38566,30,0,15 16,1,78,,38540,30,0,15 16,2,33,,38551,30,0,15 16,1,57,,38569,30,0,15 16,1,32,,38575,30,0,15 16,1,10,,38573,30,0,15 16,2,44,,38559,30,0,15 16,1,9,,38571,30,0,15 16,1,19,,38564,30,0,15 16,1,21,,38570,30,0,15 16,1,69,,38548,30,0,15 16,1,27,,38562,30,0,15 16,1,74,,38542,30,0,15 16,1,30,,38546,30,0,15 16,2,70,,38557,30,0,15 16,1,30,,38541,30,0,15 16,1,70,,38552,30,0,15 16,2,30,,38574,30,0,15 16,1,70,,38560,30,0,15 16,2,30,,38543,30,0,15 16,2,76,,38556,30,,,2,30,,38558,30,0,15 16,1,63,,38549,23,0,15 16,1,15,,38561,30,,,2,13,,38555,23,0,15 16,1,56,,38565,30,,,1,27,,38567,30,0,15 16,2,28,,38547,30,,,1,64,,38545,30,0,15 16,2,15,,38553,23,0,15 16,1,21,,38576,30,,,2,61,,38563,30,0,15 16,2,34,,38550,30,,,1,64,,38554,30,,,1,103,,38568,30,,,1,100,,38572,30,,,2,97,,38544,30,0,15 16,1
3500,'Semaine-10-_26ÉTÉ-1111100-',647,,38603,30,0,15 16,1,78,,38577,30,0,15 16,2,33,,38588,30,0,15 16,1,57,,38606,30,0,15 16,1,32,,38612,30,0,15 16,1,10,,38610,30,0,15 16,2,44,,38596,30,0,15 16,1,9,,38608,30,0,15 16,1,19,,38601,30,0,15 16,1,21,,38607,30,0,15 16,1,69,,38585,30,0,15 16,1,27,,38599,30,0,15 16,1,74,,38579,30,0,15 16,1,30,,38583,30,0,15 16,2,70,,38594,30,0,15 16,1,30,,38578,30,0,15 16,1,70,,38589,30,0,15 16,2,30,,38611,30,0,15 16,1,70,,38597,30,0,15 16,2,30,,38580,30,0,15 16,2,76,,38593,30,,,2,30,,38595,30,0,15 16,1,63,,38586,23,0,15 16,1,15,,38598,30,,,2,13,,38592,23,0,15 16,1,56,,38602,30,,,1,27,,38604,30,0,15 16,2,28,,38584,30,,,1,64,,38582,30,0,15 16,2,15,,38590,23,0,15 16,1,21,,38613,30,,,2,61,,38600,30,0,15 16,2,34,,38587,30,,,1,64,,38591,30,,,1,103,,38605,30,,,1,100,,38609,30,,,2,97,,38581,30,0,15 16,1
3500,'Semaine-11-_26ÉTÉ-1111100-',647,,45931,30,0,15 16,1,78,,45905,30,0,15 16,2,33,,45916,30,0,15 16,1,57,,45934,30,0,15 16,1,32,,45940,30,0,15 16,1,10,,45938,30,0,15 16,2,44,,45924,30,0,15 16,1,9,,45936,30,0,15 16,1,19,,45929,30,0,15 16,1,21,,45935,30,0,15 16,1,69,,45913,30,0,15 16,1,27,,45927,30,0,15 16,1,74,,45907,30,0,15 16,1,30,,45911,30,0,15 16,2,70,,45922,30,0,15 16,1,30,,45906,30,0,15 16,1,70,,45917,30,0,15 16,2,30,,45939,30,0,15 16,1,70,,45925,30,0,15 16,2,30,,45908,30,0,15 16,2,76,,45921,30,,,2,30,,45923,30,0,15 16,1,63,,45914,23,0,15 16,1,15,,45926,30,,,2,13,,45920,23,0,15 16,1,56,,45930,30,,,1,27,,45932,30,0,15 16,2,28,,45912,30,,,1,64,,45910,30,0,15 16,2,15,,45918,23,0,15 16,1,21,,45941,30,,,2,61,,45928,30,0,15 16,2,34,,45915,30,,,1,64,,45919,30,,,1,103,,45933,30,,,1,100,,45937,30,,,2,97,,45909,30,0,15 16,1
3600,'Semaine-1-_26ÉTÉ-1111100-',914,,38681,24,,,1,100,,38682,24,,,1,102,,38680,24,,,1,100,,38683,24,,,1,100,,38685,24,,,1,100,,38686,24,,,1,98,,38684,24,,,1
3600,'Semaine-10-_26ÉTÉ-1111100-',914,,38688,24,,,1,100,,38689,24,,,1,102,,38687,24,,,1,100,,38690,24,,,1,100,,38692,24,,,1,100,,38693,24,,,1,98,,38691,24,,,1
3600,'Semaine-11-_26ÉTÉ-1111100-',914,,45976,24,,,1,100,,45977,24,,,1,102,,45975,24,,,1,100,,45978,24,,,1,100,,45980,24,,,1,100,,45981,24,,,1,98,,45979,24,,,1
3901,'Samedi-0-_26ÉTÉ-0000010-',620,,39431,23,,,1,100,,39433,23,,,1,100,,39437,23,,,1,101,,39436,23,,,1,100,,39439,23,,,1,100,,39438,23,,,1,100,,39434,23,,,1,30,,39432,23,,,1,70,,39440,23,,,1,30,,39435,23,,,2,71,,39441,23,,,1,30,,39442,23,,,1,70,,39443,23,,,2,30,,39444,23,,,1,70,,39445,23,,,1,30,,39446,23,,,1,70,,39447,23,,,1,30,,39448,23,,,1,70,,39449,23,,,1,29,,39450,23,,,1,100,,39451,23,,,1,100,,39452,23,,,1,100,,39453,23,,,1,100,,39454,23,,,1
3901,'Samedi-10-_26ÉTÉ-0000010-',620,,46288,23,,,1,100,,46290,23,,,1,100,,46294,23,,,1,101,,46293,23,,,1,100,,46296,23,,,1,100,,46295,23,,,1,100,,46291,23,,,1,30,,46289,23,,,1,70,,46297,23,,,1,30,,46292,23,,,2,71,,46298,23,,,1,30,,46299,23,,,1,70,,46300,23,,,2,30,,46301,23,,,1,70,,46302,23,,,1,30,,46303,23,,,1,70,,46304,23,,,1,30,,46305,23,,,1,70,,46306,23,,,1,29,,46307,23,,,1,100,,46308,23,,,1,100,,46309,23,,,1,100,,46310,23,,,1,100,,46311,23,,,1
3901,'Dimanche-0-_26ÉTÉ-0000001-',620,,39455,23,,,1,100,,39462,23,,,1,100,,39456,23,,,1,101,,39459,23,,,1,100,,39464,23,,,1,100,,39457,23,,,1,100,,39463,23,,,1,30,,39458,23,,,1,70,,39460,23,,,1,30,,39465,23,,,2,71,,39467,23,,,1,30,,39461,23,,,1,70,,39466,23,,,2,30,,39468,23,,,1,70,,39469,23,,,1,30,,39474,23,,,1,70,,39476,23,,,1,30,,39478,23,,,1,70,,39475,23,,,1,29,,39472,23,,,1,100,,39473,23,,,1,100,,39477,23,,,1,100,,39470,23,,,1,100,,39471,23,,,1
3901,'Dimanche-10-_26ÉTÉ-0000001-',620,,39479,23,,,1,100,,39486,23,,,1,100,,39480,23,,,1,101,,39483,23,,,1,100,,39488,23,,,1,100,,39481,23,,,1,100,,39487,23,,,1,30,,39482,23,,,1,70,,39484,23,,,1,30,,39489,23,,,2,71,,39491,23,,,1,30,,39485,23,,,1,70,,39490,23,,,2,30,,39492,23,,,1,70,,39493,23,,,1,30,,39498,23,,,1,70,,39500,23,,,1,30,,39502,23,,,1,70,,39499,23,,,1,29,,39496,23,,,1,100,,39497,23,,,1,100,,39501,23,,,1,100,,39494,23,,,1,100,,39495,23,,,1
3901,'Dimanche-11-_26ÉTÉ-0000001-',620,,49112,23,,,1,100,,49119,23,,,1,100,,49113,23,,,1,101,,49116,23,,,1,100,,49121,23,,,1,100,,49114,23,,,1,100,,49120,23,,,1,30,,49115,23,,,1,70,,49117,23,,,1,30,,49122,23,,,2,71,,49124,23,,,1,30,,49118,23,,,1,70,,49123,23,,,2,30,,49125,23,,,1,70,,49126,23,,,1,30,,49131,23,,,1,70,,49133,23,,,1,30,,49135,23,,,1,70,,49132,23,,,1,29,,49129,23,,,1,100,,49130,23,,,1,100,,49134,23,,,1,100,,49127,23,,,1,100,,49128,23,,,1
3901,'Semaine-1-_26ÉTÉ-1111100-',642,,39525,23,,,2,66,,39514,23,,,1,35,,39515,23,,,1,74,,39511,23,,,1,33,,39517,23,,,1,70,,39519,23,,,1,30,,39526,23,,,1,70,,39537,23,,,1,30,,39532,23,,,2,70,,39527,23,,,1,30,,39512,23,,,1,72,,39521,23,,,2,30,,39528,23,,,1,69,,39513,23,,,1,30,,39510,23,,,2,73,,39529,23,,,1,29,,39522,23,,,2,71,,39503,23,,,1,31,,39530,23,,,2,71,,39508,23,,,1,30,,39505,23,,,1,70,,39533,23,,,1,27,,39518,23,,,1,72,,39524,23,,,1,30,,39509,23,,,2,72,,39531,23,,,1,25,,39504,23,,,2,66,,39534,23,,,1,30,,39507,23,,,1,70,,39523,23,,,1,32,,39535,23,,,1,70,,39506,23,,,1,30,,39516,23,,,1,72,,39536,23,,,1,30,,39520,23,,,1
3901,'Semaine-10-_26ÉTÉ-1111100-',642,,39560,23,,,2,66,,39549,23,,,1,35,,39550,23,,,1,74,,39546,23,,,1,33,,39552,23,,,1,70,,39554,23,,,1,30,,39561,23,,,1,70,,39572,23,,,1,30,,39567,23,,,2,70,,39562,23,,,1,30,,39547,23,,,1,72,,39556,23,,,2,30,,39563,23,,,1,69,,39548,23,,,1,30,,39545,23,,,2,73,,39564,23,,,1,29,,39557,23,,,2,71,,39538,23,,,1,31,,39565,23,,,2,71,,39543,23,,,1,30,,39540,23,,,1,70,,39568,23,,,1,27,,39553,23,,,1,72,,39559,23,,,1,30,,39544,23,,,2,72,,39566,23,,,1,25,,39539,23,,,2,66,,39569,23,,,1,30,,39542,23,,,1,70,,39558,23,,,1,32,,39570,23,,,1,70,,39541,23,,,1,30,,39551,23,,,1,72,,39571,23,,,1,30,,39555,23,,,1
3901,'Semaine-11-_26ÉTÉ-1111100-',642,,46334,23,,,2,66,,46323,23,,,1,35,,46324,23,,,1,74,,46320,23,,,1,33,,46326,23,,,1,70,,46328,23,,,1,30,,46335,23,,,1,70,,46346,23,,,1,30,,46341,23,,,2,70,,46336,23,,,1,30,,46321,23,,,1,72,,46330,23,,,2,30,,46337,23,,,1,69,,46322,23,,,1,30,,46319,23,,,2,73,,46338,23,,,1,29,,46331,23,,,2,71,,46312,23,,,1,31,,46339,23,,,2,71,,46317,23,,,1,30,,46314,23,,,1,70,,46342,23,,,1,27,,46327,23,,,1,72,,46333,23,,,1,30,,46318,23,,,2,72,,46340,23,,,1,25,,46313,23,,,2,66,,46343,23,,,1,30,,46316,23,,,1,70,,46332,23,,,1,32,,46344,23,,,1,70,,46315,23,,,1,30,,46325,23,,,1,72,,46345,23,,,1,30,,46329,23,,,1
4900,'Samedi-0-_26ÉTÉ-0000010-',746,,39669,51,,,1,100,,39670,51,,,1,104,,39667,51,,,1,100,,39671,51,,,1,100,,39668,51,,,1,100,,39672,51,,,1,99,,39673,51,,,1,104,,39674,51,,,1,97,,39675,51,,,1,100,,39676,51,,,1,100,,39677,51,,,1,96,,39678,51,,,1,100,,39679,51,,,1,100,,39680,51,,,1,100,,39681,51,,,1,100,,39682,51,,,1,100,,39683,51,,,1
4900,'Samedi-10-_26ÉTÉ-0000010-',746,,46396,51,,,1,100,,46397,51,,,1,104,,46394,51,,,1,100,,46398,51,,,1,100,,46395,51,,,1,100,,46399,51,,,1,99,,46400,51,,,1,104,,46401,51,,,1,97,,46402,51,,,1,100,,46403,51,,,1,100,,46404,51,,,1,96,,46405,51,,,1,100,,46406,51,,,1,100,,46407,51,,,1,100,,46408,51,,,1,100,,46409,51,,,1,100,,46410,51,,,1
4900,'Dimanche-0-_26ÉTÉ-0000001-',746,,39684,51,,,1,100,,39687,51,,,1,104,,39685,51,,,1,100,,39688,51,,,1,100,,39690,51,,,1,100,,39694,51,,,1,99,,39692,51,,,1,104,,39691,51,,,1,97,,39686,51,,,1,100,,39696,51,,,1,100,,39693,51,,,1,96,,39695,51,,,1,100,,39700,51,,,1,100,,39689,51,,,1,100,,39698,51,,,1,100,,39699,51,,,1,100,,39697,51,,,1
4900,'Dimanche-10-_26ÉTÉ-0000001-',746,,39701,51,,,1,100,,39704,51,,,1,104,,39702,51,,,1,100,,39705,51,,,1,100,,39707,51,,,1,100,,39711,51,,,1,99,,39709,51,,,1,104,,39708,51,,,1,97,,39703,51,,,1,100,,39713,51,,,1,100,,39710,51,,,1,96,,39712,51,,,1,100,,39717,51,,,1,100,,39706,51,,,1,100,,39715,51,,,1,100,,39716,51,,,1,100,,39714,51,,,1
4900,'Dimanche-11-_26ÉTÉ-0000001-',746,,49136,51,,,1,100,,49139,51,,,1,104,,49137,51,,,1,100,,49140,51,,,1,100,,49142,51,,,1,100,,49146,51,,,1,99,,49144,51,,,1,104,,49143,51,,,1,97,,49138,51,,,1,100,,49148,51,,,1,100,,49145,51,,,1,96,,49147,51,,,1,100,,49152,51,,,1,100,,49141,51,,,1,100,,49150,51,,,1,100,,49151,51,,,1,100,,49149,51,,,1
4900,'Semaine-1-_26ÉTÉ-1111100-',707,,39742,51,,,1,24,,39748,51,,,1,28,,39745,51,,,1,73,,39746,51,,,1,76,,39741,51,,,1,27,,39737,51,,,1,72,,39729,51,,,1,31,,39747,51,,,1,71,,39743,51,,,1,32,,39739,51,,,1,70,,39718,51,,,1,30,,39738,51,,,1,70,,39720,51,,,1,30,,39725,51,,,1,70,,39727,51,,,1,30,,39730,51,,,1,70,,39744,51,,,1,37,,39728,51,,,1,70,,39731,51,,,1,30,,39723,51,,,1,71,,39734,51,,,1,29,,39726,51,,,1,67,,39724,51,,,1,30,,39740,51,,,1,66,,39735,51,,,1,95,,39719,51,,,1,101,,39736,51,,,1,100,,39733,51,,,1,97,,39721,51,,,1,97,,39732,51,,,1,100,,39722,51,,,1
4900,'Semaine-10-_26ÉTÉ-1111100-',707,,39773,51,,,1,24,,39779,51,,,1,28,,39776,51,,,1,73,,39777,51,,,1,76,,39772,51,,,1,27,,39768,51,,,1,72,,39760,51,,,1,31,,39778,51,,,1,71,,39774,51,,,1,32,,39770,51,,,1,70,,39749,51,,,1,30,,39769,51,,,1,70,,39751,51,,,1,30,,39756,51,,,1,70,,39758,51,,,1,30,,39761,51,,,1,70,,39775,51,,,1,37,,39759,51,,,1,70,,39762,51,,,1,30,,39754,51,,,1,71,,39765,51,,,1,29,,39757,51,,,1,67,,39755,51,,,1,30,,39771,51,,,1,66,,39766,51,,,1,95,,39750,51,,,1,101,,39767,51,,,1,100,,39764,51,,,1,97,,39752,51,,,1,97,,39763,51,,,1,100,,39753,51,,,1
4900,'Semaine-11-_26ÉTÉ-1111100-',707,,46435,51,,,1,24,,46441,51,,,1,28,,46438,51,,,1,73,,46439,51,,,1,76,,46434,51,,,1,27,,46430,51,,,1,72,,46422,51,,,1,31,,46440,51,,,1,71,,46436,51,,,1,32,,46432,51,,,1,70,,46411,51,,,1,30,,46431,51,,,1,70,,46413,51,,,1,30,,46418,51,,,1,70,,46420,51,,,1,30,,46423,51,,,1,70,,46437,51,,,1,37,,46421,51,,,1,70,,46424,51,,,1,30,,46416,51,,,1,71,,46427,51,,,1,29,,46419,51,,,1,67,,46417,51,,,1,30,,46433,51,,,1,66,,46428,51,,,1,95,,46412,51,,,1,101,,46429,51,,,1,100,,46426,51,,,1,97,,46414,51,,,1,97,,46425,51,,,1,100,,46415,51,,,1
