6400,'Samedi-0-_26ÉTÉ-0000010-',734,,41170,5,0,15 16,1,100,,41172,5,0,15 16,1,100,,41175,5,0,15 16,1,100,,41173,5,0,15 16,2,100,,41176,5,0,15 16,1,100,,41171,5,0,15 16,1,100,,41174,5,0,15 16,2,100,,41177,5,0,15 16,1,100,,41178,5,0,15 16,1,100,,41179,5,0,15 16,1,100,,41180,5,0,15 16,1,100,,41181,5,0,15 16,1
6400,'Dimanche-0-_26ÉTÉ-0000001-',734,,41182,5,0,15 16,1,100,,41187,5,0,15 16,1,100,,41183,5,0,15 16,1,100,,41186,5,0,15 16,2,100,,41189,5,0,15 16,1,100,,41188,5,0,15 16,1,100,,41185,5,0,15 16,2,100,,41184,5,0,15 16,1,100,,41192,5,0,15 16,1,100,,41193,5,0,15 16,1,100,,41190,5,0,15 16,1,100,,41191,5,0,15 16,1
6400,'Dimanche-10-_26ÉTÉ-0000001-',734,,41194,5,0,15 16,1,100,,41199,5,0,15 16,1,100,,41195,5,0,15 16,1,100,,41198,5,0,15 16,2,100,,41201,5,0,15 16,1,100,,41200,5,0,15 16,1,100,,41197,5,0,15 16,2,100,,41196,5,0,15 16,1,100,,41204,5,0,15 16,1,100,,41205,5,0,15 16,1,100,,41202,5,0,15 16,1,100,,41203,5,0,15 16,1
6400,'Dimanche-11-_26ÉTÉ-0000001-',734,,49357,5,0,15 16,1,100,,49362,5,0,15 16,1,100,,49358,5,0,15 16,1,100,,49361,5,0,15 16,2,100,,49364,5,0,15 16,1,100,,49363,5,0,15 16,1,100,,49360,5,0,15 16,2,100,,49359,5,0,15 16,1,100,,49367,5,0,15 16,1,100,,49368,5,0,15 16,1,100,,49365,5,0,15 16,1,100,,49366,5,0,15 16,1
6400,'Semaine-1-_26ÉTÉ-1111100-',649,,41214,5,0,15 16,1,70,,41211,5,0,15 16,2,30,,41206,5,0,15 16,2,75,,41210,5,0,15 16,2,95,,41212,5,0,15 16,2,100,,41217,5,0,15 16,2,100,,41216,5,0,15 16,1,100,,41209,5,0,15 16,2,100,,41222,5,0,15 16,1,100,,41218,5,0,15 16,1,95,,41219,5,0,15 16,1,30,,41224,5,0,15 16,1,102,,41223,5,0,15 16,1,97,,41220,5,0,15 16,2,100,,41221,5,0,15 16,1,100,,41213,5,0,15 16,1,100,,41207,5,0,15 16,1,100,,41215,5,0,15 16,1,100,,41208,5,0,15 16,1
6400,'Semaine-10-_26ÉTÉ-1111100-',649,,41233,5,0,15 16,1,70,,41230,5,0,15 16,2,30,,41225,5,0,15 16,2,75,,41229,5,0,15 16,2,95,,41231,5,0,15 16,2,100,,41236,5,0,15 16,2,100,,41235,5,0,15 16,1,100,,41228,5,0,15 16,2,100,,41241,5,0,15 16,1,100,,41237,5,0,15 16,1,95,,41238,5,0,15 16,1,30,,41243,5,0,15 16,1,102,,41242,5,0,15 16,1,97,,41239,5,0,15 16,2,100,,41240,5,0,15 16,1,100,,41232,5,0,15 16,2,100,,41226,5,0,15 16,1,100,,41234,5,0,15 16,1,100,,41227,5,0,15 16,1
6400,'Semaine-11-_26ÉTÉ-1111100-',649,,47055,5,0,15 16,1,70,,47052,5,0,15 16,2,30,,47047,5,0,15 16,2,75,,47051,5,0,15 16,2,95,,47053,5,0,15 16,2,100,,47058,5,0,15 16,2,100,,47057,5,0,15 16,1,100,,47050,5,0,15 16,2,100,,47063,5,0,15 16,1,100,,47059,5,0,15 16,1,95,,47060,5,0,15 16,1,30,,47065,5,0,15 16,1,102,,47064,5,0,15 16,1,97,,47061,5,0,15 16,2,100,,47062,5,0,15 16,1,100,,47054,5,0,15 16,1,100,,47048,5,0,15 16,1,100,,47056,5,0,15 16,1,100,,47049,5,0,15 16,1
6400,'Semaine-5-_26ÉTÉ-1111100-',649,,51108,5,0,15 16,1,70,,51105,5,0,15 16,2,30,,51100,5,0,15 16,2,75,,51104,5,0,15 16,2,95,,51106,5,0,15 16,2,100,,51111,5,0,15 16,2,100,,51110,5,0,15 16,1,100,,51103,5,0,15 16,2,100,,51116,5,0,15 16,1,100,,51112,5,0,15 16,1,95,,51113,5,0,15 16,1,30,,51118,5,0,15 16,1,102,,51117,5,0,15 16,1,97,,51114,5,0,15 16,2,100,,51115,5,0,15 16,1,100,,51107,5,0,15 16,1,100,,51101,5,0,15 16,1,100,,51109,5,0,15 16,1,100,,51102,5,0,15 16,1
6600,'Samedi-0-_26ÉTÉ-0000010-',714,,41553,5,,,1,100,,41556,5,,,1,100,,41554,5,,,2,100,,41557,5,,,1,100,,41551,5,,,1,100,,41552,5,,,1,100,,41555,5,,,1,100,,41558,5,,,2,100,,41559,5,,,1,100,,41560,5,,,1,100,,41561,5,,,1,100,,41562,5,,,1,100,,41564,5,,,1,100,,41563,5,,,1,100,,41565,5,,,1,100,,41566,5,,,1,100,,41567,5,,,2
6600,'Dimanche-0-_26ÉTÉ-0000001-',714,,41572,5,,,1,100,,41573,5,,,1,100,,41574,5,,,2,100,,41576,5,,,1,100,,41568,5,,,1,100,,41575,5,,,1,100,,41569,5,,,1,100,,41570,5,,,2,100,,41571,5,,,1,100,,41580,5,,,1,100,,41582,5,,,1,100,,41578,5,,,1,100,,41579,5,,,1,100,,41577,5,,,1,100,,41581,5,,,1,100,,41583,5,,,1,100,,41584,5,,,2
6600,'Dimanche-10-_26ÉTÉ-0000001-',714,,41589,5,,,1,100,,41590,5,,,1,100,,41591,5,,,2,100,,41593,5,,,1,100,,41585,5,,,1,100,,41592,5,,,1,100,,41586,5,,,1,100,,41587,5,,,2,100,,41588,5,,,1,100,,41597,5,,,1,100,,41599,5,,,1,100,,41595,5,,,1,100,,41596,5,,,1,100,,41594,5,,,1,100,,41598,5,,,1,100,,41600,5,,,1,100,,41601,5,,,2
6600,'Dimanche-11-_26ÉTÉ-0000001-',714,,49418,5,,,1,100,,49419,5,,,1,100,,49420,5,,,2,100,,49422,5,,,1,100,,49414,5,,,1,100,,49421,5,,,1,100,,49415,5,,,1,100,,49416,5,,,2,100,,49417,5,,,1,100,,49426,5,,,1,100,,49428,5,,,1,100,,49424,5,,,1,100,,49425,5,,,1,100,,49423,5,,,1,100,,49427,5,,,1,100,,49429,5,,,1,100,,49430,5,,,2
6600,'Semaine-1-_26ÉTÉ-1111100-',558,,41612,5,,,1,60,,41618,5,,,2,20,,41613,5,,,2,20,,41605,5,,,2,60,,41617,5,,,2,20,,41610,5,,,1,20,,41624,5,,,2,60,,41604,5,,,2,20,,41615,5,,,2,20,,41625,5,,,2,100,,41614,5,,,1,100,,41606,5,,,2,100,,41629,5,,,1,100,,41630,5,,,2,101,,41616,5,,,2,99,,41626,5,,,1,61,,41619,5,,,2,20,,41602,5,,,1,20,,41621,5,,,2,60,,41627,5,,,2,21,,41632,5,,,2,19,,41603,5,,,1,60,,41622,5,,,2,20,,41620,5,,,1,20,,41608,5,,,2,60,,41628,5,,,1,100,,41609,5,,,1,100,,41607,5,,,1,98,,41611,5,,,1,100,,41623,5,,,1,100,,41631,5,,,1
6600,'Semaine-10-_26ÉTÉ-1111100-',558,,41643,5,,,1,60,,41649,5,,,2,20,,41644,5,,,2,20,,41636,5,,,2,60,,41648,5,,,2,20,,41641,5,,,1,20,,41655,5,,,2,60,,41635,5,,,2,20,,41646,5,,,2,20,,41656,5,,,2,100,,41645,5,,,1,100,,41637,5,,,2,100,,41660,5,,,1,100,,41661,5,,,2,101,,41647,5,,,2,99,,41657,5,,,1,61,,41650,5,,,2,20,,41633,5,,,1,20,,41652,5,,,2,60,,41658,5,,,2,21,,41663,5,,,2,19,,41634,5,,,1,60,,41653,5,,,2,20,,41651,5,,,1,20,,41639,5,,,2,60,,41659,5,,,1,100,,41640,5,,,1,100,,41638,5,,,1,98,,41642,5,,,1,100,,41654,5,,,1,100,,41662,5,,,1
6600,'Semaine-11-_26ÉTÉ-1111100-',558,,47224,5,,,1,60,,47230,5,,,2,20,,47225,5,,,2,20,,47217,5,,,2,60,,47229,5,,,2,20,,47222,5,,,1,20,,47236,5,,,2,60,,47216,5,,,2,20,,47227,5,,,2,20,,47237,5,,,2,100,,47226,5,,,1,100,,47218,5,,,2,100,,47241,5,,,1,100,,47242,5,,,2,101,,47228,5,,,2,99,,47238,5,,,1,61,,47231,5,,,2,20,,47214,5,,,1,20,,47233,5,,,2,60,,47239,5,,,2,21,,47244,5,,,2,19,,47215,5,,,1,60,,47234,5,,,2,20,,47232,5,,,1,20,,47220,5,,,2,60,,47240,5,,,1,100,,47221,5,,,1,100,,47219,5,,,1,98,,47223,5,,,1,100,,47235,5,,,1,100,,47243,5,,,1
6600,'Semaine-5-_26ÉTÉ-1111100-',558,,51216,5,,,1,60,,51222,5,,,2,20,,51217,5,,,2,20,,51209,5,,,2,60,,51221,5,,,2,20,,51214,5,,,1,20,,51228,5,,,2,60,,51208,5,,,2,20,,51219,5,,,2,20,,51229,5,,,2,100,,51218,5,,,1,100,,51210,5,,,2,100,,51233,5,,,1,100,,51234,5,,,2,101,,51220,5,,,2,99,,51230,5,,,1,61,,51223,5,,,2,20,,51206,5,,,1,20,,51225,5,,,2,60,,51231,5,,,2,21,,51236,5,,,2,19,,51207,5,,,1,60,,51226,5,,,2,20,,51224,5,,,1,20,,51212,5,,,2,60,,51232,5,,,1,100,,51213,5,,,1,100,,51211,5,,,1,98,,51215,5,,,1,100,,51227,5,,,1,100,,51235,5,,,1
