9500,'Semaine-1-_26ÉTÉ-1111100-',1530,,43711,34,,,1,16,,43714,34,,,2,55,,43710,34,,,1,19,,43705,34,,,1,15,,43709,34,,,2,16,,43706,34,,,1,55,,43707,34,,,2,15,,43712,34,,,1,24,,43713,34,,,1,65,,43708,34,,,1
9500,'Semaine-10-_26ÉTÉ-1111100-',1530,,43721,34,,,1,16,,43724,34,,,2,55,,43720,34,,,1,19,,43715,34,,,1,15,,43719,34,,,2,16,,43716,34,,,1,55,,43717,34,,,2,15,,43722,34,,,1,24,,43723,34,,,2,65,,43718,34,,,1
9500,'Semaine-11-_26ÉTÉ-1111100-',1530,,48147,34,,,1,16,,48150,34,,,2,55,,48146,34,,,1,19,,48141,34,,,1,15,,48145,34,,,2,16,,48142,34,,,1,55,,48143,34,,,2,15,,48148,34,,,1,24,,48149,34,,,1,65,,48144,34,,,1
9700,'Samedi-0-_26ÉTÉ-0000010-',848,,43743,46,,,2,100,,43746,46,,,2,100,,43741,46,,,1,100,,43742,46,,,1,100,,43745,46,,,2,100,,43744,46,,,2,100,,43747,46,,,1,101,,43748,46,,,2,100,,43749,46,,,2,101,,43750,46,,,1,100,,43755,46,,,1,100,,43751,46,,,1,100,,43752,46,,,1,100,,43753,46,,,1,99,,43754,46,,,2,98,,43756,46,,,1,100,,43757,46,,,1
9700,'Samedi-10-_26ÉTÉ-0000010-',848,,48161,46,,,2,100,,48164,46,,,2,100,,48159,46,,,1,100,,48160,46,,,1,100,,48163,46,,,2,100,,48162,46,,,2,100,,48165,46,,,1,101,,48166,46,,,2,100,,48167,46,,,2,101,,48168,46,,,1,100,,48173,46,,,1,100,,48169,46,,,1,100,,48170,46,,,1,100,,48171,46,,,1,99,,48172,46,,,2,98,,48174,46,,,1,100,,48175,46,,,1
9700,'Dimanche-0-_26ÉTÉ-0000001-',848,,43761,46,,,2,100,,43763,46,,,2,100,,43760,46,,,1,100,,43759,46,,,1,100,,43758,46,,,2,100,,43762,46,,,2,100,,43765,46,,,1,101,,43764,46,,,2,100,,43770,46,,,2,101,,43772,46,,,1,100,,43774,46,,,1,100,,43766,46,,,1,100,,43767,46,,,1,100,,43768,46,,,1,99,,43769,46,,,2,98,,43773,46,,,1,100,,43771,46,,,1
9700,'Dimanche-10-_26ÉTÉ-0000001-',848,,43778,46,,,2,100,,43780,46,,,2,100,,43777,46,,,1,100,,43776,46,,,1,100,,43775,46,,,2,100,,43779,46,,,2,100,,43782,46,,,1,101,,43781,46,,,2,100,,43787,46,,,2,101,,43789,46,,,1,100,,43791,46,,,1,100,,43783,46,,,1,100,,43784,46,,,1,100,,43785,46,,,1,99,,43786,46,,,2,98,,43790,46,,,1,100,,43788,46,,,1
9700,'Semaine-1-_26ÉTÉ-1111100-',721,,43810,46,,,1,27,,43811,46,,,1,94,,43800,46,,,2,101,,43796,46,,,1,96,,43809,46,,,2,100,,43804,46,,,2,101,,43801,46,,,1,100,,43806,46,,,2,101,,43792,46,,,1,94,,43797,46,,,1,104,,43805,46,,,1,96,,43807,50,,,2,103,,43798,50,,,2,73,,43793,50,,,2,20,,43802,46,,,1,102,,43794,46,,,2,99,,43803,46,,,1,100,,43799,46,,,1,101,,43795,46,,,2,110,,43808,46,,,1
9700,'Semaine-10-_26ÉTÉ-1111100-',721,,43830,46,,,1,27,,43831,46,,,1,94,,43820,46,,,2,101,,43816,46,,,1,96,,43829,46,,,2,100,,43824,46,,,2,101,,43821,46,,,1,100,,43826,46,,,2,101,,43812,46,,,1,94,,43817,46,,,1,104,,43825,46,,,1,96,,43827,50,,,2,103,,43818,50,,,2,73,,43813,50,,,2,20,,43822,46,,,1,102,,43814,46,,,2,99,,43823,46,,,1,100,,43819,46,,,1,101,,43815,46,,,2,110,,43828,46,,,1
9700,'Semaine-11-_26ÉTÉ-1111100-',721,,48194,46,,,1,27,,48195,46,,,1,94,,48184,46,,,2,101,,48180,46,,,1,96,,48193,46,,,2,100,,48188,46,,,2,101,,48185,46,,,1,100,,48190,46,,,2,101,,48176,46,,,1,94,,48181,46,,,1,104,,48189,46,,,1,96,,48191,50,,,2,103,,48182,50,,,2,73,,48177,50,,,2,20,,48186,46,,,1,102,,48178,46,,,2,99,,48187,46,,,1,100,,48183,46,,,1,101,,48179,46,,,2,110,,48192,46,,,1
