9301,'Semaine-1-_26ÉTÉ-1111100-',623,,43696,41,,,1,20,,43694,41,,,1,62,,43693,41,,,1,33,,43697,41,,,2,70,,43695,41,,,1
9301,'Semaine-10-_26ÉTÉ-1111100-',623,,43701,41,,,1,20,,43699,41,,,1,62,,43698,41,,,1,33,,43702,41,,,2,70,,43700,41,,,1
9301,'Semaine-11-_26ÉTÉ-1111100-',623,,48138,41,,,1,20,,48136,41,,,1,62,,48135,41,,,1,33,,48139,41,,,2,70,,48137,41,,,1
9501,'Semaine-1-_26ÉTÉ-1111100-',616,,43729,54,,,1,15,,43725,54,,,1,16,,43727,54,,,1,56,,43732,54,,,2,16,,43728,54,,,2,17,,43730,54,,,2,17,,43731,54,,,1,53,,43726,54,,,2
9501,'Semaine-10-_26ÉTÉ-1111100-',616,,43737,54,,,1,15,,43733,54,,,1,16,,43735,54,,,1,56,,43740,54,,,2,16,,43736,54,,,2,17,,43738,54,,,2,17,,43739,54,,,1,53,,43734,54,,,2
9501,'Semaine-11-_26ÉTÉ-1111100-',616,,48155,54,,,1,15,,48151,54,,,1,16,,48153,54,,,1,56,,48158,54,,,2,16,,48154,54,,,2,17,,48156,54,,,2,17,,48157,54,,,1,53,,48152,54,,,2
20001,'Semaine-1-_26ÉTÉ-1111100-',607,,44043,1,,,1,6,,44044,3,,,1,6,,44045,1,,,1,5,,44046,3,,,1,5,,44047,1,,,1,6,,44069,3,,,1,6,,44048,1,,,1,6,,44049,3,,,1,5,,44066,1,,,1,6,,44050,3,,,1,45,,44065,1,,,1,4,,44052,3,,,1,4,,44061,1,,,1,3,,44051,1,,,1,3,,44042,3,,,1,4,,44068,1,,,1,3,,44057,1,,,1,3,,44053,3,,,1,5,,44055,1,,,1,3,,44067,1,,,1,3,,44054,3,,,1,6,,44058,1,,,1,5,,44056,3,,,1,4,,44060,1,,,1,5,,44059,3,,,1,46,,44070,1,,,1,6,,44062,3,,,1,6,,44063,1,,,1,5,,44064,3,,,1,7,,44071,1,,,1
20001,'Semaine-10-_26ÉTÉ-1111100-',607,,44073,1,,,1,6,,44074,3,,,1,6,,44075,1,,,1,5,,44076,3,,,1,5,,44077,1,,,1,6,,44099,3,,,1,6,,44078,1,,,1,6,,44079,3,,,1,5,,44096,1,,,1,6,,44080,3,,,1,45,,44095,1,,,1,4,,44082,3,,,1,4,,44091,1,,,1,3,,44081,1,,,1,3,,44072,3,,,1,4,,44098,1,,,1,3,,44087,1,,,1,3,,44083,3,,,1,5,,44085,1,,,1,3,,44097,1,,,1,3,,44084,3,,,1,6,,44088,1,,,1,5,,44086,3,,,1,4,,44090,1,,,1,5,,44089,3,,,1,46,,44100,1,,,1,6,,44092,3,,,1,6,,44093,1,,,1,5,,44094,3,,,1,7,,44101,1,,,1
20001,'Semaine-11-_26ÉTÉ-1111100-',607,,48294,1,,,1,6,,48295,3,,,1,6,,48296,1,,,1,5,,48297,3,,,1,5,,48298,1,,,1,6,,48320,3,,,1,6,,48299,1,,,1,6,,48300,3,,,1,5,,48317,1,,,1,6,,48301,3,,,1,45,,48316,1,,,1,4,,48303,3,,,1,4,,48312,1,,,1,3,,48302,1,,,1,3,,48293,3,,,1,4,,48319,1,,,1,3,,48308,1,,,1,3,,48304,3,,,1,5,,48306,1,,,1,3,,48318,1,,,1,3,,48305,3,,,1,6,,48309,1,,,1,5,,48307,3,,,1,4,,48311,1,,,1,5,,48310,3,,,1,46,,48321,1,,,1,6,,48313,3,,,1,6,,48314,1,,,1,5,,48315,3,,,1,7,,48322,1,,,1
40001,'Samedi-0-_26ÉTÉ-0000010-',616,,44713,3,,,1,15,,44716,3,,,1,15,,44718,3,,,1,55,,44714,3,,,1,15,,44715,3,,,1,15,,44717,3,,,1,16,,44723,3,,,1,55,,44730,3,,,1,15,,44721,3,,,1,13,,44741,3,,,1,15,,44719,3,,,1,13,,44720,3,,,1,55,,44729,3,,,1,16,,44722,3,,,1,15,,44724,3,,,1,15,,44732,3,,,1,55,,44733,3,,,1,15,,44734,3,,,1,15,,44740,3,,,1,56,,44739,3,,,1,15,,44743,3,,,1,15,,44726,3,,,1,13,,44725,3,,,1,15,,44728,3,,,1,55,,44731,3,,,1,15,,44727,3,,,1,15,,44736,3,,,1,15,,44738,3,,,1,56,,44744,3,,,1,15,,44735,3,,,1,15,,44737,3,,,1,15,,44742,3,,,1,55,,44745,3,,,1,15,,44746,3,,,1,15,,44747,3,,,1,15,,44748,3,,,1,55,,44749,3,,,1,15,,44750,3,,,1,15,,44751,3,,,1,15,,44752,3,,,1,55,,44753,3,,,1,15,,44754,3,,,1,15,,44755,3,,,1,15,,44756,3,,,1,55,,44757,3,,,1,15,,44758,3,,,1,15,,44759,3,,,1,56,,44762,3,,,1,19,,44760,3,,,1,14,,44761,3,,,1,12,,44764,3,,,1,56,,44763,3,,,1,14,,44768,3,,,1,16,,44766,3,,,1,16,,44767,3,,,1,55,,44765,3,,,1,15,,44769,3,,,1,15,,44771,3,,,1,15,,44772,3,,,1,55,,44773,3,,,1,15,,44770,3,,,1,16,,44776,3,,,1,13,,44775,3,,,1,55,,44774,3,,,1,15,,44777,3,,,1,15,,44778,3,,,1,15,,44779,3,,,1,55,,44780,3,,,1,15,,44782,3,,,1,14,,44781,3,,,1,16,,44784,3,,,1,55,,44783,3,,,1,15,,44785,3,,,1
40001,'Samedi-10-_26ÉTÉ-0000010-',616,,48575,3,,,1,15,,48578,3,,,1,15,,48580,3,,,1,55,,48576,3,,,1,15,,48577,3,,,1,15,,48579,3,,,1,16,,48585,3,,,1,55,,48592,3,,,1,15,,48583,3,,,1,13,,48603,3,,,1,15,,48581,3,,,1,13,,48582,3,,,1,55,,48591,3,,,1,16,,48584,3,,,1,15,,48586,3,,,1,15,,48594,3,,,1,55,,48595,3,,,1,15,,48596,3,,,1,15,,48602,3,,,1,56,,48601,3,,,1,15,,48605,3,,,1,15,,48588,3,,,1,13,,48587,3,,,1,15,,48590,3,,,1,55,,48593,3,,,1,15,,48589,3,,,1,15,,48598,3,,,1,15,,48600,3,,,1,56,,48606,3,,,1,15,,48597,3,,,1,15,,48599,3,,,1,15,,48604,3,,,1,55,,48607,3,,,1,15,,48608,3,,,1,15,,48609,3,,,1,15,,48610,3,,,1,55,,48611,3,,,1,15,,48612,3,,,1,15,,48613,3,,,1,15,,48614,3,,,1,55,,48615,3,,,1,15,,48616,3,,,1,15,,48617,3,,,1,15,,48618,3,,,1,55,,48619,3,,,1,15,,48620,3,,,1,15,,48621,3,,,1,56,,48624,3,,,1,19,,48622,3,,,1,14,,48623,3,,,1,12,,48626,3,,,1,56,,48625,3,,,1,14,,48630,3,,,1,16,,48628,3,,,1,16,,48629,3,,,1,55,,48627,3,,,1,15,,48631,3,,,1,15,,48633,3,,,1,15,,48634,3,,,1,55,,48635,3,,,1,15,,48632,3,,,1,16,,48638,3,,,1,13,,48637,3,,,1,55,,48636,3,,,1,15,,48639,3,,,1,15,,48640,3,,,1,15,,48641,3,,,1,55,,48642,3,,,1,15,,48644,3,,,1,14,,48643,3,,,1,16,,48646,3,,,1,55,,48645,3,,,1,15,,48647,3,,,1
40001,'Dimanche-0-_26ÉTÉ-0000001-',616,,44786,3,,,1,15,,44789,3,,,1,15,,44797,3,,,1,55,,44802,3,,,1,15,,44787,3,,,1,15,,44792,3,,,1,16,,44798,3,,,1,55,,44808,3,,,1,15,,44788,3,,,1,13,,44790,3,,,1,15,,44796,3,,,1,13,,44801,3,,,1,55,,44804,3,,,1,16,,44793,3,,,1,15,,44817,3,,,1,15,,44809,3,,,1,55,,44799,3,,,1,15,,44810,3,,,1,15,,44813,3,,,1,56,,44822,3,,,1,15,,44791,3,,,1,15,,44819,3,,,1,13,,44818,3,,,1,15,,44820,3,,,1,55,,44800,3,,,1,15,,44794,3,,,1,15,,44823,3,,,1,15,,44821,3,,,1,56,,44806,3,,,1,15,,44803,3,,,1,15,,44811,3,,,1,15,,44816,3,,,1,55,,44827,3,,,1,15,,44795,3,,,1,15,,44824,3,,,1,15,,44814,3,,,1,55,,44807,3,,,1,15,,44805,3,,,1,15,,44812,3,,,1,15,,44815,3,,,1,55,,44834,3,,,1,15,,44838,3,,,1,15,,44830,3,,,1,15,,44847,3,,,1,55,,44826,3,,,1,15,,44841,3,,,1,15,,44831,3,,,1,56,,44848,3,,,1,19,,44835,3,,,1,14,,44839,3,,,1,12,,44854,3,,,1,56,,44846,3,,,1,14,,44825,3,,,1,16,,44840,3,,,1,16,,44845,3,,,1,55,,44849,3,,,1,15,,44828,3,,,1,15,,44833,3,,,1,15,,44837,3,,,1,55,,44843,3,,,1,15,,44858,3,,,1,16,,44851,3,,,1,13,,44844,3,,,1,55,,44853,3,,,1,15,,44856,3,,,1,15,,44832,3,,,1,15,,44836,3,,,1,55,,44842,3,,,1,15,,44857,3,,,1,14,,44850,3,,,1,16,,44829,3,,,1,55,,44852,3,,,1,15,,44855,3,,,1
40001,'Dimanche-10-_26ÉTÉ-0000001-',616,,44859,3,,,1,15,,44862,3,,,1,15,,44870,3,,,1,55,,44875,3,,,1,15,,44860,3,,,1,15,,44865,3,,,1,16,,44871,3,,,1,55,,44881,3,,,1,15,,44861,3,,,1,13,,44863,3,,,1,15,,44869,3,,,1,13,,44874,3,,,1,55,,44877,3,,,1,16,,44866,3,,,1,15,,44890,3,,,1,15,,44882,3,,,1,55,,44872,3,,,1,15,,44883,3,,,1,15,,44886,3,,,1,56,,44895,3,,,1,15,,44864,3,,,1,15,,44892,3,,,1,13,,44891,3,,,1,15,,44893,3,,,1,55,,44873,3,,,1,15,,44867,3,,,1,15,,44896,3,,,1,15,,44894,3,,,1,56,,44879,3,,,1,15,,44876,3,,,1,15,,44884,3,,,1,15,,44889,3,,,1,55,,44900,3,,,1,15,,44868,3,,,1,15,,44897,3,,,1,15,,44887,3,,,1,55,,44880,3,,,1,15,,44878,3,,,1,15,,44885,3,,,1,15,,44888,3,,,1,55,,44907,3,,,1,15,,44911,3,,,1,15,,44903,3,,,1,15,,44920,3,,,1,55,,44899,3,,,1,15,,44914,3,,,1,15,,44904,3,,,1,56,,44921,3,,,1,19,,44908,3,,,1,14,,44912,3,,,1,12,,44927,3,,,1,56,,44919,3,,,1,14,,44898,3,,,1,16,,44913,3,,,1,16,,44918,3,,,1,55,,44922,3,,,1,15,,44901,3,,,1,15,,44906,3,,,1,15,,44910,3,,,1,55,,44916,3,,,1,15,,44931,3,,,1,16,,44924,3,,,1,13,,44917,3,,,1,55,,44926,3,,,1,15,,44929,3,,,1,15,,44905,3,,,1,15,,44909,3,,,1,55,,44915,3,,,1,15,,44930,3,,,1,14,,44923,3,,,1,16,,44902,3,,,1,55,,44925,3,,,1,15,,44928,3,,,1
40001,'Semaine-1-_26ÉTÉ-1111100-',449,,45001,3,,,1,52,,45002,3,,,1,8,,45003,3,,,1,12,,45004,3,,,1,10,,45005,3,,,1,9,,45006,3,,,1,4,,45007,3,,,1,5,,45008,3,,,1,5,,45009,3,,,1,5,,45015,3,,,1,270,,45010,3,,,1,9,,45011,1,,,1,6,,45012,3,,,1,10,,45013,3,,,1,51,,45014,3,,,1,10,,44960,3,,,1,10,,44946,3,,,1,10,,44970,3,,,1,11,,44971,3,,,1,9,,45016,3,,,1,50,,44936,3,,,1,10,,45017,3,,,1,10,,44934,3,,,1,10,,44967,3,,,1,10,,44987,3,,,1,9,,44955,3,,,1,51,,44962,3,,,1,10,,44959,3,,,1,10,,44938,3,,,1,10,,44998,3,,,1,10,,44972,3,,,1,10,,44984,3,,,1,50,,44937,3,,,1,10,,44947,3,,,1,10,,44940,3,,,1,10,,44956,3,,,1,10,,44988,3,,,1,10,,44969,3,,,1,50,,44963,3,,,1,10,,44958,3,,,1,10,,44952,3,,,1,9,,44994,3,,,1,10,,44973,3,,,1,10,,44985,3,,,1,50,,45000,3,,,1,9,,44949,3,,,1,14,,44932,3,,,1,10,,44990,3,,,1,7,,44989,3,,,1,10,,44974,3,,,1,49,,44964,3,,,1,12,,44942,3,,,1,11,,44992,3,,,1,13,,44999,3,,,1,11,,44986,3,,,1,51,,45020,3,,,1,14,,44966,3,,,1,15,,44995,3,,,1,10,,45018,3,,,1,11,,44979,3,,,1,53,,44957,3,,,1,11,,44943,3,,,1,12,,44948,3,,,1,12,,45019,3,,,1,12,,44950,3,,,1,52,,44975,3,,,1,12,,44965,3,,,1,12,,44996,3,,,1,12,,44982,3,,,1,12,,44961,3,,,1,53,,44944,3,,,1,14,,44983,3,,,1,12,,45022,3,,,1,11,,45021,3,,,1,12,,44951,3,,,1,52,,44976,3,,,1,12,,44954,3,,,1,12,,44997,3,,,1,12,,44980,3,,,1,13,,44939,3,,,1,53,,45023,3,,,1,17,,44945,3,,,1,15,,44941,3,,,1,15,,44991,3,,,1,53,,44977,3,,,1,14,,44953,3,,,1,16,,44981,3,,,1,15,,44993,3,,,1,55,,44935,3,,,1,15,,44933,3,,,1,15,,44968,3,,,1,69,,44978,3,,,1
40001,'Semaine-10-_26ÉTÉ-1111100-',449,,45093,3,,,1,52,,45094,3,,,1,8,,45095,3,,,1,12,,45096,3,,,1,10,,45097,3,,,1,9,,45098,3,,,1,4,,45099,3,,,1,5,,45100,3,,,1,5,,45101,3,,,1,5,,45107,3,,,1,270,,45102,3,,,1,9,,45103,1,,,1,6,,45104,3,,,1,10,,45105,3,,,1,51,,45106,3,,,1,10,,45052,3,,,1,10,,45038,3,,,1,10,,45062,3,,,1,11,,45063,3,,,1,9,,45108,3,,,1,50,,45028,3,,,1,10,,45109,3,,,1,10,,45026,3,,,1,10,,45059,3,,,1,10,,45079,3,,,1,9,,45047,3,,,1,51,,45054,3,,,1,10,,45051,3,,,1,10,,45030,3,,,1,10,,45090,3,,,1,10,,45064,3,,,1,10,,45076,3,,,1,50,,45029,3,,,1,10,,45039,3,,,1,10,,45032,3,,,1,10,,45048,3,,,1,10,,45080,3,,,1,10,,45061,3,,,1,50,,45055,3,,,1,10,,45050,3,,,1,10,,45044,3,,,1,9,,45086,3,,,1,10,,45065,3,,,1,10,,45077,3,,,1,50,,45092,3,,,1,9,,45041,3,,,1,14,,45024,3,,,1,10,,45082,3,,,1,7,,45081,3,,,1,10,,45066,3,,,1,49,,45056,3,,,1,12,,45034,3,,,1,11,,45084,3,,,1,13,,45091,3,,,1,11,,45078,3,,,1,51,,45112,3,,,1,14,,45058,3,,,1,15,,45087,3,,,1,10,,45110,3,,,1,11,,45071,3,,,1,53,,45049,3,,,1,11,,45035,3,,,1,12,,45040,3,,,1,12,,45111,3,,,1,12,,45042,3,,,1,52,,45067,3,,,1,12,,45057,3,,,1,12,,45088,3,,,1,12,,45074,3,,,1,12,,45053,3,,,1,53,,45036,3,,,1,14,,45075,3,,,1,12,,45114,3,,,1,11,,45113,3,,,1,12,,45043,3,,,1,52,,45068,3,,,1,12,,45046,3,,,1,12,,45089,3,,,1,12,,45072,3,,,1,13,,45031,3,,,1,53,,45115,3,,,1,17,,45037,3,,,1,15,,45033,3,,,1,15,,45083,3,,,1,53,,45069,3,,,1,14,,45045,3,,,1,16,,45073,3,,,1,15,,45085,3,,,1,55,,45027,3,,,1,15,,45025,3,,,1,15,,45060,3,,,1,69,,45070,3,,,1
40001,'Semaine-11-_26ÉTÉ-1111100-',449,,48717,3,,,1,52,,48718,3,,,1,8,,48719,3,,,1,12,,48720,3,,,1,10,,48721,3,,,1,9,,48722,3,,,1,4,,48723,3,,,1,5,,48724,3,,,1,5,,48725,3,,,1,5,,48731,3,,,1,270,,48726,3,,,1,9,,48727,1,,,1,6,,48728,3,,,1,10,,48729,3,,,1,51,,48730,3,,,1,10,,48676,3,,,1,10,,48662,3,,,1,10,,48686,3,,,1,11,,48687,3,,,1,9,,48732,3,,,1,50,,48652,3,,,1,10,,48733,3,,,1,10,,48650,3,,,1,10,,48683,3,,,1,10,,48703,3,,,1,9,,48671,3,,,1,51,,48678,3,,,1,10,,48675,3,,,1,10,,48654,3,,,1,10,,48714,3,,,1,10,,48688,3,,,1,10,,48700,3,,,1,50,,48653,3,,,1,10,,48663,3,,,1,10,,48656,3,,,1,10,,48672,3,,,1,10,,48704,3,,,1,10,,48685,3,,,1,50,,48679,3,,,1,10,,48674,3,,,1,10,,48668,3,,,1,9,,48710,3,,,1,10,,48689,3,,,1,10,,48701,3,,,1,50,,48716,3,,,1,9,,48665,3,,,1,14,,48648,3,,,1,10,,48706,3,,,1,7,,48705,3,,,1,10,,48690,3,,,1,49,,48680,3,,,1,12,,48658,3,,,1,11,,48708,3,,,1,13,,48715,3,,,1,11,,48702,3,,,1,51,,48736,3,,,1,14,,48682,3,,,1,15,,48711,3,,,1,10,,48734,3,,,1,11,,48695,3,,,1,53,,48673,3,,,1,11,,48659,3,,,1,12,,48664,3,,,1,12,,48735,3,,,1,12,,48666,3,,,1,52,,48691,3,,,1,12,,48681,3,,,1,12,,48712,3,,,1,12,,48698,3,,,1,12,,48677,3,,,1,53,,48660,3,,,1,14,,48699,3,,,1,12,,48738,3,,,1,11,,48737,3,,,1,12,,48667,3,,,1,52,,48692,3,,,1,12,,48670,3,,,1,12,,48713,3,,,1,12,,48696,3,,,1,13,,48655,3,,,1,53,,48739,3,,,1,17,,48661,3,,,1,15,,48657,3,,,1,15,,48707,3,,,1,53,,48693,3,,,1,14,,48669,3,,,1,16,,48697,3,,,1,15,,48709,3,,,1,55,,48651,3,,,1,15,,48649,3,,,1,15,,48684,3,,,1,69,,48694,3,,,1
