3400,'Samedi-0-_26ÉTÉ-0000010-',749,,38218,39,,,1,104,,38223,39,,,1,70,,38219,39,,,2,31,,38225,39,,,1,70,,38226,39,,,1,31,,38220,39,,,1,70,,38221,39,,,2,30,,38222,39,,,1,70,,38224,39,,,2,31,,38227,39,,,1,70,,38229,39,,,1,31,,38228,39,,,2,70,,38230,39,,,1,30,,38231,39,,,1,70,,38232,39,,,2,29,,38233,39,,,1,70,,38234,39,,,1,31,,38235,39,,,1,70,,38236,39,,,1,30,,38237,39,,,1,70,,38238,39,,,1,29,,38239,39,,,1,68,,38240,39,,,2,30,,38241,39,,,1,70,,38242,39,,,1,30,,38243,39,,,1,70,,38244,39,,,1,30,,38245,39,,,1,70,,38246,39,,,1,29,,38248,39,,,1,71,,38247,39,,,1,29,,38250,39,,,1,70,,38249,39,,,1,27,,38251,39,,,1
3400,'Dimanche-0-_26ÉTÉ-0000001-',749,,38256,39,,,1,104,,38260,39,,,1,70,,38258,39,,,2,31,,38253,39,,,1,70,,38261,39,,,1,31,,38264,39,,,1,70,,38263,39,,,2,30,,38252,39,,,1,70,,38254,39,,,2,31,,38265,39,,,1,70,,38255,39,,,1,31,,38257,39,,,2,70,,38259,39,,,1,30,,38268,39,,,1,70,,38262,39,,,2,29,,38266,39,,,1,70,,38269,39,,,1,31,,38273,39,,,1,70,,38278,39,,,1,30,,38270,39,,,1,70,,38271,39,,,1,29,,38281,39,,,1,68,,38272,39,,,2,30,,38277,39,,,1,70,,38267,39,,,1,30,,38274,39,,,1,70,,38276,39,,,1,30,,38279,39,,,1,70,,38285,39,,,1,29,,38280,39,,,1,71,,38282,39,,,1,29,,38275,39,,,1,70,,38283,39,,,1,27,,38284,39,,,1
3400,'Dimanche-10-_26ÉTÉ-0000001-',749,,38290,39,,,1,104,,38294,39,,,1,70,,38292,39,,,2,31,,38287,39,,,1,70,,38295,39,,,1,31,,38298,39,,,1,70,,38297,39,,,2,30,,38286,39,,,1,70,,38288,39,,,2,31,,38299,39,,,1,70,,38289,39,,,1,31,,38291,39,,,2,70,,38293,39,,,1,30,,38302,39,,,1,70,,38296,39,,,2,29,,38300,39,,,1,70,,38303,39,,,1,31,,38307,39,,,1,70,,38312,39,,,1,30,,38304,39,,,1,70,,38305,39,,,1,29,,38315,39,,,1,68,,38306,39,,,2,30,,38311,39,,,1,70,,38301,39,,,1,30,,38308,39,,,1,70,,38310,39,,,1,30,,38313,39,,,1,70,,38319,39,,,1,29,,38314,39,,,1,71,,38316,39,,,1,29,,38309,39,,,1,70,,38317,39,,,1,27,,38318,39,,,1
3400,'Semaine-1-_26ÉTÉ-1111100-',631,,38350,39,,,1,71,,38335,39,,,1,33,,38329,39,,,1,72,,38333,39,,,1,30,,38324,39,,,1,71,,38344,39,,,1,28,,38330,39,,,1,67,,38320,39,,,1,30,,38325,39,,,2,70,,38326,39,,,2,30,,38331,39,,,1,70,,38321,39,,,1,31,,38351,39,,,1,70,,38327,39,,,1,30,,38332,39,,,1,70,,38322,39,,,1,32,,38348,39,,,2,70,,38323,39,,,1,27,,38349,39,,,1,304,,38347,39,,,2,20,,38336,39,,,1,68,,38328,39,,,2,30,,38340,39,,,1,70,,38346,39,,,1,30,,38337,39,,,1,69,,38339,39,,,1,30,,38341,39,,,1,70,,38334,39,,,1,30,,38343,39,,,1,69,,38338,39,,,1,28,,38342,39,,,1,70,,38345,39,,,1
3400,'Semaine-10-_26ÉTÉ-1111100-',631,,38382,39,,,1,71,,38367,39,,,1,33,,38361,39,,,1,72,,38365,39,,,1,30,,38356,39,,,1,71,,38376,39,,,1,28,,38362,39,,,1,67,,38352,39,,,1,30,,38357,39,,,2,70,,38358,39,,,2,30,,38363,39,,,1,70,,38353,39,,,1,31,,38383,39,,,1,70,,38359,39,,,1,30,,38364,39,,,1,70,,38354,39,,,1,32,,38380,39,,,2,70,,38355,39,,,1,27,,38381,39,,,1,304,,38379,39,,,2,20,,38368,39,,,1,68,,38360,39,,,2,30,,38372,39,,,1,70,,38378,39,,,1,30,,38369,39,,,1,69,,38371,39,,,1,30,,38373,39,,,1,70,,38366,39,,,1,30,,38375,39,,,1,69,,38370,39,,,1,28,,38374,39,,,1,70,,38377,39,,,1
3900,'Samedi-0-_26ÉTÉ-0000010-',653,,39287,25,,,1,101,,39288,25,,,1,100,,39292,25,,,1,101,,39291,25,,,1,100,,39294,25,,,1,100,,39293,25,,,1,102,,39289,25,,,1,70,,39290,25,,,1,30,,39295,25,,,1,71,,39296,25,,,2,30,,39297,25,,,1,70,,39298,25,,,1,31,,39299,25,,,2,70,,39300,25,,,1,30,,39301,25,,,1,70,,39302,25,,,1,30,,39303,25,,,1,69,,39304,25,,,1,29,,39305,25,,,1,68,,39306,25,,,1,100,,39307,25,,,1,100,,39308,25,,,1,100,,39309,25,,,1,100,,39310,25,,,1
3900,'Dimanche-0-_26ÉTÉ-0000001-',653,,39311,25,,,1,101,,39318,25,,,1,100,,39312,25,,,1,101,,39314,25,,,1,100,,39320,25,,,1,100,,39313,25,,,1,102,,39319,25,,,1,70,,39315,25,,,1,30,,39316,25,,,1,71,,39321,25,,,2,30,,39323,25,,,1,70,,39317,25,,,1,31,,39322,25,,,2,70,,39324,25,,,1,30,,39325,25,,,1,70,,39331,25,,,1,30,,39332,25,,,1,69,,39334,25,,,1,29,,39330,25,,,1,68,,39328,25,,,1,100,,39329,25,,,1,100,,39333,25,,,1,100,,39326,25,,,1,100,,39327,25,,,1
3900,'Dimanche-10-_26ÉTÉ-0000001-',653,,39335,25,,,1,101,,39342,25,,,1,100,,39336,25,,,1,101,,39338,25,,,1,100,,39344,25,,,1,100,,39337,25,,,1,102,,39343,25,,,1,70,,39339,25,,,1,30,,39340,25,,,1,71,,39345,25,,,2,30,,39347,25,,,1,70,,39341,25,,,1,31,,39346,25,,,2,70,,39348,25,,,1,30,,39349,25,,,1,70,,39355,25,,,1,30,,39356,25,,,1,69,,39358,25,,,1,29,,39354,25,,,1,68,,39352,25,,,1,100,,39353,25,,,1,100,,39357,25,,,1,100,,39350,25,,,1,100,,39351,25,,,1
3900,'Semaine-1-_26ÉTÉ-1111100-',629,,39376,25,,,2,26,,39362,25,,,1,70,,39381,25,,,2,28,,39374,25,,,1,72,,39375,25,,,1,33,,39373,25,,,1,72,,39370,25,,,1,70,,39387,25,,,1,30,,39382,25,,,1,71,,39394,25,,,1,30,,39379,25,,,2,71,,39383,25,,,1,29,,39371,25,,,1,72,,39369,25,,,2,29,,39384,25,,,1,69,,39372,25,,,1,30,,39359,25,,,2,72,,39385,25,,,1,35,,39366,25,,,2,70,,39368,25,,,1,30,,39386,25,,,2,74,,39365,25,,,1,27,,39360,25,,,1,70,,39388,25,,,1,26,,39367,25,,,1,71,,39361,25,,,1,29,,39389,25,,,2,72,,39364,25,,,1,25,,39380,25,,,2,26,,39390,25,,,1,70,,39363,25,,,1,30,,39378,25,,,1,70,,39391,25,,,1,30,,39377,25,,,1,70,,39393,25,,,1,30,,39392,25,,,1
3900,'Semaine-10-_26ÉTÉ-1111100-',629,,39412,25,,,2,26,,39398,25,,,1,70,,39417,25,,,2,28,,39410,25,,,1,72,,39411,25,,,1,33,,39409,25,,,1,72,,39406,25,,,1,70,,39423,25,,,1,30,,39418,25,,,1,71,,39430,25,,,1,30,,39415,25,,,2,71,,39419,25,,,1,29,,39407,25,,,1,72,,39405,25,,,2,29,,39420,25,,,1,69,,39408,25,,,1,30,,39395,25,,,2,72,,39421,25,,,1,35,,39402,25,,,2,70,,39404,25,,,1,30,,39422,25,,,2,74,,39401,25,,,1,27,,39396,25,,,1,70,,39424,25,,,1,26,,39403,25,,,1,71,,39397,25,,,1,29,,39425,25,,,2,72,,39400,25,,,1,25,,39416,25,,,2,26,,39426,25,,,1,70,,39399,25,,,1,30,,39414,25,,,1,70,,39427,25,,,1,30,,39413,25,,,1,70,,39429,25,,,1,30,,39428,25,,,1
