4001,'Semaine-1-_26ÉTÉ-1111100-',554,,39588,1,,,2,71,,39587,1,,,2,30,,39590,1,,,2,70,,39586,1,,,1,31,,39585,1,,,2,69,,39589,1,,,2
4001,'Semaine-10-_26ÉTÉ-1111100-',554,,39594,1,,,2,71,,39593,1,,,2,30,,39596,1,,,2,70,,39592,1,,,1,31,,39591,1,,,2,69,,39595,1,,,2
4001,'Semaine-11-_26ÉTÉ-1111100-',554,,46356,1,,,2,71,,46355,1,,,2,30,,46358,1,,,2,70,,46354,1,,,1,31,,46353,1,,,2,69,,46357,1,,,2
4001,'Semaine-5-_26ÉTÉ-1111100-',554,,50640,1,,,2,71,,50639,1,,,2,30,,50642,1,,,2,70,,50638,1,,,1,31,,50637,1,,,2,69,,50641,1,,,2
5000,'Semaine-1-_26ÉTÉ-1111100-',630,,39895,2,,,2,23,,39894,2,,,1,68,,39896,2,,,1,30,,39893,2,,,1,149,,39897,2,,,1
5000,'Semaine-10-_26ÉTÉ-1111100-',630,,39900,2,,,2,23,,39899,2,,,1,68,,39901,2,,,1,30,,39898,2,,,1,149,,39902,2,,,1
5000,'Semaine-11-_26ÉTÉ-1111100-',630,,46492,2,,,2,23,,46491,2,,,1,68,,46493,2,,,1,30,,46490,2,,,1,149,,46494,2,,,1
5000,'Semaine-5-_26ÉTÉ-1111100-',630,,50744,2,,,2,23,,50743,2,,,1,68,,50745,2,,,1,30,,50742,2,,,1,149,,50746,2,,,1
5201,'Samedi-0-_26ÉTÉ-0000010-',633,,39999,2,,,2,100,,40000,2,,,1,100,,40001,2,,,2,100,,40002,2,,,1,100,,40004,2,,,1,100,,40003,2,,,1,100,,40005,2,,,2,100,,40006,2,,,1,100,,40007,2,,,2,100,,40008,2,,,1,100,,40009,2,,,1,100,,40010,2,,,1,100,,40013,2,,,1,100,,40011,2,,,1,100,,40015,2,,,2,100,,40012,2,,,1,100,,40014,2,,,1,100,,40016,2,,,1
5201,'Dimanche-0-_26ÉTÉ-0000001-',633,,40017,2,,,2,100,,40018,2,,,1,100,,40019,2,,,2,100,,40020,2,,,1,100,,40025,2,,,1,100,,40021,2,,,1,100,,40022,2,,,2,100,,40026,2,,,1,100,,40023,2,,,2,100,,40024,2,,,1,100,,40027,2,,,1,100,,40030,2,,,1,100,,40028,2,,,1,100,,40034,2,,,1,100,,40029,2,,,2,100,,40031,2,,,1,100,,40032,2,,,1,100,,40033,2,,,1
5201,'Dimanche-10-_26ÉTÉ-0000001-',633,,40035,2,,,2,100,,40036,2,,,1,100,,40037,2,,,2,100,,40038,2,,,1,100,,40043,2,,,1,100,,40039,2,,,1,100,,40040,2,,,2,100,,40044,2,,,1,100,,40041,2,,,2,100,,40042,2,,,1,100,,40045,2,,,1,100,,40048,2,,,1,100,,40046,2,,,1,100,,40052,2,,,1,100,,40047,2,,,2,100,,40049,2,,,1,100,,40050,2,,,1,100,,40051,2,,,1
5201,'Dimanche-11-_26ÉTÉ-0000001-',633,,49188,2,,,2,100,,49189,2,,,1,100,,49190,2,,,2,100,,49191,2,,,1,100,,49196,2,,,1,100,,49192,2,,,1,100,,49193,2,,,2,100,,49197,2,,,1,100,,49194,2,,,2,100,,49195,2,,,1,100,,49198,2,,,1,100,,49201,2,,,1,100,,49199,2,,,1,100,,49205,2,,,1,100,,49200,2,,,2,100,,49202,2,,,1,100,,49203,2,,,1,100,,49204,2,,,1
5201,'Semaine-1-_26ÉTÉ-1111100-',603,,40068,2,,,1,100,,40070,2,,,1,100,,40069,2,,,1,100,,40053,2,,,1,100,,40059,2,,,1,100,,40056,2,,,2,100,,40063,2,,,1,100,,40054,2,,,1,100,,40058,2,,,1,100,,40057,2,,,1,100,,40067,2,,,1,100,,40066,2,,,1,100,,40060,2,,,1,100,,40061,2,,,1,100,,40065,2,,,1,100,,40062,2,,,1,100,,40064,2,,,1,100,,40055,2,,,1
5201,'Semaine-10-_26ÉTÉ-1111100-',603,,40086,2,,,1,100,,40088,2,,,1,100,,40087,2,,,1,100,,40071,2,,,1,100,,40077,2,,,1,100,,40074,2,,,2,100,,40081,2,,,1,100,,40072,2,,,1,100,,40076,2,,,1,100,,40075,2,,,1,100,,40085,2,,,1,100,,40084,2,,,1,100,,40078,2,,,1,100,,40079,2,,,1,100,,40083,2,,,1,100,,40080,2,,,1,100,,40082,2,,,1,100,,40073,2,,,1
5201,'Semaine-11-_26ÉTÉ-1111100-',603,,46567,2,,,1,100,,46569,2,,,1,100,,46568,2,,,1,100,,46552,2,,,1,100,,46558,2,,,1,100,,46555,2,,,2,100,,46562,2,,,1,100,,46553,2,,,1,100,,46557,2,,,1,100,,46556,2,,,1,100,,46566,2,,,1,100,,46565,2,,,1,100,,46559,2,,,1,100,,46560,2,,,1,100,,46564,2,,,1,100,,46561,2,,,1,100,,46563,2,,,1,100,,46554,2,,,1
5201,'Semaine-5-_26ÉTÉ-1111100-',603,,50783,2,,,1,100,,50785,2,,,1,100,,50784,2,,,1,100,,50768,2,,,1,100,,50774,2,,,1,100,,50771,2,,,2,100,,50778,2,,,1,100,,50769,2,,,1,100,,50773,2,,,1,100,,50772,2,,,1,100,,50782,2,,,1,100,,50781,2,,,1,100,,50775,2,,,1,100,,50776,2,,,1,100,,50780,2,,,1,100,,50777,2,,,1,100,,50779,2,,,1,100,,50770,2,,,1
55000,'Semaine-5-_26ÉTÉ-1111100-',645,,52277,2,,,1
64001,'Semaine-5-_26ÉTÉ-1111100-',712,,52284,2,,,1
