4900,'Samedi-0-_26ÉTÉ-0000010-',709,,39669,3,,,1,100,,39670,3,,,1,102,,39667,3,,,1,100,,39671,3,,,1,100,,39668,3,,,1,99,,39672,3,,,1,99,,39673,3,,,1,104,,39674,3,,,1,97,,39675,3,,,1,100,,39676,3,,,1,100,,39677,3,,,1,99,,39678,3,,,1,100,,39679,3,,,1,100,,39680,3,,,1,100,,39681,3,,,1,100,,39682,3,,,1,102,,39683,3,,,1
4900,'Samedi-10-_26ÉTÉ-0000010-',709,,46396,3,,,1,100,,46397,3,,,1,102,,46394,3,,,1,100,,46398,3,,,1,100,,46395,3,,,1,99,,46399,3,,,1,99,,46400,3,,,1,104,,46401,3,,,1,97,,46402,3,,,1,100,,46403,3,,,1,100,,46404,3,,,1,99,,46405,3,,,1,100,,46406,3,,,1,100,,46407,3,,,1,100,,46408,3,,,1,100,,46409,3,,,1,102,,46410,3,,,1
4900,'Dimanche-0-_26ÉTÉ-0000001-',709,,39684,3,,,1,100,,39687,3,,,1,102,,39685,3,,,1,100,,39688,3,,,1,100,,39690,3,,,1,99,,39694,3,,,1,99,,39692,3,,,1,104,,39691,3,,,1,97,,39686,3,,,1,100,,39696,3,,,1,100,,39693,3,,,1,99,,39695,3,,,1,100,,39700,3,,,1,100,,39689,3,,,1,100,,39698,3,,,1,100,,39699,3,,,1,102,,39697,3,,,1
4900,'Dimanche-10-_26ÉTÉ-0000001-',709,,39701,3,,,1,100,,39704,3,,,1,102,,39702,3,,,1,100,,39705,3,,,1,100,,39707,3,,,1,99,,39711,3,,,1,99,,39709,3,,,1,104,,39708,3,,,1,97,,39703,3,,,1,100,,39713,3,,,1,100,,39710,3,,,1,99,,39712,3,,,1,100,,39717,3,,,1,100,,39706,3,,,1,100,,39715,3,,,1,100,,39716,3,,,1,102,,39714,3,,,1
4900,'Dimanche-11-_26ÉTÉ-0000001-',709,,49136,3,,,1,100,,49139,3,,,1,102,,49137,3,,,1,100,,49140,3,,,1,100,,49142,3,,,1,99,,49146,3,,,1,99,,49144,3,,,1,104,,49143,3,,,1,97,,49138,3,,,1,100,,49148,3,,,1,100,,49145,3,,,1,99,,49147,3,,,1,100,,49152,3,,,1,100,,49141,3,,,1,100,,49150,3,,,1,100,,49151,3,,,1,102,,49149,3,,,1
4900,'Semaine-1-_26ÉTÉ-1111100-',626,,39742,3,,,1,20,,39748,3,,,1,66,,39745,3,,,1,30,,39746,3,,,1,79,,39741,3,,,1,32,,39737,3,,,1,72,,39729,3,,,1,31,,39747,3,,,1,71,,39743,3,,,1,32,,39739,3,,,1,70,,39718,3,,,1,30,,39738,3,,,1,70,,39720,3,,,1,30,,39725,3,,,1,70,,39727,3,,,1,30,,39730,3,,,1,70,,39744,3,,,1,30,,39728,3,,,1,70,,39731,3,,,1,30,,39723,3,,,1,71,,39734,3,,,1,29,,39726,3,,,1,70,,39724,3,,,1,30,,39740,3,,,1,70,,39735,3,,,1,99,,39719,3,,,1,101,,39736,3,,,1,100,,39733,3,,,1,100,,39721,3,,,1,99,,39732,3,,,1,100,,39722,3,,,1
4900,'Semaine-10-_26ÉTÉ-1111100-',626,,39773,3,,,1,20,,39779,3,,,1,66,,39776,3,,,1,30,,39777,3,,,1,79,,39772,3,,,1,32,,39768,3,,,1,72,,39760,3,,,1,31,,39778,3,,,1,71,,39774,3,,,1,32,,39770,3,,,1,70,,39749,3,,,1,30,,39769,3,,,1,70,,39751,3,,,1,30,,39756,3,,,1,70,,39758,3,,,1,30,,39761,3,,,1,70,,39775,3,,,1,30,,39759,3,,,1,70,,39762,3,,,1,30,,39754,3,,,1,71,,39765,3,,,1,29,,39757,3,,,1,70,,39755,3,,,1,30,,39771,3,,,1,70,,39766,3,,,1,99,,39750,3,,,1,101,,39767,3,,,1,100,,39764,3,,,1,100,,39752,3,,,1,99,,39763,3,,,1,100,,39753,3,,,1
4900,'Semaine-11-_26ÉTÉ-1111100-',626,,46435,3,,,1,20,,46441,3,,,1,66,,46438,3,,,1,30,,46439,3,,,1,79,,46434,3,,,1,32,,46430,3,,,1,72,,46422,3,,,1,31,,46440,3,,,1,71,,46436,3,,,1,32,,46432,3,,,1,70,,46411,3,,,1,30,,46431,3,,,1,70,,46413,3,,,1,30,,46418,3,,,1,70,,46420,3,,,1,30,,46423,3,,,1,70,,46437,3,,,1,30,,46421,3,,,1,70,,46424,3,,,1,30,,46416,3,,,1,71,,46427,3,,,1,29,,46419,3,,,1,70,,46417,3,,,1,30,,46433,3,,,1,70,,46428,3,,,1,99,,46412,3,,,1,101,,46429,3,,,1,100,,46426,3,,,1,100,,46414,3,,,1,99,,46425,3,,,1,100,,46415,3,,,1
5501,'Samedi-0-_26ÉTÉ-0000010-',646,,40305,3,,,1,70,,40308,3,,,1,30,,40307,3,,,1,70,,40317,3,,,1,30,,40306,3,,,1,70,,40309,3,,,1,30,,40310,3,,,1,70,,40316,3,,,1,31,,40312,3,,,1,70,,40313,3,,,1,31,,40311,3,,,1,68,,40319,3,,,1,30,,40318,3,,,1,70,,40314,3,,,1,30,,40315,3,,,1,70,,40320,3,,,1,30,,40321,3,,,1,70,,40322,3,,,1,30,,40323,3,,,1,70,,40324,3,,,1,30,,40325,3,,,1,70,,40326,3,,,1,30,,40327,3,,,1,70,,40328,3,,,1,30,,40329,3,,,1,70,,40330,3,,,1,30,,40331,3,,,1,70,,40332,3,,,1,30,,40333,3,,,1,70,,40335,3,,,1,30,,40334,3,,,1,72,,40337,3,,,1,28,,40336,3,,,1
5501,'Samedi-10-_26ÉTÉ-0000010-',646,,46660,3,,,1,70,,46663,3,,,1,30,,46662,3,,,1,70,,46672,3,,,1,30,,46661,3,,,1,70,,46664,3,,,1,30,,46665,3,,,1,70,,46671,3,,,1,31,,46667,3,,,1,70,,46668,3,,,1,31,,46666,3,,,1,68,,46674,3,,,1,30,,46673,3,,,1,70,,46669,3,,,1,30,,46670,3,,,1,70,,46675,3,,,1,30,,46676,3,,,1,70,,46677,3,,,1,30,,46678,3,,,1,70,,46679,3,,,1,30,,46680,3,,,1,70,,46681,3,,,1,30,,46682,3,,,1,70,,46683,3,,,1,30,,46684,3,,,1,70,,46685,3,,,1,30,,46686,3,,,1,70,,46687,3,,,1,30,,46688,3,,,1,70,,46690,3,,,1,30,,46689,3,,,1,72,,46692,3,,,1,28,,46691,3,,,1
5501,'Dimanche-0-_26ÉTÉ-0000001-',646,,40339,3,,,1,70,,40344,3,,,1,30,,40340,3,,,1,70,,40348,3,,,1,30,,40351,3,,,1,70,,40343,3,,,1,30,,40355,3,,,1,70,,40349,3,,,1,31,,40350,3,,,1,70,,40341,3,,,1,31,,40338,3,,,1,68,,40345,3,,,1,30,,40352,3,,,1,70,,40342,3,,,1,30,,40353,3,,,1,70,,40347,3,,,1,30,,40346,3,,,1,70,,40356,3,,,1,30,,40360,3,,,1,70,,40354,3,,,1,30,,40357,3,,,1,70,,40367,3,,,1,30,,40364,3,,,1,70,,40369,3,,,1,30,,40370,3,,,1,70,,40358,3,,,1,30,,40361,3,,,1,70,,40359,3,,,1,30,,40362,3,,,1,70,,40363,3,,,1,30,,40366,3,,,1,72,,40368,3,,,1,28,,40365,3,,,1
5501,'Dimanche-10-_26ÉTÉ-0000001-',646,,40372,3,,,1,70,,40377,3,,,1,30,,40373,3,,,1,70,,40381,3,,,1,30,,40384,3,,,1,70,,40376,3,,,1,30,,40388,3,,,1,70,,40382,3,,,1,31,,40383,3,,,1,70,,40374,3,,,1,31,,40371,3,,,1,68,,40378,3,,,1,30,,40385,3,,,1,70,,40375,3,,,1,30,,40386,3,,,1,70,,40380,3,,,1,30,,40379,3,,,1,70,,40389,3,,,1,30,,40393,3,,,1,70,,40387,3,,,1,30,,40390,3,,,1,70,,40400,3,,,1,30,,40397,3,,,1,70,,40402,3,,,1,30,,40403,3,,,1,70,,40391,3,,,1,30,,40394,3,,,1,70,,40392,3,,,1,30,,40395,3,,,1,70,,40396,3,,,1,30,,40399,3,,,1,72,,40401,3,,,1,28,,40398,3,,,1
5501,'Dimanche-11-_26ÉTÉ-0000001-',646,,49243,3,,,1,70,,49248,3,,,1,30,,49244,3,,,1,70,,49252,3,,,1,30,,49255,3,,,1,70,,49247,3,,,1,30,,49259,3,,,1,70,,49253,3,,,1,31,,49254,3,,,1,70,,49245,3,,,1,31,,49242,3,,,1,68,,49249,3,,,1,30,,49256,3,,,1,70,,49246,3,,,1,30,,49257,3,,,1,70,,49251,3,,,1,30,,49250,3,,,1,70,,49260,3,,,1,30,,49264,3,,,1,70,,49258,3,,,1,30,,49261,3,,,1,70,,49271,3,,,1,30,,49268,3,,,1,70,,49273,3,,,1,30,,49274,3,,,1,70,,49262,3,,,1,30,,49265,3,,,1,70,,49263,3,,,1,30,,49266,3,,,1,70,,49267,3,,,1,30,,49270,3,,,1,72,,49272,3,,,1,28,,49269,3,,,1
5501,'Semaine-1-_26ÉTÉ-1111100-',504,,40417,3,,,1,16,,40424,3,,,1,12,,40423,3,,,1,15,,40407,3,,,1,54,,40445,3,,,1,22,,40444,3,,,1,7,,40404,3,,,1,12,,40449,3,,,1,15,,40430,3,,,1,54,,40438,3,,,1,14,,40408,3,,,1,10,,40412,3,,,1,12,,40410,3,,,1,9,,40439,3,,,1,46,,40441,3,,,1,14,,40418,3,,,1,29,,40422,3,,,1,12,,40409,3,,,1,51,,40443,3,,,1,29,,40436,3,,,1,71,,40440,3,,,1,27,,40406,3,,,1,72,,40413,3,,,1,30,,40426,3,,,1,70,,40437,3,,,1,29,,40433,3,,,1,70,,40414,3,,,1,30,,40446,3,,,1,70,,40405,3,,,1,30,,40411,3,,,1,87,,40415,3,,,1,102,,40420,3,,,1,100,,40425,3,,,1,102,,40442,3,,,1,22,,40431,3,,,1,70,,40419,3,,,1,32,,40435,3,,,1,70,,40428,3,,,1,30,,40447,3,,,1,70,,40421,3,,,1,30,,40427,3,,,1,73,,40429,3,,,1,30,,40416,3,,,1,70,,40434,3,,,1,30,,40432,3,,,1
5501,'Semaine-10-_26ÉTÉ-1111100-',504,,40463,3,,,1,16,,40470,3,,,1,12,,40469,3,,,1,15,,40453,3,,,1,54,,40491,3,,,1,22,,40490,3,,,1,7,,40450,3,,,1,12,,40495,3,,,1,15,,40476,3,,,1,54,,40484,3,,,1,14,,40454,3,,,1,10,,40458,3,,,1,12,,40456,3,,,1,9,,40485,3,,,1,46,,40487,3,,,1,14,,40464,3,,,1,29,,40468,3,,,1,12,,40455,3,,,1,51,,40489,3,,,1,29,,40482,3,,,1,71,,40486,3,,,1,27,,40452,3,,,1,72,,40459,3,,,1,30,,40472,3,,,1,70,,40483,3,,,1,29,,40479,3,,,1,70,,40460,3,,,1,30,,40492,3,,,1,70,,40451,3,,,1,30,,40457,3,,,1,87,,40461,3,,,1,102,,40466,3,,,1,100,,40471,3,,,1,102,,40488,3,,,1,22,,40477,3,,,1,70,,40465,3,,,1,32,,40481,3,,,1,70,,40474,3,,,1,30,,40493,3,,,1,70,,40467,3,,,1,30,,40473,3,,,1,73,,40475,3,,,1,30,,40462,3,,,1,70,,40480,3,,,1,30,,40478,3,,,1
5501,'Semaine-11-_26ÉTÉ-1111100-',504,,46706,3,,,1,16,,46713,3,,,1,12,,46712,3,,,1,15,,46696,3,,,1,54,,46734,3,,,1,22,,46733,3,,,1,7,,46693,3,,,1,12,,46738,3,,,1,15,,46719,3,,,1,54,,46727,3,,,1,14,,46697,3,,,1,10,,46701,3,,,1,12,,46699,3,,,1,9,,46728,3,,,1,46,,46730,3,,,1,14,,46707,3,,,1,29,,46711,3,,,1,12,,46698,3,,,1,51,,46732,3,,,1,29,,46725,3,,,1,71,,46729,3,,,1,27,,46695,3,,,1,72,,46702,3,,,1,30,,46715,3,,,1,70,,46726,3,,,1,29,,46722,3,,,1,70,,46703,3,,,1,30,,46735,3,,,1,70,,46694,3,,,1,30,,46700,3,,,1,87,,46704,3,,,1,102,,46709,3,,,1,100,,46714,3,,,1,102,,46731,3,,,1,22,,46720,3,,,1,70,,46708,3,,,1,32,,46724,3,,,1,70,,46717,3,,,1,30,,46736,3,,,1,70,,46710,3,,,1,30,,46716,3,,,1,73,,46718,3,,,1,30,,46705,3,,,1,70,,46723,3,,,1,30,,46721,3,,,1
