2000,'Semaine-1-_26ÉTÉ-1111100-',655,,24571,19,,,1,99,,24570,19,,,1,101,,24569,19,,,2
2000,'Semaine-10-_26ÉTÉ-1111100-',655,,26978,19,,,1,99,,26977,19,,,1,101,,26976,19,,,2
2700,'Semaine-1-_26ÉTÉ-1111100-',1607,,24610,21,,,1,30,,24608,21,,,2,68,,24612,21,,,1,31,,24609,21,,,1,68,,24611,21,,,2
2700,'Semaine-10-_26ÉTÉ-1111100-',1607,,27017,21,,,1,30,,27015,21,,,2,68,,27019,21,,,1,31,,27016,21,,,1,68,,27018,21,,,2
3900,'Samedi-0-_26ÉTÉ-0000010-',713,,28077,50,,,1,101,,28078,50,,,1,100,,28082,50,,,1,102,,28081,50,,,1,100,,28084,50,,,1,98,,28083,50,,,1,104,,28079,50,,,1,30,,28080,50,,,1,70,,28085,50,,,1,31,,28086,50,,,2,70,,28087,50,,,1,30,,28088,50,,,1,71,,28089,50,,,2,30,,28090,50,,,1,70,,28091,50,,,1,30,,28092,50,,,1,67,,28093,50,,,1,29,,28094,50,,,1,69,,28095,50,,,1,30,,28096,50,,,1,100,,28097,50,,,1,100,,28098,50,,,1,100,,28099,50,,,1,97,,28100,50,,,1
3900,'Dimanche-0-_26ÉTÉ-0000001-',713,,28101,50,,,1,101,,28108,50,,,1,100,,28102,50,,,1,102,,28104,50,,,1,100,,28110,50,,,1,98,,28103,50,,,1,104,,28109,50,,,1,30,,28105,50,,,1,70,,28106,50,,,1,31,,28111,50,,,2,70,,28113,50,,,1,30,,28107,50,,,1,71,,28112,50,,,2,30,,28114,50,,,1,70,,28115,50,,,1,30,,28121,50,,,1,67,,28122,50,,,1,29,,28124,50,,,1,69,,28120,50,,,1,30,,28118,50,,,1,100,,28119,50,,,1,100,,28123,50,,,1,100,,28116,50,,,1,97,,28117,50,,,1
3900,'Semaine-1-_26ÉTÉ-1111100-',651,,25207,50,,,2,68,,25193,50,,,1,34,,25212,50,,,2,68,,25205,50,,,1,30,,25206,50,,,1,69,,25204,50,,,1,32,,25201,50,,,1,70,,25218,50,,,1,30,,25213,50,,,1,71,,25225,50,,,1,30,,25210,50,,,2,71,,25214,50,,,1,29,,25202,50,,,1,72,,25200,50,,,2,29,,25215,50,,,1,69,,25203,50,,,1,30,,25190,50,,,2,74,,25216,50,,,1,73,,25197,50,,,2,30,,25199,50,,,1,71,,25217,50,,,2,34,,25196,50,,,1,67,,25191,50,,,1,30,,25219,50,,,1,23,,25198,50,,,1,71,,25192,50,,,1,29,,25220,50,,,2,72,,25195,50,,,1,25,,25211,50,,,2,65,,25221,50,,,1,30,,25194,50,,,1,70,,25209,50,,,1,30,,25222,50,,,1,70,,25208,50,,,1,30,,25224,50,,,1,70,,25223,50,,,1
3900,'Semaine-10-_26ÉTÉ-1111100-',651,,28142,50,,,2,68,,28128,50,,,1,34,,28147,50,,,2,68,,28140,50,,,1,30,,28141,50,,,1,69,,28139,50,,,1,32,,28136,50,,,1,70,,28153,50,,,1,30,,28148,50,,,1,71,,28160,50,,,1,30,,28145,50,,,2,71,,28149,50,,,1,29,,28137,50,,,1,72,,28135,50,,,2,29,,28150,50,,,1,69,,28138,50,,,1,30,,28125,50,,,2,74,,28151,50,,,1,73,,28132,50,,,2,30,,28134,50,,,1,71,,28152,50,,,2,34,,28131,50,,,1,67,,28126,50,,,1,30,,28154,50,,,1,23,,28133,50,,,1,71,,28127,50,,,1,29,,28155,50,,,2,72,,28130,50,,,1,25,,28146,50,,,2,65,,28156,50,,,1,30,,28129,50,,,1,70,,28144,50,,,1,30,,28157,50,,,1,70,,28143,50,,,1,30,,28159,50,,,1,70,,28158,50,,,1
6801,'Semaine-1-_26ÉTÉ-1111100-',622,,26019,9,,,1,20,,26032,9,,,1,60,,26003,9,,,1,20,,26016,9,,,1,5,,26030,9,,,1,5,,26010,9,,,1,6,,26015,9,,,1,21,,26021,9,,,1,58,,26033,9,,,1,20,,26009,9,,,1,19,,26028,9,,,1,61,,26026,9,,,1,20,,26031,9,,,1,70,,26004,9,,,1,30,,26024,9,,,1,70,,26005,9,,,1,30,,26007,9,,,1,70,,26027,9,,,1,30,,26011,9,,,1,70,,26029,9,,,1,30,,26023,9,,,1,70,,26012,9,,,1,30,,26022,9,,,1,69,,26013,9,,,1,31,,26008,9,,,1,68,,26006,9,,,1,32,,26020,9,,,1,70,,26014,9,,,1,30,,26025,9,,,1,70,,26018,9,,,1,30,,26017,9,,,1
6801,'Semaine-10-_26ÉTÉ-1111100-',622,,29738,9,,,1,20,,29751,9,,,1,60,,29722,9,,,1,20,,29735,9,,,1,5,,29749,9,,,1,5,,29729,9,,,1,6,,29734,9,,,1,21,,29740,9,,,1,58,,29752,9,,,1,20,,29728,9,,,1,19,,29747,9,,,1,61,,29745,9,,,1,20,,29750,9,,,1,70,,29723,9,,,1,30,,29743,9,,,1,70,,29724,9,,,1,30,,29726,9,,,1,70,,29746,9,,,1,30,,29730,9,,,1,70,,29748,9,,,1,30,,29742,9,,,1,70,,29731,9,,,1,30,,29741,9,,,1,69,,29732,9,,,1,31,,29727,9,,,1,68,,29725,9,,,1,32,,29739,9,,,1,70,,29733,9,,,1,30,,29744,9,,,1,70,,29737,9,,,1,30,,29736,9,,,1
