6501,'Samedi-0-_26ÉTÉ-0000010-',740,,41440,2,,,1,100,,41438,2,,,2,100,,41437,2,,,1,100,,41435,2,,,1,100,,41434,2,,,1,100,,41436,2,,,1,100,,41439,2,,,1,100,,41441,2,,,1,100,,41442,2,,,1,100,,41443,2,,,1,100,,41444,2,,,1,100,,41448,2,,,1,100,,41445,2,,,1,100,,41446,2,,,1,100,,41447,2,,,1,100,,41449,2,,,2,100,,41450,2,,,1
6501,'Dimanche-0-_26ÉTÉ-0000001-',740,,41454,2,,,1,100,,41455,2,,,2,100,,41457,2,,,1,100,,41453,2,,,1,100,,41456,2,,,1,100,,41452,2,,,1,100,,41451,2,,,1,100,,41458,2,,,1,100,,41463,2,,,1,100,,41465,2,,,1,100,,41460,2,,,1,100,,41461,2,,,1,100,,41459,2,,,1,100,,41464,2,,,1,100,,41466,2,,,1,100,,41467,2,,,2,100,,41462,2,,,1
6501,'Dimanche-10-_26ÉTÉ-0000001-',740,,41471,2,,,1,100,,41472,2,,,2,100,,41474,2,,,1,100,,41470,2,,,1,100,,41473,2,,,1,100,,41469,2,,,1,100,,41468,2,,,1,100,,41475,2,,,1,100,,41480,2,,,1,100,,41482,2,,,1,100,,41477,2,,,1,100,,41478,2,,,1,100,,41476,2,,,1,100,,41481,2,,,1,100,,41483,2,,,1,100,,41484,2,,,2,100,,41479,2,,,1
6501,'Semaine-1-_26ÉTÉ-1111100-',530,,41502,2,,,1,70,,41516,2,,,1,20,,41485,2,,,1,20,,41501,2,,,1,60,,41517,2,,,1,20,,41504,2,,,1,20,,41506,2,,,1,60,,41496,2,,,2,20,,41499,2,,,2,20,,41487,2,,,1,60,,41513,2,,,2,30,,41488,2,,,1,100,,41489,2,,,2,100,,41514,2,,,1,100,,41507,2,,,2,100,,41503,2,,,2,100,,41508,2,,,1,70,,41498,2,,,2,30,,41486,2,,,2,18,,41492,2,,,2,62,,41511,2,,,2,20,,41515,2,,,1,18,,41493,2,,,1,62,,41512,2,,,1,20,,41490,2,,,2,20,,41494,2,,,1,70,,41510,2,,,1,30,,41500,2,,,2,70,,41495,2,,,1,100,,41509,2,,,1,100,,41505,2,,,1,100,,41497,2,,,1,100,,41491,2,,,1
6501,'Semaine-10-_26ÉTÉ-1111100-',530,,41535,2,,,1,70,,41549,2,,,1,20,,41518,2,,,1,20,,41534,2,,,1,60,,41550,2,,,1,20,,41537,2,,,1,20,,41539,2,,,1,60,,41529,2,,,2,20,,41532,2,,,2,20,,41520,2,,,1,60,,41546,2,,,2,30,,41521,2,,,1,100,,41522,2,,,2,100,,41547,2,,,1,100,,41540,2,,,2,100,,41536,2,,,2,100,,41541,2,,,1,70,,41531,2,,,2,30,,41519,2,,,2,18,,41525,2,,,2,62,,41544,2,,,2,20,,41548,2,,,1,18,,41526,2,,,1,62,,41545,2,,,1,20,,41523,2,,,2,20,,41527,2,,,1,70,,41543,2,,,1,30,,41533,2,,,2,70,,41528,2,,,1,100,,41542,2,,,1,100,,41538,2,,,1,100,,41530,2,,,1,100,,41524,2,,,1
7600,'Samedi-0-_26ÉTÉ-0000010-',735,,43094,2,,,1,100,,43097,2,,,1,100,,43096,2,,,1,100,,43099,2,,,1,100,,43098,2,,,1,101,,43093,2,,,2,99,,43095,2,,,1,100,,43100,2,,,1,100,,43101,2,,,2,100,,43102,2,,,1,100,,43103,2,,,2,100,,43104,2,,,1,100,,43105,2,,,1,100,,43106,2,,,2,100,,43107,2,,,2,100,,43108,2,,,2
7600,'Dimanche-0-_26ÉTÉ-0000001-',735,,43112,2,,,1,100,,43111,2,,,1,100,,43116,2,,,1,100,,43115,2,,,1,100,,43114,2,,,1,101,,43110,2,,,2,99,,43113,2,,,1,100,,43109,2,,,1,100,,43117,2,,,2,100,,43121,2,,,1,100,,43118,2,,,2,100,,43124,2,,,1,100,,43122,2,,,1,100,,43123,2,,,2,100,,43120,2,,,2,100,,43119,2,,,2
7600,'Dimanche-10-_26ÉTÉ-0000001-',735,,43128,2,,,1,100,,43127,2,,,1,100,,43132,2,,,1,100,,43131,2,,,1,100,,43130,2,,,1,101,,43126,2,,,2,99,,43129,2,,,1,100,,43125,2,,,1,100,,43133,2,,,2,100,,43137,2,,,1,100,,43134,2,,,2,100,,43140,2,,,1,100,,43138,2,,,1,100,,43139,2,,,2,100,,43136,2,,,2,100,,43135,2,,,2
7600,'Semaine-1-_26ÉTÉ-1111100-',540,,43166,2,,,2,70,,43169,2,,,2,30,,43159,2,,,1,60,,43154,2,,,1,20,,43147,2,,,2,19,,43163,2,,,2,63,,43161,2,,,2,15,,43172,2,,,1,13,,43167,2,,,2,20,,43164,2,,,1,60,,43175,2,,,1,25,,43170,2,,,2,70,,43176,2,,,2,30,,43171,2,,,1,70,,43142,2,,,2,30,,43173,2,,,1,70,,43158,2,,,1,30,,43177,2,,,1,70,,43146,2,,,1,30,,43143,2,,,1,70,,43144,2,,,2,30,,43149,2,,,1,70,,43178,2,,,2,30,,43148,2,,,2,22,,43160,2,,,2,60,,43162,2,,,1,21,,43174,2,,,2,20,,43141,2,,,2,57,,43145,2,,,1,20,,43155,2,,,1,68,,43156,2,,,1,30,,43157,2,,,1,70,,43168,2,,,1,45,,43150,2,,,1,100,,43151,2,,,1,100,,43152,2,,,1,100,,43153,2,,,1,100,,43165,2,,,2
7600,'Semaine-10-_26ÉTÉ-1111100-',540,,43204,2,,,2,70,,43207,2,,,2,30,,43197,2,,,1,60,,43192,2,,,1,20,,43185,2,,,2,19,,43201,2,,,2,63,,43199,2,,,2,15,,43210,2,,,1,13,,43205,2,,,2,20,,43202,2,,,1,60,,43213,2,,,1,25,,43208,2,,,2,70,,43214,2,,,2,30,,43209,2,,,1,70,,43180,2,,,2,30,,43211,2,,,1,70,,43196,2,,,1,30,,43215,2,,,1,70,,43184,2,,,1,30,,43181,2,,,1,70,,43182,2,,,2,30,,43187,2,,,1,70,,43216,2,,,2,30,,43186,2,,,2,22,,43198,2,,,2,60,,43200,2,,,1,21,,43212,2,,,2,20,,43179,2,,,2,57,,43183,2,,,1,20,,43193,2,,,1,68,,43194,2,,,1,30,,43195,2,,,1,70,,43206,2,,,1,45,,43188,2,,,1,100,,43189,2,,,1,100,,43190,2,,,1,100,,43191,2,,,1,100,,43203,2,,,2
