6501,'Samedi-0-_26ÉTÉ-0000010-',746,,41440,14,,,1,100,,41438,14,,,2,100,,41437,14,,,1,100,,41435,14,,,1,100,,41434,14,,,1,100,,41436,14,,,1,100,,41439,14,,,1,100,,41441,14,,,1,100,,41442,14,,,1,100,,41443,14,,,1,100,,41444,14,,,1,100,,41448,14,,,1,100,,41445,14,,,1,100,,41446,14,,,1,100,,41447,14,,,1,100,,41449,14,,,2,100,,41450,14,,,1
6501,'Samedi-10-_26ÉTÉ-0000010-',746,,47153,14,,,1,100,,47151,14,,,2,100,,47150,14,,,1,100,,47148,14,,,1,100,,47147,14,,,1,100,,47149,14,,,1,100,,47152,14,,,1,100,,47154,14,,,1,100,,47155,14,,,1,100,,47156,14,,,1,100,,47157,14,,,1,100,,47161,14,,,1,100,,47158,14,,,1,100,,47159,14,,,1,100,,47160,14,,,1,100,,47162,14,,,2,100,,47163,14,,,1
6501,'Dimanche-0-_26ÉTÉ-0000001-',746,,41454,14,,,1,100,,41455,14,,,2,100,,41457,14,,,1,100,,41453,14,,,1,100,,41456,14,,,1,100,,41452,14,,,1,100,,41451,14,,,1,100,,41458,14,,,1,100,,41463,14,,,1,100,,41465,14,,,1,100,,41460,14,,,1,100,,41461,14,,,1,100,,41459,14,,,1,100,,41464,14,,,1,100,,41466,14,,,1,100,,41467,14,,,2,100,,41462,14,,,1
6501,'Dimanche-10-_26ÉTÉ-0000001-',746,,41471,14,,,1,100,,41472,14,,,2,100,,41474,14,,,1,100,,41470,14,,,1,100,,41473,14,,,1,100,,41469,14,,,1,100,,41468,14,,,1,100,,41475,14,,,1,100,,41480,14,,,1,100,,41482,14,,,1,100,,41477,14,,,1,100,,41478,14,,,1,100,,41476,14,,,1,100,,41481,14,,,1,100,,41483,14,,,1,100,,41484,14,,,2,100,,41479,14,,,1
6501,'Dimanche-11-_26ÉTÉ-0000001-',746,,49400,14,,,1,100,,49401,14,,,2,100,,49403,14,,,1,100,,49399,14,,,1,100,,49402,14,,,1,100,,49398,14,,,1,100,,49397,14,,,1,100,,49404,14,,,1,100,,49409,14,,,1,100,,49411,14,,,1,100,,49406,14,,,1,100,,49407,14,,,1,100,,49405,14,,,1,100,,49410,14,,,1,100,,49412,14,,,1,100,,49413,14,,,2,100,,49408,14,,,1
6501,'Semaine-1-_26ÉTÉ-1111100-',537,,41502,14,,,1,70,,41516,14,,,1,20,,41485,14,,,1,20,,41501,14,,,1,60,,41517,14,,,1,20,,41504,14,,,1,20,,41506,14,,,1,60,,41496,14,,,2,20,,41499,14,,,2,20,,41487,14,,,1,60,,41513,14,,,2,30,,41488,14,,,1,100,,41489,14,,,2,100,,41514,14,,,1,102,,41507,14,,,2,100,,41503,14,,,2,100,,41508,14,,,1,70,,41498,14,,,2,30,,41486,14,,,2,18,,41492,14,,,2,62,,41511,14,,,2,20,,41515,14,,,1,18,,41493,14,,,1,62,,41512,14,,,1,20,,41490,14,,,2,20,,41494,14,,,1,68,,41510,14,,,1,30,,41500,14,,,2,70,,41495,14,,,1,100,,41509,14,,,1,100,,41505,14,,,1,100,,41497,14,,,1,100,,41491,14,,,1
6501,'Semaine-10-_26ÉTÉ-1111100-',537,,41535,14,,,1,70,,41549,14,,,1,20,,41518,14,,,1,20,,41534,14,,,1,60,,41550,14,,,1,20,,41537,14,,,1,20,,41539,14,,,1,60,,41529,14,,,2,20,,41532,14,,,2,20,,41520,14,,,1,60,,41546,14,,,2,30,,41521,14,,,1,100,,41522,14,,,2,100,,41547,14,,,1,102,,41540,14,,,2,100,,41536,14,,,2,100,,41541,14,,,1,70,,41531,14,,,2,30,,41519,14,,,2,18,,41525,14,,,2,62,,41544,14,,,2,20,,41548,14,,,1,18,,41526,14,,,1,62,,41545,14,,,1,20,,41523,14,,,2,20,,41527,14,,,1,68,,41543,14,,,1,30,,41533,14,,,2,70,,41528,14,,,1,100,,41542,14,,,1,100,,41538,14,,,1,100,,41530,14,,,1,100,,41524,14,,,1
6501,'Semaine-11-_26ÉTÉ-1111100-',537,,47181,14,,,1,70,,47195,14,,,1,20,,47164,14,,,1,20,,47180,14,,,1,60,,47196,14,,,1,20,,47183,14,,,1,20,,47185,14,,,1,60,,47175,14,,,2,20,,47178,14,,,2,20,,47166,14,,,1,60,,47192,14,,,2,30,,47167,14,,,1,100,,47168,14,,,2,100,,47193,14,,,1,102,,47186,14,,,2,100,,47182,14,,,2,100,,47187,14,,,1,70,,47177,14,,,2,30,,47165,14,,,2,18,,47171,14,,,2,62,,47190,14,,,2,20,,47194,14,,,1,18,,47172,14,,,1,62,,47191,14,,,1,20,,47169,14,,,2,20,,47173,14,,,1,68,,47189,14,,,1,30,,47179,14,,,2,70,,47174,14,,,1,100,,47188,14,,,1,100,,47184,14,,,1,100,,47176,14,,,1,100,,47170,14,,,1
8501,'Semaine-1-_26ÉTÉ-1111100-',526,,43613,10,,,1,29,,43615,10,,,1,64,,43618,10,,,1,18,,43617,10,,,2,14,,43622,10,,,2,57,,43614,10,,,2,15,,43620,10,,,1,15,,43616,10,,,2,15,,43621,10,,,1,60,,43619,10,,,1
8501,'Semaine-10-_26ÉTÉ-1111100-',526,,43623,10,,,1,29,,43625,10,,,1,64,,43628,10,,,1,18,,43627,10,,,2,14,,43632,10,,,2,57,,43624,10,,,2,15,,43630,10,,,1,15,,43626,10,,,2,15,,43631,10,,,1,60,,43629,10,,,1
8501,'Semaine-11-_26ÉTÉ-1111100-',526,,48095,10,,,1,29,,48097,10,,,1,64,,48100,10,,,1,18,,48099,10,,,2,14,,48104,10,,,2,57,,48096,10,,,2,15,,48102,10,,,1,15,,48098,10,,,2,15,,48103,10,,,1,60,,48101,10,,,1
