4100,'Semaine-1-_26ÉTÉ-1111100-',1556,,25274,44,,,2,69,,25276,44,,,1,75,,25275,44,,,2,25,,25273,44,,,1,29,,25277,44,,,1
4100,'Semaine-10-_26ÉTÉ-1111100-',1556,,28257,44,,,2,69,,28259,44,,,1,75,,28258,44,,,2,25,,28256,44,,,1,29,,28260,44,,,1
4901,'Samedi-0-_26ÉTÉ-0000010-',753,,28359,52,,,1,100,,28358,52,,,1,100,,28360,52,,,1,102,,28356,52,,,1,100,,28361,52,,,1,102,,28357,52,,,1,99,,28362,52,,,1,103,,28363,52,,,1,99,,28364,52,,,1,100,,28365,52,,,1,100,,28366,52,,,1,94,,28367,52,,,1,102,,28368,52,,,1,100,,28369,52,,,1,100,,28370,52,,,1,98,,28371,52,,,1,99,,28372,52,,,1
4901,'Dimanche-0-_26ÉTÉ-0000001-',753,,28377,52,,,1,100,,28373,52,,,1,100,,28376,52,,,1,102,,28378,52,,,1,100,,28375,52,,,1,102,,28374,52,,,1,99,,28380,52,,,1,103,,28381,52,,,1,99,,28379,52,,,1,100,,28385,52,,,1,100,,28389,52,,,1,94,,28382,52,,,1,102,,28383,52,,,1,100,,28384,52,,,1,100,,28386,52,,,1,98,,28387,52,,,1,99,,28388,52,,,1
4901,'Dimanche-10-_26ÉTÉ-0000001-',753,,31841,52,,,1,100,,31837,52,,,1,100,,31840,52,,,1,102,,31842,52,,,1,100,,31839,52,,,1,102,,31838,52,,,1,99,,31844,52,,,1,103,,31845,52,,,1,99,,31843,52,,,1,100,,31849,52,,,1,100,,31853,52,,,1,94,,31846,52,,,1,102,,31847,52,,,1,100,,31848,52,,,1,100,,31850,52,,,1,98,,31851,52,,,1,99,,31852,52,,,1
4901,'Semaine-1-_26ÉTÉ-1111100-',639,,25344,52,,,1,89,,25349,52,,,1,31,,25365,52,,,1,73,,25361,52,,,1,70,,25359,52,,,1,26,,25368,52,,,1,28,,25351,52,,,1,69,,25366,52,,,1,29,,25363,52,,,1,72,,25339,52,,,1,30,,25360,52,,,1,70,,25340,52,,,1,32,,25345,52,,,1,68,,25347,52,,,1,28,,25352,52,,,1,71,,25367,52,,,1,32,,25350,52,,,1,71,,25369,52,,,1,75,,25353,52,,,1,32,,25356,52,,,1,70,,25346,52,,,1,26,,25348,52,,,1,69,,25364,52,,,1,26,,25358,52,,,1,30,,25362,52,,,1,94,,25341,52,,,1,80,,25357,52,,,1,100,,25355,52,,,1,96,,25342,52,,,1,100,,25354,52,,,1,95,,25343,52,,,1
4901,'Semaine-10-_26ÉTÉ-1111100-',639,,28395,52,,,1,89,,28400,52,,,1,31,,28416,52,,,1,73,,28412,52,,,1,70,,28410,52,,,1,26,,28419,52,,,1,28,,28402,52,,,1,69,,28417,52,,,1,29,,28414,52,,,1,72,,28390,52,,,1,30,,28411,52,,,1,70,,28391,52,,,1,32,,28396,52,,,1,68,,28398,52,,,1,28,,28403,52,,,1,71,,28418,52,,,1,32,,28401,52,,,1,71,,28420,52,,,1,75,,28404,52,,,1,32,,28407,52,,,1,70,,28397,52,,,1,26,,28399,52,,,1,69,,28415,52,,,1,26,,28409,52,,,1,30,,28413,52,,,1,94,,28392,52,,,1,80,,28408,52,,,1,100,,28406,52,,,1,96,,28393,52,,,1,100,,28405,52,,,1,95,,28394,52,,,1
80001,'Samedi-0-_26ÉTÉ-0000010-',651,,31463,47,,,1,100,,31465,47,,,1,99,,31466,47,,,2,100,,31469,47,,,1,102,,31464,47,,,2,100,,31467,47,,,1,100,,31470,47,,,1,99,,31468,47,,,2,100,,31471,47,,,1,100,,31472,47,,,1,100,,31473,47,,,2,100,,31474,47,,,1,97,,31477,47,,,1,101,,31475,47,,,2,100,,31476,47,,,2,100,,31478,47,,,1,100,,31479,47,,,1
80001,'Dimanche-0-_26ÉTÉ-0000001-',651,,31480,47,,,1,100,,31481,47,,,1,99,,31485,47,,,2,100,,31482,47,,,1,102,,31486,47,,,2,100,,31483,47,,,1,100,,31484,47,,,1,99,,31488,47,,,2,100,,31487,47,,,1,100,,31489,47,,,1,100,,31491,47,,,2,100,,31492,47,,,1,97,,31493,47,,,1,101,,31490,47,,,2,100,,31494,47,,,2,100,,31495,47,,,1,100,,31496,47,,,1
80001,'Dimanche-10-_26ÉTÉ-0000001-',651,,32594,47,,,1,100,,32595,47,,,1,99,,32599,47,,,2,100,,32596,47,,,1,102,,32600,47,,,2,100,,32597,47,,,1,100,,32598,47,,,1,99,,32602,47,,,2,100,,32601,47,,,1,100,,32603,47,,,1,100,,32605,47,,,2,100,,32606,47,,,1,97,,32607,47,,,1,101,,32604,47,,,2,100,,32608,47,,,2,100,,32609,47,,,1,100,,32610,47,,,1
80001,'Semaine-1-_26ÉTÉ-1111100-',642,,26954,47,,,1,70,,26940,47,,,1,33,,26960,47,,,1,69,,26944,47,,,2,32,,26934,47,,,2,65,,26951,47,,,2,29,,26948,47,,,2,70,,26956,47,,,1,30,,26961,47,,,2,70,,26947,47,,,1,30,,26955,47,,,1,70,,26937,47,,,1,30,,26965,47,,,1,70,,26964,47,,,2,34,,26935,47,,,2,70,,26958,47,,,1,30,,26946,47,,,1,71,,26952,47,,,1,33,,26962,47,,,1,69,,26949,47,,,2,18,,26959,47,,,1,20,,26966,47,,,2,68,,26957,47,,,1,26,,26950,47,,,1,69,,26938,47,,,1,25,,26942,47,,,1,67,,26932,47,,,1,30,,26963,47,,,1,70,,26939,47,,,1,27,,26941,47,,,1,69,,26945,47,,,1,30,,26933,47,,,2,70,,26953,47,,,1,32,,26936,47,,,1,70,,26943,47,,,1
80001,'Semaine-10-_26ÉTÉ-1111100-',642,,31519,47,,,1,70,,31505,47,,,1,33,,31525,47,,,1,69,,31509,47,,,2,32,,31499,47,,,2,65,,31516,47,,,2,29,,31513,47,,,2,70,,31521,47,,,1,30,,31526,47,,,2,70,,31512,47,,,1,30,,31520,47,,,1,70,,31502,47,,,1,30,,31530,47,,,1,70,,31529,47,,,2,34,,31500,47,,,2,70,,31523,47,,,1,30,,31511,47,,,1,71,,31517,47,,,1,33,,31527,47,,,1,69,,31514,47,,,2,18,,31524,47,,,1,20,,31531,47,,,2,68,,31522,47,,,1,26,,31515,47,,,1,69,,31503,47,,,1,25,,31507,47,,,1,67,,31497,47,,,1,30,,31528,47,,,1,70,,31504,47,,,1,27,,31506,47,,,1,69,,31510,47,,,1,30,,31498,47,,,2,70,,31518,47,,,1,32,,31501,47,,,1,70,,31508,47,,,1
