4001,'Semaine-1-_26ÉTÉ-1111100-',604,,39588,13,,,2,31,,39587,13,,,2,70,,39590,13,,,2,31,,39586,13,,,1,70,,39585,13,,,2,28,,39589,13,,,2
4001,'Semaine-10-_26ÉTÉ-1111100-',604,,39594,13,,,2,31,,39593,13,,,2,70,,39596,13,,,2,31,,39592,13,,,1,70,,39591,13,,,2,28,,39595,13,,,2
4001,'Semaine-11-_26ÉTÉ-1111100-',604,,46356,13,,,2,31,,46355,13,,,2,70,,46358,13,,,2,31,,46354,13,,,1,70,,46353,13,,,2,28,,46357,13,,,2
4001,'Semaine-12-_26ÉTÉ-1111100-',604,,53076,13,,,2,31,,53075,13,,,2,70,,53078,13,,,2,31,,53074,13,,,1,70,,53073,13,,,2,28,,53077,13,,,2
4001,'Semaine-5-_26ÉTÉ-1111100-',604,,50640,13,,,2,31,,50639,13,,,2,70,,50642,13,,,2,31,,50638,13,,,1,70,,50637,13,,,2,28,,50641,13,,,2
5000,'Semaine-1-_26ÉTÉ-1111100-',639,,39895,14,,,2,64,,39894,14,,,1,28,,39896,14,,,1,70,,39893,14,,,1,109,,39897,14,,,1
5000,'Semaine-10-_26ÉTÉ-1111100-',639,,39900,14,,,2,64,,39899,14,,,1,28,,39901,14,,,1,70,,39898,14,,,1,109,,39902,14,,,1
5000,'Semaine-11-_26ÉTÉ-1111100-',639,,46492,14,,,2,64,,46491,14,,,1,28,,46493,14,,,1,70,,46490,14,,,1,109,,46494,14,,,1
5000,'Semaine-12-_26ÉTÉ-1111100-',639,,53178,14,,,2,64,,53177,14,,,1,28,,53179,14,,,1,70,,53176,14,,,1,109,,53180,14,,,1
5000,'Semaine-5-_26ÉTÉ-1111100-',639,,50744,14,,,2,64,,50743,14,,,1,28,,50745,14,,,1,70,,50742,14,,,1,109,,50746,14,,,1
5201,'Samedi-0-_26ÉTÉ-0000010-',640,,39999,14,,,2,100,,40000,14,,,1,100,,40001,14,,,2,100,,40002,14,,,1,100,,40004,14,,,1,100,,40003,14,,,1,100,,40005,14,,,2,100,,40006,14,,,1,101,,40007,14,,,2,99,,40008,14,,,1,100,,40009,14,,,1,100,,40010,14,,,1,100,,40013,14,,,1,100,,40011,14,,,1,99,,40015,14,,,2,100,,40012,14,,,1,100,,40014,14,,,1,100,,40016,14,,,1
5201,'Dimanche-0-_26ÉTÉ-0000001-',640,,40017,14,,,2,100,,40018,14,,,1,100,,40019,14,,,2,100,,40020,14,,,1,100,,40025,14,,,1,100,,40021,14,,,1,100,,40022,14,,,2,100,,40026,14,,,1,101,,40023,14,,,2,99,,40024,14,,,1,100,,40027,14,,,1,100,,40030,14,,,1,100,,40028,14,,,1,100,,40034,14,,,1,99,,40029,14,,,2,100,,40031,14,,,1,100,,40032,14,,,1,100,,40033,14,,,1
5201,'Dimanche-10-_26ÉTÉ-0000001-',640,,40035,14,,,2,100,,40036,14,,,1,100,,40037,14,,,2,100,,40038,14,,,1,100,,40043,14,,,1,100,,40039,14,,,1,100,,40040,14,,,2,100,,40044,14,,,1,101,,40041,14,,,2,99,,40042,14,,,1,100,,40045,14,,,1,100,,40048,14,,,1,100,,40046,14,,,1,100,,40052,14,,,1,99,,40047,14,,,2,100,,40049,14,,,1,100,,40050,14,,,1,100,,40051,14,,,1
5201,'Dimanche-11-_26ÉTÉ-0000001-',640,,49188,14,,,2,100,,49189,14,,,1,100,,49190,14,,,2,100,,49191,14,,,1,100,,49196,14,,,1,100,,49192,14,,,1,100,,49193,14,,,2,100,,49197,14,,,1,101,,49194,14,,,2,99,,49195,14,,,1,100,,49198,14,,,1,100,,49201,14,,,1,100,,49199,14,,,1,100,,49205,14,,,1,99,,49200,14,,,2,100,,49202,14,,,1,100,,49203,14,,,1,100,,49204,14,,,1
5201,'Semaine-1-_26ÉTÉ-1111100-',611,,40068,14,,,1,100,,40070,14,,,1,100,,40069,14,,,1,100,,40053,14,,,1,100,,40059,14,,,1,100,,40056,14,,,2,100,,40063,14,,,1,100,,40054,14,,,1,99,,40058,14,,,1,102,,40057,14,,,1,100,,40067,14,,,1,100,,40066,14,,,1,99,,40060,14,,,1,99,,40061,14,,,1,100,,40065,14,,,1,100,,40062,14,,,1,100,,40064,14,,,1,100,,40055,14,,,1
5201,'Semaine-10-_26ÉTÉ-1111100-',611,,40086,14,,,1,100,,40088,14,,,1,100,,40087,14,,,1,100,,40071,14,,,1,100,,40077,14,,,1,100,,40074,14,,,2,100,,40081,14,,,1,100,,40072,14,,,1,99,,40076,14,,,1,102,,40075,14,,,1,100,,40085,14,,,1,100,,40084,14,,,1,99,,40078,14,,,1,99,,40079,14,,,1,100,,40083,14,,,1,100,,40080,14,,,1,100,,40082,14,,,1,100,,40073,14,,,1
5201,'Semaine-11-_26ÉTÉ-1111100-',611,,46567,14,,,1,100,,46569,14,,,1,100,,46568,14,,,1,100,,46552,14,,,1,100,,46558,14,,,1,100,,46555,14,,,2,100,,46562,14,,,1,100,,46553,14,,,1,99,,46557,14,,,1,102,,46556,14,,,1,100,,46566,14,,,1,100,,46565,14,,,1,99,,46559,14,,,1,99,,46560,14,,,1,100,,46564,14,,,1,100,,46561,14,,,1,100,,46563,14,,,1,100,,46554,14,,,1
5201,'Semaine-12-_26ÉTÉ-1111100-',611,,53217,14,,,1,100,,53219,14,,,1,100,,53218,14,,,1,100,,53202,14,,,1,100,,53208,14,,,1,100,,53205,14,,,2,100,,53212,14,,,1,100,,53203,14,,,1,99,,53207,14,,,1,102,,53206,14,,,1,100,,53216,14,,,1,100,,53215,14,,,1,99,,53209,14,,,1,99,,53210,14,,,1,100,,53214,14,,,1,100,,53211,14,,,1,100,,53213,14,,,1,100,,53204,14,,,1
5201,'Semaine-5-_26ÉTÉ-1111100-',611,,50783,14,,,1,100,,50785,14,,,1,100,,50784,14,,,1,100,,50768,14,,,1,100,,50774,14,,,1,100,,50771,14,,,2,100,,50778,14,,,1,100,,50769,14,,,1,99,,50773,14,,,1,102,,50772,14,,,1,100,,50782,14,,,1,100,,50781,14,,,1,99,,50775,14,,,1,99,,50776,14,,,1,100,,50780,14,,,1,100,,50777,14,,,1,100,,50779,14,,,1,100,,50770,14,,,1
55000,'Semaine-5-_26ÉTÉ-1111100-',655,,52277,14,,,1
64001,'Semaine-5-_26ÉTÉ-1111100-',723,,52284,14,,,1
