6401,'Samedi-0-_26ÉTÉ-0000010-',731,,41247,28,,,1,100,,41244,28,,,1,100,,41246,28,,,1,100,,41249,28,,,1,100,,41245,28,,,2,100,,41250,28,,,1,100,,41248,28,,,1,100,,41251,28,,,2,100,,41252,28,,,1,100,,41253,28,,,1,100,,41254,28,,,1
6401,'Samedi-10-_26ÉTÉ-0000010-',731,,47069,28,,,1,100,,47066,28,,,1,100,,47068,28,,,1,100,,47071,28,,,1,100,,47067,28,,,2,100,,47072,28,,,1,100,,47070,28,,,1,100,,47073,28,,,2,100,,47074,28,,,1,100,,47075,28,,,1,100,,47076,28,,,1
6401,'Dimanche-0-_26ÉTÉ-0000001-',731,,41259,28,,,1,100,,41257,28,,,1,100,,41262,28,,,1,100,,41255,28,,,1,100,,41261,28,,,2,100,,41263,28,,,1,100,,41256,28,,,1,100,,41260,28,,,2,100,,41258,28,,,1,100,,41264,28,,,1,100,,41265,28,,,1
6401,'Dimanche-10-_26ÉTÉ-0000001-',731,,41270,28,,,1,100,,41268,28,,,1,100,,41273,28,,,1,100,,41266,28,,,1,100,,41272,28,,,2,100,,41274,28,,,1,100,,41267,28,,,1,100,,41271,28,,,2,100,,41269,28,,,1,100,,41275,28,,,1,100,,41276,28,,,1
6401,'Dimanche-11-_26ÉTÉ-0000001-',731,,49373,28,,,1,100,,49371,28,,,1,100,,49376,28,,,1,100,,49369,28,,,1,100,,49375,28,,,2,100,,49377,28,,,1,100,,49370,28,,,1,100,,49374,28,,,2,100,,49372,28,,,1,100,,49378,28,,,1,100,,49379,28,,,1
6401,'Semaine-1-_26ÉTÉ-1111100-',531,,41277,28,,,1,108,,41287,28,,,2,100,,41289,28,,,2,100,,41286,28,,,2,95,,41294,28,,,2,100,,41281,28,,,2,100,,41280,28,,,2,100,,41292,28,,,1,100,,41288,28,,,1,100,,41290,28,,,1,115,,41291,28,,,1,87,,41282,28,,,1,98,,41278,28,,,1,100,,41279,28,,,1,98,,41285,28,,,1,100,,41283,28,,,1,100,,41284,28,,,1,100,,41293,28,,,1
6401,'Semaine-10-_26ÉTÉ-1111100-',531,,41295,28,,,1,108,,41305,28,,,2,100,,41307,28,,,2,100,,41304,28,,,2,95,,41312,28,,,2,100,,41299,28,,,2,100,,41298,28,,,2,100,,41310,28,,,1,100,,41306,28,,,1,100,,41308,28,,,1,115,,41309,28,,,1,87,,41300,28,,,1,98,,41296,28,,,1,100,,41297,28,,,1,98,,41303,28,,,1,100,,41301,28,,,1,100,,41302,28,,,1,100,,41311,28,,,1
6401,'Semaine-11-_26ÉTÉ-1111100-',531,,47077,28,,,1,108,,47087,28,,,2,100,,47089,28,,,2,100,,47086,28,,,2,95,,47094,28,,,2,100,,47081,28,,,2,100,,47080,28,,,2,100,,47092,28,,,1,100,,47088,28,,,1,100,,47090,28,,,1,115,,47091,28,,,1,87,,47082,28,,,1,98,,47078,28,,,1,100,,47079,28,,,1,98,,47085,28,,,1,100,,47083,28,,,1,100,,47084,28,,,1,100,,47093,28,,,1
6601,'Samedi-0-_26ÉTÉ-0000010-',658,,41664,30,,,1,100,,41666,30,,,1,100,,41670,30,,,1,100,,41667,30,,,2,100,,41671,30,,,1,100,,41665,30,,,1,100,,41668,30,,,1,100,,41669,30,,,1,100,,41672,30,,,2,100,,41673,30,,,1,100,,41674,30,,,1,100,,41675,30,,,1,100,,41676,30,,,1,100,,41678,30,,,1,100,,41677,30,,,1,100,,41679,30,,,1,100,,41680,30,,,1,100,,41681,30,,,2
6601,'Samedi-10-_26ÉTÉ-0000010-',658,,47245,30,,,1,100,,47247,30,,,1,100,,47251,30,,,1,100,,47248,30,,,2,100,,47252,30,,,1,100,,47246,30,,,1,100,,47249,30,,,1,100,,47250,30,,,1,100,,47253,30,,,2,100,,47254,30,,,1,100,,47255,30,,,1,100,,47256,30,,,1,100,,47257,30,,,1,100,,47259,30,,,1,100,,47258,30,,,1,100,,47260,30,,,1,100,,47261,30,,,1,100,,47262,30,,,2
6601,'Dimanche-0-_26ÉTÉ-0000001-',658,,41683,30,,,1,100,,41687,30,,,1,100,,41688,30,,,1,100,,41689,30,,,2,100,,41691,30,,,1,100,,41682,30,,,1,100,,41690,30,,,1,100,,41684,30,,,1,100,,41685,30,,,2,100,,41686,30,,,1,100,,41695,30,,,1,100,,41697,30,,,1,100,,41693,30,,,1,100,,41694,30,,,1,100,,41692,30,,,1,100,,41696,30,,,1,100,,41698,30,,,1,100,,41699,30,,,2
6601,'Dimanche-10-_26ÉTÉ-0000001-',658,,41701,30,,,1,100,,41705,30,,,1,100,,41706,30,,,1,100,,41707,30,,,2,100,,41709,30,,,1,100,,41700,30,,,1,100,,41708,30,,,1,100,,41702,30,,,1,100,,41703,30,,,2,100,,41704,30,,,1,100,,41713,30,,,1,100,,41715,30,,,1,100,,41711,30,,,1,100,,41712,30,,,1,100,,41710,30,,,1,100,,41714,30,,,1,100,,41716,30,,,1,100,,41717,30,,,2
6601,'Dimanche-11-_26ÉTÉ-0000001-',658,,49432,30,,,1,100,,49436,30,,,1,100,,49437,30,,,1,100,,49438,30,,,2,100,,49440,30,,,1,100,,49431,30,,,1,100,,49439,30,,,1,100,,49433,30,,,1,100,,49434,30,,,2,100,,49435,30,,,1,100,,49444,30,,,1,100,,49446,30,,,1,100,,49442,30,,,1,100,,49443,30,,,1,100,,49441,30,,,1,100,,49445,30,,,1,100,,49447,30,,,1,100,,49448,30,,,2
6601,'Semaine-1-_26ÉTÉ-1111100-',549,,41727,30,,,2,60,,41720,30,,,2,20,,41729,30,,,2,16,,41735,30,,,1,60,,41730,30,,,2,20,,41721,30,,,2,20,,41733,30,,,2,60,,41726,30,,,2,20,,41742,30,,,1,20,,41719,30,,,2,60,,41732,30,,,2,20,,41743,30,,,2,20,,41751,30,,,2,102,,41731,30,,,1,100,,41723,30,,,2,100,,41747,30,,,1,100,,41748,30,,,2,101,,41734,30,,,2,63,,41722,30,,,2,19,,41739,30,,,2,17,,41736,30,,,1,61,,41749,30,,,2,20,,41718,30,,,1,20,,41744,30,,,2,60,,41737,30,,,2,21,,41750,30,,,2,19,,41740,30,,,1,60,,41745,30,,,2,20,,41738,30,,,1,20,,41746,30,,,2,58,,41752,30,,,1,100,,41725,30,,,1,100,,41724,30,,,1,95,,41728,30,,,1,100,,41741,30,,,1
6601,'Semaine-10-_26ÉTÉ-1111100-',549,,41762,30,,,2,60,,41755,30,,,2,20,,41764,30,,,2,16,,41770,30,,,1,60,,41765,30,,,2,20,,41756,30,,,2,20,,41768,30,,,2,60,,41761,30,,,2,20,,41777,30,,,1,20,,41754,30,,,2,60,,41767,30,,,2,20,,41778,30,,,2,20,,41786,30,,,2,102,,41766,30,,,1,100,,41758,30,,,2,100,,41782,30,,,1,100,,41783,30,,,2,101,,41769,30,,,2,63,,41757,30,,,2,19,,41774,30,,,2,17,,41771,30,,,1,61,,41784,30,,,2,20,,41753,30,,,1,20,,41779,30,,,2,60,,41772,30,,,2,21,,41785,30,,,2,19,,41775,30,,,1,60,,41780,30,,,2,20,,41773,30,,,1,20,,41781,30,,,2,58,,41787,30,,,1,100,,41760,30,,,1,100,,41759,30,,,1,95,,41763,30,,,1,100,,41776,30,,,1
6601,'Semaine-11-_26ÉTÉ-1111100-',549,,47272,30,,,2,60,,47265,30,,,2,20,,47274,30,,,2,16,,47280,30,,,1,60,,47275,30,,,2,20,,47266,30,,,2,20,,47278,30,,,2,60,,47271,30,,,2,20,,47287,30,,,1,20,,47264,30,,,2,60,,47277,30,,,2,20,,47288,30,,,2,20,,47296,30,,,2,102,,47276,30,,,1,100,,47268,30,,,2,100,,47292,30,,,1,100,,47293,30,,,2,101,,47279,30,,,2,63,,47267,30,,,2,19,,47284,30,,,2,17,,47281,30,,,1,61,,47294,30,,,2,20,,47263,30,,,1,20,,47289,30,,,2,60,,47282,30,,,2,21,,47295,30,,,2,19,,47285,30,,,1,60,,47290,30,,,2,20,,47283,30,,,1,20,,47291,30,,,2,58,,47297,30,,,1,100,,47270,30,,,1,100,,47269,30,,,1,95,,47273,30,,,1,100,,47286,30,,,1
