3600,'Semaine-1-_26ÉTÉ-1111100-',906,,38681,14,,,1,100,,38682,14,,,1,101,,38680,14,,,1,100,,38683,14,,,1,100,,38685,14,,,1,100,,38686,14,,,1,98,,38684,14,,,1
3600,'Semaine-10-_26ÉTÉ-1111100-',906,,38688,14,,,1,100,,38689,14,,,1,101,,38687,14,,,1,100,,38690,14,,,1,100,,38692,14,,,1,100,,38693,14,,,1,98,,38691,14,,,1
3600,'Semaine-11-_26ÉTÉ-1111100-',906,,45976,14,,,1,100,,45977,14,,,1,101,,45975,14,,,1,100,,45978,14,,,1,100,,45980,14,,,1,100,,45981,14,,,1,98,,45979,14,,,1
3600,'Semaine-5-_26ÉTÉ-1111100-',906,,50409,14,,,1,100,,50410,14,,,1,101,,50408,14,,,1,100,,50411,14,,,1,100,,50413,14,,,1,100,,50414,14,,,1,98,,50412,14,,,1
3700,'Samedi-0-_26ÉTÉ-0000010-',729,,38708,14,,,1,100,,38709,14,,,1,101,,38711,14,,,1,100,,38712,14,,,1,100,,38710,14,,,1,100,,38713,14,,,1,100,,38714,14,,,1,101,,38715,14,,,1,99,,38716,14,,,1,100,,38717,14,,,1,100,,38718,14,,,1,99,,38719,14,,,1,100,,38720,14,,,1,100,,38721,14,,,1,100,,38722,14,,,1,100,,38723,14,,,1,100,,38724,14,,,1,100,,38725,14,,,1
3700,'Dimanche-0-_26ÉTÉ-0000001-',729,,38726,14,,,1,100,,38729,14,,,1,101,,38733,14,,,1,100,,38730,14,,,1,100,,38728,14,,,1,100,,38732,14,,,1,100,,38727,14,,,1,101,,38731,14,,,1,99,,38738,14,,,1,100,,38734,14,,,1,100,,38737,14,,,1,99,,38741,14,,,1,100,,38735,14,,,1,100,,38736,14,,,1,100,,38740,14,,,1,100,,38742,14,,,1,100,,38739,14,,,1,100,,38743,14,,,1
3700,'Dimanche-10-_26ÉTÉ-0000001-',729,,38744,14,,,1,100,,38747,14,,,1,101,,38751,14,,,1,100,,38748,14,,,1,100,,38746,14,,,1,100,,38750,14,,,1,100,,38745,14,,,1,101,,38749,14,,,1,99,,38756,14,,,1,100,,38752,14,,,1,100,,38755,14,,,1,99,,38759,14,,,1,100,,38753,14,,,1,100,,38754,14,,,1,100,,38758,14,,,1,100,,38760,14,,,1,100,,38757,14,,,1,100,,38761,14,,,1
3700,'Dimanche-11-_26ÉTÉ-0000001-',729,,48987,14,,,1,100,,48990,14,,,1,101,,48994,14,,,1,100,,48991,14,,,1,100,,48989,14,,,1,100,,48993,14,,,1,100,,48988,14,,,1,101,,48992,14,,,1,99,,48999,14,,,1,100,,48995,14,,,1,100,,48998,14,,,1,99,,49002,14,,,1,100,,48996,14,,,1,100,,48997,14,,,1,100,,49001,14,,,1,100,,49003,14,,,1,100,,49000,14,,,1,100,,49004,14,,,1
3700,'Semaine-1-_26ÉTÉ-1111100-',647,,38783,14,,,1,81,,38789,14,,,1,31,,38780,14,,,1,71,,38764,14,,,1,28,,38778,14,,,1,90,,38770,14,,,1,100,,38766,14,,,1,100,,38767,14,,,1,100,,38768,14,,,1,100,,38769,14,,,1,100,,38775,14,,,1,87,,38776,14,,,1,17,,38777,14,,,1,55,,38763,14,,,1,15,,38785,14,,,1,25,,38772,14,,,1,72,,38781,14,,,1,21,,38771,14,,,1,68,,38765,14,,,1,29,,38762,14,,,1,68,,38773,14,,,1,32,,38788,14,,,1,68,,38779,14,,,1,35,,38790,14,,,1,99,,38786,14,,,1,100,,38774,14,,,1,100,,38784,14,,,1,100,,38787,14,,,1,15,,38782,14,,,1
3700,'Semaine-10-_26ÉTÉ-1111100-',647,,38812,14,,,1,81,,38818,14,,,1,31,,38809,14,,,1,71,,38793,14,,,1,28,,38807,14,,,1,90,,38799,14,,,1,100,,38795,14,,,1,100,,38796,14,,,1,100,,38797,14,,,1,100,,38798,14,,,1,100,,38804,14,,,1,87,,38805,14,,,1,17,,38806,14,,,1,55,,38792,14,,,1,15,,38814,14,,,1,25,,38801,14,,,1,72,,38810,14,,,1,21,,38800,14,,,1,68,,38794,14,,,1,29,,38791,14,,,1,68,,38802,14,,,1,32,,38817,14,,,1,68,,38808,14,,,1,35,,38819,14,,,1,99,,38815,14,,,1,100,,38803,14,,,1,100,,38813,14,,,1,100,,38816,14,,,1,15,,38811,14,,,1
3700,'Semaine-11-_26ÉTÉ-1111100-',647,,46028,14,,,1,81,,46034,14,,,1,31,,46025,14,,,1,71,,46009,14,,,1,28,,46023,14,,,1,90,,46015,14,,,1,100,,46011,14,,,1,100,,46012,14,,,1,100,,46013,14,,,1,100,,46014,14,,,1,100,,46020,14,,,1,87,,46021,14,,,1,17,,46022,14,,,1,55,,46008,14,,,1,15,,46030,14,,,1,25,,46017,14,,,1,72,,46026,14,,,1,21,,46016,14,,,1,68,,46010,14,,,1,29,,46007,14,,,1,68,,46018,14,,,1,32,,46033,14,,,1,68,,46024,14,,,1,35,,46035,14,,,1,99,,46031,14,,,1,100,,46019,14,,,1,100,,46029,14,,,1,100,,46032,14,,,1,15,,46027,14,,,1
3700,'Semaine-5-_26ÉTÉ-1111100-',647,,50443,14,,,1,81,,50449,14,,,1,31,,50440,14,,,1,71,,50424,14,,,1,28,,50438,14,,,1,90,,50430,14,,,1,100,,50426,14,,,1,100,,50427,14,,,1,100,,50428,14,,,1,100,,50429,14,,,1,100,,50435,14,,,1,87,,50436,14,,,1,17,,50437,14,,,1,55,,50423,14,,,1,15,,50445,14,,,1,25,,50432,14,,,1,72,,50441,14,,,1,21,,50431,14,,,1,68,,50425,14,,,1,29,,50422,14,,,1,68,,50433,14,,,1,32,,50448,14,,,1,68,,50439,14,,,1,35,,50450,14,,,1,99,,50446,14,,,1,100,,50434,14,,,1,100,,50444,14,,,1,100,,50447,14,,,1,15,,50442,14,,,1
37100,'Samedi-0-_26ÉTÉ-0000010-',759,,44103,14,,,1,141,,44107,14,,,1,59,,44102,14,,,1,141,,44108,14,,,1,100,,44104,14,,,1,100,,44105,14,,,1,100,,44106,14,,,1,100,,44109,14,,,1,100,,44110,14,,,1,100,,44111,14,,,1,100,,44112,14,,,1,100,,44113,14,,,1,100,,44114,14,,,1,59,,44115,14,,,1,100,,44116,14,,,1,100,,44117,14,,,1,100,,44118,14,,,1
37100,'Dimanche-0-_26ÉTÉ-0000001-',759,,44119,14,,,1,141,,44125,14,,,1,59,,44126,14,,,1,141,,44127,14,,,1,100,,44120,14,,,1,100,,44122,14,,,1,100,,44121,14,,,1,100,,44123,14,,,1,100,,44124,14,,,1,100,,44129,14,,,1,100,,44134,14,,,1,100,,44128,14,,,1,100,,44130,14,,,1,59,,44135,14,,,1,100,,44133,14,,,1,100,,44131,14,,,1,100,,44132,14,,,1
37100,'Dimanche-10-_26ÉTÉ-0000001-',759,,44136,14,,,1,141,,44142,14,,,1,59,,44143,14,,,1,141,,44144,14,,,1,100,,44137,14,,,1,100,,44139,14,,,1,100,,44138,14,,,1,100,,44140,14,,,1,100,,44141,14,,,1,100,,44146,14,,,1,100,,44151,14,,,1,100,,44145,14,,,1,100,,44147,14,,,1,59,,44152,14,,,1,100,,44150,14,,,1,100,,44148,14,,,1,100,,44149,14,,,1
37100,'Dimanche-11-_26ÉTÉ-0000001-',759,,49713,14,,,1,141,,49719,14,,,1,59,,49720,14,,,1,141,,49721,14,,,1,100,,49714,14,,,1,100,,49716,14,,,1,100,,49715,14,,,1,100,,49717,14,,,1,100,,49718,14,,,1,100,,49723,14,,,1,100,,49728,14,,,1,100,,49722,14,,,1,100,,49724,14,,,1,59,,49729,14,,,1,100,,49727,14,,,1,100,,49725,14,,,1,100,,49726,14,,,1
37100,'Semaine-1-_26ÉTÉ-1111100-',706,,44166,14,,,1,33,,44163,14,,,1,70,,44159,14,,,1,29,,44154,14,,,1,90,,44173,14,,,1,98,,44158,14,,,1,101,,44160,14,,,1,100,,44172,14,,,1,100,,44167,14,,,1,103,,44156,14,,,1,91,,44168,14,,,1,18,,44177,14,,,1,17,,44157,14,,,1,55,,44178,14,,,1,26,,44153,14,,,1,21,,44162,14,,,1,70,,44169,14,,,1,23,,44175,14,,,1,67,,44174,14,,,1,30,,44164,14,,,1,69,,44176,14,,,1,30,,44179,14,,,1,70,,44165,14,,,1,95,,44161,14,,,1,100,,44171,14,,,1,100,,44170,14,,,1,98,,44155,14,,,1
37100,'Semaine-10-_26ÉTÉ-1111100-',706,,44193,14,,,1,33,,44190,14,,,1,70,,44186,14,,,1,29,,44181,14,,,1,90,,44200,14,,,1,98,,44185,14,,,1,101,,44187,14,,,1,100,,44199,14,,,1,100,,44194,14,,,1,103,,44183,14,,,1,91,,44195,14,,,1,18,,44204,14,,,1,17,,44184,14,,,1,55,,44205,14,,,1,26,,44180,14,,,1,21,,44189,14,,,1,70,,44196,14,,,1,23,,44202,14,,,1,67,,44201,14,,,1,30,,44191,14,,,1,69,,44203,14,,,1,30,,44206,14,,,1,70,,44192,14,,,1,95,,44188,14,,,1,100,,44198,14,,,1,100,,44197,14,,,1,98,,44182,14,,,1
37100,'Semaine-11-_26ÉTÉ-1111100-',706,,48353,14,,,1,33,,48350,14,,,1,70,,48346,14,,,1,29,,48341,14,,,1,90,,48360,14,,,1,98,,48345,14,,,1,101,,48347,14,,,1,100,,48359,14,,,1,100,,48354,14,,,1,103,,48343,14,,,1,91,,48355,14,,,1,18,,48364,14,,,1,17,,48344,14,,,1,55,,48365,14,,,1,26,,48340,14,,,1,21,,48349,14,,,1,70,,48356,14,,,1,23,,48362,14,,,1,67,,48361,14,,,1,30,,48351,14,,,1,69,,48363,14,,,1,30,,48366,14,,,1,70,,48352,14,,,1,95,,48348,14,,,1,100,,48358,14,,,1,100,,48357,14,,,1,98,,48342,14,,,1
37100,'Semaine-5-_26ÉTÉ-1111100-',706,,52047,14,,,1,33,,52044,14,,,1,70,,52040,14,,,1,29,,52035,14,,,1,90,,52054,14,,,1,98,,52039,14,,,1,101,,52041,14,,,1,100,,52053,14,,,1,100,,52048,14,,,1,103,,52037,14,,,1,91,,52049,14,,,1,18,,52058,14,,,1,17,,52038,14,,,1,55,,52059,14,,,1,26,,52034,14,,,1,21,,52043,14,,,1,70,,52050,14,,,1,23,,52056,14,,,1,67,,52055,14,,,1,30,,52045,14,,,1,69,,52057,14,,,1,30,,52060,14,,,1,70,,52046,14,,,1,95,,52042,14,,,1,100,,52052,14,,,1,100,,52051,14,,,1,98,,52036,14,,,1
43700,'Semaine-5-_26ÉTÉ-1111100-',725,,52275,10,,,1
82901,'Semaine-5-_26ÉTÉ-1111100-',808,,52363,22,,,1
