2001,'Semaine-1-_26ÉTÉ-1111100-',1532,,37331,3,,,1,100,,37332,3,,,1,99,,37333,3,,,2
2001,'Semaine-10-_26ÉTÉ-1111100-',1532,,37334,3,,,1,100,,37335,3,,,1,99,,37336,3,,,2
2001,'Semaine-11-_26ÉTÉ-1111100-',1532,,45370,3,,,1,100,,45371,3,,,1,99,,45372,3,,,2
2701,'Semaine-1-_26ÉTÉ-1111100-',622,,37415,19,,,1,86,,37416,19,,,1,46,,37413,19,,,1,69,,37414,19,,,1
2701,'Semaine-10-_26ÉTÉ-1111100-',622,,37419,19,,,1,86,,37420,19,,,1,46,,37417,19,,,1,69,,37418,19,,,1
2701,'Semaine-11-_26ÉTÉ-1111100-',622,,45413,19,,,1,86,,45414,19,,,1,46,,45411,19,,,1,69,,45412,19,,,1
3801,'Samedi-0-_26ÉTÉ-0000010-',705,,39108,3,,,1,30,,39104,3,,,1,69,,39116,3,,,1,31,,39109,3,,,1,69,,39105,3,,,1,31,,39117,3,,,1,67,,39110,3,,,1,33,,39114,3,,,1,66,,39106,3,,,1,34,,39111,3,,,1,70,,39115,3,,,1,30,,39107,3,,,1,68,,39112,3,,,1,32,,39113,3,,,1,68,,39118,3,,,1,32,,39119,3,,,1,68,,39120,3,,,1,32,,39121,3,,,1,69,,39122,3,,,1,31,,39123,3,,,1,69,,39124,3,,,1,31,,39125,3,,,1,67,,39126,3,,,1,33,,39128,3,,,1,69,,39127,3,,,1,31,,39130,3,,,1,69,,39129,3,,,1,31,,39131,3,,,1,70,,39132,3,,,1,30,,39136,3,,,1,70,,39133,3,,,1,30,,39134,3,,,1,72,,39135,3,,,1
3801,'Samedi-10-_26ÉTÉ-0000010-',705,,46157,3,,,1,30,,46153,3,,,1,69,,46165,3,,,1,31,,46158,3,,,1,69,,46154,3,,,1,31,,46166,3,,,1,67,,46159,3,,,1,33,,46163,3,,,1,66,,46155,3,,,1,34,,46160,3,,,1,70,,46164,3,,,1,30,,46156,3,,,1,68,,46161,3,,,1,32,,46162,3,,,1,68,,46167,3,,,1,32,,46168,3,,,1,68,,46169,3,,,1,32,,46170,3,,,1,69,,46171,3,,,1,31,,46172,3,,,1,69,,46173,3,,,1,31,,46174,3,,,1,67,,46175,3,,,1,33,,46177,3,,,1,69,,46176,3,,,1,31,,46179,3,,,1,69,,46178,3,,,1,31,,46180,3,,,1,70,,46181,3,,,1,30,,46185,3,,,1,70,,46182,3,,,1,30,,46183,3,,,1,72,,46184,3,,,1
3801,'Dimanche-0-_26ÉTÉ-0000001-',705,,39144,3,,,1,30,,39140,3,,,1,69,,39151,3,,,1,31,,39143,3,,,1,69,,39137,3,,,1,31,,39152,3,,,1,67,,39146,3,,,1,33,,39138,3,,,1,66,,39150,3,,,1,34,,39145,3,,,1,70,,39139,3,,,1,30,,39141,3,,,1,68,,39142,3,,,1,32,,39148,3,,,1,68,,39154,3,,,1,32,,39155,3,,,1,68,,39149,3,,,1,32,,39153,3,,,1,69,,39159,3,,,1,31,,39164,3,,,1,69,,39165,3,,,1,31,,39160,3,,,1,67,,39147,3,,,1,33,,39162,3,,,1,69,,39157,3,,,1,31,,39158,3,,,1,69,,39161,3,,,1,31,,39163,3,,,1,70,,39167,3,,,1,30,,39166,3,,,1,70,,39156,3,,,1,30,,39168,3,,,1,72,,39169,3,,,1
3801,'Dimanche-10-_26ÉTÉ-0000001-',705,,39177,3,,,1,30,,39173,3,,,1,69,,39184,3,,,1,31,,39176,3,,,1,69,,39170,3,,,1,31,,39185,3,,,1,67,,39179,3,,,1,33,,39171,3,,,1,66,,39183,3,,,1,34,,39178,3,,,1,70,,39172,3,,,1,30,,39174,3,,,1,68,,39175,3,,,1,32,,39181,3,,,1,68,,39187,3,,,1,32,,39188,3,,,1,68,,39182,3,,,1,32,,39186,3,,,1,69,,39192,3,,,1,31,,39197,3,,,1,69,,39198,3,,,1,31,,39193,3,,,1,67,,39180,3,,,1,33,,39195,3,,,1,69,,39190,3,,,1,31,,39191,3,,,1,69,,39194,3,,,1,31,,39196,3,,,1,70,,39200,3,,,1,30,,39199,3,,,1,70,,39189,3,,,1,30,,39201,3,,,1,72,,39202,3,,,1
3801,'Dimanche-11-_26ÉTÉ-0000001-',705,,49062,3,,,1,30,,49058,3,,,1,69,,49069,3,,,1,31,,49061,3,,,1,69,,49055,3,,,1,31,,49070,3,,,1,67,,49064,3,,,1,33,,49056,3,,,1,66,,49068,3,,,1,34,,49063,3,,,1,70,,49057,3,,,1,30,,49059,3,,,1,68,,49060,3,,,1,32,,49066,3,,,1,68,,49072,3,,,1,32,,49073,3,,,1,68,,49067,3,,,1,32,,49071,3,,,1,69,,49077,3,,,1,31,,49082,3,,,1,69,,49083,3,,,1,31,,49078,3,,,1,67,,49065,3,,,1,33,,49080,3,,,1,69,,49075,3,,,1,31,,49076,3,,,1,69,,49079,3,,,1,31,,49081,3,,,1,70,,49085,3,,,1,30,,49084,3,,,1,70,,49074,3,,,1,30,,49086,3,,,1,72,,49087,3,,,1
3801,'Semaine-1-_26ÉTÉ-1111100-',612,,39231,3,,,1,28,,39203,3,,,1,72,,39230,3,,,1,12,,39241,3,,,1,21,,39237,3,,,1,67,,39219,3,,,1,27,,39239,3,,,1,70,,39226,3,,,1,21,,39209,3,,,1,20,,39235,3,,,1,60,,39220,3,,,1,20,,39212,3,,,1,20,,39227,3,,,1,60,,39210,3,,,1,20,,39234,3,,,1,20,,39240,3,,,1,60,,39213,3,,,1,21,,39242,3,,,1,19,,39228,3,,,1,60,,39233,3,,,1,20,,39221,3,,,1,20,,39214,3,,,1,60,,39229,3,,,1,20,,39243,3,,,1,19,,39216,3,,,1,60,,39222,3,,,1,30,,39236,3,,,1,68,,39211,3,,,1,32,,39218,3,,,1,71,,39208,3,,,1,29,,39244,3,,,1,20,,39205,3,,,1,61,,39238,3,,,1,32,,39207,3,,,1,70,,39217,3,,,1,30,,39225,3,,,1,70,,39232,3,,,1,30,,39215,3,,,1,70,,39223,3,,,1,30,,39224,3,,,1,70,,39204,3,,,1,85,,39206,3,,,1
3801,'Semaine-10-_26ÉTÉ-1111100-',612,,39273,3,,,1,28,,39245,3,,,1,72,,39272,3,,,1,12,,39283,3,,,1,21,,39279,3,,,1,67,,39261,3,,,1,27,,39281,3,,,1,70,,39268,3,,,1,21,,39251,3,,,1,20,,39277,3,,,1,60,,39262,3,,,1,20,,39254,3,,,1,20,,39269,3,,,1,60,,39252,3,,,1,20,,39276,3,,,1,20,,39282,3,,,1,60,,39255,3,,,1,21,,39284,3,,,1,19,,39270,3,,,1,60,,39275,3,,,1,20,,39263,3,,,1,20,,39256,3,,,1,60,,39271,3,,,1,20,,39285,3,,,1,19,,39258,3,,,1,60,,39264,3,,,1,30,,39278,3,,,1,68,,39253,3,,,1,32,,39260,3,,,1,71,,39250,3,,,1,29,,39286,3,,,1,20,,39247,3,,,1,61,,39280,3,,,1,32,,39249,3,,,1,70,,39259,3,,,1,30,,39267,3,,,1,70,,39274,3,,,1,30,,39257,3,,,1,70,,39265,3,,,1,30,,39266,3,,,1,70,,39246,3,,,1,85,,39248,3,,,1
3801,'Semaine-11-_26ÉTÉ-1111100-',612,,46214,3,,,1,28,,46186,3,,,1,72,,46213,3,,,1,12,,46224,3,,,1,21,,46220,3,,,1,67,,46202,3,,,1,27,,46222,3,,,1,70,,46209,3,,,1,21,,46192,3,,,1,20,,46218,3,,,1,60,,46203,3,,,1,20,,46195,3,,,1,20,,46210,3,,,1,60,,46193,3,,,1,20,,46217,3,,,1,20,,46223,3,,,1,60,,46196,3,,,1,21,,46225,3,,,1,19,,46211,3,,,1,60,,46216,3,,,1,20,,46204,3,,,1,20,,46197,3,,,1,60,,46212,3,,,1,20,,46226,3,,,1,19,,46199,3,,,1,60,,46205,3,,,1,30,,46219,3,,,1,68,,46194,3,,,1,32,,46201,3,,,1,71,,46191,3,,,1,29,,46227,3,,,1,20,,46188,3,,,1,61,,46221,3,,,1,32,,46190,3,,,1,70,,46200,3,,,1,30,,46208,3,,,1,70,,46215,3,,,1,30,,46198,3,,,1,70,,46206,3,,,1,30,,46207,3,,,1,70,,46187,3,,,1,85,,46189,3,,,1
3901,'Samedi-0-_26ÉTÉ-0000010-',608,,39431,3,,,1,100,,39433,3,,,1,100,,39437,3,,,1,100,,39436,3,,,1,100,,39439,3,,,1,100,,39438,3,,,1,100,,39434,3,,,1,30,,39432,3,,,1,70,,39440,3,,,1,30,,39435,3,,,2,70,,39441,3,,,1,30,,39442,3,,,1,70,,39443,3,,,2,30,,39444,3,,,1,70,,39445,3,,,1,30,,39446,3,,,1,70,,39447,3,,,1,30,,39448,3,,,1,70,,39449,3,,,1,30,,39450,3,,,1,100,,39451,3,,,1,100,,39452,3,,,1,100,,39453,3,,,1,100,,39454,3,,,1
3901,'Samedi-10-_26ÉTÉ-0000010-',608,,46288,3,,,1,100,,46290,3,,,1,100,,46294,3,,,1,100,,46293,3,,,1,100,,46296,3,,,1,100,,46295,3,,,1,100,,46291,3,,,1,30,,46289,3,,,1,70,,46297,3,,,1,30,,46292,3,,,2,70,,46298,3,,,1,30,,46299,3,,,1,70,,46300,3,,,2,30,,46301,3,,,1,70,,46302,3,,,1,30,,46303,3,,,1,70,,46304,3,,,1,30,,46305,3,,,1,70,,46306,3,,,1,30,,46307,3,,,1,100,,46308,3,,,1,100,,46309,3,,,1,100,,46310,3,,,1,100,,46311,3,,,1
3901,'Dimanche-0-_26ÉTÉ-0000001-',608,,39455,3,,,1,100,,39462,3,,,1,100,,39456,3,,,1,100,,39459,3,,,1,100,,39464,3,,,1,100,,39457,3,,,1,100,,39463,3,,,1,30,,39458,3,,,1,70,,39460,3,,,1,30,,39465,3,,,2,70,,39467,3,,,1,30,,39461,3,,,1,70,,39466,3,,,2,30,,39468,3,,,1,70,,39469,3,,,1,30,,39474,3,,,1,70,,39476,3,,,1,30,,39478,3,,,1,70,,39475,3,,,1,30,,39472,3,,,1,100,,39473,3,,,1,100,,39477,3,,,1,100,,39470,3,,,1,100,,39471,3,,,1
3901,'Dimanche-10-_26ÉTÉ-0000001-',608,,39479,3,,,1,100,,39486,3,,,1,100,,39480,3,,,1,100,,39483,3,,,1,100,,39488,3,,,1,100,,39481,3,,,1,100,,39487,3,,,1,30,,39482,3,,,1,70,,39484,3,,,1,30,,39489,3,,,2,70,,39491,3,,,1,30,,39485,3,,,1,70,,39490,3,,,2,30,,39492,3,,,1,70,,39493,3,,,1,30,,39498,3,,,1,70,,39500,3,,,1,30,,39502,3,,,1,70,,39499,3,,,1,30,,39496,3,,,1,100,,39497,3,,,1,100,,39501,3,,,1,100,,39494,3,,,1,100,,39495,3,,,1
3901,'Dimanche-11-_26ÉTÉ-0000001-',608,,49112,3,,,1,100,,49119,3,,,1,100,,49113,3,,,1,100,,49116,3,,,1,100,,49121,3,,,1,100,,49114,3,,,1,100,,49120,3,,,1,30,,49115,3,,,1,70,,49117,3,,,1,30,,49122,3,,,2,70,,49124,3,,,1,30,,49118,3,,,1,70,,49123,3,,,2,30,,49125,3,,,1,70,,49126,3,,,1,30,,49131,3,,,1,70,,49133,3,,,1,30,,49135,3,,,1,70,,49132,3,,,1,30,,49129,3,,,1,100,,49130,3,,,1,100,,49134,3,,,1,100,,49127,3,,,1,100,,49128,3,,,1
3901,'Semaine-1-_26ÉTÉ-1111100-',627,,39525,3,,,2,26,,39514,3,,,1,76,,39515,3,,,1,74,,39511,3,,,1,33,,39517,3,,,1,70,,39519,3,,,1,30,,39526,3,,,1,70,,39537,3,,,1,30,,39532,3,,,2,70,,39527,3,,,1,30,,39512,3,,,1,70,,39521,3,,,2,30,,39528,3,,,1,70,,39513,3,,,1,30,,39510,3,,,2,71,,39529,3,,,1,29,,39522,3,,,2,70,,39503,3,,,1,31,,39530,3,,,2,70,,39508,3,,,1,30,,39505,3,,,1,71,,39533,3,,,1,28,,39518,3,,,1,72,,39524,3,,,1,32,,39509,3,,,2,72,,39531,3,,,1,25,,39504,3,,,2,66,,39534,3,,,1,30,,39507,3,,,1,70,,39523,3,,,1,32,,39535,3,,,1,70,,39506,3,,,1,30,,39516,3,,,1,73,,39536,3,,,1,30,,39520,3,,,1
3901,'Semaine-10-_26ÉTÉ-1111100-',627,,39560,3,,,2,26,,39549,3,,,1,76,,39550,3,,,1,74,,39546,3,,,1,33,,39552,3,,,1,70,,39554,3,,,1,30,,39561,3,,,1,70,,39572,3,,,1,30,,39567,3,,,2,70,,39562,3,,,1,30,,39547,3,,,1,70,,39556,3,,,2,30,,39563,3,,,1,70,,39548,3,,,1,30,,39545,3,,,2,71,,39564,3,,,1,29,,39557,3,,,2,70,,39538,3,,,1,31,,39565,3,,,2,70,,39543,3,,,1,30,,39540,3,,,1,71,,39568,3,,,1,28,,39553,3,,,1,72,,39559,3,,,1,32,,39544,3,,,2,72,,39566,3,,,1,25,,39539,3,,,2,66,,39569,3,,,1,30,,39542,3,,,1,70,,39558,3,,,1,32,,39570,3,,,1,70,,39541,3,,,1,30,,39551,3,,,1,73,,39571,3,,,1,30,,39555,3,,,1
3901,'Semaine-11-_26ÉTÉ-1111100-',627,,46334,3,,,2,26,,46323,3,,,1,76,,46324,3,,,1,74,,46320,3,,,1,33,,46326,3,,,1,70,,46328,3,,,1,30,,46335,3,,,1,70,,46346,3,,,1,30,,46341,3,,,2,70,,46336,3,,,1,30,,46321,3,,,1,70,,46330,3,,,2,30,,46337,3,,,1,70,,46322,3,,,1,30,,46319,3,,,2,71,,46338,3,,,1,29,,46331,3,,,2,70,,46312,3,,,1,31,,46339,3,,,2,70,,46317,3,,,1,30,,46314,3,,,1,71,,46342,3,,,1,28,,46327,3,,,1,72,,46333,3,,,1,32,,46318,3,,,2,72,,46340,3,,,1,25,,46313,3,,,2,66,,46343,3,,,1,30,,46316,3,,,1,70,,46332,3,,,1,32,,46344,3,,,1,70,,46315,3,,,1,30,,46325,3,,,1,73,,46345,3,,,1,30,,46329,3,,,1
6400,'Samedi-0-_26ÉTÉ-0000010-',754,,41170,34,,,1,100,,41172,34,,,1,100,,41175,34,,,1,100,,41173,34,,,2,100,,41176,34,,,1,100,,41171,34,,,1,100,,41174,34,,,2,100,,41177,34,,,1,99,,41178,34,,,1,100,,41179,34,,,1,100,,41180,34,,,1,100,,41181,34,,,1
6400,'Samedi-10-_26ÉTÉ-0000010-',754,,47035,34,,,1,100,,47037,34,,,1,100,,47040,34,,,1,100,,47038,34,,,2,100,,47041,34,,,1,100,,47036,34,,,1,100,,47039,34,,,2,100,,47042,34,,,1,99,,47043,34,,,1,100,,47044,34,,,1,100,,47045,34,,,1,100,,47046,34,,,1
6400,'Dimanche-0-_26ÉTÉ-0000001-',754,,41182,34,,,1,100,,41187,34,,,1,100,,41183,34,,,1,100,,41186,34,,,2,100,,41189,34,,,1,100,,41188,34,,,1,100,,41185,34,,,2,100,,41184,34,,,1,99,,41192,34,,,1,100,,41193,34,,,1,100,,41190,34,,,1,100,,41191,34,,,1
6400,'Dimanche-10-_26ÉTÉ-0000001-',754,,41194,34,,,1,100,,41199,34,,,1,100,,41195,34,,,1,100,,41198,34,,,2,100,,41201,34,,,1,100,,41200,34,,,1,100,,41197,34,,,2,100,,41196,34,,,1,99,,41204,34,,,1,100,,41205,34,,,1,100,,41202,34,,,1,100,,41203,34,,,1
6400,'Dimanche-11-_26ÉTÉ-0000001-',754,,49357,34,,,1,100,,49362,34,,,1,100,,49358,34,,,1,100,,49361,34,,,2,100,,49364,34,,,1,100,,49363,34,,,1,100,,49360,34,,,2,100,,49359,34,,,1,99,,49367,34,,,1,100,,49368,34,,,1,100,,49365,34,,,1,100,,49366,34,,,1
6400,'Semaine-1-_26ÉTÉ-1111100-',711,,41214,34,,,1,30,,41211,34,,,2,70,,41206,34,,,2,35,,41210,34,,,2,95,,41212,34,,,2,100,,41217,34,,,2,100,,41216,34,,,1,100,,41209,34,,,2,100,,41222,34,,,1,100,,41218,34,,,1,95,,41219,34,,,1,70,,41224,34,,,1,102,,41223,34,,,1,94,,41220,34,,,2,100,,41221,34,,,1,100,,41213,34,,,1,99,,41207,34,,,1,100,,41215,34,,,1,100,,41208,34,,,1
6400,'Semaine-10-_26ÉTÉ-1111100-',711,,41233,34,,,1,30,,41230,34,,,2,70,,41225,34,,,2,35,,41229,34,,,2,95,,41231,34,,,2,100,,41236,34,,,2,100,,41235,34,,,1,100,,41228,34,,,2,100,,41241,34,,,1,100,,41237,34,,,1,95,,41238,34,,,1,70,,41243,34,,,1,102,,41242,34,,,1,94,,41239,34,,,2,100,,41240,34,,,1,100,,41232,34,,,2,99,,41226,34,,,1,100,,41234,34,,,1,100,,41227,34,,,1
6400,'Semaine-11-_26ÉTÉ-1111100-',711,,47055,34,,,1,30,,47052,34,,,2,70,,47047,34,,,2,35,,47051,34,,,2,95,,47053,34,,,2,100,,47058,34,,,2,100,,47057,34,,,1,100,,47050,34,,,2,100,,47063,34,,,1,100,,47059,34,,,1,95,,47060,34,,,1,70,,47065,34,,,1,102,,47064,34,,,1,94,,47061,34,,,2,100,,47062,34,,,1,100,,47054,34,,,1,99,,47048,34,,,1,100,,47056,34,,,1,100,,47049,34,,,1
