1500,'Semaine-1-_26ÉTÉ-1111100-',1649,,37307,8,,,1
1500,'Semaine-10-_26ÉTÉ-1111100-',1649,,37308,8,,,1
1500,'Semaine-11-_26ÉTÉ-1111100-',1649,,45358,8,,,1
6900,'Samedi-0-_26ÉTÉ-0000010-',852,,42224,14,,,1,100,,42223,14,,,1,100,,42225,14,,,1,100,,42227,14,,,1,100,,42226,14,,,1,100,,42228,14,,,1,101,,42229,14,,,1,99,,42230,14,,,1,100,,42231,14,,,1,100,,42232,14,,,1,100,,42233,14,,,1,100,,42234,14,,,2,100,,42235,14,,,2,100,,42236,14,,,2,100,,42237,14,,,2
6900,'Samedi-10-_26ÉTÉ-0000010-',852,,47489,14,,,1,100,,47488,14,,,1,100,,47490,14,,,1,100,,47492,14,,,1,100,,47491,14,,,1,100,,47493,14,,,1,101,,47494,14,,,1,99,,47495,14,,,1,100,,47496,14,,,1,100,,47497,14,,,1,100,,47498,14,,,1,100,,47499,14,,,2,100,,47500,14,,,2,100,,47501,14,,,2,100,,47502,14,,,2
6900,'Dimanche-0-_26ÉTÉ-0000001-',852,,42240,14,,,1,100,,42241,14,,,1,100,,42238,14,,,1,100,,42239,14,,,1,100,,42242,14,,,1,100,,42243,14,,,1,101,,42246,14,,,1,99,,42247,14,,,1,100,,42244,14,,,1,100,,42245,14,,,1,100,,42252,14,,,1,100,,42250,14,,,2,100,,42251,14,,,2,100,,42248,14,,,2,100,,42249,14,,,2
6900,'Dimanche-10-_26ÉTÉ-0000001-',852,,42255,14,,,1,100,,42256,14,,,1,100,,42253,14,,,1,100,,42254,14,,,1,100,,42257,14,,,1,100,,42258,14,,,1,101,,42261,14,,,1,99,,42262,14,,,1,100,,42259,14,,,1,100,,42260,14,,,1,100,,42267,14,,,1,100,,42265,14,,,2,100,,42266,14,,,2,100,,42263,14,,,2,100,,42264,14,,,2
6900,'Dimanche-11-_26ÉTÉ-0000001-',852,,49506,14,,,1,100,,49507,14,,,1,100,,49504,14,,,1,100,,49505,14,,,1,100,,49508,14,,,1,100,,49509,14,,,1,101,,49512,14,,,1,99,,49513,14,,,1,100,,49510,14,,,1,100,,49511,14,,,1,100,,49518,14,,,1,100,,49516,14,,,2,100,,49517,14,,,2,100,,49514,14,,,2,100,,49515,14,,,2
6900,'Semaine-1-_26ÉTÉ-1111100-',845,,42277,14,,,1,101,,42278,14,,,2,100,,42279,14,,,2,100,,42280,14,,,2,95,,42281,14,,,2,100,,42282,14,,,1,100,,42286,14,,,2,70,,42273,14,,,1,30,,42270,14,,,2,71,,42268,14,,,1,29,,42283,14,,,2,72,,42274,14,,,2,28,,42284,14,,,2,70,,42287,14,,,2,30,,42285,14,,,2,80,,42276,14,,,2,100,,42275,14,,,2,100,,42269,14,,,1,100,,42272,14,,,1,100,,42271,14,,,1
6900,'Semaine-10-_26ÉTÉ-1111100-',845,,42297,14,,,1,101,,42298,14,,,2,100,,42299,14,,,2,100,,42300,14,,,2,95,,42301,14,,,2,100,,42302,14,,,1,100,,42306,14,,,2,70,,42293,14,,,1,30,,42290,14,,,2,71,,42288,14,,,1,29,,42303,14,,,2,72,,42294,14,,,2,28,,42304,14,,,2,70,,42307,14,,,2,30,,42305,14,,,2,80,,42296,14,,,2,100,,42295,14,,,2,100,,42289,14,,,2,100,,42292,14,,,2,100,,42291,14,,,2
6900,'Semaine-11-_26ÉTÉ-1111100-',845,,47512,14,,,1,101,,47513,14,,,2,100,,47514,14,,,2,100,,47515,14,,,2,95,,47516,14,,,2,100,,47517,14,,,1,100,,47521,14,,,2,70,,47508,14,,,1,30,,47505,14,,,2,71,,47503,14,,,1,29,,47518,14,,,2,72,,47509,14,,,2,28,,47519,14,,,2,70,,47522,14,,,2,30,,47520,14,,,2,80,,47511,14,,,2,100,,47510,14,,,2,100,,47504,14,,,1,100,,47507,14,,,1,100,,47506,14,,,1
