3401,'Samedi-3',641,,33204,3,,,1,100,,33207,3,,,2,70,,33216,3,,,1,33,,33205,3,,,1,66,,33210,3,,,1,30,,33212,3,,,1,72,,33206,3,,,2,30,,33215,3,,,1,71,,33208,3,,,1,30,,33217,3,,,1,68,,33209,3,,,1,30,,33211,3,,,1,70,,33213,3,,,2,30,,33214,3,,,2,70,,33218,3,,,1,29,,33219,3,,,2,70,,33220,3,,,1,30,,33221,3,,,1,71,,33222,3,,,1,31,,33223,3,,,1,70,,33224,3,,,2,31,,33225,3,,,1,67,,33226,3,,,1,30,,33228,3,,,1,73,,33227,3,,,2,30,,33229,3,,,1,70,,33230,3,,,1,28,,33231,3,,,1,70,,33233,3,,,1,30,,33232,3,,,1,70,,33234,3,,,1,100,,33235,3,,,1
3401,'Dimanche-3',641,,33237,3,,,1,100,,33248,3,,,2,70,,33241,3,,,1,33,,33244,3,,,1,66,,33243,3,,,1,30,,33252,3,,,1,72,,33249,3,,,2,30,,33236,3,,,1,71,,33247,3,,,1,30,,33240,3,,,1,68,,33238,3,,,1,30,,33239,3,,,1,70,,33242,3,,,2,30,,33250,3,,,2,70,,33246,3,,,1,29,,33245,3,,,2,70,,33251,3,,,1,30,,33256,3,,,1,71,,33254,3,,,1,31,,33260,3,,,1,70,,33263,3,,,2,31,,33253,3,,,1,67,,33262,3,,,1,30,,33255,3,,,1,73,,33259,3,,,2,30,,33266,3,,,1,70,,33258,3,,,1,28,,33257,3,,,1,70,,33264,3,,,1,30,,33265,3,,,1,70,,33261,3,,,1,100,,33267,3,,,1
3401,'Semaine-4',847,,33293,3,,,1,69,,33273,3,,,1,30,,33277,3,,,1,70,,33297,3,,,1,30,,33270,3,,,1,70,,33274,3,,,1,30,,33278,3,,,1,70,,33268,3,,,1,30,,33271,3,,,1,70,,33275,3,,,1,30,,33279,3,,,1,70,,33272,3,,,1,28,,33294,3,,,1,69,,33269,3,,,1,29,,33295,3,,,1,71,,33296,3,,,2,29,,33290,3,,,1,71,,33286,3,,,1,30,,33276,3,,,1,72,,33283,3,,,1,30,,33292,3,,,1,72,,33280,3,,,1,30,,33282,3,,,1,70,,33284,3,,,1,30,,33288,3,,,1,71,,33281,3,,,1,30,,33287,3,,,1,70,,33285,3,,,1,30,,33289,3,,,1,70,,33291,3,,,1
5801,'Semaine-4',549,,34457,3,,,1,70,,34461,3,,,1,30,,34459,3,,,1,70,,34458,3,,,2,30,,34455,3,,,1,70,,34460,3,,,1,800,,34456,3,,,1
63900,'Semaine-4',1502,,37109,3,0,9 10,1
64000,'Semaine-4',1502,,37113,3,0,9 10,1
64101,'Semaine-4',1502,,37117,3,0,9 10,1
64501,'Semaine-4',1502,,37119,3,0,9 10,1
64701,'Semaine-4',1504,,37121,3,0,9 10,1
65400,'Semaine-4',1502,,37122,3,0,9 10,1
65501,'Semaine-4',1502,,37125,3,0,9 10,1
