9300,'Semaine-1-_26ÉTÉ-1111100-',1546,,43682,32,,,2,60,,43685,32,,,2,20,,43681,32,,,1,20,,43684,32,,,1,71,,43683,32,,,2,30,,43679,32,,,2,67,,43680,32,,,1
9300,'Semaine-10-_26ÉTÉ-1111100-',1546,,43689,32,,,2,60,,43692,32,,,2,20,,43688,32,,,1,20,,43691,32,,,1,71,,43690,32,,,2,30,,43686,32,,,2,67,,43687,32,,,1
9300,'Semaine-11-_26ÉTÉ-1111100-',1546,,48131,32,,,2,60,,48134,32,,,2,20,,48130,32,,,1,20,,48133,32,,,1,71,,48132,32,,,2,30,,48128,32,,,2,67,,48129,32,,,1
9700,'Samedi-0-_26ÉTÉ-0000010-',829,,43743,17,,,2,100,,43746,17,,,2,100,,43741,17,,,1,100,,43742,17,,,1,100,,43745,17,,,2,100,,43744,17,,,2,100,,43747,17,,,1,100,,43748,17,,,2,100,,43749,17,,,2,101,,43750,17,,,1,100,,43755,17,,,1,100,,43751,17,,,1,100,,43752,17,,,1,100,,43753,17,,,1,99,,43754,17,,,2,100,,43756,17,,,1,100,,43757,17,,,1
9700,'Samedi-10-_26ÉTÉ-0000010-',829,,48161,17,,,2,100,,48164,17,,,2,100,,48159,17,,,1,100,,48160,17,,,1,100,,48163,17,,,2,100,,48162,17,,,2,100,,48165,17,,,1,100,,48166,17,,,2,100,,48167,17,,,2,101,,48168,17,,,1,100,,48173,17,,,1,100,,48169,17,,,1,100,,48170,17,,,1,100,,48171,17,,,1,99,,48172,17,,,2,100,,48174,17,,,1,100,,48175,17,,,1
9700,'Dimanche-0-_26ÉTÉ-0000001-',829,,43761,17,,,2,100,,43763,17,,,2,100,,43760,17,,,1,100,,43759,17,,,1,100,,43758,17,,,2,100,,43762,17,,,2,100,,43765,17,,,1,100,,43764,17,,,2,100,,43770,17,,,2,101,,43772,17,,,1,100,,43774,17,,,1,100,,43766,17,,,1,100,,43767,17,,,1,100,,43768,17,,,1,99,,43769,17,,,2,100,,43773,17,,,1,100,,43771,17,,,1
9700,'Dimanche-10-_26ÉTÉ-0000001-',829,,43778,17,,,2,100,,43780,17,,,2,100,,43777,17,,,1,100,,43776,17,,,1,100,,43775,17,,,2,100,,43779,17,,,2,100,,43782,17,,,1,100,,43781,17,,,2,100,,43787,17,,,2,101,,43789,17,,,1,100,,43791,17,,,1,100,,43783,17,,,1,100,,43784,17,,,1,100,,43785,17,,,1,99,,43786,17,,,2,100,,43790,17,,,1,100,,43788,17,,,1
9700,'Semaine-1-_26ÉTÉ-1111100-',701,,43810,17,,,1,26,,43811,17,,,1,97,,43800,17,,,2,101,,43796,17,,,1,96,,43809,17,,,2,100,,43804,17,,,2,100,,43801,17,,,1,100,,43806,17,,,2,101,,43792,17,,,1,94,,43797,17,,,1,105,,43805,17,,,1,96,,43807,21,,,2,103,,43798,21,,,2,34,,43793,21,,,2,59,,43802,17,,,1,102,,43794,17,,,2,99,,43803,17,,,1,100,,43799,17,,,1,102,,43795,17,,,2,110,,43808,17,,,1
9700,'Semaine-10-_26ÉTÉ-1111100-',701,,43830,17,,,1,26,,43831,17,,,1,97,,43820,17,,,2,101,,43816,17,,,1,96,,43829,17,,,2,100,,43824,17,,,2,100,,43821,17,,,1,100,,43826,17,,,2,101,,43812,17,,,1,94,,43817,17,,,1,105,,43825,17,,,1,96,,43827,21,,,2,103,,43818,21,,,2,34,,43813,21,,,2,59,,43822,17,,,1,102,,43814,17,,,2,99,,43823,17,,,1,100,,43819,17,,,1,102,,43815,17,,,2,110,,43828,17,,,1
9700,'Semaine-11-_26ÉTÉ-1111100-',701,,48194,17,,,1,26,,48195,17,,,1,97,,48184,17,,,2,101,,48180,17,,,1,96,,48193,17,,,2,100,,48188,17,,,2,100,,48185,17,,,1,100,,48190,17,,,2,101,,48176,17,,,1,94,,48181,17,,,1,105,,48189,17,,,1,96,,48191,21,,,2,103,,48182,21,,,2,34,,48177,21,,,2,59,,48186,17,,,1,102,,48178,17,,,2,99,,48187,17,,,1,100,,48183,17,,,1,102,,48179,17,,,2,110,,48192,17,,,1
