3100,'Samedi-3',722,,32684,10,,,1,30,,32685,10,,,1,101,,32686,10,,,1,101,,32683,10,,,1,102,,32689,10,,,1,100,,32690,10,,,1,101,,32687,10,,,1,100,,32688,10,,,1,100,,32691,10,,,1,102,,32692,10,,,1,98,,32693,10,,,1,100,,32694,10,,,1,94,,32700,10,,,1,100,,32695,10,,,1,99,,32696,10,,,1,100,,32697,10,,,1,100,,32698,10,,,1,100,,32699,10,,,1,97,,32701,10,,,1
3100,'Dimanche-3',722,,32706,10,,,1,30,,32707,10,,,1,101,,32708,10,,,1,101,,32709,10,,,1,102,,32702,10,,,1,100,,32703,10,,,1,101,,32704,10,,,1,100,,32705,10,,,1,100,,32711,10,,,1,102,,32712,10,,,1,98,,32710,10,,,1,100,,32713,10,,,1,94,,32716,10,,,1,100,,32720,10,,,1,99,,32714,10,,,1,100,,32715,10,,,1,100,,32718,10,,,1,100,,32717,10,,,1,97,,32719,10,,,1
3100,'Semaine-4',606,,32725,10,,,1,35,,32760,10,,,1,70,,32738,10,,,1,31,,32726,10,,,1,60,,32766,10,,,1,14,,32763,10,,,1,20,,32722,10,,,1,16,,32735,10,,,1,57,,32736,10,,,1,12,,32752,10,,,1,19,,32727,10,,,1,61,,32729,10,,,1,20,,32746,10,,,1,20,,32747,10,,,1,60,,32753,10,,,1,20,,32728,10,,,1,20,,32733,10,,,1,61,,32754,10,,,1,20,,32761,10,,,1,19,,32749,10,,,1,60,,32730,10,,,1,21,,32723,10,,,1,17,,32759,10,,,1,62,,32764,10,,,1,19,,32748,10,,,1,20,,32731,10,,,1,19,,32751,10,,,1,63,,32755,10,,,1,21,,32762,10,,,1,60,,32750,10,,,1,14,,32732,10,,,1,21,,32743,10,,,1,20,,32745,10,,,1,62,,32734,10,,,1,5,,32721,3,,,1,13,,32739,10,,,1,21,,32724,10,,,1,55,,32757,10,,,1,18,,32765,10,,,1,26,,32740,10,,,1,98,,32758,10,,,1,100,,32741,10,,,1,100,,32737,10,,,1,99,,32742,10,,,1,102,,32744,10,,,1,143,,32756,10,,,1
3200,'Semaine-4',614,,32890,3,,,1,30,,32889,3,,,1,70,,32885,3,,,1,32,,32887,3,,,1,69,,32886,3,,,1,30,,32888,3,,,1,70,,32861,3,,,1,30,,32856,3,,,2,70,,32857,3,,,2,30,,32868,3,,,1,70,,32862,3,,,1,28,,32848,3,,,1,71,,32849,3,,,1,31,,32860,3,,,1,70,,32863,3,,,1,29,,32869,3,,,1,71,,32850,3,,,1,30,,32895,3,,,1,56,,32847,3,,,2,10,,32877,3,,,1,10,,32867,3,,,1,10,,32873,3,,,1,10,,32874,3,,,1,10,,32892,3,,,1,50,,32893,3,,,1,10,,32894,3,,,1,10,,32891,3,,,2,10,,32864,3,,,2,10,,32875,3,,,1,10,,32883,3,,,1,50,,32876,3,,,2,10,,32853,3,,,2,9,,32884,3,,,2,11,,32870,3,,,1,10,,32872,3,,,2,10,,32871,3,,,2,61,,32865,3,,,1,25,,32859,3,,,1,70,,32854,3,,,2,30,,32851,3,,,1,70,,32866,3,,,1,28,,32858,3,,,1,72,,32855,3,,,2,30,,32852,3,,,1,70,,32878,3,,,1,30,,32879,3,,,1,70,,32880,3,,,2,30,,32881,3,,,1,70,,32882,3,,,1
3300,'Samedi-3',648,,32948,10,,,1,172,,32953,10,,,1,99,,32950,10,,,1,98,,32954,10,,,1,100,,32949,10,,,1,100,,32952,10,,,1,100,,32951,10,,,1,100,,32955,10,,,1,103,,32956,10,,,1,97,,32957,10,,,1,100,,32958,10,,,1,100,,32959,10,,,1,98,,32960,10,,,1,100,,32964,10,,,1,100,,32961,10,,,1,100,,32962,10,,,1,100,,32963,10,,,1,100,,32965,10,,,1
3300,'Dimanche-3',648,,32967,10,,,1,172,,32966,10,,,1,99,,32969,10,,,1,98,,32971,10,,,1,100,,32972,10,,,1,100,,32973,10,,,1,100,,32968,10,,,1,100,,32975,10,,,1,103,,32970,10,,,1,97,,32976,10,,,1,100,,32979,10,,,1,100,,32983,10,,,1,98,,32980,10,,,1,100,,32974,10,,,1,100,,32977,10,,,1,100,,32982,10,,,1,100,,32978,10,,,1,100,,32981,10,,,1
3300,'Semaine-4',613,,33011,3,,,1,34,,33010,10,,,1,62,,33016,10,,,2,15,,32989,10,,,1,23,,33004,10,,,1,60,,33012,10,,,1,5,,33023,10,,,1,9,,33024,10,,,1,30,,33017,10,,,1,55,,32999,10,,,1,10,,33002,10,,,2,14,,33019,10,,,1,70,,33005,10,,,2,27,,32994,10,,,1,31,,33000,10,,,1,68,,32984,10,,,1,31,,33007,10,,,1,69,,32995,10,,,1,33,,33003,10,,,1,59,,33022,10,,,1,6,,33006,10,,,1,28,,33009,10,,,1,70,,32996,10,,,1,15,,33018,3,,,1,16,,33014,10,,,1,74,,33008,10,,,1,13,,32986,10,,,2,17,,32998,10,,,1,60,,33021,10,,,2,13,,33020,10,,,1,12,,33015,3,,,1,61,,32993,10,,,1,24,,32992,10,,,2,25,,32997,10,,,2,67,,32985,10,,,2,27,,32990,10,,,1,72,,33025,3,,,1,40,,33001,10,,,2,97,,32991,10,,,1,80,,32987,10,,,2,104,,33013,10,,,1,98,,33026,10,,,2,65,,32988,10,,,1
3400,'Samedi-3',716,,33104,3,,,1,104,,33109,3,,,1,30,,33105,3,,,2,70,,33111,3,,,1,30,,33112,3,,,1,70,,33106,3,,,1,30,,33107,3,,,1,70,,33108,3,,,1,30,,33110,3,,,2,70,,33113,3,,,1,30,,33115,3,,,1,71,,33114,3,,,2,30,,33116,3,,,1,70,,33117,3,,,1,30,,33118,3,,,1,69,,33119,3,,,1,30,,33120,3,,,1,70,,33121,3,,,1,30,,33122,3,,,1,70,,33123,3,,,1,30,,33124,3,,,1,70,,33125,3,,,1,30,,33126,3,,,2,70,,33127,3,,,1,30,,33128,3,,,1,70,,33129,3,,,1,30,,33130,3,,,1,70,,33131,3,,,1,30,,33132,3,,,1,69,,33134,3,,,1,31,,33133,3,,,1,70,,33136,3,,,1,30,,33135,3,,,1,69,,33137,3,,,1
3400,'Dimanche-3',716,,33142,3,,,1,104,,33146,3,,,1,30,,33144,3,,,2,70,,33139,3,,,1,30,,33147,3,,,1,70,,33150,3,,,1,30,,33149,3,,,1,70,,33138,3,,,1,30,,33140,3,,,2,70,,33151,3,,,1,30,,33141,3,,,1,71,,33143,3,,,2,30,,33145,3,,,1,70,,33154,3,,,1,30,,33148,3,,,1,69,,33152,3,,,1,30,,33155,3,,,1,70,,33159,3,,,1,30,,33164,3,,,1,70,,33156,3,,,1,30,,33157,3,,,1,70,,33167,3,,,1,30,,33158,3,,,2,70,,33163,3,,,1,30,,33153,3,,,1,70,,33160,3,,,1,30,,33162,3,,,1,70,,33165,3,,,1,30,,33171,3,,,1,69,,33166,3,,,1,31,,33168,3,,,1,70,,33161,3,,,1,30,,33169,3,,,1,69,,33170,3,,,1
3400,'Semaine-4',559,,33202,3,,,1,68,,33187,3,,,1,31,,33181,3,,,1,75,,33185,3,,,1,67,,33176,3,,,1,30,,33196,3,,,1,70,,33182,3,,,1,30,,33172,3,,,1,70,,33177,3,,,1,30,,33178,3,,,1,70,,33183,3,,,1,30,,33173,3,,,1,70,,33203,3,,,1,30,,33179,3,,,1,70,,33184,3,,,1,30,,33174,3,,,1,70,,33200,3,,,1,30,,33175,3,,,1,23,,33201,3,,,2,349,,33199,3,,,2,20,,33188,3,,,1,30,,33180,3,,,1,70,,33192,3,,,1,30,,33198,3,,,1,70,,33189,3,,,2,30,,33191,3,,,1,70,,33193,3,,,1,30,,33186,3,,,1,70,,33195,3,,,1,31,,33190,3,,,1,68,,33194,3,,,1,30,,33197,3,,,1
3500,'Semaine-4',622,,33324,10,0,15 16,1,78,,33298,10,0,15 16,1,33,,33309,10,0,15 16,1,17,,33327,10,0,15 16,1,73,,33333,10,0,15 16,1,11,,33331,10,0,15 16,1,4,,33317,10,0,15 16,1,7,,33329,10,0,15 16,1,59,,33322,10,0,15 16,1,21,,33328,10,0,15 16,1,30,,33306,10,0,15 16,2,66,,33320,10,0,15 16,1,34,,33300,10,0,15 16,1,70,,33304,10,0,15 16,1,30,,33315,10,0,15 16,1,70,,33299,10,0,15 16,1,30,,33310,10,0,15 16,1,70,,33332,10,0,15 16,1,30,,33318,10,0,15 16,1,70,,33301,10,0,15 16,1,33,,33314,10,,,2,67,,33316,10,0,15 16,2,23,,33307,3,0,15 16,1,55,,33319,10,,,2,13,,33313,3,0,15 16,1,16,,33323,10,,,1,27,,33325,10,0,15 16,2,71,,33305,10,,,1,26,,33303,10,0,15 16,2,55,,33311,3,0,15 16,1,21,,33334,10,,,2,22,,33321,10,0,15 16,1,75,,33308,10,,,2,23,,33312,10,,,1,103,,33326,10,,,1,100,,33330,10,,,1,97,,33302,10,0,15 16,1
3600,'Semaine-4',849,,33369,3,,,1,100,,33370,3,,,1,100,,33368,3,,,1,100,,33371,3,,,1,99,,33373,3,,,1,101,,33374,3,,,1,98,,33372,3,,,1
3700,'Samedi-3',713,,33382,3,,,1,100,,33383,3,,,1,101,,33385,3,,,1,99,,33386,3,,,1,100,,33384,3,,,1,100,,33387,3,,,1,100,,33388,3,,,1,101,,33389,3,,,1,99,,33390,3,,,1,100,,33391,3,,,1,100,,33392,3,,,1,99,,33393,3,,,1,101,,33394,3,,,1,100,,33395,3,,,1,100,,33396,3,,,1,100,,33397,3,,,1,100,,33398,3,,,1,100,,33399,3,,,1
3700,'Dimanche-3',713,,33400,3,,,1,100,,33403,3,,,1,101,,33407,3,,,1,99,,33404,3,,,1,100,,33402,3,,,1,100,,33406,3,,,1,100,,33401,3,,,1,101,,33405,3,,,1,99,,33412,3,,,1,100,,33408,3,,,1,100,,33411,3,,,1,99,,33415,3,,,1,101,,33409,3,,,1,100,,33410,3,,,1,100,,33414,3,,,1,100,,33416,3,,,1,100,,33413,3,,,1,100,,33417,3,,,1
3700,'Semaine-4',629,,33439,3,,,1,80,,33445,3,,,1,30,,33436,3,,,1,70,,33420,3,,,1,30,,33434,3,,,1,90,,33426,3,,,1,100,,33422,3,,,1,100,,33423,3,,,1,98,,33424,3,,,1,102,,33425,3,,,1,100,,33431,3,,,1,86,,33432,3,,,1,15,,33433,3,,,1,15,,33419,3,,,1,55,,33441,3,,,1,25,,33428,3,,,1,30,,33437,3,,,1,64,,33427,3,,,1,30,,33421,3,,,1,70,,33418,3,,,1,30,,33429,3,,,1,70,,33444,3,,,1,30,,33435,3,,,1,75,,33446,3,,,1,100,,33442,3,,,1,100,,33430,3,,,1,100,,33440,3,,,1,99,,33443,3,,,1,13,,33438,3,,,1
3800,'Samedi-3',727,,33513,3,,,1,30,,33506,3,,,1,63,,33507,3,,,1,37,,33518,3,,,1,68,,33510,3,,,1,32,,33508,3,,,1,68,,33519,3,,,1,32,,33511,3,,,1,68,,33517,3,,,1,32,,33509,3,,,1,67,,33512,3,,,1,34,,33516,3,,,1,67,,33514,3,,,1,32,,33515,3,,,1,68,,33520,3,,,1,33,,33521,3,,,1,67,,33522,3,,,1,33,,33523,3,,,1,64,,33524,3,,,1,36,,33525,3,,,1,67,,33526,3,,,1,33,,33527,3,,,1,67,,33528,3,,,1,33,,33529,3,,,1,69,,33530,3,,,1,31,,33531,3,,,1,68,,33533,3,,,1,31,,33532,3,,,1,70,,33535,3,,,1,30,,33534,3,,,1,70,,33536,3,,,1,30,,33537,3,,,1,70,,33538,3,,,1
3800,'Dimanche-3',727,,33548,3,,,1,30,,33546,3,,,1,63,,33544,3,,,1,37,,33551,3,,,1,68,,33539,3,,,1,32,,33540,3,,,1,68,,33552,3,,,1,32,,33547,3,,,1,68,,33541,3,,,1,32,,33542,3,,,1,67,,33545,3,,,1,34,,33543,3,,,1,67,,33554,3,,,1,32,,33556,3,,,1,68,,33549,3,,,1,33,,33555,3,,,1,67,,33557,3,,,1,33,,33550,3,,,1,64,,33553,3,,,1,36,,33561,3,,,1,67,,33566,3,,,1,33,,33563,3,,,1,67,,33562,3,,,1,33,,33560,3,,,1,69,,33565,3,,,1,31,,33570,3,,,1,68,,33568,3,,,1,31,,33558,3,,,1,70,,33559,3,,,1,30,,33569,3,,,1,70,,33567,3,,,1,30,,33564,3,,,1,70,,33571,3,,,1
3800,'Semaine-4',639,,33588,3,,,1,20,,33604,3,,,1,71,,33599,3,,,1,29,,33612,3,,,1,70,,33609,3,,,1,30,,33585,3,,,1,60,,33581,3,,,1,20,,33592,3,,,1,20,,33577,3,,,1,60,,33601,3,,,1,20,,33586,3,,,1,20,,33582,3,,,1,60,,33593,3,,,1,20,,33578,3,,,1,20,,33600,3,,,1,60,,33611,3,,,1,20,,33583,3,,,1,20,,33594,3,,,1,60,,33602,3,,,1,20,,33613,3,,,1,20,,33587,3,,,1,60,,33584,3,,,1,20,,33595,3,,,1,69,,33608,3,,,1,32,,33573,3,,,1,71,,33597,3,,,1,34,,33606,3,,,1,65,,33596,3,,,1,28,,33610,3,,,1,71,,33576,3,,,1,30,,33607,3,,,1,70,,33590,3,,,1,30,,33598,3,,,1,70,,33603,3,,,1,30,,33605,3,,,1,70,,33589,3,,,1,30,,33575,3,,,1,70,,33591,3,,,1,30,,33579,3,,,1,70,,33574,3,,,1,30,,33572,3,,,1,70,,33580,3,,,1
5500,'Samedi-3',649,,34202,3,,,1,70,,34199,3,,,1,30,,34200,3,,,1,70,,34203,3,,,1,30,,34201,3,,,1,69,,34208,3,,,1,28,,34205,3,,,1,70,,34206,3,,,1,35,,34211,3,,,1,66,,34210,3,,,1,28,,34204,3,,,1,70,,34207,3,,,1,30,,34209,3,,,1,74,,34212,3,,,1,30,,34213,3,,,1,70,,34214,3,,,1,30,,34215,3,,,1,69,,34216,3,,,1,30,,34217,3,,,1,68,,34218,3,,,1,30,,34219,3,,,1,70,,34220,3,,,1,32,,34221,3,,,1,68,,34222,3,,,1,32,,34224,3,,,1,73,,34223,3,,,1,27,,34225,3,,,1,70,,34227,3,,,1,31,,34226,3,,,1,71,,34228,3,,,1,28,,34229,3,,,1,70,,34232,3,,,1,30,,34234,3,,,1,70,,34231,3,,,1,31,,34230,3,,,1,69,,34233,3,,,1
5500,'Dimanche-3',649,,34237,3,,,1,70,,34242,3,,,1,30,,34246,3,,,1,70,,34240,3,,,1,30,,34238,3,,,1,69,,34243,3,,,1,28,,34245,3,,,1,70,,34239,3,,,1,35,,34235,3,,,1,66,,34236,3,,,1,28,,34248,3,,,1,70,,34252,3,,,1,30,,34250,3,,,1,74,,34247,3,,,1,30,,34241,3,,,1,70,,34255,3,,,1,30,,34256,3,,,1,69,,34257,3,,,1,30,,34251,3,,,1,68,,34264,3,,,1,30,,34261,3,,,1,70,,34249,3,,,1,32,,34269,3,,,1,68,,34263,3,,,1,32,,34244,3,,,1,73,,34267,3,,,1,27,,34260,3,,,1,70,,34253,3,,,1,31,,34258,3,,,1,71,,34254,3,,,1,28,,34265,3,,,1,70,,34262,3,,,1,30,,34259,3,,,1,70,,34268,3,,,1,31,,34266,3,,,1,70,,34270,3,,,1
5500,'Semaine-4',545,,34273,3,,,1,102,,34289,3,,,1,101,,34272,3,,,1,99,,34308,3,,,1,70,,34309,3,,,1,30,,34278,3,,,1,69,,34288,3,,,1,31,,34292,3,,,1,70,,34314,3,,,1,30,,34274,3,,,1,70,,34313,3,,,1,30,,34291,3,,,1,70,,34306,3,,,1,29,,34300,3,,,1,63,,34307,3,,,1,15,,34293,3,,,1,15,,34271,3,,,1,11,,34312,3,,,1,56,,34282,3,,,1,15,,34315,3,,,1,14,,34303,3,,,1,10,,34275,3,,,1,13,,34286,3,,,1,54,,34318,3,,,1,13,,34311,3,,,1,11,,34277,3,,,1,12,,34294,3,,,1,11,,34287,3,,,1,52,,34316,3,,,1,12,,34301,3,,,1,11,,34281,3,,,1,12,,34276,3,,,1,10,,34317,3,,,1,52,,34285,3,,,1,12,,34280,3,,,1,10,,34290,3,,,1,70,,34305,3,,,1,30,,34310,3,,,1,70,,34297,3,,,1,30,,34283,3,,,1,70,,34304,3,,,1,30,,34295,3,,,1,70,,34298,3,,,1,30,,34284,3,,,1,70,,34299,3,,,1,30,,34296,3,,,1,29,,34279,3,,,1,69,,34302,3,,,1
5900,'Samedi-3',703,,34466,3,,,1,30,,34469,3,,,1,70,,34462,3,,,1,30,,34468,3,,,1,70,,34465,3,,,1,30,,34470,3,,,1,70,,34474,3,,,1,30,,34475,3,,,1,70,,34464,3,,,1,30,,34463,3,,,1,71,,34473,3,,,1,30,,34467,3,,,1,70,,34471,3,,,1,30,,34476,3,,,1,70,,34472,3,,,1,30,,34477,3,,,1,70,,34478,3,,,1,30,,34479,3,,,1,70,,34480,3,,,1,30,,34481,3,,,1,70,,34482,3,,,1,30,,34483,3,,,1,69,,34484,3,,,1,30,,34485,3,,,1,70,,34486,3,,,1,30,,34488,3,,,1,70,,34487,3,,,1,30,,34490,3,,,1,70,,34489,3,,,1,30,,34491,3,,,1,70,,34492,3,,,1,30,,34494,3,,,1,70,,34493,3,,,1,30,,34495,3,,,1
5900,'Dimanche-3',703,,34502,3,,,1,30,,34497,3,,,1,70,,34500,3,,,1,30,,34505,3,,,1,70,,34509,3,,,1,30,,34498,3,,,1,70,,34501,3,,,1,30,,34507,3,,,1,70,,34508,3,,,1,30,,34496,3,,,1,71,,34499,3,,,1,30,,34504,3,,,1,70,,34506,3,,,1,30,,34503,3,,,1,70,,34511,3,,,1,30,,34516,3,,,1,70,,34510,3,,,1,30,,34521,3,,,1,70,,34522,3,,,1,30,,34513,3,,,1,70,,34517,3,,,1,30,,34528,3,,,1,69,,34512,3,,,1,30,,34518,3,,,1,70,,34514,3,,,1,30,,34519,3,,,1,70,,34524,3,,,1,30,,34525,3,,,1,70,,34515,3,,,1,30,,34529,3,,,1,70,,34523,3,,,1,30,,34520,3,,,1,70,,34527,3,,,1,30,,34526,3,,,1
5900,'Semaine-4',617,,34537,3,,,1,100,,34572,3,,,1,100,,34553,3,,,1,85,,34549,3,,,1,30,,34570,3,,,1,70,,34546,3,,,1,30,,34569,3,,,1,70,,34560,3,,,1,30,,34554,3,,,1,70,,34562,3,,,1,29,,34545,3,,,1,71,,34573,3,,,1,30,,34536,3,,,1,70,,34567,3,,,1,13,,34538,3,,,1,17,,34571,3,,,1,69,,34531,3,,,1,14,,34575,3,,,1,16,,34530,3,,,1,7,,34565,3,,,1,14,,34561,3,,,1,52,,34548,3,,,1,16,,34532,3,,,1,10,,34533,3,,,1,12,,34541,3,,,1,12,,34568,3,,,1,52,,34557,3,,,1,11,,34544,3,,,1,12,,34566,3,,,1,12,,34552,3,,,1,12,,34564,3,,,1,49,,34534,3,,,1,12,,34539,3,,,1,31,,34559,3,,,1,70,,34550,3,,,1,30,,34555,3,,,1,70,,34543,3,,,1,30,,34551,3,,,1,70,,34556,3,,,1,30,,34563,3,,,1,70,,34540,3,,,1,30,,34558,3,,,1,70,,34547,3,,,1,30,,34535,3,,,1,70,,34542,3,,,1
6700,'Samedi-3',705,,35170,3,,,2,100,,35169,3,,,1,100,,35168,3,,,1,30,,35164,3,,,1,70,,35172,3,,,1,30,,35165,3,,,1,70,,35166,3,,,1,31,,35171,3,,,1,70,,35176,3,,,1,30,,35167,3,,,1,70,,35175,3,,,1,30,,35173,3,,,1,70,,35174,3,,,1,30,,35177,3,,,2,70,,35178,3,,,2,30,,35179,3,,,1,70,,35180,3,,,1,30,,35181,3,,,2,70,,35182,3,,,2,30,,35183,3,,,1,70,,35184,3,,,1,29,,35185,3,,,2,70,,35186,3,,,1,30,,35187,3,,,1,100,,35191,3,,,2,100,,35188,3,,,1,100,,35189,3,,,1,100,,35190,3,,,1
6700,'Dimanche-3',705,,35198,3,,,2,100,,35192,3,,,1,100,,35195,3,,,1,30,,35197,3,,,1,70,,35203,3,,,1,30,,35200,3,,,1,70,,35206,3,,,1,31,,35208,3,,,1,70,,35202,3,,,1,30,,35204,3,,,1,70,,35193,3,,,1,30,,35194,3,,,1,70,,35196,3,,,1,30,,35199,3,,,2,70,,35205,3,,,2,30,,35201,3,,,1,70,,35207,3,,,1,30,,35216,3,,,2,70,,35215,3,,,2,30,,35211,3,,,1,70,,35209,3,,,1,29,,35219,3,,,2,70,,35210,3,,,1,30,,35217,3,,,1,100,,35214,3,,,2,100,,35213,3,,,1,100,,35212,3,,,1,100,,35218,3,,,1
6700,'Semaine-4',605,,35228,3,,,1,31,,35222,3,,,1,66,,35230,3,,,1,24,,35239,3,,,1,18,,35223,3,,,2,57,,35248,3,,,1,30,,35233,3,,,1,73,,35241,3,,,1,20,,35231,3,,,1,19,,35251,3,,,1,60,,35249,3,,,1,20,,35236,3,,,1,21,,35252,3,,,2,60,,35242,3,,,1,20,,35245,3,,,1,20,,35253,3,,,1,60,,35250,3,,,1,20,,35237,3,,,1,20,,35254,3,,,1,60,,35243,3,,,1,20,,35246,3,,,1,20,,35255,3,,,1,60,,35235,3,,,1,20,,35238,3,,,1,15,,35256,3,,,1,370,,35258,3,,,1,15,,35232,3,,,2,20,,35257,3,,,2,59,,35240,3,,,1,30,,35220,3,,,2,70,,35244,3,,,1,30,,35224,3,,,2,70,,35247,3,,,1,30,,35221,3,,,2,71,,35229,3,,,1,29,,35225,3,,,1,70,,35234,3,,,2,30,,35227,3,,,1,70,,35226,3,,,1
8500,'Semaine-4',1506,,36192,3,,,2,18,,36187,3,,,1,17,,36184,3,,,1,14,,36193,3,,,2,55,,36183,3,,,1,17,,36186,3,,,1,14,,36191,3,,,1,18,,36189,3,,,2,60,,36188,3,,,2,20,,36185,3,,,2,20,,36190,3,,,1
8700,'Semaine-4',1458,,36213,7,,,2,57,,36212,7,,,2,20,,36205,7,,,2,15,,36207,7,,,1,55,,36204,7,,,1,15,,36214,7,,,2,15,,36210,7,,,1,16,,36211,7,,,1,58,,36206,7,,,1,20,,36209,7,,,1,20,,36208,7,,,1
20000,'Semaine-4',1505,,36395,3,,,1,6,,36396,3,,,1,5,,36419,3,,,1,5,,36397,3,,,1,5,,36398,3,,,1,5,,36424,3,,,1,5,,36399,3,,,1,5,,36401,3,,,1,6,,36402,3,,,1,4,,36403,3,,,1,5,,36405,3,,,1,45,,36406,3,,,1,5,,36400,3,,,1,5,,36423,3,,,1,5,,36404,3,,,1,6,,36407,3,,,1,4,,36408,3,,,1,5,,36409,3,,,1,5,,36410,3,,,1,5,,36422,3,,,1,5,,36411,3,,,1,5,,36420,3,,,1,5,,36412,3,,,1,45,,36413,3,,,1,5,,36415,3,,,1,5,,36414,3,,,1,5,,36416,3,,,1,5,,36417,3,,,1,5,,36418,3,,,1,5,,36421,3,,,1
37100,'Samedi-3',743,,36470,3,,,1,101,,36474,3,,,1,99,,36469,3,,,1,100,,36475,3,,,1,100,,36471,3,,,1,100,,36472,3,,,1,100,,36473,3,,,1,100,,36476,3,,,1,100,,36477,3,,,1,100,,36478,3,,,1,100,,36479,3,,,1,100,,36480,3,,,1,100,,36481,3,,,1,100,,36482,3,,,1,100,,36483,3,,,1,100,,36484,3,,,1,100,,36485,3,,,1
37100,'Dimanche-3',743,,36486,3,,,1,101,,36492,3,,,1,99,,36493,3,,,1,100,,36494,3,,,1,100,,36487,3,,,1,100,,36489,3,,,1,100,,36488,3,,,1,100,,36490,3,,,1,100,,36491,3,,,1,100,,36496,3,,,1,100,,36501,3,,,1,100,,36495,3,,,1,100,,36497,3,,,1,100,,36502,3,,,1,100,,36500,3,,,1,100,,36498,3,,,1,100,,36499,3,,,1
37100,'Semaine-4',647,,36516,3,,,1,73,,36513,3,,,1,31,,36509,3,,,1,68,,36504,3,,,1,90,,36523,3,,,1,100,,36508,3,,,1,100,,36510,3,,,1,100,,36522,3,,,1,100,,36517,3,,,1,100,,36506,3,,,1,50,,36518,3,,,1,58,,36527,3,,,1,17,,36507,3,,,1,15,,36528,3,,,1,66,,36503,3,,,1,20,,36512,3,,,1,69,,36519,3,,,1,25,,36525,3,,,1,30,,36524,3,,,1,70,,36514,3,,,1,30,,36526,3,,,1,70,,36529,3,,,1,30,,36515,3,,,1,95,,36511,3,,,1,100,,36521,3,,,1,100,,36520,3,,,1,100,,36505,3,,,1
40000,'Samedi-3',557,,36589,3,,,1,60,,36590,3,,,1,15,,36593,3,,,1,15,,36598,3,,,1,55,,36607,3,,,1,15,,36608,3,,,1,15,,36591,3,,,1,15,,36595,3,,,1,55,,36592,3,,,1,15,,36616,3,,,1,15,,36594,3,,,1,15,,36597,3,,,1,55,,36596,3,,,1,15,,36599,3,,,1,15,,36617,3,,,1,15,,36615,3,,,1,55,,36618,3,,,1,16,,36600,3,,,1,14,,36602,3,,,1,15,,36605,3,,,1,55,,36606,3,,,1,15,,36601,3,,,1,15,,36612,3,,,1,15,,36614,3,,,1,55,,36619,3,,,1,15,,36604,3,,,1,15,,36603,3,,,1,15,,36609,3,,,1,56,,36610,3,,,1,15,,36611,3,,,1,15,,36620,3,,,1,15,,36613,3,,,1,55,,36621,3,,,1,15,,36622,3,,,1,15,,36623,3,,,1,15,,36624,3,,,1,55,,36625,3,,,1,15,,36626,3,,,1,15,,36627,3,,,1,15,,36628,3,,,1,55,,36629,3,,,1,15,,36630,3,,,1,15,,36631,3,,,1,15,,36632,3,,,1,55,,36633,3,,,1,14,,36634,3,,,1,16,,36635,3,,,1,15,,36636,3,,,1,55,,36642,3,,,1,15,,36637,3,,,1,15,,36638,3,,,1,15,,36639,3,,,1,54,,36640,3,,,1,15,,36641,3,,,1,15,,36645,3,,,1,16,,36643,3,,,1,54,,36644,3,,,1,16,,36649,3,,,1,14,,36648,3,,,1,15,,36647,3,,,1,55,,36646,3,,,1,15,,36653,3,,,1,15,,36650,3,,,1,15,,36651,3,,,1,55,,36652,3,,,1,15,,36660,3,,,1,15,,36655,3,,,1,15,,36654,3,,,1,55,,36656,3,,,1,15,,36657,3,,,1,15,,36658,3,,,1,15,,36659,3,,,1,55,,36661,3,,,1
40000,'Dimanche-3',557,,36662,3,,,1,60,,36664,3,,,1,15,,36669,3,,,1,15,,36675,3,,,1,55,,36677,3,,,1,15,,36663,3,,,1,15,,36666,3,,,1,15,,36673,3,,,1,55,,36680,3,,,1,15,,36684,3,,,1,15,,36668,3,,,1,15,,36676,3,,,1,55,,36687,3,,,1,15,,36665,3,,,1,15,,36667,3,,,1,15,,36674,3,,,1,55,,36681,3,,,1,16,,36682,3,,,1,14,,36698,3,,,1,15,,36697,3,,,1,55,,36688,3,,,1,15,,36679,3,,,1,15,,36689,3,,,1,15,,36692,3,,,1,55,,36701,3,,,1,15,,36670,3,,,1,15,,36699,3,,,1,15,,36696,3,,,1,56,,36700,3,,,1,15,,36678,3,,,1,15,,36671,3,,,1,15,,36702,3,,,1,55,,36693,3,,,1,15,,36685,3,,,1,15,,36683,3,,,1,15,,36690,3,,,1,55,,36695,3,,,1,15,,36705,3,,,1,15,,36672,3,,,1,15,,36707,3,,,1,55,,36694,3,,,1,15,,36686,3,,,1,15,,36717,3,,,1,15,,36691,3,,,1,55,,36726,3,,,1,14,,36712,3,,,1,16,,36716,3,,,1,15,,36732,3,,,1,55,,36723,3,,,1,15,,36704,3,,,1,15,,36718,3,,,1,15,,36708,3,,,1,54,,36725,3,,,1,15,,36711,3,,,1,15,,36715,3,,,1,16,,36731,3,,,1,54,,36724,3,,,1,16,,36703,3,,,1,13,,36728,3,,,1,16,,36722,3,,,1,55,,36730,3,,,1,15,,36706,3,,,1,15,,36710,3,,,1,15,,36714,3,,,1,55,,36720,3,,,1,15,,36734,3,,,1,15,,36727,3,,,1,15,,36721,3,,,1,55,,36729,3,,,1,15,,36733,3,,,1,15,,36709,3,,,1,15,,36713,3,,,1,55,,36719,3,,,1
40000,'Semaine-4',533,,36735,3,,,1,15,,36741,3,,,1,55,,36764,3,,,1,15,,36779,3,,,1,15,,36769,3,,,1,15,,36827,3,,,1,9,,36799,3,,,1,50,,36751,3,,,1,13,,36798,3,,,1,15,,36793,3,,,1,11,,36794,3,,,1,11,,36749,3,,,1,52,,36771,3,,,1,12,,36773,3,,,1,12,,36820,3,,,1,12,,36790,3,,,1,12,,36744,3,,,1,55,,36753,3,,,1,7,,36739,3,,,1,10,,36742,3,,,1,10,,36795,3,,,1,10,,36761,3,,,1,10,,36774,3,,,1,50,,36767,3,,,1,10,,36768,3,,,1,10,,36800,3,,,1,10,,36780,3,,,1,10,,36791,3,,,1,10,,36745,3,,,1,50,,36754,3,,,1,10,,36743,3,,,1,11,,36821,3,,,1,12,,36796,3,,,1,7,,36762,3,,,1,10,,36775,3,,,1,50,,36766,3,,,1,10,,36758,3,,,1,10,,36787,3,,,1,11,,36770,3,,,1,2,,36781,3,,,1,7,,36792,3,,,1,51,,36746,3,,,1,10,,36756,3,,,1,10,,36748,3,,,1,10,,36738,3,,,1,10,,36797,3,,,1,10,,36778,3,,,1,50,,36776,3,,,1,6,,36788,3,,,1,6,,36765,3,,,1,6,,36757,3,,,1,6,,36805,3,,,1,8,,36806,3,,,1,3,,36807,3,,,1,5,,36808,3,,,1,5,,36809,3,,,1,5,,36819,3,,,1,4,,36825,3,,,1,4,,36810,3,,,1,277,,36811,3,,,1,4,,36812,3,,,1,5,,36813,3,,,1,6,,36814,3,,,1,5,,36826,3,,,1,45,,36815,3,,,1,6,,36816,3,,,1,10,,36817,3,,,1,12,,36818,3,,,1,12,,36782,3,,,1,12,,36783,3,,,1,52,,36777,3,,,1,12,,36803,3,,,1,12,,36786,3,,,1,12,,36772,3,,,1,12,,36750,3,,,1,52,,36822,3,,,1,12,,36755,3,,,1,12,,36823,3,,,1,12,,36763,3,,,1,12,,36784,3,,,1,52,,36824,3,,,1,14,,36760,3,,,1,15,,36804,3,,,1,15,,36802,3,,,1,55,,36747,3,,,1,15,,36736,3,,,1,15,,36752,3,,,1,15,,36785,3,,,1,55,,36759,3,,,1,14,,36789,3,,,1,15,,36801,3,,,1,13,,36740,3,,,1,57,,36737,3,,,1
