6300,'Samedi-3',1103,,34734,30,,,1,100,,34736,30,,,1,100,,34737,30,,,1,100,,34735,30,,,1,100,,34738,30,,,1,100,,34739,30,,,1,100,,34740,30,,,1,100,,34741,30,,,2
6300,'Dimanche-3',1103,,34744,30,,,1,100,,34742,30,,,1,100,,34746,30,,,1,100,,34743,30,,,1,100,,34745,30,,,1,100,,34747,30,,,1,100,,34749,30,,,1,100,,34748,30,,,2
6300,'Semaine-4',642,,34757,30,,,1,79,,34758,30,,,1,30,,34767,30,,,1,72,,34751,30,,,1,29,,34763,30,,,1,70,,34759,30,,,1,97,,34766,30,,,1,100,,34768,30,,,1,100,,34769,30,,,1,100,,34750,30,,,1,100,,34764,30,,,1,100,,34753,30,,,1,32,,34770,30,,,1,70,,34761,30,,,1,30,,34755,30,,,2,68,,34756,30,,,2,30,,34752,30,,,1,83,,34754,30,,,2,100,,34762,30,,,1,100,,34765,30,,,1,100,,34760,30,,,2
6700,'Samedi-3',736,,35170,43,,,2,102,,35169,43,,,1,100,,35168,43,,,1,71,,35164,43,,,1,30,,35172,43,,,1,70,,35165,43,,,1,30,,35166,43,,,1,72,,35171,43,,,1,30,,35176,43,,,1,70,,35167,43,,,1,30,,35175,43,,,1,70,,35173,43,,,1,30,,35174,43,,,1,72,,35177,43,,,2,30,,35178,43,,,2,70,,35179,43,,,1,30,,35180,43,,,1,69,,35181,43,,,2,30,,35182,43,,,2,69,,35183,43,,,1,30,,35184,43,,,1,70,,35185,43,,,2,28,,35186,43,,,1,70,,35187,43,,,1,99,,35191,43,,,2,101,,35188,43,,,1,99,,35189,43,,,1,99,,35190,43,,,1
6700,'Dimanche-3',736,,35198,43,,,2,102,,35192,43,,,1,100,,35195,43,,,1,71,,35197,43,,,1,30,,35203,43,,,1,70,,35200,43,,,1,30,,35206,43,,,1,72,,35208,43,,,1,30,,35202,43,,,1,70,,35204,43,,,1,30,,35193,43,,,1,70,,35194,43,,,1,30,,35196,43,,,1,72,,35199,43,,,2,30,,35205,43,,,2,70,,35201,43,,,1,30,,35207,43,,,1,69,,35216,43,,,2,30,,35215,43,,,2,69,,35211,43,,,1,30,,35209,43,,,1,70,,35219,43,,,2,28,,35210,43,,,1,70,,35217,43,,,1,99,,35214,43,,,2,101,,35213,43,,,1,99,,35212,43,,,1,99,,35218,43,,,1
6700,'Semaine-4',640,,35228,43,,,1,70,,35222,43,,,1,30,,35230,43,,,1,62,,35239,43,,,1,18,,35223,43,,,2,17,,35248,43,,,1,70,,35233,43,,,1,31,,35241,43,,,1,20,,35231,43,,,1,59,,35251,43,,,1,20,,35249,43,,,1,20,,35236,43,,,1,61,,35252,43,,,2,20,,35242,43,,,1,20,,35245,43,,,1,60,,35253,43,,,1,20,,35250,43,,,1,20,,35237,43,,,1,60,,35254,43,,,1,20,,35243,43,,,1,20,,35246,43,,,1,60,,35255,43,,,1,22,,35235,43,,,1,60,,35238,43,,,1,18,,35256,43,,,1,330,,35258,43,,,1,55,,35232,43,,,2,15,,35257,43,,,2,19,,35240,43,,,1,70,,35220,43,,,2,30,,35244,43,,,1,70,,35224,43,,,2,30,,35247,43,,,1,70,,35221,43,,,2,30,,35229,43,,,1,69,,35225,43,,,1,28,,35234,43,,,2,68,,35227,43,,,1,29,,35226,43,,,1
7501,'Samedi-3',650,,35834,31,,,1,100,,35833,31,,,2,100,,35839,31,,,2,100,,35837,31,,,1,100,,35838,31,,,1,101,,35835,31,,,2,100,,35836,31,,,1,99,,35840,31,,,2,101,,35841,31,,,1,100,,35842,31,,,1,98,,35843,31,,,2,100,,35844,31,,,1,100,,35845,31,,,2,100,,35846,31,,,1,100,,35847,31,,,2,100,,35848,31,,,2,100,,35849,31,,,2,101,,35850,31,,,2
7501,'Dimanche-3',650,,35851,31,,,1,100,,35855,31,,,2,100,,35856,31,,,2,100,,35859,31,,,1,100,,35861,31,,,1,101,,35854,31,,,2,100,,35858,31,,,1,99,,35853,31,,,2,101,,35857,31,,,1,100,,35852,31,,,1,98,,35862,31,,,2,100,,35860,31,,,1,100,,35863,31,,,2,100,,35868,31,,,1,100,,35867,31,,,2,100,,35864,31,,,2,100,,35865,31,,,2,101,,35866,31,,,2
7501,'Semaine-4',600,,35892,31,,,2,30,,35886,31,,,2,20,,35873,31,,,1,55,,35899,31,,,1,17,,35874,31,,,1,14,,35897,31,,,1,16,,35888,31,,,1,57,,35887,31,,,1,21,,35898,31,,,1,19,,35889,31,,,2,57,,35884,31,,,1,32,,35869,31,,,1,66,,35879,31,,,1,35,,35870,31,,,1,70,,35880,31,,,1,30,,35900,31,,,1,70,,35885,31,,,1,30,,35894,31,,,1,70,,35901,31,,,1,30,,35895,31,,,1,70,,35875,31,,,2,30,,35893,31,,,2,71,,35881,31,,,1,32,,35896,31,,,1,71,,35882,31,,,1,102,,35883,31,,,1,98,,35871,31,,,1,100,,35872,31,,,1,40,,35876,31,,,1,100,,35877,31,,,1,100,,35891,31,,,1,100,,35890,31,,,1,100,,35878,31,,,2
8700,'Semaine-4',1539,,36213,41,,,2,17,,36212,41,,,2,60,,36205,41,,,2,15,,36207,41,,,1,14,,36204,41,,,1,55,,36214,41,,,2,15,,36210,41,,,1,14,,36211,41,,,1,18,,36206,41,,,1,57,,36209,41,,,1,19,,36208,41,,,1
