3100,'Samedi-0-_26ÉTÉ-0000010-',719,,27040,8,,,1,30,,27041,8,,,1,101,,27042,8,,,1,101,,27039,8,,,1,102,,27045,8,,,1,100,,27046,8,,,1,101,,27043,8,,,1,100,,27044,8,,,1,100,,27047,8,,,1,102,,27048,8,,,1,98,,27049,8,,,1,100,,27050,8,,,1,94,,27056,8,,,1,100,,27051,8,,,1,99,,27052,8,,,1,100,,27053,8,,,1,100,,27054,8,,,1,100,,27055,8,,,1,97,,27057,8,,,1
3100,'Dimanche-0-_26ÉTÉ-0000001-',719,,27062,8,,,1,30,,27063,8,,,1,101,,27064,8,,,1,101,,27065,8,,,1,102,,27058,8,,,1,100,,27059,8,,,1,101,,27060,8,,,1,100,,27061,8,,,1,100,,27067,8,,,1,102,,27068,8,,,1,98,,27066,8,,,1,100,,27069,8,,,1,94,,27072,8,,,1,100,,27076,8,,,1,99,,27070,8,,,1,100,,27071,8,,,1,100,,27074,8,,,1,100,,27073,8,,,1,97,,27075,8,,,1
3100,'Dimanche-10-_26ÉTÉ-0000001-',719,,31536,8,,,1,30,,31537,8,,,1,101,,31538,8,,,1,101,,31539,8,,,1,102,,31532,8,,,1,100,,31533,8,,,1,101,,31534,8,,,1,100,,31535,8,,,1,100,,31541,8,,,1,102,,31542,8,,,1,98,,31540,8,,,1,100,,31543,8,,,1,94,,31546,8,,,1,100,,31550,8,,,1,99,,31544,8,,,1,100,,31545,8,,,1,100,,31548,8,,,1,100,,31547,8,,,1,97,,31549,8,,,1
3100,'Semaine-1-_26ÉTÉ-1111100-',603,,24636,8,,,1,35,,24671,8,,,1,70,,24649,8,,,1,30,,24637,8,,,1,20,,24677,8,,,1,53,,24674,8,,,1,21,,24633,8,,,1,16,,24646,8,,,1,57,,24647,8,,,1,12,,24663,8,,,1,19,,24638,8,,,1,21,,24640,8,,,1,60,,24657,8,,,1,20,,24658,8,,,1,20,,24664,8,,,1,60,,24639,8,,,1,20,,24644,8,,,1,21,,24665,8,,,1,60,,24672,8,,,1,20,,24660,8,,,1,20,,24641,8,,,1,60,,24634,8,,,1,17,,24670,8,,,1,22,,24675,8,,,1,59,,24659,8,,,1,20,,24642,8,,,1,19,,24662,8,,,1,63,,24666,8,,,1,21,,24673,8,,,1,20,,24661,8,,,1,54,,24643,8,,,1,21,,24654,8,,,1,20,,24656,8,,,1,62,,24645,8,,,1,4,,24632,1,,,1,14,,24650,8,,,1,21,,24635,8,,,1,56,,24668,8,,,1,18,,24676,8,,,1,26,,24651,8,,,1,97,,24669,8,,,1,101,,24652,8,,,1,100,,24648,8,,,1,99,,24653,8,,,1,102,,24655,8,,,1,103,,24667,8,,,1
3100,'Semaine-10-_26ÉTÉ-1111100-',603,,27081,8,,,1,35,,27116,8,,,1,70,,27094,8,,,1,30,,27082,8,,,1,20,,27122,8,,,1,53,,27119,8,,,1,21,,27078,8,,,1,16,,27091,8,,,1,57,,27092,8,,,1,12,,27108,8,,,1,19,,27083,8,,,1,21,,27085,8,,,1,60,,27102,8,,,1,20,,27103,8,,,1,20,,27109,8,,,1,60,,27084,8,,,1,20,,27089,8,,,1,21,,27110,8,,,1,60,,27117,8,,,1,20,,27105,8,,,1,20,,27086,8,,,1,60,,27079,8,,,1,17,,27115,8,,,1,22,,27120,8,,,1,59,,27104,8,,,1,20,,27087,8,,,1,19,,27107,8,,,1,63,,27111,8,,,1,21,,27118,8,,,1,20,,27106,8,,,1,54,,27088,8,,,1,21,,27099,8,,,1,20,,27101,8,,,1,62,,27090,8,,,1,4,,27077,1,,,1,14,,27095,8,,,1,21,,27080,8,,,1,56,,27113,8,,,1,18,,27121,8,,,1,26,,27096,8,,,1,97,,27114,8,,,1,101,,27097,8,,,1,100,,27093,8,,,1,99,,27098,8,,,1,102,,27100,8,,,1,103,,27112,8,,,1
3200,'Semaine-1-_26ÉTÉ-1111100-',610,,24764,1,,,1,30,,24763,1,,,2,71,,24759,1,,,2,30,,24761,1,,,2,70,,24760,1,,,1,30,,24762,1,,,2,70,,24735,1,,,1,30,,24730,1,,,2,70,,24731,1,,,1,30,,24742,1,,,2,70,,24736,1,,,1,30,,24722,1,,,1,70,,24723,1,,,1,30,,24734,1,,,2,70,,24737,1,,,1,30,,24743,1,,,1,70,,24724,1,,,1,30,,24769,1,,,2,16,,24721,1,,,2,50,,24751,1,,,1,8,,24741,1,,,1,12,,24747,1,,,2,10,,24748,1,,,1,10,,24766,1,,,1,10,,24767,1,,,2,50,,24768,1,,,1,10,,24765,1,,,1,11,,24738,1,,,1,11,,24749,1,,,1,8,,24757,1,,,2,53,,24750,1,,,2,9,,24727,1,,,1,8,,24758,1,,,2,10,,24744,1,,,1,10,,24746,1,,,1,10,,24745,1,,,1,61,,24739,1,,,1,25,,24733,1,,,1,70,,24728,1,,,1,30,,24725,1,,,1,70,,24740,1,,,1,30,,24732,1,,,1,70,,24729,1,,,1,30,,24726,1,,,1,70,,24752,1,,,1,29,,24753,1,,,1,71,,24754,1,,,2,30,,24755,1,,,1,70,,24756,1,,,1
3200,'Semaine-10-_26ÉTÉ-1111100-',610,,27245,1,,,1,30,,27244,1,,,2,71,,27240,1,,,2,30,,27242,1,,,2,70,,27241,1,,,1,30,,27243,1,,,2,70,,27216,1,,,1,30,,27211,1,,,2,70,,27212,1,,,1,30,,27223,1,,,2,70,,27217,1,,,1,30,,27203,1,,,1,70,,27204,1,,,1,30,,27215,1,,,2,70,,27218,1,,,1,30,,27224,1,,,1,70,,27205,1,,,1,30,,27250,1,,,1,16,,27202,1,,,2,50,,27232,1,,,1,8,,27222,1,,,1,12,,27228,1,,,2,10,,27229,1,,,1,10,,27247,1,,,1,10,,27248,1,,,2,50,,27249,1,,,1,10,,27246,1,,,1,11,,27219,1,,,1,11,,27230,1,,,1,8,,27238,1,,,2,53,,27231,1,,,2,9,,27208,1,,,1,8,,27239,1,,,2,10,,27225,1,,,1,10,,27227,1,,,1,10,,27226,1,,,1,61,,27220,1,,,1,25,,27214,1,,,1,70,,27209,1,,,1,30,,27206,1,,,1,70,,27221,1,,,1,30,,27213,1,,,1,70,,27210,1,,,1,30,,27207,1,,,1,70,,27233,1,,,1,29,,27234,1,,,1,71,,27235,1,,,2,30,,27236,1,,,1,70,,27237,1,,,1
3300,'Samedi-0-_26ÉTÉ-0000010-',645,,27303,8,,,1,172,,27308,8,,,1,99,,27305,8,,,1,98,,27309,8,,,1,100,,27304,8,,,1,100,,27307,8,,,1,100,,27306,8,,,1,100,,27310,8,,,1,103,,27311,8,,,1,97,,27312,8,,,1,100,,27313,8,,,1,100,,27314,8,,,1,98,,27315,8,,,1,100,,27319,8,,,1,100,,27316,8,,,1,100,,27317,8,,,1,100,,27318,8,,,1,100,,27320,8,,,1
3300,'Dimanche-0-_26ÉTÉ-0000001-',645,,27322,8,,,1,172,,27321,8,,,1,99,,27324,8,,,1,98,,27326,8,,,1,100,,27327,8,,,1,100,,27328,8,,,1,100,,27323,8,,,1,100,,27330,8,,,1,103,,27325,8,,,1,97,,27331,8,,,1,100,,27334,8,,,1,100,,27338,8,,,1,98,,27335,8,,,1,100,,27329,8,,,1,100,,27332,8,,,1,100,,27337,8,,,1,100,,27333,8,,,1,100,,27336,8,,,1
3300,'Dimanche-10-_26ÉTÉ-0000001-',645,,31570,8,,,1,172,,31569,8,,,1,99,,31572,8,,,1,98,,31574,8,,,1,100,,31575,8,,,1,100,,31576,8,,,1,100,,31571,8,,,1,100,,31578,8,,,1,103,,31573,8,,,1,97,,31579,8,,,1,100,,31582,8,,,1,100,,31586,8,,,1,98,,31583,8,,,1,100,,31577,8,,,1,100,,31580,8,,,1,100,,31585,8,,,1,100,,31581,8,,,1,100,,31584,8,,,1
3300,'Semaine-1-_26ÉTÉ-1111100-',610,,24849,1,,,1,33,,24848,8,,,2,62,,24854,8,,,2,15,,24827,8,,,2,22,,24842,8,,,2,63,,24850,8,,,2,4,,24861,8,,,1,9,,24862,8,,,1,33,,24855,8,,,2,52,,24837,8,,,1,10,,24840,8,,,2,14,,24857,8,,,1,30,,24843,8,,,1,67,,24832,8,,,1,31,,24838,8,,,2,68,,24822,8,,,1,31,,24845,8,,,1,69,,24833,8,,,1,32,,24841,8,,,1,60,,24860,8,,,1,6,,24844,8,,,1,28,,24847,8,,,1,69,,24834,8,,,1,15,,24856,1,,,1,16,,24852,8,,,1,74,,24846,8,,,1,12,,24824,8,,,1,19,,24836,8,,,1,59,,24859,8,,,2,13,,24858,8,,,2,12,,24853,1,,,1,21,,24831,8,,,1,68,,24830,8,,,1,23,,24835,8,,,2,66,,24823,8,,,2,27,,24828,8,,,1,72,,24863,1,,,1,40,,24839,8,,,1,97,,24829,8,,,1,80,,24825,8,,,1,105,,24851,8,,,1,97,,24864,8,,,1,25,,24826,8,,,1
3300,'Semaine-10-_26ÉTÉ-1111100-',610,,27366,1,,,1,33,,27365,8,,,2,62,,27371,8,,,2,15,,27344,8,,,2,22,,27359,8,,,2,63,,27367,8,,,2,4,,27378,8,,,1,9,,27379,8,,,1,33,,27372,8,,,2,52,,27354,8,,,1,10,,27357,8,,,2,14,,27374,8,,,1,30,,27360,8,,,1,67,,27349,8,,,1,31,,27355,8,,,2,68,,27339,8,,,1,31,,27362,8,,,1,69,,27350,8,,,1,32,,27358,8,,,1,60,,27377,8,,,1,6,,27361,8,,,1,28,,27364,8,,,1,69,,27351,8,,,1,15,,27373,1,,,1,16,,27369,8,,,1,74,,27363,8,,,1,12,,27341,8,,,1,19,,27353,8,,,1,59,,27376,8,,,2,13,,27375,8,,,2,12,,27370,1,,,1,21,,27348,8,,,1,68,,27347,8,,,1,23,,27352,8,,,2,66,,27340,8,,,2,27,,27345,8,,,1,72,,27380,1,,,1,40,,27356,8,,,1,97,,27346,8,,,1,80,,27342,8,,,1,105,,27368,8,,,1,97,,27381,8,,,1,25,,27343,8,,,1
3400,'Samedi-0-_26ÉTÉ-0000010-',713,,27459,1,,,1,104,,27464,1,,,1,30,,27460,1,,,2,70,,27466,1,,,1,30,,27467,1,,,1,70,,27461,1,,,1,30,,27462,1,,,2,70,,27463,1,,,1,30,,27465,1,,,2,70,,27468,1,,,1,30,,27470,1,,,1,71,,27469,1,,,2,30,,27471,1,,,1,70,,27472,1,,,1,30,,27473,1,,,2,69,,27474,1,,,1,30,,27475,1,,,1,70,,27476,1,,,1,30,,27477,1,,,1,70,,27478,1,,,1,30,,27479,1,,,1,70,,27480,1,,,1,30,,27481,1,,,2,70,,27482,1,,,1,30,,27483,1,,,1,70,,27484,1,,,1,30,,27485,1,,,1,70,,27486,1,,,1,30,,27487,1,,,1,69,,27489,1,,,1,31,,27488,1,,,1,70,,27491,1,,,1,30,,27490,1,,,1,70,,27492,1,,,1
3400,'Dimanche-0-_26ÉTÉ-0000001-',713,,27497,1,,,1,104,,27501,1,,,1,30,,27499,1,,,2,70,,27494,1,,,1,30,,27502,1,,,1,70,,27505,1,,,1,30,,27504,1,,,2,70,,27493,1,,,1,30,,27495,1,,,2,70,,27506,1,,,1,30,,27496,1,,,1,71,,27498,1,,,2,30,,27500,1,,,1,70,,27509,1,,,1,30,,27503,1,,,2,69,,27507,1,,,1,30,,27510,1,,,1,70,,27514,1,,,1,30,,27519,1,,,1,70,,27511,1,,,1,30,,27512,1,,,1,70,,27522,1,,,1,30,,27513,1,,,2,70,,27518,1,,,1,30,,27508,1,,,1,70,,27515,1,,,1,30,,27517,1,,,1,70,,27520,1,,,1,30,,27526,1,,,1,69,,27521,1,,,1,31,,27523,1,,,1,70,,27516,1,,,1,30,,27524,1,,,1,70,,27525,1,,,1
3400,'Dimanche-10-_26ÉTÉ-0000001-',713,,31609,1,,,1,104,,31613,1,,,1,30,,31611,1,,,2,70,,31606,1,,,1,30,,31614,1,,,1,70,,31617,1,,,1,30,,31616,1,,,2,70,,31605,1,,,1,30,,31607,1,,,2,70,,31618,1,,,1,30,,31608,1,,,1,71,,31610,1,,,2,30,,31612,1,,,1,70,,31621,1,,,1,30,,31615,1,,,2,69,,31619,1,,,1,30,,31622,1,,,1,70,,31626,1,,,1,30,,31631,1,,,1,70,,31623,1,,,1,30,,31624,1,,,1,70,,31634,1,,,1,30,,31625,1,,,2,70,,31630,1,,,1,30,,31620,1,,,1,70,,31627,1,,,1,30,,31629,1,,,1,70,,31632,1,,,1,30,,31638,1,,,1,69,,31633,1,,,1,31,,31635,1,,,1,70,,31628,1,,,1,30,,31636,1,,,1,70,,31637,1,,,1
3400,'Semaine-1-_26ÉTÉ-1111100-',555,,24936,1,,,1,70,,24921,1,,,1,31,,24915,1,,,1,70,,24919,1,,,1,30,,24910,1,,,1,72,,24930,1,,,1,28,,24916,1,,,1,70,,24906,1,,,1,30,,24911,1,,,2,70,,24912,1,,,2,30,,24917,1,,,1,70,,24907,1,,,1,30,,24937,1,,,1,70,,24913,1,,,1,30,,24918,1,,,1,70,,24908,1,,,1,30,,24934,1,,,2,70,,24909,1,,,1,24,,24935,1,,,1,308,,24933,1,,,2,60,,24922,1,,,1,30,,24914,1,,,2,70,,24926,1,,,1,30,,24932,1,,,1,70,,24923,1,,,1,30,,24925,1,,,1,70,,24927,1,,,1,30,,24920,1,,,1,70,,24929,1,,,1,31,,24924,1,,,1,69,,24928,1,,,1,30,,24931,1,,,1
3400,'Semaine-10-_26ÉTÉ-1111100-',555,,27557,1,,,1,70,,27542,1,,,1,31,,27536,1,,,1,70,,27540,1,,,1,30,,27531,1,,,1,72,,27551,1,,,1,28,,27537,1,,,1,70,,27527,1,,,1,30,,27532,1,,,2,70,,27533,1,,,2,30,,27538,1,,,1,70,,27528,1,,,1,30,,27558,1,,,1,70,,27534,1,,,1,30,,27539,1,,,1,70,,27529,1,,,1,30,,27555,1,,,2,70,,27530,1,,,1,24,,27556,1,,,1,308,,27554,1,,,2,60,,27543,1,,,1,30,,27535,1,,,2,70,,27547,1,,,1,30,,27553,1,,,1,70,,27544,1,,,1,30,,27546,1,,,1,70,,27548,1,,,1,30,,27541,1,,,1,70,,27550,1,,,1,31,,27545,1,,,1,69,,27549,1,,,1,30,,27552,1,,,1
3500,'Semaine-1-_26ÉTÉ-1111100-',618,,24994,8,0,15 16,1,39,,24968,8,0,15 16,2,73,,24979,8,0,15 16,1,17,,24997,8,0,15 16,1,72,,25003,8,0,15 16,1,10,,25001,8,0,15 16,2,4,,24987,8,0,15 16,1,9,,24999,8,0,15 16,1,59,,24992,8,0,15 16,1,21,,24998,8,0,15 16,1,29,,24976,8,0,15 16,1,67,,24990,8,0,15 16,1,34,,24970,8,0,15 16,1,70,,24974,8,0,15 16,2,30,,24985,8,0,15 16,1,70,,24969,8,0,15 16,1,30,,24980,8,0,15 16,2,70,,25002,8,0,15 16,1,30,,24988,8,0,15 16,2,70,,24971,8,0,15 16,2,32,,24984,8,,,2,67,,24986,8,0,15 16,1,23,,24977,1,0,15 16,1,15,,24989,8,,,2,53,,24983,1,0,15 16,1,16,,24993,8,,,1,27,,24995,8,0,15 16,2,71,,24975,8,,,1,27,,24973,8,0,15 16,2,55,,24981,1,0,15 16,1,21,,25004,8,,,2,22,,24991,8,0,15 16,2,74,,24978,8,,,1,24,,24982,8,,,1,103,,24996,8,,,1,100,,25000,8,,,2,97,,24972,8,0,15 16,1
3500,'Semaine-10-_26ÉTÉ-1111100-',618,,27679,8,0,15 16,1,39,,27653,8,0,15 16,2,73,,27664,8,0,15 16,1,17,,27682,8,0,15 16,1,72,,27688,8,0,15 16,1,10,,27686,8,0,15 16,2,4,,27672,8,0,15 16,1,9,,27684,8,0,15 16,1,59,,27677,8,0,15 16,1,21,,27683,8,0,15 16,1,29,,27661,8,0,15 16,1,67,,27675,8,0,15 16,1,34,,27655,8,0,15 16,1,70,,27659,8,0,15 16,2,30,,27670,8,0,15 16,1,70,,27654,8,0,15 16,1,30,,27665,8,0,15 16,2,70,,27687,8,0,15 16,1,30,,27673,8,0,15 16,2,70,,27656,8,0,15 16,2,32,,27669,8,,,2,67,,27671,8,0,15 16,1,23,,27662,1,0,15 16,1,15,,27674,8,,,2,53,,27668,1,0,15 16,1,16,,27678,8,,,1,27,,27680,8,0,15 16,2,71,,27660,8,,,1,27,,27658,8,0,15 16,2,55,,27666,1,0,15 16,1,21,,27689,8,,,2,22,,27676,8,0,15 16,2,74,,27663,8,,,1,24,,27667,8,,,1,103,,27681,8,,,1,100,,27685,8,,,2,97,,27657,8,0,15 16,1
3600,'Semaine-1-_26ÉTÉ-1111100-',845,,25039,1,,,1,100,,25040,1,,,1,100,,25038,1,,,1,100,,25041,1,,,1,100,,25043,1,,,1,100,,25044,1,,,1,98,,25042,1,,,1
3600,'Semaine-10-_26ÉTÉ-1111100-',845,,27724,1,,,1,100,,27725,1,,,1,100,,27723,1,,,1,100,,27726,1,,,1,100,,27728,1,,,1,100,,27729,1,,,1,98,,27727,1,,,1
3700,'Samedi-0-_26ÉTÉ-0000010-',710,,27737,1,,,1,100,,27738,1,,,1,101,,27740,1,,,1,99,,27741,1,,,1,100,,27739,1,,,1,100,,27742,1,,,1,100,,27743,1,,,1,101,,27744,1,,,1,99,,27745,1,,,1,100,,27746,1,,,1,100,,27747,1,,,1,99,,27748,1,,,1,101,,27749,1,,,1,100,,27750,1,,,1,100,,27751,1,,,1,100,,27752,1,,,1,100,,27753,1,,,1,100,,27754,1,,,1
3700,'Dimanche-0-_26ÉTÉ-0000001-',710,,27755,1,,,1,100,,27758,1,,,1,101,,27762,1,,,1,99,,27759,1,,,1,100,,27757,1,,,1,100,,27761,1,,,1,100,,27756,1,,,1,101,,27760,1,,,1,99,,27767,1,,,1,100,,27763,1,,,1,100,,27766,1,,,1,99,,27770,1,,,1,101,,27764,1,,,1,100,,27765,1,,,1,100,,27769,1,,,1,100,,27771,1,,,1,100,,27768,1,,,1,100,,27772,1,,,1
3700,'Dimanche-10-_26ÉTÉ-0000001-',710,,31671,1,,,1,100,,31674,1,,,1,101,,31678,1,,,1,99,,31675,1,,,1,100,,31673,1,,,1,100,,31677,1,,,1,100,,31672,1,,,1,101,,31676,1,,,1,99,,31683,1,,,1,100,,31679,1,,,1,100,,31682,1,,,1,99,,31686,1,,,1,101,,31680,1,,,1,100,,31681,1,,,1,100,,31685,1,,,1,100,,31687,1,,,1,100,,31684,1,,,1,100,,31688,1,,,1
3700,'Semaine-1-_26ÉTÉ-1111100-',625,,25073,1,,,1,81,,25079,1,,,1,30,,25070,1,,,1,69,,25054,1,,,1,30,,25068,1,,,1,90,,25060,1,,,1,100,,25056,1,,,1,100,,25057,1,,,1,100,,25058,1,,,1,100,,25059,1,,,1,100,,25065,1,,,1,83,,25066,1,,,1,17,,25067,1,,,1,15,,25053,1,,,1,15,,25075,1,,,1,65,,25062,1,,,1,32,,25071,1,,,1,63,,25061,1,,,1,30,,25055,1,,,1,70,,25052,1,,,1,30,,25063,1,,,1,72,,25078,1,,,1,28,,25069,1,,,1,75,,25080,1,,,1,100,,25076,1,,,1,100,,25064,1,,,1,100,,25074,1,,,1,100,,25077,1,,,1,15,,25072,1,,,1
3700,'Semaine-10-_26ÉTÉ-1111100-',625,,27794,1,,,1,81,,27800,1,,,1,30,,27791,1,,,1,69,,27775,1,,,1,30,,27789,1,,,1,90,,27781,1,,,1,100,,27777,1,,,1,100,,27778,1,,,1,100,,27779,1,,,1,100,,27780,1,,,1,100,,27786,1,,,1,83,,27787,1,,,1,17,,27788,1,,,1,15,,27774,1,,,1,15,,27796,1,,,1,65,,27783,1,,,1,32,,27792,1,,,1,63,,27782,1,,,1,30,,27776,1,,,1,70,,27773,1,,,1,30,,27784,1,,,1,72,,27799,1,,,1,28,,27790,1,,,1,75,,27801,1,,,1,100,,27797,1,,,1,100,,27785,1,,,1,100,,27795,1,,,1,100,,27798,1,,,1,15,,27793,1,,,1
3800,'Samedi-0-_26ÉTÉ-0000010-',724,,27868,1,,,1,30,,27861,1,,,1,63,,27862,1,,,1,37,,27873,1,,,1,68,,27865,1,,,1,32,,27863,1,,,1,68,,27874,1,,,1,32,,27866,1,,,1,68,,27872,1,,,1,32,,27864,1,,,1,67,,27867,1,,,1,33,,27871,1,,,1,67,,27869,1,,,1,32,,27870,1,,,1,68,,27875,1,,,1,33,,27876,1,,,1,67,,27877,1,,,1,33,,27878,1,,,1,64,,27879,1,,,1,36,,27880,1,,,1,67,,27881,1,,,1,33,,27882,1,,,1,67,,27883,1,,,1,33,,27884,1,,,1,69,,27885,1,,,1,31,,27886,1,,,1,69,,27888,1,,,1,31,,27887,1,,,1,70,,27890,1,,,1,30,,27889,1,,,1,70,,27891,1,,,1,30,,27892,1,,,1,70,,27893,1,,,1
3800,'Dimanche-0-_26ÉTÉ-0000001-',724,,27903,1,,,1,30,,27901,1,,,1,63,,27899,1,,,1,37,,27906,1,,,1,68,,27894,1,,,1,32,,27895,1,,,1,68,,27907,1,,,1,32,,27902,1,,,1,68,,27896,1,,,1,32,,27897,1,,,1,67,,27900,1,,,1,33,,27898,1,,,1,67,,27909,1,,,1,32,,27911,1,,,1,68,,27904,1,,,1,33,,27910,1,,,1,67,,27912,1,,,1,33,,27905,1,,,1,64,,27908,1,,,1,36,,27916,1,,,1,67,,27921,1,,,1,33,,27918,1,,,1,67,,27917,1,,,1,33,,27915,1,,,1,69,,27920,1,,,1,31,,27925,1,,,1,69,,27923,1,,,1,31,,27913,1,,,1,70,,27914,1,,,1,30,,27924,1,,,1,70,,27922,1,,,1,30,,27919,1,,,1,70,,27926,1,,,1
3800,'Dimanche-10-_26ÉTÉ-0000001-',724,,31715,1,,,1,30,,31713,1,,,1,63,,31711,1,,,1,37,,31718,1,,,1,68,,31706,1,,,1,32,,31707,1,,,1,68,,31719,1,,,1,32,,31714,1,,,1,68,,31708,1,,,1,32,,31709,1,,,1,67,,31712,1,,,1,33,,31710,1,,,1,67,,31721,1,,,1,32,,31723,1,,,1,68,,31716,1,,,1,33,,31722,1,,,1,67,,31724,1,,,1,33,,31717,1,,,1,64,,31720,1,,,1,36,,31728,1,,,1,67,,31733,1,,,1,33,,31730,1,,,1,67,,31729,1,,,1,33,,31727,1,,,1,69,,31732,1,,,1,31,,31737,1,,,1,69,,31735,1,,,1,31,,31725,1,,,1,70,,31726,1,,,1,30,,31736,1,,,1,70,,31734,1,,,1,30,,31731,1,,,1,70,,31738,1,,,1
3800,'Semaine-1-_26ÉTÉ-1111100-',635,,25122,1,,,1,20,,25138,1,,,1,70,,25133,1,,,1,30,,25146,1,,,1,70,,25143,1,,,1,30,,25119,1,,,1,60,,25115,1,,,1,20,,25126,1,,,1,20,,25111,1,,,1,60,,25135,1,,,1,20,,25120,1,,,1,20,,25116,1,,,1,60,,25127,1,,,1,20,,25112,1,,,1,20,,25134,1,,,1,60,,25145,1,,,1,20,,25117,1,,,1,20,,25128,1,,,1,60,,25136,1,,,1,20,,25147,1,,,1,20,,25121,1,,,1,60,,25118,1,,,1,20,,25129,1,,,1,70,,25142,1,,,1,30,,25107,1,,,1,70,,25131,1,,,1,37,,25140,1,,,1,65,,25130,1,,,1,30,,25144,1,,,1,68,,25110,1,,,1,30,,25141,1,,,1,70,,25124,1,,,1,30,,25132,1,,,1,70,,25137,1,,,1,30,,25139,1,,,1,70,,25123,1,,,1,30,,25109,1,,,1,70,,25125,1,,,1,30,,25113,1,,,1,70,,25108,1,,,1,30,,25106,1,,,1,70,,25114,1,,,1
3800,'Semaine-10-_26ÉTÉ-1111100-',635,,27943,1,,,1,20,,27959,1,,,1,70,,27954,1,,,1,30,,27967,1,,,1,70,,27964,1,,,1,30,,27940,1,,,1,60,,27936,1,,,1,20,,27947,1,,,1,20,,27932,1,,,1,60,,27956,1,,,1,20,,27941,1,,,1,20,,27937,1,,,1,60,,27948,1,,,1,20,,27933,1,,,1,20,,27955,1,,,1,60,,27966,1,,,1,20,,27938,1,,,1,20,,27949,1,,,1,60,,27957,1,,,1,20,,27968,1,,,1,20,,27942,1,,,1,60,,27939,1,,,1,20,,27950,1,,,1,70,,27963,1,,,1,30,,27928,1,,,1,70,,27952,1,,,1,37,,27961,1,,,1,65,,27951,1,,,1,30,,27965,1,,,1,68,,27931,1,,,1,30,,27962,1,,,1,70,,27945,1,,,1,30,,27953,1,,,1,70,,27958,1,,,1,30,,27960,1,,,1,70,,27944,1,,,1,30,,27930,1,,,1,70,,27946,1,,,1,30,,27934,1,,,1,70,,27929,1,,,1,30,,27927,1,,,1,70,,27935,1,,,1
5500,'Samedi-0-_26ÉTÉ-0000010-',646,,28546,1,,,1,70,,28543,1,,,1,30,,28544,1,,,1,70,,28547,1,,,1,30,,28545,1,,,1,69,,28552,1,,,1,28,,28549,1,,,1,70,,28550,1,,,1,35,,28555,1,,,1,66,,28554,1,,,1,28,,28548,1,,,1,70,,28551,1,,,1,30,,28553,1,,,1,74,,28556,1,,,1,30,,28557,1,,,1,70,,28558,1,,,1,30,,28559,1,,,1,69,,28560,1,,,1,30,,28561,1,,,1,68,,28562,1,,,1,30,,28563,1,,,1,70,,28564,1,,,1,32,,28565,1,,,1,68,,28566,1,,,1,32,,28568,1,,,1,73,,28567,1,,,1,27,,28569,1,,,1,70,,28571,1,,,1,31,,28570,1,,,1,71,,28572,1,,,1,28,,28573,1,,,1,70,,28576,1,,,1,30,,28578,1,,,1,70,,28575,1,,,1,31,,28574,1,,,1,70,,28577,1,,,1
5500,'Dimanche-0-_26ÉTÉ-0000001-',646,,28581,1,,,1,70,,28586,1,,,1,30,,28590,1,,,1,70,,28584,1,,,1,30,,28582,1,,,1,69,,28587,1,,,1,28,,28589,1,,,1,70,,28583,1,,,1,35,,28579,1,,,1,66,,28580,1,,,1,28,,28592,1,,,1,70,,28596,1,,,1,30,,28594,1,,,1,74,,28591,1,,,1,30,,28585,1,,,1,70,,28599,1,,,1,30,,28600,1,,,1,69,,28601,1,,,1,30,,28595,1,,,1,68,,28608,1,,,1,30,,28605,1,,,1,70,,28593,1,,,1,32,,28613,1,,,1,68,,28607,1,,,1,32,,28588,1,,,1,73,,28611,1,,,1,27,,28604,1,,,1,70,,28597,1,,,1,31,,28602,1,,,1,71,,28598,1,,,1,28,,28609,1,,,1,70,,28606,1,,,1,30,,28603,1,,,1,70,,28612,1,,,1,31,,28610,1,,,1,70,,28614,1,,,1
5500,'Dimanche-10-_26ÉTÉ-0000001-',646,,31892,1,,,1,70,,31897,1,,,1,30,,31901,1,,,1,70,,31895,1,,,1,30,,31893,1,,,1,69,,31898,1,,,1,28,,31900,1,,,1,70,,31894,1,,,1,35,,31890,1,,,1,66,,31891,1,,,1,28,,31903,1,,,1,70,,31907,1,,,1,30,,31905,1,,,1,74,,31902,1,,,1,30,,31896,1,,,1,70,,31910,1,,,1,30,,31911,1,,,1,69,,31912,1,,,1,30,,31906,1,,,1,68,,31919,1,,,1,30,,31916,1,,,1,70,,31904,1,,,1,32,,31924,1,,,1,68,,31918,1,,,1,32,,31899,1,,,1,73,,31922,1,,,1,27,,31915,1,,,1,70,,31908,1,,,1,31,,31913,1,,,1,71,,31909,1,,,1,28,,31920,1,,,1,70,,31917,1,,,1,30,,31914,1,,,1,70,,31923,1,,,1,31,,31921,1,,,1,70,,31925,1,,,1
5500,'Semaine-1-_26ÉTÉ-1111100-',543,,25422,1,,,1,100,,25438,1,,,1,100,,25421,1,,,1,100,,25457,1,,,1,70,,25458,1,,,1,30,,25427,1,,,1,70,,25437,1,,,1,30,,25441,1,,,1,70,,25463,1,,,1,30,,25423,1,,,1,70,,25462,1,,,1,30,,25440,1,,,1,70,,25455,1,,,1,30,,25449,1,,,1,62,,25456,1,,,1,15,,25442,1,,,1,15,,25420,1,,,1,11,,25461,1,,,1,56,,25431,1,,,1,15,,25464,1,,,1,13,,25452,1,,,1,10,,25424,1,,,1,13,,25435,1,,,1,54,,25467,1,,,1,13,,25460,1,,,1,11,,25426,1,,,1,11,,25443,1,,,1,14,,25436,1,,,1,50,,25465,1,,,1,12,,25450,1,,,1,12,,25430,1,,,1,12,,25425,1,,,1,10,,25466,1,,,1,52,,25434,1,,,1,12,,25429,1,,,1,10,,25439,1,,,1,30,,25454,1,,,1,70,,25459,1,,,1,31,,25446,1,,,1,69,,25432,1,,,1,30,,25453,1,,,1,70,,25444,1,,,1,31,,25447,1,,,1,69,,25433,1,,,1,30,,25448,1,,,1,70,,25445,1,,,1,30,,25428,1,,,1,70,,25451,1,,,1
5500,'Semaine-10-_26ÉTÉ-1111100-',543,,28617,1,,,1,100,,28633,1,,,1,100,,28616,1,,,1,100,,28652,1,,,1,70,,28653,1,,,1,30,,28622,1,,,1,70,,28632,1,,,1,30,,28636,1,,,1,70,,28658,1,,,1,30,,28618,1,,,1,70,,28657,1,,,1,30,,28635,1,,,1,70,,28650,1,,,1,30,,28644,1,,,1,62,,28651,1,,,1,15,,28637,1,,,1,15,,28615,1,,,1,11,,28656,1,,,1,56,,28626,1,,,1,15,,28659,1,,,1,13,,28647,1,,,1,10,,28619,1,,,1,13,,28630,1,,,1,54,,28662,1,,,1,13,,28655,1,,,1,11,,28621,1,,,1,11,,28638,1,,,1,14,,28631,1,,,1,50,,28660,1,,,1,12,,28645,1,,,1,12,,28625,1,,,1,12,,28620,1,,,1,10,,28661,1,,,1,52,,28629,1,,,1,12,,28624,1,,,1,10,,28634,1,,,1,30,,28649,1,,,1,70,,28654,1,,,1,31,,28641,1,,,1,69,,28627,1,,,1,30,,28648,1,,,1,70,,28639,1,,,1,31,,28642,1,,,1,69,,28628,1,,,1,30,,28643,1,,,1,70,,28640,1,,,1,30,,28623,1,,,1,70,,28646,1,,,1
5900,'Samedi-0-_26ÉTÉ-0000010-',700,,28810,1,,,1,30,,28813,1,,,1,70,,28806,1,,,1,30,,28812,1,,,1,70,,28809,1,,,1,30,,28814,1,,,1,70,,28818,1,,,1,30,,28819,1,,,1,70,,28808,1,,,1,30,,28807,1,,,1,70,,28817,1,,,1,30,,28811,1,,,1,70,,28815,1,,,1,30,,28820,1,,,1,70,,28816,1,,,1,30,,28821,1,,,1,70,,28822,1,,,1,30,,28823,1,,,1,70,,28824,1,,,1,30,,28825,1,,,1,70,,28826,1,,,1,30,,28827,1,,,1,70,,28828,1,,,1,30,,28829,1,,,1,70,,28830,1,,,1,30,,28832,1,,,1,70,,28831,1,,,1,30,,28834,1,,,1,70,,28833,1,,,1,30,,28835,1,,,1,70,,28836,1,,,1,30,,28838,1,,,1,70,,28837,1,,,1,30,,28839,1,,,1
5900,'Dimanche-0-_26ÉTÉ-0000001-',700,,28846,1,,,1,30,,28841,1,,,1,70,,28844,1,,,1,30,,28849,1,,,1,70,,28853,1,,,1,30,,28842,1,,,1,70,,28845,1,,,1,30,,28851,1,,,1,70,,28852,1,,,1,30,,28840,1,,,1,70,,28843,1,,,1,30,,28848,1,,,1,70,,28850,1,,,1,30,,28847,1,,,1,70,,28855,1,,,1,30,,28860,1,,,1,70,,28854,1,,,1,30,,28865,1,,,1,70,,28866,1,,,1,30,,28857,1,,,1,70,,28861,1,,,1,30,,28872,1,,,1,70,,28856,1,,,1,30,,28862,1,,,1,70,,28858,1,,,1,30,,28863,1,,,1,70,,28868,1,,,1,30,,28869,1,,,1,70,,28859,1,,,1,30,,28873,1,,,1,70,,28867,1,,,1,30,,28864,1,,,1,70,,28871,1,,,1,30,,28870,1,,,1
5900,'Dimanche-10-_26ÉTÉ-0000001-',700,,31965,1,,,1,30,,31960,1,,,1,70,,31963,1,,,1,30,,31968,1,,,1,70,,31972,1,,,1,30,,31961,1,,,1,70,,31964,1,,,1,30,,31970,1,,,1,70,,31971,1,,,1,30,,31959,1,,,1,70,,31962,1,,,1,30,,31967,1,,,1,70,,31969,1,,,1,30,,31966,1,,,1,70,,31974,1,,,1,30,,31979,1,,,1,70,,31973,1,,,1,30,,31984,1,,,1,70,,31985,1,,,1,30,,31976,1,,,1,70,,31980,1,,,1,30,,31991,1,,,1,70,,31975,1,,,1,30,,31981,1,,,1,70,,31977,1,,,1,30,,31982,1,,,1,70,,31987,1,,,1,30,,31988,1,,,1,70,,31978,1,,,1,30,,31992,1,,,1,70,,31986,1,,,1,30,,31983,1,,,1,70,,31990,1,,,1,30,,31989,1,,,1
5900,'Semaine-1-_26ÉTÉ-1111100-',613,,25552,1,,,1,100,,25587,1,,,1,100,,25568,1,,,1,45,,25564,1,,,1,70,,25585,1,,,1,30,,25561,1,,,1,70,,25584,1,,,1,30,,25575,1,,,1,70,,25569,1,,,1,30,,25577,1,,,1,70,,25560,1,,,1,30,,25588,1,,,1,70,,25551,1,,,1,30,,25582,1,,,1,54,,25553,1,,,1,15,,25586,1,,,1,28,,25546,1,,,1,54,,25590,1,,,1,16,,25545,1,,,1,8,,25580,1,,,1,14,,25576,1,,,1,53,,25563,1,,,1,13,,25547,1,,,1,14,,25548,1,,,1,10,,25556,1,,,1,10,,25583,1,,,1,57,,25572,1,,,1,9,,25559,1,,,1,11,,25581,1,,,1,12,,25567,1,,,1,12,,25579,1,,,1,9,,25549,1,,,1,53,,25554,1,,,1,31,,25574,1,,,1,70,,25565,1,,,1,30,,25570,1,,,1,70,,25558,1,,,1,30,,25566,1,,,1,70,,25571,1,,,1,30,,25578,1,,,1,70,,25555,1,,,1,30,,25573,1,,,1,70,,25562,1,,,1,31,,25550,1,,,1,69,,25557,1,,,1
5900,'Semaine-10-_26ÉTÉ-1111100-',613,,28881,1,,,1,100,,28916,1,,,1,100,,28897,1,,,1,45,,28893,1,,,1,70,,28914,1,,,1,30,,28890,1,,,1,70,,28913,1,,,1,30,,28904,1,,,1,70,,28898,1,,,1,30,,28906,1,,,1,70,,28889,1,,,1,30,,28917,1,,,1,70,,28880,1,,,1,30,,28911,1,,,1,54,,28882,1,,,1,15,,28915,1,,,1,28,,28875,1,,,1,54,,28919,1,,,1,16,,28874,1,,,1,8,,28909,1,,,1,14,,28905,1,,,1,53,,28892,1,,,1,13,,28876,1,,,1,14,,28877,1,,,1,10,,28885,1,,,1,10,,28912,1,,,1,57,,28901,1,,,1,9,,28888,1,,,1,11,,28910,1,,,1,12,,28896,1,,,1,12,,28908,1,,,1,9,,28878,1,,,1,53,,28883,1,,,1,31,,28903,1,,,1,70,,28894,1,,,1,30,,28899,1,,,1,70,,28887,1,,,1,30,,28895,1,,,1,70,,28900,1,,,1,30,,28907,1,,,1,70,,28884,1,,,1,30,,28902,1,,,1,70,,28891,1,,,1,31,,28879,1,,,1,69,,28886,1,,,1
6700,'Samedi-0-_26ÉTÉ-0000010-',702,,29514,1,,,2,100,,29513,1,,,1,100,,29512,1,,,1,30,,29508,1,,,1,70,,29516,1,,,1,30,,29509,1,,,1,70,,29510,1,,,1,30,,29515,1,,,1,70,,29520,1,,,1,30,,29511,1,,,1,70,,29519,1,,,1,30,,29517,1,,,1,70,,29518,1,,,1,30,,29521,1,,,2,70,,29522,1,,,2,30,,29523,1,,,1,70,,29524,1,,,1,30,,29525,1,,,2,70,,29526,1,,,2,30,,29527,1,,,1,70,,29528,1,,,1,30,,29529,1,,,2,70,,29530,1,,,1,30,,29531,1,,,1,100,,29535,1,,,2,100,,29532,1,,,2,100,,29533,1,,,1,100,,29534,1,,,1
6700,'Dimanche-0-_26ÉTÉ-0000001-',702,,29542,1,,,2,100,,29536,1,,,1,100,,29539,1,,,1,30,,29541,1,,,1,70,,29547,1,,,1,30,,29544,1,,,1,70,,29550,1,,,1,30,,29552,1,,,1,70,,29546,1,,,1,30,,29548,1,,,1,70,,29537,1,,,1,30,,29538,1,,,1,70,,29540,1,,,1,30,,29543,1,,,2,70,,29549,1,,,2,30,,29545,1,,,1,70,,29551,1,,,1,30,,29560,1,,,2,70,,29559,1,,,2,30,,29555,1,,,1,70,,29553,1,,,1,30,,29563,1,,,2,70,,29554,1,,,1,30,,29561,1,,,1,100,,29558,1,,,2,100,,29557,1,,,2,100,,29556,1,,,1,100,,29562,1,,,1
6700,'Dimanche-10-_26ÉTÉ-0000001-',702,,32139,1,,,2,100,,32133,1,,,1,100,,32136,1,,,1,30,,32138,1,,,1,70,,32144,1,,,1,30,,32141,1,,,1,70,,32147,1,,,1,30,,32149,1,,,1,70,,32143,1,,,1,30,,32145,1,,,1,70,,32134,1,,,1,30,,32135,1,,,1,70,,32137,1,,,1,30,,32140,1,,,2,70,,32146,1,,,2,30,,32142,1,,,1,70,,32148,1,,,1,30,,32157,1,,,2,70,,32156,1,,,2,30,,32152,1,,,1,70,,32150,1,,,1,30,,32160,1,,,2,70,,32151,1,,,1,30,,32158,1,,,1,100,,32155,1,,,2,100,,32154,1,,,2,100,,32153,1,,,1,100,,32159,1,,,1
6700,'Semaine-1-_26ÉTÉ-1111100-',601,,25907,1,,,1,31,,25901,1,,,1,26,,25909,1,,,1,62,,25918,1,,,1,20,,25902,1,,,2,17,,25927,1,,,1,70,,25912,1,,,1,73,,25920,1,,,1,20,,25910,1,,,2,20,,25930,1,,,2,60,,25928,1,,,1,20,,25915,1,,,2,20,,25931,1,,,2,60,,25921,1,,,1,20,,25924,1,,,2,20,,25932,1,,,1,60,,25929,1,,,1,20,,25916,1,,,1,20,,25933,1,,,1,60,,25922,1,,,1,20,,25925,1,,,2,20,,25934,1,,,1,60,,25914,1,,,1,20,,25917,1,,,2,15,,25935,1,,,1,370,,25937,1,,,1,15,,25911,1,,,2,20,,25936,1,,,1,60,,25919,1,,,1,30,,25899,1,,,1,70,,25923,1,,,2,30,,25903,1,,,1,70,,25926,1,,,1,31,,25900,1,,,1,69,,25908,1,,,2,30,,25904,1,,,1,70,,25913,1,,,2,30,,25906,1,,,2,70,,25905,1,,,1
6700,'Semaine-10-_26ÉTÉ-1111100-',601,,29572,1,,,1,31,,29566,1,,,1,26,,29574,1,,,1,62,,29583,1,,,1,20,,29567,1,,,2,17,,29592,1,,,1,70,,29577,1,,,1,73,,29585,1,,,1,20,,29575,1,,,2,20,,29595,1,,,2,60,,29593,1,,,1,20,,29580,1,,,2,20,,29596,1,,,2,60,,29586,1,,,1,20,,29589,1,,,2,20,,29597,1,,,1,60,,29594,1,,,1,20,,29581,1,,,1,20,,29598,1,,,1,60,,29587,1,,,1,20,,29590,1,,,2,20,,29599,1,,,2,60,,29579,1,,,1,20,,29582,1,,,2,15,,29600,1,,,1,370,,29602,1,,,1,15,,29576,1,,,2,20,,29601,1,,,1,60,,29584,1,,,1,30,,29564,1,,,1,70,,29588,1,,,2,30,,29568,1,,,1,70,,29591,1,,,1,31,,29565,1,,,1,69,,29573,1,,,2,30,,29569,1,,,1,70,,29578,1,,,2,30,,29571,1,,,2,70,,29570,1,,,1
8500,'Semaine-1-_26ÉTÉ-1111100-',1500,,26463,1,,,1,20,,26458,1,,,2,16,,26455,1,,,1,14,,26464,1,,,2,57,,26454,1,,,1,15,,26457,1,,,1,15,,26462,1,,,2,20,,26460,1,,,1,59,,26459,1,,,2,21,,26456,1,,,1,18,,26461,1,,,2
8500,'Semaine-10-_26ÉTÉ-1111100-',1500,,30534,1,,,1,20,,30529,1,,,2,16,,30526,1,,,1,14,,30535,1,,,2,57,,30525,1,,,1,15,,30528,1,,,1,15,,30533,1,,,2,20,,30531,1,,,1,59,,30530,1,,,1,21,,30527,1,,,1,18,,30532,1,,,2
8700,'Semaine-1-_26ÉTÉ-1111100-',1450,,26484,5,,,2,60,,26483,5,,,1,20,,26476,5,,,1,14,,26478,5,,,1,14,,26475,5,,,1,57,,26485,5,,,1,17,,26481,5,,,1,16,,26482,5,,,2,62,,26477,5,,,1,18,,26480,5,,,1,17,,26479,5,,,2
8700,'Semaine-10-_26ÉTÉ-1111100-',1450,,30555,5,,,2,60,,30554,5,,,1,20,,30547,5,,,1,14,,30549,5,,,1,14,,30546,5,,,1,57,,30556,5,,,1,17,,30552,5,,,1,16,,30553,5,,,2,62,,30548,5,,,1,18,,30551,5,,,1,17,,30550,5,,,2
20000,'Semaine-1-_26ÉTÉ-1111100-',1501,,26600,1,,,1,5,,26601,1,,,1,6,,26624,1,,,1,5,,26602,1,,,1,5,,26603,1,,,1,3,,26629,1,,,1,7,,26604,1,,,1,5,,26606,1,,,1,5,,26607,1,,,1,5,,26608,1,,,1,3,,26610,1,,,1,7,,26611,1,,,1,45,,26605,1,,,1,5,,26628,1,,,1,5,,26609,1,,,1,5,,26612,1,,,1,5,,26613,1,,,1,5,,26614,1,,,1,6,,26615,1,,,1,5,,26627,1,,,1,4,,26616,1,,,1,5,,26625,1,,,1,5,,26617,1,,,1,5,,26618,1,,,1,45,,26620,1,,,1,5,,26619,1,,,1,5,,26621,1,,,1,5,,26622,1,,,1,5,,26623,1,,,1,5,,26626,1,,,1
20000,'Semaine-10-_26ÉTÉ-1111100-',1501,,30737,1,,,1,5,,30738,1,,,1,6,,30761,1,,,1,5,,30739,1,,,1,5,,30740,1,,,1,3,,30766,1,,,1,7,,30741,1,,,1,5,,30743,1,,,1,5,,30744,1,,,1,5,,30745,1,,,1,3,,30747,1,,,1,7,,30748,1,,,1,45,,30742,1,,,1,5,,30765,1,,,1,5,,30746,1,,,1,5,,30749,1,,,1,5,,30750,1,,,1,5,,30751,1,,,1,6,,30752,1,,,1,5,,30764,1,,,1,4,,30753,1,,,1,5,,30762,1,,,1,5,,30754,1,,,1,5,,30755,1,,,1,45,,30757,1,,,1,5,,30756,1,,,1,5,,30758,1,,,1,5,,30759,1,,,1,5,,30760,1,,,1,5,,30763,1,,,1
37100,'Samedi-0-_26ÉTÉ-0000010-',740,,30798,1,,,1,101,,30802,1,,,1,99,,30797,1,,,1,100,,30803,1,,,1,100,,30799,1,,,1,100,,30800,1,,,1,100,,30801,1,,,1,100,,30804,1,,,1,100,,30805,1,,,1,100,,30806,1,,,1,100,,30807,1,,,1,100,,30808,1,,,1,100,,30809,1,,,1,100,,30810,1,,,1,100,,30811,1,,,1,100,,30812,1,,,1,100,,30813,1,,,1
37100,'Dimanche-0-_26ÉTÉ-0000001-',740,,30814,1,,,1,101,,30820,1,,,1,99,,30821,1,,,1,100,,30822,1,,,1,100,,30815,1,,,1,100,,30817,1,,,1,100,,30816,1,,,1,100,,30818,1,,,1,100,,30819,1,,,1,100,,30824,1,,,1,100,,30829,1,,,1,100,,30823,1,,,1,100,,30825,1,,,1,100,,30830,1,,,1,100,,30828,1,,,1,100,,30826,1,,,1,100,,30827,1,,,1
37100,'Dimanche-10-_26ÉTÉ-0000001-',740,,32397,1,,,1,101,,32403,1,,,1,99,,32404,1,,,1,100,,32405,1,,,1,100,,32398,1,,,1,100,,32400,1,,,1,100,,32399,1,,,1,100,,32401,1,,,1,100,,32402,1,,,1,100,,32407,1,,,1,100,,32412,1,,,1,100,,32406,1,,,1,100,,32408,1,,,1,100,,32413,1,,,1,100,,32411,1,,,1,100,,32409,1,,,1,100,,32410,1,,,1
37100,'Semaine-1-_26ÉTÉ-1111100-',645,,26673,1,,,1,71,,26670,1,,,1,30,,26666,1,,,1,69,,26661,1,,,1,90,,26680,1,,,1,100,,26665,1,,,1,100,,26667,1,,,1,100,,26679,1,,,1,100,,26674,1,,,1,100,,26663,1,,,1,50,,26675,1,,,1,58,,26684,1,,,1,17,,26664,1,,,1,15,,26685,1,,,1,65,,26660,1,,,1,21,,26669,1,,,1,72,,26676,1,,,1,23,,26682,1,,,1,29,,26681,1,,,1,70,,26671,1,,,1,30,,26683,1,,,1,70,,26686,1,,,1,30,,26672,1,,,1,95,,26668,1,,,1,100,,26678,1,,,1,100,,26677,1,,,1,100,,26662,1,,,1
37100,'Semaine-10-_26ÉTÉ-1111100-',645,,30844,1,,,1,71,,30841,1,,,1,30,,30837,1,,,1,69,,30832,1,,,1,90,,30851,1,,,1,100,,30836,1,,,1,100,,30838,1,,,1,100,,30850,1,,,1,100,,30845,1,,,1,100,,30834,1,,,1,50,,30846,1,,,1,58,,30855,1,,,1,17,,30835,1,,,1,15,,30856,1,,,1,65,,30831,1,,,1,21,,30840,1,,,1,72,,30847,1,,,1,23,,30853,1,,,1,29,,30852,1,,,1,70,,30842,1,,,1,30,,30854,1,,,1,70,,30857,1,,,1,30,,30843,1,,,1,95,,30839,1,,,1,100,,30849,1,,,1,100,,30848,1,,,1,100,,30833,1,,,1
40000,'Samedi-0-_26ÉTÉ-0000010-',555,,30917,1,,,1,60,,30918,1,,,1,15,,30921,1,,,1,15,,30926,1,,,1,55,,30935,1,,,1,15,,30936,1,,,1,15,,30919,1,,,1,15,,30923,1,,,1,55,,30920,1,,,1,15,,30944,1,,,1,15,,30922,1,,,1,15,,30925,1,,,1,55,,30924,1,,,1,15,,30927,1,,,1,15,,30945,1,,,1,15,,30943,1,,,1,55,,30946,1,,,1,16,,30928,1,,,1,14,,30930,1,,,1,15,,30933,1,,,1,55,,30934,1,,,1,15,,30929,1,,,1,15,,30940,1,,,1,15,,30942,1,,,1,55,,30947,1,,,1,15,,30932,1,,,1,15,,30931,1,,,1,15,,30937,1,,,1,55,,30938,1,,,1,15,,30939,1,,,1,15,,30948,1,,,1,15,,30941,1,,,1,55,,30949,1,,,1,15,,30950,1,,,1,15,,30951,1,,,1,15,,30952,1,,,1,55,,30953,1,,,1,15,,30954,1,,,1,15,,30955,1,,,1,15,,30956,1,,,1,55,,30957,1,,,1,15,,30958,1,,,1,15,,30959,1,,,1,15,,30960,1,,,1,55,,30961,1,,,1,14,,30962,1,,,1,16,,30963,1,,,1,15,,30964,1,,,1,55,,30970,1,,,1,15,,30965,1,,,1,15,,30966,1,,,1,15,,30967,1,,,1,55,,30968,1,,,1,15,,30969,1,,,1,15,,30973,1,,,1,16,,30971,1,,,1,54,,30972,1,,,1,16,,30977,1,,,1,14,,30976,1,,,1,15,,30975,1,,,1,55,,30974,1,,,1,15,,30981,1,,,1,15,,30978,1,,,1,15,,30979,1,,,1,55,,30980,1,,,1,15,,30988,1,,,1,15,,30983,1,,,1,15,,30982,1,,,1,55,,30984,1,,,1,15,,30985,1,,,1,15,,30986,1,,,1,15,,30987,1,,,1,55,,30989,1,,,1
40000,'Dimanche-0-_26ÉTÉ-0000001-',555,,30990,1,,,1,60,,30992,1,,,1,15,,30997,1,,,1,15,,31003,1,,,1,55,,31005,1,,,1,15,,30991,1,,,1,15,,30994,1,,,1,15,,31001,1,,,1,55,,31008,1,,,1,15,,31012,1,,,1,15,,30996,1,,,1,15,,31004,1,,,1,55,,31015,1,,,1,15,,30993,1,,,1,15,,30995,1,,,1,15,,31002,1,,,1,55,,31009,1,,,1,16,,31010,1,,,1,14,,31026,1,,,1,15,,31025,1,,,1,55,,31016,1,,,1,15,,31007,1,,,1,15,,31017,1,,,1,15,,31020,1,,,1,55,,31029,1,,,1,15,,30998,1,,,1,15,,31027,1,,,1,15,,31024,1,,,1,55,,31028,1,,,1,15,,31006,1,,,1,15,,30999,1,,,1,15,,31030,1,,,1,55,,31021,1,,,1,15,,31013,1,,,1,15,,31011,1,,,1,15,,31018,1,,,1,55,,31023,1,,,1,15,,31033,1,,,1,15,,31000,1,,,1,15,,31035,1,,,1,55,,31022,1,,,1,15,,31014,1,,,1,15,,31045,1,,,1,15,,31019,1,,,1,55,,31054,1,,,1,14,,31040,1,,,1,16,,31044,1,,,1,15,,31060,1,,,1,55,,31051,1,,,1,15,,31032,1,,,1,15,,31046,1,,,1,15,,31036,1,,,1,55,,31053,1,,,1,15,,31039,1,,,1,15,,31043,1,,,1,16,,31059,1,,,1,54,,31052,1,,,1,16,,31031,1,,,1,14,,31056,1,,,1,15,,31050,1,,,1,55,,31058,1,,,1,15,,31034,1,,,1,15,,31038,1,,,1,15,,31042,1,,,1,55,,31048,1,,,1,15,,31062,1,,,1,15,,31055,1,,,1,15,,31049,1,,,1,55,,31057,1,,,1,15,,31061,1,,,1,15,,31037,1,,,1,15,,31041,1,,,1,55,,31047,1,,,1
40000,'Dimanche-10-_26ÉTÉ-0000001-',555,,32431,1,,,1,60,,32433,1,,,1,15,,32438,1,,,1,15,,32444,1,,,1,55,,32446,1,,,1,15,,32432,1,,,1,15,,32435,1,,,1,15,,32442,1,,,1,55,,32449,1,,,1,15,,32453,1,,,1,15,,32437,1,,,1,15,,32445,1,,,1,55,,32456,1,,,1,15,,32434,1,,,1,15,,32436,1,,,1,15,,32443,1,,,1,55,,32450,1,,,1,16,,32451,1,,,1,14,,32467,1,,,1,15,,32466,1,,,1,55,,32457,1,,,1,15,,32448,1,,,1,15,,32458,1,,,1,15,,32461,1,,,1,55,,32470,1,,,1,15,,32439,1,,,1,15,,32468,1,,,1,15,,32465,1,,,1,55,,32469,1,,,1,15,,32447,1,,,1,15,,32440,1,,,1,15,,32471,1,,,1,55,,32462,1,,,1,15,,32454,1,,,1,15,,32452,1,,,1,15,,32459,1,,,1,55,,32464,1,,,1,15,,32474,1,,,1,15,,32441,1,,,1,15,,32476,1,,,1,55,,32463,1,,,1,15,,32455,1,,,1,15,,32486,1,,,1,15,,32460,1,,,1,55,,32495,1,,,1,14,,32481,1,,,1,16,,32485,1,,,1,15,,32501,1,,,1,55,,32492,1,,,1,15,,32473,1,,,1,15,,32487,1,,,1,15,,32477,1,,,1,55,,32494,1,,,1,15,,32480,1,,,1,15,,32484,1,,,1,16,,32500,1,,,1,54,,32493,1,,,1,16,,32472,1,,,1,14,,32497,1,,,1,15,,32491,1,,,1,55,,32499,1,,,1,15,,32475,1,,,1,15,,32479,1,,,1,15,,32483,1,,,1,55,,32489,1,,,1,15,,32503,1,,,1,15,,32496,1,,,1,15,,32490,1,,,1,55,,32498,1,,,1,15,,32502,1,,,1,15,,32478,1,,,1,15,,32482,1,,,1,55,,32488,1,,,1
40000,'Semaine-1-_26ÉTÉ-1111100-',530,,26712,1,,,1,15,,26718,1,,,1,55,,26741,1,,,1,15,,26756,1,,,1,15,,26746,1,,,1,15,,26804,1,,,1,10,,26776,1,,,1,50,,26728,1,,,1,10,,26775,1,,,1,14,,26770,1,,,1,14,,26771,1,,,1,11,,26726,1,,,1,52,,26748,1,,,1,12,,26750,1,,,1,12,,26797,1,,,1,12,,26767,1,,,1,12,,26721,1,,,1,52,,26730,1,,,1,10,,26716,1,,,1,10,,26719,1,,,1,10,,26772,1,,,1,10,,26738,1,,,1,10,,26751,1,,,1,50,,26744,1,,,1,10,,26745,1,,,1,11,,26777,1,,,1,9,,26757,1,,,1,10,,26768,1,,,1,10,,26722,1,,,1,51,,26731,1,,,1,9,,26720,1,,,1,10,,26798,1,,,1,10,,26773,1,,,1,10,,26739,1,,,1,10,,26752,1,,,1,50,,26743,1,,,1,10,,26735,1,,,1,10,,26764,1,,,1,10,,26747,1,,,1,5,,26758,1,,,1,5,,26769,1,,,1,11,,26723,1,,,1,50,,26733,1,,,1,10,,26725,1,,,1,10,,26715,1,,,1,10,,26774,1,,,1,10,,26755,1,,,1,10,,26753,1,,,1,46,,26765,1,,,1,6,,26742,1,,,1,6,,26734,1,,,1,6,,26782,1,,,1,6,,26783,1,,,1,5,,26784,1,,,1,5,,26785,1,,,1,5,,26786,1,,,1,5,,26796,1,,,1,5,,26802,1,,,1,4,,26787,1,,,1,276,,26788,1,,,1,5,,26789,1,,,1,5,,26790,1,,,1,5,,26791,1,,,1,5,,26803,1,,,1,5,,26792,1,,,1,48,,26793,1,,,1,8,,26794,1,,,1,12,,26795,1,,,1,12,,26759,1,,,1,12,,26760,1,,,1,52,,26754,1,,,1,12,,26780,1,,,1,12,,26763,1,,,1,12,,26749,1,,,1,12,,26727,1,,,1,52,,26799,1,,,1,12,,26732,1,,,1,11,,26800,1,,,1,13,,26740,1,,,1,12,,26761,1,,,1,54,,26801,1,,,1,12,,26737,1,,,1,16,,26781,1,,,1,14,,26779,1,,,1,55,,26724,1,,,1,15,,26713,1,,,1,15,,26729,1,,,1,15,,26762,1,,,1,55,,26736,1,,,1,15,,26766,1,,,1,15,,26778,1,,,1,15,,26717,1,,,1,55,,26714,1,,,1
40000,'Semaine-10-_26ÉTÉ-1111100-',530,,31063,1,,,1,15,,31069,1,,,1,55,,31092,1,,,1,15,,31107,1,,,1,15,,31097,1,,,1,15,,31155,1,,,1,10,,31127,1,,,1,50,,31079,1,,,1,10,,31126,1,,,1,14,,31121,1,,,1,14,,31122,1,,,1,11,,31077,1,,,1,52,,31099,1,,,1,12,,31101,1,,,1,12,,31148,1,,,1,12,,31118,1,,,1,12,,31072,1,,,1,52,,31081,1,,,1,10,,31067,1,,,1,10,,31070,1,,,1,10,,31123,1,,,1,10,,31089,1,,,1,10,,31102,1,,,1,50,,31095,1,,,1,10,,31096,1,,,1,11,,31128,1,,,1,9,,31108,1,,,1,10,,31119,1,,,1,10,,31073,1,,,1,51,,31082,1,,,1,9,,31071,1,,,1,10,,31149,1,,,1,10,,31124,1,,,1,10,,31090,1,,,1,10,,31103,1,,,1,50,,31094,1,,,1,10,,31086,1,,,1,10,,31115,1,,,1,10,,31098,1,,,1,5,,31109,1,,,1,5,,31120,1,,,1,11,,31074,1,,,1,50,,31084,1,,,1,10,,31076,1,,,1,10,,31066,1,,,1,10,,31125,1,,,1,10,,31106,1,,,1,10,,31104,1,,,1,46,,31116,1,,,1,6,,31093,1,,,1,6,,31085,1,,,1,6,,31133,1,,,1,6,,31134,1,,,1,5,,31135,1,,,1,5,,31136,1,,,1,5,,31137,1,,,1,5,,31147,1,,,1,5,,31153,1,,,1,4,,31138,1,,,1,276,,31139,1,,,1,5,,31140,1,,,1,5,,31141,1,,,1,5,,31142,1,,,1,5,,31154,1,,,1,5,,31143,1,,,1,48,,31144,1,,,1,8,,31145,1,,,1,12,,31146,1,,,1,12,,31110,1,,,1,12,,31111,1,,,1,52,,31105,1,,,1,12,,31131,1,,,1,12,,31114,1,,,1,12,,31100,1,,,1,12,,31078,1,,,1,52,,31150,1,,,1,12,,31083,1,,,1,11,,31151,1,,,1,13,,31091,1,,,1,12,,31112,1,,,1,54,,31152,1,,,1,12,,31088,1,,,1,16,,31132,1,,,1,14,,31130,1,,,1,55,,31075,1,,,1,15,,31064,1,,,1,15,,31080,1,,,1,15,,31113,1,,,1,55,,31087,1,,,1,15,,31117,1,,,1,15,,31129,1,,,1,15,,31068,1,,,1,55,,31065,1,,,1
