7700,'Samedi-0-_26ÉTÉ-0000010-',744,,43331,3,,,1,100,,43330,3,,,2,100,,43329,3,,,2,100,,43334,3,,,1,100,,43332,3,,,1,100,,43333,3,,,1,100,,43335,3,,,1,102,,43336,3,,,1,98,,43337,3,,,1,100,,43338,3,,,1,100,,43339,3,,,1,100,,43340,3,,,1,100,,43341,3,,,1,100,,43344,3,,,1,100,,43342,3,,,1,100,,43343,3,,,2
7700,'Samedi-10-_26ÉTÉ-0000010-',744,,47971,3,,,1,100,,47970,3,,,2,100,,47969,3,,,2,100,,47974,3,,,1,100,,47972,3,,,1,100,,47973,3,,,1,100,,47975,3,,,1,102,,47976,3,,,1,98,,47977,3,,,1,100,,47978,3,,,1,100,,47979,3,,,1,100,,47980,3,,,1,100,,47981,3,,,1,100,,47984,3,,,1,100,,47982,3,,,1,100,,47983,3,,,2
7700,'Dimanche-0-_26ÉTÉ-0000001-',744,,43345,3,,,1,100,,43349,3,,,2,100,,43351,3,,,2,100,,43346,3,,,1,100,,43350,3,,,1,100,,43352,3,,,1,100,,43347,3,,,1,102,,43348,3,,,1,98,,43353,3,,,1,100,,43354,3,,,1,100,,43357,3,,,1,100,,43359,3,,,1,100,,43358,3,,,1,100,,43360,3,,,1,100,,43355,3,,,1,100,,43356,3,,,2
7700,'Dimanche-10-_26ÉTÉ-0000001-',744,,43361,3,,,1,100,,43365,3,,,2,100,,43367,3,,,2,100,,43362,3,,,1,100,,43366,3,,,1,100,,43368,3,,,1,100,,43363,3,,,1,102,,43364,3,,,1,98,,43369,3,,,1,100,,43370,3,,,1,100,,43373,3,,,1,100,,43375,3,,,1,100,,43374,3,,,1,100,,43376,3,,,1,100,,43371,3,,,1,100,,43372,3,,,2
7700,'Semaine-1-_26ÉTÉ-1111100-',523,,43402,3,,,1,29,,43387,3,,,1,70,,43389,3,,,1,30,,43379,3,,,1,72,,43390,3,,,2,28,,43401,3,,,2,67,,43386,3,,,2,29,,43391,3,,,2,70,,43406,3,,,2,30,,43392,3,,,2,70,,43407,3,,,1,30,,43393,3,,,1,70,,43408,3,,,1,30,,43394,3,,,1,70,,43405,3,,,1,30,,43395,3,,,1,70,,43404,3,,,1,30,,43396,3,,,1,72,,43403,3,,,2,28,,43378,3,,,2,71,,43398,3,,,1,30,,43383,3,,,2,70,,43397,3,,,2,30,,43381,3,,,1,70,,43399,3,,,1,29,,43382,3,,,1,70,,43388,3,,,1,30,,43400,3,,,1,100,,43384,3,,,2,100,,43385,3,,,2,100,,43380,3,,,2,100,,43377,3,,,1
7700,'Semaine-10-_26ÉTÉ-1111100-',523,,43434,3,,,1,29,,43419,3,,,1,70,,43421,3,,,1,30,,43411,3,,,1,72,,43422,3,,,2,28,,43433,3,,,2,67,,43418,3,,,2,29,,43423,3,,,2,70,,43438,3,,,2,30,,43424,3,,,2,70,,43439,3,,,1,30,,43425,3,,,1,70,,43440,3,,,1,30,,43426,3,,,1,70,,43437,3,,,1,30,,43427,3,,,1,70,,43436,3,,,1,30,,43428,3,,,1,72,,43435,3,,,2,28,,43410,3,,,2,71,,43430,3,,,2,30,,43415,3,,,2,70,,43429,3,,,2,30,,43413,3,,,1,70,,43431,3,,,1,29,,43414,3,,,1,70,,43420,3,,,1,30,,43432,3,,,1,100,,43416,3,,,2,100,,43417,3,,,2,100,,43412,3,,,2,100,,43409,3,,,1
7700,'Semaine-11-_26ÉTÉ-1111100-',523,,48010,3,,,1,29,,47995,3,,,1,70,,47997,3,,,1,30,,47987,3,,,1,72,,47998,3,,,2,28,,48009,3,,,2,67,,47994,3,,,2,29,,47999,3,,,2,70,,48014,3,,,2,30,,48000,3,,,2,70,,48015,3,,,1,30,,48001,3,,,1,70,,48016,3,,,1,30,,48002,3,,,1,70,,48013,3,,,1,30,,48003,3,,,1,70,,48012,3,,,1,30,,48004,3,,,1,72,,48011,3,,,2,28,,47986,3,,,2,71,,48006,3,,,1,30,,47991,3,,,2,70,,48005,3,,,2,30,,47989,3,,,1,70,,48007,3,,,1,29,,47990,3,,,1,70,,47996,3,,,1,30,,48008,3,,,1,100,,47992,3,,,2,100,,47993,3,,,2,100,,47988,3,,,2,100,,47985,3,,,1
7800,'Samedi-0-_26ÉTÉ-0000010-',815,,43444,3,,,1,100,,43443,3,,,2,100,,43441,3,,,2,100,,43446,3,,,1,100,,43442,3,,,1,100,,43445,3,,,1,99,,43447,3,,,1,101,,43448,3,,,1,100,,43449,3,,,1,100,,43450,3,,,1,100,,43451,3,,,1,100,,43452,3,,,2,100,,43453,3,,,1,100,,43454,3,,,1,100,,43455,3,,,1,100,,43456,3,,,2
7800,'Samedi-10-_26ÉTÉ-0000010-',815,,48020,3,,,1,100,,48019,3,,,2,100,,48017,3,,,2,100,,48022,3,,,1,100,,48018,3,,,1,100,,48021,3,,,1,99,,48023,3,,,1,101,,48024,3,,,1,100,,48025,3,,,1,100,,48026,3,,,1,100,,48027,3,,,1,100,,48028,3,,,2,100,,48029,3,,,1,100,,48030,3,,,1,100,,48031,3,,,1,100,,48032,3,,,2
7800,'Dimanche-0-_26ÉTÉ-0000001-',815,,43457,3,,,1,100,,43461,3,,,2,100,,43463,3,,,2,100,,43458,3,,,1,100,,43462,3,,,1,100,,43464,3,,,1,99,,43459,3,,,1,101,,43460,3,,,1,100,,43465,3,,,1,100,,43468,3,,,1,100,,43470,3,,,1,100,,43469,3,,,2,100,,43471,3,,,1,100,,43472,3,,,1,100,,43466,3,,,1,100,,43467,3,,,2
7800,'Dimanche-10-_26ÉTÉ-0000001-',815,,43473,3,,,1,100,,43477,3,,,2,100,,43479,3,,,2,100,,43474,3,,,1,100,,43478,3,,,1,100,,43480,3,,,1,99,,43475,3,,,1,101,,43476,3,,,1,100,,43481,3,,,1,100,,43484,3,,,1,100,,43486,3,,,1,100,,43485,3,,,2,100,,43487,3,,,1,100,,43488,3,,,1,100,,43482,3,,,1,100,,43483,3,,,2
7800,'Semaine-1-_26ÉTÉ-1111100-',446,,43501,3,,,1,60,,43502,3,,,1,30,,43491,3,,,1,71,,43503,3,,,2,30,,43489,3,,,2,70,,43504,3,,,2,30,,43513,3,,,2,65,,43494,3,,,1,34,,43505,3,,,1,68,,43506,3,,,2,30,,43517,3,,,2,70,,43507,3,,,1,30,,43518,3,,,2,70,,43508,3,,,1,30,,43519,3,,,1,70,,43509,3,,,1,30,,43520,3,,,2,70,,43510,3,,,1,30,,43521,3,,,1,70,,43511,3,,,1,30,,43496,3,,,2,70,,43512,3,,,1,29,,43490,3,,,1,69,,43499,3,,,1,32,,43514,3,,,1,72,,43498,3,,,1,28,,43522,3,,,1,70,,43515,3,,,1,30,,43492,3,,,1,85,,43516,3,,,1,98,,43497,3,,,1,102,,43500,3,,,1,100,,43493,3,,,2,100,,43495,3,,,1
7800,'Semaine-10-_26ÉTÉ-1111100-',446,,43535,3,,,1,60,,43536,3,,,1,30,,43525,3,,,1,71,,43537,3,,,2,30,,43523,3,,,2,70,,43538,3,,,2,30,,43547,3,,,2,65,,43528,3,,,1,34,,43539,3,,,1,68,,43540,3,,,2,30,,43551,3,,,2,70,,43541,3,,,1,30,,43552,3,,,2,70,,43542,3,,,1,30,,43553,3,,,1,70,,43543,3,,,1,30,,43554,3,,,2,70,,43544,3,,,1,30,,43555,3,,,1,70,,43545,3,,,1,30,,43530,3,,,1,70,,43546,3,,,1,29,,43524,3,,,1,69,,43533,3,,,1,32,,43548,3,,,1,72,,43532,3,,,1,28,,43556,3,,,1,70,,43549,3,,,1,30,,43526,3,,,1,85,,43550,3,,,1,98,,43531,3,,,1,102,,43534,3,,,1,100,,43527,3,,,2,100,,43529,3,,,1
7800,'Semaine-11-_26ÉTÉ-1111100-',446,,48045,3,,,1,60,,48046,3,,,1,30,,48035,3,,,1,71,,48047,3,,,2,30,,48033,3,,,2,70,,48048,3,,,2,30,,48057,3,,,2,65,,48038,3,,,1,34,,48049,3,,,1,68,,48050,3,,,2,30,,48061,3,,,2,70,,48051,3,,,1,30,,48062,3,,,2,70,,48052,3,,,1,30,,48063,3,,,1,70,,48053,3,,,1,30,,48064,3,,,2,70,,48054,3,,,1,30,,48065,3,,,1,70,,48055,3,,,1,30,,48040,3,,,2,70,,48056,3,,,1,29,,48034,3,,,1,69,,48043,3,,,1,32,,48058,3,,,1,72,,48042,3,,,1,28,,48066,3,,,1,70,,48059,3,,,1,30,,48036,3,,,1,85,,48060,3,,,1,98,,48041,3,,,1,102,,48044,3,,,1,100,,48037,3,,,2,100,,48039,3,,,1
