4501,'Semaine-1-_26ÉTÉ-1111100-',624,,39637,14,,,2,34,,39641,14,,,1,67,,39640,14,,,2,30,,39639,14,,,1,69,,39642,14,,,1,30,,39638,14,,,2
4501,'Semaine-10-_26ÉTÉ-1111100-',624,,39643,14,,,2,34,,39647,14,,,1,67,,39646,14,,,2,30,,39645,14,,,1,69,,39648,14,,,1,30,,39644,14,,,2
4501,'Semaine-11-_26ÉTÉ-1111100-',624,,46379,14,,,2,34,,46383,14,,,1,67,,46382,14,,,2,30,,46381,14,,,1,69,,46384,14,,,1,30,,46380,14,,,2
4501,'Semaine-5-_26ÉTÉ-1111100-',624,,50663,14,,,2,34,,50667,14,,,1,67,,50666,14,,,2,30,,50665,14,,,1,69,,50668,14,,,1,30,,50664,14,,,2
4701,'Semaine-1-_26ÉTÉ-1111100-',615,,39657,12,,,2,44,,39658,12,,,2,85,,39655,12,,,2,69,,39656,12,,,2
4701,'Semaine-10-_26ÉTÉ-1111100-',615,,39661,12,,,2,44,,39662,12,,,2,85,,39659,12,,,2,69,,39660,12,,,2
4701,'Semaine-11-_26ÉTÉ-1111100-',615,,46390,12,,,2,44,,46391,12,,,2,85,,46388,12,,,2,69,,46389,12,,,2
4701,'Semaine-5-_26ÉTÉ-1111100-',615,,50674,12,,,2,44,,50675,12,,,2,85,,50672,12,,,2,69,,50673,12,,,2
5201,'Samedi-0-_26ÉTÉ-0000010-',655,,39999,38,,,2,100,,40000,38,,,1,101,,40001,38,,,2,100,,40002,38,,,1,101,,40004,38,,,1,100,,40003,38,,,1,100,,40005,38,,,2,100,,40006,38,,,1,101,,40007,38,,,2,99,,40008,38,,,1,100,,40009,38,,,1,100,,40010,38,,,1,99,,40013,38,,,1,100,,40011,38,,,1,98,,40015,38,,,2,100,,40012,38,,,1,100,,40014,38,,,1,100,,40016,38,,,1
5201,'Dimanche-0-_26ÉTÉ-0000001-',655,,40017,38,,,2,100,,40018,38,,,1,101,,40019,38,,,2,100,,40020,38,,,1,101,,40025,38,,,1,100,,40021,38,,,1,100,,40022,38,,,2,100,,40026,38,,,1,101,,40023,38,,,2,99,,40024,38,,,1,100,,40027,38,,,1,100,,40030,38,,,1,99,,40028,38,,,1,100,,40034,38,,,1,98,,40029,38,,,2,100,,40031,38,,,1,100,,40032,38,,,1,100,,40033,38,,,1
5201,'Dimanche-10-_26ÉTÉ-0000001-',655,,40035,38,,,2,100,,40036,38,,,1,101,,40037,38,,,2,100,,40038,38,,,1,101,,40043,38,,,1,100,,40039,38,,,1,100,,40040,38,,,2,100,,40044,38,,,1,101,,40041,38,,,2,99,,40042,38,,,1,100,,40045,38,,,1,100,,40048,38,,,1,99,,40046,38,,,1,100,,40052,38,,,1,98,,40047,38,,,2,100,,40049,38,,,1,100,,40050,38,,,1,100,,40051,38,,,1
5201,'Dimanche-11-_26ÉTÉ-0000001-',655,,49188,38,,,2,100,,49189,38,,,1,101,,49190,38,,,2,100,,49191,38,,,1,101,,49196,38,,,1,100,,49192,38,,,1,100,,49193,38,,,2,100,,49197,38,,,1,101,,49194,38,,,2,99,,49195,38,,,1,100,,49198,38,,,1,100,,49201,38,,,1,99,,49199,38,,,1,100,,49205,38,,,1,98,,49200,38,,,2,100,,49202,38,,,1,100,,49203,38,,,1,100,,49204,38,,,1
5201,'Semaine-1-_26ÉTÉ-1111100-',626,,40068,38,,,1,101,,40070,38,,,1,99,,40069,38,,,1,100,,40053,38,,,1,101,,40059,38,,,1,100,,40056,38,,,2,100,,40063,38,,,1,100,,40054,38,,,1,100,,40058,38,,,1,102,,40057,38,,,1,100,,40067,38,,,1,100,,40066,38,,,1,98,,40060,38,,,1,97,,40061,38,,,1,100,,40065,38,,,1,100,,40062,38,,,1,100,,40064,38,,,1,100,,40055,38,,,1
5201,'Semaine-10-_26ÉTÉ-1111100-',626,,40086,38,,,1,101,,40088,38,,,1,99,,40087,38,,,1,100,,40071,38,,,1,101,,40077,38,,,1,100,,40074,38,,,2,100,,40081,38,,,1,100,,40072,38,,,1,100,,40076,38,,,1,102,,40075,38,,,1,100,,40085,38,,,1,100,,40084,38,,,1,98,,40078,38,,,1,97,,40079,38,,,1,100,,40083,38,,,1,100,,40080,38,,,1,100,,40082,38,,,1,100,,40073,38,,,1
5201,'Semaine-11-_26ÉTÉ-1111100-',626,,46567,38,,,1,101,,46569,38,,,1,99,,46568,38,,,1,100,,46552,38,,,1,101,,46558,38,,,1,100,,46555,38,,,2,100,,46562,38,,,1,100,,46553,38,,,1,100,,46557,38,,,1,102,,46556,38,,,1,100,,46566,38,,,1,100,,46565,38,,,1,98,,46559,38,,,1,97,,46560,38,,,1,100,,46564,38,,,1,100,,46561,38,,,1,100,,46563,38,,,1,100,,46554,38,,,1
5201,'Semaine-5-_26ÉTÉ-1111100-',626,,50783,38,,,1,101,,50785,38,,,1,99,,50784,38,,,1,100,,50768,38,,,1,101,,50774,38,,,1,100,,50771,38,,,2,100,,50778,38,,,1,100,,50769,38,,,1,100,,50773,38,,,1,102,,50772,38,,,1,100,,50782,38,,,1,100,,50781,38,,,1,98,,50775,38,,,1,97,,50776,38,,,1,100,,50780,38,,,1,100,,50777,38,,,1,100,,50779,38,,,1,100,,50770,38,,,1
5600,'Semaine-1-_26ÉTÉ-1111100-',633,,40502,10,,,2,21,,40500,10,,,1,5,,40504,10,,,2,72,,40503,10,,,2,71,,40497,10,,,2,105,,40496,10,,,2,104,,40498,10,,,1,98,,40501,10,,,2,100,,40499,10,,,1
5600,'Semaine-10-_26ÉTÉ-1111100-',633,,40511,10,,,2,21,,40509,10,,,1,5,,40513,10,,,2,72,,40512,10,,,2,71,,40506,10,,,2,105,,40505,10,,,2,104,,40507,10,,,1,98,,40510,10,,,2,100,,40508,10,,,1
5600,'Semaine-11-_26ÉTÉ-1111100-',633,,46745,10,,,2,21,,46743,10,,,1,5,,46747,10,,,2,72,,46746,10,,,2,71,,46740,10,,,2,105,,46739,10,,,2,104,,46741,10,,,1,98,,46744,10,,,2,100,,46742,10,,,1
5600,'Semaine-5-_26ÉTÉ-1111100-',633,,50892,10,,,2,21,,50890,10,,,1,5,,50894,10,,,2,72,,50893,10,,,2,71,,50887,10,,,2,105,,50886,10,,,2,104,,50888,10,,,1,98,,50891,10,,,2,100,,50889,10,,,1
