2700,'Semaine-4',1559,,32661,12,,,2,70,,32659,12,,,1,28,,32663,12,,,1,70,,32660,12,,,1,29,,32662,12,,,2
3100,'Samedi-3',736,,32684,25,,,1,70,,32685,25,,,1,102,,32686,25,,,1,101,,32683,25,,,1,103,,32689,25,,,1,101,,32690,25,,,1,101,,32687,25,,,1,100,,32688,25,,,1,100,,32691,25,,,1,102,,32692,25,,,1,98,,32693,25,,,1,100,,32694,25,,,1,92,,32700,25,,,1,100,,32695,25,,,1,99,,32696,25,,,1,100,,32697,25,,,1,100,,32698,25,,,1,100,,32699,25,,,1,96,,32701,25,,,1
3100,'Dimanche-3',736,,32706,25,,,1,70,,32707,25,,,1,102,,32708,25,,,1,101,,32709,25,,,1,103,,32702,25,,,1,101,,32703,25,,,1,101,,32704,25,,,1,100,,32705,25,,,1,100,,32711,25,,,1,102,,32712,25,,,1,98,,32710,25,,,1,100,,32713,25,,,1,92,,32716,25,,,1,100,,32720,25,,,1,99,,32714,25,,,1,100,,32715,25,,,1,100,,32718,25,,,1,100,,32717,25,,,1,96,,32719,25,,,1
3100,'Semaine-4',622,,32725,23,,,1,35,,32760,23,,,1,71,,32738,23,,,1,31,,32726,23,,,1,60,,32766,23,,,1,14,,32763,23,,,1,20,,32722,23,,,1,56,,32735,23,,,1,17,,32736,23,,,1,12,,32752,23,,,1,19,,32727,23,,,1,61,,32729,23,,,1,20,,32746,23,,,1,20,,32747,23,,,1,60,,32753,23,,,1,20,,32728,23,,,1,20,,32733,23,,,1,61,,32754,23,,,1,20,,32761,23,,,1,19,,32749,23,,,1,60,,32730,23,,,1,21,,32723,23,,,1,17,,32759,23,,,1,62,,32764,23,,,1,19,,32748,23,,,1,20,,32731,23,,,1,59,,32751,23,,,1,25,,32755,23,,,1,61,,32762,23,,,1,19,,32750,23,,,1,14,,32732,23,,,1,21,,32743,23,,,1,60,,32745,23,,,1,22,,32734,23,,,1,5,,32721,16,,,1,13,,32739,23,,,1,61,,32724,23,,,1,13,,32757,23,,,1,18,,32765,23,,,1,67,,32740,25,,,1,98,,32758,25,,,1,99,,32741,25,,,1,100,,32737,25,,,1,99,,32742,25,,,1,102,,32744,25,,,1,103,,32756,25,,,1
3300,'Samedi-3',704,,32948,22,,,1,132,,32953,22,,,1,99,,32950,22,,,1,98,,32954,22,,,1,101,,32949,22,,,1,100,,32952,22,,,1,100,,32951,22,,,1,100,,32955,22,,,1,103,,32956,22,,,1,97,,32957,22,,,1,100,,32958,22,,,1,99,,32959,22,,,1,98,,32960,22,,,1,100,,32964,22,,,1,100,,32961,22,,,1,100,,32962,22,,,1,100,,32963,22,,,1,99,,32965,22,,,1
3300,'Dimanche-3',704,,32967,22,,,1,132,,32966,22,,,1,99,,32969,22,,,1,98,,32971,22,,,1,101,,32972,22,,,1,100,,32973,22,,,1,100,,32968,22,,,1,100,,32975,22,,,1,103,,32970,22,,,1,97,,32976,22,,,1,100,,32979,22,,,1,99,,32983,22,,,1,98,,32980,22,,,1,100,,32974,22,,,1,100,,32977,22,,,1,100,,32982,22,,,1,100,,32978,22,,,1,99,,32981,22,,,1
3300,'Semaine-4',629,,33011,15,,,1,76,,33010,22,,,1,22,,33016,22,,,2,15,,32989,22,,,1,63,,33004,22,,,1,19,,33012,22,,,1,5,,33023,22,,,1,9,,33024,22,,,1,70,,33017,22,,,1,15,,32999,22,,,1,10,,33002,22,,,2,14,,33019,22,,,1,70,,33005,22,,,2,27,,32994,22,,,1,71,,33000,22,,,1,28,,32984,22,,,1,71,,33007,22,,,1,29,,32995,22,,,1,73,,33003,22,,,1,19,,33022,22,,,1,6,,33006,22,,,1,68,,33009,22,,,1,30,,32996,22,,,1,15,,33018,15,,,1,56,,33014,22,,,1,36,,33008,22,,,1,13,,32986,22,,,2,57,,32998,22,,,1,20,,33021,22,,,2,13,,33020,22,,,1,52,,33015,15,,,1,21,,32993,22,,,1,24,,32992,22,,,2,63,,32997,22,,,2,27,,32985,22,,,2,67,,32990,22,,,1,32,,33025,15,,,1,80,,33001,22,,,2,96,,32991,22,,,1,40,,32987,22,,,2,104,,33013,22,,,1,98,,33026,22,,,2,65,,32988,22,,,1
73300,'Semaine-4',1620,,37127,12,,,1
82600,'Semaine-4',1521,,37287,2,0,9 12 13,1
82700,'Semaine-4',1521,,37290,2,0,9 12 13,1
83100,'Semaine-4',1521,,37299,2,0,9 12 13,1
83300,'Semaine-4',1521,,37303,2,0,9 12 13,1
