3400,'Samedi-0-_26ÉTÉ-0000010-',806,,38218,57,,,1,106,,38223,57,,,1,30,,38219,57,,,2,71,,38225,57,,,1,30,,38226,57,,,1,72,,38220,57,,,1,30,,38221,57,,,2,70,,38222,57,,,1,30,,38224,57,,,2,72,,38227,57,,,1,30,,38229,57,,,1,71,,38228,57,,,2,30,,38230,57,,,1,70,,38231,57,,,1,30,,38232,57,,,2,69,,38233,57,,,1,30,,38234,57,,,1,70,,38235,57,,,1,30,,38236,57,,,1,70,,38237,57,,,1,30,,38238,57,,,1,68,,38239,57,,,1,28,,38240,57,,,2,70,,38241,57,,,1,30,,38242,57,,,1,70,,38243,57,,,1,30,,38244,57,,,1,70,,38245,57,,,1,30,,38246,57,,,1,69,,38248,57,,,1,31,,38247,57,,,1,69,,38250,57,,,1,30,,38249,57,,,1,65,,38251,57,,,1
3400,'Samedi-10-_26ÉTÉ-0000010-',806,,45777,57,,,1,106,,45782,57,,,1,30,,45778,57,,,2,71,,45784,57,,,1,30,,45785,57,,,1,72,,45779,57,,,1,30,,45780,57,,,2,70,,45781,57,,,1,30,,45783,57,,,2,72,,45786,57,,,1,30,,45788,57,,,1,71,,45787,57,,,2,30,,45789,57,,,1,70,,45790,57,,,1,30,,45791,57,,,2,69,,45792,57,,,1,30,,45793,57,,,1,70,,45794,57,,,1,30,,45795,57,,,1,70,,45796,57,,,1,30,,45797,57,,,1,68,,45798,57,,,1,28,,45799,57,,,2,70,,45800,57,,,1,30,,45801,57,,,1,70,,45802,57,,,1,30,,45803,57,,,1,70,,45804,57,,,1,30,,45805,57,,,1,69,,45807,57,,,1,31,,45806,57,,,1,69,,45809,57,,,1,30,,45808,57,,,1,65,,45810,57,,,1
3400,'Dimanche-0-_26ÉTÉ-0000001-',806,,38256,57,,,1,106,,38260,57,,,1,30,,38258,57,,,2,71,,38253,57,,,1,30,,38261,57,,,1,72,,38264,57,,,1,30,,38263,57,,,2,70,,38252,57,,,1,30,,38254,57,,,2,72,,38265,57,,,1,30,,38255,57,,,1,71,,38257,57,,,2,30,,38259,57,,,1,70,,38268,57,,,1,30,,38262,57,,,2,69,,38266,57,,,1,30,,38269,57,,,1,70,,38273,57,,,1,30,,38278,57,,,1,70,,38270,57,,,1,30,,38271,57,,,1,68,,38281,57,,,1,28,,38272,57,,,2,70,,38277,57,,,1,30,,38267,57,,,1,70,,38274,57,,,1,30,,38276,57,,,1,70,,38279,57,,,1,30,,38285,57,,,1,69,,38280,57,,,1,31,,38282,57,,,1,69,,38275,57,,,1,30,,38283,57,,,1,65,,38284,57,,,1
3400,'Dimanche-10-_26ÉTÉ-0000001-',806,,38290,57,,,1,106,,38294,57,,,1,30,,38292,57,,,2,71,,38287,57,,,1,30,,38295,57,,,1,72,,38298,57,,,1,30,,38297,57,,,2,70,,38286,57,,,1,30,,38288,57,,,2,72,,38299,57,,,1,30,,38289,57,,,1,71,,38291,57,,,2,30,,38293,57,,,1,70,,38302,57,,,1,30,,38296,57,,,2,69,,38300,57,,,1,30,,38303,57,,,1,70,,38307,57,,,1,30,,38312,57,,,1,70,,38304,57,,,1,30,,38305,57,,,1,68,,38315,57,,,1,28,,38306,57,,,2,70,,38311,57,,,1,30,,38301,57,,,1,70,,38308,57,,,1,30,,38310,57,,,1,70,,38313,57,,,1,30,,38319,57,,,1,69,,38314,57,,,1,31,,38316,57,,,1,69,,38309,57,,,1,30,,38317,57,,,1,65,,38318,57,,,1
3400,'Semaine-1-_26ÉTÉ-1111100-',651,,38350,57,,,1,71,,38335,57,,,1,34,,38329,57,,,1,73,,38333,57,,,1,30,,38324,57,,,1,67,,38344,57,,,1,28,,38330,57,,,1,68,,38320,57,,,1,30,,38325,57,,,2,70,,38326,57,,,2,30,,38331,57,,,1,70,,38321,57,,,1,31,,38351,57,,,1,70,,38327,57,,,1,30,,38332,57,,,1,70,,38322,57,,,1,35,,38348,57,,,2,67,,38323,57,,,1,26,,38349,57,,,1,308,,38347,57,,,2,60,,38336,57,,,1,27,,38328,57,,,2,70,,38340,57,,,1,30,,38346,57,,,1,70,,38337,57,,,1,28,,38339,57,,,1,70,,38341,57,,,1,30,,38334,57,,,1,70,,38343,57,,,1,26,,38338,57,,,1,68,,38342,57,,,1,30,,38345,57,,,1
3400,'Semaine-10-_26ÉTÉ-1111100-',651,,38382,57,,,1,71,,38367,57,,,1,34,,38361,57,,,1,73,,38365,57,,,1,30,,38356,57,,,1,67,,38376,57,,,1,28,,38362,57,,,1,68,,38352,57,,,1,30,,38357,57,,,2,70,,38358,57,,,2,30,,38363,57,,,1,70,,38353,57,,,1,31,,38383,57,,,1,70,,38359,57,,,1,30,,38364,57,,,1,70,,38354,57,,,1,35,,38380,57,,,2,67,,38355,57,,,1,26,,38381,57,,,1,308,,38379,57,,,2,60,,38368,57,,,1,27,,38360,57,,,2,70,,38372,57,,,1,30,,38378,57,,,1,70,,38369,57,,,1,28,,38371,57,,,1,70,,38373,57,,,1,30,,38366,57,,,1,70,,38375,57,,,1,26,,38370,57,,,1,68,,38374,57,,,1,30,,38377,57,,,1
3400,'Semaine-11-_26ÉTÉ-1111100-',651,,45841,57,,,1,71,,45826,57,,,1,34,,45820,57,,,1,73,,45824,57,,,1,30,,45815,57,,,1,67,,45835,57,,,1,28,,45821,57,,,1,68,,45811,57,,,1,30,,45816,57,,,2,70,,45817,57,,,2,30,,45822,57,,,1,70,,45812,57,,,1,31,,45842,57,,,1,70,,45818,57,,,1,30,,45823,57,,,1,70,,45813,57,,,1,35,,45839,57,,,2,67,,45814,57,,,1,26,,45840,57,,,1,308,,45838,57,,,2,60,,45827,57,,,1,27,,45819,57,,,2,70,,45831,57,,,1,30,,45837,57,,,1,70,,45828,57,,,1,28,,45830,57,,,1,70,,45832,57,,,1,30,,45825,57,,,1,70,,45834,57,,,1,26,,45829,57,,,1,68,,45833,57,,,1,30,,45836,57,,,1
5800,'Semaine-1-_26ÉTÉ-1111100-',842,,40532,34,,,1,398,,40533,34,,,1,303,,40535,34,,,1,71,,40530,34,,,1,30,,40531,34,,,1,70,,40534,34,,,2,29,,40529,34,,,1,68,,40528,34,,,2
5800,'Semaine-10-_26ÉTÉ-1111100-',842,,40540,34,,,1,398,,40541,34,,,1,303,,40543,34,,,1,71,,40538,34,,,1,30,,40539,34,,,1,70,,40542,34,,,2,29,,40537,34,,,1,68,,40536,34,,,2
5800,'Semaine-11-_26ÉTÉ-1111100-',842,,46759,34,,,1,398,,46760,34,,,1,303,,46762,34,,,1,71,,46757,34,,,1,30,,46758,34,,,1,70,,46761,34,,,2,29,,46756,34,,,1,68,,46755,34,,,2
