2000,'Semaine-1-_26ÉTÉ-1111100-',655,,37327,18,,,1,99,,37326,18,,,1,101,,37325,18,,,2
2000,'Semaine-10-_26ÉTÉ-1111100-',655,,37330,18,,,1,99,,37329,18,,,1,101,,37328,18,,,2
2000,'Semaine-11-_26ÉTÉ-1111100-',655,,45369,18,,,1,99,,45368,18,,,1,101,,45367,18,,,2
2000,'Semaine-12-_26ÉTÉ-1111100-',655,,52377,18,,,1,99,,52376,18,,,1,101,,52375,18,,,2
2000,'Semaine-5-_26ÉTÉ-1111100-',655,,49940,18,,,1,99,,49939,18,,,1,101,,49938,18,,,2
2700,'Semaine-1-_26ÉTÉ-1111100-',1607,,37405,20,,,1,30,,37403,20,,,2,67,,37407,20,,,1,31,,37404,20,,,1,68,,37406,20,,,2
2700,'Semaine-10-_26ÉTÉ-1111100-',1607,,37410,20,,,1,30,,37408,20,,,2,67,,37412,20,,,1,31,,37409,20,,,1,68,,37411,20,,,2
2700,'Semaine-11-_26ÉTÉ-1111100-',1607,,45408,20,,,1,30,,45406,20,,,2,67,,45410,20,,,1,31,,45407,20,,,1,68,,45409,20,,,2
2700,'Semaine-12-_26ÉTÉ-1111100-',1607,,52416,20,,,1,30,,52414,20,,,2,67,,52418,20,,,1,31,,52415,20,,,1,68,,52417,20,,,2
2700,'Semaine-5-_26ÉTÉ-1111100-',1607,,49979,20,,,1,30,,49977,20,,,2,67,,49981,20,,,1,31,,49978,20,,,1,68,,49980,20,,,2
3900,'Samedi-0-_26ÉTÉ-0000010-',713,,39287,49,,,1,101,,39288,49,,,1,100,,39292,49,,,1,102,,39291,49,,,1,100,,39294,49,,,1,98,,39293,49,,,1,104,,39289,49,,,1,30,,39290,49,,,1,70,,39295,49,,,1,31,,39296,49,,,2,70,,39297,49,,,1,30,,39298,49,,,1,71,,39299,49,,,2,30,,39300,49,,,1,70,,39301,49,,,1,30,,39302,49,,,1,66,,39303,49,,,1,29,,39304,49,,,1,69,,39305,49,,,1,31,,39306,49,,,1,100,,39307,49,,,1,100,,39308,49,,,1,100,,39309,49,,,1,97,,39310,49,,,1
3900,'Dimanche-0-_26ÉTÉ-0000001-',713,,39311,49,,,1,101,,39318,49,,,1,100,,39312,49,,,1,102,,39314,49,,,1,100,,39320,49,,,1,98,,39313,49,,,1,104,,39319,49,,,1,30,,39315,49,,,1,70,,39316,49,,,1,31,,39321,49,,,2,70,,39323,49,,,1,30,,39317,49,,,1,71,,39322,49,,,2,30,,39324,49,,,1,70,,39325,49,,,1,30,,39331,49,,,1,66,,39332,49,,,1,29,,39334,49,,,1,69,,39330,49,,,1,31,,39328,49,,,1,100,,39329,49,,,1,100,,39333,49,,,1,100,,39326,49,,,1,97,,39327,49,,,1
3900,'Dimanche-10-_26ÉTÉ-0000001-',713,,39335,49,,,1,101,,39342,49,,,1,100,,39336,49,,,1,102,,39338,49,,,1,100,,39344,49,,,1,98,,39337,49,,,1,104,,39343,49,,,1,30,,39339,49,,,1,70,,39340,49,,,1,31,,39345,49,,,2,70,,39347,49,,,1,30,,39341,49,,,1,71,,39346,49,,,2,30,,39348,49,,,1,70,,39349,49,,,1,30,,39355,49,,,1,66,,39356,49,,,1,29,,39358,49,,,1,69,,39354,49,,,1,31,,39352,49,,,1,100,,39353,49,,,1,100,,39357,49,,,1,100,,39350,49,,,1,97,,39351,49,,,1
3900,'Dimanche-11-_26ÉTÉ-0000001-',713,,49088,49,,,1,101,,49095,49,,,1,100,,49089,49,,,1,102,,49091,49,,,1,100,,49097,49,,,1,98,,49090,49,,,1,104,,49096,49,,,1,30,,49092,49,,,1,70,,49093,49,,,1,31,,49098,49,,,2,70,,49100,49,,,1,30,,49094,49,,,1,71,,49099,49,,,2,30,,49101,49,,,1,70,,49102,49,,,1,30,,49108,49,,,1,66,,49109,49,,,1,29,,49111,49,,,1,69,,49107,49,,,1,31,,49105,49,,,1,100,,49106,49,,,1,100,,49110,49,,,1,100,,49103,49,,,1,97,,49104,49,,,1
3900,'Semaine-1-_26ÉTÉ-1111100-',651,,39376,49,,,2,68,,39362,49,,,1,34,,39381,49,,,2,68,,39374,49,,,1,30,,39375,49,,,1,69,,39373,49,,,1,32,,39370,49,,,1,70,,39387,49,,,1,30,,39382,49,,,1,71,,39394,49,,,1,30,,39379,49,,,2,71,,39383,49,,,1,29,,39371,49,,,1,72,,39369,49,,,2,29,,39384,49,,,1,69,,39372,49,,,1,30,,39359,49,,,2,74,,39385,49,,,1,73,,39366,49,,,2,30,,39368,49,,,1,71,,39386,49,,,2,34,,39365,49,,,1,67,,39360,49,,,1,30,,39388,49,,,1,22,,39367,49,,,1,71,,39361,49,,,1,29,,39389,49,,,2,72,,39364,49,,,1,25,,39380,49,,,2,66,,39390,49,,,1,30,,39363,49,,,1,70,,39378,49,,,1,30,,39391,49,,,1,70,,39377,49,,,1,30,,39393,49,,,1,70,,39392,49,,,1
3900,'Semaine-10-_26ÉTÉ-1111100-',651,,39412,49,,,2,68,,39398,49,,,1,34,,39417,49,,,2,68,,39410,49,,,1,30,,39411,49,,,1,69,,39409,49,,,1,32,,39406,49,,,1,70,,39423,49,,,1,30,,39418,49,,,1,71,,39430,49,,,1,30,,39415,49,,,2,71,,39419,49,,,1,29,,39407,49,,,1,72,,39405,49,,,2,29,,39420,49,,,1,69,,39408,49,,,1,30,,39395,49,,,2,74,,39421,49,,,1,73,,39402,49,,,2,30,,39404,49,,,1,71,,39422,49,,,2,34,,39401,49,,,1,67,,39396,49,,,1,30,,39424,49,,,1,22,,39403,49,,,1,71,,39397,49,,,1,29,,39425,49,,,2,72,,39400,49,,,1,25,,39416,49,,,2,66,,39426,49,,,1,30,,39399,49,,,1,70,,39414,49,,,1,30,,39427,49,,,1,70,,39413,49,,,1,30,,39429,49,,,1,70,,39428,49,,,1
3900,'Semaine-11-_26ÉTÉ-1111100-',651,,46269,49,,,2,68,,46255,49,,,1,34,,46274,49,,,2,68,,46267,49,,,1,30,,46268,49,,,1,69,,46266,49,,,1,32,,46263,49,,,1,70,,46280,49,,,1,30,,46275,49,,,1,71,,46287,49,,,1,30,,46272,49,,,2,71,,46276,49,,,1,29,,46264,49,,,1,72,,46262,49,,,2,29,,46277,49,,,1,69,,46265,49,,,1,30,,46252,49,,,2,74,,46278,49,,,1,73,,46259,49,,,2,30,,46261,49,,,1,71,,46279,49,,,2,34,,46258,49,,,1,67,,46253,49,,,1,30,,46281,49,,,1,22,,46260,49,,,1,71,,46254,49,,,1,29,,46282,49,,,2,72,,46257,49,,,1,25,,46273,49,,,2,66,,46283,49,,,1,30,,46256,49,,,1,70,,46271,49,,,1,30,,46284,49,,,1,70,,46270,49,,,1,30,,46286,49,,,1,70,,46285,49,,,1
3900,'Semaine-12-_26ÉTÉ-1111100-',651,,53013,49,,,2,68,,52999,49,,,1,34,,53018,49,,,2,68,,53011,49,,,1,30,,53012,49,,,1,69,,53010,49,,,1,32,,53007,49,,,1,70,,53024,49,,,1,30,,53019,49,,,1,71,,53031,49,,,1,30,,53016,49,,,2,71,,53020,49,,,1,29,,53008,49,,,1,72,,53006,49,,,2,29,,53021,49,,,1,69,,53009,49,,,1,30,,52996,49,,,2,74,,53022,49,,,1,73,,53003,49,,,2,30,,53005,49,,,1,71,,53023,49,,,2,34,,53002,49,,,1,67,,52997,49,,,1,30,,53025,49,,,1,22,,53004,49,,,1,71,,52998,49,,,1,29,,53026,49,,,2,72,,53001,49,,,1,25,,53017,49,,,2,66,,53027,49,,,1,30,,53000,49,,,1,70,,53015,49,,,1,30,,53028,49,,,1,70,,53014,49,,,1,30,,53030,49,,,1,70,,53029,49,,,1
3900,'Semaine-5-_26ÉTÉ-1111100-',651,,50577,49,,,2,68,,50563,49,,,1,34,,50582,49,,,2,68,,50575,49,,,1,30,,50576,49,,,1,69,,50574,49,,,1,32,,50571,49,,,1,70,,50588,49,,,1,30,,50583,49,,,1,71,,50595,49,,,1,30,,50580,49,,,2,71,,50584,49,,,1,29,,50572,49,,,1,72,,50570,49,,,2,29,,50585,49,,,1,69,,50573,49,,,1,30,,50560,49,,,2,74,,50586,49,,,1,73,,50567,49,,,2,30,,50569,49,,,1,71,,50587,49,,,2,34,,50566,49,,,1,67,,50561,49,,,1,30,,50589,49,,,1,22,,50568,49,,,1,71,,50562,49,,,1,29,,50590,49,,,2,72,,50565,49,,,1,25,,50581,49,,,2,66,,50591,49,,,1,30,,50564,49,,,1,70,,50579,49,,,1,30,,50592,49,,,1,70,,50578,49,,,1,30,,50594,49,,,1,70,,50593,49,,,1
6801,'Semaine-1-_26ÉTÉ-1111100-',622,,42177,8,,,1,20,,42190,8,,,1,60,,42161,8,,,1,20,,42174,8,,,1,5,,42188,8,,,1,4,,42168,8,,,1,6,,42173,8,,,1,21,,42179,8,,,1,58,,42191,8,,,1,20,,42167,8,,,1,19,,42186,8,,,1,61,,42184,8,,,1,20,,42189,8,,,1,70,,42162,8,,,1,30,,42182,8,,,1,70,,42163,8,,,1,30,,42165,8,,,1,70,,42185,8,,,1,30,,42169,8,,,1,70,,42187,8,,,1,31,,42181,8,,,1,70,,42170,8,,,1,30,,42180,8,,,1,69,,42171,8,,,1,31,,42166,8,,,1,68,,42164,8,,,1,32,,42178,8,,,1,70,,42172,8,,,1,29,,42183,8,,,1,70,,42176,8,,,1,30,,42175,8,,,1
6801,'Semaine-10-_26ÉTÉ-1111100-',622,,42208,8,,,1,20,,42221,8,,,1,60,,42192,8,,,1,20,,42205,8,,,1,5,,42219,8,,,1,4,,42199,8,,,1,6,,42204,8,,,1,21,,42210,8,,,1,58,,42222,8,,,1,20,,42198,8,,,1,19,,42217,8,,,1,61,,42215,8,,,1,20,,42220,8,,,1,70,,42193,8,,,1,30,,42213,8,,,1,70,,42194,8,,,1,30,,42196,8,,,1,70,,42216,8,,,1,30,,42200,8,,,1,70,,42218,8,,,1,31,,42212,8,,,1,70,,42201,8,,,1,30,,42211,8,,,1,69,,42202,8,,,1,31,,42197,8,,,1,68,,42195,8,,,1,32,,42209,8,,,1,70,,42203,8,,,1,29,,42214,8,,,1,70,,42207,8,,,1,30,,42206,8,,,1
6801,'Semaine-11-_26ÉTÉ-1111100-',622,,47473,8,,,1,20,,47486,8,,,1,60,,47457,8,,,1,20,,47470,8,,,1,5,,47484,8,,,1,4,,47464,8,,,1,6,,47469,8,,,1,21,,47475,8,,,1,58,,47487,8,,,1,20,,47463,8,,,1,19,,47482,8,,,1,61,,47480,8,,,1,20,,47485,8,,,1,70,,47458,8,,,1,30,,47478,8,,,1,70,,47459,8,,,1,30,,47461,8,,,1,70,,47481,8,,,1,30,,47465,8,,,1,70,,47483,8,,,1,31,,47477,8,,,1,70,,47466,8,,,1,30,,47476,8,,,1,69,,47467,8,,,1,31,,47462,8,,,1,68,,47460,8,,,1,32,,47474,8,,,1,70,,47468,8,,,1,29,,47479,8,,,1,70,,47472,8,,,1,30,,47471,8,,,1
6801,'Semaine-12-_26ÉTÉ-1111100-',622,,53825,8,,,1,20,,53838,8,,,1,60,,53809,8,,,1,20,,53822,8,,,1,5,,53836,8,,,1,4,,53816,8,,,1,6,,53821,8,,,1,21,,53827,8,,,1,58,,53839,8,,,1,20,,53815,8,,,1,19,,53834,8,,,1,61,,53832,8,,,1,20,,53837,8,,,1,70,,53810,8,,,1,30,,53830,8,,,1,70,,53811,8,,,1,30,,53813,8,,,1,70,,53833,8,,,1,30,,53817,8,,,1,70,,53835,8,,,1,31,,53829,8,,,1,70,,53818,8,,,1,30,,53828,8,,,1,69,,53819,8,,,1,31,,53814,8,,,1,68,,53812,8,,,1,32,,53826,8,,,1,70,,53820,8,,,1,29,,53831,8,,,1,70,,53824,8,,,1,30,,53823,8,,,1
6801,'Semaine-5-_26ÉTÉ-1111100-',622,,51392,8,,,1,20,,51405,8,,,1,60,,51376,8,,,1,20,,51389,8,,,1,5,,51403,8,,,1,4,,51383,8,,,1,6,,51388,8,,,1,21,,51394,8,,,1,58,,51406,8,,,1,20,,51382,8,,,1,19,,51401,8,,,1,61,,51399,8,,,1,20,,51404,8,,,1,70,,51377,8,,,1,30,,51397,8,,,1,70,,51378,8,,,1,30,,51380,8,,,1,70,,51400,8,,,1,30,,51384,8,,,1,70,,51402,8,,,1,31,,51396,8,,,1,70,,51385,8,,,1,30,,51395,8,,,1,69,,51386,8,,,1,31,,51381,8,,,1,68,,51379,8,,,1,32,,51393,8,,,1,70,,51387,8,,,1,29,,51398,8,,,1,70,,51391,8,,,1,30,,51390,8,,,1
