9301,'Semaine-1-_26ÉTÉ-1111100-',558,,43696,22,,,1,60,,43694,22,,,1,20,,43693,22,,,1,71,,43697,22,,,2,30,,43695,22,,,1
9301,'Semaine-10-_26ÉTÉ-1111100-',558,,43701,22,,,1,60,,43699,22,,,1,20,,43698,22,,,1,71,,43702,22,,,2,30,,43700,22,,,1
9301,'Semaine-11-_26ÉTÉ-1111100-',558,,48138,22,,,1,60,,48136,22,,,1,20,,48135,22,,,1,71,,48139,22,,,2,30,,48137,22,,,1
9301,'Semaine-12-_26ÉTÉ-1111100-',558,,54314,22,,,1,60,,54312,22,,,1,20,,54311,22,,,1,71,,54315,22,,,2,30,,54313,22,,,1
9301,'Semaine-5-_26ÉTÉ-1111100-',558,,51881,22,,,1,60,,51879,22,,,1,20,,51878,22,,,1,71,,51882,22,,,2,30,,51880,22,,,1
9401,'Semaine-1-_26ÉTÉ-1111100-',539,,43703,22,,,1
9401,'Semaine-10-_26ÉTÉ-1111100-',539,,43704,22,,,1
9401,'Semaine-11-_26ÉTÉ-1111100-',539,,48140,22,,,1
9401,'Semaine-12-_26ÉTÉ-1111100-',539,,54316,22,,,1
9401,'Semaine-5-_26ÉTÉ-1111100-',539,,51883,22,,,1
