4501,'Semaine-1-_26ÉTÉ-1111100-',632,,39637,24,,,2,74,,39641,24,,,1,27,,39640,24,,,2,71,,39639,24,,,1,27,,39642,24,,,1,71,,39638,24,,,2
4501,'Semaine-10-_26ÉTÉ-1111100-',632,,39643,24,,,2,74,,39647,24,,,1,27,,39646,24,,,2,71,,39645,24,,,1,27,,39648,24,,,1,71,,39644,24,,,2
4501,'Semaine-11-_26ÉTÉ-1111100-',632,,46379,24,,,2,74,,46383,24,,,1,27,,46382,24,,,2,71,,46381,24,,,1,27,,46384,24,,,1,71,,46380,24,,,2
5201,'Samedi-0-_26ÉTÉ-0000010-',701,,39999,48,,,2,100,,40000,48,,,1,101,,40001,48,,,2,100,,40002,48,,,1,102,,40004,48,,,1,100,,40003,48,,,1,100,,40005,48,,,2,100,,40006,48,,,1,101,,40007,48,,,2,99,,40008,48,,,1,100,,40009,48,,,1,100,,40010,48,,,1,99,,40013,48,,,1,100,,40011,48,,,1,97,,40015,48,,,2,101,,40012,48,,,1,100,,40014,48,,,1,100,,40016,48,,,1
5201,'Samedi-10-_26ÉTÉ-0000010-',701,,46534,48,,,2,100,,46535,48,,,1,101,,46536,48,,,2,100,,46537,48,,,1,102,,46539,48,,,1,100,,46538,48,,,1,100,,46540,48,,,2,100,,46541,48,,,1,101,,46542,48,,,2,99,,46543,48,,,1,100,,46544,48,,,1,100,,46545,48,,,1,99,,46548,48,,,1,100,,46546,48,,,1,97,,46550,48,,,2,101,,46547,48,,,1,100,,46549,48,,,1,100,,46551,48,,,1
5201,'Dimanche-0-_26ÉTÉ-0000001-',701,,40017,48,,,2,100,,40018,48,,,1,101,,40019,48,,,2,100,,40020,48,,,1,102,,40025,48,,,1,100,,40021,48,,,1,100,,40022,48,,,2,100,,40026,48,,,1,101,,40023,48,,,2,99,,40024,48,,,1,100,,40027,48,,,1,100,,40030,48,,,1,99,,40028,48,,,1,100,,40034,48,,,1,97,,40029,48,,,2,101,,40031,48,,,1,100,,40032,48,,,1,100,,40033,48,,,1
5201,'Dimanche-10-_26ÉTÉ-0000001-',701,,40035,48,,,2,100,,40036,48,,,1,101,,40037,48,,,2,100,,40038,48,,,1,102,,40043,48,,,1,100,,40039,48,,,1,100,,40040,48,,,2,100,,40044,48,,,1,101,,40041,48,,,2,99,,40042,48,,,1,100,,40045,48,,,1,100,,40048,48,,,1,99,,40046,48,,,1,100,,40052,48,,,1,97,,40047,48,,,2,101,,40049,48,,,1,100,,40050,48,,,1,100,,40051,48,,,1
5201,'Dimanche-11-_26ÉTÉ-0000001-',701,,49188,48,,,2,100,,49189,48,,,1,101,,49190,48,,,2,100,,49191,48,,,1,102,,49196,48,,,1,100,,49192,48,,,1,100,,49193,48,,,2,100,,49197,48,,,1,101,,49194,48,,,2,99,,49195,48,,,1,100,,49198,48,,,1,100,,49201,48,,,1,99,,49199,48,,,1,100,,49205,48,,,1,97,,49200,48,,,2,101,,49202,48,,,1,100,,49203,48,,,1,100,,49204,48,,,1
5201,'Semaine-1-_26ÉTÉ-1111100-',633,,40068,48,,,1,102,,40070,48,,,1,99,,40069,48,,,1,100,,40053,48,,,1,101,,40059,48,,,1,100,,40056,48,,,2,100,,40063,48,,,1,100,,40054,48,,,1,100,,40058,48,,,1,102,,40057,48,,,1,100,,40067,48,,,1,100,,40066,48,,,1,98,,40060,48,,,1,96,,40061,48,,,1,100,,40065,48,,,1,100,,40062,48,,,1,100,,40064,48,,,1,100,,40055,48,,,1
5201,'Semaine-10-_26ÉTÉ-1111100-',633,,40086,48,,,1,102,,40088,48,,,1,99,,40087,48,,,1,100,,40071,48,,,1,101,,40077,48,,,1,100,,40074,48,,,2,100,,40081,48,,,1,100,,40072,48,,,1,100,,40076,48,,,1,102,,40075,48,,,1,100,,40085,48,,,1,100,,40084,48,,,1,98,,40078,48,,,1,96,,40079,48,,,1,100,,40083,48,,,1,100,,40080,48,,,1,100,,40082,48,,,1,100,,40073,48,,,1
5201,'Semaine-11-_26ÉTÉ-1111100-',633,,46567,48,,,1,102,,46569,48,,,1,99,,46568,48,,,1,100,,46552,48,,,1,101,,46558,48,,,1,100,,46555,48,,,2,100,,46562,48,,,1,100,,46553,48,,,1,100,,46557,48,,,1,102,,46556,48,,,1,100,,46566,48,,,1,100,,46565,48,,,1,98,,46559,48,,,1,96,,46560,48,,,1,100,,46564,48,,,1,100,,46561,48,,,1,100,,46563,48,,,1,100,,46554,48,,,1
5600,'Semaine-1-_26ÉTÉ-1111100-',639,,40502,15,,,2,61,,40500,15,,,1,5,,40504,15,,,2,31,,40503,15,,,2,71,,40497,15,,,2,105,,40496,15,,,2,104,,40498,15,,,1,98,,40501,15,,,2,100,,40499,15,,,1
5600,'Semaine-10-_26ÉTÉ-1111100-',639,,40511,15,,,2,61,,40509,15,,,1,5,,40513,15,,,2,31,,40512,15,,,2,71,,40506,15,,,2,105,,40505,15,,,2,104,,40507,15,,,1,98,,40510,15,,,2,100,,40508,15,,,1
5600,'Semaine-11-_26ÉTÉ-1111100-',639,,46745,15,,,2,61,,46743,15,,,1,5,,46747,15,,,2,31,,46746,15,,,2,71,,46740,15,,,2,105,,46739,15,,,2,104,,46741,15,,,1,98,,46744,15,,,2,100,,46742,15,,,1
