4001,'Semaine-1-_26ÉTÉ-1111100-',602,,39588,10,,,2,31,,39587,10,,,2,70,,39590,10,,,2,31,,39586,10,,,1,70,,39585,10,,,2,28,,39589,10,,,2
4001,'Semaine-10-_26ÉTÉ-1111100-',602,,39594,10,,,2,31,,39593,10,,,2,70,,39596,10,,,2,31,,39592,10,,,1,70,,39591,10,,,2,28,,39595,10,,,2
4001,'Semaine-11-_26ÉTÉ-1111100-',602,,46356,10,,,2,31,,46355,10,,,2,70,,46358,10,,,2,31,,46354,10,,,1,70,,46353,10,,,2,28,,46357,10,,,2
5000,'Semaine-1-_26ÉTÉ-1111100-',637,,39895,11,,,2,64,,39894,11,,,1,28,,39896,11,,,1,30,,39893,11,,,1,149,,39897,11,,,1
5000,'Semaine-10-_26ÉTÉ-1111100-',637,,39900,11,,,2,64,,39899,11,,,1,28,,39901,11,,,1,30,,39898,11,,,1,149,,39902,11,,,1
5000,'Semaine-11-_26ÉTÉ-1111100-',637,,46492,11,,,2,64,,46491,11,,,1,28,,46493,11,,,1,30,,46490,11,,,1,149,,46494,11,,,1
5201,'Samedi-0-_26ÉTÉ-0000010-',639,,39999,11,,,2,100,,40000,11,,,1,100,,40001,11,,,2,100,,40002,11,,,1,100,,40004,11,,,1,100,,40003,11,,,1,100,,40005,11,,,2,100,,40006,11,,,1,100,,40007,11,,,2,100,,40008,11,,,1,100,,40009,11,,,1,100,,40010,11,,,1,100,,40013,11,,,1,100,,40011,11,,,1,99,,40015,11,,,2,100,,40012,11,,,1,100,,40014,11,,,1,100,,40016,11,,,1
5201,'Samedi-10-_26ÉTÉ-0000010-',639,,46534,11,,,2,100,,46535,11,,,1,100,,46536,11,,,2,100,,46537,11,,,1,100,,46539,11,,,1,100,,46538,11,,,1,100,,46540,11,,,2,100,,46541,11,,,1,100,,46542,11,,,2,100,,46543,11,,,1,100,,46544,11,,,1,100,,46545,11,,,1,100,,46548,11,,,1,100,,46546,11,,,1,99,,46550,11,,,2,100,,46547,11,,,1,100,,46549,11,,,1,100,,46551,11,,,1
5201,'Dimanche-0-_26ÉTÉ-0000001-',639,,40017,11,,,2,100,,40018,11,,,1,100,,40019,11,,,2,100,,40020,11,,,1,100,,40025,11,,,1,100,,40021,11,,,1,100,,40022,11,,,2,100,,40026,11,,,1,100,,40023,11,,,2,100,,40024,11,,,1,100,,40027,11,,,1,100,,40030,11,,,1,100,,40028,11,,,1,100,,40034,11,,,1,99,,40029,11,,,2,100,,40031,11,,,1,100,,40032,11,,,1,100,,40033,11,,,1
5201,'Dimanche-10-_26ÉTÉ-0000001-',639,,40035,11,,,2,100,,40036,11,,,1,100,,40037,11,,,2,100,,40038,11,,,1,100,,40043,11,,,1,100,,40039,11,,,1,100,,40040,11,,,2,100,,40044,11,,,1,100,,40041,11,,,2,100,,40042,11,,,1,100,,40045,11,,,1,100,,40048,11,,,1,100,,40046,11,,,1,100,,40052,11,,,1,99,,40047,11,,,2,100,,40049,11,,,1,100,,40050,11,,,1,100,,40051,11,,,1
5201,'Dimanche-11-_26ÉTÉ-0000001-',639,,49188,11,,,2,100,,49189,11,,,1,100,,49190,11,,,2,100,,49191,11,,,1,100,,49196,11,,,1,100,,49192,11,,,1,100,,49193,11,,,2,100,,49197,11,,,1,100,,49194,11,,,2,100,,49195,11,,,1,100,,49198,11,,,1,100,,49201,11,,,1,100,,49199,11,,,1,100,,49205,11,,,1,99,,49200,11,,,2,100,,49202,11,,,1,100,,49203,11,,,1,100,,49204,11,,,1
5201,'Semaine-1-_26ÉTÉ-1111100-',609,,40068,11,,,1,100,,40070,11,,,1,100,,40069,11,,,1,100,,40053,11,,,1,100,,40059,11,,,1,100,,40056,11,,,2,100,,40063,11,,,1,100,,40054,11,,,1,100,,40058,11,,,1,101,,40057,11,,,1,100,,40067,11,,,1,100,,40066,11,,,1,99,,40060,11,,,1,100,,40061,11,,,1,100,,40065,11,,,1,100,,40062,11,,,1,100,,40064,11,,,1,100,,40055,11,,,1
5201,'Semaine-10-_26ÉTÉ-1111100-',609,,40086,11,,,1,100,,40088,11,,,1,100,,40087,11,,,1,100,,40071,11,,,1,100,,40077,11,,,1,100,,40074,11,,,2,100,,40081,11,,,1,100,,40072,11,,,1,100,,40076,11,,,1,101,,40075,11,,,1,100,,40085,11,,,1,100,,40084,11,,,1,99,,40078,11,,,1,100,,40079,11,,,1,100,,40083,11,,,1,100,,40080,11,,,1,100,,40082,11,,,1,100,,40073,11,,,1
5201,'Semaine-11-_26ÉTÉ-1111100-',609,,46567,11,,,1,100,,46569,11,,,1,100,,46568,11,,,1,100,,46552,11,,,1,100,,46558,11,,,1,100,,46555,11,,,2,100,,46562,11,,,1,100,,46553,11,,,1,100,,46557,11,,,1,101,,46556,11,,,1,100,,46566,11,,,1,100,,46565,11,,,1,99,,46559,11,,,1,100,,46560,11,,,1,100,,46564,11,,,1,100,,46561,11,,,1,100,,46563,11,,,1,100,,46554,11,,,1
