6401,'Samedi-0-_26ÉTÉ-0000010-',739,,41247,42,,,1,100,,41244,42,,,1,100,,41246,42,,,1,100,,41249,42,,,1,100,,41245,42,,,2,100,,41250,42,,,1,100,,41248,42,,,1,100,,41251,42,,,2,100,,41252,42,,,1,100,,41253,42,,,1,100,,41254,42,,,1
6401,'Dimanche-0-_26ÉTÉ-0000001-',739,,41259,42,,,1,100,,41257,42,,,1,100,,41262,42,,,1,100,,41255,42,,,1,100,,41261,42,,,2,100,,41263,42,,,1,100,,41256,42,,,1,100,,41260,42,,,2,100,,41258,42,,,1,100,,41264,42,,,1,100,,41265,42,,,1
6401,'Dimanche-10-_26ÉTÉ-0000001-',739,,41270,42,,,1,100,,41268,42,,,1,100,,41273,42,,,1,100,,41266,42,,,1,100,,41272,42,,,2,100,,41274,42,,,1,100,,41267,42,,,1,100,,41271,42,,,2,100,,41269,42,,,1,100,,41275,42,,,1,100,,41276,42,,,1
6401,'Dimanche-11-_26ÉTÉ-0000001-',739,,49373,42,,,1,100,,49371,42,,,1,100,,49376,42,,,1,100,,49369,42,,,1,100,,49375,42,,,2,100,,49377,42,,,1,100,,49370,42,,,1,100,,49374,42,,,2,100,,49372,42,,,1,100,,49378,42,,,1,100,,49379,42,,,1
6401,'Semaine-1-_26ÉTÉ-1111100-',538,,41277,42,,,1,108,,41287,42,,,2,100,,41289,42,,,2,100,,41286,42,,,2,97,,41294,42,,,2,100,,41281,42,,,2,100,,41280,42,,,2,100,,41292,42,,,1,100,,41288,42,,,1,100,,41290,42,,,1,115,,41291,42,,,1,87,,41282,42,,,1,98,,41278,42,,,1,100,,41279,42,,,1,97,,41285,42,,,1,100,,41283,42,,,1,100,,41284,42,,,1,100,,41293,42,,,1
6401,'Semaine-10-_26ÉTÉ-1111100-',538,,41295,42,,,1,108,,41305,42,,,2,100,,41307,42,,,2,100,,41304,42,,,2,97,,41312,42,,,2,100,,41299,42,,,2,100,,41298,42,,,2,100,,41310,42,,,1,100,,41306,42,,,1,100,,41308,42,,,1,115,,41309,42,,,1,87,,41300,42,,,1,98,,41296,42,,,1,100,,41297,42,,,1,97,,41303,42,,,1,100,,41301,42,,,1,100,,41302,42,,,1,100,,41311,42,,,1
6401,'Semaine-11-_26ÉTÉ-1111100-',538,,47077,42,,,1,108,,47087,42,,,2,100,,47089,42,,,2,100,,47086,42,,,2,97,,47094,42,,,2,100,,47081,42,,,2,100,,47080,42,,,2,100,,47092,42,,,1,100,,47088,42,,,1,100,,47090,42,,,1,115,,47091,42,,,1,87,,47082,42,,,1,98,,47078,42,,,1,100,,47079,42,,,1,97,,47085,42,,,1,100,,47083,42,,,1,100,,47084,42,,,1,100,,47093,42,,,1
6401,'Semaine-5-_26ÉTÉ-1111100-',538,,51120,42,,,1,108,,51130,42,,,2,100,,51132,42,,,2,100,,51129,42,,,2,97,,51137,42,,,2,100,,51124,42,,,2,100,,51123,42,,,2,100,,51135,42,,,1,100,,51131,42,,,1,100,,51133,42,,,1,115,,51134,42,,,1,87,,51125,42,,,1,98,,51121,42,,,1,100,,51122,42,,,1,97,,51128,42,,,1,100,,51126,42,,,1,100,,51127,42,,,1,100,,51136,42,,,1
6601,'Samedi-0-_26ÉTÉ-0000010-',705,,41664,42,,,1,100,,41666,42,,,1,100,,41670,42,,,1,100,,41667,42,,,2,100,,41671,42,,,1,100,,41665,42,,,1,100,,41668,42,,,1,100,,41669,42,,,1,100,,41672,42,,,2,100,,41673,42,,,1,100,,41674,42,,,1,100,,41675,42,,,1,100,,41676,42,,,1,100,,41678,42,,,1,100,,41677,42,,,1,100,,41679,42,,,1,100,,41680,42,,,1,100,,41681,42,,,2
6601,'Dimanche-0-_26ÉTÉ-0000001-',705,,41683,42,,,1,100,,41687,42,,,1,100,,41688,42,,,1,100,,41689,42,,,2,100,,41691,42,,,1,100,,41682,42,,,1,100,,41690,42,,,1,100,,41684,42,,,1,100,,41685,42,,,2,100,,41686,42,,,1,100,,41695,42,,,1,100,,41697,42,,,1,100,,41693,42,,,1,100,,41694,42,,,1,100,,41692,42,,,1,100,,41696,42,,,1,100,,41698,42,,,1,100,,41699,42,,,2
6601,'Dimanche-10-_26ÉTÉ-0000001-',705,,41701,42,,,1,100,,41705,42,,,1,100,,41706,42,,,1,100,,41707,42,,,2,100,,41709,42,,,1,100,,41700,42,,,1,100,,41708,42,,,1,100,,41702,42,,,1,100,,41703,42,,,2,100,,41704,42,,,1,100,,41713,42,,,1,100,,41715,42,,,1,100,,41711,42,,,1,100,,41712,42,,,1,100,,41710,42,,,1,100,,41714,42,,,1,100,,41716,42,,,1,100,,41717,42,,,2
6601,'Dimanche-11-_26ÉTÉ-0000001-',705,,49432,42,,,1,100,,49436,42,,,1,100,,49437,42,,,1,100,,49438,42,,,2,100,,49440,42,,,1,100,,49431,42,,,1,100,,49439,42,,,1,100,,49433,42,,,1,100,,49434,42,,,2,100,,49435,42,,,1,100,,49444,42,,,1,100,,49446,42,,,1,100,,49442,42,,,1,100,,49443,42,,,1,100,,49441,42,,,1,100,,49445,42,,,1,100,,49447,42,,,1,100,,49448,42,,,2
6601,'Semaine-1-_26ÉTÉ-1111100-',556,,41727,42,,,2,60,,41720,42,,,2,20,,41729,42,,,2,16,,41735,42,,,1,60,,41730,42,,,2,20,,41721,42,,,2,20,,41733,42,,,2,60,,41726,42,,,2,20,,41742,42,,,1,20,,41719,42,,,2,60,,41732,42,,,2,20,,41743,42,,,2,20,,41751,42,,,2,102,,41731,42,,,1,100,,41723,42,,,2,100,,41747,42,,,1,100,,41748,42,,,2,101,,41734,42,,,2,63,,41722,42,,,2,19,,41739,42,,,2,17,,41736,42,,,1,61,,41749,42,,,2,20,,41718,42,,,1,20,,41744,42,,,2,60,,41737,42,,,2,21,,41750,42,,,2,19,,41740,42,,,1,60,,41745,42,,,2,20,,41738,42,,,1,20,,41746,42,,,2,57,,41752,42,,,1,100,,41725,42,,,1,100,,41724,42,,,1,95,,41728,42,,,1,100,,41741,42,,,1
6601,'Semaine-10-_26ÉTÉ-1111100-',556,,41762,42,,,2,60,,41755,42,,,2,20,,41764,42,,,2,16,,41770,42,,,1,60,,41765,42,,,2,20,,41756,42,,,2,20,,41768,42,,,2,60,,41761,42,,,2,20,,41777,42,,,1,20,,41754,42,,,2,60,,41767,42,,,2,20,,41778,42,,,2,20,,41786,42,,,2,102,,41766,42,,,1,100,,41758,42,,,2,100,,41782,42,,,1,100,,41783,42,,,2,101,,41769,42,,,2,63,,41757,42,,,2,19,,41774,42,,,2,17,,41771,42,,,1,61,,41784,42,,,2,20,,41753,42,,,1,20,,41779,42,,,2,60,,41772,42,,,2,21,,41785,42,,,2,19,,41775,42,,,1,60,,41780,42,,,2,20,,41773,42,,,1,20,,41781,42,,,2,57,,41787,42,,,1,100,,41760,42,,,1,100,,41759,42,,,1,95,,41763,42,,,1,100,,41776,42,,,1
6601,'Semaine-11-_26ÉTÉ-1111100-',556,,47272,42,,,2,60,,47265,42,,,2,20,,47274,42,,,2,16,,47280,42,,,1,60,,47275,42,,,2,20,,47266,42,,,2,20,,47278,42,,,2,60,,47271,42,,,2,20,,47287,42,,,1,20,,47264,42,,,2,60,,47277,42,,,2,20,,47288,42,,,2,20,,47296,42,,,2,102,,47276,42,,,1,100,,47268,42,,,2,100,,47292,42,,,1,100,,47293,42,,,2,101,,47279,42,,,2,63,,47267,42,,,2,19,,47284,42,,,2,17,,47281,42,,,1,61,,47294,42,,,2,20,,47263,42,,,1,20,,47289,42,,,2,60,,47282,42,,,2,21,,47295,42,,,2,19,,47285,42,,,1,60,,47290,42,,,2,20,,47283,42,,,1,20,,47291,42,,,2,57,,47297,42,,,1,100,,47270,42,,,1,100,,47269,42,,,1,95,,47273,42,,,1,100,,47286,42,,,1
6601,'Semaine-5-_26ÉTÉ-1111100-',556,,51246,42,,,2,60,,51239,42,,,2,20,,51248,42,,,2,16,,51254,42,,,1,60,,51249,42,,,2,20,,51240,42,,,2,20,,51252,42,,,2,60,,51245,42,,,2,20,,51261,42,,,1,20,,51238,42,,,2,60,,51251,42,,,2,20,,51262,42,,,2,20,,51270,42,,,2,102,,51250,42,,,1,100,,51242,42,,,2,100,,51266,42,,,1,100,,51267,42,,,2,101,,51253,42,,,2,63,,51241,42,,,2,19,,51258,42,,,2,17,,51255,42,,,1,61,,51268,42,,,2,20,,51237,42,,,1,20,,51263,42,,,2,60,,51256,42,,,2,21,,51269,42,,,2,19,,51259,42,,,1,60,,51264,42,,,2,20,,51257,42,,,1,20,,51265,42,,,2,57,,51271,42,,,1,100,,51244,42,,,1,100,,51243,42,,,1,95,,51247,42,,,1,100,,51260,42,,,1
