3600,'Semaine-1-_26ÉTÉ-1111100-',924,,38681,37,,,1,101,,38682,37,,,1,102,,38680,37,,,1,100,,38683,37,,,1,100,,38685,37,,,1,100,,38686,37,,,1,99,,38684,37,,,1
3600,'Semaine-10-_26ÉTÉ-1111100-',924,,38688,37,,,1,101,,38689,37,,,1,102,,38687,37,,,1,100,,38690,37,,,1,100,,38692,37,,,1,100,,38693,37,,,1,99,,38691,37,,,1
3700,'Samedi-0-_26ÉTÉ-0000010-',741,,38708,29,,,1,100,,38709,29,,,1,101,,38711,29,,,1,102,,38712,29,,,1,100,,38710,29,,,1,101,,38713,29,,,1,100,,38714,29,,,1,101,,38715,29,,,1,99,,38716,29,,,1,100,,38717,29,,,1,100,,38718,29,,,1,99,,38719,29,,,1,98,,38720,29,,,1,100,,38721,29,,,1,100,,38722,29,,,1,100,,38723,29,,,1,98,,38724,29,,,1,100,,38725,29,,,1
3700,'Dimanche-0-_26ÉTÉ-0000001-',741,,38726,29,,,1,100,,38729,29,,,1,101,,38733,29,,,1,102,,38730,29,,,1,100,,38728,29,,,1,101,,38732,29,,,1,100,,38727,29,,,1,101,,38731,29,,,1,99,,38738,29,,,1,100,,38734,29,,,1,100,,38737,29,,,1,99,,38741,29,,,1,98,,38735,29,,,1,100,,38736,29,,,1,100,,38740,29,,,1,100,,38742,29,,,1,98,,38739,29,,,1,100,,38743,29,,,1
3700,'Dimanche-10-_26ÉTÉ-0000001-',741,,38744,29,,,1,100,,38747,29,,,1,101,,38751,29,,,1,102,,38748,29,,,1,100,,38746,29,,,1,101,,38750,29,,,1,100,,38745,29,,,1,101,,38749,29,,,1,99,,38756,29,,,1,100,,38752,29,,,1,100,,38755,29,,,1,99,,38759,29,,,1,98,,38753,29,,,1,100,,38754,29,,,1,100,,38758,29,,,1,100,,38760,29,,,1,98,,38757,29,,,1,100,,38761,29,,,1
3700,'Semaine-1-_26ÉTÉ-1111100-',701,,38783,29,,,1,41,,38789,29,,,1,70,,38780,29,,,1,32,,38764,29,,,1,68,,38778,29,,,1,90,,38770,29,,,1,100,,38766,29,,,1,100,,38767,29,,,1,100,,38768,29,,,1,102,,38769,29,,,1,100,,38775,29,,,1,48,,38776,29,,,1,57,,38777,29,,,1,15,,38763,29,,,1,15,,38785,29,,,1,63,,38772,29,,,1,32,,38781,29,,,1,21,,38771,29,,,1,68,,38765,29,,,1,29,,38762,29,,,1,66,,38773,29,,,1,32,,38788,29,,,1,68,,38779,29,,,1,35,,38790,29,,,1,99,,38786,29,,,1,99,,38774,29,,,1,100,,38784,29,,,1,99,,38787,29,,,1,55,,38782,29,,,1
3700,'Semaine-10-_26ÉTÉ-1111100-',701,,38812,29,,,1,41,,38818,29,,,1,70,,38809,29,,,1,32,,38793,29,,,1,68,,38807,29,,,1,90,,38799,29,,,1,100,,38795,29,,,1,100,,38796,29,,,1,100,,38797,29,,,1,102,,38798,29,,,1,100,,38804,29,,,1,48,,38805,29,,,1,57,,38806,29,,,1,15,,38792,29,,,1,15,,38814,29,,,1,63,,38801,29,,,1,32,,38810,29,,,1,21,,38800,29,,,1,68,,38794,29,,,1,29,,38791,29,,,1,66,,38802,29,,,1,32,,38817,29,,,1,68,,38808,29,,,1,35,,38819,29,,,1,99,,38815,29,,,1,99,,38803,29,,,1,100,,38813,29,,,1,99,,38816,29,,,1,55,,38811,29,,,1
37100,'Samedi-0-_26ÉTÉ-0000010-',811,,44103,30,,,1,102,,44107,30,,,1,99,,44102,30,,,1,102,,44108,30,,,1,100,,44104,30,,,1,100,,44105,30,,,1,100,,44106,30,,,1,103,,44109,30,,,1,100,,44110,30,,,1,100,,44111,30,,,1,99,,44112,30,,,1,98,,44113,30,,,1,100,,44114,30,,,1,98,,44115,30,,,1,100,,44116,30,,,1,100,,44117,30,,,1,98,,44118,30,,,1
37100,'Dimanche-0-_26ÉTÉ-0000001-',811,,44119,30,,,1,102,,44125,30,,,1,99,,44126,30,,,1,102,,44127,30,,,1,100,,44120,30,,,1,100,,44122,30,,,1,100,,44121,30,,,1,103,,44123,30,,,1,100,,44124,30,,,1,100,,44129,30,,,1,99,,44134,30,,,1,98,,44128,30,,,1,100,,44130,30,,,1,98,,44135,30,,,1,100,,44133,30,,,1,100,,44131,30,,,1,98,,44132,30,,,1
37100,'Dimanche-10-_26ÉTÉ-0000001-',811,,44136,30,,,1,102,,44142,30,,,1,99,,44143,30,,,1,102,,44144,30,,,1,100,,44137,30,,,1,100,,44139,30,,,1,100,,44138,30,,,1,103,,44140,30,,,1,100,,44141,30,,,1,100,,44146,30,,,1,99,,44151,30,,,1,98,,44145,30,,,1,100,,44147,30,,,1,98,,44152,30,,,1,100,,44150,30,,,1,100,,44148,30,,,1,98,,44149,30,,,1
37100,'Semaine-1-_26ÉTÉ-1111100-',721,,44166,30,,,1,33,,44163,30,,,1,70,,44159,30,,,1,29,,44154,30,,,1,90,,44173,30,,,1,97,,44158,30,,,1,102,,44160,30,,,1,100,,44172,30,,,1,100,,44167,30,,,1,103,,44156,30,,,1,93,,44168,30,,,1,18,,44177,30,,,1,57,,44157,30,,,1,15,,44178,30,,,1,25,,44153,30,,,1,61,,44162,30,,,1,30,,44169,30,,,1,63,,44175,30,,,1,26,,44174,30,,,1,70,,44164,30,,,1,28,,44176,30,,,1,70,,44179,30,,,1,30,,44165,30,,,1,95,,44161,30,,,1,100,,44171,30,,,1,100,,44170,30,,,1,97,,44155,30,,,1
37100,'Semaine-10-_26ÉTÉ-1111100-',721,,44193,30,,,1,33,,44190,30,,,1,70,,44186,30,,,1,29,,44181,30,,,1,90,,44200,30,,,1,97,,44185,30,,,1,102,,44187,30,,,1,100,,44199,30,,,1,100,,44194,30,,,1,103,,44183,30,,,1,93,,44195,30,,,1,18,,44204,30,,,1,57,,44184,30,,,1,15,,44205,30,,,1,25,,44180,30,,,1,61,,44189,30,,,1,30,,44196,30,,,1,63,,44202,30,,,1,26,,44201,30,,,1,70,,44191,30,,,1,28,,44203,30,,,1,70,,44206,30,,,1,30,,44192,30,,,1,95,,44188,30,,,1,100,,44198,30,,,1,100,,44197,30,,,1,97,,44182,30,,,1
