3100,'Samedi-0-_26ÉTÉ-0000010-',731,,37452,18,,,1,70,,37453,18,,,1,102,,37454,18,,,1,101,,37451,18,,,1,103,,37457,18,,,1,100,,37458,18,,,1,101,,37455,18,,,1,100,,37456,18,,,1,100,,37459,18,,,1,102,,37460,18,,,1,98,,37461,18,,,1,100,,37462,18,,,1,93,,37468,18,,,1,100,,37463,18,,,1,99,,37464,18,,,1,100,,37465,18,,,1,100,,37466,18,,,1,100,,37467,18,,,1,57,,37469,18,,,1
3100,'Samedi-10-_26ÉTÉ-0000010-',731,,45431,18,,,1,70,,45432,18,,,1,102,,45433,18,,,1,101,,45430,18,,,1,103,,45436,18,,,1,100,,45437,18,,,1,101,,45434,18,,,1,100,,45435,18,,,1,100,,45438,18,,,1,102,,45439,18,,,1,98,,45440,18,,,1,100,,45441,18,,,1,93,,45447,18,,,1,100,,45442,18,,,1,99,,45443,18,,,1,100,,45444,18,,,1,100,,45445,18,,,1,100,,45446,18,,,1,57,,45448,18,,,1
3100,'Dimanche-0-_26ÉTÉ-0000001-',731,,37474,18,,,1,70,,37475,18,,,1,102,,37476,18,,,1,101,,37477,18,,,1,103,,37470,18,,,1,100,,37471,18,,,1,101,,37472,18,,,1,100,,37473,18,,,1,100,,37479,18,,,1,102,,37480,18,,,1,98,,37478,18,,,1,100,,37481,18,,,1,93,,37484,18,,,1,100,,37488,18,,,1,99,,37482,18,,,1,100,,37483,18,,,1,100,,37486,18,,,1,100,,37485,18,,,1,57,,37487,18,,,1
3100,'Dimanche-10-_26ÉTÉ-0000001-',731,,37493,18,,,1,70,,37494,18,,,1,102,,37495,18,,,1,101,,37496,18,,,1,103,,37489,18,,,1,100,,37490,18,,,1,101,,37491,18,,,1,100,,37492,18,,,1,100,,37498,18,,,1,102,,37499,18,,,1,98,,37497,18,,,1,100,,37500,18,,,1,93,,37503,18,,,1,100,,37507,18,,,1,99,,37501,18,,,1,100,,37502,18,,,1,100,,37505,18,,,1,100,,37504,18,,,1,57,,37506,18,,,1
3100,'Dimanche-11-_26ÉTÉ-0000001-',731,,48852,18,,,1,70,,48853,18,,,1,102,,48854,18,,,1,101,,48855,18,,,1,103,,48848,18,,,1,100,,48849,18,,,1,101,,48850,18,,,1,100,,48851,18,,,1,100,,48857,18,,,1,102,,48858,18,,,1,98,,48856,18,,,1,100,,48859,18,,,1,93,,48862,18,,,1,100,,48866,18,,,1,99,,48860,18,,,1,100,,48861,18,,,1,100,,48864,18,,,1,100,,48863,18,,,1,57,,48865,18,,,1
3100,'Semaine-1-_26ÉTÉ-1111100-',616,,37512,16,,,1,35,,37547,16,,,1,71,,37525,16,,,1,31,,37513,16,,,1,60,,37553,16,,,1,13,,37550,16,,,1,21,,37509,16,,,1,56,,37522,16,,,1,17,,37523,16,,,1,12,,37539,16,,,1,19,,37514,16,,,1,61,,37516,16,,,1,20,,37533,16,,,1,20,,37534,16,,,1,60,,37540,16,,,1,20,,37515,16,,,1,20,,37520,16,,,1,61,,37541,16,,,1,20,,37548,16,,,1,20,,37536,16,,,1,60,,37517,16,,,1,20,,37510,16,,,1,17,,37546,16,,,1,62,,37551,16,,,1,19,,37535,16,,,1,20,,37518,16,,,1,59,,37538,16,,,1,23,,37542,16,,,1,21,,37549,16,,,1,60,,37537,16,,,1,14,,37519,16,,,1,21,,37530,16,,,1,60,,37532,16,,,1,22,,37521,16,,,1,4,,37508,9,,,1,14,,37526,16,,,1,61,,37511,16,,,1,14,,37544,16,,,1,18,,37552,16,,,1,67,,37527,18,,,1,97,,37545,18,,,1,101,,37528,18,,,1,100,,37524,18,,,1,99,,37529,18,,,1,102,,37531,18,,,1,103,,37543,18,,,1
3100,'Semaine-10-_26ÉTÉ-1111100-',616,,37558,16,,,1,35,,37593,16,,,1,71,,37571,16,,,1,31,,37559,16,,,1,60,,37599,16,,,1,13,,37596,16,,,1,21,,37555,16,,,1,56,,37568,16,,,1,17,,37569,16,,,1,12,,37585,16,,,1,19,,37560,16,,,1,61,,37562,16,,,1,20,,37579,16,,,1,20,,37580,16,,,1,60,,37586,16,,,1,20,,37561,16,,,1,20,,37566,16,,,1,61,,37587,16,,,1,20,,37594,16,,,1,20,,37582,16,,,1,60,,37563,16,,,1,20,,37556,16,,,1,17,,37592,16,,,1,62,,37597,16,,,1,19,,37581,16,,,1,20,,37564,16,,,1,59,,37584,16,,,1,23,,37588,16,,,1,21,,37595,16,,,1,60,,37583,16,,,1,14,,37565,16,,,1,21,,37576,16,,,1,60,,37578,16,,,1,22,,37567,16,,,1,4,,37554,9,,,1,14,,37572,16,,,1,61,,37557,16,,,1,14,,37590,16,,,1,18,,37598,16,,,1,67,,37573,18,,,1,97,,37591,18,,,1,101,,37574,18,,,1,100,,37570,18,,,1,99,,37575,18,,,1,102,,37577,18,,,1,103,,37589,18,,,1
3100,'Semaine-11-_26ÉTÉ-1111100-',616,,45453,16,,,1,35,,45488,16,,,1,71,,45466,16,,,1,31,,45454,16,,,1,60,,45494,16,,,1,13,,45491,16,,,1,21,,45450,16,,,1,56,,45463,16,,,1,17,,45464,16,,,1,12,,45480,16,,,1,19,,45455,16,,,1,61,,45457,16,,,1,20,,45474,16,,,1,20,,45475,16,,,1,60,,45481,16,,,1,20,,45456,16,,,1,20,,45461,16,,,1,61,,45482,16,,,1,20,,45489,16,,,1,20,,45477,16,,,1,60,,45458,16,,,1,20,,45451,16,,,1,17,,45487,16,,,1,62,,45492,16,,,1,19,,45476,16,,,1,20,,45459,16,,,1,59,,45479,16,,,1,23,,45483,16,,,1,21,,45490,16,,,1,60,,45478,16,,,1,14,,45460,16,,,1,21,,45471,16,,,1,60,,45473,16,,,1,22,,45462,16,,,1,4,,45449,9,,,1,14,,45467,16,,,1,61,,45452,16,,,1,14,,45485,16,,,1,18,,45493,16,,,1,67,,45468,18,,,1,97,,45486,18,,,1,101,,45469,18,,,1,100,,45465,18,,,1,99,,45470,18,,,1,102,,45472,18,,,1,103,,45484,18,,,1
6700,'Samedi-0-_26ÉTÉ-0000010-',715,,41794,11,,,2,101,,41793,11,,,1,100,,41792,11,,,1,30,,41788,11,,,1,70,,41796,11,,,1,30,,41789,11,,,1,70,,41790,11,,,1,31,,41795,11,,,1,70,,41800,11,,,1,30,,41791,11,,,1,70,,41799,11,,,1,30,,41797,11,,,1,70,,41798,11,,,1,30,,41801,11,,,2,71,,41802,11,,,2,30,,41803,11,,,1,70,,41804,11,,,1,29,,41805,11,,,2,70,,41806,11,,,2,30,,41807,11,,,1,70,,41808,11,,,1,29,,41809,11,,,2,70,,41810,11,,,1,30,,41811,11,,,1,100,,41815,11,,,2,100,,41812,11,,,2,100,,41813,11,,,1,99,,41814,11,,,1
6700,'Samedi-10-_26ÉTÉ-0000010-',715,,47304,11,,,2,101,,47303,11,,,1,100,,47302,11,,,1,30,,47298,11,,,1,70,,47306,11,,,1,30,,47299,11,,,1,70,,47300,11,,,1,31,,47305,11,,,1,70,,47310,11,,,1,30,,47301,11,,,1,70,,47309,11,,,1,30,,47307,11,,,1,70,,47308,11,,,1,30,,47311,11,,,2,71,,47312,11,,,2,30,,47313,11,,,1,70,,47314,11,,,1,29,,47315,11,,,2,70,,47316,11,,,2,30,,47317,11,,,1,70,,47318,11,,,1,29,,47319,11,,,2,70,,47320,11,,,1,30,,47321,11,,,1,100,,47325,11,,,2,100,,47322,11,,,2,100,,47323,11,,,1,99,,47324,11,,,1
6700,'Dimanche-0-_26ÉTÉ-0000001-',715,,41822,11,,,2,101,,41816,11,,,1,100,,41819,11,,,1,30,,41821,11,,,1,70,,41827,11,,,1,30,,41824,11,,,1,70,,41830,11,,,1,31,,41832,11,,,1,70,,41826,11,,,1,30,,41828,11,,,1,70,,41817,11,,,1,30,,41818,11,,,1,70,,41820,11,,,1,30,,41823,11,,,2,71,,41829,11,,,2,30,,41825,11,,,1,70,,41831,11,,,1,29,,41840,11,,,2,70,,41839,11,,,2,30,,41835,11,,,1,70,,41833,11,,,1,29,,41843,11,,,2,70,,41834,11,,,1,30,,41841,11,,,1,100,,41838,11,,,2,100,,41837,11,,,2,100,,41836,11,,,1,99,,41842,11,,,1
6700,'Dimanche-10-_26ÉTÉ-0000001-',715,,41850,11,,,2,101,,41844,11,,,1,100,,41847,11,,,1,30,,41849,11,,,1,70,,41855,11,,,1,30,,41852,11,,,1,70,,41858,11,,,1,31,,41860,11,,,1,70,,41854,11,,,1,30,,41856,11,,,1,70,,41845,11,,,1,30,,41846,11,,,1,70,,41848,11,,,1,30,,41851,11,,,2,71,,41857,11,,,2,30,,41853,11,,,1,70,,41859,11,,,1,29,,41868,11,,,2,70,,41867,11,,,2,30,,41863,11,,,1,70,,41861,11,,,1,29,,41871,11,,,2,70,,41862,11,,,1,30,,41869,11,,,1,100,,41866,11,,,2,100,,41865,11,,,2,100,,41864,11,,,1,99,,41870,11,,,1
6700,'Dimanche-11-_26ÉTÉ-0000001-',715,,49455,11,,,2,101,,49449,11,,,1,100,,49452,11,,,1,30,,49454,11,,,1,70,,49460,11,,,1,30,,49457,11,,,1,70,,49463,11,,,1,31,,49465,11,,,1,70,,49459,11,,,1,30,,49461,11,,,1,70,,49450,11,,,1,30,,49451,11,,,1,70,,49453,11,,,1,30,,49456,11,,,2,71,,49462,11,,,2,30,,49458,11,,,1,70,,49464,11,,,1,29,,49473,11,,,2,70,,49472,11,,,2,30,,49468,11,,,1,70,,49466,11,,,1,29,,49476,11,,,2,70,,49467,11,,,1,30,,49474,11,,,1,100,,49471,11,,,2,100,,49470,11,,,2,100,,49469,11,,,1,99,,49475,11,,,1
6700,'Semaine-1-_26ÉTÉ-1111100-',615,,41880,11,,,1,32,,41874,11,,,1,66,,41882,11,,,1,23,,41891,11,,,1,20,,41875,11,,,2,57,,41900,11,,,1,30,,41885,11,,,1,73,,41893,11,,,1,20,,41883,11,,,2,18,,41903,11,,,2,60,,41901,11,,,1,21,,41888,11,,,2,20,,41904,11,,,2,60,,41894,11,,,1,20,,41897,11,,,2,20,,41905,11,,,1,60,,41902,11,,,1,20,,41889,11,,,1,20,,41906,11,,,1,60,,41895,11,,,1,20,,41898,11,,,2,20,,41907,11,,,1,60,,41887,11,,,1,20,,41890,11,,,2,16,,41908,11,,,1,370,,41910,11,,,1,15,,41884,11,,,2,19,,41909,11,,,1,59,,41892,11,,,1,30,,41872,11,,,1,70,,41896,11,,,2,30,,41876,11,,,1,70,,41899,11,,,1,31,,41873,11,,,1,69,,41881,11,,,2,30,,41877,11,,,1,69,,41886,11,,,2,30,,41879,11,,,2,69,,41878,11,,,1
6700,'Semaine-10-_26ÉTÉ-1111100-',615,,41919,11,,,1,32,,41913,11,,,1,66,,41921,11,,,1,23,,41930,11,,,1,20,,41914,11,,,2,57,,41939,11,,,1,30,,41924,11,,,1,73,,41932,11,,,1,20,,41922,11,,,2,18,,41942,11,,,2,60,,41940,11,,,1,21,,41927,11,,,2,20,,41943,11,,,2,60,,41933,11,,,1,20,,41936,11,,,2,20,,41944,11,,,1,60,,41941,11,,,1,20,,41928,11,,,1,20,,41945,11,,,1,60,,41934,11,,,1,20,,41937,11,,,2,20,,41946,11,,,2,60,,41926,11,,,1,20,,41929,11,,,2,16,,41947,11,,,1,370,,41949,11,,,1,15,,41923,11,,,2,19,,41948,11,,,1,59,,41931,11,,,1,30,,41911,11,,,1,70,,41935,11,,,2,30,,41915,11,,,1,70,,41938,11,,,1,31,,41912,11,,,1,69,,41920,11,,,2,30,,41916,11,,,1,69,,41925,11,,,2,30,,41918,11,,,2,69,,41917,11,,,1
6700,'Semaine-11-_26ÉTÉ-1111100-',615,,47334,11,,,1,32,,47328,11,,,1,66,,47336,11,,,1,23,,47345,11,,,1,20,,47329,11,,,2,57,,47354,11,,,1,30,,47339,11,,,1,73,,47347,11,,,1,20,,47337,11,,,2,18,,47357,11,,,2,60,,47355,11,,,1,21,,47342,11,,,2,20,,47358,11,,,2,60,,47348,11,,,1,20,,47351,11,,,2,20,,47359,11,,,1,60,,47356,11,,,1,20,,47343,11,,,1,20,,47360,11,,,1,60,,47349,11,,,1,20,,47352,11,,,2,20,,47361,11,,,1,60,,47341,11,,,1,20,,47344,11,,,2,16,,47362,11,,,1,370,,47364,11,,,1,15,,47338,11,,,2,19,,47363,11,,,1,59,,47346,11,,,1,30,,47326,11,,,1,70,,47350,11,,,2,30,,47330,11,,,1,70,,47353,11,,,1,31,,47327,11,,,1,69,,47335,11,,,2,30,,47331,11,,,1,69,,47340,11,,,2,30,,47333,11,,,2,69,,47332,11,,,1
