4001,'Semaine-4',623,,33898,40,,,1,32,,33897,40,,,1,71,,33900,40,,,2,33,,33896,40,,,2,67,,33895,40,,,1,27,,33899,40,,,1
4101,'Semaine-4',647,,33908,31,,,1,72,,33909,31,,,2,31,,33910,31,,,2,69,,33907,31,,,1,30,,33906,31,,,1
4501,'Semaine-4',638,,33921,34,,,1,70,,33925,34,,,1,32,,33924,34,,,2,71,,33923,34,,,1,26,,33926,34,,,2,71,,33922,34,,,1
4701,'Semaine-4',625,,33932,27,,,2,87,,33933,27,,,1,45,,33930,27,,,2,68,,33931,27,,,1
5501,'Samedi-3',711,,34319,38,,,1,30,,34322,38,,,1,70,,34321,38,,,1,30,,34331,38,,,1,70,,34320,38,,,1,30,,34323,38,,,1,70,,34324,38,,,1,30,,34330,38,,,1,72,,34326,38,,,1,30,,34327,38,,,1,71,,34325,38,,,1,28,,34333,38,,,1,70,,34332,38,,,1,30,,34328,38,,,1,70,,34329,38,,,1,30,,34334,38,,,1,70,,34335,38,,,1,30,,34336,38,,,1,70,,34337,38,,,1,30,,34338,38,,,1,70,,34339,38,,,1,30,,34340,38,,,1,70,,34341,38,,,1,28,,34342,38,,,1,70,,34343,38,,,1,30,,34344,38,,,1,70,,34345,38,,,1,29,,34346,38,,,1,70,,34347,38,,,1,30,,34349,38,,,1,68,,34348,38,,,1,32,,34351,38,,,1,68,,34350,38,,,1
5501,'Dimanche-3',711,,34353,38,,,1,30,,34358,38,,,1,70,,34354,38,,,1,30,,34362,38,,,1,70,,34365,38,,,1,30,,34357,38,,,1,70,,34369,38,,,1,30,,34363,38,,,1,72,,34364,38,,,1,30,,34355,38,,,1,71,,34352,38,,,1,28,,34359,38,,,1,70,,34366,38,,,1,30,,34356,38,,,1,70,,34367,38,,,1,30,,34361,38,,,1,70,,34360,38,,,1,30,,34370,38,,,1,70,,34374,38,,,1,30,,34368,38,,,1,70,,34371,38,,,1,30,,34381,38,,,1,70,,34378,38,,,1,28,,34383,38,,,1,70,,34384,38,,,1,30,,34372,38,,,1,70,,34375,38,,,1,29,,34373,38,,,1,70,,34376,38,,,1,30,,34377,38,,,1,68,,34380,38,,,1,31,,34382,38,,,1,69,,34379,38,,,1
5501,'Semaine-4',527,,34398,38,,,1,14,,34405,38,,,1,14,,34404,38,,,1,58,,34388,38,,,1,15,,34426,38,,,1,21,,34425,38,,,1,9,,34385,38,,,1,53,,34430,38,,,1,15,,34411,38,,,1,14,,34419,38,,,1,15,,34389,38,,,1,49,,34393,38,,,1,12,,34391,38,,,1,9,,34420,38,,,1,6,,34422,38,,,1,13,,34399,38,,,1,71,,34403,38,,,1,10,,34390,38,,,1,11,,34424,38,,,1,69,,34417,38,,,1,23,,34429,5,,,1,8,,34421,38,,,1,69,,34387,38,,,1,29,,34394,38,,,1,71,,34407,38,,,1,29,,34418,38,,,1,70,,34414,38,,,1,30,,34395,38,,,1,70,,34427,38,,,1,31,,34386,38,,,1,71,,34392,38,,,1,49,,34396,38,,,1,99,,34401,38,,,1,100,,34406,38,,,1,101,,34423,38,,,1,60,,34412,38,,,1,30,,34400,38,,,1,70,,34416,38,,,1,30,,34409,38,,,1,70,,34428,38,,,1,30,,34402,38,,,1,70,,34408,38,,,1,30,,34410,38,,,1,70,,34397,38,,,1,29,,34415,38,,,1,70,,34413,38,,,1
5600,'Semaine-4',644,,34437,25,,,1,62,,34435,25,,,1,3,,34439,25,,,1,33,,34438,25,,,2,71,,34432,25,,,1,100,,34431,25,,,1,109,,34433,25,,,1,98,,34436,25,,,1,100,,34434,25,,,1
5801,'Semaine-4',605,,34457,26,,,1,32,,34461,26,,,1,71,,34459,26,,,1,30,,34458,26,,,2,70,,34455,26,,,1,30,,34460,26,,,1,801,,34456,26,,,1
5901,'Samedi-3',721,,34577,27,,,1,30,,34584,27,,,1,72,,34581,27,,,1,30,,34586,27,,,1,70,,34578,27,,,1,30,,34583,27,,,1,71,,34582,27,,,1,30,,34585,27,,,1,70,,34589,27,,,1,30,,34590,27,,,1,70,,34579,27,,,1,30,,34580,27,,,1,70,,34588,27,,,1,30,,34587,27,,,1,70,,34591,27,,,1,30,,34592,27,,,1,70,,34593,27,,,1,30,,34594,27,,,1,70,,34595,27,,,1,30,,34596,27,,,1,70,,34597,27,,,1,30,,34598,27,,,1,70,,34599,27,,,1,29,,34600,27,,,1,69,,34601,27,,,1,30,,34603,27,,,1,70,,34602,27,,,1,29,,34604,27,,,1,70,,34605,27,,,1,30,,34606,27,,,1,70,,34608,27,,,1,28,,34607,27,,,1
5901,'Dimanche-3',721,,34615,27,,,1,30,,34618,27,,,1,72,,34620,27,,,1,30,,34611,27,,,1,70,,34614,27,,,1,30,,34617,27,,,1,71,,34621,27,,,1,30,,34609,27,,,1,70,,34612,27,,,1,30,,34626,27,,,1,70,,34619,27,,,1,30,,34610,27,,,1,70,,34613,27,,,1,30,,34616,27,,,1,70,,34623,27,,,1,30,,34622,27,,,1,70,,34625,27,,,1,30,,34627,27,,,1,70,,34624,27,,,1,30,,34633,27,,,1,70,,34634,27,,,1,30,,34630,27,,,1,70,,34629,27,,,1,29,,34639,27,,,1,69,,34636,27,,,1,30,,34637,27,,,1,70,,34628,27,,,1,29,,34631,27,,,1,70,,34635,27,,,1,30,,34632,27,,,1,70,,34638,27,,,1,28,,34640,27,,,1
5901,'Semaine-4',521,,34645,27,,,1,13,,34681,27,,,1,16,,34654,27,,,1,55,,34675,27,,,1,15,,34655,27,,,1,15,,34644,27,,,1,6,,34646,27,,,1,62,,34649,27,,,1,6,,34684,5,,,1,11,,34685,5,,,1,9,,34652,27,,,1,5,,34686,5,,,1,13,,34653,27,,,1,54,,34648,27,,,1,10,,34677,27,,,1,9,,34663,27,,,1,8,,34668,27,,,1,13,,34642,27,,,1,12,,34658,27,,,1,53,,34643,27,,,1,12,,34661,27,,,1,32,,34687,27,,,1,70,,34682,27,,,1,30,,34669,27,,,1,70,,34651,27,,,1,30,,34662,27,,,1,70,,34665,27,,,1,30,,34650,27,,,1,71,,34679,27,,,1,29,,34641,27,,,1,70,,34683,27,,,1,30,,34673,27,,,1,75,,34676,27,,,1,100,,34680,27,,,1,100,,34660,27,,,1,99,,34667,27,,,1,76,,34672,27,,,1,30,,34659,27,,,1,70,,34666,27,,,1,30,,34671,27,,,1,70,,34678,27,,,1,30,,34656,27,,,1,70,,34674,27,,,1,29,,34664,27,,,1,30,,34647,27,,,1,70,,34657,27,,,1,30,,34670,27,,,1
55400,'Semaine-4',704,,37098,15,0,5 6,1
65501,'Semaine-4',1521,,37125,26,0,9 10,1
74001,'Semaine-4',825,,37134,41,0,5 11,1,2,,37135,41,0,5 11,1
80000,'Samedi-3',728,,37142,31,,,2,100,,37143,31,,,1,100,,37144,31,,,2,101,,37146,31,,,1,100,,37147,31,,,2,100,,37145,31,,,2,100,,37148,31,,,1,100,,37149,31,,,2,100,,37150,31,,,1,100,,37151,31,,,1,100,,37152,31,,,2,100,,37153,31,,,1,100,,37156,31,,,1,99,,37154,31,,,1,100,,37155,31,,,2,98,,37157,31,,,1,100,,37158,31,,,1
80000,'Dimanche-3',728,,37163,31,,,2,100,,37159,31,,,1,100,,37164,31,,,2,101,,37160,31,,,1,100,,37161,31,,,2,100,,37165,31,,,2,100,,37162,31,,,1,100,,37167,31,,,2,100,,37166,31,,,1,100,,37168,31,,,1,100,,37171,31,,,2,100,,37169,31,,,1,100,,37170,31,,,1,99,,37172,31,,,1,100,,37173,31,,,2,98,,37175,31,,,1,100,,37174,31,,,1
80000,'Semaine-4',606,,37207,31,,,1,30,,37189,31,,,1,70,,37179,31,,,1,14,,37182,31,,,1,16,,37202,31,,,1,73,,37190,31,,,1,19,,37178,31,,,1,26,,37204,31,,,1,70,,37181,31,,,2,30,,37199,31,,,1,70,,37193,31,,,1,31,,37211,31,,,1,69,,37180,31,,,1,30,,37197,31,,,2,70,,37195,31,,,1,30,,37210,31,,,1,70,,37192,31,,,1,30,,37205,31,,,1,71,,37194,31,,,1,31,,37201,31,,,1,72,,37200,31,,,2,30,,37196,31,,,1,70,,37208,31,,,2,31,,37183,31,,,1,69,,37191,31,,,1,28,,37185,31,,,1,71,,37206,31,,,1,29,,37184,31,,,1,70,,37188,31,,,1,30,,37176,31,,,1,70,,37209,31,,,1,29,,37186,31,,,1,67,,37187,31,,,1,30,,37203,31,,,1,68,,37177,31,,,1,29,,37198,31,,,1
