1800,'Semaine-4',1248,,32614,11,,,1,278,,32613,11,,,1,99,,32616,11,,,1,29,,32615,11,,,1
2601,'Semaine-4',612,,32655,30,,,1,30,,32657,30,,,1,71,,32658,30,,,2,33,,32656,30,,,1,72,,32654,30,,,1
2901,'Semaine-4',726,,32679,16,,,1,31,,32682,16,,,2,67,,32680,16,,,2,28,,32681,16,,,1
3201,'Semaine-4',528,,32943,28,,,1,21,,32942,28,,,1,59,,32934,28,,,1,20,,32944,28,,,1,9,,32924,28,,,1,9,,32945,28,,,1,12,,32925,28,,,2,50,,32926,28,,,1,9,,32918,28,,,1,9,,32921,28,,,1,7,,32947,28,,,1,9,,32927,28,,,1,9,,32922,28,,,1,49,,32935,28,,,1,8,,32917,28,,,2,6,,32928,28,,,1,8,,32946,28,,,1,9,,32916,28,,,1,11,,32915,28,,,1,11,,32920,28,,,1,5,,32923,28,,,1,50,,32929,28,,,2,21,,32903,28,,,2,30,,32913,28,,,1,70,,32906,28,,,1,30,,32909,28,,,2,70,,32902,28,,,2,30,,32912,28,,,1,70,,32907,28,,,1,30,,32914,28,,,1,71,,32896,28,,,1,29,,32901,28,,,1,71,,32908,28,,,1,70,,32919,28,,,1,30,,32936,28,,,1,70,,32937,28,,,1,30,,32938,28,,,2,70,,32939,28,,,2,31,,32940,28,,,1,69,,32941,28,,,1,30,,32899,28,,,2,70,,32897,28,,,1,36,,32910,28,,,1,22,,32905,28,,,1,70,,32900,28,,,2,30,,32898,28,,,1,70,,32911,28,,,1,29,,32904,28,,,1,70,,32931,28,,,2,30,,32930,28,,,1,70,,32932,28,,,1,30,,32933,28,,,1
3401,'Samedi-3',717,,33204,49,,,1,100,,33207,49,,,2,30,,33216,49,,,1,73,,33205,49,,,1,29,,33210,49,,,1,70,,33212,49,,,1,31,,33206,49,,,2,70,,33215,49,,,1,32,,33208,49,,,1,70,,33217,49,,,1,29,,33209,49,,,1,70,,33211,49,,,1,30,,33213,49,,,2,70,,33214,49,,,2,30,,33218,49,,,1,70,,33219,49,,,2,30,,33220,49,,,1,70,,33221,49,,,1,31,,33222,49,,,1,69,,33223,49,,,1,30,,33224,49,,,2,70,,33225,49,,,1,27,,33226,49,,,1,70,,33228,49,,,1,31,,33227,49,,,2,70,,33229,49,,,1,30,,33230,49,,,1,68,,33231,49,,,1,30,,33233,49,,,1,70,,33232,49,,,1,30,,33234,49,,,1,96,,33235,49,,,1
3401,'Dimanche-3',717,,33237,49,,,1,100,,33248,49,,,2,30,,33241,49,,,1,73,,33244,49,,,1,29,,33243,49,,,1,70,,33252,49,,,1,31,,33249,49,,,2,70,,33236,49,,,1,32,,33247,49,,,1,70,,33240,49,,,1,29,,33238,49,,,1,70,,33239,49,,,1,30,,33242,49,,,2,70,,33250,49,,,2,30,,33246,49,,,1,70,,33245,49,,,2,30,,33251,49,,,1,70,,33256,49,,,1,31,,33254,49,,,1,69,,33260,49,,,1,30,,33263,49,,,2,70,,33253,49,,,1,27,,33262,49,,,1,70,,33255,49,,,1,31,,33259,49,,,2,70,,33266,49,,,1,30,,33258,49,,,1,68,,33257,49,,,1,30,,33264,49,,,1,70,,33265,49,,,1,30,,33261,49,,,1,96,,33267,49,,,1
3401,'Semaine-4',927,,33293,49,,,1,28,,33273,49,,,1,70,,33277,49,,,1,30,,33297,49,,,1,70,,33270,49,,,1,30,,33274,49,,,1,70,,33278,49,,,1,30,,33268,49,,,1,70,,33271,49,,,1,30,,33275,49,,,1,71,,33279,49,,,1,30,,33272,49,,,1,70,,33294,49,,,1,31,,33269,49,,,1,71,,33295,49,,,1,31,,33296,49,,,2,69,,33290,49,,,1,27,,33286,49,,,1,70,,33276,49,,,1,29,,33283,49,,,1,69,,33292,49,,,1,29,,33280,49,,,1,70,,33282,49,,,1,30,,33284,49,,,1,70,,33288,49,,,1,30,,33281,49,,,1,70,,33287,49,,,1,29,,33285,49,,,1,70,,33289,49,,,1,30,,33291,49,,,1
4001,'Semaine-4',628,,33898,48,,,1,72,,33897,48,,,1,32,,33900,48,,,2,74,,33896,48,,,2,26,,33895,48,,,1,27,,33899,48,,,1
4101,'Semaine-4',652,,33908,39,,,1,72,,33909,39,,,2,32,,33910,39,,,2,70,,33907,39,,,1,29,,33906,39,,,1
4501,'Semaine-4',643,,33921,42,,,1,70,,33925,42,,,1,34,,33924,42,,,2,70,,33923,42,,,1,26,,33926,42,,,2,70,,33922,42,,,1
4701,'Semaine-4',630,,33932,35,,,2,87,,33933,35,,,1,87,,33930,35,,,2,27,,33931,35,,,1
5501,'Samedi-3',716,,34319,47,,,1,30,,34322,47,,,1,70,,34321,47,,,1,30,,34331,47,,,1,70,,34320,47,,,1,30,,34323,47,,,1,70,,34324,47,,,1,30,,34330,47,,,1,73,,34326,47,,,1,30,,34327,47,,,1,71,,34325,47,,,1,28,,34333,47,,,1,70,,34332,47,,,1,30,,34328,47,,,1,70,,34329,47,,,1,30,,34334,47,,,1,70,,34335,47,,,1,30,,34336,47,,,1,70,,34337,47,,,1,30,,34338,47,,,1,70,,34339,47,,,1,30,,34340,47,,,1,70,,34341,47,,,1,28,,34342,47,,,1,70,,34343,47,,,1,30,,34344,47,,,1,70,,34345,47,,,1,28,,34346,47,,,1,70,,34347,47,,,1,30,,34349,47,,,1,68,,34348,47,,,1,32,,34351,47,,,1,68,,34350,47,,,1
5501,'Dimanche-3',716,,34353,47,,,1,30,,34358,47,,,1,70,,34354,47,,,1,30,,34362,47,,,1,70,,34365,47,,,1,30,,34357,47,,,1,70,,34369,47,,,1,30,,34363,47,,,1,73,,34364,47,,,1,30,,34355,47,,,1,71,,34352,47,,,1,28,,34359,47,,,1,70,,34366,47,,,1,30,,34356,47,,,1,70,,34367,47,,,1,30,,34361,47,,,1,70,,34360,47,,,1,30,,34370,47,,,1,70,,34374,47,,,1,30,,34368,47,,,1,70,,34371,47,,,1,30,,34381,47,,,1,70,,34378,47,,,1,28,,34383,47,,,1,70,,34384,47,,,1,30,,34372,47,,,1,70,,34375,47,,,1,28,,34373,47,,,1,70,,34376,47,,,1,30,,34377,47,,,1,68,,34380,47,,,1,31,,34382,47,,,1,69,,34379,47,,,1
5501,'Semaine-4',532,,34398,47,,,1,14,,34405,47,,,1,54,,34404,46,,,1,18,,34388,46,,,1,15,,34426,46,,,1,21,,34425,46,,,1,49,,34385,46,,,1,14,,34430,46,,,1,15,,34411,46,,,1,15,,34419,46,,,1,55,,34389,46,,,1,9,,34393,46,,,1,12,,34391,46,,,1,9,,34420,46,,,1,4,,34422,46,,,1,13,,34399,46,,,1,71,,34403,46,,,1,10,,34390,46,,,1,11,,34424,46,,,1,70,,34417,47,,,1,23,,34429,14,,,1,8,,34421,47,,,1,69,,34387,47,,,1,29,,34394,47,,,1,71,,34407,47,,,1,29,,34418,47,,,1,70,,34414,47,,,1,30,,34395,47,,,1,70,,34427,47,,,1,30,,34386,47,,,1,73,,34392,47,,,1,89,,34396,47,,,1,98,,34401,47,,,1,100,,34406,47,,,1,100,,34423,47,,,1,20,,34412,47,,,1,30,,34400,47,,,1,70,,34416,47,,,1,30,,34409,47,,,1,70,,34428,47,,,1,30,,34402,47,,,1,70,,34408,47,,,1,30,,34410,47,,,1,70,,34397,47,,,1,28,,34415,47,,,1,70,,34413,47,,,1
5901,'Samedi-3',726,,34577,36,,,1,30,,34584,36,,,1,72,,34581,36,,,1,30,,34586,36,,,1,70,,34578,36,,,1,30,,34583,36,,,1,71,,34582,36,,,1,30,,34585,36,,,1,70,,34589,36,,,1,71,,34590,36,,,1,30,,34579,36,,,1,70,,34580,36,,,1,30,,34588,36,,,1,70,,34587,36,,,1,30,,34591,36,,,1,70,,34592,36,,,1,30,,34593,36,,,1,70,,34594,36,,,1,30,,34595,36,,,1,70,,34596,36,,,1,30,,34597,36,,,1,70,,34598,36,,,1,30,,34599,36,,,1,28,,34600,36,,,1,70,,34601,36,,,1,30,,34603,36,,,1,70,,34602,36,,,1,28,,34604,36,,,1,70,,34605,36,,,1,30,,34606,36,,,1,70,,34608,36,,,1,28,,34607,36,,,1
5901,'Dimanche-3',726,,34615,36,,,1,30,,34618,36,,,1,72,,34620,36,,,1,30,,34611,36,,,1,70,,34614,36,,,1,30,,34617,36,,,1,71,,34621,36,,,1,30,,34609,36,,,1,70,,34612,36,,,1,71,,34626,36,,,1,30,,34619,36,,,1,70,,34610,36,,,1,30,,34613,36,,,1,70,,34616,36,,,1,30,,34623,36,,,1,70,,34622,36,,,1,30,,34625,36,,,1,70,,34627,36,,,1,30,,34624,36,,,1,70,,34633,36,,,1,30,,34634,36,,,1,70,,34630,36,,,1,30,,34629,36,,,1,28,,34639,36,,,1,70,,34636,36,,,1,30,,34637,36,,,1,70,,34628,36,,,1,28,,34631,36,,,1,70,,34635,36,,,1,30,,34632,36,,,1,70,,34638,36,,,1,28,,34640,36,,,1
5901,'Semaine-4',526,,34645,36,,,1,13,,34681,36,,,1,16,,34654,36,,,1,55,,34675,35,,,1,16,,34655,35,,,1,15,,34644,35,,,1,6,,34646,35,,,1,62,,34649,35,,,1,7,,34684,13,,,1,11,,34685,13,,,1,9,,34652,35,,,1,5,,34686,13,,,1,13,,34653,35,,,1,54,,34648,35,,,1,10,,34677,35,,,1,9,,34663,35,,,1,6,,34668,35,,,1,13,,34642,35,,,1,12,,34658,35,,,1,53,,34643,35,,,1,12,,34661,35,,,1,32,,34687,35,,,1,70,,34682,36,,,1,30,,34669,36,,,1,70,,34651,36,,,1,30,,34662,36,,,1,70,,34665,36,,,1,30,,34650,36,,,1,71,,34679,36,,,1,29,,34641,36,,,1,70,,34683,36,,,1,30,,34673,36,,,1,76,,34676,36,,,1,100,,34680,36,,,1,100,,34660,36,,,1,98,,34667,36,,,1,76,,34672,36,,,1,30,,34659,36,,,1,70,,34666,36,,,1,30,,34671,36,,,1,70,,34678,36,,,1,30,,34656,36,,,1,70,,34674,36,,,1,29,,34664,36,,,1,70,,34647,36,,,1,30,,34657,36,,,1,70,,34670,36,,,1
32901,'Semaine-4',1656,,36466,43,0,7 8,1
65501,'Semaine-4',1526,,37125,35,0,9 10,1
73401,'Semaine-4',833,,37131,53,0,5 11,1
74001,'Semaine-4',831,,37134,49,0,5 11,1,2,,37135,49,0,5 11,1
80000,'Samedi-3',733,,37142,40,,,2,101,,37143,40,,,1,100,,37144,40,,,2,101,,37146,40,,,1,100,,37147,40,,,2,100,,37145,40,,,2,100,,37148,40,,,1,100,,37149,40,,,2,100,,37150,40,,,1,100,,37151,40,,,1,99,,37152,40,,,2,100,,37153,40,,,1,100,,37156,40,,,1,99,,37154,40,,,1,100,,37155,40,,,2,98,,37157,40,,,1,100,,37158,40,,,1
80000,'Dimanche-3',733,,37163,40,,,2,101,,37159,40,,,1,100,,37164,40,,,2,101,,37160,40,,,1,100,,37161,40,,,2,100,,37165,40,,,2,100,,37162,40,,,1,100,,37167,40,,,2,100,,37166,40,,,1,100,,37168,40,,,1,99,,37171,40,,,2,100,,37169,40,,,1,100,,37170,40,,,1,99,,37172,40,,,1,100,,37173,40,,,2,98,,37175,40,,,1,100,,37174,40,,,1
80000,'Semaine-4',612,,37207,39,,,1,30,,37189,39,,,1,71,,37179,39,,,1,14,,37182,39,,,1,16,,37202,39,,,1,73,,37190,39,,,1,19,,37178,39,,,1,24,,37204,39,,,1,70,,37181,40,,,2,30,,37199,40,,,1,70,,37193,40,,,1,71,,37211,40,,,1,29,,37180,40,,,1,30,,37197,40,,,2,70,,37195,40,,,1,30,,37210,40,,,1,70,,37192,40,,,1,30,,37205,40,,,1,72,,37194,40,,,1,71,,37201,40,,,1,32,,37200,40,,,2,71,,37196,40,,,1,30,,37208,40,,,2,71,,37183,40,,,1,28,,37191,40,,,1,68,,37185,40,,,1,30,,37206,40,,,1,69,,37184,40,,,1,30,,37188,40,,,1,70,,37176,40,,,1,30,,37209,40,,,1,69,,37186,40,,,1,27,,37187,40,,,1,30,,37203,40,,,1,68,,37177,40,,,1,28,,37198,40,,,1
82901,'Semaine-4',800,,37295,16,0,9 12 13,1,1,,37296,16,0,9 12 13,1,1,,37297,16,0,9 12 13,2
