2701,'Semaine-1-_26ÉTÉ-1111100-',632,,37415,34,,,1,87,,37416,34,,,1,86,,37413,34,,,1,29,,37414,34,,,1
2701,'Semaine-10-_26ÉTÉ-1111100-',632,,37419,34,,,1,87,,37420,34,,,1,86,,37417,34,,,1,29,,37418,34,,,1
2701,'Semaine-11-_26ÉTÉ-1111100-',632,,45413,34,,,1,87,,45414,34,,,1,86,,45411,34,,,1,29,,45412,34,,,1
2701,'Semaine-5-_26ÉTÉ-1111100-',632,,49984,34,,,1,87,,49985,34,,,1,86,,49982,34,,,1,29,,49983,34,,,1
3301,'Samedi-0-_26ÉTÉ-0000010-',728,,38084,36,,,1,100,,38085,36,,,1,100,,38082,36,,,2,100,,38088,36,,,1,100,,38089,36,,,1,101,,38083,36,,,1,100,,38086,36,,,1,100,,38087,36,,,1,102,,38090,36,,,1,98,,38091,36,,,1,100,,38092,36,,,1,96,,38099,36,,,1,100,,38093,36,,,1,100,,38094,36,,,1,100,,38095,36,,,1,100,,38096,36,,,1,100,,38097,36,,,1,100,,38098,36,,,1
3301,'Dimanche-0-_26ÉTÉ-0000001-',728,,38104,36,,,1,100,,38105,36,,,1,100,,38106,36,,,2,100,,38100,36,,,1,100,,38101,36,,,1,101,,38102,36,,,1,100,,38103,36,,,1,100,,38108,36,,,1,102,,38109,36,,,1,98,,38107,36,,,1,100,,38110,36,,,1,96,,38113,36,,,1,100,,38117,36,,,1,100,,38111,36,,,1,100,,38112,36,,,1,100,,38115,36,,,1,100,,38114,36,,,1,100,,38116,36,,,1
3301,'Dimanche-10-_26ÉTÉ-0000001-',728,,38122,36,,,1,100,,38123,36,,,1,100,,38124,36,,,2,100,,38118,36,,,1,100,,38119,36,,,1,101,,38120,36,,,1,100,,38121,36,,,1,100,,38126,36,,,1,102,,38127,36,,,1,98,,38125,36,,,1,100,,38128,36,,,1,96,,38131,36,,,1,100,,38135,36,,,1,100,,38129,36,,,1,100,,38130,36,,,1,100,,38133,36,,,1,100,,38132,36,,,1,100,,38134,36,,,1
3301,'Dimanche-11-_26ÉTÉ-0000001-',728,,48907,36,,,1,100,,48908,36,,,1,100,,48909,36,,,2,100,,48903,36,,,1,100,,48904,36,,,1,101,,48905,36,,,1,100,,48906,36,,,1,100,,48911,36,,,1,102,,48912,36,,,1,98,,48910,36,,,1,100,,48913,36,,,1,96,,48916,36,,,1,100,,48920,36,,,1,100,,48914,36,,,1,100,,48915,36,,,1,100,,48918,36,,,1,100,,48917,36,,,1,100,,48919,36,,,1
3301,'Semaine-1-_26ÉTÉ-1111100-',615,,38159,36,,,2,22,,38167,36,,,2,64,,38144,36,,,1,17,,38164,36,,,1,18,,38160,36,,,2,4,,38155,36,,,1,9,,38175,36,,,1,51,,38173,36,,,2,22,,38162,36,,,2,12,,38150,36,,,1,10,,38166,36,,,2,15,,38140,36,,,1,70,,38152,36,,,1,28,,38158,36,,,1,71,,38148,36,,,2,28,,38169,36,,,1,71,,38153,36,,,1,29,,38145,36,,,1,72,,38147,36,,,1,20,,38165,36,,,1,6,,38174,36,,,1,68,,38156,36,,,1,29,,38146,36,,,1,71,,38151,36,,,1,34,,38154,37,,,1,52,,38176,37,,,1,19,,38157,37,,,1,18,,38149,37,,,2,13,,38161,37,,,2,73,,38142,37,,,1,28,,38172,37,,,1,63,,38139,37,,,2,26,,38136,37,,,2,68,,38170,36,,,1,42,,38143,36,,,1,70,,38138,36,,,1,97,,38141,36,,,1,81,,38163,36,,,1,105,,38168,36,,,1,97,,38137,36,,,1,124,,38171,36,,,1
3301,'Semaine-10-_26ÉTÉ-1111100-',615,,38200,36,,,2,22,,38208,36,,,2,64,,38185,36,,,1,17,,38205,36,,,1,18,,38201,36,,,2,4,,38196,36,,,1,9,,38216,36,,,1,51,,38214,36,,,2,22,,38203,36,,,2,12,,38191,36,,,1,10,,38207,36,,,2,15,,38181,36,,,1,70,,38193,36,,,1,28,,38199,36,,,1,71,,38189,36,,,2,28,,38210,36,,,1,71,,38194,36,,,1,29,,38186,36,,,1,72,,38188,36,,,1,20,,38206,36,,,1,6,,38215,36,,,1,68,,38197,36,,,1,29,,38187,36,,,1,71,,38192,36,,,1,34,,38195,37,,,1,52,,38217,37,,,1,19,,38198,37,,,1,18,,38190,37,,,2,13,,38202,37,,,2,73,,38183,37,,,1,28,,38213,37,,,1,63,,38180,37,,,2,26,,38177,37,,,2,68,,38211,36,,,1,42,,38184,36,,,1,70,,38179,36,,,1,97,,38182,36,,,1,81,,38204,36,,,1,105,,38209,36,,,1,97,,38178,36,,,1,124,,38212,36,,,1
3301,'Semaine-11-_26ÉTÉ-1111100-',615,,45759,36,,,2,22,,45767,36,,,2,64,,45744,36,,,1,17,,45764,36,,,1,18,,45760,36,,,2,4,,45755,36,,,1,9,,45775,36,,,1,51,,45773,36,,,2,22,,45762,36,,,2,12,,45750,36,,,1,10,,45766,36,,,2,15,,45740,36,,,1,70,,45752,36,,,1,28,,45758,36,,,1,71,,45748,36,,,2,28,,45769,36,,,1,71,,45753,36,,,1,29,,45745,36,,,1,72,,45747,36,,,1,20,,45765,36,,,1,6,,45774,36,,,1,68,,45756,36,,,1,29,,45746,36,,,1,71,,45751,36,,,1,34,,45754,37,,,1,52,,45776,37,,,1,19,,45757,37,,,1,18,,45749,37,,,2,13,,45761,37,,,2,73,,45742,37,,,1,28,,45772,37,,,1,63,,45739,37,,,2,26,,45736,37,,,2,68,,45770,36,,,1,42,,45743,36,,,1,70,,45738,36,,,1,97,,45741,36,,,1,81,,45763,36,,,1,105,,45768,36,,,1,97,,45737,36,,,1,124,,45771,36,,,1
3301,'Semaine-5-_26ÉTÉ-1111100-',615,,50258,36,,,2,22,,50266,36,,,2,64,,50243,36,,,1,17,,50263,36,,,1,18,,50259,36,,,2,4,,50254,36,,,1,9,,50274,36,,,1,51,,50272,36,,,2,22,,50261,36,,,2,12,,50249,36,,,1,10,,50265,36,,,2,15,,50239,36,,,1,70,,50251,36,,,1,28,,50257,36,,,1,71,,50247,36,,,2,28,,50268,36,,,1,71,,50252,36,,,1,29,,50244,36,,,1,72,,50246,36,,,1,20,,50264,36,,,1,6,,50273,36,,,1,68,,50255,36,,,1,29,,50245,36,,,1,71,,50250,36,,,1,34,,50253,37,,,1,52,,50275,37,,,1,19,,50256,37,,,1,18,,50248,37,,,2,13,,50260,37,,,2,73,,50241,37,,,1,28,,50271,37,,,1,63,,50238,37,,,2,26,,50235,37,,,2,68,,50269,36,,,1,42,,50242,36,,,1,70,,50237,36,,,1,97,,50240,36,,,1,81,,50262,36,,,1,105,,50267,36,,,1,97,,50236,36,,,1,124,,50270,36,,,1
