6701,'Samedi-0-_26ÉTÉ-0000010-',629,,41950,6,,,1,100,,41956,6,,,1,99,,41952,6,,,1,101,,41951,6,,,1,71,,41954,6,,,1,28,,41959,6,,,1,72,,41960,6,,,2,30,,41953,6,,,1,70,,41955,6,,,1,30,,41958,6,,,1,70,,41961,6,,,1,30,,41962,6,,,1,70,,41957,6,,,1,30,,41963,6,,,1,70,,41964,6,,,1,30,,41965,6,,,2,70,,41966,6,,,2,30,,41967,6,,,1,70,,41968,6,,,1,30,,41969,6,,,1,70,,41970,6,,,2,29,,41971,6,,,1,30,,41972,6,,,2,100,,41973,6,,,1,100,,41974,6,,,1,100,,41976,6,,,1,100,,41975,6,,,1
6701,'Dimanche-0-_26ÉTÉ-0000001-',629,,41977,6,,,1,100,,41982,6,,,1,99,,41985,6,,,1,101,,41980,6,,,1,71,,41978,6,,,1,28,,41979,6,,,1,72,,41981,6,,,2,30,,41989,6,,,1,70,,41983,6,,,1,30,,41987,6,,,1,70,,41984,6,,,1,30,,41992,6,,,1,70,,41993,6,,,1,30,,41990,6,,,1,70,,41995,6,,,1,30,,41986,6,,,2,70,,41998,6,,,2,30,,41991,6,,,1,70,,41988,6,,,1,30,,41996,6,,,1,70,,41999,6,,,2,29,,42003,6,,,1,30,,42002,6,,,2,100,,41994,6,,,1,100,,42000,6,,,1,100,,41997,6,,,1,100,,42001,6,,,1
6701,'Dimanche-10-_26ÉTÉ-0000001-',629,,42004,6,,,1,100,,42009,6,,,1,99,,42012,6,,,1,101,,42007,6,,,1,71,,42005,6,,,1,28,,42006,6,,,1,72,,42008,6,,,2,30,,42016,6,,,1,70,,42010,6,,,1,30,,42014,6,,,1,70,,42011,6,,,1,30,,42019,6,,,1,70,,42020,6,,,1,30,,42017,6,,,1,70,,42022,6,,,1,30,,42013,6,,,2,70,,42025,6,,,2,30,,42018,6,,,1,70,,42015,6,,,1,30,,42023,6,,,1,70,,42026,6,,,2,29,,42030,6,,,1,30,,42029,6,,,2,100,,42021,6,,,1,100,,42027,6,,,1,100,,42024,6,,,1,100,,42028,6,,,1
6701,'Dimanche-11-_26ÉTÉ-0000001-',629,,49477,6,,,1,100,,49482,6,,,1,99,,49485,6,,,1,101,,49480,6,,,1,71,,49478,6,,,1,28,,49479,6,,,1,72,,49481,6,,,2,30,,49489,6,,,1,70,,49483,6,,,1,30,,49487,6,,,1,70,,49484,6,,,1,30,,49492,6,,,1,70,,49493,6,,,1,30,,49490,6,,,1,70,,49495,6,,,1,30,,49486,6,,,2,70,,49498,6,,,2,30,,49491,6,,,1,70,,49488,6,,,1,30,,49496,6,,,1,70,,49499,6,,,2,29,,49503,6,,,1,30,,49502,6,,,2,100,,49494,6,,,1,100,,49500,6,,,1,100,,49497,6,,,1,100,,49501,6,,,1
6701,'Semaine-1-_26ÉTÉ-1111100-',905,,42051,6,,,1,20,,42040,6,,,1,20,,42058,6,,,2,60,,42044,6,,,1,20,,42038,6,,,2,20,,42059,6,,,1,60,,42052,6,,,1,20,,42041,6,,,1,20,,42060,6,,,2,60,,42045,6,,,1,20,,42048,6,,,2,21,,42061,6,,,1,59,,42047,6,,,1,20,,42042,6,,,2,20,,42062,6,,,1,60,,42053,6,,,1,20,,42055,6,,,1,20,,42057,6,,,1,60,,42049,6,,,2,31,,42033,6,,,1,70,,42056,6,,,2,29,,42036,6,,,1,70,,42054,6,,,1,30,,42050,6,,,1,70,,42043,6,,,1,30,,42031,6,,,1,69,,42046,6,,,1,30,,42034,6,,,1,70,,42063,6,,,1,30,,42032,6,,,1,70,,42065,6,,,1,30,,42035,6,,,1,70,,42066,6,,,1,30,,42037,6,,,2,70,,42064,6,,,1,30,,42039,6,,,2
6701,'Semaine-10-_26ÉTÉ-1111100-',905,,42087,6,,,1,20,,42076,6,,,1,20,,42094,6,,,2,60,,42080,6,,,1,20,,42074,6,,,2,20,,42095,6,,,1,60,,42088,6,,,1,20,,42077,6,,,1,20,,42096,6,,,2,60,,42081,6,,,1,20,,42084,6,,,2,21,,42097,6,,,2,59,,42083,6,,,1,20,,42078,6,,,2,20,,42098,6,,,1,60,,42089,6,,,1,20,,42091,6,,,1,20,,42093,6,,,1,60,,42085,6,,,2,31,,42069,6,,,1,70,,42092,6,,,2,29,,42072,6,,,1,70,,42090,6,,,1,30,,42086,6,,,1,70,,42079,6,,,1,30,,42067,6,,,1,69,,42082,6,,,1,30,,42070,6,,,1,70,,42099,6,,,1,30,,42068,6,,,1,70,,42101,6,,,1,30,,42071,6,,,1,70,,42102,6,,,1,30,,42073,6,,,2,70,,42100,6,,,1,30,,42075,6,,,2
6701,'Semaine-11-_26ÉTÉ-1111100-',905,,47412,6,,,1,20,,47401,6,,,1,20,,47419,6,,,2,60,,47405,6,,,1,20,,47399,6,,,2,20,,47420,6,,,1,60,,47413,6,,,1,20,,47402,6,,,1,20,,47421,6,,,2,60,,47406,6,,,1,20,,47409,6,,,2,21,,47422,6,,,1,59,,47408,6,,,1,20,,47403,6,,,2,20,,47423,6,,,1,60,,47414,6,,,1,20,,47416,6,,,1,20,,47418,6,,,1,60,,47410,6,,,2,31,,47394,6,,,1,70,,47417,6,,,2,29,,47397,6,,,1,70,,47415,6,,,1,30,,47411,6,,,1,70,,47404,6,,,1,30,,47392,6,,,1,69,,47407,6,,,1,30,,47395,6,,,1,70,,47424,6,,,1,30,,47393,6,,,1,70,,47426,6,,,1,30,,47396,6,,,1,70,,47427,6,,,1,30,,47398,6,,,2,70,,47425,6,,,1,30,,47400,6,,,2
6701,'Semaine-12-_26ÉTÉ-1111100-',905,,53764,6,,,1,20,,53753,6,,,1,20,,53771,6,,,2,60,,53757,6,,,1,20,,53751,6,,,2,20,,53772,6,,,1,60,,53765,6,,,1,20,,53754,6,,,1,20,,53773,6,,,2,60,,53758,6,,,1,20,,53761,6,,,2,21,,53774,6,,,1,59,,53760,6,,,1,20,,53755,6,,,2,20,,53775,6,,,1,60,,53766,6,,,1,20,,53768,6,,,1,20,,53770,6,,,1,60,,53762,6,,,2,31,,53746,6,,,1,70,,53769,6,,,2,29,,53749,6,,,1,70,,53767,6,,,1,30,,53763,6,,,1,70,,53756,6,,,1,30,,53744,6,,,1,69,,53759,6,,,1,30,,53747,6,,,1,70,,53776,6,,,1,30,,53745,6,,,1,70,,53778,6,,,1,30,,53748,6,,,1,70,,53779,6,,,1,30,,53750,6,,,2,70,,53777,6,,,1,30,,53752,6,,,2
6701,'Semaine-5-_26ÉTÉ-1111100-',905,,51331,6,,,1,20,,51320,6,,,1,20,,51338,6,,,2,60,,51324,6,,,1,20,,51318,6,,,2,20,,51339,6,,,1,60,,51332,6,,,1,20,,51321,6,,,1,20,,51340,6,,,2,60,,51325,6,,,1,20,,51328,6,,,2,21,,51341,6,,,1,59,,51327,6,,,1,20,,51322,6,,,2,20,,51342,6,,,1,60,,51333,6,,,1,20,,51335,6,,,1,20,,51337,6,,,1,60,,51329,6,,,2,31,,51313,6,,,1,70,,51336,6,,,2,29,,51316,6,,,1,70,,51334,6,,,1,30,,51330,6,,,1,70,,51323,6,,,1,30,,51311,6,,,1,69,,51326,6,,,1,30,,51314,6,,,1,70,,51343,6,,,1,30,,51312,6,,,1,70,,51345,6,,,1,30,,51315,6,,,1,70,,51346,6,,,1,30,,51317,6,,,2,70,,51344,6,,,1,30,,51319,6,,,2
8701,'Semaine-1-_26ÉTÉ-1111100-',509,,43663,6,,,1,31,,43656,6,,,1,67,,43661,6,,,2,20,,43659,6,,,2,18,,43657,6,,,1,55,,43666,6,,,2,13,,43662,6,,,2,17,,43658,6,,,2,15,,43665,6,,,1,60,,43664,6,,,2,20,,43660,6,,,2,20,,43655,6,,,2
8701,'Semaine-10-_26ÉTÉ-1111100-',509,,43675,6,,,1,31,,43668,6,,,1,67,,43673,6,,,2,20,,43671,6,,,2,18,,43669,6,,,1,55,,43678,6,,,2,13,,43674,6,,,2,17,,43670,6,,,2,15,,43677,6,,,1,60,,43676,6,,,2,20,,43672,6,,,2,20,,43667,6,,,2
8701,'Semaine-11-_26ÉTÉ-1111100-',509,,48124,6,,,1,31,,48117,6,,,1,67,,48122,6,,,2,20,,48120,6,,,2,18,,48118,6,,,1,55,,48127,6,,,2,13,,48123,6,,,2,17,,48119,6,,,2,15,,48126,6,,,1,60,,48125,6,,,2,20,,48121,6,,,2,20,,48116,6,,,2
8701,'Semaine-12-_26ÉTÉ-1111100-',509,,54300,6,,,1,31,,54293,6,,,1,67,,54298,6,,,2,20,,54296,6,,,2,18,,54294,6,,,1,55,,54303,6,,,2,13,,54299,6,,,2,17,,54295,6,,,2,15,,54302,6,,,1,60,,54301,6,,,2,20,,54297,6,,,2,20,,54292,6,,,2
8701,'Semaine-5-_26ÉTÉ-1111100-',509,,51867,6,,,1,31,,51860,6,,,1,67,,51865,6,,,2,20,,51863,6,,,2,18,,51861,6,,,1,55,,51870,6,,,2,13,,51866,6,,,2,17,,51862,6,,,2,15,,51869,6,,,1,60,,51868,6,,,2,20,,51864,6,,,2,20,,51859,6,,,2
