4500,'Semaine-1-_26ÉTÉ-1111100-',1531,,39630,42,,,1,75,,39625,42,,,2,32,,39626,42,,,2,70,,39628,42,,,1,29,,39629,42,,,1,65,,39627,42,,,2
4500,'Semaine-10-_26ÉTÉ-1111100-',1531,,39636,42,,,1,75,,39631,42,,,2,32,,39632,42,,,2,70,,39634,42,,,1,29,,39635,42,,,1,65,,39633,42,,,2
4500,'Semaine-11-_26ÉTÉ-1111100-',1531,,46378,42,,,1,75,,46373,42,,,2,32,,46374,42,,,2,70,,46376,42,,,1,29,,46377,42,,,1,65,,46375,42,,,2
5200,'Samedi-0-_26ÉTÉ-0000010-',645,,39909,28,,,1,100,,39910,28,,,2,100,,39911,28,,,1,101,,39912,28,,,2,100,,39913,28,,,1,101,,39914,28,,,1,100,,39915,28,,,2,100,,39916,28,,,2,99,,39917,28,,,1,101,,39918,28,,,2,100,,39919,28,,,1,100,,39920,28,,,1,99,,39921,28,,,1,100,,39924,28,,,1,100,,39922,28,,,1,99,,39923,28,,,2,98,,39925,28,,,2,100,,39926,28,,,1
5200,'Samedi-10-_26ÉTÉ-0000010-',645,,46498,28,,,1,100,,46499,28,,,2,100,,46500,28,,,1,101,,46501,28,,,2,100,,46502,28,,,1,101,,46503,28,,,1,100,,46504,28,,,2,100,,46505,28,,,2,99,,46506,28,,,1,101,,46507,28,,,2,100,,46508,28,,,1,100,,46509,28,,,1,99,,46510,28,,,1,100,,46513,28,,,1,100,,46511,28,,,1,99,,46512,28,,,2,98,,46514,28,,,2,100,,46515,28,,,1
5200,'Dimanche-0-_26ÉTÉ-0000001-',645,,39928,28,,,1,100,,39927,28,,,2,100,,39929,28,,,1,101,,39930,28,,,2,100,,39932,28,,,1,101,,39937,28,,,1,100,,39931,28,,,2,100,,39934,28,,,2,99,,39935,28,,,1,101,,39933,28,,,2,100,,39936,28,,,1,100,,39943,28,,,1,99,,39942,28,,,1,100,,39938,28,,,1,100,,39944,28,,,1,99,,39941,28,,,2,98,,39940,28,,,2,100,,39939,28,,,1
5200,'Dimanche-10-_26ÉTÉ-0000001-',645,,39946,28,,,1,100,,39945,28,,,2,100,,39947,28,,,1,101,,39948,28,,,2,100,,39950,28,,,1,101,,39955,28,,,1,100,,39949,28,,,2,100,,39952,28,,,2,99,,39953,28,,,1,101,,39951,28,,,2,100,,39954,28,,,1,100,,39961,28,,,1,99,,39960,28,,,1,100,,39956,28,,,1,100,,39962,28,,,1,99,,39959,28,,,2,98,,39958,28,,,2,100,,39957,28,,,1
5200,'Dimanche-11-_26ÉTÉ-0000001-',645,,49171,28,,,1,100,,49170,28,,,2,100,,49172,28,,,1,101,,49173,28,,,2,100,,49175,28,,,1,101,,49180,28,,,1,100,,49174,28,,,2,100,,49177,28,,,2,99,,49178,28,,,1,101,,49176,28,,,2,100,,49179,28,,,1,100,,49186,28,,,1,99,,49185,28,,,1,100,,49181,28,,,1,100,,49187,28,,,1,99,,49184,28,,,2,98,,49183,28,,,2,100,,49182,28,,,1
5200,'Semaine-1-_26ÉTÉ-1111100-',616,,39966,28,,,1,99,,39968,28,,,1,108,,39963,28,,,1,98,,39979,28,,,1,96,,39977,28,,,2,100,,39964,28,,,1,100,,39971,28,,,1,100,,39970,28,,,1,100,,39967,28,,,1,100,,39965,28,,,1,108,,39969,28,,,1,103,,39980,28,,,1,105,,39978,28,,,1,99,,39972,28,,,1,84,,39976,28,,,1,100,,39975,28,,,1,100,,39973,28,,,1,100,,39974,28,,,1
5200,'Semaine-10-_26ÉTÉ-1111100-',616,,39984,28,,,1,99,,39986,28,,,1,108,,39981,28,,,1,98,,39997,28,,,1,96,,39995,28,,,2,100,,39982,28,,,1,100,,39989,28,,,1,100,,39988,28,,,1,100,,39985,28,,,1,100,,39983,28,,,1,108,,39987,28,,,1,103,,39998,28,,,1,105,,39996,28,,,1,99,,39990,28,,,1,84,,39994,28,,,1,100,,39993,28,,,1,100,,39991,28,,,1,100,,39992,28,,,1
5200,'Semaine-11-_26ÉTÉ-1111100-',616,,46519,28,,,1,99,,46521,28,,,1,108,,46516,28,,,1,98,,46532,28,,,1,96,,46530,28,,,2,100,,46517,28,,,1,100,,46524,28,,,1,100,,46523,28,,,1,100,,46520,28,,,1,100,,46518,28,,,1,108,,46522,28,,,1,103,,46533,28,,,1,105,,46531,28,,,1,99,,46525,28,,,1,84,,46529,28,,,1,100,,46528,28,,,1,100,,46526,28,,,1,100,,46527,28,,,1
5601,'Semaine-1-_26ÉTÉ-1111100-',1245,,40518,39,,,2,102,,40515,39,,,1,100,,40514,39,,,1,101,,40517,39,,,1,106,,40516,39,,,1,98,,40519,39,,,2,94,,40520,39,,,1
5601,'Semaine-10-_26ÉTÉ-1111100-',1245,,40525,39,,,2,102,,40522,39,,,1,100,,40521,39,,,1,101,,40524,39,,,1,106,,40523,39,,,1,98,,40526,39,,,2,94,,40527,39,,,1
5601,'Semaine-11-_26ÉTÉ-1111100-',1245,,46752,39,,,2,102,,46749,39,,,1,100,,46748,39,,,1,101,,46751,39,,,1,106,,46750,39,,,1,98,,46753,39,,,2,94,,46754,39,,,1
