3600,'Semaine-4',908,,33369,16,,,1,100,,33370,16,,,1,101,,33368,16,,,1,100,,33371,16,,,1,99,,33373,16,,,1,101,,33374,16,,,1,98,,33372,16,,,1
3700,'Samedi-3',730,,33382,16,,,1,100,,33383,16,,,1,101,,33385,16,,,1,101,,33386,16,,,1,100,,33384,16,,,1,100,,33387,16,,,1,100,,33388,16,,,1,101,,33389,16,,,1,99,,33390,16,,,1,100,,33391,16,,,1,100,,33392,16,,,1,99,,33393,16,,,1,100,,33394,16,,,1,100,,33395,16,,,1,100,,33396,16,,,1,100,,33397,16,,,1,99,,33398,16,,,1,100,,33399,16,,,1
3700,'Dimanche-3',730,,33400,16,,,1,100,,33403,16,,,1,101,,33407,16,,,1,101,,33404,16,,,1,100,,33402,16,,,1,100,,33406,16,,,1,100,,33401,16,,,1,101,,33405,16,,,1,99,,33412,16,,,1,100,,33408,16,,,1,100,,33411,16,,,1,99,,33415,16,,,1,100,,33409,16,,,1,100,,33410,16,,,1,100,,33414,16,,,1,100,,33416,16,,,1,99,,33413,16,,,1,100,,33417,16,,,1
3700,'Semaine-4',649,,33439,16,,,1,80,,33445,16,,,1,71,,33436,16,,,1,32,,33420,16,,,1,68,,33434,16,,,1,50,,33426,16,,,1,100,,33422,16,,,1,100,,33423,16,,,1,98,,33424,16,,,1,102,,33425,16,,,1,100,,33431,16,,,1,89,,33432,16,,,1,15,,33433,16,,,1,55,,33419,16,,,1,15,,33441,16,,,1,25,,33428,16,,,1,70,,33437,16,,,1,23,,33427,16,,,1,68,,33421,16,,,1,29,,33418,16,,,1,68,,33429,16,,,1,30,,33444,16,,,1,70,,33435,16,,,1,35,,33446,16,,,1,99,,33442,16,,,1,99,,33430,16,,,1,100,,33440,16,,,1,100,,33443,16,,,1,13,,33438,16,,,1
3800,'Samedi-3',741,,33513,14,,,1,72,,33506,14,,,1,23,,33507,14,,,1,77,,33518,14,,,1,28,,33510,14,,,1,72,,33508,14,,,1,29,,33519,14,,,1,72,,33511,14,,,1,28,,33517,14,,,1,72,,33509,14,,,1,27,,33512,14,,,1,73,,33516,14,,,1,27,,33514,14,,,1,72,,33515,14,,,1,28,,33520,14,,,1,74,,33521,14,,,1,27,,33522,14,,,1,73,,33523,14,,,1,24,,33524,14,,,1,75,,33525,14,,,1,27,,33526,14,,,1,73,,33527,14,,,1,27,,33528,14,,,1,73,,33529,14,,,1,28,,33530,14,,,1,71,,33531,14,,,1,29,,33533,14,,,1,71,,33532,14,,,1,29,,33535,14,,,1,70,,33534,14,,,1,30,,33536,14,,,1,70,,33537,14,,,1,30,,33538,14,,,1
3800,'Dimanche-3',741,,33548,14,,,1,72,,33546,14,,,1,23,,33544,14,,,1,77,,33551,14,,,1,28,,33539,14,,,1,72,,33540,14,,,1,29,,33552,14,,,1,72,,33547,14,,,1,28,,33541,14,,,1,72,,33542,14,,,1,27,,33545,14,,,1,73,,33543,14,,,1,27,,33554,14,,,1,72,,33556,14,,,1,28,,33549,14,,,1,74,,33555,14,,,1,27,,33557,14,,,1,73,,33550,14,,,1,24,,33553,14,,,1,75,,33561,14,,,1,27,,33566,14,,,1,73,,33563,14,,,1,27,,33562,14,,,1,73,,33560,14,,,1,28,,33565,14,,,1,71,,33570,14,,,1,29,,33568,14,,,1,71,,33558,14,,,1,29,,33559,14,,,1,70,,33569,14,,,1,30,,33567,14,,,1,70,,33564,14,,,1,30,,33571,14,,,1
3800,'Semaine-4',655,,33588,14,,,1,60,,33604,14,,,1,32,,33599,14,,,1,69,,33612,14,,,1,30,,33609,14,,,1,70,,33585,14,,,1,20,,33581,14,,,1,20,,33592,14,,,1,60,,33577,14,,,1,20,,33601,14,,,1,20,,33586,14,,,1,61,,33582,14,,,1,20,,33593,14,,,1,20,,33578,14,,,1,60,,33600,14,,,1,20,,33611,14,,,1,20,,33583,14,,,1,60,,33594,14,,,1,20,,33602,14,,,1,20,,33613,14,,,1,60,,33587,14,,,1,21,,33584,14,,,1,21,,33595,14,,,1,69,,33608,14,,,1,73,,33573,14,,,1,31,,33597,14,,,1,73,,33606,14,,,1,25,,33596,14,,,1,25,,33610,14,,,1,71,,33576,14,,,1,29,,33607,14,,,1,70,,33590,14,,,1,30,,33598,14,,,1,69,,33603,14,,,1,30,,33605,14,,,1,70,,33589,14,,,1,30,,33575,14,,,1,70,,33591,14,,,1,30,,33579,14,,,1,70,,33574,14,,,1,30,,33572,14,,,1,68,,33580,14,,,1
37100,'Samedi-3',800,,36470,16,,,1,102,,36474,16,,,1,99,,36469,16,,,1,101,,36475,16,,,1,100,,36471,16,,,1,100,,36472,16,,,1,100,,36473,16,,,1,100,,36476,16,,,1,100,,36477,16,,,1,100,,36478,16,,,1,100,,36479,16,,,1,99,,36480,16,,,1,100,,36481,16,,,1,99,,36482,16,,,1,100,,36483,16,,,1,100,,36484,16,,,1,100,,36485,16,,,1
37100,'Dimanche-3',800,,36486,16,,,1,102,,36492,16,,,1,99,,36493,16,,,1,101,,36494,16,,,1,100,,36487,16,,,1,100,,36489,16,,,1,100,,36488,16,,,1,100,,36490,16,,,1,100,,36491,16,,,1,100,,36496,16,,,1,100,,36501,16,,,1,99,,36495,16,,,1,100,,36497,16,,,1,99,,36502,16,,,1,100,,36500,16,,,1,100,,36498,16,,,1,100,,36499,16,,,1
37100,'Semaine-4',706,,36516,16,,,1,35,,36513,16,,,1,71,,36509,16,,,1,28,,36504,16,,,1,90,,36523,16,,,1,98,,36508,16,,,1,101,,36510,16,,,1,100,,36522,16,,,1,100,,36517,16,,,1,103,,36506,16,,,1,91,,36518,16,,,1,18,,36527,16,,,1,17,,36507,16,,,1,55,,36528,16,,,1,26,,36503,16,,,1,20,,36512,16,,,1,68,,36519,16,,,1,25,,36525,16,,,1,68,,36524,16,,,1,30,,36514,16,,,1,68,,36526,16,,,1,30,,36529,16,,,1,70,,36515,16,,,1,95,,36511,16,,,1,100,,36521,16,,,1,100,,36520,16,,,1,98,,36505,16,,,1
43700,'Semaine-4',727,,37084,12,0,9 14,1,2,,37085,8,0,9 14,1
