6500,'Samedi-0-_26ÉTÉ-0000010-',656,,41314,14,,,1,100,,41317,14,,,1,100,,41313,14,,,1,100,,41316,14,,,1,100,,41320,14,,,1,100,,41315,14,,,2,100,,41318,14,,,1,100,,41319,14,,,1,100,,41321,14,,,2,100,,41322,14,,,1,100,,41323,14,,,1,100,,41324,14,,,1,100,,41325,14,,,1,100,,41326,14,,,1,100,,41327,14,,,2,100,,41328,14,,,2,100,,41329,14,,,2
6500,'Samedi-10-_26ÉTÉ-0000010-',656,,47096,14,,,1,100,,47099,14,,,1,100,,47095,14,,,1,100,,47098,14,,,1,100,,47102,14,,,1,100,,47097,14,,,2,100,,47100,14,,,1,100,,47101,14,,,1,100,,47103,14,,,2,100,,47104,14,,,1,100,,47105,14,,,1,100,,47106,14,,,1,100,,47107,14,,,1,100,,47108,14,,,1,100,,47109,14,,,2,100,,47110,14,,,2,100,,47111,14,,,2
6500,'Dimanche-0-_26ÉTÉ-0000001-',656,,41331,14,,,1,100,,41334,14,,,1,100,,41333,14,,,1,100,,41337,14,,,1,100,,41339,14,,,1,100,,41336,14,,,2,100,,41338,14,,,1,100,,41330,14,,,1,100,,41335,14,,,2,100,,41332,14,,,1,100,,41340,14,,,1,100,,41345,14,,,1,100,,41343,14,,,1,100,,41346,14,,,1,100,,41341,14,,,2,100,,41344,14,,,2,100,,41342,14,,,2
6500,'Dimanche-10-_26ÉTÉ-0000001-',656,,41348,14,,,1,100,,41351,14,,,1,100,,41350,14,,,1,100,,41354,14,,,1,100,,41356,14,,,1,100,,41353,14,,,2,100,,41355,14,,,1,100,,41347,14,,,1,100,,41352,14,,,2,100,,41349,14,,,1,100,,41357,14,,,1,100,,41362,14,,,1,100,,41360,14,,,1,100,,41363,14,,,1,100,,41358,14,,,2,100,,41361,14,,,2,100,,41359,14,,,2
6500,'Dimanche-11-_26ÉTÉ-0000001-',656,,49381,14,,,1,100,,49384,14,,,1,100,,49383,14,,,1,100,,49387,14,,,1,100,,49389,14,,,1,100,,49386,14,,,2,100,,49388,14,,,1,100,,49380,14,,,1,100,,49385,14,,,2,100,,49382,14,,,1,100,,49390,14,,,1,100,,49395,14,,,1,100,,49393,14,,,1,100,,49396,14,,,1,100,,49391,14,,,2,100,,49394,14,,,2,100,,49392,14,,,2
6500,'Semaine-1-_26ÉTÉ-1111100-',522,,41384,14,,,1,31,,41385,14,,,2,68,,41373,14,,,1,20,,41397,14,,,1,15,,41365,14,,,2,60,,41378,14,,,1,19,,41398,14,,,1,20,,41380,14,,,1,60,,41386,14,,,1,22,,41374,14,,,2,15,,41394,14,,,1,65,,41367,14,,,2,30,,41395,14,,,2,100,,41366,14,,,1,100,,41375,14,,,1,100,,41369,14,,,2,100,,41396,14,,,1,100,,41388,14,,,1,70,,41379,14,,,2,20,,41370,14,,,1,66,,41377,14,,,1,22,,41391,14,,,2,18,,41368,14,,,2,62,,41393,14,,,1,20,,41371,14,,,1,8,,41392,14,,,1,70,,41364,14,,,1,20,,41372,14,,,2,20,,41387,14,,,1,63,,41381,14,,,1,30,,41390,14,,,1,105,,41389,14,,,1,100,,41382,14,,,1,100,,41376,14,,,1,100,,41383,14,,,1
6500,'Semaine-10-_26ÉTÉ-1111100-',522,,41419,14,,,1,31,,41420,14,,,2,68,,41408,14,,,1,20,,41432,14,,,1,15,,41400,14,,,2,60,,41413,14,,,1,19,,41433,14,,,1,20,,41415,14,,,1,60,,41421,14,,,1,22,,41409,14,,,2,15,,41429,14,,,1,65,,41402,14,,,2,30,,41430,14,,,2,100,,41401,14,,,1,100,,41410,14,,,1,100,,41404,14,,,2,100,,41431,14,,,1,100,,41423,14,,,1,70,,41414,14,,,2,20,,41405,14,,,1,66,,41412,14,,,1,22,,41426,14,,,2,18,,41403,14,,,2,62,,41428,14,,,1,20,,41406,14,,,1,8,,41427,14,,,1,70,,41399,14,,,1,20,,41407,14,,,2,20,,41422,14,,,2,63,,41416,14,,,1,30,,41425,14,,,1,105,,41424,14,,,1,100,,41417,14,,,1,100,,41411,14,,,1,100,,41418,14,,,1
6500,'Semaine-11-_26ÉTÉ-1111100-',522,,47132,14,,,1,31,,47133,14,,,2,68,,47121,14,,,1,20,,47145,14,,,1,15,,47113,14,,,2,60,,47126,14,,,1,19,,47146,14,,,1,20,,47128,14,,,1,60,,47134,14,,,1,22,,47122,14,,,2,15,,47142,14,,,1,65,,47115,14,,,2,30,,47143,14,,,2,100,,47114,14,,,1,100,,47123,14,,,1,100,,47117,14,,,2,100,,47144,14,,,1,100,,47136,14,,,1,70,,47127,14,,,2,20,,47118,14,,,1,66,,47125,14,,,1,22,,47139,14,,,2,18,,47116,14,,,2,62,,47141,14,,,1,20,,47119,14,,,1,8,,47140,14,,,1,70,,47112,14,,,1,20,,47120,14,,,2,20,,47135,14,,,1,63,,47129,14,,,1,30,,47138,14,,,1,105,,47137,14,,,1,100,,47130,14,,,1,100,,47124,14,,,1,100,,47131,14,,,1
8500,'Semaine-1-_26ÉTÉ-1111100-',1543,,43600,34,,,1,58,,43595,34,,,2,16,,43592,34,,,1,16,,43601,34,,,2,15,,43591,34,,,1,53,,43594,34,,,1,16,,43599,34,,,2,18,,43597,34,,,1,16,,43596,34,,,2,61,,43593,34,,,1,16,,43598,34,,,2
8500,'Semaine-10-_26ÉTÉ-1111100-',1543,,43611,34,,,1,58,,43606,34,,,2,16,,43603,34,,,1,16,,43612,34,,,2,15,,43602,34,,,1,53,,43605,34,,,1,16,,43610,34,,,2,18,,43608,34,,,1,16,,43607,34,,,1,61,,43604,34,,,1,16,,43609,34,,,2
8500,'Semaine-11-_26ÉTÉ-1111100-',1543,,48093,34,,,1,58,,48088,34,,,2,16,,48085,34,,,1,16,,48094,34,,,2,15,,48084,34,,,1,53,,48087,34,,,1,16,,48092,34,,,2,18,,48090,34,,,1,16,,48089,34,,,2,61,,48086,34,,,1,16,,48091,34,,,2
