3601,'Semaine-1-_26ÉTÉ-1111100-',834,,25047,1,,,1,91,,25045,1,,,1,100,,25048,1,,,1,100,,25046,1,,,1,99,,25051,1,,,1,100,,25050,1,,,1,101,,25049,1,,,1
3601,'Semaine-10-_26ÉTÉ-1111100-',834,,27732,1,,,1,91,,27730,1,,,1,100,,27733,1,,,1,100,,27731,1,,,1,99,,27736,1,,,1,100,,27735,1,,,1,101,,27734,1,,,1
3701,'Samedi-0-_26ÉTÉ-0000010-',640,,27803,1,,,1,100,,27808,1,,,1,100,,27802,1,,,1,100,,27807,1,,,1,101,,27804,1,,,1,99,,27805,1,,,1,100,,27809,1,,,1,100,,27806,1,,,1,100,,27810,1,,,1,100,,27811,1,,,1,100,,27812,1,,,1,100,,27813,1,,,1,100,,27814,1,,,1,102,,27815,1,,,1,98,,27816,1,,,1,100,,27817,1,,,1,100,,27818,1,,,1
3701,'Dimanche-0-_26ÉTÉ-0000001-',640,,27819,1,,,1,100,,27823,1,,,1,100,,27824,1,,,1,100,,27826,1,,,1,101,,27825,1,,,1,99,,27821,1,,,1,100,,27820,1,,,1,100,,27822,1,,,1,100,,27827,1,,,1,100,,27831,1,,,1,100,,27834,1,,,1,100,,27828,1,,,1,100,,27829,1,,,1,102,,27835,1,,,1,98,,27833,1,,,1,100,,27830,1,,,1,100,,27832,1,,,1
3701,'Dimanche-10-_26ÉTÉ-0000001-',640,,31689,1,,,1,100,,31693,1,,,1,100,,31694,1,,,1,100,,31696,1,,,1,101,,31695,1,,,1,99,,31691,1,,,1,100,,31690,1,,,1,100,,31692,1,,,1,100,,31697,1,,,1,100,,31701,1,,,1,100,,31704,1,,,1,100,,31698,1,,,1,100,,31699,1,,,1,102,,31705,1,,,1,98,,31703,1,,,1,100,,31700,1,,,1,100,,31702,1,,,1
3701,'Semaine-1-_26ÉTÉ-1111100-',508,,25094,1,,,1,29,,25092,1,,,1,75,,25096,1,,,1,30,,25086,1,,,1,67,,25103,1,,,1,20,,25083,1,,,1,10,,25104,1,,,1,71,,25085,1,,,1,101,,25102,1,,,1,100,,25090,1,,,1,100,,25084,1,,,1,101,,25082,1,,,1,99,,25087,1,,,1,100,,25098,1,,,1,97,,25081,1,,,1,31,,25097,1,,,1,70,,25100,1,,,1,30,,25095,1,,,1,72,,25101,1,,,1,30,,25105,1,,,1,85,,25089,1,,,1,101,,25099,1,,,1,101,,25091,1,,,1,98,,25088,1,,,1,104,,25093,1,,,1
3701,'Semaine-10-_26ÉTÉ-1111100-',508,,27849,1,,,1,29,,27847,1,,,1,75,,27851,1,,,1,30,,27841,1,,,1,67,,27858,1,,,1,20,,27838,1,,,1,10,,27859,1,,,1,71,,27840,1,,,1,101,,27857,1,,,1,100,,27845,1,,,1,100,,27839,1,,,1,101,,27837,1,,,1,99,,27842,1,,,1,100,,27853,1,,,1,97,,27836,1,,,1,31,,27852,1,,,1,70,,27855,1,,,1,30,,27850,1,,,1,72,,27856,1,,,1,30,,27860,1,,,1,85,,27844,1,,,1,101,,27854,1,,,1,101,,27846,1,,,1,98,,27843,1,,,1,104,,27848,1,,,1
37101,'Samedi-0-_26ÉTÉ-0000010-',711,,30859,1,,,1,99,,30858,1,,,1,101,,30862,1,,,1,100,,30861,1,,,1,100,,30863,1,,,1,100,,30860,1,,,1,100,,30864,1,,,1,100,,30865,1,,,1,100,,30866,1,,,1,100,,30867,1,,,1,100,,30868,1,,,1,100,,30869,1,,,1,100,,30870,1,,,1,100,,30871,1,,,1,100,,30872,1,,,1,100,,30873,1,,,1,100,,30874,1,,,1
37101,'Dimanche-0-_26ÉTÉ-0000001-',711,,30878,1,,,1,99,,30875,1,,,1,101,,30879,1,,,1,100,,30876,1,,,1,100,,30882,1,,,1,100,,30877,1,,,1,100,,30880,1,,,1,100,,30885,1,,,1,100,,30881,1,,,1,100,,30886,1,,,1,100,,30891,1,,,1,100,,30883,1,,,1,100,,30884,1,,,1,100,,30888,1,,,1,100,,30890,1,,,1,100,,30887,1,,,1,100,,30889,1,,,1
37101,'Dimanche-10-_26ÉTÉ-0000001-',711,,32417,1,,,1,99,,32414,1,,,1,101,,32418,1,,,1,100,,32415,1,,,1,100,,32421,1,,,1,100,,32416,1,,,1,100,,32419,1,,,1,100,,32424,1,,,1,100,,32420,1,,,1,100,,32425,1,,,1,100,,32430,1,,,1,100,,32422,1,,,1,100,,32423,1,,,1,100,,32427,1,,,1,100,,32429,1,,,1,100,,32426,1,,,1,100,,32428,1,,,1
37101,'Semaine-1-_26ÉTÉ-1111100-',519,,26703,1,,,1,30,,26706,1,,,1,69,,26699,1,,,1,31,,26701,1,,,1,69,,26711,1,,,1,30,,26710,1,,,1,70,,26705,1,,,1,30,,26689,1,,,1,101,,26696,1,,,1,100,,26694,1,,,1,96,,26695,1,,,1,102,,26709,1,,,1,100,,26692,1,,,1,102,,26693,1,,,1,68,,26690,1,,,1,28,,26697,1,,,1,73,,26707,1,,,1,30,,26708,1,,,1,70,,26687,1,,,1,40,,26691,1,,,1,97,,26702,1,,,1,101,,26704,1,,,1,100,,26688,1,,,1,100,,26698,1,,,1,185,,26700,1,,,1
37101,'Semaine-10-_26ÉTÉ-1111100-',519,,30908,1,,,1,30,,30911,1,,,1,69,,30904,1,,,1,31,,30906,1,,,1,69,,30916,1,,,1,30,,30915,1,,,1,70,,30910,1,,,1,30,,30894,1,,,1,101,,30901,1,,,1,100,,30899,1,,,1,96,,30900,1,,,1,102,,30914,1,,,1,100,,30897,1,,,1,102,,30898,1,,,1,68,,30895,1,,,1,28,,30902,1,,,1,73,,30912,1,,,1,30,,30913,1,,,1,70,,30892,1,,,1,40,,30896,1,,,1,97,,30907,1,,,1,101,,30909,1,,,1,100,,30893,1,,,1,100,,30903,1,,,1,185,,30905,1,,,1
