1800,'Semaine-1-_26ÉTÉ-1111100-',1235,,37312,2,,,2,277,,37311,2,,,2,97,,37314,2,,,1,31,,37313,2,,,1
1800,'Semaine-10-_26ÉTÉ-1111100-',1235,,37316,2,,,2,277,,37315,2,,,2,97,,37318,2,,,1,31,,37317,2,,,1
1800,'Semaine-11-_26ÉTÉ-1111100-',1235,,45361,2,,,2,277,,45360,2,,,2,97,,45363,2,,,1,31,,45362,2,,,1
1800,'Semaine-12-_26ÉTÉ-1111100-',1235,,52369,2,,,2,277,,52368,2,,,2,97,,52371,2,,,1,31,,52370,2,,,1
1800,'Semaine-5-_26ÉTÉ-1111100-',1235,,49932,2,,,2,277,,49931,2,,,2,97,,49934,2,,,1,31,,49933,2,,,1
2800,'Semaine-1-_26ÉTÉ-1111100-',1542,,37421,2,,,2,78,,37422,2,,,2,95,,37423,2,,,1
2800,'Semaine-10-_26ÉTÉ-1111100-',1542,,37424,2,,,2,78,,37425,2,,,2,95,,37426,2,,,1
2800,'Semaine-11-_26ÉTÉ-1111100-',1542,,45415,2,,,2,78,,45416,2,,,2,95,,45417,2,,,1
2800,'Semaine-12-_26ÉTÉ-1111100-',1542,,52423,2,,,2,78,,52424,2,,,2,95,,52425,2,,,1
2800,'Semaine-5-_26ÉTÉ-1111100-',1542,,49986,2,,,2,78,,49987,2,,,2,95,,49988,2,,,1
5800,'Semaine-1-_26ÉTÉ-1111100-',809,,40532,2,,,1,400,,40533,2,,,1,300,,40535,2,,,1,30,,40530,2,,,1,70,,40531,2,,,1,30,,40534,2,,,2,70,,40529,2,,,1,30,,40528,2,,,2
5800,'Semaine-10-_26ÉTÉ-1111100-',809,,40540,2,,,1,400,,40541,2,,,1,300,,40543,2,,,1,30,,40538,2,,,1,70,,40539,2,,,1,30,,40542,2,,,2,70,,40537,2,,,1,30,,40536,2,,,2
5800,'Semaine-11-_26ÉTÉ-1111100-',809,,46759,2,,,1,400,,46760,2,,,1,300,,46762,2,,,1,30,,46757,2,,,1,70,,46758,2,,,1,30,,46761,2,,,2,70,,46756,2,,,1,30,,46755,2,,,2
5800,'Semaine-12-_26ÉTÉ-1111100-',809,,53340,2,,,1,400,,53341,2,,,1,300,,53343,2,,,1,30,,53338,2,,,1,70,,53339,2,,,1,30,,53342,2,,,2,70,,53337,2,,,1,30,,53336,2,,,2
5800,'Semaine-5-_26ÉTÉ-1111100-',809,,50906,2,,,1,400,,50907,2,,,1,300,,50909,2,,,1,30,,50904,2,,,1,70,,50905,2,,,1,30,,50908,2,,,2,70,,50903,2,,,1,30,,50902,2,,,2
