7101,'Samedi-0-_26ÉTÉ-0000010-',735,,42533,4,,,2,100,,42532,4,,,2,100,,42537,4,,,1,100,,42535,4,,,1,100,,42536,4,,,1,100,,42531,4,,,1,102,,42534,4,,,1,99,,42538,4,,,2,99,,42539,4,,,2,100,,42540,4,,,2,100,,42541,4,,,2,100,,42542,4,,,2,100,,42543,4,,,1,100,,42544,4,,,1,100,,42545,4,,,2,100,,42546,4,,,1
7101,'Dimanche-0-_26ÉTÉ-0000001-',735,,42552,4,,,2,100,,42551,4,,,2,100,,42553,4,,,1,100,,42554,4,,,1,100,,42549,4,,,1,100,,42548,4,,,1,102,,42550,4,,,1,99,,42547,4,,,2,99,,42557,4,,,2,100,,42558,4,,,2,100,,42559,4,,,2,100,,42560,4,,,2,100,,42555,4,,,1,100,,42556,4,,,1,100,,42562,4,,,2,100,,42561,4,,,1
7101,'Dimanche-10-_26ÉTÉ-0000001-',735,,42568,4,,,2,100,,42567,4,,,2,100,,42569,4,,,1,100,,42570,4,,,1,100,,42565,4,,,1,100,,42564,4,,,1,102,,42566,4,,,1,99,,42563,4,,,2,99,,42573,4,,,2,100,,42574,4,,,2,100,,42575,4,,,2,100,,42576,4,,,2,100,,42571,4,,,1,100,,42572,4,,,1,100,,42578,4,,,2,100,,42577,4,,,1
7101,'Dimanche-11-_26ÉTÉ-0000001-',735,,49555,4,,,2,100,,49554,4,,,2,100,,49556,4,,,1,100,,49557,4,,,1,100,,49552,4,,,1,100,,49551,4,,,1,102,,49553,4,,,1,99,,49550,4,,,2,99,,49560,4,,,2,100,,49561,4,,,2,100,,49562,4,,,2,100,,49563,4,,,2,100,,49558,4,,,1,100,,49559,4,,,1,100,,49565,4,,,2,100,,49564,4,,,1
7101,'Semaine-1-_26ÉTÉ-1111100-',537,,42596,4,,,2,22,,42613,4,,,2,56,,42614,4,,,2,20,,42597,4,,,1,20,,42598,4,,,1,55,,42608,4,,,1,20,,42590,4,,,1,15,,42593,4,,,2,58,,42616,4,,,2,30,,42579,4,,,1,70,,42606,4,,,1,30,,42605,4,,,1,70,,42584,4,,,1,30,,42618,4,,,2,70,,42604,4,,,1,30,,42607,4,,,1,70,,42617,4,,,2,30,,42580,4,,,1,70,,42582,4,,,2,30,,42594,4,,,2,71,,42583,4,,,1,30,,42615,4,,,2,70,,42610,4,,,2,15,,42599,4,,,2,15,,42602,4,,,1,15,,42600,4,,,1,56,,42585,4,,,1,19,,42591,4,,,1,11,,42612,4,,,1,15,,42581,4,,,2,54,,42611,4,,,1,20,,42586,4,,,2,20,,42589,4,,,2,69,,42587,4,,,1,30,,42588,4,,,2,100,,42603,4,,,1,100,,42601,4,,,1,100,,42595,4,,,1,101,,42609,4,,,2,99,,42592,4,,,1
7101,'Semaine-10-_26ÉTÉ-1111100-',537,,42636,4,,,2,22,,42653,4,,,2,56,,42654,4,,,2,20,,42637,4,,,1,20,,42638,4,,,1,55,,42648,4,,,1,20,,42630,4,,,1,15,,42633,4,,,2,58,,42656,4,,,2,30,,42619,4,,,1,70,,42646,4,,,1,30,,42645,4,,,1,70,,42624,4,,,1,30,,42658,4,,,2,70,,42644,4,,,1,30,,42647,4,,,1,70,,42657,4,,,2,30,,42620,4,,,1,70,,42622,4,,,2,30,,42634,4,,,2,71,,42623,4,,,1,30,,42655,4,,,2,70,,42650,4,,,2,15,,42639,4,,,2,15,,42642,4,,,1,15,,42640,4,,,1,56,,42625,4,,,1,19,,42631,4,,,1,11,,42652,4,,,1,15,,42621,4,,,2,54,,42651,4,,,1,20,,42626,4,,,2,20,,42629,4,,,2,69,,42627,4,,,1,30,,42628,4,,,2,100,,42643,4,,,1,100,,42641,4,,,1,100,,42635,4,,,1,101,,42649,4,,,2,99,,42632,4,,,1
7101,'Semaine-11-_26ÉTÉ-1111100-',537,,47652,4,,,2,22,,47669,4,,,2,56,,47670,4,,,2,20,,47653,4,,,1,20,,47654,4,,,1,55,,47664,4,,,1,20,,47646,4,,,1,15,,47649,4,,,2,58,,47672,4,,,2,30,,47635,4,,,1,70,,47662,4,,,1,30,,47661,4,,,1,70,,47640,4,,,1,30,,47674,4,,,2,70,,47660,4,,,1,30,,47663,4,,,1,70,,47673,4,,,2,30,,47636,4,,,1,70,,47638,4,,,2,30,,47650,4,,,2,71,,47639,4,,,1,30,,47671,4,,,2,70,,47666,4,,,2,15,,47655,4,,,2,15,,47658,4,,,1,15,,47656,4,,,1,56,,47641,4,,,1,19,,47647,4,,,1,11,,47668,4,,,1,15,,47637,4,,,2,54,,47667,4,,,1,20,,47642,4,,,2,20,,47645,4,,,2,69,,47643,4,,,1,30,,47644,4,,,2,100,,47659,4,,,1,100,,47657,4,,,1,100,,47651,4,,,1,101,,47665,4,,,2,99,,47648,4,,,1
7101,'Semaine-5-_26ÉTÉ-1111100-',537,,51509,4,,,2,22,,51526,4,,,2,56,,51527,4,,,2,20,,51510,4,,,1,20,,51511,4,,,1,55,,51521,4,,,1,20,,51503,4,,,1,15,,51506,4,,,2,58,,51529,4,,,2,30,,51492,4,,,1,70,,51519,4,,,1,30,,51518,4,,,1,70,,51497,4,,,1,30,,51531,4,,,2,70,,51517,4,,,1,30,,51520,4,,,1,70,,51530,4,,,2,30,,51493,4,,,1,70,,51495,4,,,2,30,,51507,4,,,2,71,,51496,4,,,1,30,,51528,4,,,2,70,,51523,4,,,2,15,,51512,4,,,2,15,,51515,4,,,1,15,,51513,4,,,1,56,,51498,4,,,1,19,,51504,4,,,1,11,,51525,4,,,1,15,,51494,4,,,2,54,,51524,4,,,1,20,,51499,4,,,2,20,,51502,4,,,2,69,,51500,4,,,1,30,,51501,4,,,2,100,,51516,4,,,1,100,,51514,4,,,1,100,,51508,4,,,1,101,,51522,4,,,2,99,,51505,4,,,1
7601,'Samedi-0-_26ÉTÉ-0000010-',706,,43217,4,,,1,100,,43220,4,,,2,100,,43219,4,,,1,100,,43223,4,,,1,100,,43222,4,,,1,100,,43221,4,,,2,100,,43218,4,,,1,100,,43224,4,,,1,100,,43225,4,,,2,100,,43226,4,,,1,100,,43227,4,,,2,100,,43228,4,,,1,100,,43229,4,,,1,100,,43230,4,,,2,100,,43231,4,,,2,100,,43232,4,,,2
7601,'Dimanche-0-_26ÉTÉ-0000001-',706,,43235,4,,,1,100,,43238,4,,,2,100,,43236,4,,,1,100,,43237,4,,,1,100,,43240,4,,,1,100,,43233,4,,,2,100,,43239,4,,,1,100,,43234,4,,,1,100,,43242,4,,,2,100,,43246,4,,,1,100,,43243,4,,,2,100,,43248,4,,,1,100,,43241,4,,,1,100,,43244,4,,,2,100,,43247,4,,,2,100,,43245,4,,,2
7601,'Dimanche-10-_26ÉTÉ-0000001-',706,,43251,4,,,1,100,,43254,4,,,2,100,,43252,4,,,1,100,,43253,4,,,1,100,,43256,4,,,1,100,,43249,4,,,2,100,,43255,4,,,1,100,,43250,4,,,1,100,,43258,4,,,2,100,,43262,4,,,1,100,,43259,4,,,2,100,,43264,4,,,1,100,,43257,4,,,1,100,,43260,4,,,2,100,,43263,4,,,2,100,,43261,4,,,2
7601,'Dimanche-11-_26ÉTÉ-0000001-',706,,49634,4,,,1,100,,49637,4,,,2,100,,49635,4,,,1,100,,49636,4,,,1,100,,49639,4,,,1,100,,49632,4,,,2,100,,49638,4,,,1,100,,49633,4,,,1,100,,49641,4,,,2,100,,49645,4,,,1,100,,49642,4,,,2,100,,49647,4,,,1,100,,49640,4,,,1,100,,49643,4,,,2,100,,49646,4,,,2,100,,49644,4,,,2
7601,'Semaine-1-_26ÉTÉ-1111100-',625,,43276,4,,,2,15,,43265,4,,,2,19,,43291,4,,,2,62,,43280,4,,,2,20,,43292,4,,,2,60,,43282,4,,,1,19,,43289,4,,,2,30,,43290,4,,,2,70,,43283,4,,,2,30,,43288,4,,,1,70,,43295,4,,,1,30,,43293,4,,,1,70,,43268,4,,,2,30,,43296,4,,,2,70,,43269,4,,,1,30,,43284,4,,,1,70,,43270,4,,,1,30,,43266,4,,,1,70,,43271,4,,,1,30,,43267,4,,,2,72,,43294,4,,,1,28,,43277,4,,,2,70,,43279,4,,,2,25,,43278,4,,,1,67,,43281,4,,,1,23,,43286,4,,,1,65,,43285,4,,,1,30,,43287,4,,,1,85,,43272,4,,,1,100,,43273,4,,,1,100,,43274,4,,,1,100,,43275,4,,,1
7601,'Semaine-10-_26ÉTÉ-1111100-',625,,43308,4,,,2,15,,43297,4,,,2,19,,43323,4,,,2,62,,43312,4,,,2,20,,43324,4,,,2,60,,43314,4,,,1,19,,43321,4,,,2,30,,43322,4,,,2,70,,43315,4,,,2,30,,43320,4,,,1,70,,43327,4,,,1,30,,43325,4,,,1,70,,43300,4,,,2,30,,43328,4,,,2,70,,43301,4,,,1,30,,43316,4,,,1,70,,43302,4,,,1,30,,43298,4,,,1,70,,43303,4,,,1,30,,43299,4,,,2,72,,43326,4,,,1,28,,43309,4,,,2,70,,43311,4,,,2,25,,43310,4,,,1,67,,43313,4,,,1,23,,43318,4,,,1,65,,43317,4,,,1,30,,43319,4,,,1,85,,43304,4,,,1,100,,43305,4,,,1,100,,43306,4,,,1,100,,43307,4,,,1
7601,'Semaine-11-_26ÉTÉ-1111100-',625,,47948,4,,,2,15,,47937,4,,,2,19,,47963,4,,,2,62,,47952,4,,,2,20,,47964,4,,,2,60,,47954,4,,,1,19,,47961,4,,,2,30,,47962,4,,,2,70,,47955,4,,,2,30,,47960,4,,,1,70,,47967,4,,,1,30,,47965,4,,,1,70,,47940,4,,,2,30,,47968,4,,,2,70,,47941,4,,,1,30,,47956,4,,,1,70,,47942,4,,,1,30,,47938,4,,,1,70,,47943,4,,,1,30,,47939,4,,,2,72,,47966,4,,,1,28,,47949,4,,,2,70,,47951,4,,,2,25,,47950,4,,,1,67,,47953,4,,,1,23,,47958,4,,,1,65,,47957,4,,,1,30,,47959,4,,,1,85,,47944,4,,,1,100,,47945,4,,,1,100,,47946,4,,,1,100,,47947,4,,,1
7601,'Semaine-5-_26ÉTÉ-1111100-',625,,51723,4,,,2,15,,51712,4,,,2,19,,51738,4,,,2,62,,51727,4,,,2,20,,51739,4,,,2,60,,51729,4,,,1,19,,51736,4,,,2,30,,51737,4,,,2,70,,51730,4,,,2,30,,51735,4,,,1,70,,51742,4,,,1,30,,51740,4,,,1,70,,51715,4,,,2,30,,51743,4,,,2,70,,51716,4,,,1,30,,51731,4,,,1,70,,51717,4,,,1,30,,51713,4,,,1,70,,51718,4,,,1,30,,51714,4,,,2,72,,51741,4,,,1,28,,51724,4,,,2,70,,51726,4,,,2,25,,51725,4,,,1,67,,51728,4,,,1,23,,51733,4,,,1,65,,51732,4,,,1,30,,51734,4,,,1,85,,51719,4,,,1,100,,51720,4,,,1,100,,51721,4,,,1,100,,51722,4,,,1
7901,'Semaine-1-_26ÉTÉ-1111100-',540,,43579,4,,,1,100,,43583,4,,,1,70,,43581,4,,,1,30,,43582,4,,,1,70,,43580,4,,,2,30,,43584,4,,,1
7901,'Semaine-10-_26ÉTÉ-1111100-',540,,43585,4,,,1,100,,43589,4,,,1,70,,43587,4,,,1,30,,43588,4,,,1,70,,43586,4,,,2,30,,43590,4,,,1
7901,'Semaine-11-_26ÉTÉ-1111100-',540,,48078,4,,,1,100,,48082,4,,,1,70,,48080,4,,,1,30,,48081,4,,,1,70,,48079,4,,,2,30,,48083,4,,,1
7901,'Semaine-5-_26ÉTÉ-1111100-',540,,51821,4,,,1,100,,51825,4,,,1,70,,51823,4,,,1,30,,51824,4,,,1,70,,51822,4,,,2,30,,51826,4,,,1
57101,'Semaine-5-_26ÉTÉ-1111100-',636,,52281,4,,,2
57601,'Semaine-5-_26ÉTÉ-1111100-',703,,52282,6,,,2
