4900,'Samedi-0-_26ÉTÉ-0000010-',706,,39669,1,,,1,100,,39670,1,,,1,102,,39667,1,,,1,100,,39671,1,,,1,100,,39668,1,,,1,99,,39672,1,,,1,99,,39673,1,,,1,104,,39674,1,,,1,97,,39675,1,,,1,100,,39676,1,,,1,100,,39677,1,,,1,99,,39678,1,,,1,100,,39679,1,,,1,100,,39680,1,,,1,100,,39681,1,,,1,100,,39682,1,,,1,102,,39683,1,,,1
4900,'Dimanche-0-_26ÉTÉ-0000001-',706,,39684,1,,,1,100,,39687,1,,,1,102,,39685,1,,,1,100,,39688,1,,,1,100,,39690,1,,,1,99,,39694,1,,,1,99,,39692,1,,,1,104,,39691,1,,,1,97,,39686,1,,,1,100,,39696,1,,,1,100,,39693,1,,,1,99,,39695,1,,,1,100,,39700,1,,,1,100,,39689,1,,,1,100,,39698,1,,,1,100,,39699,1,,,1,102,,39697,1,,,1
4900,'Dimanche-10-_26ÉTÉ-0000001-',706,,39701,1,,,1,100,,39704,1,,,1,102,,39702,1,,,1,100,,39705,1,,,1,100,,39707,1,,,1,99,,39711,1,,,1,99,,39709,1,,,1,104,,39708,1,,,1,97,,39703,1,,,1,100,,39713,1,,,1,100,,39710,1,,,1,99,,39712,1,,,1,100,,39717,1,,,1,100,,39706,1,,,1,100,,39715,1,,,1,100,,39716,1,,,1,102,,39714,1,,,1
4900,'Dimanche-11-_26ÉTÉ-0000001-',706,,49136,1,,,1,100,,49139,1,,,1,102,,49137,1,,,1,100,,49140,1,,,1,100,,49142,1,,,1,99,,49146,1,,,1,99,,49144,1,,,1,104,,49143,1,,,1,97,,49138,1,,,1,100,,49148,1,,,1,100,,49145,1,,,1,99,,49147,1,,,1,100,,49152,1,,,1,100,,49141,1,,,1,100,,49150,1,,,1,100,,49151,1,,,1,102,,49149,1,,,1
4900,'Semaine-1-_26ÉTÉ-1111100-',622,,39742,1,,,1,20,,39748,1,,,1,66,,39745,1,,,1,30,,39746,1,,,1,79,,39741,1,,,1,32,,39737,1,,,1,72,,39729,1,,,1,31,,39747,1,,,1,71,,39743,1,,,1,32,,39739,1,,,1,70,,39718,1,,,1,30,,39738,1,,,1,70,,39720,1,,,1,30,,39725,1,,,1,70,,39727,1,,,1,30,,39730,1,,,1,70,,39744,1,,,1,30,,39728,1,,,1,70,,39731,1,,,1,30,,39723,1,,,1,71,,39734,1,,,1,29,,39726,1,,,1,70,,39724,1,,,1,30,,39740,1,,,1,70,,39735,1,,,1,99,,39719,1,,,1,101,,39736,1,,,1,100,,39733,1,,,1,100,,39721,1,,,1,100,,39732,1,,,1,100,,39722,1,,,1
4900,'Semaine-10-_26ÉTÉ-1111100-',622,,39773,1,,,1,20,,39779,1,,,1,66,,39776,1,,,1,30,,39777,1,,,1,79,,39772,1,,,1,32,,39768,1,,,1,72,,39760,1,,,1,31,,39778,1,,,1,71,,39774,1,,,1,32,,39770,1,,,1,70,,39749,1,,,1,30,,39769,1,,,1,70,,39751,1,,,1,30,,39756,1,,,1,70,,39758,1,,,1,30,,39761,1,,,1,70,,39775,1,,,1,30,,39759,1,,,1,70,,39762,1,,,1,30,,39754,1,,,1,71,,39765,1,,,1,29,,39757,1,,,1,70,,39755,1,,,1,30,,39771,1,,,1,70,,39766,1,,,1,99,,39750,1,,,1,101,,39767,1,,,1,100,,39764,1,,,1,100,,39752,1,,,1,100,,39763,1,,,1,100,,39753,1,,,1
4900,'Semaine-11-_26ÉTÉ-1111100-',622,,46435,1,,,1,20,,46441,1,,,1,66,,46438,1,,,1,30,,46439,1,,,1,79,,46434,1,,,1,32,,46430,1,,,1,72,,46422,1,,,1,31,,46440,1,,,1,71,,46436,1,,,1,32,,46432,1,,,1,70,,46411,1,,,1,30,,46431,1,,,1,70,,46413,1,,,1,30,,46418,1,,,1,70,,46420,1,,,1,30,,46423,1,,,1,70,,46437,1,,,1,30,,46421,1,,,1,70,,46424,1,,,1,30,,46416,1,,,1,71,,46427,1,,,1,29,,46419,1,,,1,70,,46417,1,,,1,30,,46433,1,,,1,70,,46428,1,,,1,99,,46412,1,,,1,101,,46429,1,,,1,100,,46426,1,,,1,100,,46414,1,,,1,100,,46425,1,,,1,100,,46415,1,,,1
4900,'Semaine-12-_26ÉTÉ-1111100-',622,,53138,1,,,1,20,,53144,1,,,1,66,,53141,1,,,1,30,,53142,1,,,1,79,,53137,1,,,1,32,,53133,1,,,1,72,,53125,1,,,1,31,,53143,1,,,1,71,,53139,1,,,1,32,,53135,1,,,1,70,,53114,1,,,1,30,,53134,1,,,1,70,,53116,1,,,1,30,,53121,1,,,1,70,,53123,1,,,1,30,,53126,1,,,1,70,,53140,1,,,1,30,,53124,1,,,1,70,,53127,1,,,1,30,,53119,1,,,1,71,,53130,1,,,1,29,,53122,1,,,1,70,,53120,1,,,1,30,,53136,1,,,1,70,,53131,1,,,1,99,,53115,1,,,1,101,,53132,1,,,1,100,,53129,1,,,1,100,,53117,1,,,1,100,,53128,1,,,1,100,,53118,1,,,1
4900,'Semaine-5-_26ÉTÉ-1111100-',622,,50702,1,,,1,12,,50710,1,,,1,3,,50709,1,,,1,5,,50708,1,,,1,66,,50705,1,,,1,30,,50706,1,,,1,79,,50701,1,,,1,32,,50697,1,,,1,72,,50689,1,,,1,31,,50707,1,,,1,71,,50703,1,,,1,32,,50699,1,,,1,70,,50678,1,,,1,30,,50698,1,,,1,70,,50680,1,,,1,30,,50685,1,,,1,70,,50687,1,,,1,30,,50690,1,,,1,70,,50704,1,,,1,30,,50688,1,,,1,70,,50691,1,,,1,30,,50683,1,,,1,71,,50694,1,,,1,29,,50686,1,,,1,70,,50684,1,,,1,30,,50700,1,,,1,70,,50695,1,,,1,99,,50679,1,,,1,101,,50696,1,,,1,100,,50693,1,,,1,100,,50681,1,,,1,100,,50692,1,,,1,100,,50682,1,,,1
5000,'Semaine-1-_26ÉTÉ-1111100-',627,,39895,1,,,2,23,,39894,1,,,1,68,,39896,1,,,1,30,,39893,1,,,1,109,,39897,1,,,1
5000,'Semaine-10-_26ÉTÉ-1111100-',627,,39900,1,,,2,23,,39899,1,,,1,68,,39901,1,,,1,30,,39898,1,,,1,109,,39902,1,,,1
5000,'Semaine-11-_26ÉTÉ-1111100-',627,,46492,1,,,2,23,,46491,1,,,1,68,,46493,1,,,1,30,,46490,1,,,1,109,,46494,1,,,1
5000,'Semaine-12-_26ÉTÉ-1111100-',627,,53178,1,,,2,23,,53177,1,,,1,68,,53179,1,,,1,30,,53176,1,,,1,109,,53180,1,,,1
5000,'Semaine-5-_26ÉTÉ-1111100-',627,,50744,1,,,2,23,,50743,1,,,1,68,,50745,1,,,1,30,,50742,1,,,1,109,,50746,1,,,1
55000,'Semaine-5-_26ÉTÉ-1111100-',642,,52277,1,,,1
