3101,'Samedi-0-_26ÉTÉ-0000010-',645,,37600,2,,,1,94,,37606,2,,,1,99,,37603,2,,,1,97,,37607,2,,,1,97,,37601,2,,,1,100,,37605,2,,,1,100,,37602,2,,,1,100,,37604,2,,,1,103,,37608,2,,,1,97,,37609,2,,,1,100,,37610,2,,,1,100,,37611,2,,,1,102,,37612,2,,,1,101,,37617,2,,,1,100,,37613,2,,,1,100,,37614,2,,,1,102,,37615,2,,,1,100,,37616,2,,,1
3101,'Dimanche-0-_26ÉTÉ-0000001-',645,,37620,2,,,1,94,,37618,2,,,1,99,,37621,2,,,1,97,,37623,2,,,1,97,,37624,2,,,1,100,,37625,2,,,1,100,,37619,2,,,1,100,,37628,2,,,1,103,,37622,2,,,1,97,,37627,2,,,1,100,,37631,2,,,1,100,,37635,2,,,1,102,,37632,2,,,1,101,,37626,2,,,1,100,,37629,2,,,1,100,,37634,2,,,1,102,,37630,2,,,1,100,,37633,2,,,1
3101,'Dimanche-10-_26ÉTÉ-0000001-',645,,37638,2,,,1,94,,37636,2,,,1,99,,37639,2,,,1,97,,37641,2,,,1,97,,37642,2,,,1,100,,37643,2,,,1,100,,37637,2,,,1,100,,37646,2,,,1,103,,37640,2,,,1,97,,37645,2,,,1,100,,37649,2,,,1,100,,37653,2,,,1,102,,37650,2,,,1,101,,37644,2,,,1,100,,37647,2,,,1,100,,37652,2,,,1,102,,37648,2,,,1,100,,37651,2,,,1
3101,'Semaine-1-_26ÉTÉ-1111100-',526,,37657,2,,,1,75,,37691,2,,,1,30,,37671,2,,,1,27,,37658,2,,,1,69,,37694,2,,,1,21,,37654,2,,,1,56,,37668,2,,,1,17,,37669,2,,,1,14,,37688,2,,,1,19,,37659,2,,,1,62,,37661,2,,,1,20,,37686,2,,,1,20,,37678,2,,,1,59,,37687,2,,,1,20,,37660,2,,,1,20,,37662,2,,,1,61,,37682,2,,,1,20,,37692,2,,,1,20,,37681,2,,,1,60,,37663,2,,,1,20,,37655,2,,,1,17,,37685,2,,,1,62,,37695,2,,,1,19,,37680,2,,,1,20,,37664,2,,,1,59,,37683,2,,,1,23,,37684,2,,,1,20,,37693,2,,,1,59,,37679,2,,,1,14,,37665,2,,,1,18,,37676,2,,,1,59,,37677,2,,,1,22,,37666,2,,,1,19,,37672,2,,,1,61,,37656,2,,,1,23,,37689,2,,,1,20,,37696,2,,,1,66,,37667,2,,,1,98,,37690,2,,,1,101,,37673,2,,,1,100,,37670,2,,,1,99,,37674,2,,,1,102,,37675,2,,,1
3101,'Semaine-10-_26ÉTÉ-1111100-',526,,37700,2,,,1,75,,37734,2,,,1,30,,37714,2,,,1,27,,37701,2,,,1,69,,37737,2,,,1,21,,37697,2,,,1,56,,37711,2,,,1,17,,37712,2,,,1,14,,37731,2,,,1,19,,37702,2,,,1,62,,37704,2,,,1,20,,37729,2,,,1,20,,37721,2,,,1,59,,37730,2,,,1,20,,37703,2,,,1,20,,37705,2,,,1,61,,37725,2,,,1,20,,37735,2,,,1,20,,37724,2,,,1,60,,37706,2,,,1,20,,37698,2,,,1,17,,37728,2,,,1,62,,37738,2,,,1,19,,37723,2,,,1,20,,37707,2,,,1,59,,37726,2,,,1,23,,37727,2,,,1,20,,37736,2,,,1,59,,37722,2,,,1,14,,37708,2,,,1,18,,37719,2,,,1,59,,37720,2,,,1,22,,37709,2,,,1,19,,37715,2,,,1,61,,37699,2,,,1,23,,37732,2,,,1,20,,37739,2,,,1,66,,37710,2,,,1,98,,37733,2,,,1,101,,37716,2,,,1,100,,37713,2,,,1,99,,37717,2,,,1,102,,37718,2,,,1
3300,'Samedi-0-_26ÉTÉ-0000010-',716,,37942,38,,,1,133,,37947,38,,,1,99,,37944,38,,,1,99,,37948,38,,,1,102,,37943,38,,,1,100,,37946,38,,,1,100,,37945,38,,,1,100,,37949,38,,,1,103,,37950,38,,,1,97,,37951,38,,,1,100,,37952,38,,,1,99,,37953,38,,,1,96,,37954,38,,,1,100,,37958,38,,,1,100,,37955,38,,,1,100,,37956,38,,,1,100,,37957,38,,,1,98,,37959,38,,,1
3300,'Dimanche-0-_26ÉTÉ-0000001-',716,,37961,38,,,1,133,,37960,38,,,1,99,,37963,38,,,1,99,,37965,38,,,1,102,,37966,38,,,1,100,,37967,38,,,1,100,,37962,38,,,1,100,,37969,38,,,1,103,,37964,38,,,1,97,,37970,38,,,1,100,,37973,38,,,1,99,,37977,38,,,1,96,,37974,38,,,1,100,,37968,38,,,1,100,,37971,38,,,1,100,,37976,38,,,1,100,,37972,38,,,1,98,,37975,38,,,1
3300,'Dimanche-10-_26ÉTÉ-0000001-',716,,37979,38,,,1,133,,37978,38,,,1,99,,37981,38,,,1,99,,37983,38,,,1,102,,37984,38,,,1,100,,37985,38,,,1,100,,37980,38,,,1,100,,37987,38,,,1,103,,37982,38,,,1,97,,37988,38,,,1,100,,37991,38,,,1,99,,37995,38,,,1,96,,37992,38,,,1,100,,37986,38,,,1,100,,37989,38,,,1,100,,37994,38,,,1,100,,37990,38,,,1,98,,37993,38,,,1
3300,'Semaine-1-_26ÉTÉ-1111100-',650,,38023,32,,,1,76,,38022,39,,,2,22,,38028,39,,,2,55,,38001,39,,,2,22,,38016,39,,,2,23,,38024,39,,,2,4,,38035,39,,,1,49,,38036,39,,,1,33,,38029,39,,,2,12,,38011,39,,,1,10,,38014,39,,,2,48,,38031,38,,,1,29,,38017,38,,,1,67,,38006,38,,,1,31,,38012,38,,,2,28,,37996,38,,,1,71,,38019,38,,,1,29,,38007,38,,,1,72,,38015,38,,,1,20,,38034,38,,,1,6,,38018,38,,,1,68,,38021,38,,,1,30,,38008,38,,,1,55,,38030,31,,,1,16,,38026,38,,,1,79,,38020,38,,,1,12,,37998,38,,,1,19,,38010,38,,,1,17,,38033,38,,,2,53,,38032,38,,,2,12,,38027,31,,,1,21,,38005,38,,,1,67,,38004,38,,,1,21,,38009,38,,,2,25,,37997,38,,,2,67,,38002,38,,,1,32,,38037,31,,,1,80,,38013,38,,,1,95,,38003,38,,,1,80,,37999,38,,,1,105,,38025,38,,,1,97,,38038,38,,,1,25,,38000,38,,,1
3300,'Semaine-10-_26ÉTÉ-1111100-',650,,38066,32,,,1,76,,38065,39,,,2,22,,38071,39,,,2,55,,38044,39,,,2,22,,38059,39,,,2,23,,38067,39,,,2,4,,38078,39,,,1,49,,38079,39,,,1,33,,38072,39,,,2,12,,38054,39,,,1,10,,38057,39,,,2,48,,38074,38,,,1,29,,38060,38,,,1,67,,38049,38,,,1,31,,38055,38,,,2,28,,38039,38,,,1,71,,38062,38,,,1,29,,38050,38,,,1,72,,38058,38,,,1,20,,38077,38,,,1,6,,38061,38,,,1,68,,38064,38,,,1,30,,38051,38,,,1,55,,38073,31,,,1,16,,38069,38,,,1,79,,38063,38,,,1,12,,38041,38,,,1,19,,38053,38,,,1,17,,38076,38,,,2,53,,38075,38,,,2,12,,38070,31,,,1,21,,38048,38,,,1,67,,38047,38,,,1,21,,38052,38,,,2,25,,38040,38,,,2,67,,38045,38,,,1,32,,38080,31,,,1,80,,38056,38,,,1,95,,38046,38,,,1,80,,38042,38,,,1,105,,38068,38,,,1,97,,38081,38,,,1,25,,38043,38,,,1
3500,'Semaine-1-_26ÉTÉ-1111100-',1536,,38556,40,,,2,110,,38561,40,,,2,68,,38565,40,,,1,93,,38547,40,,,1,101,,38576,40,,,2,95,,38550,40,,,1,24,,38554,40,,,1,103,,38568,40,,,1,100,,38572,40,,,2
3500,'Semaine-10-_26ÉTÉ-1111100-',1536,,38593,40,,,2,110,,38598,40,,,2,68,,38602,40,,,1,93,,38584,40,,,1,101,,38613,40,,,2,95,,38587,40,,,1,24,,38591,40,,,1,103,,38605,40,,,1,100,,38609,40,,,2
