2300,'Semaine-1-_26ÉTÉ-1111100-',1551,,24580,17,,,1,68,,24578,17,,,1,30,,24576,17,,,1,71,,24577,17,,,2,28,,24579,17,,,2,65,,24575,17,,,2
2300,'Semaine-10-_26ÉTÉ-1111100-',1551,,26987,17,,,1,68,,26985,17,,,1,30,,26983,17,,,1,71,,26984,17,,,2,28,,26986,17,,,2,65,,26982,17,,,2
2500,'Semaine-1-_26ÉTÉ-1111100-',1535,,24586,16,,,1,71,,24589,16,,,1,30,,24587,16,,,1,73,,24591,16,,,1,28,,24588,16,,,1,67,,24590,16,,,1
2500,'Semaine-10-_26ÉTÉ-1111100-',1535,,26993,16,,,1,71,,26996,16,,,1,30,,26994,16,,,1,73,,26998,16,,,1,28,,26995,16,,,1,67,,26997,16,,,1
2600,'Semaine-1-_26ÉTÉ-1111100-',1604,,24600,23,,,1,32,,24599,23,,,1,70,,24598,23,,,2,31,,24601,23,,,1,65,,24602,23,,,1
2600,'Semaine-10-_26ÉTÉ-1111100-',1604,,27007,23,,,1,32,,27006,23,,,1,70,,27005,23,,,2,31,,27008,23,,,1,65,,27009,23,,,1
2800,'Semaine-1-_26ÉTÉ-1111100-',1607,,24617,26,,,2,38,,24618,26,,,2,95,,24619,26,,,1
2800,'Semaine-10-_26ÉTÉ-1111100-',1607,,27024,26,,,2,38,,27025,26,,,2,95,,27026,26,,,1
3200,'Semaine-1-_26ÉTÉ-1111100-',637,,24764,24,,,1,71,,24763,24,,,2,32,,24759,24,,,2,72,,24761,24,,,2,28,,24760,24,,,1,70,,24762,24,,,2,28,,24735,24,,,1,70,,24730,24,,,2,30,,24731,24,,,1,70,,24742,24,,,2,30,,24736,24,,,1,72,,24722,24,,,1,30,,24723,24,,,1,69,,24734,24,,,2,30,,24737,24,,,1,70,,24743,24,,,1,31,,24724,24,,,1,70,,24769,24,,,2,17,,24721,24,,,2,14,,24751,24,,,1,8,,24741,24,,,1,52,,24747,24,,,2,10,,24748,24,,,1,10,,24766,24,,,1,10,,24767,24,,,2,10,,24768,24,,,1,10,,24765,24,,,1,51,,24738,24,,,1,11,,24749,24,,,1,8,,24757,24,,,2,11,,24750,24,,,2,9,,24727,24,,,1,8,,24758,24,,,2,10,,24744,24,,,1,48,,24746,24,,,1,10,,24745,24,,,1,19,,24739,24,,,1,65,,24733,24,,,1,30,,24728,24,,,1,70,,24725,24,,,1,29,,24740,24,,,1,70,,24732,24,,,1,30,,24729,24,,,1,29,,24726,24,,,1,70,,24752,24,,,1,28,,24753,24,,,1,69,,24754,24,,,2,30,,24755,24,,,1,70,,24756,24,,,1
3200,'Semaine-10-_26ÉTÉ-1111100-',637,,27245,24,,,1,71,,27244,24,,,2,32,,27240,24,,,2,72,,27242,24,,,2,28,,27241,24,,,1,70,,27243,24,,,2,28,,27216,24,,,1,70,,27211,24,,,2,30,,27212,24,,,1,70,,27223,24,,,2,30,,27217,24,,,1,72,,27203,24,,,1,30,,27204,24,,,1,69,,27215,24,,,2,30,,27218,24,,,1,70,,27224,24,,,1,31,,27205,24,,,1,70,,27250,24,,,1,17,,27202,24,,,2,14,,27232,24,,,1,8,,27222,24,,,1,52,,27228,24,,,2,10,,27229,24,,,1,10,,27247,24,,,1,10,,27248,24,,,2,10,,27249,24,,,1,10,,27246,24,,,1,51,,27219,24,,,1,11,,27230,24,,,1,8,,27238,24,,,2,11,,27231,24,,,2,9,,27208,24,,,1,8,,27239,24,,,2,10,,27225,24,,,1,48,,27227,24,,,1,10,,27226,24,,,1,19,,27220,24,,,1,65,,27214,24,,,1,30,,27209,24,,,1,70,,27206,24,,,1,29,,27221,24,,,1,70,,27213,24,,,1,30,,27210,24,,,1,29,,27207,24,,,1,70,,27233,24,,,1,28,,27234,24,,,1,69,,27235,24,,,2,30,,27236,24,,,1,70,,27237,24,,,1
3400,'Samedi-0-_26ÉTÉ-0000010-',744,,27459,32,,,1,104,,27464,32,,,1,70,,27460,32,,,2,31,,27466,32,,,1,70,,27467,32,,,1,31,,27461,32,,,1,70,,27462,32,,,2,30,,27463,32,,,1,70,,27465,32,,,2,31,,27468,32,,,1,70,,27470,32,,,1,31,,27469,32,,,2,70,,27471,32,,,1,30,,27472,32,,,1,70,,27473,32,,,2,29,,27474,32,,,1,70,,27475,32,,,1,31,,27476,32,,,1,70,,27477,32,,,1,30,,27478,32,,,1,70,,27479,32,,,1,29,,27480,32,,,1,68,,27481,32,,,2,30,,27482,32,,,1,70,,27483,32,,,1,30,,27484,32,,,1,70,,27485,32,,,1,30,,27486,32,,,1,70,,27487,32,,,1,29,,27489,32,,,1,71,,27488,32,,,1,29,,27491,32,,,1,70,,27490,32,,,1,27,,27492,32,,,1
3400,'Dimanche-0-_26ÉTÉ-0000001-',744,,27497,32,,,1,104,,27501,32,,,1,70,,27499,32,,,2,31,,27494,32,,,1,70,,27502,32,,,1,31,,27505,32,,,1,70,,27504,32,,,2,30,,27493,32,,,1,70,,27495,32,,,2,31,,27506,32,,,1,70,,27496,32,,,1,31,,27498,32,,,2,70,,27500,32,,,1,30,,27509,32,,,1,70,,27503,32,,,2,29,,27507,32,,,1,70,,27510,32,,,1,31,,27514,32,,,1,70,,27519,32,,,1,30,,27511,32,,,1,70,,27512,32,,,1,29,,27522,32,,,1,68,,27513,32,,,2,30,,27518,32,,,1,70,,27508,32,,,1,30,,27515,32,,,1,70,,27517,32,,,1,30,,27520,32,,,1,70,,27526,32,,,1,29,,27521,32,,,1,71,,27523,32,,,1,29,,27516,32,,,1,70,,27524,32,,,1,27,,27525,32,,,1
3400,'Dimanche-10-_26ÉTÉ-0000001-',744,,31609,32,,,1,104,,31613,32,,,1,70,,31611,32,,,2,31,,31606,32,,,1,70,,31614,32,,,1,31,,31617,32,,,1,70,,31616,32,,,2,30,,31605,32,,,1,70,,31607,32,,,2,31,,31618,32,,,1,70,,31608,32,,,1,31,,31610,32,,,2,70,,31612,32,,,1,30,,31621,32,,,1,70,,31615,32,,,2,29,,31619,32,,,1,70,,31622,32,,,1,31,,31626,32,,,1,70,,31631,32,,,1,30,,31623,32,,,1,70,,31624,32,,,1,29,,31634,32,,,1,68,,31625,32,,,2,30,,31630,32,,,1,70,,31620,32,,,1,30,,31627,32,,,1,70,,31629,32,,,1,30,,31632,32,,,1,70,,31638,32,,,1,29,,31633,32,,,1,71,,31635,32,,,1,29,,31628,32,,,1,70,,31636,32,,,1,27,,31637,32,,,1
3400,'Semaine-1-_26ÉTÉ-1111100-',626,,24936,32,,,1,31,,24921,32,,,1,74,,24915,32,,,1,71,,24919,32,,,1,31,,24910,32,,,1,70,,24930,32,,,1,28,,24916,32,,,1,27,,24906,32,,,1,70,,24911,32,,,2,30,,24912,32,,,2,70,,24917,32,,,1,30,,24907,32,,,1,71,,24937,32,,,1,30,,24913,32,,,1,70,,24918,32,,,1,30,,24908,32,,,1,72,,24934,32,,,2,70,,24909,32,,,1,27,,24935,32,,,1,304,,24933,32,,,2,20,,24922,32,,,1,68,,24914,32,,,2,30,,24926,32,,,1,70,,24932,32,,,1,30,,24923,32,,,1,69,,24925,32,,,1,30,,24927,32,,,1,70,,24920,32,,,1,30,,24929,32,,,1,70,,24924,32,,,1,28,,24928,32,,,1,70,,24931,32,,,1
3400,'Semaine-10-_26ÉTÉ-1111100-',626,,27557,32,,,1,31,,27542,32,,,1,74,,27536,32,,,1,71,,27540,32,,,1,31,,27531,32,,,1,70,,27551,32,,,1,28,,27537,32,,,1,27,,27527,32,,,1,70,,27532,32,,,2,30,,27533,32,,,2,70,,27538,32,,,1,30,,27528,32,,,1,71,,27558,32,,,1,30,,27534,32,,,1,70,,27539,32,,,1,30,,27529,32,,,1,72,,27555,32,,,2,70,,27530,32,,,1,27,,27556,32,,,1,304,,27554,32,,,2,20,,27543,32,,,1,68,,27535,32,,,2,30,,27547,32,,,1,70,,27553,32,,,1,30,,27544,32,,,1,69,,27546,32,,,1,30,,27548,32,,,1,70,,27541,32,,,1,30,,27550,32,,,1,70,,27545,32,,,1,28,,27549,32,,,1,70,,27552,32,,,1
3901,'Samedi-0-_26ÉTÉ-0000010-',626,,28161,27,,,1,100,,28163,27,,,1,100,,28167,27,,,1,100,,28166,27,,,1,101,,28169,27,,,1,100,,28168,27,,,1,101,,28164,27,,,1,30,,28162,27,,,1,70,,28170,27,,,1,31,,28165,27,,,2,70,,28171,27,,,1,30,,28172,27,,,1,71,,28173,27,,,2,70,,28174,27,,,1,30,,28175,27,,,1,70,,28176,27,,,1,30,,28177,27,,,1,29,,28178,27,,,1,69,,28179,27,,,1,29,,28180,27,,,1,100,,28181,27,,,1,100,,28182,27,,,1,100,,28183,27,,,1,100,,28184,27,,,1
3901,'Dimanche-0-_26ÉTÉ-0000001-',626,,28185,27,,,1,100,,28192,27,,,1,100,,28186,27,,,1,100,,28189,27,,,1,101,,28194,27,,,1,100,,28187,27,,,1,101,,28193,27,,,1,30,,28188,27,,,1,70,,28190,27,,,1,31,,28195,27,,,2,70,,28197,27,,,1,30,,28191,27,,,1,71,,28196,27,,,2,70,,28198,27,,,1,30,,28199,27,,,1,70,,28204,27,,,1,30,,28206,27,,,1,29,,28208,27,,,1,69,,28205,27,,,1,29,,28202,27,,,1,100,,28203,27,,,1,100,,28207,27,,,1,100,,28200,27,,,1,100,,28201,27,,,1
3901,'Dimanche-10-_26ÉTÉ-0000001-',626,,31796,27,,,1,100,,31803,27,,,1,100,,31797,27,,,1,100,,31800,27,,,1,101,,31805,27,,,1,100,,31798,27,,,1,101,,31804,27,,,1,30,,31799,27,,,1,70,,31801,27,,,1,31,,31806,27,,,2,70,,31808,27,,,1,30,,31802,27,,,1,71,,31807,27,,,2,70,,31809,27,,,1,30,,31810,27,,,1,70,,31815,27,,,1,30,,31817,27,,,1,29,,31819,27,,,1,69,,31816,27,,,1,29,,31813,27,,,1,100,,31814,27,,,1,100,,31818,27,,,1,100,,31811,27,,,1,100,,31812,27,,,1
3901,'Semaine-1-_26ÉTÉ-1111100-',649,,25248,27,,,2,67,,25237,27,,,1,35,,25238,27,,,1,74,,25234,27,,,1,32,,25240,27,,,1,70,,25242,27,,,1,30,,25249,27,,,1,70,,25260,27,,,1,30,,25255,27,,,2,70,,25250,27,,,1,30,,25235,27,,,1,72,,25244,27,,,2,30,,25251,27,,,1,68,,25236,27,,,1,30,,25233,27,,,2,73,,25252,27,,,1,70,,25245,27,,,2,32,,25226,27,,,1,71,,25253,27,,,2,31,,25231,27,,,1,70,,25228,27,,,1,30,,25256,27,,,1,67,,25241,27,,,1,32,,25247,27,,,1,69,,25232,27,,,2,31,,25254,27,,,1,25,,25227,27,,,2,66,,25257,27,,,1,30,,25230,27,,,1,70,,25246,27,,,1,32,,25258,27,,,1,70,,25229,27,,,1,30,,25239,27,,,1,71,,25259,27,,,1,30,,25243,27,,,1
3901,'Semaine-10-_26ÉTÉ-1111100-',649,,28231,27,,,2,67,,28220,27,,,1,35,,28221,27,,,1,74,,28217,27,,,1,32,,28223,27,,,1,70,,28225,27,,,1,30,,28232,27,,,1,70,,28243,27,,,1,30,,28238,27,,,2,70,,28233,27,,,1,30,,28218,27,,,1,72,,28227,27,,,2,30,,28234,27,,,1,68,,28219,27,,,1,30,,28216,27,,,2,73,,28235,27,,,1,70,,28228,27,,,2,32,,28209,27,,,1,71,,28236,27,,,2,31,,28214,27,,,1,70,,28211,27,,,1,30,,28239,27,,,1,67,,28224,27,,,1,32,,28230,27,,,1,69,,28215,27,,,2,31,,28237,27,,,1,25,,28210,27,,,2,66,,28240,27,,,1,30,,28213,27,,,1,70,,28229,27,,,1,32,,28241,27,,,1,70,,28212,27,,,1,30,,28222,27,,,1,71,,28242,27,,,1,30,,28226,27,,,1
4901,'Samedi-0-_26ÉTÉ-0000010-',723,,28359,14,,,1,100,,28358,14,,,1,100,,28360,14,,,1,100,,28356,14,,,1,100,,28361,14,,,1,100,,28357,14,,,1,98,,28362,14,,,1,103,,28363,14,,,1,99,,28364,14,,,1,100,,28365,14,,,1,100,,28366,14,,,1,98,,28367,14,,,1,102,,28368,14,,,1,100,,28369,14,,,1,100,,28370,14,,,1,100,,28371,14,,,1,99,,28372,14,,,1
4901,'Dimanche-0-_26ÉTÉ-0000001-',723,,28377,14,,,1,100,,28373,14,,,1,100,,28376,14,,,1,100,,28378,14,,,1,100,,28375,14,,,1,100,,28374,14,,,1,98,,28380,14,,,1,103,,28381,14,,,1,99,,28379,14,,,1,100,,28385,14,,,1,100,,28389,14,,,1,98,,28382,14,,,1,102,,28383,14,,,1,100,,28384,14,,,1,100,,28386,14,,,1,100,,28387,14,,,1,99,,28388,14,,,1
4901,'Dimanche-10-_26ÉTÉ-0000001-',723,,31841,14,,,1,100,,31837,14,,,1,100,,31840,14,,,1,100,,31842,14,,,1,100,,31839,14,,,1,100,,31838,14,,,1,98,,31844,14,,,1,103,,31845,14,,,1,99,,31843,14,,,1,100,,31849,14,,,1,100,,31853,14,,,1,98,,31846,14,,,1,102,,31847,14,,,1,100,,31848,14,,,1,100,,31850,14,,,1,100,,31851,14,,,1,99,,31852,14,,,1
4901,'Semaine-1-_26ÉTÉ-1111100-',605,,25344,14,,,1,47,,25349,14,,,1,70,,25365,14,,,1,31,,25361,14,,,1,69,,25359,14,,,1,29,,25368,14,,,1,70,,25351,14,,,1,30,,25366,14,,,1,69,,25363,14,,,1,31,,25339,14,,,1,70,,25360,14,,,1,30,,25340,14,,,1,72,,25345,14,,,1,28,,25347,14,,,1,68,,25352,14,,,1,31,,25367,14,,,1,71,,25350,14,,,1,30,,25369,14,,,1,71,,25353,14,,,1,32,,25356,14,,,1,70,,25346,14,,,1,29,,25348,14,,,1,69,,25364,14,,,1,29,,25358,14,,,1,70,,25362,14,,,1,95,,25341,14,,,1,40,,25357,14,,,1,100,,25355,14,,,1,100,,25342,14,,,1,100,,25354,14,,,1,98,,25343,14,,,1
4901,'Semaine-10-_26ÉTÉ-1111100-',605,,28395,14,,,1,47,,28400,14,,,1,70,,28416,14,,,1,31,,28412,14,,,1,69,,28410,14,,,1,29,,28419,14,,,1,70,,28402,14,,,1,30,,28417,14,,,1,69,,28414,14,,,1,31,,28390,14,,,1,70,,28411,14,,,1,30,,28391,14,,,1,72,,28396,14,,,1,28,,28398,14,,,1,68,,28403,14,,,1,31,,28418,14,,,1,71,,28401,14,,,1,30,,28420,14,,,1,71,,28404,14,,,1,32,,28407,14,,,1,70,,28397,14,,,1,29,,28399,14,,,1,69,,28415,14,,,1,29,,28409,14,,,1,70,,28413,14,,,1,95,,28392,14,,,1,40,,28408,14,,,1,100,,28406,14,,,1,100,,28393,14,,,1,100,,28405,14,,,1,98,,28394,14,,,1
