4901,'Samedi-0-_26ÉTÉ-0000010-',756,,39783,58,,,1,100,,39782,58,,,1,100,,39784,58,,,1,102,,39780,58,,,1,100,,39785,58,,,1,142,,39781,58,,,1,59,,39786,58,,,1,143,,39787,58,,,1,99,,39788,58,,,1,100,,39789,58,,,1,100,,39790,58,,,1,54,,39791,58,,,1,102,,39792,58,,,1,100,,39793,58,,,1,100,,39794,58,,,1,98,,39795,58,,,1,99,,39796,58,,,1
4901,'Samedi-10-_26ÉTÉ-0000010-',756,,46445,58,,,1,100,,46444,58,,,1,100,,46446,58,,,1,102,,46442,58,,,1,100,,46447,58,,,1,142,,46443,58,,,1,59,,46448,58,,,1,143,,46449,58,,,1,99,,46450,58,,,1,100,,46451,58,,,1,100,,46452,58,,,1,54,,46453,58,,,1,102,,46454,58,,,1,100,,46455,58,,,1,100,,46456,58,,,1,98,,46457,58,,,1,99,,46458,58,,,1
4901,'Dimanche-0-_26ÉTÉ-0000001-',756,,39801,58,,,1,100,,39797,58,,,1,100,,39800,58,,,1,102,,39802,58,,,1,100,,39799,58,,,1,142,,39798,58,,,1,59,,39804,58,,,1,143,,39805,58,,,1,99,,39803,58,,,1,100,,39809,58,,,1,100,,39813,58,,,1,54,,39806,58,,,1,102,,39807,58,,,1,100,,39808,58,,,1,100,,39810,58,,,1,98,,39811,58,,,1,99,,39812,58,,,1
4901,'Dimanche-10-_26ÉTÉ-0000001-',756,,39818,58,,,1,100,,39814,58,,,1,100,,39817,58,,,1,102,,39819,58,,,1,100,,39816,58,,,1,142,,39815,58,,,1,59,,39821,58,,,1,143,,39822,58,,,1,99,,39820,58,,,1,100,,39826,58,,,1,100,,39830,58,,,1,54,,39823,58,,,1,102,,39824,58,,,1,100,,39825,58,,,1,100,,39827,58,,,1,98,,39828,58,,,1,99,,39829,58,,,1
4901,'Semaine-1-_26ÉTÉ-1111100-',644,,39836,58,,,1,88,,39841,58,,,1,71,,39857,58,,,1,33,,39853,58,,,1,70,,39851,58,,,1,26,,39860,58,,,1,68,,39843,58,,,1,29,,39858,58,,,1,30,,39855,58,,,1,71,,39831,58,,,1,70,,39852,58,,,1,30,,39832,58,,,1,72,,39837,58,,,1,28,,39839,58,,,1,28,,39844,58,,,1,71,,39859,58,,,1,72,,39842,58,,,1,33,,39861,58,,,1,74,,39845,58,,,1,32,,39848,58,,,1,72,,39838,58,,,1,24,,39840,58,,,1,68,,39856,58,,,1,26,,39850,58,,,1,70,,39854,58,,,1,54,,39833,58,,,1,80,,39849,58,,,1,100,,39847,58,,,1,96,,39834,58,,,1,100,,39846,58,,,1,95,,39835,58,,,1
4901,'Semaine-10-_26ÉTÉ-1111100-',644,,39867,58,,,1,88,,39872,58,,,1,71,,39888,58,,,1,33,,39884,58,,,1,70,,39882,58,,,1,26,,39891,58,,,1,68,,39874,58,,,1,29,,39889,58,,,1,30,,39886,58,,,1,71,,39862,58,,,1,70,,39883,58,,,1,30,,39863,58,,,1,72,,39868,58,,,1,28,,39870,58,,,1,28,,39875,58,,,1,71,,39890,58,,,1,72,,39873,58,,,1,33,,39892,58,,,1,74,,39876,58,,,1,32,,39879,58,,,1,72,,39869,58,,,1,24,,39871,58,,,1,68,,39887,58,,,1,26,,39881,58,,,1,70,,39885,58,,,1,54,,39864,58,,,1,80,,39880,58,,,1,100,,39878,58,,,1,96,,39865,58,,,1,100,,39877,58,,,1,95,,39866,58,,,1
4901,'Semaine-11-_26ÉTÉ-1111100-',644,,46464,58,,,1,88,,46469,58,,,1,71,,46485,58,,,1,33,,46481,58,,,1,70,,46479,58,,,1,26,,46488,58,,,1,68,,46471,58,,,1,29,,46486,58,,,1,30,,46483,58,,,1,71,,46459,58,,,1,70,,46480,58,,,1,30,,46460,58,,,1,72,,46465,58,,,1,28,,46467,58,,,1,28,,46472,58,,,1,71,,46487,58,,,1,72,,46470,58,,,1,33,,46489,58,,,1,74,,46473,58,,,1,32,,46476,58,,,1,72,,46466,58,,,1,24,,46468,58,,,1,68,,46484,58,,,1,26,,46478,58,,,1,70,,46482,58,,,1,54,,46461,58,,,1,80,,46477,58,,,1,100,,46475,58,,,1,96,,46462,58,,,1,100,,46474,58,,,1,95,,46463,58,,,1
5500,'Samedi-0-_26ÉTÉ-0000010-',733,,40104,61,,,1,70,,40101,61,,,1,30,,40102,61,,,1,70,,40105,61,,,1,30,,40103,61,,,1,70,,40110,61,,,1,31,,40107,61,,,1,70,,40108,61,,,1,31,,40113,61,,,1,72,,40112,61,,,1,28,,40106,61,,,1,70,,40109,61,,,1,30,,40111,61,,,1,74,,40114,61,,,1,30,,40115,61,,,1,70,,40116,61,,,1,30,,40117,61,,,1,69,,40118,61,,,1,30,,40119,61,,,1,70,,40120,61,,,1,30,,40121,61,,,1,70,,40122,61,,,1,32,,40123,61,,,1,68,,40124,61,,,1,29,,40126,61,,,1,71,,40125,61,,,1,29,,40127,61,,,1,70,,40129,61,,,1,30,,40128,61,,,1,70,,40130,61,,,1,26,,40131,61,,,1,70,,40134,61,,,1,30,,40136,61,,,1,70,,40133,61,,,1,30,,40132,61,,,1,67,,40135,61,,,1
5500,'Samedi-10-_26ÉTÉ-0000010-',733,,46579,61,,,1,70,,46576,61,,,1,30,,46577,61,,,1,70,,46580,61,,,1,30,,46578,61,,,1,70,,46585,61,,,1,31,,46582,61,,,1,70,,46583,61,,,1,31,,46588,61,,,1,72,,46587,61,,,1,28,,46581,61,,,1,70,,46584,61,,,1,30,,46586,61,,,1,74,,46589,61,,,1,30,,46590,61,,,1,70,,46591,61,,,1,30,,46592,61,,,1,69,,46593,61,,,1,30,,46594,61,,,1,70,,46595,61,,,1,30,,46596,61,,,1,70,,46597,61,,,1,32,,46598,61,,,1,68,,46599,61,,,1,29,,46601,61,,,1,71,,46600,61,,,1,29,,46602,61,,,1,70,,46604,61,,,1,30,,46603,61,,,1,70,,46605,61,,,1,26,,46606,61,,,1,70,,46609,61,,,1,30,,46611,61,,,1,70,,46608,61,,,1,30,,46607,61,,,1,67,,46610,61,,,1
5500,'Dimanche-0-_26ÉTÉ-0000001-',733,,40139,61,,,1,70,,40144,61,,,1,30,,40148,61,,,1,70,,40142,61,,,1,30,,40140,61,,,1,70,,40145,61,,,1,31,,40147,61,,,1,70,,40141,61,,,1,31,,40137,61,,,1,72,,40138,61,,,1,28,,40150,61,,,1,70,,40154,61,,,1,30,,40152,61,,,1,74,,40149,61,,,1,30,,40143,61,,,1,70,,40157,61,,,1,30,,40158,61,,,1,69,,40159,61,,,1,30,,40153,61,,,1,70,,40166,61,,,1,30,,40163,61,,,1,70,,40151,61,,,1,32,,40171,61,,,1,68,,40165,61,,,1,29,,40146,61,,,1,71,,40169,61,,,1,29,,40162,61,,,1,70,,40155,61,,,1,30,,40160,61,,,1,70,,40156,61,,,1,26,,40167,61,,,1,70,,40164,61,,,1,30,,40161,61,,,1,70,,40170,61,,,1,30,,40168,61,,,1,67,,40172,61,,,1
5500,'Dimanche-10-_26ÉTÉ-0000001-',733,,40175,61,,,1,70,,40180,61,,,1,30,,40184,61,,,1,70,,40178,61,,,1,30,,40176,61,,,1,70,,40181,61,,,1,31,,40183,61,,,1,70,,40177,61,,,1,31,,40173,61,,,1,72,,40174,61,,,1,28,,40186,61,,,1,70,,40190,61,,,1,30,,40188,61,,,1,74,,40185,61,,,1,30,,40179,61,,,1,70,,40193,61,,,1,30,,40194,61,,,1,69,,40195,61,,,1,30,,40189,61,,,1,70,,40202,61,,,1,30,,40199,61,,,1,70,,40187,61,,,1,32,,40207,61,,,1,68,,40201,61,,,1,29,,40182,61,,,1,71,,40205,61,,,1,29,,40198,61,,,1,70,,40191,61,,,1,30,,40196,61,,,1,70,,40192,61,,,1,26,,40203,61,,,1,70,,40200,61,,,1,30,,40197,61,,,1,70,,40206,61,,,1,30,,40204,61,,,1,67,,40208,61,,,1
5500,'Semaine-1-_26ÉTÉ-1111100-',631,,40211,61,,,1,107,,40227,61,,,1,103,,40210,61,,,1,95,,40246,61,,,1,68,,40247,61,,,1,30,,40216,61,,,1,70,,40226,61,,,1,30,,40230,61,,,1,73,,40252,61,,,1,30,,40212,61,,,1,70,,40251,61,,,1,30,,40229,61,,,1,70,,40244,61,,,1,30,,40238,61,,,1,66,,40245,61,,,1,16,,40231,61,,,1,17,,40209,61,,,1,14,,40250,61,,,1,58,,40220,61,,,1,15,,40253,61,,,1,13,,40241,61,,,1,10,,40213,61,,,1,13,,40224,61,,,1,54,,40256,61,,,1,13,,40249,61,,,1,11,,40215,61,,,1,11,,40232,61,,,1,52,,40225,61,,,1,9,,40254,61,,,1,9,,40239,61,,,1,8,,40219,61,,,1,12,,40214,61,,,1,10,,40255,61,,,1,52,,40223,61,,,1,11,,40218,61,,,1,10,,40228,61,,,1,30,,40243,61,,,1,68,,40248,61,,,1,31,,40235,61,,,1,69,,40221,61,,,1,30,,40242,61,,,1,67,,40233,61,,,1,28,,40236,61,,,1,69,,40222,61,,,1,30,,40237,61,,,1,67,,40234,61,,,1,29,,40217,61,,,1,70,,40240,61,,,1
5500,'Semaine-10-_26ÉTÉ-1111100-',631,,40259,61,,,1,107,,40275,61,,,1,103,,40258,61,,,1,95,,40294,61,,,1,68,,40295,61,,,1,30,,40264,61,,,1,70,,40274,61,,,1,30,,40278,61,,,1,73,,40300,61,,,1,30,,40260,61,,,1,70,,40299,61,,,1,30,,40277,61,,,1,70,,40292,61,,,1,30,,40286,61,,,1,66,,40293,61,,,1,16,,40279,61,,,1,17,,40257,61,,,1,14,,40298,61,,,1,58,,40268,61,,,1,15,,40301,61,,,1,13,,40289,61,,,1,10,,40261,61,,,1,13,,40272,61,,,1,54,,40304,61,,,1,13,,40297,61,,,1,11,,40263,61,,,1,11,,40280,61,,,1,52,,40273,61,,,1,9,,40302,61,,,1,9,,40287,61,,,1,8,,40267,61,,,1,12,,40262,61,,,1,10,,40303,61,,,1,52,,40271,61,,,1,11,,40266,61,,,1,10,,40276,61,,,1,30,,40291,61,,,1,68,,40296,61,,,1,31,,40283,61,,,1,69,,40269,61,,,1,30,,40290,61,,,1,67,,40281,61,,,1,28,,40284,61,,,1,69,,40270,61,,,1,30,,40285,61,,,1,67,,40282,61,,,1,29,,40265,61,,,1,70,,40288,61,,,1
5500,'Semaine-11-_26ÉTÉ-1111100-',631,,46614,61,,,1,107,,46630,61,,,1,103,,46613,61,,,1,95,,46649,61,,,1,68,,46650,61,,,1,30,,46619,61,,,1,70,,46629,61,,,1,30,,46633,61,,,1,73,,46655,61,,,1,30,,46615,61,,,1,70,,46654,61,,,1,30,,46632,61,,,1,70,,46647,61,,,1,30,,46641,61,,,1,66,,46648,61,,,1,16,,46634,61,,,1,17,,46612,61,,,1,14,,46653,61,,,1,58,,46623,61,,,1,15,,46656,61,,,1,13,,46644,61,,,1,10,,46616,61,,,1,13,,46627,61,,,1,54,,46659,61,,,1,13,,46652,61,,,1,11,,46618,61,,,1,11,,46635,61,,,1,52,,46628,61,,,1,9,,46657,61,,,1,9,,46642,61,,,1,8,,46622,61,,,1,12,,46617,61,,,1,10,,46658,61,,,1,52,,46626,61,,,1,11,,46621,61,,,1,10,,46631,61,,,1,30,,46646,61,,,1,68,,46651,61,,,1,31,,46638,61,,,1,69,,46624,61,,,1,30,,46645,61,,,1,67,,46636,61,,,1,28,,46639,61,,,1,69,,46625,61,,,1,30,,46640,61,,,1,67,,46637,61,,,1,29,,46620,61,,,1,70,,46643,61,,,1
