2801,'Semaine-1-_26ÉTÉ-1111100-',658,,37428,27,,,1,70,,37429,27,,,1,99,,37427,27,,,2
2801,'Semaine-10-_26ÉTÉ-1111100-',658,,37431,27,,,1,70,,37432,27,,,1,99,,37430,27,,,2
2801,'Semaine-11-_26ÉTÉ-1111100-',658,,45419,27,,,1,70,,45420,27,,,1,99,,45418,27,,,2
2901,'Semaine-1-_26ÉTÉ-1111100-',712,,37443,3,,,1,29,,37446,3,,,1,70,,37444,3,,,1,30,,37445,3,,,1
2901,'Semaine-10-_26ÉTÉ-1111100-',712,,37447,3,,,1,29,,37450,3,,,1,70,,37448,3,,,1,30,,37449,3,,,1
2901,'Semaine-11-_26ÉTÉ-1111100-',712,,45426,3,,,1,29,,45429,3,,,1,70,,45427,3,,,1,30,,45428,3,,,1
3401,'Samedi-0-_26ÉTÉ-0000010-',707,,38384,36,,,1,100,,38387,36,,,2,30,,38396,36,,,1,73,,38385,36,,,1,28,,38390,36,,,1,70,,38392,36,,,1,32,,38386,36,,,2,70,,38395,36,,,1,31,,38388,36,,,1,70,,38397,36,,,1,29,,38389,36,,,1,70,,38391,36,,,1,30,,38393,36,,,2,70,,38394,36,,,2,30,,38398,36,,,1,71,,38399,36,,,2,30,,38400,36,,,1,70,,38401,36,,,1,31,,38402,36,,,1,68,,38403,36,,,1,30,,38404,36,,,2,71,,38405,36,,,1,27,,38406,36,,,1,70,,38408,36,,,1,31,,38407,36,,,2,70,,38409,36,,,1,30,,38410,36,,,2,68,,38411,36,,,1,30,,38413,36,,,1,70,,38412,36,,,1,30,,38414,36,,,1,97,,38415,36,,,1
3401,'Samedi-10-_26ÉTÉ-0000010-',707,,45843,36,,,1,100,,45846,36,,,2,30,,45855,36,,,1,73,,45844,36,,,1,28,,45849,36,,,1,70,,45851,36,,,1,32,,45845,36,,,2,70,,45854,36,,,1,31,,45847,36,,,1,70,,45856,36,,,1,29,,45848,36,,,1,70,,45850,36,,,1,30,,45852,36,,,2,70,,45853,36,,,2,30,,45857,36,,,1,71,,45858,36,,,2,30,,45859,36,,,1,70,,45860,36,,,1,31,,45861,36,,,1,68,,45862,36,,,1,30,,45863,36,,,2,71,,45864,36,,,1,27,,45865,36,,,1,70,,45867,36,,,1,31,,45866,36,,,2,70,,45868,36,,,1,30,,45869,36,,,2,68,,45870,36,,,1,30,,45872,36,,,1,70,,45871,36,,,1,30,,45873,36,,,1,97,,45874,36,,,1
3401,'Dimanche-0-_26ÉTÉ-0000001-',707,,38417,36,,,1,100,,38428,36,,,2,30,,38421,36,,,1,73,,38424,36,,,1,28,,38423,36,,,1,70,,38432,36,,,1,32,,38429,36,,,2,70,,38416,36,,,1,31,,38427,36,,,1,70,,38420,36,,,1,29,,38418,36,,,1,70,,38419,36,,,1,30,,38422,36,,,2,70,,38430,36,,,2,30,,38426,36,,,1,71,,38425,36,,,2,30,,38431,36,,,1,70,,38436,36,,,1,31,,38434,36,,,1,68,,38440,36,,,1,30,,38443,36,,,2,71,,38433,36,,,1,27,,38442,36,,,1,70,,38435,36,,,1,31,,38439,36,,,2,70,,38446,36,,,1,30,,38438,36,,,2,68,,38437,36,,,1,30,,38444,36,,,1,70,,38445,36,,,1,30,,38441,36,,,1,97,,38447,36,,,1
3401,'Dimanche-10-_26ÉTÉ-0000001-',707,,38449,36,,,1,100,,38460,36,,,2,30,,38453,36,,,1,73,,38456,36,,,1,28,,38455,36,,,1,70,,38464,36,,,1,32,,38461,36,,,2,70,,38448,36,,,1,31,,38459,36,,,1,70,,38452,36,,,1,29,,38450,36,,,1,70,,38451,36,,,1,30,,38454,36,,,2,70,,38462,36,,,2,30,,38458,36,,,1,71,,38457,36,,,2,30,,38463,36,,,1,70,,38468,36,,,1,31,,38466,36,,,1,68,,38472,36,,,1,30,,38475,36,,,2,71,,38465,36,,,1,27,,38474,36,,,1,70,,38467,36,,,1,31,,38471,36,,,2,70,,38478,36,,,1,30,,38470,36,,,2,68,,38469,36,,,1,30,,38476,36,,,1,70,,38477,36,,,1,30,,38473,36,,,1,97,,38479,36,,,1
3401,'Semaine-1-_26ÉTÉ-1111100-',911,,38505,36,,,2,33,,38485,36,,,1,70,,38489,36,,,1,30,,38509,36,,,1,70,,38482,36,,,1,30,,38486,36,,,1,70,,38490,36,,,2,30,,38480,36,,,1,71,,38483,36,,,1,29,,38487,36,,,1,70,,38491,36,,,1,30,,38484,36,,,1,69,,38506,36,,,1,32,,38481,36,,,2,72,,38507,36,,,1,30,,38508,36,,,1,73,,38502,36,,,1,25,,38498,36,,,2,69,,38488,36,,,1,29,,38495,36,,,1,70,,38504,36,,,1,30,,38492,36,,,1,70,,38494,36,,,1,30,,38496,36,,,1,70,,38500,36,,,2,30,,38493,36,,,1,70,,38499,36,,,1,29,,38497,36,,,1,70,,38501,36,,,1,30,,38503,36,,,1
3401,'Semaine-10-_26ÉTÉ-1111100-',911,,38535,36,,,2,33,,38515,36,,,1,70,,38519,36,,,1,30,,38539,36,,,1,70,,38512,36,,,1,30,,38516,36,,,1,70,,38520,36,,,2,30,,38510,36,,,1,71,,38513,36,,,1,29,,38517,36,,,1,70,,38521,36,,,1,30,,38514,36,,,1,69,,38536,36,,,1,32,,38511,36,,,2,72,,38537,36,,,1,30,,38538,36,,,1,73,,38532,36,,,1,25,,38528,36,,,2,69,,38518,36,,,1,29,,38525,36,,,1,70,,38534,36,,,1,30,,38522,36,,,1,70,,38524,36,,,1,30,,38526,36,,,1,70,,38530,36,,,2,30,,38523,36,,,1,70,,38529,36,,,1,29,,38527,36,,,1,70,,38531,36,,,1,30,,38533,36,,,1
3401,'Semaine-11-_26ÉTÉ-1111100-',911,,45900,36,,,2,33,,45880,36,,,1,70,,45884,36,,,1,30,,45904,36,,,1,70,,45877,36,,,1,30,,45881,36,,,1,70,,45885,36,,,2,30,,45875,36,,,1,71,,45878,36,,,1,29,,45882,36,,,1,70,,45886,36,,,1,30,,45879,36,,,1,69,,45901,36,,,1,32,,45876,36,,,2,72,,45902,36,,,1,30,,45903,36,,,1,73,,45897,36,,,1,25,,45893,36,,,2,69,,45883,36,,,1,29,,45890,36,,,1,70,,45899,36,,,1,30,,45887,36,,,1,70,,45889,36,,,1,30,,45891,36,,,1,70,,45895,36,,,2,30,,45888,36,,,1,70,,45894,36,,,1,29,,45892,36,,,1,70,,45896,36,,,1,30,,45898,36,,,1
5601,'Semaine-1-_26ÉTÉ-1111100-',1220,,40518,10,,,2,102,,40515,10,,,1,100,,40514,10,,,1,98,,40517,10,,,1,106,,40516,10,,,1,97,,40519,10,,,2,97,,40520,10,,,1
5601,'Semaine-10-_26ÉTÉ-1111100-',1220,,40525,10,,,2,102,,40522,10,,,1,100,,40521,10,,,1,98,,40524,10,,,1,106,,40523,10,,,1,97,,40526,10,,,2,97,,40527,10,,,1
5601,'Semaine-11-_26ÉTÉ-1111100-',1220,,46752,10,,,2,102,,46749,10,,,1,100,,46748,10,,,1,98,,46751,10,,,1,106,,46750,10,,,1,97,,46753,10,,,2,97,,46754,10,,,1
