4501,'Semaine-1-_26ÉTÉ-1111100-',628,,39637,19,,,2,75,,39641,19,,,1,27,,39640,19,,,2,70,,39639,19,,,1,28,,39642,19,,,1,30,,39638,19,,,2
4501,'Semaine-10-_26ÉTÉ-1111100-',628,,39643,19,,,2,75,,39647,19,,,1,27,,39646,19,,,2,70,,39645,19,,,1,28,,39648,19,,,1,30,,39644,19,,,2
4501,'Semaine-11-_26ÉTÉ-1111100-',628,,46379,19,,,2,75,,46383,19,,,1,27,,46382,19,,,2,70,,46381,19,,,1,28,,46384,19,,,1,30,,46380,19,,,2
5201,'Samedi-0-_26ÉTÉ-0000010-',659,,39999,43,,,2,100,,40000,43,,,1,141,,40001,43,,,2,100,,40002,43,,,1,102,,40004,43,,,1,100,,40003,43,,,1,100,,40005,43,,,2,100,,40006,43,,,1,101,,40007,43,,,2,99,,40008,43,,,1,100,,40009,43,,,1,100,,40010,43,,,1,99,,40013,43,,,1,100,,40011,43,,,1,57,,40015,43,,,2,101,,40012,43,,,1,100,,40014,43,,,1,100,,40016,43,,,1
5201,'Samedi-10-_26ÉTÉ-0000010-',659,,46534,43,,,2,100,,46535,43,,,1,141,,46536,43,,,2,100,,46537,43,,,1,102,,46539,43,,,1,100,,46538,43,,,1,100,,46540,43,,,2,100,,46541,43,,,1,101,,46542,43,,,2,99,,46543,43,,,1,100,,46544,43,,,1,100,,46545,43,,,1,99,,46548,43,,,1,100,,46546,43,,,1,57,,46550,43,,,2,101,,46547,43,,,1,100,,46549,43,,,1,100,,46551,43,,,1
5201,'Dimanche-0-_26ÉTÉ-0000001-',659,,40017,43,,,2,100,,40018,43,,,1,141,,40019,43,,,2,100,,40020,43,,,1,102,,40025,43,,,1,100,,40021,43,,,1,100,,40022,43,,,2,100,,40026,43,,,1,101,,40023,43,,,2,99,,40024,43,,,1,100,,40027,43,,,1,100,,40030,43,,,1,99,,40028,43,,,1,100,,40034,43,,,1,57,,40029,43,,,2,101,,40031,43,,,1,100,,40032,43,,,1,100,,40033,43,,,1
5201,'Dimanche-10-_26ÉTÉ-0000001-',659,,40035,43,,,2,100,,40036,43,,,1,141,,40037,43,,,2,100,,40038,43,,,1,102,,40043,43,,,1,100,,40039,43,,,1,100,,40040,43,,,2,100,,40044,43,,,1,101,,40041,43,,,2,99,,40042,43,,,1,100,,40045,43,,,1,100,,40048,43,,,1,99,,40046,43,,,1,100,,40052,43,,,1,57,,40047,43,,,2,101,,40049,43,,,1,100,,40050,43,,,1,100,,40051,43,,,1
5201,'Semaine-1-_26ÉTÉ-1111100-',630,,40068,43,,,1,102,,40070,43,,,1,99,,40069,43,,,1,100,,40053,43,,,1,101,,40059,43,,,1,100,,40056,43,,,2,100,,40063,43,,,1,100,,40054,43,,,1,100,,40058,43,,,1,102,,40057,43,,,1,100,,40067,43,,,1,100,,40066,43,,,1,98,,40060,43,,,1,97,,40061,43,,,1,100,,40065,43,,,1,100,,40062,43,,,1,100,,40064,43,,,1,100,,40055,43,,,1
5201,'Semaine-10-_26ÉTÉ-1111100-',630,,40086,43,,,1,102,,40088,43,,,1,99,,40087,43,,,1,100,,40071,43,,,1,101,,40077,43,,,1,100,,40074,43,,,2,100,,40081,43,,,1,100,,40072,43,,,1,100,,40076,43,,,1,102,,40075,43,,,1,100,,40085,43,,,1,100,,40084,43,,,1,98,,40078,43,,,1,97,,40079,43,,,1,100,,40083,43,,,1,100,,40080,43,,,1,100,,40082,43,,,1,100,,40073,43,,,1
5201,'Semaine-11-_26ÉTÉ-1111100-',630,,46567,43,,,1,102,,46569,43,,,1,99,,46568,43,,,1,100,,46552,43,,,1,101,,46558,43,,,1,100,,46555,43,,,2,100,,46562,43,,,1,100,,46553,43,,,1,100,,46557,43,,,1,102,,46556,43,,,1,100,,46566,43,,,1,100,,46565,43,,,1,98,,46559,43,,,1,97,,46560,43,,,1,100,,46564,43,,,1,100,,46561,43,,,1,100,,46563,43,,,1,100,,46554,43,,,1
