9501,'Semaine-1-_26ÉTÉ-1111100-',550,,43729,35,,,1,55,,43725,35,,,1,16,,43727,35,,,1,15,,43732,35,,,2,15,,43728,35,,,2,55,,43730,35,,,2,17,,43731,35,,,1,13,,43726,35,,,2
9501,'Semaine-10-_26ÉTÉ-1111100-',550,,43737,35,,,1,55,,43733,35,,,1,16,,43735,35,,,1,15,,43740,35,,,2,15,,43736,35,,,2,55,,43738,35,,,2,17,,43739,35,,,1,13,,43734,35,,,2
9501,'Semaine-11-_26ÉTÉ-1111100-',550,,48155,35,,,1,55,,48151,35,,,1,16,,48153,35,,,1,15,,48158,35,,,2,15,,48154,35,,,2,55,,48156,35,,,2,17,,48157,35,,,1,13,,48152,35,,,2
9501,'Semaine-12-_26ÉTÉ-1111100-',550,,54331,35,,,1,55,,54327,35,,,1,16,,54329,35,,,1,15,,54334,35,,,2,15,,54330,35,,,2,55,,54332,35,,,2,17,,54333,35,,,1,13,,54328,35,,,2
9501,'Semaine-5-_26ÉTÉ-1111100-',550,,51898,35,,,1,55,,51894,35,,,1,16,,51896,35,,,1,15,,51901,35,,,2,15,,51897,35,,,2,55,,51899,35,,,2,17,,51900,35,,,1,13,,51895,35,,,2
9701,'Samedi-0-_26ÉTÉ-0000010-',745,,43834,39,,,2,100,,43837,39,,,1,101,,43835,39,,,2,100,,43838,39,,,2,99,,43832,39,,,1,100,,43833,39,,,1,101,,43836,39,,,2,100,,43839,39,,,2,100,,43840,39,,,1,100,,43841,39,,,2,100,,43842,39,,,2,100,,43843,39,,,1,100,,43847,39,,,1,100,,43844,39,,,1,99,,43845,39,,,1,100,,43846,39,,,1
9701,'Dimanche-0-_26ÉTÉ-0000001-',745,,43854,39,,,2,100,,43851,39,,,1,101,,43852,39,,,2,100,,43855,39,,,2,99,,43850,39,,,1,100,,43849,39,,,1,101,,43848,39,,,2,100,,43853,39,,,2,100,,43857,39,,,1,100,,43856,39,,,2,100,,43861,39,,,2,100,,43862,39,,,1,100,,43863,39,,,1,100,,43858,39,,,1,99,,43859,39,,,1,100,,43860,39,,,1
9701,'Dimanche-10-_26ÉTÉ-0000001-',745,,43870,39,,,2,100,,43867,39,,,1,101,,43868,39,,,2,100,,43871,39,,,2,99,,43866,39,,,1,100,,43865,39,,,1,101,,43864,39,,,2,100,,43869,39,,,2,100,,43873,39,,,1,100,,43872,39,,,2,100,,43877,39,,,2,100,,43878,39,,,1,100,,43879,39,,,1,100,,43874,39,,,1,99,,43875,39,,,1,100,,43876,39,,,1
9701,'Dimanche-11-_26ÉTÉ-0000001-',745,,49703,39,,,2,100,,49700,39,,,1,101,,49701,39,,,2,100,,49704,39,,,2,99,,49699,39,,,1,100,,49698,39,,,1,101,,49697,39,,,2,100,,49702,39,,,2,100,,49706,39,,,1,100,,49705,39,,,2,100,,49710,39,,,2,100,,49711,39,,,1,100,,49712,39,,,1,100,,49707,39,,,1,99,,49708,39,,,1,100,,49709,39,,,1
9701,'Semaine-1-_26ÉTÉ-1111100-',627,,43894,39,,,1,99,,43887,39,,,2,111,,43896,39,,,1,103,,43885,39,,,2,100,,43882,39,,,1,100,,43895,39,,,2,98,,43890,39,,,2,101,,43886,39,,,1,101,,43892,39,,,2,103,,43880,39,,,1,97,,43883,39,,,1,99,,43891,39,,,1,97,,43893,39,,,2,94,,43884,39,,,2,98,,43888,39,,,1,100,,43881,39,,,2,100,,43889,39,,,1
9701,'Semaine-10-_26ÉTÉ-1111100-',627,,43911,39,,,1,99,,43904,39,,,2,111,,43913,39,,,1,103,,43902,39,,,2,100,,43899,39,,,1,100,,43912,39,,,2,98,,43907,39,,,2,101,,43903,39,,,1,101,,43909,39,,,2,103,,43897,39,,,1,97,,43900,39,,,1,99,,43908,39,,,1,97,,43910,39,,,2,94,,43901,39,,,2,98,,43905,39,,,1,100,,43898,39,,,2,100,,43906,39,,,1
9701,'Semaine-11-_26ÉTÉ-1111100-',627,,48226,39,,,1,99,,48219,39,,,2,111,,48228,39,,,1,103,,48217,39,,,2,100,,48214,39,,,1,100,,48227,39,,,2,98,,48222,39,,,2,101,,48218,39,,,1,101,,48224,39,,,2,103,,48212,39,,,1,97,,48215,39,,,1,99,,48223,39,,,1,97,,48225,39,,,2,94,,48216,39,,,2,98,,48220,39,,,1,100,,48213,39,,,2,100,,48221,39,,,1
9701,'Semaine-12-_26ÉTÉ-1111100-',627,,54369,39,,,1,99,,54362,39,,,2,111,,54371,39,,,1,103,,54360,39,,,2,100,,54357,39,,,1,100,,54370,39,,,2,98,,54365,39,,,2,101,,54361,39,,,1,101,,54367,39,,,2,103,,54355,39,,,1,97,,54358,39,,,1,99,,54366,39,,,1,97,,54368,39,,,2,94,,54359,39,,,2,98,,54363,39,,,1,100,,54356,39,,,2,100,,54364,39,,,1
9701,'Semaine-5-_26ÉTÉ-1111100-',627,,51936,39,,,1,99,,51929,39,,,2,111,,51938,39,,,1,103,,51927,39,,,2,100,,51924,39,,,1,100,,51937,39,,,2,98,,51932,39,,,2,101,,51928,39,,,1,101,,51934,39,,,2,103,,51922,39,,,1,97,,51925,39,,,1,99,,51933,39,,,1,97,,51935,39,,,2,94,,51926,39,,,2,98,,51930,39,,,1,100,,51923,39,,,2,100,,51931,39,,,1
9801,'Semaine-1-_26ÉTÉ-1111100-',523,,43914,35,,,1,10,,43915,35,,,1,10,,43916,35,,,1
9801,'Semaine-10-_26ÉTÉ-1111100-',523,,43917,35,,,1,10,,43918,35,,,1,10,,43919,35,,,1
9801,'Semaine-11-_26ÉTÉ-1111100-',523,,48229,35,,,1,10,,48230,35,,,1,10,,48231,35,,,1
9801,'Semaine-12-_26ÉTÉ-1111100-',523,,54372,35,,,1,10,,54373,35,,,1,10,,54374,35,,,1
9801,'Semaine-5-_26ÉTÉ-1111100-',523,,51939,35,,,1,10,,51940,35,,,1,10,,51941,35,,,1
