7300,'Semaine-1-_26ÉTÉ-1111100-',623,,42757,16,,,1,30,,42755,16,,,2,73,,42758,16,,,2,29,,42765,16,,,1,70,,42759,16,,,1,28,,42760,16,,,2,100,,42762,16,,,1,100,,42746,16,,,1,100,,42743,16,,,1,100,,42744,16,,,2,100,,42745,16,,,2,101,,42747,16,,,2,69,,42748,16,,,1,30,,42766,16,,,1,76,,42763,16,,,2,24,,42764,16,,,2,70,,42761,16,,,1,30,,42749,16,,,1,70,,42750,16,,,1,28,,42751,16,,,1,100,,42752,16,,,1,105,,42753,16,,,2,100,,42754,16,,,1,100,,42756,16,,,2
7300,'Semaine-10-_26ÉTÉ-1111100-',623,,42781,16,,,1,30,,42779,16,,,2,73,,42782,16,,,2,29,,42789,16,,,1,70,,42783,16,,,1,28,,42784,16,,,2,100,,42786,16,,,1,100,,42770,16,,,1,100,,42767,16,,,1,100,,42768,16,,,2,100,,42769,16,,,2,101,,42771,16,,,2,69,,42772,16,,,1,30,,42790,16,,,1,76,,42787,16,,,2,24,,42788,16,,,2,70,,42785,16,,,1,30,,42773,16,,,1,70,,42774,16,,,1,28,,42775,16,,,1,100,,42776,16,,,1,105,,42777,16,,,2,100,,42778,16,,,1,100,,42780,16,,,2
7300,'Semaine-11-_26ÉTÉ-1111100-',623,,47724,16,,,1,30,,47722,16,,,2,73,,47725,16,,,2,29,,47732,16,,,1,70,,47726,16,,,1,28,,47727,16,,,2,100,,47729,16,,,1,100,,47713,16,,,1,100,,47710,16,,,1,100,,47711,16,,,2,100,,47712,16,,,2,101,,47714,16,,,2,69,,47715,16,,,1,30,,47733,16,,,1,76,,47730,16,,,2,24,,47731,16,,,2,70,,47728,16,,,1,30,,47716,16,,,1,70,,47717,16,,,1,28,,47718,16,,,1,100,,47719,16,,,1,105,,47720,16,,,2,100,,47721,16,,,1,100,,47723,16,,,2
7300,'Semaine-12-_26ÉTÉ-1111100-',623,,54000,16,,,1,30,,53998,16,,,2,73,,54001,16,,,2,29,,54008,16,,,1,70,,54002,16,,,1,28,,54003,16,,,2,100,,54005,16,,,1,100,,53989,16,,,1,100,,53986,16,,,1,100,,53987,16,,,2,100,,53988,16,,,2,101,,53990,16,,,2,69,,53991,16,,,1,30,,54009,16,,,1,76,,54006,16,,,2,24,,54007,16,,,2,70,,54004,16,,,1,30,,53992,16,,,1,70,,53993,16,,,1,28,,53994,16,,,1,100,,53995,16,,,1,105,,53996,16,,,2,100,,53997,16,,,1,100,,53999,16,,,2
7300,'Semaine-5-_26ÉTÉ-1111100-',623,,51567,16,,,1,30,,51565,16,,,2,73,,51568,16,,,2,29,,51575,16,,,1,70,,51569,16,,,1,28,,51570,16,,,2,100,,51572,16,,,1,100,,51556,16,,,1,100,,51553,16,,,1,100,,51554,16,,,2,100,,51555,16,,,2,101,,51557,16,,,2,69,,51558,16,,,1,30,,51576,16,,,1,76,,51573,16,,,2,24,,51574,16,,,2,70,,51571,16,,,1,30,,51559,16,,,1,70,,51560,16,,,1,28,,51561,16,,,1,100,,51562,16,,,1,105,,51563,16,,,2,100,,51564,16,,,1,100,,51566,16,,,2
7901,'Semaine-1-_26ÉTÉ-1111100-',538,,43579,1,,,1,100,,43583,1,,,1,70,,43581,1,,,1,30,,43582,1,,,1,70,,43580,1,,,2,30,,43584,1,,,1
7901,'Semaine-10-_26ÉTÉ-1111100-',538,,43585,1,,,1,100,,43589,1,,,1,70,,43587,1,,,1,30,,43588,1,,,1,70,,43586,1,,,2,30,,43590,1,,,1
7901,'Semaine-11-_26ÉTÉ-1111100-',538,,48078,1,,,1,100,,48082,1,,,1,70,,48080,1,,,1,30,,48081,1,,,1,70,,48079,1,,,2,30,,48083,1,,,1
7901,'Semaine-12-_26ÉTÉ-1111100-',538,,54254,1,,,1,100,,54258,1,,,1,70,,54256,1,,,1,30,,54257,1,,,1,70,,54255,1,,,2,30,,54259,1,,,1
7901,'Semaine-5-_26ÉTÉ-1111100-',538,,51821,1,,,1,100,,51825,1,,,1,70,,51823,1,,,1,30,,51824,1,,,1,70,,51822,1,,,2,30,,51826,1,,,1
