4001,'Semaine-1-_26ÉTÉ-1111100-',608,,39588,18,,,2,31,,39587,18,,,2,70,,39590,18,,,2,32,,39586,18,,,1,69,,39585,18,,,2,28,,39589,18,,,2
4001,'Semaine-10-_26ÉTÉ-1111100-',608,,39594,18,,,2,31,,39593,18,,,2,70,,39596,18,,,2,32,,39592,18,,,1,69,,39591,18,,,2,28,,39595,18,,,2
4001,'Semaine-11-_26ÉTÉ-1111100-',608,,46356,18,,,2,31,,46355,18,,,2,70,,46358,18,,,2,32,,46354,18,,,1,69,,46353,18,,,2,28,,46357,18,,,2
4001,'Semaine-5-_26ÉTÉ-1111100-',608,,50640,18,,,2,31,,50639,18,,,2,70,,50642,18,,,2,32,,50638,18,,,1,69,,50637,18,,,2,28,,50641,18,,,2
5201,'Samedi-0-_26ÉTÉ-0000010-',644,,39999,19,,,2,100,,40000,19,,,1,99,,40001,19,,,2,100,,40002,19,,,1,101,,40004,19,,,1,100,,40003,19,,,1,100,,40005,19,,,2,100,,40006,19,,,1,101,,40007,19,,,2,99,,40008,19,,,1,100,,40009,19,,,1,100,,40010,19,,,1,99,,40013,19,,,1,100,,40011,19,,,1,99,,40015,19,,,2,100,,40012,19,,,1,100,,40014,19,,,1,100,,40016,19,,,1
5201,'Dimanche-0-_26ÉTÉ-0000001-',644,,40017,19,,,2,100,,40018,19,,,1,99,,40019,19,,,2,100,,40020,19,,,1,101,,40025,19,,,1,100,,40021,19,,,1,100,,40022,19,,,2,100,,40026,19,,,1,101,,40023,19,,,2,99,,40024,19,,,1,100,,40027,19,,,1,100,,40030,19,,,1,99,,40028,19,,,1,100,,40034,19,,,1,99,,40029,19,,,2,100,,40031,19,,,1,100,,40032,19,,,1,100,,40033,19,,,1
5201,'Dimanche-10-_26ÉTÉ-0000001-',644,,40035,19,,,2,100,,40036,19,,,1,99,,40037,19,,,2,100,,40038,19,,,1,101,,40043,19,,,1,100,,40039,19,,,1,100,,40040,19,,,2,100,,40044,19,,,1,101,,40041,19,,,2,99,,40042,19,,,1,100,,40045,19,,,1,100,,40048,19,,,1,99,,40046,19,,,1,100,,40052,19,,,1,99,,40047,19,,,2,100,,40049,19,,,1,100,,40050,19,,,1,100,,40051,19,,,1
5201,'Dimanche-11-_26ÉTÉ-0000001-',644,,49188,19,,,2,100,,49189,19,,,1,99,,49190,19,,,2,100,,49191,19,,,1,101,,49196,19,,,1,100,,49192,19,,,1,100,,49193,19,,,2,100,,49197,19,,,1,101,,49194,19,,,2,99,,49195,19,,,1,100,,49198,19,,,1,100,,49201,19,,,1,99,,49199,19,,,1,100,,49205,19,,,1,99,,49200,19,,,2,100,,49202,19,,,1,100,,49203,19,,,1,100,,49204,19,,,1
5201,'Semaine-1-_26ÉTÉ-1111100-',615,,40068,19,,,1,100,,40070,19,,,1,100,,40069,19,,,1,100,,40053,19,,,1,100,,40059,19,,,1,100,,40056,19,,,2,100,,40063,19,,,1,100,,40054,19,,,1,99,,40058,19,,,1,102,,40057,19,,,1,100,,40067,19,,,1,100,,40066,19,,,1,99,,40060,19,,,1,98,,40061,19,,,1,100,,40065,19,,,1,100,,40062,19,,,1,100,,40064,19,,,1,100,,40055,19,,,1
5201,'Semaine-10-_26ÉTÉ-1111100-',615,,40086,19,,,1,100,,40088,19,,,1,100,,40087,19,,,1,100,,40071,19,,,1,100,,40077,19,,,1,100,,40074,19,,,2,100,,40081,19,,,1,100,,40072,19,,,1,99,,40076,19,,,1,102,,40075,19,,,1,100,,40085,19,,,1,100,,40084,19,,,1,99,,40078,19,,,1,98,,40079,19,,,1,100,,40083,19,,,1,100,,40080,19,,,1,100,,40082,19,,,1,100,,40073,19,,,1
5201,'Semaine-11-_26ÉTÉ-1111100-',615,,46567,19,,,1,100,,46569,19,,,1,100,,46568,19,,,1,100,,46552,19,,,1,100,,46558,19,,,1,100,,46555,19,,,2,100,,46562,19,,,1,100,,46553,19,,,1,99,,46557,19,,,1,102,,46556,19,,,1,100,,46566,19,,,1,100,,46565,19,,,1,99,,46559,19,,,1,98,,46560,19,,,1,100,,46564,19,,,1,100,,46561,19,,,1,100,,46563,19,,,1,100,,46554,19,,,1
5201,'Semaine-5-_26ÉTÉ-1111100-',615,,50783,19,,,1,100,,50785,19,,,1,100,,50784,19,,,1,100,,50768,19,,,1,100,,50774,19,,,1,100,,50771,19,,,2,100,,50778,19,,,1,100,,50769,19,,,1,99,,50773,19,,,1,102,,50772,19,,,1,100,,50782,19,,,1,100,,50781,19,,,1,99,,50775,19,,,1,98,,50776,19,,,1,100,,50780,19,,,1,100,,50777,19,,,1,100,,50779,19,,,1,100,,50770,19,,,1
