6700,'Samedi-0-_26ÉTÉ-0000010-',733,,41794,38,,,2,102,,41793,38,,,1,100,,41792,38,,,1,71,,41788,38,,,1,30,,41796,38,,,1,70,,41789,38,,,1,30,,41790,38,,,1,71,,41795,38,,,1,30,,41800,38,,,1,70,,41791,38,,,1,30,,41799,38,,,1,70,,41797,38,,,1,30,,41798,38,,,1,72,,41801,38,,,2,30,,41802,38,,,2,70,,41803,38,,,1,30,,41804,38,,,1,69,,41805,38,,,2,30,,41806,38,,,2,69,,41807,38,,,1,30,,41808,38,,,1,70,,41809,38,,,2,28,,41810,38,,,1,70,,41811,38,,,1,100,,41815,38,,,2,100,,41812,38,,,2,99,,41813,38,,,1,100,,41814,38,,,1
6700,'Samedi-10-_26ÉTÉ-0000010-',733,,47304,38,,,2,102,,47303,38,,,1,100,,47302,38,,,1,71,,47298,38,,,1,30,,47306,38,,,1,70,,47299,38,,,1,30,,47300,38,,,1,71,,47305,38,,,1,30,,47310,38,,,1,70,,47301,38,,,1,30,,47309,38,,,1,70,,47307,38,,,1,30,,47308,38,,,1,72,,47311,38,,,2,30,,47312,38,,,2,70,,47313,38,,,1,30,,47314,38,,,1,69,,47315,38,,,2,30,,47316,38,,,2,69,,47317,38,,,1,30,,47318,38,,,1,70,,47319,38,,,2,28,,47320,38,,,1,70,,47321,38,,,1,100,,47325,38,,,2,100,,47322,38,,,2,99,,47323,38,,,1,100,,47324,38,,,1
6700,'Dimanche-0-_26ÉTÉ-0000001-',733,,41822,38,,,2,102,,41816,38,,,1,100,,41819,38,,,1,71,,41821,38,,,1,30,,41827,38,,,1,70,,41824,38,,,1,30,,41830,38,,,1,71,,41832,38,,,1,30,,41826,38,,,1,70,,41828,38,,,1,30,,41817,38,,,1,70,,41818,38,,,1,30,,41820,38,,,1,72,,41823,38,,,2,30,,41829,38,,,2,70,,41825,38,,,1,30,,41831,38,,,1,69,,41840,38,,,2,30,,41839,38,,,2,69,,41835,38,,,1,30,,41833,38,,,1,70,,41843,38,,,2,28,,41834,38,,,1,70,,41841,38,,,1,100,,41838,38,,,2,100,,41837,38,,,2,99,,41836,38,,,1,100,,41842,38,,,1
6700,'Dimanche-10-_26ÉTÉ-0000001-',733,,41850,38,,,2,102,,41844,38,,,1,100,,41847,38,,,1,71,,41849,38,,,1,30,,41855,38,,,1,70,,41852,38,,,1,30,,41858,38,,,1,71,,41860,38,,,1,30,,41854,38,,,1,70,,41856,38,,,1,30,,41845,38,,,1,70,,41846,38,,,1,30,,41848,38,,,1,72,,41851,38,,,2,30,,41857,38,,,2,70,,41853,38,,,1,30,,41859,38,,,1,69,,41868,38,,,2,30,,41867,38,,,2,69,,41863,38,,,1,30,,41861,38,,,1,70,,41871,38,,,2,28,,41862,38,,,1,70,,41869,38,,,1,100,,41866,38,,,2,100,,41865,38,,,2,99,,41864,38,,,1,100,,41870,38,,,1
6700,'Semaine-1-_26ÉTÉ-1111100-',635,,41880,38,,,1,71,,41874,38,,,1,30,,41882,38,,,1,21,,41891,38,,,1,60,,41875,38,,,2,17,,41900,38,,,1,70,,41885,38,,,1,30,,41893,38,,,1,20,,41883,38,,,2,59,,41903,38,,,2,20,,41901,38,,,1,21,,41888,38,,,2,60,,41904,38,,,2,20,,41894,38,,,1,20,,41897,38,,,2,61,,41905,38,,,1,20,,41902,38,,,1,20,,41889,38,,,1,60,,41906,38,,,1,20,,41895,38,,,1,20,,41898,38,,,2,60,,41907,38,,,1,22,,41887,38,,,1,20,,41890,38,,,2,57,,41908,38,,,1,330,,41910,38,,,1,15,,41884,38,,,2,56,,41909,38,,,1,19,,41892,38,,,1,70,,41872,38,,,1,30,,41896,38,,,2,70,,41876,38,,,1,30,,41899,38,,,1,71,,41873,38,,,1,28,,41881,38,,,2,70,,41877,38,,,1,27,,41886,38,,,2,29,,41879,38,,,2,69,,41878,38,,,1
6700,'Semaine-10-_26ÉTÉ-1111100-',635,,41919,38,,,1,71,,41913,38,,,1,30,,41921,38,,,1,21,,41930,38,,,1,60,,41914,38,,,2,17,,41939,38,,,1,70,,41924,38,,,1,30,,41932,38,,,1,20,,41922,38,,,2,59,,41942,38,,,2,20,,41940,38,,,1,21,,41927,38,,,2,60,,41943,38,,,2,20,,41933,38,,,1,20,,41936,38,,,2,61,,41944,38,,,1,20,,41941,38,,,1,20,,41928,38,,,1,60,,41945,38,,,1,20,,41934,38,,,1,20,,41937,38,,,2,60,,41946,38,,,2,22,,41926,38,,,1,20,,41929,38,,,2,57,,41947,38,,,1,330,,41949,38,,,1,15,,41923,38,,,2,56,,41948,38,,,1,19,,41931,38,,,1,70,,41911,38,,,1,30,,41935,38,,,2,70,,41915,38,,,1,30,,41938,38,,,1,71,,41912,38,,,1,28,,41920,38,,,2,70,,41916,38,,,1,27,,41925,38,,,2,29,,41918,38,,,2,69,,41917,38,,,1
6700,'Semaine-11-_26ÉTÉ-1111100-',635,,47334,38,,,1,71,,47328,38,,,1,30,,47336,38,,,1,21,,47345,38,,,1,60,,47329,38,,,2,17,,47354,38,,,1,70,,47339,38,,,1,30,,47347,38,,,1,20,,47337,38,,,2,59,,47357,38,,,2,20,,47355,38,,,1,21,,47342,38,,,2,60,,47358,38,,,2,20,,47348,38,,,1,20,,47351,38,,,2,61,,47359,38,,,1,20,,47356,38,,,1,20,,47343,38,,,1,60,,47360,38,,,1,20,,47349,38,,,1,20,,47352,38,,,2,60,,47361,38,,,1,22,,47341,38,,,1,20,,47344,38,,,2,57,,47362,38,,,1,330,,47364,38,,,1,15,,47338,38,,,2,56,,47363,38,,,1,19,,47346,38,,,1,70,,47326,38,,,1,30,,47350,38,,,2,70,,47330,38,,,1,30,,47353,38,,,1,71,,47327,38,,,1,28,,47335,38,,,2,70,,47331,38,,,1,27,,47340,38,,,2,29,,47333,38,,,2,69,,47332,38,,,1
8700,'Semaine-1-_26ÉTÉ-1111100-',1530,,43642,36,,,2,21,,43641,36,,,1,60,,43634,36,,,1,14,,43636,36,,,1,14,,43633,36,,,1,17,,43643,36,,,1,57,,43639,36,,,1,14,,43640,36,,,2,18,,43635,36,,,1,58,,43638,36,,,1,16,,43637,36,,,2
8700,'Semaine-10-_26ÉTÉ-1111100-',1530,,43653,36,,,2,21,,43652,36,,,1,60,,43645,36,,,1,14,,43647,36,,,1,14,,43644,36,,,1,17,,43654,36,,,1,57,,43650,36,,,1,14,,43651,36,,,2,18,,43646,36,,,1,58,,43649,36,,,1,16,,43648,36,,,2
8700,'Semaine-11-_26ÉTÉ-1111100-',1530,,48114,36,,,2,21,,48113,36,,,1,60,,48106,36,,,1,14,,48108,36,,,1,14,,48105,36,,,1,17,,48115,36,,,1,57,,48111,36,,,1,14,,48112,36,,,2,18,,48107,36,,,1,58,,48110,36,,,1,16,,48109,36,,,2
