6700,'Samedi-0-_26ÉTÉ-0000010-',734,,41794,39,,,2,102,,41793,39,,,1,100,,41792,39,,,1,71,,41788,39,,,1,30,,41796,39,,,1,70,,41789,39,,,1,30,,41790,39,,,1,71,,41795,39,,,1,30,,41800,39,,,1,70,,41791,39,,,1,30,,41799,39,,,1,70,,41797,39,,,1,30,,41798,39,,,1,72,,41801,39,,,2,30,,41802,39,,,2,70,,41803,39,,,1,30,,41804,39,,,1,69,,41805,39,,,2,30,,41806,39,,,2,69,,41807,39,,,1,30,,41808,39,,,1,70,,41809,39,,,2,28,,41810,39,,,1,70,,41811,39,,,1,100,,41815,39,,,2,100,,41812,39,,,2,99,,41813,39,,,1,100,,41814,39,,,1
6700,'Dimanche-0-_26ÉTÉ-0000001-',734,,41822,39,,,2,102,,41816,39,,,1,100,,41819,39,,,1,71,,41821,39,,,1,30,,41827,39,,,1,70,,41824,39,,,1,30,,41830,39,,,1,71,,41832,39,,,1,30,,41826,39,,,1,70,,41828,39,,,1,30,,41817,39,,,1,70,,41818,39,,,1,30,,41820,39,,,1,72,,41823,39,,,2,30,,41829,39,,,2,70,,41825,39,,,1,30,,41831,39,,,1,69,,41840,39,,,2,30,,41839,39,,,2,69,,41835,39,,,1,30,,41833,39,,,1,70,,41843,39,,,2,28,,41834,39,,,1,70,,41841,39,,,1,100,,41838,39,,,2,100,,41837,39,,,2,99,,41836,39,,,1,100,,41842,39,,,1
6700,'Dimanche-10-_26ÉTÉ-0000001-',734,,41850,39,,,2,102,,41844,39,,,1,100,,41847,39,,,1,71,,41849,39,,,1,30,,41855,39,,,1,70,,41852,39,,,1,30,,41858,39,,,1,71,,41860,39,,,1,30,,41854,39,,,1,70,,41856,39,,,1,30,,41845,39,,,1,70,,41846,39,,,1,30,,41848,39,,,1,72,,41851,39,,,2,30,,41857,39,,,2,70,,41853,39,,,1,30,,41859,39,,,1,69,,41868,39,,,2,30,,41867,39,,,2,69,,41863,39,,,1,30,,41861,39,,,1,70,,41871,39,,,2,28,,41862,39,,,1,70,,41869,39,,,1,100,,41866,39,,,2,100,,41865,39,,,2,99,,41864,39,,,1,100,,41870,39,,,1
6700,'Dimanche-11-_26ÉTÉ-0000001-',734,,49455,39,,,2,102,,49449,39,,,1,100,,49452,39,,,1,71,,49454,39,,,1,30,,49460,39,,,1,70,,49457,39,,,1,30,,49463,39,,,1,71,,49465,39,,,1,30,,49459,39,,,1,70,,49461,39,,,1,30,,49450,39,,,1,70,,49451,39,,,1,30,,49453,39,,,1,72,,49456,39,,,2,30,,49462,39,,,2,70,,49458,39,,,1,30,,49464,39,,,1,69,,49473,39,,,2,30,,49472,39,,,2,69,,49468,39,,,1,30,,49466,39,,,1,70,,49476,39,,,2,28,,49467,39,,,1,70,,49474,39,,,1,100,,49471,39,,,2,100,,49470,39,,,2,99,,49469,39,,,1,100,,49475,39,,,1
6700,'Semaine-1-_26ÉTÉ-1111100-',636,,41880,39,,,1,71,,41874,39,,,1,30,,41882,39,,,1,21,,41891,39,,,1,60,,41875,39,,,2,17,,41900,39,,,1,70,,41885,39,,,1,30,,41893,39,,,1,20,,41883,39,,,2,59,,41903,39,,,2,20,,41901,39,,,1,21,,41888,39,,,2,60,,41904,39,,,2,20,,41894,39,,,1,20,,41897,39,,,2,61,,41905,39,,,1,20,,41902,39,,,1,20,,41889,39,,,1,60,,41906,39,,,1,20,,41895,39,,,1,20,,41898,39,,,2,60,,41907,39,,,1,22,,41887,39,,,1,20,,41890,39,,,2,57,,41908,39,,,1,330,,41910,39,,,1,55,,41884,39,,,2,16,,41909,39,,,1,19,,41892,39,,,1,70,,41872,39,,,1,30,,41896,39,,,2,70,,41876,39,,,1,30,,41899,39,,,1,71,,41873,39,,,1,28,,41881,39,,,2,70,,41877,39,,,1,27,,41886,39,,,2,28,,41879,39,,,2,69,,41878,39,,,1
6700,'Semaine-10-_26ÉTÉ-1111100-',636,,41919,39,,,1,71,,41913,39,,,1,30,,41921,39,,,1,21,,41930,39,,,1,60,,41914,39,,,2,17,,41939,39,,,1,70,,41924,39,,,1,30,,41932,39,,,1,20,,41922,39,,,2,59,,41942,39,,,2,20,,41940,39,,,1,21,,41927,39,,,2,60,,41943,39,,,2,20,,41933,39,,,1,20,,41936,39,,,2,61,,41944,39,,,1,20,,41941,39,,,1,20,,41928,39,,,1,60,,41945,39,,,1,20,,41934,39,,,1,20,,41937,39,,,2,60,,41946,39,,,2,22,,41926,39,,,1,20,,41929,39,,,2,57,,41947,39,,,1,330,,41949,39,,,1,55,,41923,39,,,2,16,,41948,39,,,1,19,,41931,39,,,1,70,,41911,39,,,1,30,,41935,39,,,2,70,,41915,39,,,1,30,,41938,39,,,1,71,,41912,39,,,1,28,,41920,39,,,2,70,,41916,39,,,1,27,,41925,39,,,2,28,,41918,39,,,2,69,,41917,39,,,1
6700,'Semaine-11-_26ÉTÉ-1111100-',636,,47334,39,,,1,71,,47328,39,,,1,30,,47336,39,,,1,21,,47345,39,,,1,60,,47329,39,,,2,17,,47354,39,,,1,70,,47339,39,,,1,30,,47347,39,,,1,20,,47337,39,,,2,59,,47357,39,,,2,20,,47355,39,,,1,21,,47342,39,,,2,60,,47358,39,,,2,20,,47348,39,,,1,20,,47351,39,,,2,61,,47359,39,,,1,20,,47356,39,,,1,20,,47343,39,,,1,60,,47360,39,,,1,20,,47349,39,,,1,20,,47352,39,,,2,60,,47361,39,,,1,22,,47341,39,,,1,20,,47344,39,,,2,57,,47362,39,,,1,330,,47364,39,,,1,55,,47338,39,,,2,16,,47363,39,,,1,19,,47346,39,,,1,70,,47326,39,,,1,30,,47350,39,,,2,70,,47330,39,,,1,30,,47353,39,,,1,71,,47327,39,,,1,28,,47335,39,,,2,70,,47331,39,,,1,27,,47340,39,,,2,28,,47333,39,,,2,69,,47332,39,,,1
6700,'Semaine-12-_26ÉTÉ-1111100-',636,,53713,39,,,1,71,,53707,39,,,1,30,,53715,39,,,1,21,,53724,39,,,1,60,,53708,39,,,2,17,,53733,39,,,1,70,,53718,39,,,1,30,,53726,39,,,1,20,,53716,39,,,2,59,,53736,39,,,2,20,,53734,39,,,1,21,,53721,39,,,2,60,,53737,39,,,2,20,,53727,39,,,1,20,,53730,39,,,2,61,,53738,39,,,1,20,,53735,39,,,1,20,,53722,39,,,1,60,,53739,39,,,1,20,,53728,39,,,1,20,,53731,39,,,2,60,,53740,39,,,1,22,,53720,39,,,1,20,,53723,39,,,2,57,,53741,39,,,1,330,,53743,39,,,1,55,,53717,39,,,2,16,,53742,39,,,1,19,,53725,39,,,1,70,,53705,39,,,1,30,,53729,39,,,2,70,,53709,39,,,1,30,,53732,39,,,1,71,,53706,39,,,1,28,,53714,39,,,2,70,,53710,39,,,1,27,,53719,39,,,2,28,,53712,39,,,2,69,,53711,39,,,1
6700,'Semaine-5-_26ÉTÉ-1111100-',636,,51280,39,,,1,71,,51274,39,,,1,30,,51282,39,,,1,21,,51291,39,,,1,60,,51275,39,,,2,17,,51300,39,,,1,70,,51285,39,,,1,30,,51293,39,,,1,20,,51283,39,,,2,59,,51303,39,,,2,20,,51301,39,,,1,21,,51288,39,,,2,60,,51304,39,,,2,20,,51294,39,,,1,20,,51297,39,,,2,61,,51305,39,,,1,20,,51302,39,,,1,20,,51289,39,,,1,60,,51306,39,,,1,20,,51295,39,,,1,20,,51298,39,,,2,60,,51307,39,,,1,22,,51287,39,,,1,20,,51290,39,,,2,57,,51308,39,,,1,330,,51310,39,,,1,55,,51284,39,,,2,16,,51309,39,,,1,19,,51292,39,,,1,70,,51272,39,,,1,30,,51296,39,,,2,70,,51276,39,,,1,30,,51299,39,,,1,71,,51273,39,,,1,28,,51281,39,,,2,70,,51277,39,,,1,27,,51286,39,,,2,28,,51279,39,,,2,69,,51278,39,,,1
8700,'Semaine-1-_26ÉTÉ-1111100-',1531,,43642,37,,,2,21,,43641,37,,,1,60,,43634,37,,,1,14,,43636,37,,,1,14,,43633,37,,,1,17,,43643,37,,,1,57,,43639,37,,,1,14,,43640,37,,,2,18,,43635,37,,,1,58,,43638,37,,,1,16,,43637,37,,,2
8700,'Semaine-10-_26ÉTÉ-1111100-',1531,,43653,37,,,2,21,,43652,37,,,1,60,,43645,37,,,1,14,,43647,37,,,1,14,,43644,37,,,1,17,,43654,37,,,1,57,,43650,37,,,1,14,,43651,37,,,2,18,,43646,37,,,1,58,,43649,37,,,1,16,,43648,37,,,2
8700,'Semaine-11-_26ÉTÉ-1111100-',1531,,48114,37,,,2,21,,48113,37,,,1,60,,48106,37,,,1,14,,48108,37,,,1,14,,48105,37,,,1,17,,48115,37,,,1,57,,48111,37,,,1,14,,48112,37,,,2,18,,48107,37,,,1,58,,48110,37,,,1,16,,48109,37,,,2
8700,'Semaine-12-_26ÉTÉ-1111100-',1531,,54290,37,,,2,21,,54289,37,,,1,60,,54282,37,,,1,14,,54284,37,,,1,14,,54281,37,,,1,17,,54291,37,,,1,57,,54287,37,,,1,14,,54288,37,,,2,18,,54283,37,,,1,58,,54286,37,,,1,16,,54285,37,,,2
8700,'Semaine-5-_26ÉTÉ-1111100-',1531,,51857,37,,,2,21,,51856,37,,,1,60,,51849,37,,,1,14,,51851,37,,,1,14,,51848,37,,,1,17,,51858,37,,,1,57,,51854,37,,,1,14,,51855,37,,,2,18,,51850,37,,,1,58,,51853,37,,,1,16,,51852,37,,,2
