3301,'Samedi-3',724,,33029,32,,,1,100,,33030,32,,,1,100,,33027,32,,,1,100,,33033,32,,,1,100,,33034,32,,,1,101,,33028,32,,,1,100,,33031,32,,,1,100,,33032,32,,,1,102,,33035,32,,,1,97,,33036,32,,,1,100,,33037,32,,,1,98,,33044,32,,,1,100,,33038,32,,,1,100,,33039,32,,,1,100,,33040,32,,,1,100,,33041,32,,,1,100,,33042,32,,,1,100,,33043,32,,,1
3301,'Dimanche-3',724,,33049,32,,,1,100,,33050,32,,,1,100,,33051,32,,,1,100,,33045,32,,,1,100,,33046,32,,,1,101,,33047,32,,,1,100,,33048,32,,,1,100,,33053,32,,,1,102,,33054,32,,,1,97,,33052,32,,,1,100,,33055,32,,,1,98,,33058,32,,,1,100,,33062,32,,,1,100,,33056,32,,,1,100,,33057,32,,,1,100,,33060,32,,,1,100,,33059,32,,,1,100,,33061,32,,,1
3301,'Semaine-4',612,,33086,32,,,1,22,,33094,32,,,2,24,,33071,32,,,1,57,,33091,32,,,1,15,,33087,32,,,1,5,,33082,32,,,1,9,,33102,32,,,1,14,,33100,32,,,1,56,,33089,32,,,1,15,,33077,32,,,1,10,,33093,32,,,2,16,,33067,32,,,1,70,,33079,32,,,2,28,,33085,32,,,1,71,,33075,32,,,1,28,,33096,32,,,1,71,,33080,32,,,1,29,,33072,32,,,1,72,,33074,32,,,1,20,,33092,32,,,1,6,,33101,32,,,1,68,,33083,32,,,1,28,,33073,32,,,1,71,,33078,32,,,1,34,,33081,33,,,1,52,,33103,33,,,2,17,,33084,33,,,1,19,,33076,33,,,2,13,,33088,33,,,1,73,,33069,33,,,1,24,,33099,33,,,2,65,,33066,33,,,2,30,,33063,33,,,2,68,,33097,32,,,1,43,,33070,32,,,2,69,,33065,32,,,2,97,,33068,32,,,1,81,,33090,32,,,2,105,,33095,32,,,1,98,,33064,32,,,2,124,,33098,32,,,1
3601,'Semaine-4',900,,33377,32,,,1,50,,33375,32,,,1,100,,33378,32,,,1,100,,33376,32,,,1,100,,33381,32,,,1,100,,33380,32,,,1,100,,33379,32,,,1
3701,'Samedi-3',659,,33448,24,,,1,100,,33453,24,,,1,100,,33447,24,,,1,100,,33452,24,,,1,141,,33449,24,,,1,59,,33450,24,,,1,100,,33454,24,,,1,141,,33451,24,,,1,100,,33455,24,,,1,100,,33456,24,,,1,100,,33457,24,,,1,58,,33458,24,,,1,100,,33459,24,,,1,142,,33460,24,,,1,58,,33461,24,,,1,98,,33462,24,,,1,100,,33463,24,,,1
3701,'Dimanche-3',659,,33464,24,,,1,100,,33468,24,,,1,100,,33469,24,,,1,100,,33471,24,,,1,141,,33470,24,,,1,59,,33466,24,,,1,100,,33465,24,,,1,141,,33467,24,,,1,100,,33472,24,,,1,100,,33476,24,,,1,100,,33479,24,,,1,58,,33473,24,,,1,100,,33474,24,,,1,142,,33480,24,,,1,58,,33478,24,,,1,98,,33475,24,,,1,100,,33477,24,,,1
3701,'Semaine-4',525,,33494,24,,,1,30,,33492,24,,,1,75,,33496,24,,,1,26,,33486,24,,,1,74,,33503,24,,,1,20,,33483,24,,,1,52,,33504,24,,,1,26,,33485,24,,,1,102,,33502,24,,,1,98,,33490,24,,,1,102,,33484,24,,,1,100,,33482,24,,,1,100,,33487,24,,,1,100,,33498,24,,,1,99,,33481,24,,,1,71,,33497,24,,,1,30,,33500,24,,,1,70,,33495,24,,,1,30,,33501,24,,,1,70,,33505,24,,,1,45,,33489,24,,,1,100,,33499,24,,,1,100,,33491,24,,,1,100,,33488,24,,,1,98,,33493,24,,,1
3801,'Samedi-3',714,,33618,13,,,1,30,,33614,13,,,1,70,,33626,13,,,1,31,,33619,13,,,1,69,,33615,13,,,1,31,,33627,13,,,1,68,,33620,13,,,1,33,,33624,13,,,1,66,,33616,13,,,1,34,,33621,13,,,1,70,,33625,13,,,1,30,,33617,13,,,1,69,,33622,13,,,1,32,,33623,13,,,1,68,,33628,13,,,1,32,,33629,13,,,1,67,,33630,13,,,1,32,,33631,13,,,1,69,,33632,13,,,1,31,,33633,13,,,1,69,,33634,13,,,1,30,,33635,13,,,1,67,,33636,13,,,1,32,,33638,13,,,1,69,,33637,13,,,1,31,,33640,13,,,1,69,,33639,13,,,1,31,,33641,13,,,1,70,,33642,13,,,1,30,,33646,13,,,1,70,,33643,13,,,1,30,,33644,13,,,1,71,,33645,13,,,1
3801,'Dimanche-3',714,,33654,13,,,1,30,,33650,13,,,1,70,,33661,13,,,1,31,,33653,13,,,1,69,,33647,13,,,1,31,,33662,13,,,1,68,,33656,13,,,1,33,,33648,13,,,1,66,,33660,13,,,1,34,,33655,13,,,1,70,,33649,13,,,1,30,,33651,13,,,1,69,,33652,13,,,1,32,,33658,13,,,1,68,,33664,13,,,1,32,,33665,13,,,1,67,,33659,13,,,1,32,,33663,13,,,1,69,,33669,13,,,1,31,,33674,13,,,1,69,,33675,13,,,1,30,,33670,13,,,1,67,,33657,13,,,1,32,,33672,13,,,1,69,,33667,13,,,1,31,,33668,13,,,1,69,,33671,13,,,1,31,,33673,13,,,1,70,,33677,13,,,1,30,,33676,13,,,1,70,,33666,13,,,1,30,,33678,13,,,1,71,,33679,13,,,1
3801,'Semaine-4',620,,33708,13,,,1,30,,33680,13,,,1,70,,33707,13,,,1,15,,33718,13,,,1,21,,33714,13,,,1,67,,33696,13,,,1,27,,33716,13,,,1,70,,33703,13,,,1,20,,33686,13,,,1,60,,33712,13,,,1,20,,33697,13,,,1,20,,33689,13,,,1,60,,33704,13,,,1,20,,33687,13,,,1,20,,33711,13,,,1,60,,33717,13,,,1,20,,33690,13,,,1,20,,33719,13,,,1,62,,33705,13,,,1,18,,33710,13,,,1,20,,33698,13,,,1,60,,33691,13,,,1,20,,33706,13,,,1,20,,33720,13,,,1,60,,33693,13,,,1,20,,33699,13,,,1,30,,33713,13,,,1,71,,33688,13,,,1,29,,33695,13,,,1,70,,33685,13,,,1,31,,33721,13,,,1,57,,33682,13,,,1,22,,33715,13,,,1,70,,33684,13,,,1,30,,33694,13,,,1,70,,33702,13,,,1,30,,33709,13,,,1,70,,33692,13,,,1,30,,33700,13,,,1,70,,33701,13,,,1,30,,33681,13,,,1,85,,33683,13,,,1
32901,'Semaine-4',1629,,36466,18,0,7 8,1
37101,'Samedi-3',731,,36531,25,,,1,99,,36530,25,,,1,103,,36534,25,,,1,100,,36533,25,,,1,99,,36535,25,,,1,101,,36532,25,,,1,101,,36536,25,,,1,102,,36537,25,,,1,97,,36538,25,,,1,100,,36539,25,,,1,100,,36540,25,,,1,100,,36541,25,,,1,100,,36542,25,,,1,99,,36543,25,,,1,100,,36544,25,,,1,98,,36545,25,,,1,100,,36546,25,,,1
37101,'Dimanche-3',731,,36550,25,,,1,99,,36547,25,,,1,103,,36551,25,,,1,100,,36548,25,,,1,99,,36554,25,,,1,101,,36549,25,,,1,101,,36552,25,,,1,102,,36557,25,,,1,97,,36553,25,,,1,100,,36558,25,,,1,100,,36563,25,,,1,100,,36555,25,,,1,100,,36556,25,,,1,99,,36560,25,,,1,100,,36562,25,,,1,98,,36559,25,,,1,100,,36561,25,,,1
37101,'Semaine-4',540,,36580,25,,,1,69,,36583,25,,,1,30,,36576,25,,,1,70,,36578,25,,,1,31,,36588,25,,,1,70,,36587,25,,,1,30,,36582,25,,,1,70,,36566,25,,,1,99,,36573,25,,,1,101,,36571,25,,,1,100,,36572,25,,,1,100,,36586,25,,,1,104,,36569,25,,,1,96,,36570,25,,,1,31,,36567,25,,,1,70,,36574,25,,,1,29,,36584,25,,,1,70,,36585,25,,,1,30,,36564,25,,,1,80,,36568,25,,,1,95,,36579,25,,,1,100,,36581,25,,,1,100,,36565,25,,,1,100,,36575,25,,,1,185,,36577,25,,,1
43701,'Semaine-4',1514,,37087,25,0,9 14,1
83301,'Semaine-4',759,,37304,14,0,9 12 13,1
