3900,'Samedi-0-_26ÉTÉ-0000010-',643,,39287,14,,,1,101,,39288,14,,,1,100,,39292,14,,,1,101,,39291,14,,,1,100,,39294,14,,,1,101,,39293,14,,,1,102,,39289,14,,,1,70,,39290,14,,,1,30,,39295,14,,,1,71,,39296,14,,,2,30,,39297,14,,,1,70,,39298,14,,,1,31,,39299,14,,,2,70,,39300,14,,,1,30,,39301,14,,,1,70,,39302,14,,,1,30,,39303,14,,,1,69,,39304,14,,,1,29,,39305,14,,,1,68,,39306,14,,,1,100,,39307,14,,,1,100,,39308,14,,,1,100,,39309,14,,,1,100,,39310,14,,,1
3900,'Dimanche-0-_26ÉTÉ-0000001-',643,,39311,14,,,1,101,,39318,14,,,1,100,,39312,14,,,1,101,,39314,14,,,1,100,,39320,14,,,1,101,,39313,14,,,1,102,,39319,14,,,1,70,,39315,14,,,1,30,,39316,14,,,1,71,,39321,14,,,2,30,,39323,14,,,1,70,,39317,14,,,1,31,,39322,14,,,2,70,,39324,14,,,1,30,,39325,14,,,1,70,,39331,14,,,1,30,,39332,14,,,1,69,,39334,14,,,1,29,,39330,14,,,1,68,,39328,14,,,1,100,,39329,14,,,1,100,,39333,14,,,1,100,,39326,14,,,1,100,,39327,14,,,1
3900,'Dimanche-10-_26ÉTÉ-0000001-',643,,39335,14,,,1,101,,39342,14,,,1,100,,39336,14,,,1,101,,39338,14,,,1,100,,39344,14,,,1,101,,39337,14,,,1,102,,39343,14,,,1,70,,39339,14,,,1,30,,39340,14,,,1,71,,39345,14,,,2,30,,39347,14,,,1,70,,39341,14,,,1,31,,39346,14,,,2,70,,39348,14,,,1,30,,39349,14,,,1,70,,39355,14,,,1,30,,39356,14,,,1,69,,39358,14,,,1,29,,39354,14,,,1,68,,39352,14,,,1,100,,39353,14,,,1,100,,39357,14,,,1,100,,39350,14,,,1,100,,39351,14,,,1
3900,'Dimanche-11-_26ÉTÉ-0000001-',643,,49088,14,,,1,101,,49095,14,,,1,100,,49089,14,,,1,101,,49091,14,,,1,100,,49097,14,,,1,101,,49090,14,,,1,102,,49096,14,,,1,70,,49092,14,,,1,30,,49093,14,,,1,71,,49098,14,,,2,30,,49100,14,,,1,70,,49094,14,,,1,31,,49099,14,,,2,70,,49101,14,,,1,30,,49102,14,,,1,70,,49108,14,,,1,30,,49109,14,,,1,69,,49111,14,,,1,29,,49107,14,,,1,68,,49105,14,,,1,100,,49106,14,,,1,100,,49110,14,,,1,100,,49103,14,,,1,100,,49104,14,,,1
3900,'Semaine-1-_26ÉTÉ-1111100-',619,,39376,14,,,2,25,,39362,14,,,1,69,,39381,14,,,2,28,,39374,14,,,1,74,,39375,14,,,1,33,,39373,14,,,1,72,,39370,14,,,1,30,,39387,14,,,1,70,,39382,14,,,1,30,,39394,14,,,1,70,,39379,14,,,2,31,,39383,14,,,1,69,,39371,14,,,1,32,,39369,14,,,2,69,,39384,14,,,1,29,,39372,14,,,1,70,,39359,14,,,2,33,,39385,14,,,1,74,,39366,14,,,2,29,,39368,14,,,1,71,,39386,14,,,2,74,,39365,14,,,1,27,,39360,14,,,1,30,,39388,14,,,1,66,,39367,14,,,1,31,,39361,14,,,1,69,,39389,14,,,2,32,,39364,14,,,1,65,,39380,14,,,2,26,,39390,14,,,1,70,,39363,14,,,1,30,,39378,14,,,1,70,,39391,14,,,1,30,,39377,14,,,1,70,,39393,14,,,1,30,,39392,14,,,1
3900,'Semaine-10-_26ÉTÉ-1111100-',619,,39412,14,,,2,25,,39398,14,,,1,69,,39417,14,,,2,28,,39410,14,,,1,74,,39411,14,,,1,33,,39409,14,,,1,72,,39406,14,,,1,30,,39423,14,,,1,70,,39418,14,,,1,30,,39430,14,,,1,70,,39415,14,,,2,31,,39419,14,,,1,69,,39407,14,,,1,32,,39405,14,,,2,69,,39420,14,,,1,29,,39408,14,,,1,70,,39395,14,,,2,33,,39421,14,,,1,74,,39402,14,,,2,29,,39404,14,,,1,71,,39422,14,,,2,74,,39401,14,,,1,27,,39396,14,,,1,30,,39424,14,,,1,66,,39403,14,,,1,31,,39397,14,,,1,69,,39425,14,,,2,32,,39400,14,,,1,65,,39416,14,,,2,26,,39426,14,,,1,70,,39399,14,,,1,30,,39414,14,,,1,70,,39427,14,,,1,30,,39413,14,,,1,70,,39429,14,,,1,30,,39428,14,,,1
3900,'Semaine-11-_26ÉTÉ-1111100-',619,,46269,14,,,2,25,,46255,14,,,1,69,,46274,14,,,2,28,,46267,14,,,1,74,,46268,14,,,1,33,,46266,14,,,1,72,,46263,14,,,1,30,,46280,14,,,1,70,,46275,14,,,1,30,,46287,14,,,1,70,,46272,14,,,2,31,,46276,14,,,1,69,,46264,14,,,1,32,,46262,14,,,2,69,,46277,14,,,1,29,,46265,14,,,1,70,,46252,14,,,2,33,,46278,14,,,1,74,,46259,14,,,2,29,,46261,14,,,1,71,,46279,14,,,2,74,,46258,14,,,1,27,,46253,14,,,1,30,,46281,14,,,1,66,,46260,14,,,1,31,,46254,14,,,1,69,,46282,14,,,2,32,,46257,14,,,1,65,,46273,14,,,2,26,,46283,14,,,1,70,,46256,14,,,1,30,,46271,14,,,1,70,,46284,14,,,1,30,,46270,14,,,1,70,,46286,14,,,1,30,,46285,14,,,1
3900,'Semaine-5-_26ÉTÉ-1111100-',619,,50577,14,,,2,25,,50563,14,,,1,69,,50582,14,,,2,28,,50575,14,,,1,74,,50576,14,,,1,33,,50574,14,,,1,72,,50571,14,,,1,30,,50588,14,,,1,70,,50583,14,,,1,30,,50595,14,,,1,70,,50580,14,,,2,31,,50584,14,,,1,69,,50572,14,,,1,32,,50570,14,,,2,69,,50585,14,,,1,29,,50573,14,,,1,70,,50560,14,,,2,33,,50586,14,,,1,74,,50567,14,,,2,29,,50569,14,,,1,71,,50587,14,,,2,74,,50566,14,,,1,27,,50561,14,,,1,30,,50589,14,,,1,66,,50568,14,,,1,31,,50562,14,,,1,69,,50590,14,,,2,32,,50565,14,,,1,65,,50581,14,,,2,26,,50591,14,,,1,70,,50564,14,,,1,30,,50579,14,,,1,70,,50592,14,,,1,30,,50578,14,,,1,70,,50594,14,,,1,30,,50593,14,,,1
5000,'Semaine-1-_26ÉTÉ-1111100-',655,,39895,30,,,2,65,,39894,30,,,1,29,,39896,30,,,1,70,,39893,30,,,1,107,,39897,30,,,1
5000,'Semaine-10-_26ÉTÉ-1111100-',655,,39900,30,,,2,65,,39899,30,,,1,29,,39901,30,,,1,70,,39898,30,,,1,107,,39902,30,,,1
5000,'Semaine-11-_26ÉTÉ-1111100-',655,,46492,30,,,2,65,,46491,30,,,1,29,,46493,30,,,1,70,,46490,30,,,1,107,,46494,30,,,1
5000,'Semaine-5-_26ÉTÉ-1111100-',655,,50744,30,,,2,65,,50743,30,,,1,29,,50745,30,,,1,70,,50742,30,,,1,107,,50746,30,,,1
55000,'Semaine-5-_26ÉTÉ-1111100-',712,,52277,30,,,1
63901,'Semaine-5-_26ÉTÉ-1111100-',715,,52283,31,,,1
