4501,'Semaine-1-_26ÉTÉ-1111100-',627,,39637,16,,,2,74,,39641,16,,,1,27,,39640,16,,,2,30,,39639,16,,,1,68,,39642,16,,,1,31,,39638,16,,,2
4501,'Semaine-10-_26ÉTÉ-1111100-',627,,39643,16,,,2,74,,39647,16,,,1,27,,39646,16,,,2,30,,39645,16,,,1,68,,39648,16,,,1,31,,39644,16,,,2
4501,'Semaine-11-_26ÉTÉ-1111100-',627,,46379,16,,,2,74,,46383,16,,,1,27,,46382,16,,,2,30,,46381,16,,,1,68,,46384,16,,,1,31,,46380,16,,,2
5201,'Samedi-0-_26ÉTÉ-0000010-',657,,39999,40,,,2,100,,40000,40,,,1,101,,40001,40,,,2,100,,40002,40,,,1,142,,40004,40,,,1,100,,40003,40,,,1,100,,40005,40,,,2,100,,40006,40,,,1,101,,40007,40,,,2,99,,40008,40,,,1,100,,40009,40,,,1,100,,40010,40,,,1,59,,40013,40,,,1,100,,40011,40,,,1,97,,40015,40,,,2,101,,40012,40,,,1,100,,40014,40,,,1,100,,40016,40,,,1
5201,'Samedi-10-_26ÉTÉ-0000010-',657,,46534,40,,,2,100,,46535,40,,,1,101,,46536,40,,,2,100,,46537,40,,,1,142,,46539,40,,,1,100,,46538,40,,,1,100,,46540,40,,,2,100,,46541,40,,,1,101,,46542,40,,,2,99,,46543,40,,,1,100,,46544,40,,,1,100,,46545,40,,,1,59,,46548,40,,,1,100,,46546,40,,,1,97,,46550,40,,,2,101,,46547,40,,,1,100,,46549,40,,,1,100,,46551,40,,,1
5201,'Dimanche-0-_26ÉTÉ-0000001-',657,,40017,40,,,2,100,,40018,40,,,1,101,,40019,40,,,2,100,,40020,40,,,1,142,,40025,40,,,1,100,,40021,40,,,1,100,,40022,40,,,2,100,,40026,40,,,1,101,,40023,40,,,2,99,,40024,40,,,1,100,,40027,40,,,1,100,,40030,40,,,1,59,,40028,40,,,1,100,,40034,40,,,1,97,,40029,40,,,2,101,,40031,40,,,1,100,,40032,40,,,1,100,,40033,40,,,1
5201,'Dimanche-10-_26ÉTÉ-0000001-',657,,40035,40,,,2,100,,40036,40,,,1,101,,40037,40,,,2,100,,40038,40,,,1,142,,40043,40,,,1,100,,40039,40,,,1,100,,40040,40,,,2,100,,40044,40,,,1,101,,40041,40,,,2,99,,40042,40,,,1,100,,40045,40,,,1,100,,40048,40,,,1,59,,40046,40,,,1,100,,40052,40,,,1,97,,40047,40,,,2,101,,40049,40,,,1,100,,40050,40,,,1,100,,40051,40,,,1
5201,'Semaine-1-_26ÉTÉ-1111100-',628,,40068,40,,,1,102,,40070,40,,,1,99,,40069,40,,,1,100,,40053,40,,,1,101,,40059,40,,,1,100,,40056,40,,,2,100,,40063,40,,,1,100,,40054,40,,,1,100,,40058,40,,,1,102,,40057,40,,,1,100,,40067,40,,,1,100,,40066,40,,,1,98,,40060,40,,,1,97,,40061,40,,,1,100,,40065,40,,,1,100,,40062,40,,,1,100,,40064,40,,,1,100,,40055,40,,,1
5201,'Semaine-10-_26ÉTÉ-1111100-',628,,40086,40,,,1,102,,40088,40,,,1,99,,40087,40,,,1,100,,40071,40,,,1,101,,40077,40,,,1,100,,40074,40,,,2,100,,40081,40,,,1,100,,40072,40,,,1,100,,40076,40,,,1,102,,40075,40,,,1,100,,40085,40,,,1,100,,40084,40,,,1,98,,40078,40,,,1,97,,40079,40,,,1,100,,40083,40,,,1,100,,40080,40,,,1,100,,40082,40,,,1,100,,40073,40,,,1
5201,'Semaine-11-_26ÉTÉ-1111100-',628,,46567,40,,,1,102,,46569,40,,,1,99,,46568,40,,,1,100,,46552,40,,,1,101,,46558,40,,,1,100,,46555,40,,,2,100,,46562,40,,,1,100,,46553,40,,,1,100,,46557,40,,,1,102,,46556,40,,,1,100,,46566,40,,,1,100,,46565,40,,,1,98,,46559,40,,,1,97,,46560,40,,,1,100,,46564,40,,,1,100,,46561,40,,,1,100,,46563,40,,,1,100,,46554,40,,,1
