2701,'Semaine-1-_26ÉTÉ-1111100-',608,,37415,3,,,1,45,,37416,3,,,1,86,,37413,3,,,1,69,,37414,3,,,1
2701,'Semaine-10-_26ÉTÉ-1111100-',608,,37419,3,,,1,45,,37420,3,,,1,86,,37417,3,,,1,69,,37418,3,,,1
2701,'Semaine-11-_26ÉTÉ-1111100-',608,,45413,3,,,1,45,,45414,3,,,1,86,,45411,3,,,1,69,,45412,3,,,1
2701,'Semaine-12-_26ÉTÉ-1111100-',608,,52421,3,,,1,45,,52422,3,,,1,86,,52419,3,,,1,69,,52420,3,,,1
2701,'Semaine-5-_26ÉTÉ-1111100-',608,,49984,3,,,1,45,,49985,3,,,1,86,,49982,3,,,1,69,,49983,3,,,1
3501,'Semaine-1-_26ÉTÉ-1111100-',645,,38630,3,,,2,77,,38641,3,,,1
3501,'Semaine-10-_26ÉTÉ-1111100-',645,,38663,3,,,2,77,,38674,3,,,1
3501,'Semaine-11-_26ÉTÉ-1111100-',645,,45958,3,,,2,77,,45969,3,,,1
3501,'Semaine-12-_26ÉTÉ-1111100-',645,,52827,3,,,2,77,,52838,3,,,1
3501,'Semaine-5-_26ÉTÉ-1111100-',645,,50391,3,,,2,77,,50402,3,,,1
