9301,'Semaine-1-_26ÉTÉ-1111100-',556,,43696,16,,,1,60,,43694,16,,,1,20,,43693,16,,,1,71,,43697,16,,,2,30,,43695,16,,,1
9301,'Semaine-10-_26ÉTÉ-1111100-',556,,43701,16,,,1,60,,43699,16,,,1,20,,43698,16,,,1,71,,43702,16,,,2,30,,43700,16,,,1
9301,'Semaine-11-_26ÉTÉ-1111100-',556,,48138,16,,,1,60,,48136,16,,,1,20,,48135,16,,,1,71,,48139,16,,,2,30,,48137,16,,,1
9401,'Semaine-1-_26ÉTÉ-1111100-',537,,43703,16,,,1
9401,'Semaine-10-_26ÉTÉ-1111100-',537,,43704,16,,,1
9401,'Semaine-11-_26ÉTÉ-1111100-',537,,48140,16,,,1
9701,'Samedi-0-_26ÉTÉ-0000010-',800,,43834,61,,,2,100,,43837,61,,,1,101,,43835,61,,,2,100,,43838,61,,,2,100,,43832,61,,,1,100,,43833,61,,,1,101,,43836,61,,,2,100,,43839,61,,,2,100,,43840,61,,,1,100,,43841,61,,,2,100,,43842,61,,,2,100,,43843,61,,,1,100,,43847,61,,,1,100,,43844,61,,,1,99,,43845,61,,,1,100,,43846,61,,,1
9701,'Samedi-10-_26ÉTÉ-0000010-',800,,48198,61,,,2,100,,48201,61,,,1,101,,48199,61,,,2,100,,48202,61,,,2,100,,48196,61,,,1,100,,48197,61,,,1,101,,48200,61,,,2,100,,48203,61,,,2,100,,48204,61,,,1,100,,48205,61,,,2,100,,48206,61,,,2,100,,48207,61,,,1,100,,48211,61,,,1,100,,48208,61,,,1,99,,48209,61,,,1,100,,48210,61,,,1
9701,'Dimanche-0-_26ÉTÉ-0000001-',800,,43854,61,,,2,100,,43851,61,,,1,101,,43852,61,,,2,100,,43855,61,,,2,100,,43850,61,,,1,100,,43849,61,,,1,101,,43848,61,,,2,100,,43853,61,,,2,100,,43857,61,,,1,100,,43856,61,,,2,100,,43861,61,,,2,100,,43862,61,,,1,100,,43863,61,,,1,100,,43858,61,,,1,99,,43859,61,,,1,100,,43860,61,,,1
9701,'Dimanche-10-_26ÉTÉ-0000001-',800,,43870,61,,,2,100,,43867,61,,,1,101,,43868,61,,,2,100,,43871,61,,,2,100,,43866,61,,,1,100,,43865,61,,,1,101,,43864,61,,,2,100,,43869,61,,,2,100,,43873,61,,,1,100,,43872,61,,,2,100,,43877,61,,,2,100,,43878,61,,,1,100,,43879,61,,,1,100,,43874,61,,,1,99,,43875,61,,,1,100,,43876,61,,,1
9701,'Dimanche-11-_26ÉTÉ-0000001-',800,,49703,61,,,2,100,,49700,61,,,1,101,,49701,61,,,2,100,,49704,61,,,2,100,,49699,61,,,1,100,,49698,61,,,1,101,,49697,61,,,2,100,,49702,61,,,2,100,,49706,61,,,1,100,,49705,61,,,2,100,,49710,61,,,2,100,,49711,61,,,1,100,,49712,61,,,1,100,,49707,61,,,1,99,,49708,61,,,1,100,,49709,61,,,1
9701,'Semaine-1-_26ÉTÉ-1111100-',642,,43894,61,,,1,99,,43887,61,,,2,111,,43896,61,,,1,103,,43885,61,,,2,99,,43882,61,,,1,100,,43895,61,,,2,98,,43890,61,,,2,101,,43886,61,,,1,101,,43892,61,,,2,103,,43880,61,,,1,97,,43883,61,,,1,99,,43891,61,,,1,96,,43893,61,,,2,96,,43884,61,,,2,97,,43888,61,,,1,100,,43881,61,,,2,99,,43889,61,,,1
9701,'Semaine-10-_26ÉTÉ-1111100-',642,,43911,61,,,1,99,,43904,61,,,2,111,,43913,61,,,1,103,,43902,61,,,2,99,,43899,61,,,1,100,,43912,61,,,2,98,,43907,61,,,2,101,,43903,61,,,1,101,,43909,61,,,2,103,,43897,61,,,1,97,,43900,61,,,1,99,,43908,61,,,1,96,,43910,61,,,2,96,,43901,61,,,2,97,,43905,61,,,1,100,,43898,61,,,2,99,,43906,61,,,1
9701,'Semaine-11-_26ÉTÉ-1111100-',642,,48226,61,,,1,99,,48219,61,,,2,111,,48228,61,,,1,103,,48217,61,,,2,99,,48214,61,,,1,100,,48227,61,,,2,98,,48222,61,,,2,101,,48218,61,,,1,101,,48224,61,,,2,103,,48212,61,,,1,97,,48215,61,,,1,99,,48223,61,,,1,96,,48225,61,,,2,96,,48216,61,,,2,97,,48220,61,,,1,100,,48213,61,,,2,99,,48221,61,,,1
