9301,'Semaine-1-_26ÉTÉ-1111100-',554,,43696,13,,,1,60,,43694,13,,,1,20,,43693,13,,,1,71,,43697,13,,,2,30,,43695,13,,,1
9301,'Semaine-10-_26ÉTÉ-1111100-',554,,43701,13,,,1,60,,43699,13,,,1,20,,43698,13,,,1,71,,43702,13,,,2,30,,43700,13,,,1
9301,'Semaine-11-_26ÉTÉ-1111100-',554,,48138,13,,,1,60,,48136,13,,,1,20,,48135,13,,,1,71,,48139,13,,,2,30,,48137,13,,,1
9301,'Semaine-12-_26ÉTÉ-1111100-',554,,54314,13,,,1,60,,54312,13,,,1,20,,54311,13,,,1,71,,54315,13,,,2,30,,54313,13,,,1
9301,'Semaine-5-_26ÉTÉ-1111100-',554,,51881,13,,,1,60,,51879,13,,,1,20,,51878,13,,,1,71,,51882,13,,,2,30,,51880,13,,,1
9401,'Semaine-1-_26ÉTÉ-1111100-',535,,43703,13,,,1
9401,'Semaine-10-_26ÉTÉ-1111100-',535,,43704,13,,,1
9401,'Semaine-11-_26ÉTÉ-1111100-',535,,48140,13,,,1
9401,'Semaine-12-_26ÉTÉ-1111100-',535,,54316,13,,,1
9401,'Semaine-5-_26ÉTÉ-1111100-',535,,51883,13,,,1
9701,'Samedi-0-_26ÉTÉ-0000010-',758,,43834,58,,,2,100,,43837,58,,,1,101,,43835,58,,,2,100,,43838,58,,,2,100,,43832,58,,,1,100,,43833,58,,,1,141,,43836,58,,,2,100,,43839,58,,,2,100,,43840,58,,,1,100,,43841,58,,,2,100,,43842,58,,,2,100,,43843,58,,,1,100,,43847,58,,,1,100,,43844,58,,,1,59,,43845,58,,,1,100,,43846,58,,,1
9701,'Dimanche-0-_26ÉTÉ-0000001-',758,,43854,58,,,2,100,,43851,58,,,1,101,,43852,58,,,2,100,,43855,58,,,2,100,,43850,58,,,1,100,,43849,58,,,1,141,,43848,58,,,2,100,,43853,58,,,2,100,,43857,58,,,1,100,,43856,58,,,2,100,,43861,58,,,2,100,,43862,58,,,1,100,,43863,58,,,1,100,,43858,58,,,1,59,,43859,58,,,1,100,,43860,58,,,1
9701,'Dimanche-10-_26ÉTÉ-0000001-',758,,43870,58,,,2,100,,43867,58,,,1,101,,43868,58,,,2,100,,43871,58,,,2,100,,43866,58,,,1,100,,43865,58,,,1,141,,43864,58,,,2,100,,43869,58,,,2,100,,43873,58,,,1,100,,43872,58,,,2,100,,43877,58,,,2,100,,43878,58,,,1,100,,43879,58,,,1,100,,43874,58,,,1,59,,43875,58,,,1,100,,43876,58,,,1
9701,'Dimanche-11-_26ÉTÉ-0000001-',758,,49703,58,,,2,100,,49700,58,,,1,101,,49701,58,,,2,100,,49704,58,,,2,100,,49699,58,,,1,100,,49698,58,,,1,141,,49697,58,,,2,100,,49702,58,,,2,100,,49706,58,,,1,100,,49705,58,,,2,100,,49710,58,,,2,100,,49711,58,,,1,100,,49712,58,,,1,100,,49707,58,,,1,59,,49708,58,,,1,100,,49709,58,,,1
9701,'Semaine-1-_26ÉTÉ-1111100-',640,,43894,58,,,1,99,,43887,58,,,2,111,,43896,58,,,1,103,,43885,58,,,2,99,,43882,58,,,1,100,,43895,58,,,2,98,,43890,58,,,2,101,,43886,58,,,1,101,,43892,58,,,2,103,,43880,58,,,1,97,,43883,58,,,1,99,,43891,58,,,1,97,,43893,58,,,2,95,,43884,58,,,2,97,,43888,58,,,1,100,,43881,58,,,2,100,,43889,58,,,1
9701,'Semaine-10-_26ÉTÉ-1111100-',640,,43911,58,,,1,99,,43904,58,,,2,111,,43913,58,,,1,103,,43902,58,,,2,99,,43899,58,,,1,100,,43912,58,,,2,98,,43907,58,,,2,101,,43903,58,,,1,101,,43909,58,,,2,103,,43897,58,,,1,97,,43900,58,,,1,99,,43908,58,,,1,97,,43910,58,,,2,95,,43901,58,,,2,97,,43905,58,,,1,100,,43898,58,,,2,100,,43906,58,,,1
9701,'Semaine-11-_26ÉTÉ-1111100-',640,,48226,58,,,1,99,,48219,58,,,2,111,,48228,58,,,1,103,,48217,58,,,2,99,,48214,58,,,1,100,,48227,58,,,2,98,,48222,58,,,2,101,,48218,58,,,1,101,,48224,58,,,2,103,,48212,58,,,1,97,,48215,58,,,1,99,,48223,58,,,1,97,,48225,58,,,2,95,,48216,58,,,2,97,,48220,58,,,1,100,,48213,58,,,2,100,,48221,58,,,1
9701,'Semaine-12-_26ÉTÉ-1111100-',640,,54369,58,,,1,99,,54362,58,,,2,111,,54371,58,,,1,103,,54360,58,,,2,99,,54357,58,,,1,100,,54370,58,,,2,98,,54365,58,,,2,101,,54361,58,,,1,101,,54367,58,,,2,103,,54355,58,,,1,97,,54358,58,,,1,99,,54366,58,,,1,97,,54368,58,,,2,95,,54359,58,,,2,97,,54363,58,,,1,100,,54356,58,,,2,100,,54364,58,,,1
9701,'Semaine-5-_26ÉTÉ-1111100-',640,,51936,58,,,1,99,,51929,58,,,2,111,,51938,58,,,1,103,,51927,58,,,2,99,,51924,58,,,1,100,,51937,58,,,2,98,,51932,58,,,2,101,,51928,58,,,1,101,,51934,58,,,2,103,,51922,58,,,1,97,,51925,58,,,1,99,,51933,58,,,1,97,,51935,58,,,2,95,,51926,58,,,2,97,,51930,58,,,1,100,,51923,58,,,2,100,,51931,58,,,1
