2300,'Semaine-1-_26ÉTÉ-1111100-',1543,,37342,13,,,1,68,,37340,13,,,1,30,,37338,13,,,1,71,,37339,13,,,2,29,,37341,13,,,2,65,,37337,13,,,2
2300,'Semaine-10-_26ÉTÉ-1111100-',1543,,37348,13,,,1,68,,37346,13,,,1,30,,37344,13,,,1,71,,37345,13,,,2,29,,37347,13,,,2,65,,37343,13,,,2
2300,'Semaine-11-_26ÉTÉ-1111100-',1543,,45378,13,,,1,68,,45376,13,,,1,30,,45374,13,,,1,71,,45375,13,,,2,29,,45377,13,,,2,65,,45373,13,,,2
2300,'Semaine-12-_26ÉTÉ-1111100-',1543,,52386,13,,,1,68,,52384,13,,,1,30,,52382,13,,,1,71,,52383,13,,,2,29,,52385,13,,,2,65,,52381,13,,,2
2300,'Semaine-5-_26ÉTÉ-1111100-',1543,,49949,13,,,1,68,,49947,13,,,1,30,,49945,13,,,1,71,,49946,13,,,2,29,,49948,13,,,2,65,,49944,13,,,2
2500,'Semaine-1-_26ÉTÉ-1111100-',1528,,37359,12,,,1,31,,37362,12,,,1,70,,37360,12,,,1,73,,37364,12,,,1,28,,37361,12,,,1,27,,37363,12,,,1
2500,'Semaine-10-_26ÉTÉ-1111100-',1528,,37365,12,,,1,31,,37368,12,,,1,70,,37366,12,,,1,73,,37370,12,,,1,28,,37367,12,,,1,27,,37369,12,,,1
2500,'Semaine-11-_26ÉTÉ-1111100-',1528,,45384,12,,,1,31,,45387,12,,,1,70,,45385,12,,,1,73,,45389,12,,,1,28,,45386,12,,,1,27,,45388,12,,,1
2500,'Semaine-12-_26ÉTÉ-1111100-',1528,,52392,12,,,1,31,,52395,12,,,1,70,,52393,12,,,1,73,,52397,12,,,1,28,,52394,12,,,1,27,,52396,12,,,1
2500,'Semaine-5-_26ÉTÉ-1111100-',1528,,49955,12,,,1,31,,49958,12,,,1,70,,49956,12,,,1,73,,49960,12,,,1,28,,49957,12,,,1,27,,49959,12,,,1
3500,'Semaine-1-_26ÉTÉ-1111100-',640,,38566,20,0,15 16,1,78,,38540,20,0,15 16,2,33,,38551,20,0,15 16,1,57,,38569,20,0,15 16,1,32,,38575,20,0,15 16,1,10,,38573,20,0,15 16,2,4,,38559,20,0,15 16,1,49,,38571,20,0,15 16,1,19,,38564,20,0,15 16,1,21,,38570,20,0,15 16,1,69,,38548,20,0,15 16,1,27,,38562,20,0,15 16,1,74,,38542,20,0,15 16,1,30,,38546,20,0,15 16,2,70,,38557,20,0,15 16,1,30,,38541,20,0,15 16,1,70,,38552,20,0,15 16,2,30,,38574,20,0,15 16,1,70,,38560,20,0,15 16,2,30,,38543,20,0,15 16,2,75,,38556,20,,,2,30,,38558,20,0,15 16,1,63,,38549,13,0,15 16,1,15,,38561,20,,,2,13,,38555,13,0,15 16,1,16,,38565,20,,,1,67,,38567,20,0,15 16,2,28,,38547,20,,,1,65,,38545,20,0,15 16,2,15,,38553,13,0,15 16,1,21,,38576,20,,,2,61,,38563,20,0,15 16,2,34,,38550,20,,,1,64,,38554,20,,,1,103,,38568,20,,,1,100,,38572,20,,,2,97,,38544,20,0,15 16,1
3500,'Semaine-10-_26ÉTÉ-1111100-',640,,38603,20,0,15 16,1,78,,38577,20,0,15 16,2,33,,38588,20,0,15 16,1,57,,38606,20,0,15 16,1,32,,38612,20,0,15 16,1,10,,38610,20,0,15 16,2,4,,38596,20,0,15 16,1,49,,38608,20,0,15 16,1,19,,38601,20,0,15 16,1,21,,38607,20,0,15 16,1,69,,38585,20,0,15 16,1,27,,38599,20,0,15 16,1,74,,38579,20,0,15 16,1,30,,38583,20,0,15 16,2,70,,38594,20,0,15 16,1,30,,38578,20,0,15 16,1,70,,38589,20,0,15 16,2,30,,38611,20,0,15 16,1,70,,38597,20,0,15 16,2,30,,38580,20,0,15 16,2,75,,38593,20,,,2,30,,38595,20,0,15 16,1,63,,38586,13,0,15 16,1,15,,38598,20,,,2,13,,38592,13,0,15 16,1,16,,38602,20,,,1,67,,38604,20,0,15 16,2,28,,38584,20,,,1,65,,38582,20,0,15 16,2,15,,38590,13,0,15 16,1,21,,38613,20,,,2,61,,38600,20,0,15 16,2,34,,38587,20,,,1,64,,38591,20,,,1,103,,38605,20,,,1,100,,38609,20,,,2,97,,38581,20,0,15 16,1
3500,'Semaine-11-_26ÉTÉ-1111100-',640,,45931,20,0,15 16,1,78,,45905,20,0,15 16,2,33,,45916,20,0,15 16,1,57,,45934,20,0,15 16,1,32,,45940,20,0,15 16,1,10,,45938,20,0,15 16,2,4,,45924,20,0,15 16,1,49,,45936,20,0,15 16,1,19,,45929,20,0,15 16,1,21,,45935,20,0,15 16,1,69,,45913,20,0,15 16,1,27,,45927,20,0,15 16,1,74,,45907,20,0,15 16,1,30,,45911,20,0,15 16,2,70,,45922,20,0,15 16,1,30,,45906,20,0,15 16,1,70,,45917,20,0,15 16,2,30,,45939,20,0,15 16,1,70,,45925,20,0,15 16,2,30,,45908,20,0,15 16,2,75,,45921,20,,,2,30,,45923,20,0,15 16,1,63,,45914,13,0,15 16,1,15,,45926,20,,,2,13,,45920,13,0,15 16,1,16,,45930,20,,,1,67,,45932,20,0,15 16,2,28,,45912,20,,,1,65,,45910,20,0,15 16,2,15,,45918,13,0,15 16,1,21,,45941,20,,,2,61,,45928,20,0,15 16,2,34,,45915,20,,,1,64,,45919,20,,,1,103,,45933,20,,,1,100,,45937,20,,,2,97,,45909,20,0,15 16,1
3500,'Semaine-12-_26ÉTÉ-1111100-',640,,52800,20,0,15 16,1,78,,52774,20,0,15 16,2,33,,52785,20,0,15 16,1,57,,52803,20,0,15 16,1,32,,52809,20,0,15 16,1,10,,52807,20,0,15 16,2,4,,52793,20,0,15 16,1,49,,52805,20,0,15 16,1,19,,52798,20,0,15 16,1,21,,52804,20,0,15 16,1,69,,52782,20,0,15 16,1,27,,52796,20,0,15 16,1,74,,52776,20,0,15 16,1,30,,52780,20,0,15 16,2,70,,52791,20,0,15 16,1,30,,52775,20,0,15 16,1,70,,52786,20,0,15 16,2,30,,52808,20,0,15 16,1,70,,52794,20,0,15 16,2,30,,52777,20,0,15 16,2,75,,52790,20,,,2,30,,52792,20,0,15 16,1,63,,52783,13,0,15 16,1,15,,52795,20,,,2,13,,52789,13,0,15 16,1,16,,52799,20,,,1,67,,52801,20,0,15 16,2,28,,52781,20,,,1,65,,52779,20,0,15 16,2,15,,52787,13,0,15 16,1,21,,52810,20,,,2,61,,52797,20,0,15 16,2,34,,52784,20,,,1,64,,52788,20,,,1,103,,52802,20,,,1,100,,52806,20,,,2,97,,52778,20,0,15 16,1
3500,'Semaine-5-_26ÉTÉ-1111100-',640,,50364,20,0,15 16,1,78,,50338,20,0,15 16,2,33,,50349,20,0,15 16,1,57,,50367,20,0,15 16,1,32,,50373,20,0,15 16,1,10,,50371,20,0,15 16,2,4,,50357,20,0,15 16,1,49,,50369,20,0,15 16,1,19,,50362,20,0,15 16,1,21,,50368,20,0,15 16,1,69,,50346,20,0,15 16,1,27,,50360,20,0,15 16,1,74,,50340,20,0,15 16,1,30,,50344,20,0,15 16,2,70,,50355,20,0,15 16,1,30,,50339,20,0,15 16,1,70,,50350,20,0,15 16,2,30,,50372,20,0,15 16,1,70,,50358,20,0,15 16,2,30,,50341,20,0,15 16,2,75,,50354,20,,,2,30,,50356,20,0,15 16,1,63,,50347,13,0,15 16,1,15,,50359,20,,,2,13,,50353,13,0,15 16,1,16,,50363,20,,,1,67,,50365,20,0,15 16,2,28,,50345,20,,,1,65,,50343,20,0,15 16,2,15,,50351,13,0,15 16,1,21,,50374,20,,,2,61,,50361,20,0,15 16,2,34,,50348,20,,,1,64,,50352,20,,,1,103,,50366,20,,,1,100,,50370,20,,,2,97,,50342,20,0,15 16,1
