3601,'Semaine-4',848,,33377,17,,,1,90,,33375,17,,,1,100,,33378,17,,,1,100,,33376,17,,,1,99,,33381,17,,,1,100,,33380,17,,,1,101,,33379,17,,,1
3701,'Samedi-3',652,,33448,17,,,1,100,,33453,17,,,1,100,,33447,17,,,1,100,,33452,17,,,1,101,,33449,17,,,1,99,,33450,17,,,1,100,,33454,17,,,1,101,,33451,17,,,1,100,,33455,17,,,1,100,,33456,17,,,1,100,,33457,17,,,1,99,,33458,17,,,1,100,,33459,17,,,1,102,,33460,17,,,1,98,,33461,17,,,1,98,,33462,17,,,1,100,,33463,17,,,1
3701,'Dimanche-3',652,,33464,17,,,1,100,,33468,17,,,1,100,,33469,17,,,1,100,,33471,17,,,1,101,,33470,17,,,1,99,,33466,17,,,1,100,,33465,17,,,1,101,,33467,17,,,1,100,,33472,17,,,1,100,,33476,17,,,1,100,,33479,17,,,1,99,,33473,17,,,1,100,,33474,17,,,1,102,,33480,17,,,1,98,,33478,17,,,1,98,,33475,17,,,1,100,,33477,17,,,1
3701,'Semaine-4',520,,33494,17,,,1,29,,33492,17,,,1,75,,33496,17,,,1,26,,33486,17,,,1,72,,33503,17,,,1,20,,33483,17,,,1,12,,33504,17,,,1,68,,33485,17,,,1,101,,33502,17,,,1,98,,33490,17,,,1,102,,33484,17,,,1,100,,33482,17,,,1,100,,33487,17,,,1,100,,33498,17,,,1,98,,33481,17,,,1,31,,33497,17,,,1,70,,33500,17,,,1,30,,33495,17,,,1,71,,33501,17,,,1,30,,33505,17,,,1,85,,33489,17,,,1,100,,33499,17,,,1,100,,33491,17,,,1,100,,33488,17,,,1,100,,33493,17,,,1
3801,'Samedi-3',708,,33618,6,,,1,30,,33614,6,,,1,70,,33626,6,,,1,31,,33619,6,,,1,69,,33615,6,,,1,31,,33627,6,,,1,67,,33620,6,,,1,33,,33624,6,,,1,66,,33616,6,,,1,34,,33621,6,,,1,70,,33625,6,,,1,30,,33617,6,,,1,69,,33622,6,,,1,32,,33623,6,,,1,68,,33628,6,,,1,32,,33629,6,,,1,67,,33630,6,,,1,32,,33631,6,,,1,69,,33632,6,,,1,31,,33633,6,,,1,69,,33634,6,,,1,31,,33635,6,,,1,67,,33636,6,,,1,33,,33638,6,,,1,69,,33637,6,,,1,31,,33640,6,,,1,69,,33639,6,,,1,31,,33641,6,,,1,70,,33642,6,,,1,30,,33646,6,,,1,70,,33643,6,,,1,30,,33644,6,,,1,71,,33645,6,,,1
3801,'Dimanche-3',708,,33654,6,,,1,30,,33650,6,,,1,70,,33661,6,,,1,31,,33653,6,,,1,69,,33647,6,,,1,31,,33662,6,,,1,67,,33656,6,,,1,33,,33648,6,,,1,66,,33660,6,,,1,34,,33655,6,,,1,70,,33649,6,,,1,30,,33651,6,,,1,69,,33652,6,,,1,32,,33658,6,,,1,68,,33664,6,,,1,32,,33665,6,,,1,67,,33659,6,,,1,32,,33663,6,,,1,69,,33669,6,,,1,31,,33674,6,,,1,69,,33675,6,,,1,31,,33670,6,,,1,67,,33657,6,,,1,33,,33672,6,,,1,69,,33667,6,,,1,31,,33668,6,,,1,69,,33671,6,,,1,31,,33673,6,,,1,70,,33677,6,,,1,30,,33676,6,,,1,70,,33666,6,,,1,30,,33678,6,,,1,71,,33679,6,,,1
3801,'Semaine-4',615,,33708,6,,,1,28,,33680,6,,,1,70,,33707,6,,,1,15,,33718,6,,,1,21,,33714,6,,,1,67,,33696,6,,,1,27,,33716,6,,,1,71,,33703,6,,,1,20,,33686,6,,,1,20,,33712,6,,,1,60,,33697,6,,,1,20,,33689,6,,,1,20,,33704,6,,,1,60,,33687,6,,,1,20,,33711,6,,,1,20,,33717,6,,,1,60,,33690,6,,,1,20,,33719,6,,,1,22,,33705,6,,,1,58,,33710,6,,,1,20,,33698,6,,,1,20,,33691,6,,,1,60,,33706,6,,,1,20,,33720,6,,,1,19,,33693,6,,,1,60,,33699,6,,,1,30,,33713,6,,,1,71,,33688,6,,,1,29,,33695,6,,,1,70,,33685,6,,,1,31,,33721,6,,,1,57,,33682,6,,,1,23,,33715,6,,,1,32,,33684,6,,,1,70,,33694,6,,,1,30,,33702,6,,,1,70,,33709,6,,,1,30,,33692,6,,,1,70,,33700,6,,,1,30,,33701,6,,,1,70,,33681,6,,,1,85,,33683,6,,,1
32500,'Semaine-4',1622,,36460,11,0,7 8,1
32600,'Semaine-4',1622,,36463,11,0,7 8,1
32901,'Semaine-4',1623,,36466,11,0,7 8,1
43701,'Semaine-4',1509,,37087,18,0,9 14,1
