6400,'Samedi-0-_26ÉTÉ-0000010-',743,,41170,19,0,15 16,1,100,,41172,19,0,15 16,1,100,,41175,19,0,15 16,1,100,,41173,19,0,15 16,2,100,,41176,19,0,15 16,1,100,,41171,19,0,15 16,1,100,,41174,19,0,15 16,2,100,,41177,19,0,15 16,1,99,,41178,19,0,15 16,1,100,,41179,19,0,15 16,1,100,,41180,19,0,15 16,1,100,,41181,19,0,15 16,1
6400,'Dimanche-0-_26ÉTÉ-0000001-',743,,41182,19,0,15 16,1,100,,41187,19,0,15 16,1,100,,41183,19,0,15 16,1,100,,41186,19,0,15 16,2,100,,41189,19,0,15 16,1,100,,41188,19,0,15 16,1,100,,41185,19,0,15 16,2,100,,41184,19,0,15 16,1,99,,41192,19,0,15 16,1,100,,41193,19,0,15 16,1,100,,41190,19,0,15 16,1,100,,41191,19,0,15 16,1
6400,'Dimanche-10-_26ÉTÉ-0000001-',743,,41194,19,0,15 16,1,100,,41199,19,0,15 16,1,100,,41195,19,0,15 16,1,100,,41198,19,0,15 16,2,100,,41201,19,0,15 16,1,100,,41200,19,0,15 16,1,100,,41197,19,0,15 16,2,100,,41196,19,0,15 16,1,99,,41204,19,0,15 16,1,100,,41205,19,0,15 16,1,100,,41202,19,0,15 16,1,100,,41203,19,0,15 16,1
6400,'Dimanche-11-_26ÉTÉ-0000001-',743,,49357,19,0,15 16,1,100,,49362,19,0,15 16,1,100,,49358,19,0,15 16,1,100,,49361,19,0,15 16,2,100,,49364,19,0,15 16,1,100,,49363,19,0,15 16,1,100,,49360,19,0,15 16,2,100,,49359,19,0,15 16,1,99,,49367,19,0,15 16,1,100,,49368,19,0,15 16,1,100,,49365,19,0,15 16,1,100,,49366,19,0,15 16,1
6400,'Semaine-1-_26ÉTÉ-1111100-',658,,41214,19,0,15 16,1,70,,41211,19,0,15 16,2,30,,41206,19,0,15 16,2,75,,41210,19,0,15 16,2,95,,41212,19,0,15 16,2,100,,41217,19,0,15 16,2,100,,41216,19,0,15 16,1,100,,41209,19,0,15 16,2,100,,41222,19,0,15 16,1,100,,41218,19,0,15 16,1,95,,41219,19,0,15 16,1,30,,41224,19,0,15 16,1,102,,41223,19,0,15 16,1,97,,41220,19,0,15 16,2,100,,41221,19,0,15 16,1,100,,41213,19,0,15 16,1,99,,41207,19,0,15 16,1,100,,41215,19,0,15 16,1,100,,41208,19,0,15 16,1
6400,'Semaine-10-_26ÉTÉ-1111100-',658,,41233,19,0,15 16,1,70,,41230,19,0,15 16,2,30,,41225,19,0,15 16,2,75,,41229,19,0,15 16,2,95,,41231,19,0,15 16,2,100,,41236,19,0,15 16,2,100,,41235,19,0,15 16,1,100,,41228,19,0,15 16,2,100,,41241,19,0,15 16,1,100,,41237,19,0,15 16,1,95,,41238,19,0,15 16,1,30,,41243,19,0,15 16,1,102,,41242,19,0,15 16,1,97,,41239,19,0,15 16,2,100,,41240,19,0,15 16,1,100,,41232,19,0,15 16,2,99,,41226,19,0,15 16,1,100,,41234,19,0,15 16,1,100,,41227,19,0,15 16,1
6400,'Semaine-11-_26ÉTÉ-1111100-',658,,47055,19,0,15 16,1,70,,47052,19,0,15 16,2,30,,47047,19,0,15 16,2,75,,47051,19,0,15 16,2,95,,47053,19,0,15 16,2,100,,47058,19,0,15 16,2,100,,47057,19,0,15 16,1,100,,47050,19,0,15 16,2,100,,47063,19,0,15 16,1,100,,47059,19,0,15 16,1,95,,47060,19,0,15 16,1,30,,47065,19,0,15 16,1,102,,47064,19,0,15 16,1,97,,47061,19,0,15 16,2,100,,47062,19,0,15 16,1,100,,47054,19,0,15 16,1,99,,47048,19,0,15 16,1,100,,47056,19,0,15 16,1,100,,47049,19,0,15 16,1
6400,'Semaine-5-_26ÉTÉ-1111100-',658,,51108,19,0,15 16,1,70,,51105,19,0,15 16,2,30,,51100,19,0,15 16,2,75,,51104,19,0,15 16,2,95,,51106,19,0,15 16,2,100,,51111,19,0,15 16,2,100,,51110,19,0,15 16,1,100,,51103,19,0,15 16,2,100,,51116,19,0,15 16,1,100,,51112,19,0,15 16,1,95,,51113,19,0,15 16,1,30,,51118,19,0,15 16,1,102,,51117,19,0,15 16,1,97,,51114,19,0,15 16,2,100,,51115,19,0,15 16,1,100,,51107,19,0,15 16,1,99,,51101,19,0,15 16,1,100,,51109,19,0,15 16,1,100,,51102,19,0,15 16,1
6600,'Samedi-0-_26ÉTÉ-0000010-',722,,41553,18,,,1,100,,41556,18,,,1,100,,41554,18,,,2,100,,41557,18,,,1,100,,41551,18,,,1,100,,41552,18,,,1,100,,41555,18,,,1,100,,41558,18,,,2,100,,41559,18,,,1,100,,41560,18,,,1,100,,41561,18,,,1,100,,41562,18,,,1,100,,41564,18,,,1,100,,41563,18,,,1,100,,41565,18,,,1,100,,41566,18,,,1,100,,41567,18,,,2
6600,'Dimanche-0-_26ÉTÉ-0000001-',722,,41572,18,,,1,100,,41573,18,,,1,100,,41574,18,,,2,100,,41576,18,,,1,100,,41568,18,,,1,100,,41575,18,,,1,100,,41569,18,,,1,100,,41570,18,,,2,100,,41571,18,,,1,100,,41580,18,,,1,100,,41582,18,,,1,100,,41578,18,,,1,100,,41579,18,,,1,100,,41577,18,,,1,100,,41581,18,,,1,100,,41583,18,,,1,100,,41584,18,,,2
6600,'Dimanche-10-_26ÉTÉ-0000001-',722,,41589,18,,,1,100,,41590,18,,,1,100,,41591,18,,,2,100,,41593,18,,,1,100,,41585,18,,,1,100,,41592,18,,,1,100,,41586,18,,,1,100,,41587,18,,,2,100,,41588,18,,,1,100,,41597,18,,,1,100,,41599,18,,,1,100,,41595,18,,,1,100,,41596,18,,,1,100,,41594,18,,,1,100,,41598,18,,,1,100,,41600,18,,,1,100,,41601,18,,,2
6600,'Dimanche-11-_26ÉTÉ-0000001-',722,,49418,18,,,1,100,,49419,18,,,1,100,,49420,18,,,2,100,,49422,18,,,1,100,,49414,18,,,1,100,,49421,18,,,1,100,,49415,18,,,1,100,,49416,18,,,2,100,,49417,18,,,1,100,,49426,18,,,1,100,,49428,18,,,1,100,,49424,18,,,1,100,,49425,18,,,1,100,,49423,18,,,1,100,,49427,18,,,1,100,,49429,18,,,1,100,,49430,18,,,2
6600,'Semaine-1-_26ÉTÉ-1111100-',606,,41612,18,,,1,20,,41618,18,,,2,20,,41613,18,,,2,60,,41605,18,,,2,20,,41617,18,,,2,20,,41610,18,,,1,60,,41624,18,,,2,20,,41604,18,,,2,20,,41615,18,,,2,60,,41625,18,,,2,100,,41614,18,,,1,100,,41606,18,,,2,100,,41629,18,,,1,100,,41630,18,,,2,101,,41616,18,,,2,99,,41626,18,,,1,21,,41619,18,,,2,20,,41602,18,,,1,60,,41621,18,,,2,20,,41627,18,,,2,21,,41632,18,,,2,59,,41603,18,,,1,20,,41622,18,,,2,20,,41620,18,,,1,60,,41608,18,,,2,20,,41628,18,,,1,100,,41609,18,,,1,100,,41607,18,,,1,98,,41611,18,,,1,100,,41623,18,,,1,100,,41631,18,,,1
6600,'Semaine-10-_26ÉTÉ-1111100-',606,,41643,18,,,1,20,,41649,18,,,2,20,,41644,18,,,2,60,,41636,18,,,2,20,,41648,18,,,2,20,,41641,18,,,1,60,,41655,18,,,2,20,,41635,18,,,2,20,,41646,18,,,2,60,,41656,18,,,2,100,,41645,18,,,1,100,,41637,18,,,2,100,,41660,18,,,1,100,,41661,18,,,2,101,,41647,18,,,2,99,,41657,18,,,1,21,,41650,18,,,2,20,,41633,18,,,1,60,,41652,18,,,2,20,,41658,18,,,2,21,,41663,18,,,2,59,,41634,18,,,1,20,,41653,18,,,2,20,,41651,18,,,1,60,,41639,18,,,2,20,,41659,18,,,1,100,,41640,18,,,1,100,,41638,18,,,1,98,,41642,18,,,1,100,,41654,18,,,1,100,,41662,18,,,1
6600,'Semaine-11-_26ÉTÉ-1111100-',606,,47224,18,,,1,20,,47230,18,,,2,20,,47225,18,,,2,60,,47217,18,,,2,20,,47229,18,,,2,20,,47222,18,,,1,60,,47236,18,,,2,20,,47216,18,,,2,20,,47227,18,,,2,60,,47237,18,,,2,100,,47226,18,,,1,100,,47218,18,,,2,100,,47241,18,,,1,100,,47242,18,,,2,101,,47228,18,,,2,99,,47238,18,,,1,21,,47231,18,,,2,20,,47214,18,,,1,60,,47233,18,,,2,20,,47239,18,,,2,21,,47244,18,,,2,59,,47215,18,,,1,20,,47234,18,,,2,20,,47232,18,,,1,60,,47220,18,,,2,20,,47240,18,,,1,100,,47221,18,,,1,100,,47219,18,,,1,98,,47223,18,,,1,100,,47235,18,,,1,100,,47243,18,,,1
6600,'Semaine-5-_26ÉTÉ-1111100-',606,,51216,18,,,1,20,,51222,18,,,2,20,,51217,18,,,2,60,,51209,18,,,2,20,,51221,18,,,2,20,,51214,18,,,1,60,,51228,18,,,2,20,,51208,18,,,2,20,,51219,18,,,2,60,,51229,18,,,2,100,,51218,18,,,1,100,,51210,18,,,2,100,,51233,18,,,1,100,,51234,18,,,2,101,,51220,18,,,2,99,,51230,18,,,1,21,,51223,18,,,2,20,,51206,18,,,1,60,,51225,18,,,2,20,,51231,18,,,2,21,,51236,18,,,2,59,,51207,18,,,1,20,,51226,18,,,2,20,,51224,18,,,1,60,,51212,18,,,2,20,,51232,18,,,1,100,,51213,18,,,1,100,,51211,18,,,1,98,,51215,18,,,1,100,,51227,18,,,1,100,,51235,18,,,1
