2300,'Semaine-4',1527,,32631,5,,,1,30,,32629,5,,,1,70,,32627,5,,,2,30,,32628,5,,,1,68,,32630,5,,,1,30,,32626,5,,,1
2500,'Semaine-4',1510,,32637,4,,,1,29,,32640,4,,,1,71,,32638,4,,,1,31,,32642,4,,,1,69,,32639,4,,,1,29,,32641,4,,,1
2600,'Semaine-4',1533,,32651,4,,,1,70,,32650,4,,,1,30,,32649,4,,,2,70,,32652,4,,,1,29,,32653,4,,,1
2900,'Semaine-4',1527,,32677,4,,,2,30,,32676,4,,,1,72,,32674,4,,,1,27,,32678,4,,,2,73,,32675,4,,,1
3100,'Samedi-3',723,,32684,12,,,1,30,,32685,12,,,1,102,,32686,12,,,1,101,,32683,12,,,1,102,,32689,12,,,1,100,,32690,12,,,1,101,,32687,12,,,1,100,,32688,12,,,1,100,,32691,12,,,1,142,,32692,12,,,1,58,,32693,12,,,1,100,,32694,12,,,1,94,,32700,12,,,1,100,,32695,12,,,1,99,,32696,12,,,1,100,,32697,12,,,1,100,,32698,12,,,1,100,,32699,12,,,1,97,,32701,12,,,1
3100,'Dimanche-3',723,,32706,12,,,1,30,,32707,12,,,1,102,,32708,12,,,1,101,,32709,12,,,1,102,,32702,12,,,1,100,,32703,12,,,1,101,,32704,12,,,1,100,,32705,12,,,1,100,,32711,12,,,1,142,,32712,12,,,1,58,,32710,12,,,1,100,,32713,12,,,1,94,,32716,12,,,1,100,,32720,12,,,1,99,,32714,12,,,1,100,,32715,12,,,1,100,,32718,12,,,1,100,,32717,12,,,1,97,,32719,12,,,1
3100,'Semaine-4',608,,32725,12,,,1,35,,32760,12,,,1,70,,32738,12,,,1,31,,32726,12,,,1,60,,32766,12,,,1,14,,32763,12,,,1,20,,32722,12,,,1,16,,32735,12,,,1,57,,32736,12,,,1,12,,32752,12,,,1,19,,32727,12,,,1,61,,32729,12,,,1,20,,32746,12,,,1,20,,32747,12,,,1,60,,32753,12,,,1,20,,32728,12,,,1,20,,32733,12,,,1,61,,32754,12,,,1,20,,32761,12,,,1,19,,32749,12,,,1,60,,32730,12,,,1,21,,32723,12,,,1,17,,32759,12,,,1,62,,32764,12,,,1,19,,32748,12,,,1,20,,32731,12,,,1,59,,32751,12,,,1,23,,32755,12,,,1,21,,32762,12,,,1,60,,32750,12,,,1,14,,32732,12,,,1,21,,32743,12,,,1,60,,32745,12,,,1,22,,32734,12,,,1,5,,32721,5,,,1,13,,32739,12,,,1,61,,32724,12,,,1,15,,32757,12,,,1,18,,32765,12,,,1,66,,32740,12,,,1,58,,32758,12,,,1,100,,32741,12,,,1,100,,32737,12,,,1,99,,32742,12,,,1,102,,32744,12,,,1,143,,32756,12,,,1
3200,'Semaine-4',617,,32890,5,,,1,30,,32889,5,,,1,70,,32885,5,,,1,32,,32887,5,,,1,69,,32886,5,,,1,30,,32888,5,,,1,70,,32861,5,,,1,30,,32856,5,,,2,70,,32857,5,,,2,30,,32868,5,,,1,70,,32862,5,,,1,28,,32848,5,,,1,71,,32849,5,,,1,31,,32860,5,,,1,70,,32863,5,,,1,29,,32869,5,,,1,71,,32850,5,,,1,30,,32895,5,,,1,56,,32847,5,,,2,10,,32877,5,,,1,10,,32867,5,,,1,10,,32873,5,,,1,10,,32874,5,,,1,10,,32892,5,,,1,50,,32893,5,,,1,10,,32894,5,,,1,10,,32891,5,,,2,10,,32864,5,,,2,10,,32875,5,,,1,10,,32883,5,,,1,50,,32876,5,,,2,10,,32853,5,,,2,9,,32884,5,,,2,11,,32870,5,,,1,10,,32872,5,,,2,10,,32871,5,,,2,61,,32865,5,,,1,25,,32859,5,,,1,70,,32854,5,,,2,30,,32851,5,,,1,70,,32866,5,,,1,28,,32858,5,,,1,72,,32855,5,,,2,30,,32852,5,,,1,70,,32878,5,,,1,30,,32879,5,,,1,69,,32880,5,,,2,30,,32881,5,,,1,70,,32882,5,,,1
3300,'Samedi-3',650,,32948,12,,,1,172,,32953,12,,,1,99,,32950,12,,,1,98,,32954,12,,,1,100,,32949,12,,,1,100,,32952,12,,,1,100,,32951,12,,,1,100,,32955,12,,,1,103,,32956,12,,,1,97,,32957,12,,,1,100,,32958,12,,,1,100,,32959,12,,,1,98,,32960,12,,,1,100,,32964,12,,,1,100,,32961,12,,,1,100,,32962,12,,,1,100,,32963,12,,,1,100,,32965,12,,,1
3300,'Dimanche-3',650,,32967,12,,,1,172,,32966,12,,,1,99,,32969,12,,,1,98,,32971,12,,,1,100,,32972,12,,,1,100,,32973,12,,,1,100,,32968,12,,,1,100,,32975,12,,,1,103,,32970,12,,,1,97,,32976,12,,,1,100,,32979,12,,,1,100,,32983,12,,,1,98,,32980,12,,,1,100,,32974,12,,,1,100,,32977,12,,,1,100,,32982,12,,,1,100,,32978,12,,,1,100,,32981,12,,,1
3300,'Semaine-4',615,,33011,5,,,1,34,,33010,12,,,1,62,,33016,12,,,2,15,,32989,12,,,1,23,,33004,12,,,1,60,,33012,12,,,1,5,,33023,12,,,1,9,,33024,12,,,1,30,,33017,12,,,1,55,,32999,12,,,1,10,,33002,12,,,2,14,,33019,12,,,1,70,,33005,12,,,2,27,,32994,12,,,1,71,,33000,12,,,1,28,,32984,12,,,1,31,,33007,12,,,1,69,,32995,12,,,1,73,,33003,12,,,1,19,,33022,12,,,1,6,,33006,12,,,1,28,,33009,12,,,1,70,,32996,12,,,1,15,,33018,5,,,1,16,,33014,12,,,1,75,,33008,12,,,1,13,,32986,12,,,2,57,,32998,12,,,1,20,,33021,12,,,2,13,,33020,12,,,1,12,,33015,5,,,1,61,,32993,12,,,1,24,,32992,12,,,2,24,,32997,12,,,2,67,,32985,12,,,2,27,,32990,12,,,1,72,,33025,5,,,1,80,,33001,12,,,2,57,,32991,12,,,1,80,,32987,12,,,2,104,,33013,12,,,1,98,,33026,12,,,2,65,,32988,12,,,1
3400,'Samedi-3',718,,33104,5,,,1,104,,33109,5,,,1,30,,33105,5,,,2,70,,33111,5,,,1,30,,33112,5,,,1,70,,33106,5,,,1,30,,33107,5,,,1,70,,33108,5,,,1,30,,33110,5,,,2,70,,33113,5,,,1,30,,33115,5,,,1,71,,33114,5,,,2,30,,33116,5,,,1,70,,33117,5,,,1,30,,33118,5,,,1,69,,33119,5,,,1,30,,33120,5,,,1,70,,33121,5,,,1,30,,33122,5,,,1,70,,33123,5,,,1,30,,33124,5,,,1,70,,33125,5,,,1,30,,33126,5,,,2,70,,33127,5,,,1,30,,33128,5,,,1,70,,33129,5,,,1,30,,33130,5,,,1,70,,33131,5,,,1,30,,33132,5,,,1,69,,33134,5,,,1,31,,33133,5,,,1,70,,33136,5,,,1,30,,33135,5,,,1,69,,33137,5,,,1
3400,'Dimanche-3',718,,33142,5,,,1,104,,33146,5,,,1,30,,33144,5,,,2,70,,33139,5,,,1,30,,33147,5,,,1,70,,33150,5,,,1,30,,33149,5,,,1,70,,33138,5,,,1,30,,33140,5,,,2,70,,33151,5,,,1,30,,33141,5,,,1,71,,33143,5,,,2,30,,33145,5,,,1,70,,33154,5,,,1,30,,33148,5,,,1,69,,33152,5,,,1,30,,33155,5,,,1,70,,33159,5,,,1,30,,33164,5,,,1,70,,33156,5,,,1,30,,33157,5,,,1,70,,33167,5,,,1,30,,33158,5,,,2,70,,33163,5,,,1,30,,33153,5,,,1,70,,33160,5,,,1,30,,33162,5,,,1,70,,33165,5,,,1,30,,33171,5,,,1,69,,33166,5,,,1,31,,33168,5,,,1,70,,33161,5,,,1,30,,33169,5,,,1,69,,33170,5,,,1
3400,'Semaine-4',601,,33202,5,,,1,28,,33187,5,,,1,71,,33181,5,,,1,36,,33185,5,,,1,67,,33176,5,,,1,30,,33196,5,,,1,70,,33182,5,,,1,29,,33172,5,,,1,70,,33177,5,,,1,30,,33178,5,,,1,70,,33183,5,,,1,30,,33173,5,,,1,70,,33203,5,,,1,30,,33179,5,,,1,70,,33184,5,,,1,30,,33174,5,,,1,70,,33200,5,,,1,30,,33175,5,,,1,24,,33201,5,,,2,348,,33199,5,,,2,20,,33188,5,,,1,30,,33180,5,,,1,70,,33192,5,,,1,30,,33198,5,,,1,70,,33189,5,,,2,30,,33191,5,,,1,70,,33193,5,,,1,30,,33186,5,,,1,70,,33195,5,,,1,31,,33190,5,,,1,68,,33194,5,,,1,30,,33197,5,,,1
3500,'Semaine-4',624,,33324,12,0,15 16,1,78,,33298,12,0,15 16,1,33,,33309,12,0,15 16,1,17,,33327,12,0,15 16,1,73,,33333,12,0,15 16,1,11,,33331,12,0,15 16,1,4,,33317,12,0,15 16,1,7,,33329,12,0,15 16,1,59,,33322,12,0,15 16,1,21,,33328,12,0,15 16,1,30,,33306,12,0,15 16,2,66,,33320,12,0,15 16,1,34,,33300,12,0,15 16,1,70,,33304,12,0,15 16,1,30,,33315,12,0,15 16,1,70,,33299,12,0,15 16,1,30,,33310,12,0,15 16,1,70,,33332,12,0,15 16,1,30,,33318,12,0,15 16,1,70,,33301,12,0,15 16,1,73,,33314,12,,,2,27,,33316,12,0,15 16,2,23,,33307,5,0,15 16,1,55,,33319,12,,,2,13,,33313,5,0,15 16,1,16,,33323,12,,,1,67,,33325,12,0,15 16,2,31,,33305,12,,,1,26,,33303,12,0,15 16,2,55,,33311,5,0,15 16,1,21,,33334,12,,,2,22,,33321,12,0,15 16,1,75,,33308,12,,,2,23,,33312,12,,,1,103,,33326,12,,,1,100,,33330,12,,,1,97,,33302,12,0,15 16,1
3600,'Semaine-4',851,,33369,5,,,1,100,,33370,5,,,1,100,,33368,5,,,1,100,,33371,5,,,1,99,,33373,5,,,1,101,,33374,5,,,1,98,,33372,5,,,1
3700,'Samedi-3',715,,33382,5,,,1,100,,33383,5,,,1,101,,33385,5,,,1,99,,33386,5,,,1,100,,33384,5,,,1,100,,33387,5,,,1,100,,33388,5,,,1,101,,33389,5,,,1,99,,33390,5,,,1,100,,33391,5,,,1,100,,33392,5,,,1,99,,33393,5,,,1,101,,33394,5,,,1,100,,33395,5,,,1,100,,33396,5,,,1,100,,33397,5,,,1,100,,33398,5,,,1,100,,33399,5,,,1
3700,'Dimanche-3',715,,33400,5,,,1,100,,33403,5,,,1,101,,33407,5,,,1,99,,33404,5,,,1,100,,33402,5,,,1,100,,33406,5,,,1,100,,33401,5,,,1,101,,33405,5,,,1,99,,33412,5,,,1,100,,33408,5,,,1,100,,33411,5,,,1,99,,33415,5,,,1,101,,33409,5,,,1,100,,33410,5,,,1,100,,33414,5,,,1,100,,33416,5,,,1,100,,33413,5,,,1,100,,33417,5,,,1
3700,'Semaine-4',631,,33439,5,,,1,80,,33445,5,,,1,31,,33436,5,,,1,70,,33420,5,,,1,30,,33434,5,,,1,90,,33426,5,,,1,100,,33422,5,,,1,99,,33423,5,,,1,99,,33424,5,,,1,102,,33425,5,,,1,99,,33431,5,,,1,87,,33432,5,,,1,15,,33433,5,,,1,15,,33419,5,,,1,55,,33441,5,,,1,25,,33428,5,,,1,30,,33437,5,,,1,64,,33427,5,,,1,30,,33421,5,,,1,70,,33418,5,,,1,30,,33429,5,,,1,70,,33444,5,,,1,29,,33435,5,,,1,75,,33446,5,,,1,100,,33442,5,,,1,100,,33430,5,,,1,100,,33440,5,,,1,99,,33443,5,,,1,13,,33438,5,,,1
3800,'Samedi-3',729,,33513,5,,,1,30,,33506,5,,,1,63,,33507,5,,,1,37,,33518,5,,,1,68,,33510,5,,,1,32,,33508,5,,,1,68,,33519,5,,,1,32,,33511,5,,,1,68,,33517,5,,,1,32,,33509,5,,,1,67,,33512,5,,,1,74,,33516,5,,,1,27,,33514,5,,,1,32,,33515,5,,,1,68,,33520,5,,,1,73,,33521,5,,,1,27,,33522,5,,,1,73,,33523,5,,,1,24,,33524,5,,,1,76,,33525,5,,,1,27,,33526,5,,,1,73,,33527,5,,,1,27,,33528,5,,,1,73,,33529,5,,,1,29,,33530,5,,,1,71,,33531,5,,,1,28,,33533,5,,,1,31,,33532,5,,,1,70,,33535,5,,,1,30,,33534,5,,,1,70,,33536,5,,,1,30,,33537,5,,,1,70,,33538,5,,,1
3800,'Dimanche-3',729,,33548,5,,,1,30,,33546,5,,,1,63,,33544,5,,,1,37,,33551,5,,,1,68,,33539,5,,,1,32,,33540,5,,,1,68,,33552,5,,,1,32,,33547,5,,,1,68,,33541,5,,,1,32,,33542,5,,,1,67,,33545,5,,,1,74,,33543,5,,,1,27,,33554,5,,,1,32,,33556,5,,,1,68,,33549,5,,,1,73,,33555,5,,,1,27,,33557,5,,,1,73,,33550,5,,,1,24,,33553,5,,,1,76,,33561,5,,,1,27,,33566,5,,,1,73,,33563,5,,,1,27,,33562,5,,,1,73,,33560,5,,,1,29,,33565,5,,,1,71,,33570,5,,,1,28,,33568,5,,,1,31,,33558,5,,,1,70,,33559,5,,,1,30,,33569,5,,,1,70,,33567,5,,,1,30,,33564,5,,,1,70,,33571,5,,,1
3800,'Semaine-4',641,,33588,5,,,1,60,,33604,5,,,1,32,,33599,5,,,1,69,,33612,5,,,1,30,,33609,5,,,1,70,,33585,5,,,1,20,,33581,5,,,1,20,,33592,5,,,1,60,,33577,5,,,1,20,,33601,5,,,1,20,,33586,5,,,1,60,,33582,5,,,1,20,,33593,5,,,1,20,,33578,5,,,1,60,,33600,5,,,1,20,,33611,5,,,1,20,,33583,5,,,1,60,,33594,5,,,1,20,,33602,5,,,1,20,,33613,5,,,1,60,,33587,5,,,1,20,,33584,5,,,1,20,,33595,5,,,1,69,,33608,5,,,1,32,,33573,5,,,1,71,,33597,5,,,1,34,,33606,5,,,1,65,,33596,5,,,1,27,,33610,5,,,1,71,,33576,5,,,1,30,,33607,5,,,1,70,,33590,5,,,1,30,,33598,5,,,1,70,,33603,5,,,1,30,,33605,5,,,1,70,,33589,5,,,1,30,,33575,5,,,1,70,,33591,5,,,1,30,,33579,5,,,1,70,,33574,5,,,1,30,,33572,5,,,1,69,,33580,5,,,1
4000,'Semaine-4',1505,,33893,4,,,1,30,,33889,4,,,2,70,,33892,4,,,1,29,,33891,4,,,2,70,,33890,4,,,1,30,,33894,4,,,1
4100,'Semaine-4',1515,,33902,4,,,1,30,,33904,4,,,1,70,,33903,4,,,1,29,,33901,4,,,1,70,,33905,4,,,1
4500,'Semaine-4',1453,,33920,4,,,1,71,,33915,4,,,1,30,,33916,4,,,1,71,,33918,4,,,2,29,,33919,4,,,1,70,,33917,4,,,1
4700,'Semaine-4',1510,,33927,4,,,1,101,,33929,4,,,2,98,,33928,4,,,2
4800,'Semaine-4',1703,,33934,4,,,2
5500,'Samedi-3',651,,34202,5,,,1,70,,34199,5,,,1,30,,34200,5,,,1,70,,34203,5,,,1,30,,34201,5,,,1,69,,34208,5,,,1,28,,34205,5,,,1,70,,34206,5,,,1,35,,34211,5,,,1,66,,34210,5,,,1,28,,34204,5,,,1,70,,34207,5,,,1,30,,34209,5,,,1,74,,34212,5,,,1,30,,34213,5,,,1,70,,34214,5,,,1,30,,34215,5,,,1,69,,34216,5,,,1,30,,34217,5,,,1,68,,34218,5,,,1,30,,34219,5,,,1,70,,34220,5,,,1,32,,34221,5,,,1,68,,34222,5,,,1,32,,34224,5,,,1,73,,34223,5,,,1,27,,34225,5,,,1,70,,34227,5,,,1,31,,34226,5,,,1,71,,34228,5,,,1,28,,34229,5,,,1,70,,34232,5,,,1,30,,34234,5,,,1,70,,34231,5,,,1,31,,34230,5,,,1,68,,34233,5,,,1
5500,'Dimanche-3',651,,34237,5,,,1,70,,34242,5,,,1,30,,34246,5,,,1,70,,34240,5,,,1,30,,34238,5,,,1,69,,34243,5,,,1,28,,34245,5,,,1,70,,34239,5,,,1,35,,34235,5,,,1,66,,34236,5,,,1,28,,34248,5,,,1,70,,34252,5,,,1,30,,34250,5,,,1,74,,34247,5,,,1,30,,34241,5,,,1,70,,34255,5,,,1,30,,34256,5,,,1,69,,34257,5,,,1,30,,34251,5,,,1,68,,34264,5,,,1,30,,34261,5,,,1,70,,34249,5,,,1,32,,34269,5,,,1,68,,34263,5,,,1,32,,34244,5,,,1,73,,34267,5,,,1,27,,34260,5,,,1,70,,34253,5,,,1,31,,34258,5,,,1,71,,34254,5,,,1,28,,34265,5,,,1,70,,34262,5,,,1,30,,34259,5,,,1,70,,34268,5,,,1,31,,34266,5,,,1,69,,34270,5,,,1
5500,'Semaine-4',547,,34273,5,,,1,102,,34289,5,,,1,102,,34272,5,,,1,99,,34308,5,,,1,70,,34309,5,,,1,29,,34278,5,,,1,69,,34288,5,,,1,31,,34292,5,,,1,70,,34314,5,,,1,30,,34274,5,,,1,70,,34313,5,,,1,30,,34291,5,,,1,70,,34306,5,,,1,29,,34300,5,,,1,63,,34307,5,,,1,15,,34293,5,,,1,15,,34271,5,,,1,12,,34312,5,,,1,56,,34282,5,,,1,15,,34315,5,,,1,14,,34303,5,,,1,10,,34275,5,,,1,53,,34286,5,,,1,14,,34318,5,,,1,13,,34311,5,,,1,11,,34277,5,,,1,12,,34294,5,,,1,51,,34287,5,,,1,12,,34316,5,,,1,12,,34301,5,,,1,11,,34281,5,,,1,12,,34276,5,,,1,10,,34317,5,,,1,52,,34285,5,,,1,11,,34280,5,,,1,10,,34290,5,,,1,70,,34305,5,,,1,30,,34310,5,,,1,70,,34297,5,,,1,30,,34283,5,,,1,70,,34304,5,,,1,30,,34295,5,,,1,70,,34298,5,,,1,30,,34284,5,,,1,70,,34299,5,,,1,30,,34296,5,,,1,69,,34279,5,,,1,29,,34302,5,,,1
5900,'Samedi-3',705,,34466,5,,,1,30,,34469,5,,,1,70,,34462,5,,,1,30,,34468,5,,,1,70,,34465,5,,,1,30,,34470,5,,,1,70,,34474,5,,,1,30,,34475,5,,,1,70,,34464,5,,,1,30,,34463,5,,,1,71,,34473,5,,,1,30,,34467,5,,,1,70,,34471,5,,,1,30,,34476,5,,,1,70,,34472,5,,,1,30,,34477,5,,,1,70,,34478,5,,,1,30,,34479,5,,,1,70,,34480,5,,,1,30,,34481,5,,,1,70,,34482,5,,,1,30,,34483,5,,,1,69,,34484,5,,,1,30,,34485,5,,,1,70,,34486,5,,,1,30,,34488,5,,,1,70,,34487,5,,,1,30,,34490,5,,,1,70,,34489,5,,,1,30,,34491,5,,,1,70,,34492,5,,,1,30,,34494,5,,,1,70,,34493,5,,,1,30,,34495,5,,,1
5900,'Dimanche-3',705,,34502,5,,,1,30,,34497,5,,,1,70,,34500,5,,,1,30,,34505,5,,,1,70,,34509,5,,,1,30,,34498,5,,,1,70,,34501,5,,,1,30,,34507,5,,,1,70,,34508,5,,,1,30,,34496,5,,,1,71,,34499,5,,,1,30,,34504,5,,,1,70,,34506,5,,,1,30,,34503,5,,,1,70,,34511,5,,,1,30,,34516,5,,,1,70,,34510,5,,,1,30,,34521,5,,,1,70,,34522,5,,,1,30,,34513,5,,,1,70,,34517,5,,,1,30,,34528,5,,,1,69,,34512,5,,,1,30,,34518,5,,,1,70,,34514,5,,,1,30,,34519,5,,,1,70,,34524,5,,,1,30,,34525,5,,,1,70,,34515,5,,,1,30,,34529,5,,,1,70,,34523,5,,,1,30,,34520,5,,,1,70,,34527,5,,,1,30,,34526,5,,,1
5900,'Semaine-4',619,,34537,5,,,1,101,,34572,5,,,1,100,,34553,5,,,1,85,,34549,5,,,1,30,,34570,5,,,1,70,,34546,5,,,1,30,,34569,5,,,1,70,,34560,5,,,1,30,,34554,5,,,1,70,,34562,5,,,1,29,,34545,5,,,1,71,,34573,5,,,1,30,,34536,5,,,1,70,,34567,5,,,1,13,,34538,5,,,1,17,,34571,5,,,1,69,,34531,5,,,1,14,,34575,5,,,1,16,,34530,5,,,1,7,,34565,5,,,1,14,,34561,5,,,1,52,,34548,5,,,1,16,,34532,5,,,1,10,,34533,5,,,1,12,,34541,5,,,1,12,,34568,5,,,1,52,,34557,5,,,1,11,,34544,5,,,1,12,,34566,5,,,1,12,,34552,5,,,1,12,,34564,5,,,1,49,,34534,5,,,1,12,,34539,5,,,1,31,,34559,5,,,1,70,,34550,5,,,1,30,,34555,5,,,1,69,,34543,5,,,1,30,,34551,5,,,1,70,,34556,5,,,1,30,,34563,5,,,1,70,,34540,5,,,1,30,,34558,5,,,1,70,,34547,5,,,1,30,,34535,5,,,1,70,,34542,5,,,1
6700,'Samedi-3',707,,35170,5,,,2,100,,35169,5,,,1,100,,35168,5,,,1,30,,35164,5,,,1,70,,35172,5,,,1,30,,35165,5,,,1,70,,35166,5,,,1,31,,35171,5,,,1,70,,35176,5,,,1,30,,35167,5,,,1,70,,35175,5,,,1,30,,35173,5,,,1,70,,35174,5,,,1,30,,35177,5,,,2,70,,35178,5,,,2,30,,35179,5,,,1,70,,35180,5,,,1,30,,35181,5,,,2,70,,35182,5,,,2,30,,35183,5,,,1,70,,35184,5,,,1,29,,35185,5,,,2,70,,35186,5,,,1,30,,35187,5,,,1,100,,35191,5,,,2,100,,35188,5,,,1,100,,35189,5,,,1,100,,35190,5,,,1
6700,'Dimanche-3',707,,35198,5,,,2,100,,35192,5,,,1,100,,35195,5,,,1,30,,35197,5,,,1,70,,35203,5,,,1,30,,35200,5,,,1,70,,35206,5,,,1,31,,35208,5,,,1,70,,35202,5,,,1,30,,35204,5,,,1,70,,35193,5,,,1,30,,35194,5,,,1,70,,35196,5,,,1,30,,35199,5,,,2,70,,35205,5,,,2,30,,35201,5,,,1,70,,35207,5,,,1,30,,35216,5,,,2,70,,35215,5,,,2,30,,35211,5,,,1,70,,35209,5,,,1,29,,35219,5,,,2,70,,35210,5,,,1,30,,35217,5,,,1,100,,35214,5,,,2,100,,35213,5,,,1,100,,35212,5,,,1,100,,35218,5,,,1
6700,'Semaine-4',607,,35228,5,,,1,31,,35222,5,,,1,66,,35230,5,,,1,24,,35239,5,,,1,18,,35223,5,,,2,57,,35248,5,,,1,30,,35233,5,,,1,73,,35241,5,,,1,20,,35231,5,,,1,19,,35251,5,,,1,60,,35249,5,,,1,20,,35236,5,,,1,21,,35252,5,,,2,60,,35242,5,,,1,20,,35245,5,,,1,20,,35253,5,,,1,60,,35250,5,,,1,20,,35237,5,,,1,20,,35254,5,,,1,60,,35243,5,,,1,20,,35246,5,,,1,20,,35255,5,,,1,60,,35235,5,,,1,20,,35238,5,,,1,15,,35256,5,,,1,370,,35258,5,,,1,15,,35232,5,,,2,20,,35257,5,,,2,59,,35240,5,,,1,30,,35220,5,,,2,70,,35244,5,,,1,30,,35224,5,,,2,70,,35247,5,,,1,30,,35221,5,,,2,71,,35229,5,,,1,29,,35225,5,,,1,70,,35234,5,,,2,30,,35227,5,,,1,70,,35226,5,,,1
8500,'Semaine-4',1509,,36192,5,,,2,18,,36187,5,,,1,17,,36184,5,,,1,14,,36193,5,,,2,55,,36183,5,,,1,17,,36186,5,,,1,14,,36191,5,,,1,58,,36189,5,,,2,19,,36188,5,,,2,20,,36185,5,,,2,60,,36190,5,,,1
8700,'Semaine-4',1501,,36213,9,,,2,17,,36212,9,,,2,20,,36205,9,,,2,15,,36207,9,,,1,55,,36204,9,,,1,15,,36214,9,,,2,15,,36210,9,,,1,16,,36211,9,,,1,58,,36206,9,,,1,20,,36209,9,,,1,19,,36208,9,,,1
20000,'Semaine-4',1508,,36395,5,,,1,6,,36396,5,,,1,5,,36419,5,,,1,5,,36397,5,,,1,5,,36398,5,,,1,5,,36424,5,,,1,5,,36399,5,,,1,5,,36401,5,,,1,6,,36402,5,,,1,4,,36403,5,,,1,5,,36405,5,,,1,45,,36406,5,,,1,5,,36400,5,,,1,5,,36423,5,,,1,5,,36404,5,,,1,6,,36407,5,,,1,4,,36408,5,,,1,5,,36409,5,,,1,5,,36410,5,,,1,5,,36422,5,,,1,5,,36411,5,,,1,5,,36420,5,,,1,5,,36412,5,,,1,45,,36413,5,,,1,5,,36415,5,,,1,5,,36414,5,,,1,5,,36416,5,,,1,5,,36417,5,,,1,5,,36418,5,,,1,5,,36421,5,,,1
37100,'Samedi-3',745,,36470,5,,,1,101,,36474,5,,,1,99,,36469,5,,,1,100,,36475,5,,,1,100,,36471,5,,,1,100,,36472,5,,,1,100,,36473,5,,,1,100,,36476,5,,,1,100,,36477,5,,,1,100,,36478,5,,,1,100,,36479,5,,,1,100,,36480,5,,,1,100,,36481,5,,,1,100,,36482,5,,,1,100,,36483,5,,,1,100,,36484,5,,,1,100,,36485,5,,,1
37100,'Dimanche-3',745,,36486,5,,,1,101,,36492,5,,,1,99,,36493,5,,,1,100,,36494,5,,,1,100,,36487,5,,,1,100,,36489,5,,,1,100,,36488,5,,,1,100,,36490,5,,,1,100,,36491,5,,,1,100,,36496,5,,,1,100,,36501,5,,,1,100,,36495,5,,,1,100,,36497,5,,,1,100,,36502,5,,,1,100,,36500,5,,,1,100,,36498,5,,,1,100,,36499,5,,,1
37100,'Semaine-4',649,,36516,5,,,1,74,,36513,5,,,1,31,,36509,5,,,1,68,,36504,5,,,1,90,,36523,5,,,1,99,,36508,5,,,1,100,,36510,5,,,1,100,,36522,5,,,1,100,,36517,5,,,1,100,,36506,5,,,1,91,,36518,5,,,1,18,,36527,5,,,1,17,,36507,5,,,1,15,,36528,5,,,1,66,,36503,5,,,1,20,,36512,5,,,1,69,,36519,5,,,1,25,,36525,5,,,1,69,,36524,5,,,1,30,,36514,5,,,1,70,,36526,5,,,1,30,,36529,5,,,1,70,,36515,5,,,1,55,,36511,5,,,1,100,,36521,5,,,1,100,,36520,5,,,1,100,,36505,5,,,1
40000,'Samedi-3',559,,36589,5,,,1,60,,36590,5,,,1,15,,36593,5,,,1,15,,36598,5,,,1,55,,36607,5,,,1,15,,36608,5,,,1,15,,36591,5,,,1,15,,36595,5,,,1,55,,36592,5,,,1,15,,36616,5,,,1,15,,36594,5,,,1,15,,36597,5,,,1,55,,36596,5,,,1,15,,36599,5,,,1,15,,36617,5,,,1,15,,36615,5,,,1,55,,36618,5,,,1,16,,36600,5,,,1,14,,36602,5,,,1,15,,36605,5,,,1,55,,36606,5,,,1,15,,36601,5,,,1,15,,36612,5,,,1,15,,36614,5,,,1,55,,36619,5,,,1,15,,36604,5,,,1,15,,36603,5,,,1,15,,36609,5,,,1,55,,36610,5,,,1,15,,36611,5,,,1,15,,36620,5,,,1,15,,36613,5,,,1,55,,36621,5,,,1,15,,36622,5,,,1,15,,36623,5,,,1,15,,36624,5,,,1,55,,36625,5,,,1,15,,36626,5,,,1,15,,36627,5,,,1,15,,36628,5,,,1,55,,36629,5,,,1,15,,36630,5,,,1,15,,36631,5,,,1,15,,36632,5,,,1,55,,36633,5,,,1,14,,36634,5,,,1,16,,36635,5,,,1,15,,36636,5,,,1,55,,36642,5,,,1,15,,36637,5,,,1,15,,36638,5,,,1,15,,36639,5,,,1,55,,36640,5,,,1,15,,36641,5,,,1,15,,36645,5,,,1,16,,36643,5,,,1,54,,36644,5,,,1,16,,36649,5,,,1,14,,36648,5,,,1,15,,36647,5,,,1,55,,36646,5,,,1,15,,36653,5,,,1,15,,36650,5,,,1,15,,36651,5,,,1,55,,36652,5,,,1,15,,36660,5,,,1,15,,36655,5,,,1,15,,36654,5,,,1,55,,36656,5,,,1,15,,36657,5,,,1,15,,36658,5,,,1,15,,36659,5,,,1,55,,36661,5,,,1
40000,'Dimanche-3',559,,36662,5,,,1,60,,36664,5,,,1,15,,36669,5,,,1,15,,36675,5,,,1,55,,36677,5,,,1,15,,36663,5,,,1,15,,36666,5,,,1,15,,36673,5,,,1,55,,36680,5,,,1,15,,36684,5,,,1,15,,36668,5,,,1,15,,36676,5,,,1,55,,36687,5,,,1,15,,36665,5,,,1,15,,36667,5,,,1,15,,36674,5,,,1,55,,36681,5,,,1,16,,36682,5,,,1,14,,36698,5,,,1,15,,36697,5,,,1,55,,36688,5,,,1,15,,36679,5,,,1,15,,36689,5,,,1,15,,36692,5,,,1,55,,36701,5,,,1,15,,36670,5,,,1,15,,36699,5,,,1,15,,36696,5,,,1,55,,36700,5,,,1,15,,36678,5,,,1,15,,36671,5,,,1,15,,36702,5,,,1,55,,36693,5,,,1,15,,36685,5,,,1,15,,36683,5,,,1,15,,36690,5,,,1,55,,36695,5,,,1,15,,36705,5,,,1,15,,36672,5,,,1,15,,36707,5,,,1,55,,36694,5,,,1,15,,36686,5,,,1,15,,36717,5,,,1,15,,36691,5,,,1,55,,36726,5,,,1,14,,36712,5,,,1,16,,36716,5,,,1,15,,36732,5,,,1,55,,36723,5,,,1,15,,36704,5,,,1,15,,36718,5,,,1,15,,36708,5,,,1,55,,36725,5,,,1,15,,36711,5,,,1,15,,36715,5,,,1,16,,36731,5,,,1,54,,36724,5,,,1,16,,36703,5,,,1,13,,36728,5,,,1,16,,36722,5,,,1,55,,36730,5,,,1,15,,36706,5,,,1,15,,36710,5,,,1,15,,36714,5,,,1,55,,36720,5,,,1,15,,36734,5,,,1,15,,36727,5,,,1,15,,36721,5,,,1,55,,36729,5,,,1,15,,36733,5,,,1,15,,36709,5,,,1,15,,36713,5,,,1,55,,36719,5,,,1
40000,'Semaine-4',534,,36735,5,,,1,15,,36741,5,,,1,56,,36764,5,,,1,15,,36779,5,,,1,15,,36769,5,,,1,15,,36827,5,,,1,9,,36799,5,,,1,50,,36751,5,,,1,13,,36798,5,,,1,15,,36793,5,,,1,11,,36794,5,,,1,11,,36749,5,,,1,52,,36771,5,,,1,12,,36773,5,,,1,12,,36820,5,,,1,12,,36790,5,,,1,12,,36744,5,,,1,55,,36753,5,,,1,7,,36739,5,,,1,10,,36742,5,,,1,10,,36795,5,,,1,10,,36761,5,,,1,50,,36774,5,,,1,10,,36767,5,,,1,10,,36768,5,,,1,10,,36800,5,,,1,10,,36780,5,,,1,10,,36791,5,,,1,50,,36745,5,,,1,10,,36754,5,,,1,10,,36743,5,,,1,11,,36821,5,,,1,12,,36796,5,,,1,7,,36762,5,,,1,50,,36775,5,,,1,10,,36766,5,,,1,10,,36758,5,,,1,10,,36787,5,,,1,11,,36770,5,,,1,2,,36781,5,,,1,7,,36792,5,,,1,51,,36746,5,,,1,10,,36756,5,,,1,10,,36748,5,,,1,10,,36738,5,,,1,10,,36797,5,,,1,10,,36778,5,,,1,50,,36776,5,,,1,6,,36788,5,,,1,6,,36765,5,,,1,6,,36757,5,,,1,6,,36805,5,,,1,8,,36806,5,,,1,3,,36807,5,,,1,5,,36808,5,,,1,5,,36809,5,,,1,5,,36819,5,,,1,4,,36825,5,,,1,44,,36810,5,,,1,237,,36811,5,,,1,4,,36812,5,,,1,5,,36813,5,,,1,6,,36814,5,,,1,5,,36826,5,,,1,45,,36815,5,,,1,6,,36816,5,,,1,10,,36817,5,,,1,12,,36818,5,,,1,12,,36782,5,,,1,12,,36783,5,,,1,52,,36777,5,,,1,12,,36803,5,,,1,12,,36786,5,,,1,12,,36772,5,,,1,12,,36750,5,,,1,52,,36822,5,,,1,12,,36755,5,,,1,12,,36823,5,,,1,11,,36763,5,,,1,12,,36784,5,,,1,52,,36824,5,,,1,14,,36760,5,,,1,15,,36804,5,,,1,15,,36802,5,,,1,55,,36747,5,,,1,15,,36736,5,,,1,15,,36752,5,,,1,15,,36785,5,,,1,55,,36759,5,,,1,15,,36789,5,,,1,15,,36801,5,,,1,13,,36740,5,,,1,57,,36737,5,,,1
