'H01U924S-Semaine-1-24ETE-1111100-',3600,92700,4,'',1,11600,4,'',1,9300,4,'',1,10000,4,'',1,9700,4,'',1,10300,4,'',1,11600,4,'',1
'H01U924S-Semaine-11-24ETE-1111100-',3600,92700,4,'',1,11600,4,'',1,9300,4,'',1,10000,4,'',1,9700,4,'',1,10300,4,'',1,11600,4,'',1
'H01U924S-Semaine-2-24ETE-1111100-',3600,92700,4,'',1,11600,4,'',1,9300,4,'',1,10000,4,'',1,9700,4,'',1,10300,4,'',1,11600,4,'',1
'H01U924S-Semaine-3-24ETE-1111100-',3600,92700,4,'',1,11600,4,'',1,9300,4,'',1,10000,4,'',1,9700,4,'',1,10300,4,'',1,11600,4,'',1
'H01U024A-Dimanche-1-24ETE-0000001-',3700,75400,4,'',1,10000,4,'',1,10000,4,'',1,10100,4,'',1,9900,4,'',1,10000,4,'',1,10200,4,'',1,9800,4,'',1,10000,4,'',1,10000,4,'',1,10000,4,'',1,10100,4,'',1,9300,4,'',1,10000,4,'',1,10000,4,'',1,10000,4,'',1,10000,4,'',1,9700,4,'',1
'H01U024I-Dimanche-1-24ETE-0000001-',3700,75400,4,'',1,10000,4,'',1,10000,4,'',1,10000,4,'',1,10000,4,'',1,10200,4,'',1,9800,4,'',1,10000,4,'',1,10000,4,'',1,10000,4,'',1,10000,4,'',1,10000,4,'',1,9400,4,'',1,10000,4,'',1,10000,4,'',1,10000,4,'',1,9800,4,'',1,10200,4,'',1
'H01U024I-Dimanche-11-24ETE-0000001-',3700,75400,4,'',1,10000,4,'',1,10000,4,'',1,10000,4,'',1,10000,4,'',1,10200,4,'',1,9800,4,'',1,10000,4,'',1,10000,4,'',1,10000,4,'',1,10000,4,'',1,10000,4,'',1,9400,4,'',1,10000,4,'',1,10000,4,'',1,10000,4,'',1,9800,4,'',1,10200,4,'',1
'H01U024I-Dimanche-2-24ETE-0000001-',3700,75400,4,'',1,10000,4,'',1,10000,4,'',1,10000,4,'',1,10000,4,'',1,10200,4,'',1,9800,4,'',1,10000,4,'',1,10000,4,'',1,10000,4,'',1,10000,4,'',1,10000,4,'',1,9400,4,'',1,10000,4,'',1,10000,4,'',1,10000,4,'',1,9800,4,'',1,10200,4,'',1
'H01U924S-Semaine-1-24ETE-1111100-',3700,70900,4,'',1,4400,4,'',1,7500,4,'',1,1300,4,'',1,8600,4,'',1,9000,4,'',1,9800,4,'',1,10000,4,'',1,9900,4,'',1,10000,4,'',1,12000,4,'',1,2200,4,'',1,6400,4,'',1,1500,4,'',1,1300,4,'',1,6100,4,'',1,3000,4,'',1,1700,4,'',1,6900,4,'',1,3000,4,'',1,6700,4,'',1,3700,4,'',1,7700,4,'',1,9100,4,'',1,3000,4,'',1,9600,4,'',1,9700,4,'',1,15300,4,'',1
'H01U924S-Semaine-11-24ETE-1111100-',3700,70900,4,'',1,4400,4,'',1,7500,4,'',1,1300,4,'',1,8600,4,'',1,9000,4,'',1,9800,4,'',1,10000,4,'',1,9900,4,'',1,10000,4,'',1,12000,4,'',1,2200,4,'',1,6400,4,'',1,1500,4,'',1,1300,4,'',1,6100,4,'',1,3000,4,'',1,1700,4,'',1,6900,4,'',1,3000,4,'',1,6700,4,'',1,3700,4,'',1,7700,4,'',1,9100,4,'',1,3000,4,'',1,9600,4,'',1,9700,4,'',1,15300,4,'',1
'H01U924S-Semaine-2-24ETE-1111100-',3700,70900,4,'',1,4400,4,'',1,7500,4,'',1,1300,4,'',1,8600,4,'',1,9000,4,'',1,9800,4,'',1,10000,4,'',1,9900,4,'',1,10000,4,'',1,12000,4,'',1,2200,4,'',1,6400,4,'',1,1500,4,'',1,1300,4,'',1,6100,4,'',1,3000,4,'',1,1700,4,'',1,6900,4,'',1,3000,4,'',1,6700,4,'',1,3700,4,'',1,7700,4,'',1,9100,4,'',1,3000,4,'',1,9600,4,'',1,9700,4,'',1,15300,4,'',1
'H01U924S-Semaine-3-24ETE-1111100-',3700,70900,4,'',1,4400,4,'',1,7500,4,'',1,1300,4,'',1,8600,4,'',1,9000,4,'',1,9800,4,'',1,10000,4,'',1,9900,4,'',1,10000,4,'',1,12000,4,'',1,2200,4,'',1,6400,4,'',1,1500,4,'',1,1300,4,'',1,6100,4,'',1,3000,4,'',1,1700,4,'',1,6900,4,'',1,3000,4,'',1,6700,4,'',1,3700,4,'',1,7700,4,'',1,9100,4,'',1,3000,4,'',1,9600,4,'',1,9700,4,'',1,15300,4,'',1
'H01U924S-Semaine-1-24ETE-1111100-',6801,64200,4,'',1,7200,4,'',1,2000,4,'',1,1200,4,'',1,6900,4,'',1,2700,4,'',1,7000,4,'',1,3000,4,'',1,7000,4,'',1,3000,4,'',1,7000,4,'',1,3000,4,'',1,7000,4,'',1,3000,4,'',1,7400,4,'',1,2400,4,'',1,7000,4,'',1,3000,4,'',1,7000,4,'',1,3000,4,'',1,7200,4,'',1,3400,4,'',1,7000,4,'',1,2900,4,'',1,10100,4,'',1
'H01U924S-Semaine-11-24ETE-1111100-',6801,64200,4,'',1,7200,4,'',1,2000,4,'',1,1200,4,'',1,6900,4,'',1,2700,4,'',1,7000,4,'',1,3000,4,'',1,7000,4,'',1,3000,4,'',1,7000,4,'',1,3000,4,'',1,7000,4,'',1,3000,4,'',1,7400,4,'',1,2400,4,'',1,7000,4,'',1,3000,4,'',1,7000,4,'',1,3000,4,'',1,7200,4,'',1,3400,4,'',1,7000,4,'',1,2900,4,'',1,10100,4,'',1
'H01U924S-Semaine-2-24ETE-1111100-',6801,64200,4,'',1,7200,4,'',1,2000,4,'',1,1200,4,'',1,6900,4,'',1,2700,4,'',1,7000,4,'',1,3000,4,'',1,7000,4,'',1,3000,4,'',1,7000,4,'',1,3000,4,'',1,7000,4,'',1,3000,4,'',1,7400,4,'',1,2400,4,'',1,7000,4,'',1,3000,4,'',1,7000,4,'',1,3000,4,'',1,7200,4,'',1,3400,4,'',1,7000,4,'',1,2900,4,'',1,10100,4,'',1
'H01U924S-Semaine-3-24ETE-1111100-',6801,64200,4,'',1,7200,4,'',1,2000,4,'',1,1200,4,'',1,6900,4,'',1,2700,4,'',1,7000,4,'',1,3000,4,'',1,7000,4,'',1,3000,4,'',1,7000,4,'',1,3000,4,'',1,7000,4,'',1,3000,4,'',1,7400,4,'',1,2400,4,'',1,7000,4,'',1,3000,4,'',1,7000,4,'',1,3000,4,'',1,7200,4,'',1,3400,4,'',1,7000,4,'',1,2900,4,'',1,10100,4,'',1
