1800,'Semaine-4',1250,,32614,13,,,1,278,,32613,13,,,1,99,,32616,13,,,1,29,,32615,13,,,1
2601,'Semaine-4',614,,32655,32,,,1,30,,32657,32,,,1,71,,32658,32,,,2,33,,32656,32,,,1,72,,32654,32,,,1
2901,'Semaine-4',728,,32679,18,,,1,31,,32682,18,,,2,67,,32680,18,,,2,28,,32681,18,,,1
3201,'Semaine-4',530,,32943,30,,,1,21,,32942,30,,,1,59,,32934,30,,,1,20,,32944,30,,,1,9,,32924,30,,,1,9,,32945,30,,,1,52,,32925,30,,,2,10,,32926,30,,,1,9,,32918,30,,,1,9,,32921,30,,,1,7,,32947,30,,,1,9,,32927,30,,,1,9,,32922,30,,,1,49,,32935,30,,,1,8,,32917,30,,,2,6,,32928,30,,,1,8,,32946,30,,,1,9,,32916,30,,,1,11,,32915,30,,,1,11,,32920,30,,,1,45,,32923,30,,,1,10,,32929,30,,,2,21,,32903,30,,,2,70,,32913,30,,,1,30,,32906,30,,,1,70,,32909,30,,,2,30,,32902,30,,,2,70,,32912,30,,,1,30,,32907,30,,,1,70,,32914,30,,,1,31,,32896,30,,,1,69,,32901,30,,,1,31,,32908,30,,,1,70,,32919,30,,,1,30,,32936,30,,,1,70,,32937,30,,,1,30,,32938,30,,,2,70,,32939,30,,,2,31,,32940,30,,,1,69,,32941,30,,,1,30,,32899,30,,,2,70,,32897,30,,,1,36,,32910,30,,,1,62,,32905,30,,,1,30,,32900,30,,,2,70,,32898,30,,,1,30,,32911,30,,,1,29,,32904,30,,,1,70,,32931,30,,,2,30,,32930,30,,,1,70,,32932,30,,,1,30,,32933,30,,,1
3401,'Samedi-3',719,,33204,51,,,1,100,,33207,51,,,2,30,,33216,51,,,1,73,,33205,51,,,1,29,,33210,51,,,1,70,,33212,51,,,1,31,,33206,51,,,2,70,,33215,51,,,1,32,,33208,51,,,1,70,,33217,51,,,1,29,,33209,51,,,1,70,,33211,51,,,1,30,,33213,51,,,2,70,,33214,51,,,2,30,,33218,51,,,1,70,,33219,51,,,2,30,,33220,51,,,1,70,,33221,51,,,1,31,,33222,51,,,1,69,,33223,51,,,1,30,,33224,51,,,2,70,,33225,51,,,1,27,,33226,51,,,1,70,,33228,51,,,1,31,,33227,51,,,2,70,,33229,51,,,1,30,,33230,51,,,1,68,,33231,51,,,1,30,,33233,51,,,1,70,,33232,51,,,1,30,,33234,51,,,1,96,,33235,51,,,1
3401,'Dimanche-3',719,,33237,51,,,1,100,,33248,51,,,2,30,,33241,51,,,1,73,,33244,51,,,1,29,,33243,51,,,1,70,,33252,51,,,1,31,,33249,51,,,2,70,,33236,51,,,1,32,,33247,51,,,1,70,,33240,51,,,1,29,,33238,51,,,1,70,,33239,51,,,1,30,,33242,51,,,2,70,,33250,51,,,2,30,,33246,51,,,1,70,,33245,51,,,2,30,,33251,51,,,1,70,,33256,51,,,1,31,,33254,51,,,1,69,,33260,51,,,1,30,,33263,51,,,2,70,,33253,51,,,1,27,,33262,51,,,1,70,,33255,51,,,1,31,,33259,51,,,2,70,,33266,51,,,1,30,,33258,51,,,1,68,,33257,51,,,1,30,,33264,51,,,1,70,,33265,51,,,1,30,,33261,51,,,1,96,,33267,51,,,1
3401,'Semaine-4',929,,33293,51,,,1,28,,33273,51,,,1,70,,33277,51,,,1,30,,33297,51,,,1,70,,33270,51,,,1,30,,33274,51,,,1,70,,33278,51,,,1,30,,33268,51,,,1,70,,33271,51,,,1,30,,33275,51,,,1,71,,33279,51,,,1,30,,33272,51,,,1,70,,33294,51,,,1,31,,33269,51,,,1,72,,33295,51,,,1,71,,33296,51,,,2,29,,33290,51,,,1,27,,33286,51,,,1,69,,33276,51,,,1,29,,33283,51,,,1,69,,33292,51,,,1,29,,33280,51,,,1,70,,33282,51,,,1,30,,33284,51,,,1,70,,33288,51,,,1,30,,33281,51,,,1,70,,33287,51,,,1,28,,33285,51,,,1,70,,33289,51,,,1,30,,33291,51,,,1
4001,'Semaine-4',630,,33898,50,,,1,72,,33897,50,,,1,32,,33900,50,,,2,74,,33896,50,,,2,25,,33895,50,,,1,68,,33899,50,,,1
4101,'Semaine-4',654,,33908,41,,,1,72,,33909,41,,,2,32,,33910,41,,,2,70,,33907,41,,,1,29,,33906,41,,,1
4501,'Semaine-4',645,,33921,44,,,1,70,,33925,44,,,1,34,,33924,44,,,2,70,,33923,44,,,1,26,,33926,44,,,2,70,,33922,44,,,1
4701,'Semaine-4',632,,33932,37,,,2,87,,33933,37,,,1,87,,33930,37,,,2,27,,33931,37,,,1
5501,'Samedi-3',717,,34319,49,,,1,30,,34322,49,,,1,70,,34321,49,,,1,30,,34331,49,,,1,70,,34320,49,,,1,30,,34323,49,,,1,70,,34324,49,,,1,30,,34330,49,,,1,73,,34326,49,,,1,30,,34327,49,,,1,71,,34325,49,,,1,28,,34333,49,,,1,70,,34332,49,,,1,30,,34328,49,,,1,70,,34329,49,,,1,30,,34334,49,,,1,70,,34335,49,,,1,30,,34336,49,,,1,70,,34337,49,,,1,30,,34338,49,,,1,70,,34339,49,,,1,30,,34340,49,,,1,70,,34341,49,,,1,28,,34342,49,,,1,70,,34343,49,,,1,30,,34344,49,,,1,70,,34345,49,,,1,28,,34346,49,,,1,70,,34347,49,,,1,30,,34349,49,,,1,68,,34348,49,,,1,32,,34351,49,,,1,68,,34350,49,,,1
5501,'Dimanche-3',717,,34353,49,,,1,30,,34358,49,,,1,70,,34354,49,,,1,30,,34362,49,,,1,70,,34365,49,,,1,30,,34357,49,,,1,70,,34369,49,,,1,30,,34363,49,,,1,73,,34364,49,,,1,30,,34355,49,,,1,71,,34352,49,,,1,28,,34359,49,,,1,70,,34366,49,,,1,30,,34356,49,,,1,70,,34367,49,,,1,30,,34361,49,,,1,70,,34360,49,,,1,30,,34370,49,,,1,70,,34374,49,,,1,30,,34368,49,,,1,70,,34371,49,,,1,30,,34381,49,,,1,70,,34378,49,,,1,28,,34383,49,,,1,70,,34384,49,,,1,30,,34372,49,,,1,70,,34375,49,,,1,28,,34373,49,,,1,70,,34376,49,,,1,30,,34377,49,,,1,68,,34380,49,,,1,31,,34382,49,,,1,69,,34379,49,,,1
5501,'Semaine-4',533,,34398,49,,,1,15,,34405,49,,,1,54,,34404,48,,,1,18,,34388,48,,,1,15,,34426,48,,,1,21,,34425,48,,,1,49,,34385,48,,,1,14,,34430,48,,,1,15,,34411,48,,,1,15,,34419,48,,,1,55,,34389,48,,,1,9,,34393,48,,,1,12,,34391,48,,,1,9,,34420,48,,,1,4,,34422,48,,,1,13,,34399,48,,,1,71,,34403,48,,,1,10,,34390,48,,,1,11,,34424,48,,,1,70,,34417,49,,,1,23,,34429,16,,,1,8,,34421,49,,,1,69,,34387,49,,,1,29,,34394,49,,,1,71,,34407,49,,,1,29,,34418,49,,,1,70,,34414,49,,,1,30,,34395,49,,,1,70,,34427,49,,,1,30,,34386,49,,,1,73,,34392,49,,,1,89,,34396,49,,,1,97,,34401,49,,,1,100,,34406,49,,,1,101,,34423,49,,,1,20,,34412,49,,,1,30,,34400,49,,,1,70,,34416,49,,,1,30,,34409,49,,,1,70,,34428,49,,,1,30,,34402,49,,,1,70,,34408,49,,,1,29,,34410,49,,,1,70,,34397,49,,,1,28,,34415,49,,,1,70,,34413,49,,,1
5901,'Samedi-3',728,,34577,38,,,1,30,,34584,38,,,1,72,,34581,38,,,1,70,,34586,38,,,1,30,,34578,38,,,1,70,,34583,38,,,1,31,,34582,38,,,1,70,,34585,38,,,1,30,,34589,38,,,1,71,,34590,38,,,1,30,,34579,38,,,1,70,,34580,38,,,1,30,,34588,38,,,1,70,,34587,38,,,1,30,,34591,38,,,1,70,,34592,38,,,1,30,,34593,38,,,1,70,,34594,38,,,1,30,,34595,38,,,1,70,,34596,38,,,1,30,,34597,38,,,1,70,,34598,38,,,1,30,,34599,38,,,1,27,,34600,38,,,1,70,,34601,38,,,1,71,,34603,38,,,1,30,,34602,38,,,1,28,,34604,38,,,1,70,,34605,38,,,1,30,,34606,38,,,1,70,,34608,38,,,1,28,,34607,38,,,1
5901,'Dimanche-3',728,,34615,38,,,1,30,,34618,38,,,1,72,,34620,38,,,1,70,,34611,38,,,1,30,,34614,38,,,1,70,,34617,38,,,1,31,,34621,38,,,1,70,,34609,38,,,1,30,,34612,38,,,1,71,,34626,38,,,1,30,,34619,38,,,1,70,,34610,38,,,1,30,,34613,38,,,1,70,,34616,38,,,1,30,,34623,38,,,1,70,,34622,38,,,1,30,,34625,38,,,1,70,,34627,38,,,1,30,,34624,38,,,1,70,,34633,38,,,1,30,,34634,38,,,1,70,,34630,38,,,1,30,,34629,38,,,1,27,,34639,38,,,1,70,,34636,38,,,1,71,,34637,38,,,1,30,,34628,38,,,1,28,,34631,38,,,1,70,,34635,38,,,1,30,,34632,38,,,1,70,,34638,38,,,1,28,,34640,38,,,1
5901,'Semaine-4',527,,34645,38,,,1,13,,34681,38,,,1,16,,34654,38,,,1,55,,34675,37,,,1,17,,34655,37,,,1,15,,34644,37,,,1,6,,34646,37,,,1,62,,34649,37,,,1,7,,34684,15,,,1,11,,34685,15,,,1,9,,34652,37,,,1,5,,34686,15,,,1,13,,34653,37,,,1,54,,34648,37,,,1,10,,34677,37,,,1,9,,34663,37,,,1,6,,34668,37,,,1,13,,34642,37,,,1,52,,34658,37,,,1,13,,34643,37,,,1,12,,34661,37,,,1,32,,34687,37,,,1,70,,34682,38,,,1,30,,34669,38,,,1,70,,34651,38,,,1,30,,34662,38,,,1,70,,34665,38,,,1,30,,34650,38,,,1,71,,34679,38,,,1,29,,34641,38,,,1,70,,34683,38,,,1,30,,34673,38,,,1,76,,34676,38,,,1,100,,34680,38,,,1,100,,34660,38,,,1,98,,34667,38,,,1,76,,34672,38,,,1,30,,34659,38,,,1,70,,34666,38,,,1,30,,34671,38,,,1,69,,34678,38,,,1,30,,34656,38,,,1,70,,34674,38,,,1,30,,34664,38,,,1,70,,34647,38,,,1,30,,34657,38,,,1,70,,34670,38,,,1
32901,'Semaine-4',1658,,36466,45,0,7 8,1
65501,'Semaine-4',1528,,37125,37,0,9 10,1
73401,'Semaine-4',835,,37131,55,0,5 11,1
74001,'Semaine-4',833,,37134,51,0,5 11,1,2,,37135,51,0,5 11,1
80000,'Samedi-3',735,,37142,42,,,2,101,,37143,42,,,1,100,,37144,42,,,2,101,,37146,42,,,1,100,,37147,42,,,2,100,,37145,42,,,2,100,,37148,42,,,1,100,,37149,42,,,2,100,,37150,42,,,1,100,,37151,42,,,1,98,,37152,42,,,2,100,,37153,42,,,1,100,,37156,42,,,1,99,,37154,42,,,1,100,,37155,42,,,2,98,,37157,42,,,1,100,,37158,42,,,1
80000,'Dimanche-3',735,,37163,42,,,2,101,,37159,42,,,1,100,,37164,42,,,2,101,,37160,42,,,1,100,,37161,42,,,2,100,,37165,42,,,2,100,,37162,42,,,1,100,,37167,42,,,2,100,,37166,42,,,1,100,,37168,42,,,1,98,,37171,42,,,2,100,,37169,42,,,1,100,,37170,42,,,1,99,,37172,42,,,1,100,,37173,42,,,2,98,,37175,42,,,1,100,,37174,42,,,1
80000,'Semaine-4',614,,37207,41,,,1,30,,37189,41,,,1,71,,37179,41,,,1,14,,37182,41,,,1,16,,37202,41,,,1,74,,37190,41,,,1,18,,37178,41,,,1,64,,37204,41,,,1,30,,37181,42,,,2,70,,37199,42,,,1,30,,37193,42,,,1,71,,37211,42,,,1,29,,37180,42,,,1,70,,37197,42,,,2,30,,37195,42,,,1,70,,37210,42,,,1,30,,37192,42,,,1,70,,37205,42,,,1,32,,37194,42,,,1,71,,37201,42,,,1,32,,37200,42,,,2,71,,37196,42,,,1,30,,37208,42,,,2,71,,37183,42,,,1,28,,37191,42,,,1,68,,37185,42,,,1,29,,37206,42,,,1,69,,37184,42,,,1,30,,37188,42,,,1,70,,37176,42,,,1,30,,37209,42,,,1,69,,37186,42,,,1,27,,37187,42,,,1,30,,37203,42,,,1,68,,37177,42,,,1,28,,37198,42,,,1
82901,'Semaine-4',802,,37295,18,0,9 12 13,1,1,,37296,18,0,9 12 13,1,1,,37297,18,0,9 12 13,2
