1501,'Semaine-1-_26ÉTÉ-1111100-',658,,37309,5,,,2
1501,'Semaine-10-_26ÉTÉ-1111100-',658,,37310,5,,,2
1501,'Semaine-11-_26ÉTÉ-1111100-',658,,45359,5,,,2
6900,'Samedi-0-_26ÉTÉ-0000010-',856,,42224,22,,,1,100,,42223,22,,,1,100,,42225,22,,,1,100,,42227,22,,,1,100,,42226,22,,,1,100,,42228,22,,,1,101,,42229,22,,,1,99,,42230,22,,,1,100,,42231,22,,,1,100,,42232,22,,,1,100,,42233,22,,,1,100,,42234,22,,,2,100,,42235,22,,,2,100,,42236,22,,,2,100,,42237,22,,,2
6900,'Samedi-10-_26ÉTÉ-0000010-',856,,47489,22,,,1,100,,47488,22,,,1,100,,47490,22,,,1,100,,47492,22,,,1,100,,47491,22,,,1,100,,47493,22,,,1,101,,47494,22,,,1,99,,47495,22,,,1,100,,47496,22,,,1,100,,47497,22,,,1,100,,47498,22,,,1,100,,47499,22,,,2,100,,47500,22,,,2,100,,47501,22,,,2,100,,47502,22,,,2
6900,'Dimanche-0-_26ÉTÉ-0000001-',856,,42240,22,,,1,100,,42241,22,,,1,100,,42238,22,,,1,100,,42239,22,,,1,100,,42242,22,,,1,100,,42243,22,,,1,101,,42246,22,,,1,99,,42247,22,,,1,100,,42244,22,,,1,100,,42245,22,,,1,100,,42252,22,,,1,100,,42250,22,,,2,100,,42251,22,,,2,100,,42248,22,,,2,100,,42249,22,,,2
6900,'Dimanche-10-_26ÉTÉ-0000001-',856,,42255,22,,,1,100,,42256,22,,,1,100,,42253,22,,,1,100,,42254,22,,,1,100,,42257,22,,,1,100,,42258,22,,,1,101,,42261,22,,,1,99,,42262,22,,,1,100,,42259,22,,,1,100,,42260,22,,,1,100,,42267,22,,,1,100,,42265,22,,,2,100,,42266,22,,,2,100,,42263,22,,,2,100,,42264,22,,,2
6900,'Semaine-1-_26ÉTÉ-1111100-',849,,42277,22,,,1,101,,42278,22,,,2,100,,42279,22,,,2,100,,42280,22,,,2,95,,42281,22,,,2,100,,42282,22,,,1,100,,42286,22,,,2,70,,42273,22,,,1,30,,42270,22,,,2,71,,42268,22,,,1,29,,42283,22,,,2,72,,42274,22,,,2,28,,42284,22,,,2,70,,42287,22,,,2,30,,42285,22,,,2,80,,42276,22,,,2,100,,42275,22,,,2,100,,42269,22,,,1,100,,42272,22,,,1,100,,42271,22,,,1
6900,'Semaine-10-_26ÉTÉ-1111100-',849,,42297,22,,,1,101,,42298,22,,,2,100,,42299,22,,,2,100,,42300,22,,,2,95,,42301,22,,,2,100,,42302,22,,,1,100,,42306,22,,,2,70,,42293,22,,,1,30,,42290,22,,,2,71,,42288,22,,,1,29,,42303,22,,,2,72,,42294,22,,,2,28,,42304,22,,,2,70,,42307,22,,,2,30,,42305,22,,,2,80,,42296,22,,,2,100,,42295,22,,,2,100,,42289,22,,,2,100,,42292,22,,,2,100,,42291,22,,,2
6900,'Semaine-11-_26ÉTÉ-1111100-',849,,47512,22,,,1,101,,47513,22,,,2,100,,47514,22,,,2,100,,47515,22,,,2,95,,47516,22,,,2,100,,47517,22,,,1,100,,47521,22,,,2,70,,47508,22,,,1,30,,47505,22,,,2,71,,47503,22,,,1,29,,47518,22,,,2,72,,47509,22,,,2,28,,47519,22,,,2,70,,47522,22,,,2,30,,47520,22,,,2,80,,47511,22,,,2,100,,47510,22,,,2,100,,47504,22,,,1,100,,47507,22,,,1,100,,47506,22,,,1
