4200,'Semaine-1-_26ÉTÉ-1111100-',631,,39617,18,,,1,106,,39618,18,,,1,902,,39619,18,,,1,100,,39620,18,,,1
4200,'Semaine-10-_26ÉTÉ-1111100-',631,,39621,18,,,1,106,,39622,18,,,1,902,,39623,18,,,1,100,,39624,18,,,1
4200,'Semaine-11-_26ÉTÉ-1111100-',631,,46369,18,,,1,106,,46370,18,,,1,902,,46371,18,,,1,100,,46372,18,,,1
4200,'Semaine-12-_26ÉTÉ-1111100-',631,,53089,18,,,1,106,,53090,18,,,1,902,,53091,18,,,1,100,,53092,18,,,1
4200,'Semaine-5-_26ÉTÉ-1111100-',631,,50653,18,,,1,106,,50654,18,,,1,902,,50655,18,,,1,100,,50656,18,,,1
5200,'Samedi-0-_26ÉTÉ-0000010-',629,,39909,7,,,1,100,,39910,7,,,2,100,,39911,7,,,1,100,,39912,7,,,2,100,,39913,7,,,1,101,,39914,7,,,1,101,,39915,7,,,2,100,,39916,7,,,2,99,,39917,7,,,1,100,,39918,7,,,2,100,,39919,7,,,1,100,,39920,7,,,1,99,,39921,7,,,1,100,,39924,7,,,1,100,,39922,7,,,1,100,,39923,7,,,2,99,,39925,7,,,2,100,,39926,7,,,1
5200,'Dimanche-0-_26ÉTÉ-0000001-',629,,39928,7,,,1,100,,39927,7,,,2,100,,39929,7,,,1,100,,39930,7,,,2,100,,39932,7,,,1,101,,39937,7,,,1,101,,39931,7,,,2,100,,39934,7,,,2,99,,39935,7,,,1,100,,39933,7,,,2,100,,39936,7,,,1,100,,39943,7,,,1,99,,39942,7,,,1,100,,39938,7,,,1,100,,39944,7,,,1,100,,39941,7,,,2,99,,39940,7,,,2,100,,39939,7,,,1
5200,'Dimanche-10-_26ÉTÉ-0000001-',629,,39946,7,,,1,100,,39945,7,,,2,100,,39947,7,,,1,100,,39948,7,,,2,100,,39950,7,,,1,101,,39955,7,,,1,101,,39949,7,,,2,100,,39952,7,,,2,99,,39953,7,,,1,100,,39951,7,,,2,100,,39954,7,,,1,100,,39961,7,,,1,99,,39960,7,,,1,100,,39956,7,,,1,100,,39962,7,,,1,100,,39959,7,,,2,99,,39958,7,,,2,100,,39957,7,,,1
5200,'Dimanche-11-_26ÉTÉ-0000001-',629,,49171,7,,,1,100,,49170,7,,,2,100,,49172,7,,,1,100,,49173,7,,,2,100,,49175,7,,,1,101,,49180,7,,,1,101,,49174,7,,,2,100,,49177,7,,,2,99,,49178,7,,,1,100,,49176,7,,,2,100,,49179,7,,,1,100,,49186,7,,,1,99,,49185,7,,,1,100,,49181,7,,,1,100,,49187,7,,,1,100,,49184,7,,,2,99,,49183,7,,,2,100,,49182,7,,,1
5200,'Semaine-1-_26ÉTÉ-1111100-',559,,39966,7,,,1,98,,39968,7,,,1,147,,39963,7,,,1,99,,39979,7,,,1,97,,39977,7,,,2,100,,39964,7,,,1,100,,39971,7,,,1,100,,39970,7,,,1,100,,39967,7,,,1,59,,39965,7,,,1,147,,39969,7,,,1,103,,39980,7,,,1,107,,39978,7,,,1,99,,39972,7,,,1,85,,39976,7,,,1,100,,39975,7,,,1,100,,39973,7,,,1,100,,39974,7,,,1
5200,'Semaine-10-_26ÉTÉ-1111100-',559,,39984,7,,,1,98,,39986,7,,,1,147,,39981,7,,,1,99,,39997,7,,,1,97,,39995,7,,,2,100,,39982,7,,,1,100,,39989,7,,,1,100,,39988,7,,,1,100,,39985,7,,,1,59,,39983,7,,,1,147,,39987,7,,,1,103,,39998,7,,,1,107,,39996,7,,,1,99,,39990,7,,,1,85,,39994,7,,,1,100,,39993,7,,,1,100,,39991,7,,,1,100,,39992,7,,,1
5200,'Semaine-11-_26ÉTÉ-1111100-',559,,46519,7,,,1,98,,46521,7,,,1,147,,46516,7,,,1,99,,46532,7,,,1,97,,46530,7,,,2,100,,46517,7,,,1,100,,46524,7,,,1,100,,46523,7,,,1,100,,46520,7,,,1,59,,46518,7,,,1,147,,46522,7,,,1,103,,46533,7,,,1,107,,46531,7,,,1,99,,46525,7,,,1,85,,46529,7,,,1,100,,46528,7,,,1,100,,46526,7,,,1,100,,46527,7,,,1
5200,'Semaine-12-_26ÉTÉ-1111100-',559,,53187,7,,,1,98,,53189,7,,,1,147,,53184,7,,,1,99,,53200,7,,,1,97,,53198,7,,,2,100,,53185,7,,,1,100,,53192,7,,,1,100,,53191,7,,,1,100,,53188,7,,,1,59,,53186,7,,,1,147,,53190,7,,,1,103,,53201,7,,,1,107,,53199,7,,,1,99,,53193,7,,,1,85,,53197,7,,,1,100,,53196,7,,,1,100,,53194,7,,,1,100,,53195,7,,,1
5200,'Semaine-5-_26ÉTÉ-1111100-',559,,50753,7,,,1,98,,50755,7,,,1,147,,50750,7,,,1,99,,50766,7,,,1,97,,50764,7,,,2,100,,50751,7,,,1,100,,50758,7,,,1,100,,50757,7,,,1,100,,50754,7,,,1,59,,50752,7,,,1,147,,50756,7,,,1,103,,50767,7,,,1,107,,50765,7,,,1,99,,50759,7,,,1,85,,50763,7,,,1,100,,50762,7,,,1,100,,50760,7,,,1,100,,50761,7,,,1
5400,'Semaine-1-_26ÉTÉ-1111100-',1551,,40089,5,,,2,102,,40090,5,,,2,98,,40091,5,,,1
5400,'Semaine-10-_26ÉTÉ-1111100-',1551,,40092,5,,,1,102,,40093,5,,,2,98,,40094,5,,,1
5400,'Semaine-11-_26ÉTÉ-1111100-',1551,,46570,5,,,2,102,,46571,5,,,2,98,,46572,5,,,1
5400,'Semaine-12-_26ÉTÉ-1111100-',1551,,53220,5,,,2,102,,53221,5,,,2,98,,53222,5,,,1
5400,'Semaine-5-_26ÉTÉ-1111100-',1551,,50786,5,,,2,102,,50787,5,,,2,98,,50788,5,,,1
