2000,'Semaine-1-_26ÉTÉ-1111100-',657,,24571,21,,,1,99,,24570,21,,,1,101,,24569,21,,,2
2000,'Semaine-10-_26ÉTÉ-1111100-',657,,26978,21,,,1,99,,26977,21,,,1,101,,26976,21,,,2
2700,'Semaine-1-_26ÉTÉ-1111100-',1609,,24610,23,,,1,30,,24608,23,,,2,67,,24612,23,,,1,31,,24609,23,,,1,68,,24611,23,,,2
2700,'Semaine-10-_26ÉTÉ-1111100-',1609,,27017,23,,,1,30,,27015,23,,,2,67,,27019,23,,,1,31,,27016,23,,,1,68,,27018,23,,,2
3900,'Samedi-0-_26ÉTÉ-0000010-',714,,28077,52,,,1,101,,28078,52,,,1,100,,28082,52,,,1,102,,28081,52,,,1,100,,28084,52,,,1,98,,28083,52,,,1,104,,28079,52,,,1,30,,28080,52,,,1,70,,28085,52,,,1,31,,28086,52,,,2,70,,28087,52,,,1,30,,28088,52,,,1,71,,28089,52,,,2,30,,28090,52,,,1,70,,28091,52,,,1,30,,28092,52,,,1,66,,28093,52,,,1,29,,28094,52,,,1,69,,28095,52,,,1,31,,28096,52,,,1,100,,28097,52,,,1,100,,28098,52,,,1,100,,28099,52,,,1,97,,28100,52,,,1
3900,'Dimanche-0-_26ÉTÉ-0000001-',714,,28101,52,,,1,101,,28108,52,,,1,100,,28102,52,,,1,102,,28104,52,,,1,100,,28110,52,,,1,98,,28103,52,,,1,104,,28109,52,,,1,30,,28105,52,,,1,70,,28106,52,,,1,31,,28111,52,,,2,70,,28113,52,,,1,30,,28107,52,,,1,71,,28112,52,,,2,30,,28114,52,,,1,70,,28115,52,,,1,30,,28121,52,,,1,66,,28122,52,,,1,29,,28124,52,,,1,69,,28120,52,,,1,31,,28118,52,,,1,100,,28119,52,,,1,100,,28123,52,,,1,100,,28116,52,,,1,97,,28117,52,,,1
3900,'Semaine-1-_26ÉTÉ-1111100-',653,,25207,52,,,2,67,,25193,52,,,1,34,,25212,52,,,2,68,,25205,52,,,1,30,,25206,52,,,1,69,,25204,52,,,1,32,,25201,52,,,1,70,,25218,52,,,1,30,,25213,52,,,1,71,,25225,52,,,1,30,,25210,52,,,2,71,,25214,52,,,1,29,,25202,52,,,1,72,,25200,52,,,2,29,,25215,52,,,1,69,,25203,52,,,1,30,,25190,52,,,2,75,,25216,52,,,1,73,,25197,52,,,2,30,,25199,52,,,1,70,,25217,52,,,2,34,,25196,52,,,1,67,,25191,52,,,1,30,,25219,52,,,1,23,,25198,52,,,1,71,,25192,52,,,1,29,,25220,52,,,2,72,,25195,52,,,1,25,,25211,52,,,2,66,,25221,52,,,1,30,,25194,52,,,1,70,,25209,52,,,1,30,,25222,52,,,1,70,,25208,52,,,1,30,,25224,52,,,1,69,,25223,52,,,1
3900,'Semaine-10-_26ÉTÉ-1111100-',653,,28142,52,,,2,67,,28128,52,,,1,34,,28147,52,,,2,68,,28140,52,,,1,30,,28141,52,,,1,69,,28139,52,,,1,32,,28136,52,,,1,70,,28153,52,,,1,30,,28148,52,,,1,71,,28160,52,,,1,30,,28145,52,,,2,71,,28149,52,,,1,29,,28137,52,,,1,72,,28135,52,,,2,29,,28150,52,,,1,69,,28138,52,,,1,30,,28125,52,,,2,75,,28151,52,,,1,73,,28132,52,,,2,30,,28134,52,,,1,70,,28152,52,,,2,34,,28131,52,,,1,67,,28126,52,,,1,30,,28154,52,,,1,23,,28133,52,,,1,71,,28127,52,,,1,29,,28155,52,,,2,72,,28130,52,,,1,25,,28146,52,,,2,66,,28156,52,,,1,30,,28129,52,,,1,70,,28144,52,,,1,30,,28157,52,,,1,70,,28143,52,,,1,30,,28159,52,,,1,69,,28158,52,,,1
6801,'Semaine-1-_26ÉTÉ-1111100-',624,,26019,11,,,1,20,,26032,11,,,1,60,,26003,11,,,1,20,,26016,11,,,1,5,,26030,11,,,1,4,,26010,11,,,1,6,,26015,11,,,1,61,,26021,11,,,1,18,,26033,11,,,1,20,,26009,11,,,1,19,,26028,11,,,1,61,,26026,11,,,1,20,,26031,11,,,1,70,,26004,11,,,1,29,,26024,11,,,1,70,,26005,11,,,1,30,,26007,11,,,1,70,,26027,11,,,1,30,,26011,11,,,1,70,,26029,11,,,1,32,,26023,11,,,1,70,,26012,11,,,1,30,,26022,11,,,1,69,,26013,11,,,1,31,,26008,11,,,1,68,,26006,11,,,1,32,,26020,11,,,1,70,,26014,11,,,1,28,,26025,11,,,1,70,,26018,11,,,1,30,,26017,11,,,1
6801,'Semaine-10-_26ÉTÉ-1111100-',624,,29738,11,,,1,20,,29751,11,,,1,60,,29722,11,,,1,20,,29735,11,,,1,5,,29749,11,,,1,4,,29729,11,,,1,6,,29734,11,,,1,61,,29740,11,,,1,18,,29752,11,,,1,20,,29728,11,,,1,19,,29747,11,,,1,61,,29745,11,,,1,20,,29750,11,,,1,70,,29723,11,,,1,29,,29743,11,,,1,70,,29724,11,,,1,30,,29726,11,,,1,70,,29746,11,,,1,30,,29730,11,,,1,70,,29748,11,,,1,32,,29742,11,,,1,70,,29731,11,,,1,30,,29741,11,,,1,69,,29732,11,,,1,31,,29727,11,,,1,68,,29725,11,,,1,32,,29739,11,,,1,70,,29733,11,,,1,28,,29744,11,,,1,70,,29737,11,,,1,30,,29736,11,,,1
