9500,'Semaine-1-_26ÉTÉ-1111100-',1527,,43711,30,,,1,16,,43714,30,,,2,16,,43710,30,,,1,59,,43705,30,,,1,15,,43709,30,,,2,15,,43706,30,,,1,56,,43707,30,,,2,15,,43712,30,,,1,23,,43713,30,,,1,66,,43708,30,,,1
9500,'Semaine-10-_26ÉTÉ-1111100-',1527,,43721,30,,,1,16,,43724,30,,,2,16,,43720,30,,,1,59,,43715,30,,,1,15,,43719,30,,,2,15,,43716,30,,,1,56,,43717,30,,,2,15,,43722,30,,,1,23,,43723,30,,,2,66,,43718,30,,,1
9500,'Semaine-11-_26ÉTÉ-1111100-',1527,,48147,30,,,1,16,,48150,30,,,2,16,,48146,30,,,1,59,,48141,30,,,1,15,,48145,30,,,2,15,,48142,30,,,1,56,,48143,30,,,2,15,,48148,30,,,1,23,,48149,30,,,1,66,,48144,30,,,1
9500,'Semaine-12-_26ÉTÉ-1111100-',1527,,54323,30,,,1,16,,54326,30,,,2,16,,54322,30,,,1,59,,54317,30,,,1,15,,54321,30,,,2,15,,54318,30,,,1,56,,54319,30,,,2,15,,54324,30,,,1,23,,54325,30,,,1,66,,54320,30,,,1
9500,'Semaine-5-_26ÉTÉ-1111100-',1527,,51890,30,,,1,16,,51893,30,,,2,16,,51889,30,,,1,59,,51884,30,,,1,15,,51888,30,,,2,15,,51885,30,,,1,56,,51886,30,,,2,15,,51891,30,,,1,23,,51892,30,,,1,66,,51887,30,,,1
9700,'Samedi-0-_26ÉTÉ-0000010-',845,,43743,42,,,2,100,,43746,42,,,2,100,,43741,42,,,1,100,,43742,42,,,1,100,,43745,42,,,2,100,,43744,42,,,2,100,,43747,42,,,1,101,,43748,42,,,2,100,,43749,42,,,2,101,,43750,42,,,1,100,,43755,42,,,1,100,,43751,42,,,1,100,,43752,42,,,1,100,,43753,42,,,1,99,,43754,42,,,2,99,,43756,42,,,1,100,,43757,42,,,1
9700,'Dimanche-0-_26ÉTÉ-0000001-',845,,43761,42,,,2,100,,43763,42,,,2,100,,43760,42,,,1,100,,43759,42,,,1,100,,43758,42,,,2,100,,43762,42,,,2,100,,43765,42,,,1,101,,43764,42,,,2,100,,43770,42,,,2,101,,43772,42,,,1,100,,43774,42,,,1,100,,43766,42,,,1,100,,43767,42,,,1,100,,43768,42,,,1,99,,43769,42,,,2,99,,43773,42,,,1,100,,43771,42,,,1
9700,'Dimanche-10-_26ÉTÉ-0000001-',845,,43778,42,,,2,100,,43780,42,,,2,100,,43777,42,,,1,100,,43776,42,,,1,100,,43775,42,,,2,100,,43779,42,,,2,100,,43782,42,,,1,101,,43781,42,,,2,100,,43787,42,,,2,101,,43789,42,,,1,100,,43791,42,,,1,100,,43783,42,,,1,100,,43784,42,,,1,100,,43785,42,,,1,99,,43786,42,,,2,99,,43790,42,,,1,100,,43788,42,,,1
9700,'Dimanche-11-_26ÉTÉ-0000001-',845,,49683,42,,,2,100,,49685,42,,,2,100,,49682,42,,,1,100,,49681,42,,,1,100,,49680,42,,,2,100,,49684,42,,,2,100,,49687,42,,,1,101,,49686,42,,,2,100,,49692,42,,,2,101,,49694,42,,,1,100,,49696,42,,,1,100,,49688,42,,,1,100,,49689,42,,,1,100,,49690,42,,,1,99,,49691,42,,,2,99,,49695,42,,,1,100,,49693,42,,,1
9700,'Semaine-1-_26ÉTÉ-1111100-',718,,43810,42,,,1,27,,43811,42,,,1,95,,43800,42,,,2,101,,43796,42,,,1,96,,43809,42,,,2,100,,43804,42,,,2,101,,43801,42,,,1,100,,43806,42,,,2,101,,43792,42,,,1,94,,43797,42,,,1,104,,43805,42,,,1,96,,43807,46,,,2,103,,43798,46,,,2,73,,43793,46,,,2,20,,43802,42,,,1,102,,43794,42,,,2,99,,43803,42,,,1,100,,43799,42,,,1,101,,43795,42,,,2,110,,43808,42,,,1
9700,'Semaine-10-_26ÉTÉ-1111100-',718,,43830,42,,,1,27,,43831,42,,,1,95,,43820,42,,,2,101,,43816,42,,,1,96,,43829,42,,,2,100,,43824,42,,,2,101,,43821,42,,,1,100,,43826,42,,,2,101,,43812,42,,,1,94,,43817,42,,,1,104,,43825,42,,,1,96,,43827,46,,,2,103,,43818,46,,,2,73,,43813,46,,,2,20,,43822,42,,,1,102,,43814,42,,,2,99,,43823,42,,,1,100,,43819,42,,,1,101,,43815,42,,,2,110,,43828,42,,,1
9700,'Semaine-11-_26ÉTÉ-1111100-',718,,48194,42,,,1,27,,48195,42,,,1,95,,48184,42,,,2,101,,48180,42,,,1,96,,48193,42,,,2,100,,48188,42,,,2,101,,48185,42,,,1,100,,48190,42,,,2,101,,48176,42,,,1,94,,48181,42,,,1,104,,48189,42,,,1,96,,48191,46,,,2,103,,48182,46,,,2,73,,48177,46,,,2,20,,48186,42,,,1,102,,48178,42,,,2,99,,48187,42,,,1,100,,48183,42,,,1,101,,48179,42,,,2,110,,48192,42,,,1
9700,'Semaine-12-_26ÉTÉ-1111100-',718,,54353,42,,,1,27,,54354,42,,,1,95,,54343,42,,,2,101,,54339,42,,,1,96,,54352,42,,,2,100,,54347,42,,,2,101,,54344,42,,,1,100,,54349,42,,,2,101,,54335,42,,,1,94,,54340,42,,,1,104,,54348,42,,,1,96,,54350,46,,,2,103,,54341,46,,,2,73,,54336,46,,,2,20,,54345,42,,,1,102,,54337,42,,,2,99,,54346,42,,,1,100,,54342,42,,,1,101,,54338,42,,,2,110,,54351,42,,,1
9700,'Semaine-5-_26ÉTÉ-1111100-',718,,51920,42,,,1,27,,51921,42,,,1,95,,51910,42,,,2,101,,51906,42,,,1,96,,51919,42,,,2,100,,51914,42,,,2,101,,51911,42,,,1,100,,51916,42,,,2,101,,51902,42,,,1,94,,51907,42,,,1,104,,51915,42,,,1,96,,51917,46,,,2,103,,51908,46,,,2,73,,51903,46,,,2,20,,51912,42,,,1,102,,51904,42,,,2,99,,51913,42,,,1,100,,51909,42,,,1,101,,51905,42,,,2,110,,51918,42,,,1
29700,'Semaine-5-_26ÉTÉ-1111100-',749,,52033,38,,,2
