3201,'Semaine-1-_26ÉTÉ-1111100-',508,,24817,3,,,2,20,,24816,3,,,1,20,,24808,3,,,2,60,,24818,3,,,1,10,,24798,3,,,2,10,,24819,3,,,1,10,,24799,3,,,2,10,,24800,3,,,1,8,,24792,3,,,1,48,,24795,3,,,1,8,,24821,3,,,1,8,,24801,3,,,1,9,,24796,3,,,1,7,,24809,3,,,2,8,,24791,3,,,1,8,,24802,3,,,1,48,,24820,3,,,1,8,,24790,3,,,1,10,,24789,3,,,2,10,,24794,3,,,1,11,,24797,3,,,1,10,,24803,3,,,1,61,,24777,3,,,1,30,,24787,3,,,2,70,,24780,3,,,1,30,,24783,3,,,2,70,,24776,3,,,1,30,,24786,3,,,2,70,,24781,3,,,1,30,,24788,3,,,1,70,,24770,3,,,1,30,,24775,3,,,2,70,,24782,3,,,1,30,,24793,3,,,1,70,,24810,3,,,1,27,,24811,3,,,1,72,,24812,3,,,1,31,,24813,3,,,1,70,,24814,3,,,1,30,,24815,3,,,1,70,,24773,3,,,1,30,,24771,3,,,1,71,,24784,3,,,1,30,,24779,3,,,1,70,,24774,3,,,1,30,,24772,3,,,1,70,,24785,3,,,1,30,,24778,3,,,1,70,,24805,3,,,2,30,,24804,3,,,1,70,,24806,3,,,1,30,,24807,3,,,1
3201,'Semaine-10-_26ÉTÉ-1111100-',508,,27298,3,,,2,20,,27297,3,,,1,20,,27289,3,,,2,60,,27299,3,,,1,10,,27279,3,,,2,10,,27300,3,,,1,10,,27280,3,,,2,10,,27281,3,,,1,8,,27273,3,,,1,48,,27276,3,,,1,8,,27302,3,,,1,8,,27282,3,,,1,9,,27277,3,,,1,7,,27290,3,,,2,8,,27272,3,,,1,8,,27283,3,,,1,48,,27301,3,,,1,8,,27271,3,,,1,10,,27270,3,,,2,10,,27275,3,,,1,11,,27278,3,,,1,10,,27284,3,,,1,61,,27258,3,,,1,30,,27268,3,,,2,70,,27261,3,,,1,30,,27264,3,,,2,70,,27257,3,,,1,30,,27267,3,,,2,70,,27262,3,,,1,30,,27269,3,,,1,70,,27251,3,,,1,30,,27256,3,,,1,70,,27263,3,,,1,30,,27274,3,,,1,70,,27291,3,,,1,27,,27292,3,,,1,72,,27293,3,,,1,31,,27294,3,,,1,70,,27295,3,,,1,30,,27296,3,,,1,70,,27254,3,,,1,30,,27252,3,,,1,71,,27265,3,,,1,30,,27260,3,,,1,70,,27255,3,,,1,30,,27253,3,,,1,70,,27266,3,,,1,30,,27259,3,,,1,70,,27286,3,,,2,30,,27285,3,,,1,70,,27287,3,,,1,30,,27288,3,,,1
3401,'Samedi-0-_26ÉTÉ-0000010-',649,,27559,10,,,1,100,,27562,10,,,2,70,,27571,10,,,1,33,,27560,10,,,1,67,,27565,10,,,1,30,,27567,10,,,1,72,,27561,10,,,2,30,,27570,10,,,1,71,,27563,10,,,1,30,,27572,10,,,1,68,,27564,10,,,1,30,,27566,10,,,1,70,,27568,10,,,2,30,,27569,10,,,2,70,,27573,10,,,1,30,,27574,10,,,2,70,,27575,10,,,1,30,,27576,10,,,1,71,,27577,10,,,1,31,,27578,10,,,1,70,,27579,10,,,2,31,,27580,10,,,1,67,,27581,10,,,1,30,,27583,10,,,1,71,,27582,10,,,2,30,,27584,10,,,1,70,,27585,10,,,2,28,,27586,10,,,1,70,,27588,10,,,1,30,,27587,10,,,1,70,,27589,10,,,1,100,,27590,10,,,1
3401,'Dimanche-0-_26ÉTÉ-0000001-',649,,27592,10,,,1,100,,27603,10,,,2,70,,27596,10,,,1,33,,27599,10,,,1,67,,27598,10,,,1,30,,27607,10,,,1,72,,27604,10,,,2,30,,27591,10,,,1,71,,27602,10,,,1,30,,27595,10,,,1,68,,27593,10,,,1,30,,27594,10,,,1,70,,27597,10,,,2,30,,27605,10,,,2,70,,27601,10,,,1,30,,27600,10,,,2,70,,27606,10,,,1,30,,27611,10,,,1,71,,27609,10,,,1,31,,27615,10,,,1,70,,27618,10,,,2,31,,27608,10,,,1,67,,27617,10,,,1,30,,27610,10,,,1,71,,27614,10,,,2,30,,27621,10,,,1,70,,27613,10,,,2,28,,27612,10,,,1,70,,27619,10,,,1,30,,27620,10,,,1,70,,27616,10,,,1,100,,27622,10,,,1
3401,'Dimanche-10-_26ÉTÉ-0000001-',649,,31640,10,,,1,100,,31651,10,,,2,70,,31644,10,,,1,33,,31647,10,,,1,67,,31646,10,,,1,30,,31655,10,,,1,72,,31652,10,,,2,30,,31639,10,,,1,71,,31650,10,,,1,30,,31643,10,,,1,68,,31641,10,,,1,30,,31642,10,,,1,70,,31645,10,,,2,30,,31653,10,,,2,70,,31649,10,,,1,30,,31648,10,,,2,70,,31654,10,,,1,30,,31659,10,,,1,71,,31657,10,,,1,31,,31663,10,,,1,70,,31666,10,,,2,31,,31656,10,,,1,67,,31665,10,,,1,30,,31658,10,,,1,71,,31662,10,,,2,30,,31669,10,,,1,70,,31661,10,,,2,28,,31660,10,,,1,70,,31667,10,,,1,30,,31668,10,,,1,70,,31664,10,,,1,100,,31670,10,,,1
3401,'Semaine-1-_26ÉTÉ-1111100-',853,,24963,10,,,2,72,,24943,10,,,1,30,,24947,10,,,1,70,,24967,10,,,1,30,,24940,10,,,1,70,,24944,10,,,1,30,,24948,10,,,2,70,,24938,10,,,1,31,,24941,10,,,1,69,,24945,10,,,1,31,,24949,10,,,1,70,,24942,10,,,1,28,,24964,10,,,1,70,,24939,10,,,2,30,,24965,10,,,1,70,,24966,10,,,1,33,,24960,10,,,1,68,,24956,10,,,2,29,,24946,10,,,1,71,,24953,10,,,1,30,,24962,10,,,1,71,,24950,10,,,1,30,,24952,10,,,1,70,,24954,10,,,1,30,,24958,10,,,2,70,,24951,10,,,1,30,,24957,10,,,1,70,,24955,10,,,1,30,,24959,10,,,1,70,,24961,10,,,1
3401,'Semaine-10-_26ÉTÉ-1111100-',853,,27648,10,,,2,72,,27628,10,,,1,30,,27632,10,,,1,70,,27652,10,,,1,30,,27625,10,,,1,70,,27629,10,,,1,30,,27633,10,,,2,70,,27623,10,,,1,31,,27626,10,,,1,69,,27630,10,,,1,31,,27634,10,,,1,70,,27627,10,,,1,28,,27649,10,,,1,70,,27624,10,,,2,30,,27650,10,,,1,70,,27651,10,,,1,33,,27645,10,,,1,68,,27641,10,,,2,29,,27631,10,,,1,71,,27638,10,,,1,30,,27647,10,,,1,71,,27635,10,,,1,30,,27637,10,,,1,70,,27639,10,,,1,30,,27643,10,,,2,70,,27636,10,,,1,30,,27642,10,,,1,70,,27640,10,,,1,30,,27644,10,,,1,70,,27646,10,,,1
4900,'Samedi-0-_26ÉTÉ-0000010-',728,,28293,26,,,1,100,,28294,26,,,1,104,,28291,26,,,1,100,,28295,26,,,1,100,,28292,26,,,1,100,,28296,26,,,1,99,,28297,26,,,1,104,,28298,26,,,1,97,,28299,26,,,1,100,,28300,26,,,1,100,,28301,26,,,1,96,,28302,26,,,1,100,,28303,26,,,1,100,,28304,26,,,1,100,,28305,26,,,1,100,,28306,26,,,1,100,,28307,26,,,1
4900,'Dimanche-0-_26ÉTÉ-0000001-',728,,28308,26,,,1,100,,28311,26,,,1,104,,28309,26,,,1,100,,28312,26,,,1,100,,28314,26,,,1,100,,28318,26,,,1,99,,28316,26,,,1,104,,28315,26,,,1,97,,28310,26,,,1,100,,28320,26,,,1,100,,28317,26,,,1,96,,28319,26,,,1,100,,28324,26,,,1,100,,28313,26,,,1,100,,28322,26,,,1,100,,28323,26,,,1,100,,28321,26,,,1
4900,'Dimanche-10-_26ÉTÉ-0000001-',728,,31820,26,,,1,100,,31823,26,,,1,104,,31821,26,,,1,100,,31824,26,,,1,100,,31826,26,,,1,100,,31830,26,,,1,99,,31828,26,,,1,104,,31827,26,,,1,97,,31822,26,,,1,100,,31832,26,,,1,100,,31829,26,,,1,96,,31831,26,,,1,100,,31836,26,,,1,100,,31825,26,,,1,100,,31834,26,,,1,100,,31835,26,,,1,100,,31833,26,,,1
4900,'Semaine-1-_26ÉTÉ-1111100-',648,,25332,26,,,1,60,,25338,26,,,1,27,,25335,26,,,1,72,,25336,26,,,1,38,,25331,26,,,1,70,,25327,26,,,1,32,,25319,26,,,1,71,,25337,26,,,1,31,,25333,26,,,1,72,,25329,26,,,1,30,,25308,26,,,1,70,,25328,26,,,1,30,,25310,26,,,1,70,,25315,26,,,1,30,,25317,26,,,1,70,,25320,26,,,1,30,,25334,26,,,1,75,,25318,26,,,1,30,,25321,26,,,1,70,,25313,26,,,1,31,,25324,26,,,1,69,,25316,26,,,1,28,,25314,26,,,1,70,,25330,26,,,1,27,,25325,26,,,1,97,,25309,26,,,1,101,,25326,26,,,1,100,,25323,26,,,1,97,,25311,26,,,1,98,,25322,26,,,1,100,,25312,26,,,1
4900,'Semaine-10-_26ÉTÉ-1111100-',648,,28349,26,,,1,60,,28355,26,,,1,27,,28352,26,,,1,72,,28353,26,,,1,38,,28348,26,,,1,70,,28344,26,,,1,32,,28336,26,,,1,71,,28354,26,,,1,31,,28350,26,,,1,72,,28346,26,,,1,30,,28325,26,,,1,70,,28345,26,,,1,30,,28327,26,,,1,70,,28332,26,,,1,30,,28334,26,,,1,70,,28337,26,,,1,30,,28351,26,,,1,75,,28335,26,,,1,30,,28338,26,,,1,70,,28330,26,,,1,31,,28341,26,,,1,69,,28333,26,,,1,28,,28331,26,,,1,70,,28347,26,,,1,27,,28342,26,,,1,97,,28326,26,,,1,101,,28343,26,,,1,100,,28340,26,,,1,97,,28328,26,,,1,98,,28339,26,,,1,100,,28329,26,,,1
