9501,'Semaine-1-_26ÉTÉ-1111100-',540,,43729,19,,,1,15,,43725,19,,,1,55,,43727,19,,,1,15,,43732,19,,,2,15,,43728,19,,,2,15,,43730,19,,,2,57,,43731,19,,,1,13,,43726,19,,,2
9501,'Semaine-10-_26ÉTÉ-1111100-',540,,43737,19,,,1,15,,43733,19,,,1,55,,43735,19,,,1,15,,43740,19,,,2,15,,43736,19,,,2,15,,43738,19,,,2,57,,43739,19,,,1,13,,43734,19,,,2
9501,'Semaine-11-_26ÉTÉ-1111100-',540,,48155,19,,,1,15,,48151,19,,,1,55,,48153,19,,,1,15,,48158,19,,,2,15,,48154,19,,,2,15,,48156,19,,,2,57,,48157,19,,,1,13,,48152,19,,,2
9501,'Semaine-12-_26ÉTÉ-1111100-',540,,54331,19,,,1,15,,54327,19,,,1,55,,54329,19,,,1,15,,54334,19,,,2,15,,54330,19,,,2,15,,54332,19,,,2,57,,54333,19,,,1,13,,54328,19,,,2
9501,'Semaine-5-_26ÉTÉ-1111100-',540,,51898,19,,,1,15,,51894,19,,,1,55,,51896,19,,,1,15,,51901,19,,,2,15,,51897,19,,,2,15,,51899,19,,,2,57,,51900,19,,,1,13,,51895,19,,,2
9701,'Samedi-0-_26ÉTÉ-0000010-',735,,43834,23,,,2,100,,43837,23,,,1,100,,43835,23,,,2,100,,43838,23,,,2,100,,43832,23,,,1,100,,43833,23,,,1,101,,43836,23,,,2,100,,43839,23,,,2,100,,43840,23,,,1,100,,43841,23,,,2,100,,43842,23,,,2,100,,43843,23,,,1,100,,43847,23,,,1,100,,43844,23,,,1,99,,43845,23,,,1,100,,43846,23,,,1
9701,'Dimanche-0-_26ÉTÉ-0000001-',735,,43854,23,,,2,100,,43851,23,,,1,100,,43852,23,,,2,100,,43855,23,,,2,100,,43850,23,,,1,100,,43849,23,,,1,101,,43848,23,,,2,100,,43853,23,,,2,100,,43857,23,,,1,100,,43856,23,,,2,100,,43861,23,,,2,100,,43862,23,,,1,100,,43863,23,,,1,100,,43858,23,,,1,99,,43859,23,,,1,100,,43860,23,,,1
9701,'Dimanche-10-_26ÉTÉ-0000001-',735,,43870,23,,,2,100,,43867,23,,,1,100,,43868,23,,,2,100,,43871,23,,,2,100,,43866,23,,,1,100,,43865,23,,,1,101,,43864,23,,,2,100,,43869,23,,,2,100,,43873,23,,,1,100,,43872,23,,,2,100,,43877,23,,,2,100,,43878,23,,,1,100,,43879,23,,,1,100,,43874,23,,,1,99,,43875,23,,,1,100,,43876,23,,,1
9701,'Dimanche-11-_26ÉTÉ-0000001-',735,,49703,23,,,2,100,,49700,23,,,1,100,,49701,23,,,2,100,,49704,23,,,2,100,,49699,23,,,1,100,,49698,23,,,1,101,,49697,23,,,2,100,,49702,23,,,2,100,,49706,23,,,1,100,,49705,23,,,2,100,,49710,23,,,2,100,,49711,23,,,1,100,,49712,23,,,1,100,,49707,23,,,1,99,,49708,23,,,1,100,,49709,23,,,1
9701,'Semaine-1-_26ÉTÉ-1111100-',616,,43894,23,,,1,100,,43887,23,,,2,109,,43896,23,,,1,103,,43885,23,,,2,100,,43882,23,,,1,100,,43895,23,,,2,98,,43890,23,,,2,102,,43886,23,,,1,100,,43892,23,,,2,101,,43880,23,,,1,96,,43883,23,,,1,101,,43891,23,,,1,99,,43893,23,,,2,95,,43884,23,,,2,97,,43888,23,,,1,100,,43881,23,,,2,100,,43889,23,,,1
9701,'Semaine-10-_26ÉTÉ-1111100-',616,,43911,23,,,1,100,,43904,23,,,2,109,,43913,23,,,1,103,,43902,23,,,2,100,,43899,23,,,1,100,,43912,23,,,2,98,,43907,23,,,2,102,,43903,23,,,1,100,,43909,23,,,2,101,,43897,23,,,1,96,,43900,23,,,1,101,,43908,23,,,1,99,,43910,23,,,2,95,,43901,23,,,2,97,,43905,23,,,1,100,,43898,23,,,2,100,,43906,23,,,1
9701,'Semaine-11-_26ÉTÉ-1111100-',616,,48226,23,,,1,100,,48219,23,,,2,109,,48228,23,,,1,103,,48217,23,,,2,100,,48214,23,,,1,100,,48227,23,,,2,98,,48222,23,,,2,102,,48218,23,,,1,100,,48224,23,,,2,101,,48212,23,,,1,96,,48215,23,,,1,101,,48223,23,,,1,99,,48225,23,,,2,95,,48216,23,,,2,97,,48220,23,,,1,100,,48213,23,,,2,100,,48221,23,,,1
9701,'Semaine-12-_26ÉTÉ-1111100-',616,,54369,23,,,1,100,,54362,23,,,2,109,,54371,23,,,1,103,,54360,23,,,2,100,,54357,23,,,1,100,,54370,23,,,2,98,,54365,23,,,2,102,,54361,23,,,1,100,,54367,23,,,2,101,,54355,23,,,1,96,,54358,23,,,1,101,,54366,23,,,1,99,,54368,23,,,2,95,,54359,23,,,2,97,,54363,23,,,1,100,,54356,23,,,2,100,,54364,23,,,1
9701,'Semaine-5-_26ÉTÉ-1111100-',616,,51936,23,,,1,100,,51929,23,,,2,109,,51938,23,,,1,103,,51927,23,,,2,100,,51924,23,,,1,100,,51937,23,,,2,98,,51932,23,,,2,102,,51928,23,,,1,100,,51934,23,,,2,101,,51922,23,,,1,96,,51925,23,,,1,101,,51933,23,,,1,99,,51935,23,,,2,95,,51926,23,,,2,97,,51930,23,,,1,100,,51923,23,,,2,100,,51931,23,,,1
9801,'Semaine-1-_26ÉTÉ-1111100-',511,,43914,19,,,1,10,,43915,19,,,1,10,,43916,19,,,1
9801,'Semaine-10-_26ÉTÉ-1111100-',511,,43917,19,,,1,10,,43918,19,,,1,10,,43919,19,,,1
9801,'Semaine-11-_26ÉTÉ-1111100-',511,,48229,19,,,1,10,,48230,19,,,1,10,,48231,19,,,1
9801,'Semaine-12-_26ÉTÉ-1111100-',511,,54372,19,,,1,10,,54373,19,,,1,10,,54374,19,,,1
9801,'Semaine-5-_26ÉTÉ-1111100-',511,,51939,19,,,1,10,,51940,19,,,1,10,,51941,19,,,1
