7600,'Samedi-0-_26ÉTÉ-0000010-',738,,43094,8,,,1,100,,43097,8,,,1,100,,43096,8,,,1,100,,43099,8,,,1,100,,43098,8,,,1,101,,43093,8,,,2,99,,43095,8,,,1,100,,43100,8,,,1,100,,43101,8,,,2,100,,43102,8,,,1,100,,43103,8,,,2,100,,43104,8,,,1,100,,43105,8,,,1,100,,43106,8,,,2,100,,43107,8,,,2,100,,43108,8,,,2
7600,'Dimanche-0-_26ÉTÉ-0000001-',738,,43112,8,,,1,100,,43111,8,,,1,100,,43116,8,,,1,100,,43115,8,,,1,100,,43114,8,,,1,101,,43110,8,,,2,99,,43113,8,,,1,100,,43109,8,,,1,100,,43117,8,,,2,100,,43121,8,,,1,100,,43118,8,,,2,100,,43124,8,,,1,100,,43122,8,,,1,100,,43123,8,,,2,100,,43120,8,,,2,100,,43119,8,,,2
7600,'Dimanche-10-_26ÉTÉ-0000001-',738,,43128,8,,,1,100,,43127,8,,,1,100,,43132,8,,,1,100,,43131,8,,,1,100,,43130,8,,,1,101,,43126,8,,,2,99,,43129,8,,,1,100,,43125,8,,,1,100,,43133,8,,,2,100,,43137,8,,,1,100,,43134,8,,,2,100,,43140,8,,,1,100,,43138,8,,,1,100,,43139,8,,,2,100,,43136,8,,,2,100,,43135,8,,,2
7600,'Dimanche-11-_26ÉTÉ-0000001-',738,,49619,8,,,1,100,,49618,8,,,1,100,,49623,8,,,1,100,,49622,8,,,1,100,,49621,8,,,1,101,,49617,8,,,2,99,,49620,8,,,1,100,,49616,8,,,1,100,,49624,8,,,2,100,,49628,8,,,1,100,,49625,8,,,2,100,,49631,8,,,1,100,,49629,8,,,1,100,,49630,8,,,2,100,,49627,8,,,2,100,,49626,8,,,2
7600,'Semaine-1-_26ÉTÉ-1111100-',544,,43166,8,,,2,70,,43169,8,,,2,30,,43159,8,,,1,60,,43154,8,,,1,20,,43147,8,,,2,19,,43163,8,,,2,63,,43161,8,,,2,15,,43172,8,,,1,13,,43167,8,,,2,20,,43164,8,,,1,60,,43175,8,,,1,25,,43170,8,,,2,70,,43176,8,,,2,30,,43171,8,,,1,70,,43142,8,,,2,30,,43173,8,,,1,70,,43158,8,,,1,30,,43177,8,,,1,70,,43146,8,,,1,30,,43143,8,,,1,70,,43144,8,,,2,31,,43149,8,,,1,70,,43178,8,,,2,30,,43148,8,,,2,62,,43160,8,,,2,20,,43162,8,,,1,21,,43174,8,,,2,60,,43141,8,,,2,16,,43145,8,,,1,20,,43155,8,,,1,68,,43156,8,,,1,30,,43157,8,,,1,70,,43168,8,,,1,45,,43150,8,,,1,100,,43151,8,,,1,100,,43152,8,,,1,100,,43153,8,,,1,100,,43165,8,,,2
7600,'Semaine-10-_26ÉTÉ-1111100-',544,,43204,8,,,2,70,,43207,8,,,2,30,,43197,8,,,1,60,,43192,8,,,1,20,,43185,8,,,2,19,,43201,8,,,2,63,,43199,8,,,2,15,,43210,8,,,1,13,,43205,8,,,2,20,,43202,8,,,1,60,,43213,8,,,1,25,,43208,8,,,2,70,,43214,8,,,2,30,,43209,8,,,1,70,,43180,8,,,2,30,,43211,8,,,1,70,,43196,8,,,1,30,,43215,8,,,1,70,,43184,8,,,1,30,,43181,8,,,1,70,,43182,8,,,2,31,,43187,8,,,1,70,,43216,8,,,2,30,,43186,8,,,2,62,,43198,8,,,2,20,,43200,8,,,1,21,,43212,8,,,2,60,,43179,8,,,2,16,,43183,8,,,1,20,,43193,8,,,1,68,,43194,8,,,1,30,,43195,8,,,1,70,,43206,8,,,1,45,,43188,8,,,1,100,,43189,8,,,1,100,,43190,8,,,1,100,,43191,8,,,1,100,,43203,8,,,2
7600,'Semaine-11-_26ÉTÉ-1111100-',544,,47908,8,,,2,70,,47911,8,,,2,30,,47901,8,,,1,60,,47896,8,,,1,20,,47889,8,,,2,19,,47905,8,,,2,63,,47903,8,,,2,15,,47914,8,,,1,13,,47909,8,,,2,20,,47906,8,,,1,60,,47917,8,,,1,25,,47912,8,,,2,70,,47918,8,,,2,30,,47913,8,,,1,70,,47884,8,,,2,30,,47915,8,,,1,70,,47900,8,,,1,30,,47919,8,,,1,70,,47888,8,,,1,30,,47885,8,,,1,70,,47886,8,,,2,31,,47891,8,,,1,70,,47920,8,,,2,30,,47890,8,,,2,62,,47902,8,,,2,20,,47904,8,,,1,21,,47916,8,,,2,60,,47883,8,,,2,16,,47887,8,,,1,20,,47897,8,,,1,68,,47898,8,,,1,30,,47899,8,,,1,70,,47910,8,,,1,45,,47892,8,,,1,100,,47893,8,,,1,100,,47894,8,,,1,100,,47895,8,,,1,100,,47907,8,,,2
7600,'Semaine-5-_26ÉTÉ-1111100-',544,,51699,8,,,2,70,,51702,8,,,2,30,,51692,8,,,1,60,,51687,8,,,1,20,,51680,8,,,2,19,,51696,8,,,2,63,,51694,8,,,2,15,,51705,8,,,1,13,,51700,8,,,2,20,,51697,8,,,1,60,,51708,8,,,1,25,,51703,8,,,2,70,,51709,8,,,2,30,,51704,8,,,1,70,,51675,8,,,2,30,,51706,8,,,1,70,,51691,8,,,1,30,,51710,8,,,1,70,,51679,8,,,1,30,,51676,8,,,1,70,,51677,8,,,2,31,,51682,8,,,1,70,,51711,8,,,2,30,,51681,8,,,2,62,,51693,8,,,2,20,,51695,8,,,1,21,,51707,8,,,2,60,,51674,8,,,2,16,,51678,8,,,1,20,,51688,8,,,1,68,,51689,8,,,1,30,,51690,8,,,1,70,,51701,8,,,1,45,,51683,8,,,1,100,,51684,8,,,1,100,,51685,8,,,1,100,,51686,8,,,1,100,,51698,8,,,2
8500,'Semaine-1-_26ÉTÉ-1111100-',1549,,43600,41,,,1,57,,43595,41,,,2,17,,43592,41,,,1,16,,43601,41,,,2,15,,43591,41,,,1,53,,43594,41,,,1,16,,43599,41,,,2,18,,43597,41,,,1,16,,43596,41,,,2,61,,43593,41,,,1,15,,43598,41,,,2
8500,'Semaine-10-_26ÉTÉ-1111100-',1549,,43611,41,,,1,57,,43606,41,,,2,17,,43603,41,,,1,16,,43612,41,,,2,15,,43602,41,,,1,53,,43605,41,,,1,16,,43610,41,,,2,18,,43608,41,,,1,16,,43607,41,,,1,61,,43604,41,,,1,15,,43609,41,,,2
8500,'Semaine-11-_26ÉTÉ-1111100-',1549,,48093,41,,,1,57,,48088,41,,,2,17,,48085,41,,,1,16,,48094,41,,,2,15,,48084,41,,,1,53,,48087,41,,,1,16,,48092,41,,,2,18,,48090,41,,,1,16,,48089,41,,,2,61,,48086,41,,,1,15,,48091,41,,,2
8500,'Semaine-5-_26ÉTÉ-1111100-',1549,,51836,41,,,1,57,,51831,41,,,2,17,,51828,41,,,1,16,,51837,41,,,2,15,,51827,41,,,1,53,,51830,41,,,1,16,,51835,41,,,2,18,,51833,41,,,1,16,,51832,41,,,2,61,,51829,41,,,1,15,,51834,41,,,2
