2000,'Semaine-4',646,,32622,7,,,1,101,,32621,7,,,2,97,,32620,7,,,1
2300,'Semaine-4',1539,,32631,10,,,1,70,,32629,10,,,1,30,,32627,10,,,2,69,,32628,10,,,1,27,,32630,10,,,1,69,,32626,10,,,1
2500,'Semaine-4',1524,,32637,9,,,1,30,,32640,9,,,1,70,,32638,9,,,1,31,,32642,9,,,1,68,,32639,9,,,1,27,,32641,9,,,1
3500,'Semaine-4',637,,33324,17,0,15 16,1,77,,33298,17,0,15 16,1,33,,33309,17,0,15 16,1,57,,33327,17,0,15 16,1,33,,33333,17,0,15 16,1,11,,33331,17,0,15 16,1,4,,33317,17,0,15 16,1,7,,33329,17,0,15 16,1,59,,33322,17,0,15 16,1,21,,33328,17,0,15 16,1,70,,33306,17,0,15 16,2,27,,33320,17,0,15 16,1,74,,33300,17,0,15 16,1,30,,33304,17,0,15 16,1,70,,33315,17,0,15 16,1,30,,33299,17,0,15 16,1,70,,33310,17,0,15 16,1,30,,33332,17,0,15 16,1,70,,33318,17,0,15 16,1,30,,33301,17,0,15 16,1,74,,33314,17,,,2,28,,33316,17,0,15 16,2,63,,33307,10,0,15 16,1,15,,33319,17,,,2,13,,33313,10,0,15 16,1,16,,33323,17,,,1,67,,33325,17,0,15 16,2,30,,33305,17,,,1,65,,33303,17,0,15 16,2,15,,33311,10,0,15 16,1,21,,33334,17,,,2,61,,33321,17,0,15 16,1,35,,33308,17,,,2,63,,33312,17,,,1,103,,33326,17,,,1,100,,33330,17,,,1,97,,33302,17,0,15 16,1
3800,'Samedi-3',738,,33513,10,,,1,71,,33506,10,,,1,23,,33507,10,,,1,77,,33518,10,,,1,28,,33510,10,,,1,72,,33508,10,,,1,28,,33519,10,,,1,72,,33511,10,,,1,28,,33517,10,,,1,72,,33509,10,,,1,27,,33512,10,,,1,74,,33516,10,,,1,27,,33514,10,,,1,72,,33515,10,,,1,28,,33520,10,,,1,73,,33521,10,,,1,27,,33522,10,,,1,73,,33523,10,,,1,24,,33524,10,,,1,75,,33525,10,,,1,27,,33526,10,,,1,73,,33527,10,,,1,27,,33528,10,,,1,73,,33529,10,,,1,29,,33530,10,,,1,71,,33531,10,,,1,29,,33533,10,,,1,71,,33532,10,,,1,30,,33535,10,,,1,70,,33534,10,,,1,30,,33536,10,,,1,70,,33537,10,,,1,30,,33538,10,,,1
3800,'Dimanche-3',738,,33548,10,,,1,71,,33546,10,,,1,23,,33544,10,,,1,77,,33551,10,,,1,28,,33539,10,,,1,72,,33540,10,,,1,28,,33552,10,,,1,72,,33547,10,,,1,28,,33541,10,,,1,72,,33542,10,,,1,27,,33545,10,,,1,74,,33543,10,,,1,27,,33554,10,,,1,72,,33556,10,,,1,28,,33549,10,,,1,73,,33555,10,,,1,27,,33557,10,,,1,73,,33550,10,,,1,24,,33553,10,,,1,75,,33561,10,,,1,27,,33566,10,,,1,73,,33563,10,,,1,27,,33562,10,,,1,73,,33560,10,,,1,29,,33565,10,,,1,71,,33570,10,,,1,29,,33568,10,,,1,71,,33558,10,,,1,30,,33559,10,,,1,70,,33569,10,,,1,30,,33567,10,,,1,70,,33564,10,,,1,30,,33571,10,,,1
3800,'Semaine-4',650,,33588,10,,,1,60,,33604,10,,,1,32,,33599,10,,,1,70,,33612,10,,,1,30,,33609,10,,,1,70,,33585,10,,,1,19,,33581,10,,,1,20,,33592,10,,,1,60,,33577,10,,,1,20,,33601,10,,,1,20,,33586,10,,,1,60,,33582,10,,,1,20,,33593,10,,,1,20,,33578,10,,,1,60,,33600,10,,,1,20,,33611,10,,,1,20,,33583,10,,,1,60,,33594,10,,,1,21,,33602,10,,,1,20,,33613,10,,,1,60,,33587,10,,,1,20,,33584,10,,,1,21,,33595,10,,,1,69,,33608,10,,,1,32,,33573,10,,,1,72,,33597,10,,,1,33,,33606,10,,,1,65,,33596,10,,,1,25,,33610,10,,,1,71,,33576,10,,,1,30,,33607,10,,,1,70,,33590,10,,,1,30,,33598,10,,,1,70,,33603,10,,,1,30,,33605,10,,,1,70,,33589,10,,,1,30,,33575,10,,,1,70,,33591,10,,,1,30,,33579,10,,,1,70,,33574,10,,,1,30,,33572,10,,,1,68,,33580,10,,,1
10000,'Semaine-4',1519,,36377,10,,,1,8,,36379,10,,,1,9,,36364,10,,,1,8,,36365,10,,,1,8,,36366,10,,,1,49,,36378,10,,,1,9,,36367,10,,,1,11,,36368,10,,,1,7,,36369,10,,,1,9,,36370,10,,,1,10,,36371,10,,,1,10,,36372,10,,,1,52,,36373,10,,,1,10,,36374,10,,,1,8,,36375,10,,,1,11,,36376,10,,,1
40000,'Samedi-3',609,,36589,10,,,1,20,,36590,10,,,1,15,,36593,10,,,1,15,,36598,10,,,1,55,,36607,10,,,1,15,,36608,10,,,1,15,,36591,10,,,1,15,,36595,10,,,1,55,,36592,10,,,1,15,,36616,10,,,1,15,,36594,10,,,1,15,,36597,10,,,1,55,,36596,10,,,1,15,,36599,10,,,1,15,,36617,10,,,1,15,,36615,10,,,1,55,,36618,10,,,1,16,,36600,10,,,1,14,,36602,10,,,1,15,,36605,10,,,1,55,,36606,10,,,1,15,,36601,10,,,1,15,,36612,10,,,1,15,,36614,10,,,1,55,,36619,10,,,1,15,,36604,10,,,1,15,,36603,10,,,1,15,,36609,10,,,1,56,,36610,10,,,1,15,,36611,10,,,1,15,,36620,10,,,1,55,,36613,10,,,1,15,,36621,10,,,1,15,,36622,10,,,1,15,,36623,10,,,1,55,,36624,10,,,1,15,,36625,10,,,1,15,,36626,10,,,1,15,,36627,10,,,1,55,,36628,10,,,1,15,,36629,10,,,1,15,,36630,10,,,1,15,,36631,10,,,1,55,,36632,10,,,1,15,,36633,10,,,1,14,,36634,10,,,1,16,,36635,10,,,1,55,,36636,10,,,1,15,,36642,10,,,1,15,,36637,10,,,1,15,,36638,10,,,1,55,,36639,10,,,1,14,,36640,10,,,1,15,,36641,10,,,1,15,,36645,10,,,1,56,,36643,10,,,1,14,,36644,10,,,1,16,,36649,10,,,1,14,,36648,10,,,1,15,,36647,10,,,1,55,,36646,10,,,1,15,,36653,10,,,1,15,,36650,10,,,1,15,,36651,10,,,1,55,,36652,10,,,1,15,,36660,10,,,1,15,,36655,10,,,1,15,,36654,10,,,1,55,,36656,10,,,1,15,,36657,10,,,1,14,,36658,10,,,1,15,,36659,10,,,1,54,,36661,10,,,1
40000,'Dimanche-3',609,,36662,10,,,1,20,,36664,10,,,1,15,,36669,10,,,1,15,,36675,10,,,1,55,,36677,10,,,1,15,,36663,10,,,1,15,,36666,10,,,1,15,,36673,10,,,1,55,,36680,10,,,1,15,,36684,10,,,1,15,,36668,10,,,1,15,,36676,10,,,1,55,,36687,10,,,1,15,,36665,10,,,1,15,,36667,10,,,1,15,,36674,10,,,1,55,,36681,10,,,1,16,,36682,10,,,1,14,,36698,10,,,1,15,,36697,10,,,1,55,,36688,10,,,1,15,,36679,10,,,1,15,,36689,10,,,1,15,,36692,10,,,1,55,,36701,10,,,1,15,,36670,10,,,1,15,,36699,10,,,1,15,,36696,10,,,1,56,,36700,10,,,1,15,,36678,10,,,1,15,,36671,10,,,1,55,,36702,10,,,1,15,,36693,10,,,1,15,,36685,10,,,1,15,,36683,10,,,1,55,,36690,10,,,1,15,,36695,10,,,1,15,,36705,10,,,1,15,,36672,10,,,1,55,,36707,10,,,1,15,,36694,10,,,1,15,,36686,10,,,1,15,,36717,10,,,1,55,,36691,10,,,1,15,,36726,10,,,1,14,,36712,10,,,1,16,,36716,10,,,1,55,,36732,10,,,1,15,,36723,10,,,1,15,,36704,10,,,1,15,,36718,10,,,1,55,,36708,10,,,1,14,,36725,10,,,1,15,,36711,10,,,1,15,,36715,10,,,1,56,,36731,10,,,1,14,,36724,10,,,1,16,,36703,10,,,1,13,,36728,10,,,1,16,,36722,10,,,1,55,,36730,10,,,1,15,,36706,10,,,1,15,,36710,10,,,1,15,,36714,10,,,1,55,,36720,10,,,1,15,,36734,10,,,1,15,,36727,10,,,1,15,,36721,10,,,1,55,,36729,10,,,1,15,,36733,10,,,1,14,,36709,10,,,1,15,,36713,10,,,1,54,,36719,10,,,1
40000,'Semaine-4',544,,36735,10,,,1,15,,36741,10,,,1,56,,36764,10,,,1,15,,36779,10,,,1,15,,36769,10,,,1,55,,36827,10,,,1,10,,36799,10,,,1,10,,36751,10,,,1,14,,36798,10,,,1,15,,36793,10,,,1,51,,36794,10,,,1,11,,36749,10,,,1,12,,36771,10,,,1,11,,36773,10,,,1,12,,36820,10,,,1,12,,36790,10,,,1,52,,36744,10,,,1,15,,36753,10,,,1,7,,36739,10,,,1,10,,36742,10,,,1,10,,36795,10,,,1,50,,36761,10,,,1,10,,36774,10,,,1,10,,36767,10,,,1,10,,36768,10,,,1,10,,36800,10,,,1,10,,36780,10,,,1,50,,36791,10,,,1,10,,36745,10,,,1,10,,36754,10,,,1,10,,36743,10,,,1,11,,36821,10,,,1,12,,36796,10,,,1,47,,36762,10,,,1,10,,36775,10,,,1,10,,36766,10,,,1,10,,36758,10,,,1,10,,36787,10,,,1,11,,36770,10,,,1,2,,36781,10,,,1,47,,36792,10,,,1,11,,36746,10,,,1,10,,36756,10,,,1,10,,36748,10,,,1,10,,36738,10,,,1,10,,36797,10,,,1,50,,36778,10,,,1,10,,36776,10,,,1,6,,36788,10,,,1,6,,36765,10,,,1,6,,36757,10,,,1,6,,36805,10,,,1,8,,36806,10,,,1,3,,36807,10,,,1,5,,36808,10,,,1,6,,36809,10,,,1,47,,36819,10,,,1,4,,36825,10,,,1,4,,36810,10,,,1,234,,36811,10,,,1,4,,36812,10,,,1,5,,36813,10,,,1,46,,36814,10,,,1,5,,36826,10,,,1,5,,36815,10,,,1,6,,36816,10,,,1,8,,36817,10,,,1,12,,36818,10,,,1,12,,36782,10,,,1,52,,36783,10,,,1,12,,36777,10,,,1,12,,36803,10,,,1,12,,36786,10,,,1,12,,36772,10,,,1,52,,36750,10,,,1,12,,36822,10,,,1,12,,36755,10,,,1,12,,36823,10,,,1,11,,36763,10,,,1,52,,36784,10,,,1,12,,36824,10,,,1,14,,36760,10,,,1,15,,36804,10,,,1,15,,36802,10,,,1,55,,36747,10,,,1,15,,36736,10,,,1,15,,36752,10,,,1,15,,36785,10,,,1,55,,36759,10,,,1,14,,36789,10,,,1,15,,36801,10,,,1,13,,36740,10,,,1,57,,36737,10,,,1
