7900,'Semaine-1-_26ÉTÉ-1111100-',1225,,43558,2,,,2,100,,43561,2,,,2,130,,43559,2,,,1,70,,43560,2,,,2,30,,43565,2,,,1,70,,43563,2,,,1,31,,43562,2,,,1,70,,43557,2,,,1,85,,43564,2,,,1,45,,43566,2,,,1
7900,'Semaine-10-_26ÉTÉ-1111100-',1225,,43569,2,,,2,100,,43572,2,,,2,130,,43570,2,,,1,70,,43571,2,,,2,30,,43576,2,,,1,70,,43574,2,,,1,31,,43573,2,,,1,70,,43568,2,,,1,85,,43575,2,,,1,45,,43577,2,,,1
7900,'Semaine-11-_26ÉTÉ-1111100-',1225,,48068,2,,,2,100,,48071,2,,,2,130,,48069,2,,,1,70,,48070,2,,,2,30,,48075,2,,,1,70,,48073,2,,,1,31,,48072,2,,,1,70,,48067,2,,,1,85,,48074,2,,,1,45,,48076,2,,,1
9700,'Samedi-0-_26ÉTÉ-0000010-',814,,43743,2,,,2,100,,43746,2,,,2,100,,43741,2,,,1,100,,43742,2,,,1,100,,43745,2,,,2,100,,43744,2,,,2,100,,43747,2,,,1,100,,43748,2,,,2,100,,43749,2,,,2,100,,43750,2,,,1,100,,43755,2,,,1,100,,43751,2,,,1,100,,43752,2,,,1,100,,43753,2,,,1,100,,43754,2,,,2,100,,43756,2,,,1,100,,43757,2,,,1
9700,'Samedi-10-_26ÉTÉ-0000010-',814,,48161,2,,,2,100,,48164,2,,,2,100,,48159,2,,,1,100,,48160,2,,,1,100,,48163,2,,,2,100,,48162,2,,,2,100,,48165,2,,,1,100,,48166,2,,,2,100,,48167,2,,,2,100,,48168,2,,,1,100,,48173,2,,,1,100,,48169,2,,,1,100,,48170,2,,,1,100,,48171,2,,,1,100,,48172,2,,,2,100,,48174,2,,,1,100,,48175,2,,,1
9700,'Dimanche-0-_26ÉTÉ-0000001-',814,,43761,2,,,2,100,,43763,2,,,2,100,,43760,2,,,1,100,,43759,2,,,1,100,,43758,2,,,2,100,,43762,2,,,2,100,,43765,2,,,1,100,,43764,2,,,2,100,,43770,2,,,2,100,,43772,2,,,1,100,,43774,2,,,1,100,,43766,2,,,1,100,,43767,2,,,1,100,,43768,2,,,1,100,,43769,2,,,2,100,,43773,2,,,1,100,,43771,2,,,1
9700,'Dimanche-10-_26ÉTÉ-0000001-',814,,43778,2,,,2,100,,43780,2,,,2,100,,43777,2,,,1,100,,43776,2,,,1,100,,43775,2,,,2,100,,43779,2,,,2,100,,43782,2,,,1,100,,43781,2,,,2,100,,43787,2,,,2,100,,43789,2,,,1,100,,43791,2,,,1,100,,43783,2,,,1,100,,43784,2,,,1,100,,43785,2,,,1,100,,43786,2,,,2,100,,43790,2,,,1,100,,43788,2,,,1
9700,'Semaine-1-_26ÉTÉ-1111100-',646,,43810,2,,,1,66,,43811,2,,,1,97,,43800,2,,,2,101,,43796,2,,,1,96,,43809,2,,,2,100,,43804,2,,,2,100,,43801,2,,,1,100,,43806,2,,,2,101,,43792,2,,,1,94,,43797,2,,,1,103,,43805,2,,,1,96,,43807,6,,,2,103,,43798,6,,,2,35,,43793,6,,,2,19,,43802,2,,,1,102,,43794,2,,,2,100,,43803,2,,,1,100,,43799,2,,,1,142,,43795,2,,,2,110,,43808,2,,,1
9700,'Semaine-10-_26ÉTÉ-1111100-',646,,43830,2,,,1,66,,43831,2,,,1,97,,43820,2,,,2,101,,43816,2,,,1,96,,43829,2,,,2,100,,43824,2,,,2,100,,43821,2,,,1,100,,43826,2,,,2,101,,43812,2,,,1,94,,43817,2,,,1,103,,43825,2,,,1,96,,43827,6,,,2,103,,43818,6,,,2,35,,43813,6,,,2,19,,43822,2,,,1,102,,43814,2,,,2,100,,43823,2,,,1,100,,43819,2,,,1,142,,43815,2,,,2,110,,43828,2,,,1
9700,'Semaine-11-_26ÉTÉ-1111100-',646,,48194,2,,,1,66,,48195,2,,,1,97,,48184,2,,,2,101,,48180,2,,,1,96,,48193,2,,,2,100,,48188,2,,,2,100,,48185,2,,,1,100,,48190,2,,,2,101,,48176,2,,,1,94,,48181,2,,,1,103,,48189,2,,,1,96,,48191,6,,,2,103,,48182,6,,,2,35,,48177,6,,,2,19,,48186,2,,,1,102,,48178,2,,,2,100,,48187,2,,,1,100,,48183,2,,,1,142,,48179,2,,,2,110,,48192,2,,,1
