4501,'Semaine-4',630,,31645,21,,,1,29,,31649,21,,,1,72,,31648,21,,,2,71,,31647,21,,,1,27,,31650,21,,,2,71,,31646,21,,,1
4501,'Semaine-5',630,,36053,21,,,1,29,,36057,21,,,1,72,,36056,21,,,2,71,,36055,21,,,1,27,,36058,21,,,2,71,,36054,21,,,1
5201,'Samedi-3',700,,31863,45,,,2,100,,31864,45,,,1,101,,31865,45,,,2,100,,31866,45,,,1,102,,31868,45,,,1,100,,31867,45,,,1,100,,31869,45,,,1,100,,31870,45,,,1,101,,31871,45,,,1,99,,31872,45,,,1,100,,31873,45,,,1,100,,31874,45,,,1,99,,31877,45,,,1,100,,31875,45,,,1,57,,31879,45,,,2,141,,31876,45,,,1,100,,31878,45,,,1,100,,31880,45,,,1
5201,'Samedi-4',700,,36219,45,,,2,100,,36220,45,,,1,101,,36221,45,,,2,100,,36222,45,,,1,102,,36224,45,,,1,100,,36223,45,,,1,100,,36225,45,,,1,100,,36226,45,,,1,101,,36227,45,,,1,99,,36228,45,,,1,100,,36229,45,,,1,100,,36230,45,,,1,99,,36233,45,,,1,100,,36231,45,,,1,57,,36235,45,,,2,141,,36232,45,,,1,100,,36234,45,,,1,100,,36236,45,,,1
5201,'Dimanche-3',700,,31881,45,,,2,100,,31882,45,,,1,101,,31883,45,,,2,100,,31884,45,,,1,102,,31889,45,,,1,100,,31885,45,,,1,100,,31886,45,,,1,100,,31890,45,,,1,101,,31887,45,,,1,99,,31888,45,,,1,100,,31891,45,,,1,100,,31894,45,,,1,99,,31892,45,,,1,100,,31898,45,,,1,57,,31893,45,,,2,141,,31895,45,,,1,100,,31896,45,,,1,100,,31897,45,,,1
5201,'Semaine-4',631,,31914,45,,,1,102,,31916,45,,,1,100,,31915,45,,,2,99,,31899,45,,,1,101,,31905,45,,,2,100,,31902,45,,,1,102,,31909,45,,,2,98,,31900,45,,,1,100,,31904,45,,,1,100,,31903,45,,,1,102,,31913,45,,,1,100,,31912,45,,,1,98,,31906,45,,,1,97,,31907,45,,,1,100,,31911,45,,,2,100,,31908,45,,,1,100,,31910,45,,,1,100,,31901,45,,,1
5201,'Semaine-5',631,,36252,45,,,1,102,,36254,45,,,1,100,,36253,45,,,2,99,,36237,45,,,1,101,,36243,45,,,2,100,,36240,45,,,1,102,,36247,45,,,2,98,,36238,45,,,1,100,,36242,45,,,1,100,,36241,45,,,1,102,,36251,45,,,1,100,,36250,45,,,1,98,,36244,45,,,1,97,,36245,45,,,1,100,,36249,45,,,2,100,,36246,45,,,1,100,,36248,45,,,1,100,,36239,45,,,1
64500,'Semaine-4',713,,34842,15,0,9 10,1
64500,'Semaine-5',713,,38493,15,0,9 10,1
75200,'Semaine-4',720,,34860,8,0,9 18,1
75200,'Semaine-5',720,,38511,8,0,9 18,1
