9501,'Semaine-2-_26ÉTÉ-1111100-',541,,45386,21,,,1,15,,45382,21,,,1,55,,45384,21,,,1,15,,45389,21,,,2,15,,45385,21,,,2,15,,45387,21,,,2,57,,45388,21,,,1,13,,45383,21,,,2
9501,'Semaine-3-_26ÉTÉ-1111100-',541,,45394,21,,,1,15,,45390,21,,,1,55,,45392,21,,,1,15,,45397,21,,,2,15,,45393,21,,,2,15,,45395,21,,,2,57,,45396,21,,,1,13,,45391,21,,,2
9501,'Semaine-4-_26ÉTÉ-1111100-',541,,45402,21,,,1,15,,45398,21,,,1,55,,45400,21,,,1,15,,45405,21,,,2,15,,45401,21,,,2,15,,45403,21,,,2,57,,45404,21,,,1,13,,45399,21,,,2
9701,'Samedi-10-_26ÉTÉ-0000010-',736,,45485,25,,,2,100,,45488,25,,,1,100,,45486,25,,,2,100,,45489,25,,,2,100,,45483,25,,,1,100,,45484,25,,,1,101,,45487,25,,,2,100,,45490,25,,,2,100,,45491,25,,,1,100,,45492,25,,,2,100,,45493,25,,,2,100,,45494,25,,,1,100,,45498,25,,,1,100,,45495,25,,,1,99,,45496,25,,,1,100,,45497,25,,,1
9701,'Semaine-2-_26ÉTÉ-1111100-',617,,45513,25,,,1,100,,45506,25,,,2,109,,45515,25,,,1,103,,45504,25,,,2,100,,45501,25,,,1,100,,45514,25,,,2,98,,45509,25,,,2,102,,45505,25,,,1,100,,45511,25,,,2,101,,45499,25,,,1,97,,45502,25,,,1,101,,45510,25,,,1,98,,45512,25,,,2,95,,45503,25,,,2,97,,45507,25,,,1,100,,45500,25,,,2,100,,45508,25,,,1
9701,'Semaine-3-_26ÉTÉ-1111100-',617,,45530,25,,,1,100,,45523,25,,,2,109,,45532,25,,,1,103,,45521,25,,,2,100,,45518,25,,,1,100,,45531,25,,,2,98,,45526,25,,,2,102,,45522,25,,,1,100,,45528,25,,,2,101,,45516,25,,,1,97,,45519,25,,,1,101,,45527,25,,,1,98,,45529,25,,,2,95,,45520,25,,,2,97,,45524,25,,,1,100,,45517,25,,,2,100,,45525,25,,,1
9701,'Semaine-4-_26ÉTÉ-1111100-',617,,45547,25,,,1,100,,45540,25,,,2,109,,45549,25,,,1,103,,45538,25,,,2,100,,45535,25,,,1,100,,45548,25,,,2,98,,45543,25,,,2,102,,45539,25,,,1,100,,45545,25,,,2,101,,45533,25,,,1,97,,45536,25,,,1,101,,45544,25,,,1,98,,45546,25,,,2,95,,45537,25,,,2,97,,45541,25,,,1,100,,45534,25,,,2,100,,45542,25,,,1
9801,'Semaine-2-_26ÉTÉ-1111100-',513,,45550,21,,,1,10,,45551,21,,,1,10,,45552,21,,,1
9801,'Semaine-3-_26ÉTÉ-1111100-',513,,45553,21,,,1,10,,45554,21,,,1,10,,45555,21,,,1
9801,'Semaine-4-_26ÉTÉ-1111100-',513,,45556,21,,,1,10,,45557,21,,,1,10,,45558,21,,,1
