4500,'Semaine-1-_26ÉTÉ-1111100-',1521,,51863,30,,,1,35,,51858,30,,,2,72,,51859,30,,,2,30,,51861,30,,,1,69,,51862,30,,,1,25,,51860,30,,,2
4500,'Semaine-10-_26ÉTÉ-1111100-',1521,,51869,30,,,1,35,,51864,30,,,2,72,,51865,30,,,2,30,,51867,30,,,1,69,,51868,30,,,1,25,,51866,30,,,2
4500,'Semaine-11-_26ÉTÉ-1111100-',1521,,51875,30,,,1,35,,51870,30,,,2,72,,51871,30,,,2,30,,51873,30,,,1,69,,51874,30,,,1,25,,51872,30,,,2
4500,'Semaine-12-_26ÉTÉ-1111100-',1521,,51881,30,,,1,35,,51876,30,,,2,72,,51877,30,,,2,30,,51879,30,,,1,69,,51880,30,,,1,25,,51878,30,,,2
5200,'Samedi-0-_26ÉTÉ-0000010-',637,,52451,16,,,1,100,,52452,16,,,2,100,,52453,16,,,1,101,,52454,16,,,2,100,,52455,16,,,1,101,,52456,16,,,1,101,,52457,16,,,2,100,,52458,16,,,2,99,,52459,16,,,1,100,,52460,16,,,2,100,,52461,16,,,1,100,,52462,16,,,1,99,,52463,16,,,1,100,,52466,16,,,1,100,,52464,16,,,1,100,,52465,16,,,2,98,,52467,16,,,2,100,,52468,16,,,1
5200,'Dimanche-0-_26ÉTÉ-0000001-',637,,52470,16,,,1,100,,52469,16,,,2,100,,52471,16,,,1,101,,52472,16,,,2,100,,52474,16,,,1,101,,52479,16,,,1,101,,52473,16,,,2,100,,52476,16,,,2,99,,52477,16,,,1,100,,52475,16,,,2,100,,52478,16,,,1,100,,52485,16,,,1,99,,52484,16,,,1,100,,52480,16,,,1,100,,52486,16,,,1,100,,52483,16,,,2,98,,52482,16,,,2,100,,52481,16,,,1
5200,'Dimanche-10-_26ÉTÉ-0000001-',637,,52488,16,,,1,100,,52487,16,,,2,100,,52489,16,,,1,101,,52490,16,,,2,100,,52492,16,,,1,101,,52497,16,,,1,101,,52491,16,,,2,100,,52494,16,,,2,99,,52495,16,,,1,100,,52493,16,,,2,100,,52496,16,,,1,100,,52503,16,,,1,99,,52502,16,,,1,100,,52498,16,,,1,100,,52504,16,,,1,100,,52501,16,,,2,98,,52500,16,,,2,100,,52499,16,,,1
5200,'Dimanche-11-_26ÉTÉ-0000001-',637,,52506,16,,,1,100,,52505,16,,,2,100,,52507,16,,,1,101,,52508,16,,,2,100,,52510,16,,,1,101,,52515,16,,,1,101,,52509,16,,,2,100,,52512,16,,,2,99,,52513,16,,,1,100,,52511,16,,,2,100,,52514,16,,,1,100,,52521,16,,,1,99,,52520,16,,,1,100,,52516,16,,,1,100,,52522,16,,,1,100,,52519,16,,,2,98,,52518,16,,,2,100,,52517,16,,,1
5200,'Semaine-1-_26ÉTÉ-1111100-',608,,52526,16,,,1,99,,52528,16,,,1,107,,52523,16,,,1,99,,52539,16,,,1,96,,52537,16,,,2,100,,52524,16,,,1,100,,52531,16,,,1,100,,52530,16,,,1,100,,52527,16,,,1,100,,52525,16,,,1,108,,52529,16,,,1,103,,52540,16,,,1,105,,52538,16,,,1,99,,52532,16,,,1,84,,52536,16,,,1,100,,52535,16,,,1,100,,52533,16,,,1,100,,52534,16,,,1
5200,'Semaine-10-_26ÉTÉ-1111100-',608,,52544,16,,,1,99,,52546,16,,,1,107,,52541,16,,,1,99,,52557,16,,,1,96,,52555,16,,,2,100,,52542,16,,,1,100,,52549,16,,,1,100,,52548,16,,,1,100,,52545,16,,,1,100,,52543,16,,,1,108,,52547,16,,,1,103,,52558,16,,,1,105,,52556,16,,,1,99,,52550,16,,,1,84,,52554,16,,,1,100,,52553,16,,,1,100,,52551,16,,,1,100,,52552,16,,,1
5200,'Semaine-11-_26ÉTÉ-1111100-',608,,52562,16,,,1,99,,52564,16,,,1,107,,52559,16,,,1,99,,52575,16,,,1,96,,52573,16,,,2,100,,52560,16,,,1,100,,52567,16,,,1,100,,52566,16,,,1,100,,52563,16,,,1,100,,52561,16,,,1,108,,52565,16,,,1,103,,52576,16,,,1,105,,52574,16,,,1,99,,52568,16,,,1,84,,52572,16,,,1,100,,52571,16,,,1,100,,52569,16,,,1,100,,52570,16,,,1
5200,'Semaine-12-_26ÉTÉ-1111100-',608,,52580,16,,,1,99,,52582,16,,,1,107,,52577,16,,,1,99,,52593,16,,,1,96,,52591,16,,,2,100,,52578,16,,,1,100,,52585,16,,,1,100,,52584,16,,,1,100,,52581,16,,,1,100,,52579,16,,,1,108,,52583,16,,,1,103,,52594,16,,,1,105,,52592,16,,,1,99,,52586,16,,,1,84,,52590,16,,,1,100,,52589,16,,,1,100,,52587,16,,,1,100,,52588,16,,,1
5601,'Semaine-1-_26ÉTÉ-1111100-',1240,,53600,33,,,2,102,,53597,33,,,1,100,,53596,33,,,1,100,,53599,33,,,1,106,,53598,33,,,1,98,,53601,33,,,2,94,,53602,33,,,1
5601,'Semaine-10-_26ÉTÉ-1111100-',1240,,53607,33,,,2,102,,53604,33,,,1,100,,53603,33,,,1,100,,53606,33,,,1,106,,53605,33,,,1,98,,53608,33,,,2,94,,53609,33,,,1
5601,'Semaine-11-_26ÉTÉ-1111100-',1240,,53614,33,,,2,102,,53611,33,,,1,100,,53610,33,,,1,100,,53613,33,,,1,106,,53612,33,,,1,98,,53615,33,,,2,94,,53616,33,,,1
5601,'Semaine-12-_26ÉTÉ-1111100-',1240,,53621,33,,,2,102,,53618,33,,,1,100,,53617,33,,,1,100,,53620,33,,,1,106,,53619,33,,,1,98,,53622,33,,,2,94,,53623,33,,,1
