5401,'Semaine-2-_26ÉTÉ-1111100-',652,,41594,3,,,1,100,,41593,3,,,1,100,,41595,3,,,1
5401,'Semaine-3-_26ÉTÉ-1111100-',652,,41597,3,,,1,100,,41596,3,,,1,100,,41598,3,,,1
5401,'Semaine-4-_26ÉTÉ-1111100-',652,,41600,3,,,1,100,,41599,3,,,1,100,,41601,3,,,1
55400,'Semaine-2-_26ÉTÉ-1111100-',648,,46764,3,,,1
55400,'Semaine-3-_26ÉTÉ-1111100-',648,,46765,3,,,1
55400,'Semaine-4-_26ÉTÉ-1111100-',648,,46766,3,,,1
65401,'Semaine-2-_26ÉTÉ-1111100-',705,,46794,3,,,1
65401,'Semaine-3-_26ÉTÉ-1111100-',705,,46795,3,,,1
65401,'Semaine-4-_26ÉTÉ-1111100-',705,,46796,3,,,1
75401,'Semaine-2-_26ÉTÉ-1111100-',706,,46806,3,,,1
75401,'Semaine-3-_26ÉTÉ-1111100-',706,,46807,3,,,1
75401,'Semaine-4-_26ÉTÉ-1111100-',706,,46808,3,,,1
