7900,'Semaine-1-_26ÉTÉ-1111100-',1225,,59788,3,,,2,100,,59791,3,,,2,131,,59789,3,,,1,70,,59790,3,,,2,30,,59795,3,,,1,70,,59793,3,,,1,31,,59792,3,,,1,70,,59787,3,,,1,84,,59794,3,,,1,45,,59796,3,,,1
7900,'Semaine-10-_26ÉTÉ-1111100-',1225,,59799,3,,,2,100,,59802,3,,,2,131,,59800,3,,,1,70,,59801,3,,,2,30,,59806,3,,,1,70,,59804,3,,,1,31,,59803,3,,,1,70,,59798,3,,,1,84,,59805,3,,,1,45,,59807,3,,,1
7900,'Semaine-11-_26ÉTÉ-1111100-',1225,,59810,3,,,2,100,,59813,3,,,2,131,,59811,3,,,1,70,,59812,3,,,2,30,,59817,3,,,1,70,,59815,3,,,1,31,,59814,3,,,1,70,,59809,3,,,1,84,,59816,3,,,1,45,,59818,3,,,1
7900,'Semaine-12-_26ÉTÉ-1111100-',1225,,59821,3,,,2,100,,59824,3,,,2,131,,59822,3,,,1,70,,59823,3,,,2,30,,59828,3,,,1,70,,59826,3,,,1,31,,59825,3,,,1,70,,59820,3,,,1,84,,59827,3,,,1,45,,59829,3,,,1
9700,'Samedi-0-_26ÉTÉ-0000010-',814,,60249,3,,,2,100,,60252,3,,,2,100,,60247,3,,,1,100,,60248,3,,,1,100,,60251,3,,,2,100,,60250,3,,,2,100,,60253,3,,,1,100,,60254,3,,,2,100,,60255,3,,,2,100,,60256,3,,,1,100,,60261,3,,,1,100,,60257,3,,,1,100,,60258,3,,,1,100,,60259,3,,,1,100,,60260,3,,,2,100,,60262,3,,,1,100,,60263,3,,,1
9700,'Dimanche-0-_26ÉTÉ-0000001-',814,,60267,3,,,2,100,,60269,3,,,2,100,,60266,3,,,1,100,,60265,3,,,1,100,,60264,3,,,2,100,,60268,3,,,2,100,,60271,3,,,1,100,,60270,3,,,2,100,,60276,3,,,2,100,,60278,3,,,1,100,,60280,3,,,1,100,,60272,3,,,1,100,,60273,3,,,1,100,,60274,3,,,1,100,,60275,3,,,2,100,,60279,3,,,1,100,,60277,3,,,1
9700,'Dimanche-10-_26ÉTÉ-0000001-',814,,60284,3,,,2,100,,60286,3,,,2,100,,60283,3,,,1,100,,60282,3,,,1,100,,60281,3,,,2,100,,60285,3,,,2,100,,60288,3,,,1,100,,60287,3,,,2,100,,60293,3,,,2,100,,60295,3,,,1,100,,60297,3,,,1,100,,60289,3,,,1,100,,60290,3,,,1,100,,60291,3,,,1,100,,60292,3,,,2,100,,60296,3,,,1,100,,60294,3,,,1
9700,'Dimanche-11-_26ÉTÉ-0000001-',814,,60301,3,,,2,100,,60303,3,,,2,100,,60300,3,,,1,100,,60299,3,,,1,100,,60298,3,,,2,100,,60302,3,,,2,100,,60305,3,,,1,100,,60304,3,,,2,100,,60310,3,,,2,100,,60312,3,,,1,100,,60314,3,,,1,100,,60306,3,,,1,100,,60307,3,,,1,100,,60308,3,,,1,100,,60309,3,,,2,100,,60313,3,,,1,100,,60311,3,,,1
9700,'Semaine-1-_26ÉTÉ-1111100-',646,,60333,3,,,1,66,,60334,3,,,1,97,,60323,3,,,2,101,,60319,3,,,1,96,,60332,3,,,2,100,,60327,3,,,2,100,,60324,3,,,1,100,,60329,3,,,2,101,,60315,3,,,1,94,,60320,3,,,1,104,,60328,3,,,1,96,,60330,7,,,2,103,,60321,7,,,2,34,,60316,7,,,2,19,,60325,3,,,1,102,,60317,3,,,2,100,,60326,3,,,1,100,,60322,3,,,1,142,,60318,3,,,2,110,,60331,3,,,1
9700,'Semaine-10-_26ÉTÉ-1111100-',646,,60353,3,,,1,66,,60354,3,,,1,97,,60343,3,,,2,101,,60339,3,,,1,96,,60352,3,,,2,100,,60347,3,,,2,100,,60344,3,,,1,100,,60349,3,,,2,101,,60335,3,,,1,94,,60340,3,,,1,104,,60348,3,,,1,96,,60350,7,,,2,103,,60341,7,,,2,34,,60336,7,,,2,19,,60345,3,,,1,102,,60337,3,,,2,100,,60346,3,,,1,100,,60342,3,,,1,142,,60338,3,,,2,110,,60351,3,,,1
9700,'Semaine-11-_26ÉTÉ-1111100-',646,,60373,3,,,1,66,,60374,3,,,1,97,,60363,3,,,2,101,,60359,3,,,1,96,,60372,3,,,2,100,,60367,3,,,2,100,,60364,3,,,1,100,,60369,3,,,2,101,,60355,3,,,1,94,,60360,3,,,1,104,,60368,3,,,1,96,,60370,7,,,2,103,,60361,7,,,2,34,,60356,7,,,2,19,,60365,3,,,1,102,,60357,3,,,2,100,,60366,3,,,1,100,,60362,3,,,1,142,,60358,3,,,2,110,,60371,3,,,1
9700,'Semaine-12-_26ÉTÉ-1111100-',646,,60393,3,,,1,66,,60394,3,,,1,97,,60383,3,,,2,101,,60379,3,,,1,96,,60392,3,,,2,100,,60387,3,,,2,100,,60384,3,,,1,100,,60389,3,,,2,101,,60375,3,,,1,94,,60380,3,,,1,104,,60388,3,,,1,96,,60390,7,,,2,103,,60381,7,,,2,34,,60376,7,,,2,19,,60385,3,,,1,102,,60377,3,,,2,100,,60386,3,,,1,100,,60382,3,,,1,142,,60378,3,,,2,110,,60391,3,,,1
