2300,'Semaine-3',1520,,24580,1,,,1,30,,24578,1,,,1,70,,24576,1,,,2,30,,24577,1,,,1,68,,24579,1,,,1,32,,24575,1,,,1
2500,'Semaine-3',1505,,24586,1,,,1,30,,24589,1,,,1,70,,24587,1,,,1,31,,24591,1,,,1,70,,24588,1,,,1,29,,24590,1,,,1
2600,'Semaine-3',1528,,24600,1,,,1,30,,24599,1,,,1,70,,24598,1,,,2,30,,24601,1,,,1,70,,24602,1,,,1
2900,'Semaine-3',1522,,24626,1,,,2,30,,24625,1,,,1,72,,24623,1,,,1,28,,24627,1,,,2,73,,24624,1,,,1
3201,'Semaine-3',545,,24929,36,,,1,61,,24928,36,,,1,19,,24920,36,,,1,20,,24930,36,,,1,9,,24910,36,,,1,49,,24931,36,,,1,13,,24911,36,,,2,10,,24912,36,,,1,12,,24904,36,,,1,9,,24907,36,,,1,7,,24933,36,,,1,49,,24913,36,,,1,9,,24908,36,,,1,9,,24921,36,,,1,8,,24903,36,,,2,6,,24914,36,,,1,8,,24932,36,,,1,8,,24902,36,,,1,51,,24901,36,,,1,11,,24906,36,,,1,3,,24909,36,,,1,10,,24915,36,,,2,20,,24889,36,,,2,70,,24899,37,,,1,30,,24892,37,,,1,70,,24895,37,,,2,30,,24888,37,,,2,70,,24898,37,,,1,30,,24893,37,,,1,70,,24900,37,,,1,31,,24882,37,,,1,69,,24887,37,,,1,31,,24894,37,,,1,72,,24905,37,,,1,30,,24922,37,,,1,70,,24923,37,,,1,30,,24924,37,,,2,68,,24925,37,,,2,31,,24926,37,,,1,69,,24927,37,,,1,29,,24885,37,,,2,70,,24883,37,,,1,35,,24896,37,,,1,62,,24891,37,,,1,30,,24886,37,,,2,70,,24884,37,,,1,30,,24897,37,,,1,69,,24890,37,,,1,30,,24917,37,,,2,70,,24916,37,,,1,30,,24918,37,,,1,71,,24919,37,,,1
3401,'Samedi-11',732,,25260,58,,,1,100,,25263,58,,,2,70,,25272,58,,,1,33,,25261,58,,,1,70,,25266,58,,,1,30,,25268,58,,,1,70,,25262,58,,,2,30,,25271,58,,,1,73,,25264,58,,,1,30,,25273,58,,,1,70,,25265,58,,,1,30,,25267,58,,,1,70,,25269,58,,,2,30,,25270,58,,,2,70,,25274,58,,,1,31,,25275,58,,,2,70,,25276,58,,,1,30,,25277,58,,,1,70,,25278,58,,,1,29,,25279,58,,,1,70,,25280,58,,,2,29,,25281,58,,,1,67,,25282,58,,,1,30,,25284,58,,,1,70,,25283,58,,,2,30,,25285,58,,,1,70,,25286,58,,,1,28,,25287,58,,,1,70,,25289,58,,,1,30,,25288,58,,,1,70,,25290,58,,,1,56,,25291,58,,,1
3401,'Samedi-2',732,,25292,58,,,1,100,,25295,58,,,2,70,,25304,58,,,1,33,,25293,58,,,1,70,,25298,58,,,1,30,,25300,58,,,1,70,,25294,58,,,2,30,,25303,58,,,1,73,,25296,58,,,1,30,,25305,58,,,1,70,,25297,58,,,1,30,,25299,58,,,1,70,,25301,58,,,2,30,,25302,58,,,2,70,,25306,58,,,1,31,,25307,58,,,2,70,,25308,58,,,1,30,,25309,58,,,1,70,,25310,58,,,1,29,,25311,58,,,1,70,,25312,58,,,2,29,,25313,58,,,1,67,,25314,58,,,1,30,,25316,58,,,1,70,,25315,58,,,2,30,,25317,58,,,1,70,,25318,58,,,1,28,,25319,58,,,1,70,,25321,58,,,1,30,,25320,58,,,1,70,,25322,58,,,1,56,,25323,58,,,1
3401,'Dimanche-2',732,,25325,58,,,1,100,,25336,58,,,2,70,,25329,58,,,1,33,,25332,58,,,1,70,,25331,58,,,1,30,,25340,58,,,1,70,,25337,58,,,2,30,,25324,58,,,1,73,,25335,58,,,1,30,,25328,58,,,1,70,,25326,58,,,1,30,,25327,58,,,1,70,,25330,58,,,2,30,,25338,58,,,2,70,,25334,58,,,1,31,,25333,58,,,2,70,,25339,58,,,1,30,,25344,58,,,1,70,,25342,58,,,1,29,,25348,58,,,1,70,,25351,58,,,2,29,,25341,58,,,1,67,,25350,58,,,1,30,,25343,58,,,1,70,,25347,58,,,2,30,,25354,58,,,1,70,,25346,58,,,1,28,,25345,58,,,1,70,,25352,58,,,1,30,,25353,58,,,1,70,,25349,58,,,1,56,,25355,58,,,1
3401,'Semaine-3',944,,25381,57,,,1,67,,25361,57,,,1,30,,25365,58,,,1,70,,25385,58,,,1,30,,25358,58,,,1,70,,25362,58,,,1,30,,25366,58,,,1,70,,25356,58,,,1,30,,25359,58,,,1,70,,25363,58,,,1,33,,25367,58,,,1,70,,25360,58,,,1,32,,25382,58,,,1,72,,25357,58,,,1,31,,25383,58,,,1,71,,25384,58,,,2,27,,25378,58,,,1,67,,25374,58,,,1,27,,25364,58,,,1,69,,25371,58,,,1,29,,25380,58,,,1,69,,25368,58,,,1,30,,25370,58,,,1,70,,25372,58,,,1,30,,25376,58,,,1,70,,25369,58,,,1,30,,25375,58,,,1,68,,25373,58,,,1,30,,25377,58,,,1,70,,25379,58,,,1
3601,'Semaine-3',923,,25465,46,,,1,90,,25463,47,,,1,99,,25466,47,,,1,102,,25464,47,,,1,99,,25469,47,,,1,100,,25468,47,,,1,101,,25467,47,,,1
3701,'Samedi-11',718,,25554,39,,,1,100,,25559,39,,,1,100,,25553,39,,,1,103,,25558,39,,,1,101,,25555,39,,,1,99,,25556,39,,,1,100,,25560,39,,,1,103,,25557,39,,,1,100,,25561,39,,,1,100,,25562,39,,,1,100,,25563,39,,,1,96,,25564,39,,,1,100,,25565,39,,,1,102,,25566,39,,,1,98,,25567,39,,,1,96,,25568,39,,,1,98,,25569,39,,,1
3701,'Samedi-2',718,,25571,39,,,1,100,,25576,39,,,1,100,,25570,39,,,1,103,,25575,39,,,1,101,,25572,39,,,1,99,,25573,39,,,1,100,,25577,39,,,1,103,,25574,39,,,1,100,,25578,39,,,1,100,,25579,39,,,1,100,,25580,39,,,1,96,,25581,39,,,1,100,,25582,39,,,1,102,,25583,39,,,1,98,,25584,39,,,1,96,,25585,39,,,1,98,,25586,39,,,1
3701,'Dimanche-2',718,,25587,39,,,1,100,,25591,39,,,1,100,,25592,39,,,1,103,,25594,39,,,1,101,,25593,39,,,1,99,,25589,39,,,1,100,,25588,39,,,1,103,,25590,39,,,1,100,,25595,39,,,1,100,,25599,39,,,1,100,,25602,39,,,1,96,,25596,39,,,1,100,,25597,39,,,1,102,,25603,39,,,1,98,,25601,39,,,1,96,,25598,39,,,1,98,,25600,39,,,1
3701,'Semaine-3',545,,25617,38,,,1,72,,25615,38,,,1,35,,25619,38,,,1,66,,25609,38,,,1,37,,25626,38,,,1,61,,25606,38,,,1,12,,25627,38,,,1,26,,25608,38,,,1,100,,25625,38,,,1,98,,25613,39,,,1,102,,25607,39,,,1,100,,25605,39,,,1,100,,25610,39,,,1,102,,25621,39,,,1,101,,25604,39,,,1,72,,25620,39,,,1,30,,25623,39,,,1,69,,25618,39,,,1,28,,25624,39,,,1,67,,25628,39,,,1,85,,25612,39,,,1,98,,25622,39,,,1,100,,25614,39,,,1,100,,25611,39,,,1,95,,25616,39,,,1
3801,'Samedi-11',732,,25774,26,,,1,70,,25770,26,,,1,30,,25782,26,,,1,71,,25775,26,,,1,29,,25771,26,,,1,72,,25783,26,,,1,28,,25776,26,,,1,73,,25780,26,,,1,26,,25772,26,,,1,74,,25777,26,,,1,30,,25781,26,,,1,70,,25773,26,,,1,30,,25778,26,,,1,72,,25779,26,,,1,28,,25784,26,,,1,72,,25785,26,,,1,28,,25786,26,,,1,72,,25787,26,,,1,28,,25788,26,,,1,71,,25789,26,,,1,29,,25790,26,,,1,70,,25791,26,,,1,26,,25792,26,,,1,72,,25794,26,,,1,29,,25793,26,,,1,71,,25796,26,,,1,29,,25795,26,,,1,71,,25797,26,,,1,29,,25798,26,,,1,70,,25802,26,,,1,30,,25799,26,,,1,70,,25800,26,,,1,30,,25801,26,,,1
3801,'Samedi-2',732,,25807,26,,,1,70,,25803,26,,,1,30,,25815,26,,,1,71,,25808,26,,,1,29,,25804,26,,,1,72,,25816,26,,,1,28,,25809,26,,,1,73,,25813,26,,,1,26,,25805,26,,,1,74,,25810,26,,,1,30,,25814,26,,,1,70,,25806,26,,,1,30,,25811,26,,,1,72,,25812,26,,,1,28,,25817,26,,,1,72,,25818,26,,,1,28,,25819,26,,,1,72,,25820,26,,,1,28,,25821,26,,,1,71,,25822,26,,,1,29,,25823,26,,,1,70,,25824,26,,,1,26,,25825,26,,,1,72,,25827,26,,,1,29,,25826,26,,,1,71,,25829,26,,,1,29,,25828,26,,,1,71,,25830,26,,,1,29,,25831,26,,,1,70,,25835,26,,,1,30,,25832,26,,,1,70,,25833,26,,,1,30,,25834,26,,,1
3801,'Dimanche-2',732,,25843,26,,,1,70,,25839,26,,,1,30,,25850,26,,,1,71,,25842,26,,,1,29,,25836,26,,,1,72,,25851,26,,,1,28,,25845,26,,,1,73,,25837,26,,,1,26,,25849,26,,,1,74,,25844,26,,,1,30,,25838,26,,,1,70,,25840,26,,,1,30,,25841,26,,,1,72,,25847,26,,,1,28,,25853,26,,,1,72,,25854,26,,,1,28,,25848,26,,,1,72,,25852,26,,,1,28,,25858,26,,,1,71,,25863,26,,,1,29,,25864,26,,,1,70,,25859,26,,,1,26,,25846,26,,,1,72,,25861,26,,,1,29,,25856,26,,,1,71,,25857,26,,,1,29,,25860,26,,,1,71,,25862,26,,,1,29,,25866,26,,,1,70,,25865,26,,,1,30,,25855,26,,,1,70,,25867,26,,,1,30,,25868,26,,,1
3801,'Semaine-3',640,,25897,27,,,1,71,,25869,27,,,1,30,,25896,27,,,1,18,,25907,27,,,1,61,,25903,27,,,1,27,,25885,27,,,1,67,,25905,27,,,1,29,,25892,26,,,1,59,,25875,26,,,1,20,,25901,26,,,1,20,,25886,26,,,1,60,,25878,26,,,1,22,,25893,26,,,1,20,,25876,26,,,1,60,,25900,26,,,1,21,,25906,26,,,1,22,,25879,26,,,1,60,,25908,26,,,1,22,,25894,26,,,1,18,,25899,26,,,1,58,,25887,26,,,1,20,,25880,26,,,1,19,,25895,26,,,1,61,,25909,26,,,1,22,,25882,26,,,1,22,,25888,26,,,1,70,,25902,26,,,1,31,,25877,26,,,1,69,,25884,26,,,1,28,,25874,26,,,1,70,,25910,26,,,1,17,,25871,26,,,1,21,,25904,26,,,1,69,,25873,26,,,1,30,,25883,26,,,1,70,,25891,26,,,1,30,,25898,26,,,1,70,,25881,26,,,1,30,,25889,26,,,1,69,,25890,26,,,1,29,,25870,26,,,1,85,,25872,26,,,1
4000,'Semaine-3',1500,,26130,1,,,1,30,,26126,1,,,2,70,,26129,1,,,1,30,,26128,1,,,2,70,,26127,1,,,1,30,,26131,1,,,1
4100,'Semaine-3',1510,,26139,1,,,1,30,,26141,1,,,1,70,,26140,1,,,1,30,,26138,1,,,1,70,,26142,1,,,1
4500,'Semaine-3',1449,,26157,1,,,1,71,,26152,1,,,1,30,,26153,1,,,1,71,,26155,1,,,2,29,,26156,1,,,1,70,,26154,1,,,1
4700,'Semaine-3',1505,,26164,1,,,1,101,,26166,1,,,2,99,,26165,1,,,2
4800,'Semaine-3',1658,,26171,1,,,2
5501,'Samedi-11',730,,26662,56,,,1,70,,26665,56,,,1,30,,26664,56,,,1,70,,26674,56,,,1,30,,26663,56,,,1,72,,26666,56,,,1,30,,26667,56,,,1,70,,26673,56,,,1,33,,26669,56,,,1,70,,26670,56,,,1,31,,26668,56,,,1,68,,26676,56,,,1,30,,26675,56,,,1,70,,26671,56,,,1,30,,26672,56,,,1,70,,26677,56,,,1,30,,26678,56,,,1,70,,26679,56,,,1,30,,26680,56,,,1,70,,26681,56,,,1,30,,26682,56,,,1,70,,26683,56,,,1,30,,26684,56,,,1,67,,26685,56,,,1,30,,26686,56,,,1,70,,26687,56,,,1,30,,26688,56,,,1,27,,26689,56,,,1,70,,26690,56,,,1,30,,26692,56,,,1,68,,26691,56,,,1,32,,26694,56,,,1,68,,26693,56,,,1
5501,'Samedi-2',730,,26695,56,,,1,70,,26698,56,,,1,30,,26697,56,,,1,70,,26707,56,,,1,30,,26696,56,,,1,72,,26699,56,,,1,30,,26700,56,,,1,70,,26706,56,,,1,33,,26702,56,,,1,70,,26703,56,,,1,31,,26701,56,,,1,68,,26709,56,,,1,30,,26708,56,,,1,70,,26704,56,,,1,30,,26705,56,,,1,70,,26710,56,,,1,30,,26711,56,,,1,70,,26712,56,,,1,30,,26713,56,,,1,70,,26714,56,,,1,30,,26715,56,,,1,70,,26716,56,,,1,30,,26717,56,,,1,67,,26718,56,,,1,30,,26719,56,,,1,70,,26720,56,,,1,30,,26721,56,,,1,27,,26722,56,,,1,70,,26723,56,,,1,30,,26725,56,,,1,68,,26724,56,,,1,32,,26727,56,,,1,68,,26726,56,,,1
5501,'Dimanche-2',730,,26729,56,,,1,70,,26734,56,,,1,30,,26730,56,,,1,70,,26738,56,,,1,30,,26741,56,,,1,72,,26733,56,,,1,30,,26745,56,,,1,70,,26739,56,,,1,33,,26740,56,,,1,70,,26731,56,,,1,31,,26728,56,,,1,68,,26735,56,,,1,30,,26742,56,,,1,70,,26732,56,,,1,30,,26743,56,,,1,70,,26737,56,,,1,30,,26736,56,,,1,70,,26746,56,,,1,30,,26750,56,,,1,70,,26744,56,,,1,30,,26747,56,,,1,70,,26757,56,,,1,30,,26754,56,,,1,67,,26759,56,,,1,30,,26760,56,,,1,70,,26748,56,,,1,30,,26751,56,,,1,27,,26749,56,,,1,70,,26752,56,,,1,30,,26753,56,,,1,68,,26756,56,,,1,31,,26758,56,,,1,69,,26755,56,,,1
5501,'Semaine-3',546,,26774,56,,,1,55,,26781,56,,,1,14,,26780,54,,,1,18,,26764,54,,,1,16,,26802,54,,,1,61,,26801,54,,,1,9,,26761,54,,,1,17,,26806,54,,,1,15,,26787,54,,,1,56,,26795,54,,,1,15,,26765,54,,,1,9,,26769,54,,,1,12,,26767,54,,,1,9,,26796,54,,,1,3,,26798,54,,,1,53,,26775,54,,,1,28,,26779,54,,,1,10,,26766,54,,,1,11,,26800,54,,,1,71,,26793,56,,,1,23,,26805,23,,,1,8,,26797,56,,,1,69,,26763,56,,,1,27,,26770,56,,,1,71,,26783,56,,,1,29,,26794,56,,,1,71,,26790,56,,,1,30,,26771,56,,,1,70,,26803,56,,,1,30,,26762,56,,,1,76,,26768,56,,,1,92,,26772,56,,,1,95,,26777,56,,,1,99,,26782,56,,,1,97,,26799,56,,,1,20,,26788,56,,,1,70,,26776,56,,,1,30,,26792,56,,,1,70,,26785,56,,,1,30,,26804,56,,,1,70,,26778,56,,,1,30,,26784,56,,,1,67,,26786,56,,,1,30,,26773,56,,,1,68,,26791,56,,,1,30,,26789,56,,,1
5901,'Samedi-11',741,,26987,45,,,1,70,,26994,45,,,1,32,,26991,45,,,1,70,,26996,45,,,1,31,,26988,45,,,1,70,,26993,45,,,1,31,,26992,45,,,1,70,,26995,45,,,1,30,,26999,45,,,1,71,,27000,45,,,1,30,,26989,45,,,1,70,,26990,45,,,1,30,,26998,45,,,1,70,,26997,45,,,1,30,,27001,45,,,1,70,,27002,45,,,1,30,,27003,45,,,1,70,,27004,45,,,1,30,,27005,45,,,1,70,,27006,45,,,1,30,,27007,45,,,1,70,,27008,45,,,1,30,,27009,45,,,1,66,,27010,45,,,1,30,,27011,45,,,1,71,,27013,45,,,1,30,,27012,45,,,1,68,,27014,45,,,1,30,,27015,45,,,1,70,,27016,45,,,1,30,,27018,45,,,1,67,,27017,45,,,1
5901,'Samedi-2',741,,27019,45,,,1,70,,27026,45,,,1,32,,27023,45,,,1,70,,27028,45,,,1,31,,27020,45,,,1,70,,27025,45,,,1,31,,27024,45,,,1,70,,27027,45,,,1,30,,27031,45,,,1,71,,27032,45,,,1,30,,27021,45,,,1,70,,27022,45,,,1,30,,27030,45,,,1,70,,27029,45,,,1,30,,27033,45,,,1,70,,27034,45,,,1,30,,27035,45,,,1,70,,27036,45,,,1,30,,27037,45,,,1,70,,27038,45,,,1,30,,27039,45,,,1,70,,27040,45,,,1,30,,27041,45,,,1,66,,27042,45,,,1,30,,27043,45,,,1,71,,27045,45,,,1,30,,27044,45,,,1,68,,27046,45,,,1,30,,27047,45,,,1,70,,27048,45,,,1,30,,27050,45,,,1,67,,27049,45,,,1
5901,'Dimanche-2',741,,27057,45,,,1,70,,27060,45,,,1,32,,27062,45,,,1,70,,27053,45,,,1,31,,27056,45,,,1,70,,27059,45,,,1,31,,27063,45,,,1,70,,27051,45,,,1,30,,27054,45,,,1,71,,27068,45,,,1,30,,27061,45,,,1,70,,27052,45,,,1,30,,27055,45,,,1,70,,27058,45,,,1,30,,27065,45,,,1,70,,27064,45,,,1,30,,27067,45,,,1,70,,27069,45,,,1,30,,27066,45,,,1,70,,27075,45,,,1,30,,27076,45,,,1,70,,27072,45,,,1,30,,27071,45,,,1,66,,27081,45,,,1,30,,27078,45,,,1,71,,27079,45,,,1,30,,27070,45,,,1,68,,27073,45,,,1,30,,27077,45,,,1,70,,27074,45,,,1,30,,27080,45,,,1,67,,27082,45,,,1
5901,'Semaine-3',540,,27087,45,,,1,13,,27123,45,,,1,56,,27096,45,,,1,15,,27117,43,,,1,18,,27097,43,,,1,15,,27086,43,,,1,46,,27088,43,,,1,24,,27091,43,,,1,7,,27126,21,,,1,13,,27127,21,,,1,9,,27094,43,,,1,45,,27128,21,,,1,13,,27095,43,,,1,14,,27090,43,,,1,10,,27119,43,,,1,9,,27105,43,,,1,6,,27110,43,,,1,53,,27084,43,,,1,12,,27100,43,,,1,9,,27085,43,,,1,12,,27103,43,,,1,72,,27129,43,,,1,29,,27124,45,,,1,70,,27111,45,,,1,30,,27093,45,,,1,71,,27104,45,,,1,30,,27107,45,,,1,70,,27092,45,,,1,31,,27121,45,,,1,69,,27083,45,,,1,30,,27125,45,,,1,70,,27115,45,,,1,42,,27118,45,,,1,100,,27122,45,,,1,97,,27102,45,,,1,96,,27109,45,,,1,73,,27114,45,,,1,30,,27101,45,,,1,70,,27108,45,,,1,30,,27113,45,,,1,69,,27120,45,,,1,30,,27098,45,,,1,70,,27116,45,,,1,29,,27106,45,,,1,70,,27089,45,,,1,30,,27099,45,,,1,70,,27112,45,,,1
6701,'Samedi-11',658,,27837,34,,,1,100,,27843,34,,,1,100,,27839,34,,,1,101,,27838,34,,,1,71,,27841,34,,,1,70,,27846,34,,,1,32,,27847,34,,,2,70,,27840,34,,,1,30,,27842,34,,,1,70,,27845,34,,,1,30,,27848,34,,,1,70,,27849,34,,,1,30,,27844,34,,,1,71,,27850,34,,,1,30,,27851,34,,,1,70,,27852,34,,,2,31,,27853,34,,,2,67,,27854,34,,,1,33,,27855,34,,,1,69,,27856,34,,,1,30,,27857,34,,,2,26,,27858,34,,,1,71,,27859,34,,,2,100,,27860,34,,,1,100,,27861,34,,,1,100,,27863,34,,,1,98,,27862,34,,,1
6701,'Samedi-2',658,,27864,34,,,1,100,,27870,34,,,1,100,,27866,34,,,1,101,,27865,34,,,1,71,,27868,34,,,1,70,,27873,34,,,1,32,,27874,34,,,2,70,,27867,34,,,1,30,,27869,34,,,1,70,,27872,34,,,1,30,,27875,34,,,1,70,,27876,34,,,1,30,,27871,34,,,1,71,,27877,34,,,1,30,,27878,34,,,1,70,,27879,34,,,2,31,,27880,34,,,2,67,,27881,34,,,1,33,,27882,34,,,1,69,,27883,34,,,1,30,,27884,34,,,2,26,,27885,34,,,1,71,,27886,34,,,2,100,,27887,34,,,1,100,,27888,34,,,1,100,,27890,34,,,1,98,,27889,34,,,1
6701,'Dimanche-2',658,,27891,34,,,1,100,,27896,34,,,1,100,,27899,34,,,1,101,,27894,34,,,1,71,,27892,34,,,1,70,,27893,34,,,1,32,,27895,34,,,2,70,,27903,34,,,1,30,,27897,34,,,1,70,,27901,34,,,1,30,,27898,34,,,1,70,,27906,34,,,1,30,,27907,34,,,1,71,,27904,34,,,1,30,,27909,34,,,1,70,,27900,34,,,2,31,,27912,34,,,2,67,,27905,34,,,1,33,,27902,34,,,1,69,,27910,34,,,1,30,,27913,34,,,2,26,,27917,34,,,1,71,,27916,34,,,2,100,,27908,34,,,1,100,,27914,34,,,1,100,,27911,34,,,1,98,,27915,34,,,1
6701,'Semaine-3',938,,27938,34,,,1,19,,27927,34,,,1,60,,27945,34,,,2,20,,27931,34,,,1,20,,27925,34,,,1,60,,27946,34,,,1,20,,27939,34,,,1,20,,27928,34,,,1,60,,27947,34,,,1,20,,27932,34,,,1,19,,27935,34,,,1,60,,27948,34,,,1,20,,27934,34,,,1,20,,27929,34,,,1,61,,27949,34,,,1,20,,27940,34,,,1,20,,27942,34,,,1,63,,27944,34,,,1,20,,27936,34,,,1,74,,27920,34,,,1,30,,27943,34,,,1,67,,27923,34,,,2,35,,27941,34,,,1,64,,27937,34,,,1,28,,27930,34,,,1,69,,27918,34,,,2,28,,27933,34,,,1,69,,27921,34,,,2,30,,27950,34,,,1,70,,27919,34,,,2,30,,27952,34,,,1,69,,27922,34,,,1,30,,27953,34,,,2,69,,27924,34,,,1,29,,27951,34,,,1,70,,27926,34,,,1
8501,'Semaine-3',551,,28975,36,,,1,72,,28977,36,,,1,24,,28980,36,,,1,58,,28979,36,,,1,15,,28984,36,,,2,23,,28976,36,,,1,13,,28982,36,,,1,55,,28978,36,,,1,17,,28983,36,,,1,19,,28981,36,,,1
8701,'Semaine-3',536,,29004,32,,,1,70,,28997,32,,,1,32,,29002,32,,,1,20,,29000,32,,,1,55,,28998,32,,,1,17,,29007,32,,,1,15,,29003,32,,,1,60,,28999,32,,,1,15,,29006,32,,,1,16,,29005,32,,,1,22,,29001,32,,,1,57,,28996,32,,,1
20001,'Semaine-3',641,,29240,11,,,1,3,,29241,13,,,1,10,,29242,11,,,1,2,,29243,13,,,1,47,,29244,11,,,1,7,,29266,13,,,1,5,,29245,11,,,1,7,,29246,13,,,1,6,,29263,11,,,1,5,,29247,13,,,1,6,,29262,11,,,1,4,,29249,13,,,1,4,,29258,11,,,1,3,,29248,11,,,1,3,,29239,13,,,1,4,,29265,11,,,1,43,,29254,11,,,1,3,,29250,13,,,1,4,,29252,11,,,1,4,,29264,11,,,1,2,,29251,13,,,1,9,,29255,11,,,1,5,,29253,13,,,1,1,,29257,11,,,1,7,,29256,13,,,1,6,,29267,11,,,1,7,,29259,13,,,1,6,,29260,11,,,1,3,,29261,13,,,1,46,,29268,11,,,1
37101,'Samedi-11',749,,29362,40,,,1,99,,29361,40,,,1,105,,29365,40,,,1,100,,29364,40,,,1,99,,29366,40,,,1,102,,29363,40,,,1,102,,29367,40,,,1,100,,29368,40,,,1,97,,29369,40,,,1,100,,29370,40,,,1,99,,29371,40,,,1,100,,29372,40,,,1,99,,29373,40,,,1,98,,29374,40,,,1,100,,29375,40,,,1,97,,29376,40,,,1,100,,29377,40,,,1
37101,'Samedi-2',749,,29379,40,,,1,99,,29378,40,,,1,105,,29382,40,,,1,100,,29381,40,,,1,99,,29383,40,,,1,102,,29380,40,,,1,102,,29384,40,,,1,100,,29385,40,,,1,97,,29386,40,,,1,100,,29387,40,,,1,99,,29388,40,,,1,100,,29389,40,,,1,99,,29390,40,,,1,98,,29391,40,,,1,100,,29392,40,,,1,97,,29393,40,,,1,100,,29394,40,,,1
37101,'Dimanche-2',749,,29398,40,,,1,99,,29395,40,,,1,105,,29399,40,,,1,100,,29396,40,,,1,99,,29402,40,,,1,102,,29397,40,,,1,102,,29400,40,,,1,100,,29405,40,,,1,97,,29401,40,,,1,100,,29406,40,,,1,99,,29411,40,,,1,100,,29403,40,,,1,99,,29404,40,,,1,98,,29408,40,,,1,100,,29410,40,,,1,97,,29407,40,,,1,100,,29409,40,,,1
37101,'Semaine-3',558,,29428,40,,,1,71,,29431,39,,,1,73,,29424,39,,,1,30,,29426,39,,,1,74,,29436,39,,,1,30,,29435,39,,,1,67,,29430,39,,,1,30,,29414,39,,,1,99,,29421,40,,,1,101,,29419,40,,,1,101,,29420,40,,,1,100,,29434,40,,,1,104,,29417,40,,,1,102,,29418,40,,,1,72,,29415,40,,,1,30,,29422,40,,,1,66,,29432,40,,,1,28,,29433,40,,,1,70,,29412,40,,,1,40,,29416,40,,,1,92,,29427,40,,,1,100,,29429,40,,,1,100,,29413,40,,,1,97,,29423,40,,,1,185,,29425,40,,,1
40001,'Samedi-11',652,,29749,18,,,1,55,,29752,18,,,1,15,,29754,18,,,1,15,,29750,18,,,1,15,,29751,18,,,1,55,,29753,18,,,1,16,,29759,18,,,1,15,,29766,18,,,1,15,,29757,18,,,1,55,,29777,18,,,1,15,,29755,18,,,1,15,,29756,18,,,1,15,,29765,18,,,1,56,,29758,18,,,1,15,,29760,18,,,1,15,,29768,18,,,1,15,,29769,18,,,1,55,,29770,18,,,1,15,,29776,18,,,1,16,,29775,18,,,1,15,,29779,18,,,1,55,,29762,18,,,1,15,,29761,18,,,1,15,,29764,18,,,1,15,,29767,18,,,1,55,,29763,18,,,1,15,,29772,18,,,1,15,,29774,18,,,1,16,,29780,18,,,1,55,,29771,18,,,1,15,,29773,18,,,1,15,,29778,18,,,1,15,,29781,18,,,1,55,,29782,18,,,1,15,,29783,18,,,1,15,,29784,18,,,1,15,,29785,18,,,1,55,,29786,18,,,1,15,,29787,18,,,1,15,,29788,18,,,1,15,,29789,18,,,1,55,,29790,18,,,1,15,,29791,18,,,1,15,,29792,18,,,1,15,,29793,18,,,1,55,,29794,18,,,1,15,,29795,18,,,1,15,,29798,18,,,1,17,,29796,18,,,1,54,,29797,18,,,1,12,,29800,18,,,1,16,,29799,18,,,1,14,,29804,18,,,1,56,,29802,18,,,1,15,,29803,18,,,1,15,,29801,18,,,1,15,,29805,18,,,1,55,,29807,18,,,1,15,,29808,18,,,1,15,,29809,18,,,1,15,,29806,18,,,1,56,,29812,18,,,1,13,,29811,18,,,1,15,,29810,18,,,1,15,,29813,18,,,1,55,,29814,18,,,1,15,,29815,18,,,1,15,,29816,18,,,1,14,,29818,18,,,1,55,,29817,18,,,1,16,,29820,18,,,1,15,,29819,18,,,1,15,,29821,18,,,1
40001,'Samedi-2',652,,29822,18,,,1,55,,29825,18,,,1,15,,29827,18,,,1,15,,29823,18,,,1,15,,29824,18,,,1,55,,29826,18,,,1,16,,29832,18,,,1,15,,29839,18,,,1,15,,29830,18,,,1,55,,29850,18,,,1,15,,29828,18,,,1,15,,29829,18,,,1,15,,29838,18,,,1,56,,29831,18,,,1,15,,29833,18,,,1,15,,29841,18,,,1,15,,29842,18,,,1,55,,29843,18,,,1,15,,29849,18,,,1,16,,29848,18,,,1,15,,29852,18,,,1,55,,29835,18,,,1,15,,29834,18,,,1,15,,29837,18,,,1,15,,29840,18,,,1,55,,29836,18,,,1,15,,29845,18,,,1,15,,29847,18,,,1,16,,29853,18,,,1,55,,29844,18,,,1,15,,29846,18,,,1,15,,29851,18,,,1,15,,29854,18,,,1,55,,29855,18,,,1,15,,29856,18,,,1,15,,29857,18,,,1,15,,29858,18,,,1,55,,29859,18,,,1,15,,29860,18,,,1,15,,29861,18,,,1,15,,29862,18,,,1,55,,29863,18,,,1,15,,29864,18,,,1,15,,29865,18,,,1,15,,29866,18,,,1,55,,29867,18,,,1,15,,29868,18,,,1,15,,29871,18,,,1,17,,29869,18,,,1,54,,29870,18,,,1,12,,29873,18,,,1,16,,29872,18,,,1,14,,29877,18,,,1,56,,29875,18,,,1,15,,29876,18,,,1,15,,29874,18,,,1,15,,29878,18,,,1,55,,29880,18,,,1,15,,29881,18,,,1,15,,29882,18,,,1,15,,29879,18,,,1,56,,29885,18,,,1,13,,29884,18,,,1,15,,29883,18,,,1,15,,29886,18,,,1,55,,29887,18,,,1,15,,29888,18,,,1,15,,29889,18,,,1,14,,29891,18,,,1,55,,29890,18,,,1,16,,29893,18,,,1,15,,29892,18,,,1,15,,29894,18,,,1
40001,'Dimanche-2',652,,29895,18,,,1,55,,29898,18,,,1,15,,29906,18,,,1,15,,29911,18,,,1,15,,29896,18,,,1,55,,29901,18,,,1,16,,29907,18,,,1,15,,29917,18,,,1,15,,29897,18,,,1,55,,29899,18,,,1,15,,29905,18,,,1,15,,29910,18,,,1,15,,29913,18,,,1,56,,29902,18,,,1,15,,29926,18,,,1,15,,29918,18,,,1,15,,29908,18,,,1,55,,29919,18,,,1,15,,29922,18,,,1,16,,29931,18,,,1,15,,29900,18,,,1,55,,29928,18,,,1,15,,29927,18,,,1,15,,29929,18,,,1,15,,29909,18,,,1,55,,29903,18,,,1,15,,29932,18,,,1,15,,29930,18,,,1,16,,29915,18,,,1,55,,29912,18,,,1,15,,29920,18,,,1,15,,29925,18,,,1,15,,29936,18,,,1,55,,29904,18,,,1,15,,29933,18,,,1,15,,29923,18,,,1,15,,29916,18,,,1,55,,29914,18,,,1,15,,29921,18,,,1,15,,29924,18,,,1,15,,29943,18,,,1,55,,29947,18,,,1,15,,29939,18,,,1,15,,29956,18,,,1,15,,29935,18,,,1,55,,29950,18,,,1,15,,29940,18,,,1,15,,29957,18,,,1,17,,29944,18,,,1,54,,29948,18,,,1,12,,29963,18,,,1,16,,29955,18,,,1,14,,29934,18,,,1,56,,29949,18,,,1,15,,29954,18,,,1,15,,29958,18,,,1,15,,29937,18,,,1,55,,29942,18,,,1,15,,29946,18,,,1,15,,29952,18,,,1,15,,29967,18,,,1,55,,29960,18,,,1,14,,29953,18,,,1,15,,29962,18,,,1,15,,29965,18,,,1,55,,29941,18,,,1,15,,29945,18,,,1,15,,29951,18,,,1,15,,29966,18,,,1,54,,29959,18,,,1,16,,29938,18,,,1,15,,29961,18,,,1,15,,29964,18,,,1
40001,'Semaine-3',525,,30038,18,,,1,10,,30039,18,,,1,10,,30040,18,,,1,11,,30041,18,,,1,50,,30042,18,,,1,10,,30043,18,,,1,5,,30044,18,,,1,5,,30045,18,,,1,5,,30046,18,,,1,5,,30052,18,,,1,273,,30047,18,,,1,8,,30048,16,,,1,6,,30049,18,,,1,10,,30050,18,,,1,11,,30051,18,,,1,10,,29997,18,,,1,50,,29982,18,,,1,10,,30007,18,,,1,10,,30008,18,,,1,10,,30054,18,,,1,10,,29972,18,,,1,11,,30055,18,,,1,49,,29970,18,,,1,12,,30004,18,,,1,8,,30024,18,,,1,10,,29991,18,,,1,9,,29999,18,,,1,11,,29996,18,,,1,50,,29974,18,,,1,10,,30035,18,,,1,10,,30009,18,,,1,10,,30021,18,,,1,10,,29973,18,,,1,10,,29983,18,,,1,50,,29976,18,,,1,10,,29992,18,,,1,10,,30025,18,,,1,10,,30006,18,,,1,10,,30000,18,,,1,13,,29995,18,,,1,47,,29988,18,,,1,10,,30031,18,,,1,10,,30010,18,,,1,10,,30022,18,,,1,10,,30037,18,,,1,10,,29985,18,,,1,55,,29968,18,,,1,10,,30027,18,,,1,9,,30026,18,,,1,10,,30011,18,,,1,10,,30001,18,,,1,5,,29993,14,,,1,47,,29978,18,,,1,12,,30029,18,,,1,13,,30036,18,,,1,5,,30053,14,,,1,9,,30023,18,,,1,9,,30058,18,,,1,52,,30003,18,,,1,12,,30032,18,,,1,12,,30056,18,,,1,12,,30016,18,,,1,10,,29994,18,,,1,11,,29979,18,,,1,52,,29984,18,,,1,12,,30057,18,,,1,12,,29986,18,,,1,12,,30012,18,,,1,12,,30002,18,,,1,49,,30033,18,,,1,12,,30019,18,,,1,15,,29998,18,,,1,10,,29980,18,,,1,11,,30020,18,,,1,52,,30060,18,,,1,10,,30059,18,,,1,12,,29987,18,,,1,12,,30013,18,,,1,12,,29990,18,,,1,52,,30034,18,,,1,12,,30017,18,,,1,13,,29975,18,,,1,15,,30061,18,,,1,15,,29981,18,,,1,55,,29977,18,,,1,15,,30028,18,,,1,12,,30014,18,,,1,13,,29989,18,,,1,57,,30018,18,,,1,15,,30030,18,,,1,15,,29971,18,,,1,15,,29969,18,,,1,55,,30005,18,,,1,30,,30015,18,,,1
