9501,'Semaine-4',542,,33978,23,,,2,15,,33974,23,,,1,53,,33976,23,,,1,17,,33981,23,,,2,15,,33977,23,,,2,15,,33979,23,,,1,55,,33980,23,,,2,16,,33975,23,,,2
9501,'Semaine-2-_26ÉTÉ-1111100-',542,,45386,23,,,1,15,,45382,23,,,1,55,,45384,23,,,1,15,,45389,23,,,2,15,,45385,23,,,2,15,,45387,23,,,2,57,,45388,23,,,1,13,,45383,23,,,2
9501,'Semaine-3-_26ÉTÉ-1111100-',542,,45394,23,,,1,15,,45390,23,,,1,55,,45392,23,,,1,15,,45397,23,,,2,15,,45393,23,,,2,15,,45395,23,,,2,57,,45396,23,,,1,13,,45391,23,,,2
9501,'Semaine-4-_26ÉTÉ-1111100-',542,,45402,23,,,1,15,,45398,23,,,1,55,,45400,23,,,1,15,,45405,23,,,2,15,,45401,23,,,2,15,,45403,23,,,2,57,,45404,23,,,1,13,,45399,23,,,2
9701,'Samedi-3',737,,34038,27,,,2,100,,34041,27,,,2,100,,34039,27,,,2,100,,34042,27,,,2,100,,34036,27,,,1,100,,34037,27,,,1,101,,34040,27,,,2,100,,34043,27,,,2,100,,34044,27,,,1,100,,34045,27,,,2,100,,34046,27,,,2,100,,34047,27,,,1,100,,34051,27,,,1,100,,34048,27,,,1,99,,34049,27,,,1,100,,34050,27,,,1
9701,'Dimanche-3',737,,34058,27,,,2,100,,34055,27,,,2,100,,34056,27,,,2,100,,34059,27,,,2,100,,34054,27,,,1,100,,34053,27,,,1,101,,34052,27,,,2,100,,34057,27,,,2,100,,34061,27,,,1,100,,34060,27,,,2,100,,34065,27,,,2,100,,34066,27,,,1,100,,34067,27,,,1,100,,34062,27,,,1,99,,34063,27,,,1,100,,34064,27,,,1
9701,'Semaine-4',618,,34082,27,,,1,100,,34075,27,,,2,109,,34084,27,,,1,103,,34073,27,,,2,100,,34070,27,,,2,100,,34083,27,,,1,100,,34078,27,,,2,100,,34074,27,,,1,100,,34080,27,,,1,103,,34068,27,,,2,95,,34071,27,,,2,101,,34079,27,,,1,98,,34081,27,,,1,95,,34072,27,,,1,97,,34076,27,,,2,100,,34069,27,,,1,100,,34077,27,,,1
9701,'Samedi-10-_26ÉTÉ-0000010-',737,,45485,27,,,2,100,,45488,27,,,1,100,,45486,27,,,2,100,,45489,27,,,2,100,,45483,27,,,1,100,,45484,27,,,1,101,,45487,27,,,2,100,,45490,27,,,2,100,,45491,27,,,1,100,,45492,27,,,2,100,,45493,27,,,2,100,,45494,27,,,1,100,,45498,27,,,1,100,,45495,27,,,1,99,,45496,27,,,1,100,,45497,27,,,1
9701,'Semaine-2-_26ÉTÉ-1111100-',618,,45513,27,,,1,100,,45506,27,,,2,109,,45515,27,,,1,103,,45504,27,,,2,100,,45501,27,,,1,100,,45514,27,,,2,98,,45509,27,,,2,102,,45505,27,,,1,100,,45511,27,,,2,102,,45499,27,,,1,96,,45502,27,,,1,101,,45510,27,,,1,98,,45512,27,,,2,95,,45503,27,,,2,97,,45507,27,,,1,100,,45500,27,,,2,100,,45508,27,,,1
9701,'Semaine-3-_26ÉTÉ-1111100-',618,,45530,27,,,1,100,,45523,27,,,2,109,,45532,27,,,1,103,,45521,27,,,2,100,,45518,27,,,1,100,,45531,27,,,2,98,,45526,27,,,2,102,,45522,27,,,1,100,,45528,27,,,2,102,,45516,27,,,1,96,,45519,27,,,1,101,,45527,27,,,1,98,,45529,27,,,2,95,,45520,27,,,2,97,,45524,27,,,1,100,,45517,27,,,2,100,,45525,27,,,1
9701,'Semaine-4-_26ÉTÉ-1111100-',618,,45547,27,,,1,100,,45540,27,,,2,109,,45549,27,,,1,103,,45538,27,,,2,100,,45535,27,,,1,100,,45548,27,,,2,98,,45543,27,,,2,102,,45539,27,,,1,100,,45545,27,,,2,102,,45533,27,,,1,96,,45536,27,,,1,101,,45544,27,,,1,98,,45546,27,,,2,95,,45537,27,,,2,97,,45541,27,,,1,100,,45534,27,,,2,100,,45542,27,,,1
9801,'Semaine-4',514,,34085,23,,,1,10,,34086,23,,,1,10,,34087,23,,,1
9801,'Semaine-2-_26ÉTÉ-1111100-',514,,45550,23,,,1,10,,45551,23,,,1,10,,45552,23,,,1
9801,'Semaine-3-_26ÉTÉ-1111100-',514,,45553,23,,,1,10,,45554,23,,,1,10,,45555,23,,,1
9801,'Semaine-4-_26ÉTÉ-1111100-',514,,45556,23,,,1,10,,45557,23,,,1,10,,45558,23,,,1
