7901,'Semaine-2-_26ÉTÉ-1111100-',601,,45163,23,,,1,102,,45167,23,,,1,32,,45165,23,,,1,70,,45166,23,,,1,27,,45164,23,,,2,69,,45168,23,,,1
7901,'Semaine-3-_26ÉTÉ-1111100-',601,,45169,23,,,1,102,,45173,23,,,1,32,,45171,23,,,1,70,,45172,23,,,1,27,,45170,23,,,2,69,,45174,23,,,1
7901,'Semaine-4-_26ÉTÉ-1111100-',601,,45175,23,,,1,102,,45179,23,,,1,32,,45177,23,,,1,70,,45178,23,,,1,27,,45176,23,,,2,69,,45180,23,,,1
9301,'Semaine-2-_26ÉTÉ-1111100-',616,,45337,34,,,1,20,,45335,34,,,1,21,,45334,34,,,1,72,,45338,34,,,2,30,,45336,34,,,1
9301,'Semaine-3-_26ÉTÉ-1111100-',616,,45342,34,,,1,20,,45340,34,,,1,21,,45339,34,,,1,72,,45343,34,,,2,30,,45341,34,,,1
9301,'Semaine-4-_26ÉTÉ-1111100-',616,,45347,34,,,1,20,,45345,34,,,1,21,,45344,34,,,1,72,,45348,34,,,2,30,,45346,34,,,1
9501,'Semaine-2-_26ÉTÉ-1111100-',610,,45386,47,,,1,15,,45382,47,,,1,16,,45384,47,,,1,16,,45389,47,,,2,56,,45385,47,,,2,15,,45387,47,,,2,17,,45388,47,,,1,13,,45383,47,,,2
9501,'Semaine-3-_26ÉTÉ-1111100-',610,,45394,47,,,1,15,,45390,47,,,1,16,,45392,47,,,1,16,,45397,47,,,2,56,,45393,47,,,2,15,,45395,47,,,2,17,,45396,47,,,1,13,,45391,47,,,2
9501,'Semaine-4-_26ÉTÉ-1111100-',610,,45402,47,,,1,15,,45398,47,,,1,16,,45400,47,,,1,16,,45405,47,,,2,56,,45401,47,,,2,15,,45403,47,,,2,17,,45404,47,,,1,13,,45399,47,,,2
9701,'Samedi-10-_26ÉTÉ-0000010-',812,,45485,69,,,2,100,,45488,69,,,1,101,,45486,69,,,2,100,,45489,69,,,2,100,,45483,69,,,1,100,,45484,69,,,1,101,,45487,69,,,2,100,,45490,69,,,2,100,,45491,69,,,1,100,,45492,69,,,2,100,,45493,69,,,2,100,,45494,69,,,1,100,,45498,69,,,1,100,,45495,69,,,1,99,,45496,69,,,1,100,,45497,69,,,1
9701,'Semaine-2-_26ÉTÉ-1111100-',656,,45513,69,,,1,97,,45506,69,,,2,153,,45515,69,,,1,103,,45504,69,,,2,99,,45501,69,,,1,100,,45514,69,,,2,98,,45509,69,,,2,100,,45505,69,,,1,102,,45511,69,,,2,103,,45499,69,,,1,97,,45502,69,,,1,98,,45510,69,,,1,96,,45512,69,,,2,56,,45503,69,,,2,97,,45507,69,,,1,100,,45500,69,,,2,100,,45508,69,,,1
9701,'Semaine-3-_26ÉTÉ-1111100-',656,,45530,69,,,1,97,,45523,69,,,2,153,,45532,69,,,1,103,,45521,69,,,2,99,,45518,69,,,1,100,,45531,69,,,2,98,,45526,69,,,2,100,,45522,69,,,1,102,,45528,69,,,2,103,,45516,69,,,1,97,,45519,69,,,1,98,,45527,69,,,1,96,,45529,69,,,2,56,,45520,69,,,2,97,,45524,69,,,1,100,,45517,69,,,2,100,,45525,69,,,1
9701,'Semaine-4-_26ÉTÉ-1111100-',656,,45547,69,,,1,97,,45540,69,,,2,153,,45549,69,,,1,103,,45538,69,,,2,99,,45535,69,,,1,100,,45548,69,,,2,98,,45543,69,,,2,100,,45539,69,,,1,102,,45545,69,,,2,103,,45533,69,,,1,97,,45536,69,,,1,98,,45544,69,,,1,96,,45546,69,,,2,56,,45537,69,,,2,97,,45541,69,,,1,100,,45534,69,,,2,100,,45542,69,,,1
