7601,'Samedi-3',708,,33696,8,,,1,100,,33699,8,,,2,100,,33698,8,,,1,100,,33702,8,,,1,100,,33701,8,,,1,100,,33700,8,,,2,100,,33697,8,,,1,100,,33703,8,,,1,100,,33704,8,,,2,100,,33705,8,,,1,100,,33706,8,,,2,100,,33707,8,,,1,100,,33708,8,,,1,100,,33709,8,,,2,100,,33710,8,,,2,100,,33711,8,,,2
7601,'Dimanche-3',708,,33714,8,,,1,100,,33717,8,,,2,100,,33715,8,,,1,100,,33716,8,,,1,100,,33719,8,,,1,100,,33712,8,,,2,100,,33718,8,,,1,100,,33713,8,,,1,100,,33721,8,,,2,100,,33725,8,,,1,100,,33722,8,,,2,100,,33727,8,,,1,100,,33720,8,,,1,100,,33723,8,,,2,100,,33726,8,,,2,100,,33724,8,,,2
7601,'Semaine-4',628,,33739,8,,,1,15,,33728,8,,,1,58,,33754,8,,,1,23,,33743,8,,,1,24,,33755,8,,,1,58,,33745,8,,,1,18,,33752,8,,,1,29,,33753,8,,,1,70,,33746,8,,,2,30,,33751,8,,,1,70,,33758,8,,,1,30,,33756,8,,,1,70,,33731,8,,,1,30,,33759,8,,,1,70,,33732,8,,,1,30,,33747,8,,,2,70,,33733,8,,,1,30,,33729,8,,,1,70,,33734,8,,,1,30,,33730,8,,,1,74,,33757,8,,,2,30,,33740,8,,,2,67,,33742,8,,,1,25,,33741,8,,,2,65,,33744,8,,,2,25,,33749,8,,,1,65,,33748,8,,,1,29,,33750,8,,,1,87,,33735,8,,,1,98,,33736,8,,,1,100,,33737,8,,,1,100,,33738,8,,,1
7601,'Samedi-10-_26ÉTÉ-0000010-',708,,44788,8,,,1,100,,44791,8,,,2,100,,44790,8,,,1,100,,44794,8,,,1,100,,44793,8,,,1,100,,44792,8,,,2,100,,44789,8,,,1,100,,44795,8,,,1,100,,44796,8,,,2,100,,44797,8,,,1,100,,44798,8,,,2,100,,44799,8,,,1,100,,44800,8,,,1,100,,44801,8,,,2,100,,44802,8,,,2,100,,44803,8,,,2
7601,'Semaine-2-_26ÉTÉ-1111100-',628,,44815,8,,,2,15,,44804,8,,,2,59,,44830,8,,,2,23,,44819,8,,,2,20,,44831,8,,,2,60,,44821,8,,,1,18,,44828,8,,,2,30,,44829,8,,,2,70,,44822,8,,,2,30,,44827,8,,,1,70,,44834,8,,,1,30,,44832,8,,,1,70,,44807,8,,,2,30,,44835,8,,,2,70,,44808,8,,,1,30,,44823,8,,,1,70,,44809,8,,,1,30,,44805,8,,,1,70,,44810,8,,,1,30,,44806,8,,,2,73,,44833,8,,,1,28,,44816,8,,,2,70,,44818,8,,,2,25,,44817,8,,,1,67,,44820,8,,,1,23,,44825,8,,,1,65,,44824,8,,,1,29,,44826,8,,,1,85,,44811,8,,,1,100,,44812,8,,,1,100,,44813,8,,,1,100,,44814,8,,,1
7601,'Semaine-3-_26ÉTÉ-1111100-',628,,44847,8,,,2,15,,44836,8,,,2,59,,44862,8,,,2,23,,44851,8,,,2,20,,44863,8,,,2,60,,44853,8,,,1,18,,44860,8,,,2,30,,44861,8,,,2,70,,44854,8,,,2,30,,44859,8,,,1,70,,44866,8,,,1,30,,44864,8,,,1,70,,44839,8,,,2,30,,44867,8,,,2,70,,44840,8,,,1,30,,44855,8,,,1,70,,44841,8,,,1,30,,44837,8,,,1,70,,44842,8,,,1,30,,44838,8,,,2,73,,44865,8,,,1,28,,44848,8,,,2,70,,44850,8,,,2,25,,44849,8,,,1,67,,44852,8,,,1,23,,44857,8,,,1,65,,44856,8,,,1,29,,44858,8,,,1,85,,44843,8,,,1,100,,44844,8,,,1,100,,44845,8,,,1,100,,44846,8,,,1
7601,'Semaine-4-_26ÉTÉ-1111100-',628,,44879,8,,,2,15,,44868,8,,,2,59,,44894,8,,,2,23,,44883,8,,,2,20,,44895,8,,,2,60,,44885,8,,,1,18,,44892,8,,,2,30,,44893,8,,,2,70,,44886,8,,,2,30,,44891,8,,,1,70,,44898,8,,,1,30,,44896,8,,,1,70,,44871,8,,,2,30,,44899,8,,,2,70,,44872,8,,,1,30,,44887,8,,,1,70,,44873,8,,,1,30,,44869,8,,,1,70,,44874,8,,,1,30,,44870,8,,,2,73,,44897,8,,,1,28,,44880,8,,,2,70,,44882,8,,,2,25,,44881,8,,,1,67,,44884,8,,,1,23,,44889,8,,,1,65,,44888,8,,,1,29,,44890,8,,,1,85,,44875,8,,,1,100,,44876,8,,,1,100,,44877,8,,,1,100,,44878,8,,,1
57601,'Semaine-4',706,,34832,10,0,5 6,1
57601,'Semaine-2-_26ÉTÉ-1111100-',706,,46776,10,0,5 6,2
57601,'Semaine-3-_26ÉTÉ-1111100-',706,,46777,10,0,5 6,2
57601,'Semaine-4-_26ÉTÉ-1111100-',706,,46778,10,0,5 6,2
