1801,'Semaine-1-_26ÉTÉ-1111100-',631,,47100,12,,,1,86,,47102,12,,,1,85,,47101,12,,,2
1801,'Semaine-10-_26ÉTÉ-1111100-',631,,47103,12,,,1,86,,47105,12,,,1,85,,47104,12,,,2
1801,'Semaine-11-_26ÉTÉ-1111100-',631,,47106,12,,,1,86,,47108,12,,,1,85,,47107,12,,,2
1801,'Semaine-12-_26ÉTÉ-1111100-',631,,47109,12,,,1,86,,47111,12,,,1,85,,47110,12,,,2
80001,'Samedi-0-_26ÉTÉ-0000010-',627,,63203,12,,,1,100,,63205,12,,,1,99,,63206,12,,,2,100,,63209,12,,,1,101,,63204,12,,,2,100,,63207,12,,,1,99,,63210,12,,,1,99,,63208,12,,,2,100,,63211,12,,,1,100,,63212,12,,,1,100,,63213,12,,,2,100,,63214,12,,,1,98,,63217,12,,,1,101,,63215,12,,,2,100,,63216,12,,,2,100,,63218,12,,,1,102,,63219,12,,,1
80001,'Dimanche-0-_26ÉTÉ-0000001-',627,,63220,12,,,1,100,,63221,12,,,1,99,,63225,12,,,2,100,,63222,12,,,1,101,,63226,12,,,2,100,,63223,12,,,1,99,,63224,12,,,1,99,,63228,12,,,2,100,,63227,12,,,1,100,,63229,12,,,1,100,,63231,12,,,2,100,,63232,12,,,1,98,,63233,12,,,1,101,,63230,12,,,2,100,,63234,12,,,2,100,,63235,12,,,1,102,,63236,12,,,1
80001,'Dimanche-10-_26ÉTÉ-0000001-',627,,63237,12,,,1,100,,63238,12,,,1,99,,63242,12,,,2,100,,63239,12,,,1,101,,63243,12,,,2,100,,63240,12,,,1,99,,63241,12,,,1,99,,63245,12,,,2,100,,63244,12,,,1,100,,63246,12,,,1,100,,63248,12,,,2,100,,63249,12,,,1,98,,63250,12,,,1,101,,63247,12,,,2,100,,63251,12,,,2,100,,63252,12,,,1,102,,63253,12,,,1
80001,'Dimanche-11-_26ÉTÉ-0000001-',627,,63254,12,,,1,100,,63255,12,,,1,99,,63259,12,,,2,100,,63256,12,,,1,101,,63260,12,,,2,100,,63257,12,,,1,99,,63258,12,,,1,99,,63262,12,,,2,100,,63261,12,,,1,100,,63263,12,,,1,100,,63265,12,,,2,100,,63266,12,,,1,98,,63267,12,,,1,101,,63264,12,,,2,100,,63268,12,,,2,100,,63269,12,,,1,102,,63270,12,,,1
80001,'Semaine-1-_26ÉTÉ-1111100-',614,,63293,12,,,1,30,,63279,12,,,1,70,,63299,12,,,1,28,,63283,12,,,2,74,,63273,12,,,2,28,,63290,12,,,2,69,,63287,12,,,2,30,,63295,12,,,1,70,,63300,12,,,2,30,,63286,12,,,1,70,,63294,12,,,1,30,,63276,12,,,1,70,,63304,12,,,1,29,,63303,12,,,2,74,,63274,12,,,2,30,,63297,12,,,1,70,,63285,12,,,1,31,,63291,12,,,1,70,,63301,12,,,1,27,,63288,12,,,2,58,,63298,12,,,1,21,,63305,12,,,2,28,,63296,12,,,1,66,,63289,12,,,1,29,,63277,12,,,1,70,,63281,12,,,1,28,,63271,12,,,1,69,,63302,12,,,1,32,,63278,12,,,1,67,,63280,12,,,1,29,,63284,12,,,1,70,,63272,12,,,2,30,,63292,12,,,1,74,,63275,12,,,1,32,,63282,12,,,1
80001,'Semaine-10-_26ÉTÉ-1111100-',614,,63328,12,,,1,30,,63314,12,,,1,70,,63334,12,,,1,28,,63318,12,,,2,74,,63308,12,,,2,28,,63325,12,,,2,69,,63322,12,,,2,30,,63330,12,,,1,70,,63335,12,,,2,30,,63321,12,,,1,70,,63329,12,,,1,30,,63311,12,,,1,70,,63339,12,,,1,29,,63338,12,,,2,74,,63309,12,,,2,30,,63332,12,,,1,70,,63320,12,,,1,31,,63326,12,,,1,70,,63336,12,,,1,27,,63323,12,,,2,58,,63333,12,,,1,21,,63340,12,,,2,28,,63331,12,,,1,66,,63324,12,,,1,29,,63312,12,,,1,70,,63316,12,,,1,28,,63306,12,,,1,69,,63337,12,,,1,32,,63313,12,,,1,67,,63315,12,,,1,29,,63319,12,,,1,70,,63307,12,,,2,30,,63327,12,,,1,74,,63310,12,,,1,32,,63317,12,,,1
80001,'Semaine-11-_26ÉTÉ-1111100-',614,,63363,12,,,1,30,,63349,12,,,1,70,,63369,12,,,1,28,,63353,12,,,2,74,,63343,12,,,2,28,,63360,12,,,2,69,,63357,12,,,2,30,,63365,12,,,1,70,,63370,12,,,2,30,,63356,12,,,1,70,,63364,12,,,1,30,,63346,12,,,1,70,,63374,12,,,1,29,,63373,12,,,2,74,,63344,12,,,2,30,,63367,12,,,1,70,,63355,12,,,1,31,,63361,12,,,1,70,,63371,12,,,1,27,,63358,12,,,2,58,,63368,12,,,1,21,,63375,12,,,2,28,,63366,12,,,1,66,,63359,12,,,1,29,,63347,12,,,1,70,,63351,12,,,1,28,,63341,12,,,1,69,,63372,12,,,1,32,,63348,12,,,1,67,,63350,12,,,1,29,,63354,12,,,1,70,,63342,12,,,2,30,,63362,12,,,1,74,,63345,12,,,1,32,,63352,12,,,1
80001,'Semaine-12-_26ÉTÉ-1111100-',614,,63398,12,,,1,30,,63384,12,,,1,70,,63404,12,,,1,28,,63388,12,,,2,74,,63378,12,,,2,28,,63395,12,,,2,69,,63392,12,,,2,30,,63400,12,,,1,70,,63405,12,,,2,30,,63391,12,,,1,70,,63399,12,,,1,30,,63381,12,,,1,70,,63409,12,,,1,29,,63408,12,,,2,74,,63379,12,,,2,30,,63402,12,,,1,70,,63390,12,,,1,31,,63396,12,,,1,70,,63406,12,,,1,27,,63393,12,,,2,58,,63403,12,,,1,21,,63410,12,,,2,28,,63401,12,,,1,66,,63394,12,,,1,29,,63382,12,,,1,70,,63386,12,,,1,28,,63376,12,,,1,69,,63407,12,,,1,32,,63383,12,,,1,67,,63385,12,,,1,29,,63389,12,,,1,70,,63377,12,,,2,30,,63397,12,,,1,74,,63380,12,,,1,32,,63387,12,,,1
