2301,'Semaine-3',619,,24584,13,,,1,30,,24581,13,,,2,71,,24585,13,,,1,31,,24583,13,,,2,70,,24582,13,,,2
2501,'Semaine-3',605,,24596,20,,,1,30,,24595,20,,,1,70,,24593,20,,,1,30,,24594,20,,,2,70,,24597,20,,,1,31,,24592,20,,,1
2601,'Semaine-3',557,,24604,14,,,1,71,,24606,14,,,1,31,,24607,14,,,2,73,,24605,14,,,1,72,,24603,14,,,1
2801,'Semaine-3',651,,24621,16,,,2,69,,24622,16,,,1,101,,24620,16,,,1
3401,'Samedi-11',700,,25260,25,,,1,100,,25263,25,,,2,30,,25272,25,,,1,73,,25261,25,,,1,27,,25266,25,,,1,70,,25268,25,,,1,32,,25262,25,,,2,70,,25271,25,,,1,31,,25264,25,,,1,70,,25273,25,,,1,29,,25265,25,,,1,70,,25267,25,,,1,30,,25269,25,,,2,70,,25270,25,,,2,30,,25274,25,,,1,71,,25275,25,,,2,30,,25276,25,,,1,70,,25277,25,,,1,31,,25278,25,,,1,69,,25279,25,,,1,30,,25280,25,,,2,71,,25281,25,,,1,27,,25282,25,,,1,70,,25284,25,,,1,31,,25283,25,,,2,70,,25285,25,,,1,30,,25286,25,,,1,68,,25287,25,,,1,30,,25289,25,,,1,70,,25288,25,,,1,30,,25290,25,,,1,98,,25291,25,,,1
3401,'Samedi-2',700,,25292,25,,,1,100,,25295,25,,,2,30,,25304,25,,,1,73,,25293,25,,,1,27,,25298,25,,,1,70,,25300,25,,,1,32,,25294,25,,,2,70,,25303,25,,,1,31,,25296,25,,,1,70,,25305,25,,,1,29,,25297,25,,,1,70,,25299,25,,,1,30,,25301,25,,,2,70,,25302,25,,,2,30,,25306,25,,,1,71,,25307,25,,,2,30,,25308,25,,,1,70,,25309,25,,,1,31,,25310,25,,,1,69,,25311,25,,,1,30,,25312,25,,,2,71,,25313,25,,,1,27,,25314,25,,,1,70,,25316,25,,,1,31,,25315,25,,,2,70,,25317,25,,,1,30,,25318,25,,,1,68,,25319,25,,,1,30,,25321,25,,,1,70,,25320,25,,,1,30,,25322,25,,,1,98,,25323,25,,,1
3401,'Dimanche-2',700,,25325,25,,,1,100,,25336,25,,,2,30,,25329,25,,,1,73,,25332,25,,,1,27,,25331,25,,,1,70,,25340,25,,,1,32,,25337,25,,,2,70,,25324,25,,,1,31,,25335,25,,,1,70,,25328,25,,,1,29,,25326,25,,,1,70,,25327,25,,,1,30,,25330,25,,,2,70,,25338,25,,,2,30,,25334,25,,,1,71,,25333,25,,,2,30,,25339,25,,,1,70,,25344,25,,,1,31,,25342,25,,,1,69,,25348,25,,,1,30,,25351,25,,,2,71,,25341,25,,,1,27,,25350,25,,,1,70,,25343,25,,,1,31,,25347,25,,,2,70,,25354,25,,,1,30,,25346,25,,,1,68,,25345,25,,,1,30,,25352,25,,,1,70,,25353,25,,,1,30,,25349,25,,,1,98,,25355,25,,,1
3401,'Semaine-3',909,,25381,25,,,1,27,,25361,25,,,1,70,,25365,25,,,1,30,,25385,25,,,1,70,,25358,25,,,1,30,,25362,25,,,1,70,,25366,25,,,1,30,,25356,25,,,1,70,,25359,25,,,1,30,,25363,25,,,1,70,,25367,25,,,1,30,,25360,25,,,1,70,,25382,25,,,1,30,,25357,25,,,1,71,,25383,25,,,1,31,,25384,25,,,2,69,,25378,25,,,1,29,,25374,25,,,1,70,,25364,25,,,1,29,,25371,25,,,1,70,,25380,25,,,1,30,,25368,25,,,1,70,,25370,25,,,1,30,,25372,25,,,1,70,,25376,25,,,1,30,,25369,25,,,1,70,,25375,25,,,1,30,,25373,25,,,1,70,,25377,25,,,1,30,,25379,25,,,1
4900,'Samedi-11',736,,26175,39,,,1,100,,26176,39,,,1,104,,26173,39,,,1,100,,26177,39,,,1,100,,26174,39,,,1,100,,26178,39,,,1,99,,26179,39,,,1,104,,26180,39,,,1,97,,26181,39,,,1,100,,26182,39,,,1,100,,26183,39,,,1,96,,26184,39,,,1,100,,26185,39,,,1,100,,26186,39,,,1,100,,26187,39,,,1,100,,26188,39,,,1,100,,26189,39,,,1
4900,'Samedi-2',736,,26192,39,,,1,100,,26193,39,,,1,104,,26190,39,,,1,100,,26194,39,,,1,100,,26191,39,,,1,100,,26195,39,,,1,99,,26196,39,,,1,104,,26197,39,,,1,97,,26198,39,,,1,100,,26199,39,,,1,100,,26200,39,,,1,96,,26201,39,,,1,100,,26202,39,,,1,100,,26203,39,,,1,100,,26204,39,,,1,100,,26205,39,,,1,100,,26206,39,,,1
4900,'Dimanche-2',736,,26207,39,,,1,100,,26210,39,,,1,104,,26208,39,,,1,100,,26211,39,,,1,100,,26213,39,,,1,100,,26217,39,,,1,99,,26215,39,,,1,104,,26214,39,,,1,97,,26209,39,,,1,100,,26219,39,,,1,100,,26216,39,,,1,96,,26218,39,,,1,100,,26223,39,,,1,100,,26212,39,,,1,100,,26221,39,,,1,100,,26222,39,,,1,100,,26220,39,,,1
4900,'Semaine-3',657,,26251,39,,,1,50,,26246,26,,,1,5,,26258,26,,,1,3,,26234,26,,,1,3,,26262,39,,,1,2,,26257,26,,,1,3,,26259,26,,,1,3,,26261,26,,,1,5,,26260,26,,,1,15,,26254,39,,,1,73,,26255,39,,,1,6,,26250,26,,,1,31,,26249,39,,,1,69,,26244,39,,,1,31,,26236,39,,,1,72,,26256,39,,,1,72,,26252,39,,,1,30,,26247,39,,,1,70,,26224,39,,,1,30,,26245,39,,,1,70,,26226,39,,,1,30,,26231,39,,,1,70,,26233,39,,,1,29,,26237,39,,,1,71,,26253,39,,,1,37,,26235,39,,,1,70,,26238,39,,,1,30,,26229,39,,,1,70,,26241,39,,,1,30,,26232,39,,,1,67,,26230,39,,,1,30,,26248,39,,,1,67,,26242,39,,,1,56,,26225,39,,,1,100,,26243,39,,,1,100,,26240,39,,,1,97,,26227,39,,,1,98,,26239,39,,,1,100,,26228,39,,,1
32501,'Semaine-3',821,,29275,20,0,7 8,1,3,,29276,20,0,7 8,1
42500,'Semaine-3',707,,30062,20,0,9 14,1,2,,30063,20,0,9 14,1
73401,'Semaine-3',812,,30125,29,0,5 11,1
82501,'Semaine-3',749,,30311,20,0,9 12 13,1,1,,30312,20,0,9 12 13,1,1,,30313,20,0,9 12 13,1
