1801,'Semaine-4',624,,30341,9,,,1,86,,30343,9,,,1,45,,30342,9,,,1
2001,'Semaine-4',1541,,30347,14,,,1,101,,30348,14,,,1,100,,30349,14,,,1
9301,'Semaine-4',640,,33961,47,,,1,60,,33959,47,,,1,23,,33958,47,,,1,34,,33962,47,,,2,70,,33960,47,,,1
9501,'Semaine-4',633,,33978,61,,,2,15,,33974,61,,,1,53,,33976,61,,,1,20,,33981,61,,,2,17,,33977,61,,,2,16,,33979,61,,,1,55,,33980,61,,,2,16,,33975,61,,,2
10001,'Semaine-4',625,,34108,9,,,1,10,,34106,9,,,1,10,,34105,9,,,1,10,,34104,9,,,1,49,,34107,9,,,1,11,,34109,9,,,1,10,,34110,9,,,1,10,,34111,9,,,1,10,,34112,9,,,1,10,,34113,9,,,1,50,,34114,9,,,1,10,,34115,9,,,1,10,,34116,9,,,1,10,,34117,9,,,1,10,,34118,9,,,1
20001,'Semaine-4',626,,34150,7,,,1,3,,34151,9,,,1,10,,34152,7,,,1,2,,34153,9,,,1,7,,34154,7,,,1,7,,34176,9,,,1,45,,34155,7,,,1,7,,34156,9,,,1,5,,34173,7,,,1,5,,34157,9,,,1,6,,34172,7,,,1,4,,34159,9,,,1,4,,34168,7,,,1,3,,34158,7,,,1,3,,34149,9,,,1,4,,34175,7,,,1,3,,34164,7,,,1,3,,34160,9,,,1,4,,34162,7,,,1,4,,34174,7,,,1,2,,34161,9,,,1,49,,34165,7,,,1,5,,34163,9,,,1,1,,34167,7,,,1,7,,34166,9,,,1,6,,34177,7,,,1,7,,34169,9,,,1,6,,34170,7,,,1,3,,34171,9,,,1,6,,34178,7,,,1
40001,'Samedi-3',636,,34552,9,,,1,15,,34555,9,,,1,55,,34557,9,,,1,15,,34553,9,,,1,15,,34554,9,,,1,15,,34556,9,,,1,56,,34562,9,,,1,15,,34569,9,,,1,15,,34560,9,,,1,14,,34580,9,,,1,55,,34558,9,,,1,14,,34559,9,,,1,15,,34568,9,,,1,16,,34561,9,,,1,55,,34563,9,,,1,15,,34571,9,,,1,15,,34572,9,,,1,15,,34573,9,,,1,55,,34579,9,,,1,16,,34578,9,,,1,15,,34582,9,,,1,15,,34565,9,,,1,53,,34564,9,,,1,15,,34567,9,,,1,15,,34570,9,,,1,15,,34566,9,,,1,55,,34575,9,,,1,15,,34577,9,,,1,16,,34583,9,,,1,15,,34574,9,,,1,55,,34576,9,,,1,15,,34581,9,,,1,15,,34584,9,,,1,15,,34585,9,,,1,55,,34586,9,,,1,15,,34587,9,,,1,15,,34588,9,,,1,15,,34589,9,,,1,55,,34590,9,,,1,15,,34591,9,,,1,15,,34592,9,,,1,15,,34593,9,,,1,55,,34594,9,,,1,15,,34595,9,,,1,15,,34596,9,,,1,15,,34597,9,,,1,55,,34598,9,,,1,16,,34601,9,,,1,18,,34599,9,,,1,14,,34600,9,,,1,52,,34603,9,,,1,16,,34602,9,,,1,14,,34607,9,,,1,16,,34605,9,,,1,55,,34606,9,,,1,15,,34604,9,,,1,15,,34608,9,,,1,15,,34610,9,,,1,55,,34611,9,,,1,15,,34612,9,,,1,15,,34609,9,,,1,16,,34615,9,,,1,53,,34614,9,,,1,15,,34613,9,,,1,15,,34616,9,,,1,15,,34617,9,,,1,55,,34618,9,,,1,15,,34619,9,,,1,14,,34621,9,,,1,15,,34620,9,,,1,56,,34623,9,,,1,15,,34622,9,,,1,15,,34624,9,,,1
40001,'Dimanche-3',636,,34625,9,,,1,15,,34628,9,,,1,55,,34636,9,,,1,15,,34641,9,,,1,15,,34626,9,,,1,15,,34631,9,,,1,56,,34637,9,,,1,15,,34647,9,,,1,15,,34627,9,,,1,14,,34629,9,,,1,55,,34635,9,,,1,14,,34640,9,,,1,15,,34643,9,,,1,16,,34632,9,,,1,55,,34656,9,,,1,15,,34648,9,,,1,15,,34638,9,,,1,15,,34649,9,,,1,55,,34652,9,,,1,16,,34661,9,,,1,15,,34630,9,,,1,15,,34658,9,,,1,53,,34657,9,,,1,15,,34659,9,,,1,15,,34639,9,,,1,15,,34633,9,,,1,55,,34662,9,,,1,15,,34660,9,,,1,16,,34645,9,,,1,15,,34642,9,,,1,55,,34650,9,,,1,15,,34655,9,,,1,15,,34666,9,,,1,15,,34634,9,,,1,55,,34663,9,,,1,15,,34653,9,,,1,15,,34646,9,,,1,15,,34644,9,,,1,55,,34651,9,,,1,15,,34654,9,,,1,15,,34673,9,,,1,15,,34677,9,,,1,55,,34669,9,,,1,15,,34686,9,,,1,15,,34665,9,,,1,15,,34680,9,,,1,55,,34670,9,,,1,16,,34687,9,,,1,18,,34674,9,,,1,14,,34678,9,,,1,52,,34693,9,,,1,16,,34685,9,,,1,14,,34664,9,,,1,16,,34679,9,,,1,55,,34684,9,,,1,15,,34688,9,,,1,15,,34667,9,,,1,15,,34672,9,,,1,55,,34676,9,,,1,15,,34682,9,,,1,15,,34697,9,,,1,15,,34690,9,,,1,54,,34683,9,,,1,15,,34692,9,,,1,15,,34695,9,,,1,15,,34671,9,,,1,55,,34675,9,,,1,15,,34681,9,,,1,15,,34696,9,,,1,14,,34689,9,,,1,56,,34668,9,,,1,15,,34691,9,,,1,15,,34694,9,,,1
40001,'Semaine-4',509,,34768,9,,,1,10,,34769,9,,,1,10,,34770,9,,,1,10,,34771,9,,,1,10,,34772,9,,,1,10,,34773,9,,,1,45,,34774,9,,,1,5,,34775,9,,,1,5,,34776,9,,,1,5,,34782,9,,,1,232,,34777,9,,,1,8,,34778,7,,,1,46,,34779,9,,,1,10,,34780,9,,,1,11,,34781,9,,,1,10,,34727,9,,,1,10,,34712,9,,,1,10,,34737,9,,,1,50,,34738,9,,,1,10,,34784,9,,,1,10,,34702,9,,,1,12,,34785,9,,,1,9,,34700,9,,,1,12,,34734,9,,,1,48,,34754,9,,,1,10,,34721,9,,,1,9,,34729,9,,,1,11,,34726,9,,,1,10,,34704,9,,,1,10,,34765,9,,,1,50,,34739,9,,,1,10,,34751,9,,,1,10,,34703,9,,,1,10,,34713,9,,,1,10,,34706,9,,,1,10,,34722,9,,,1,50,,34755,9,,,1,10,,34736,9,,,1,10,,34730,9,,,1,13,,34725,9,,,1,7,,34718,9,,,1,10,,34761,9,,,1,49,,34740,9,,,1,10,,34752,9,,,1,10,,34767,9,,,1,10,,34715,9,,,1,11,,34698,9,,,1,10,,34757,9,,,1,49,,34756,9,,,1,10,,34741,9,,,1,10,,34731,9,,,1,5,,34723,5,,,1,7,,34708,9,,,1,12,,34759,9,,,1,53,,34766,9,,,1,5,,34783,5,,,1,9,,34753,9,,,1,9,,34788,9,,,1,12,,34733,9,,,1,12,,34762,9,,,1,52,,34786,9,,,1,12,,34746,9,,,1,13,,34724,9,,,1,11,,34709,9,,,1,12,,34714,9,,,1,52,,34787,9,,,1,12,,34716,9,,,1,12,,34742,9,,,1,12,,34732,9,,,1,11,,34763,9,,,1,52,,34749,9,,,1,15,,34728,9,,,1,10,,34710,9,,,1,11,,34750,9,,,1,12,,34790,9,,,1,10,,34789,9,,,1,52,,34717,9,,,1,12,,34743,9,,,1,12,,34720,9,,,1,12,,34764,9,,,1,12,,34747,9,,,1,53,,34705,9,,,1,15,,34791,9,,,1,15,,34711,9,,,1,15,,34707,9,,,1,55,,34758,9,,,1,15,,34744,9,,,1,13,,34719,9,,,1,17,,34748,9,,,1,55,,34760,9,,,1,15,,34701,9,,,1,15,,34699,9,,,1,15,,34735,9,,,1,70,,34745,9,,,1
57601,'Semaine-4',729,,34832,26,0,5 6,1
80001,'Samedi-3',622,,34936,9,,,1,100,,34938,9,,,1,99,,34939,9,,,2,100,,34942,9,,,1,101,,34937,9,,,2,100,,34940,9,,,1,99,,34943,9,,,1,99,,34941,9,,,2,100,,34944,9,,,1,100,,34945,9,,,1,100,,34946,9,,,2,99,,34947,9,,,1,98,,34950,9,,,1,101,,34948,9,,,1,100,,34949,9,,,2,100,,34951,9,,,1,103,,34952,9,,,1
80001,'Dimanche-3',622,,34953,9,,,1,100,,34954,9,,,1,99,,34958,9,,,2,100,,34955,9,,,1,101,,34959,9,,,2,100,,34956,9,,,1,99,,34957,9,,,1,99,,34961,9,,,2,100,,34960,9,,,1,100,,34962,9,,,1,100,,34964,9,,,2,99,,34965,9,,,1,98,,34966,9,,,1,101,,34963,9,,,1,100,,34967,9,,,2,100,,34968,9,,,1,103,,34969,9,,,1
80001,'Semaine-4',609,,34992,9,,,1,31,,34978,9,,,1,69,,34998,9,,,2,31,,34982,9,,,1,70,,34972,9,,,1,29,,34989,9,,,1,70,,34986,9,,,1,32,,34994,9,,,1,70,,34999,9,,,1,30,,34985,9,,,2,70,,34993,9,,,1,30,,34975,9,,,1,70,,35003,9,,,1,31,,35002,9,,,1,69,,34973,9,,,1,30,,34996,9,,,1,70,,34984,9,,,2,30,,34990,9,,,1,72,,35000,9,,,2,30,,34987,9,,,1,15,,34997,9,,,1,55,,35004,9,,,1,30,,34995,9,,,2,70,,34988,9,,,1,30,,34976,9,,,2,69,,34980,9,,,1,29,,34970,9,,,1,70,,35001,9,,,1,30,,34977,9,,,1,69,,34979,9,,,1,28,,34983,9,,,1,72,,34971,9,,,1,30,,34991,9,,,1,70,,34974,9,,,1,30,,34981,9,,,1
