5400,'Semaine-4',1548,,31917,2,,,1,100,,31918,2,,,1,100,,31919,2,,,2
5400,'Semaine-2-_26ÉTÉ-1111100-',1548,,41584,2,,,2,102,,41585,2,,,2,98,,41586,2,,,1
5400,'Semaine-3-_26ÉTÉ-1111100-',1548,,41587,2,,,2,102,,41588,2,,,2,98,,41589,2,,,1
5400,'Semaine-4-_26ÉTÉ-1111100-',1548,,41590,2,,,2,102,,41591,2,,,2,98,,41592,2,,,1
65401,'Semaine-4',712,,34847,7,0,9 10,1
65401,'Semaine-2-_26ÉTÉ-1111100-',712,,46794,7,0,9 10,1
65401,'Semaine-3-_26ÉTÉ-1111100-',712,,46795,7,0,9 10,1
65401,'Semaine-4-_26ÉTÉ-1111100-',712,,46796,7,0,9 10,1
75401,'Semaine-4',712,,34865,7,0,9 18,1
75401,'Semaine-2-_26ÉTÉ-1111100-',712,,46806,7,0,9 18,1
75401,'Semaine-3-_26ÉTÉ-1111100-',712,,46807,7,0,9 18,1
75401,'Semaine-4-_26ÉTÉ-1111100-',712,,46808,7,0,9 18,1
