7401,'Semaine-4',616,,33484,14,,,1,30,,33485,14,,,1,74,,33486,14,,,1,31,,33487,14,,,1,65,,33488,14,,,2,28,,33489,14,,,2
7401,'Semaine-2-_26ÉTÉ-1111100-',616,,44412,14,,,1,30,,44413,14,,,1,73,,44414,14,,,2,30,,44415,14,,,1,67,,44416,14,,,2,28,,44417,14,,,2
7401,'Semaine-3-_26ÉTÉ-1111100-',616,,44418,14,,,1,30,,44419,14,,,1,73,,44420,14,,,2,30,,44421,14,,,1,67,,44422,14,,,2,28,,44423,14,,,2
7401,'Semaine-4-_26ÉTÉ-1111100-',616,,44424,14,,,1,30,,44425,14,,,1,73,,44426,14,,,2,30,,44427,14,,,1,67,,44428,14,,,2,28,,44429,14,,,2
7501,'Samedi-3',634,,33558,9,,,1,97,,33557,9,,,2,100,,33563,9,,,2,100,,33561,9,,,1,100,,33562,9,,,1,101,,33559,9,,,2,100,,33560,9,,,1,98,,33564,9,,,2,99,,33565,9,,,1,100,,33566,9,,,1,100,,33567,9,,,2,101,,33568,9,,,1,100,,33569,9,,,2,101,,33570,9,,,1,100,,33571,9,,,2,100,,33572,9,,,2,100,,33573,9,,,2,103,,33574,9,,,2
7501,'Samedi-4',634,,37504,9,,,1,97,,37503,9,,,2,100,,37509,9,,,2,100,,37507,9,,,1,100,,37508,9,,,1,101,,37505,9,,,2,100,,37506,9,,,1,98,,37510,9,,,2,99,,37511,9,,,1,100,,37512,9,,,1,100,,37513,9,,,2,101,,37514,9,,,1,100,,37515,9,,,2,101,,37516,9,,,1,100,,37517,9,,,2,100,,37518,9,,,2,100,,37519,9,,,2,103,,37520,9,,,2
7501,'Dimanche-3',634,,33575,9,,,1,97,,33579,9,,,2,100,,33580,9,,,2,100,,33583,9,,,1,100,,33585,9,,,1,101,,33578,9,,,2,100,,33582,9,,,1,98,,33577,9,,,2,99,,33581,9,,,1,100,,33576,9,,,1,100,,33586,9,,,2,101,,33584,9,,,1,100,,33587,9,,,2,101,,33592,9,,,1,100,,33591,9,,,2,100,,33588,9,,,2,100,,33589,9,,,2,103,,33590,9,,,2
7501,'Semaine-4',543,,33616,9,,,2,70,,33610,9,,,2,20,,33597,9,,,1,13,,33623,9,,,1,57,,33598,9,,,1,14,,33621,9,,,1,16,,33612,9,,,1,17,,33611,9,,,1,61,,33622,9,,,1,19,,33613,9,,,2,18,,33608,9,,,1,72,,33593,9,,,1,26,,33603,9,,,1,75,,33594,9,,,1,30,,33604,9,,,1,70,,33624,9,,,1,30,,33609,9,,,1,70,,33618,9,,,1,30,,33625,9,,,1,70,,33619,9,,,1,30,,33599,9,,,2,70,,33617,9,,,2,31,,33605,9,,,1,72,,33620,9,,,1,31,,33606,9,,,1,102,,33607,9,,,1,100,,33595,9,,,1,100,,33596,9,,,1,80,,33600,9,,,1,100,,33601,9,,,1,100,,33615,9,,,1,100,,33614,9,,,1,100,,33602,9,,,2
7501,'Samedi-10-_26ÉTÉ-0000010-',634,,44542,9,,,1,97,,44541,9,,,2,100,,44547,9,,,2,100,,44545,9,,,1,100,,44546,9,,,1,101,,44543,9,,,2,100,,44544,9,,,1,98,,44548,9,,,2,99,,44549,9,,,1,100,,44550,9,,,1,100,,44551,9,,,2,101,,44552,9,,,1,100,,44553,9,,,2,101,,44554,9,,,1,100,,44555,9,,,2,100,,44556,9,,,2,100,,44557,9,,,2,103,,44558,9,,,2
7501,'Semaine-2-_26ÉTÉ-1111100-',543,,44582,9,,,1,70,,44576,9,,,1,20,,44563,9,,,1,13,,44589,9,,,2,57,,44564,9,,,2,15,,44587,9,,,2,15,,44578,9,,,2,16,,44577,9,,,2,59,,44588,9,,,2,22,,44579,9,,,2,21,,44574,9,,,2,70,,44559,9,,,1,30,,44569,9,,,2,70,,44560,9,,,2,30,,44570,9,,,1,70,,44590,9,,,1,30,,44575,9,,,1,70,,44584,9,,,1,30,,44591,9,,,2,70,,44585,9,,,1,30,,44565,9,,,1,70,,44583,9,,,1,30,,44571,9,,,1,70,,44586,9,,,2,34,,44572,9,,,1,102,,44573,9,,,1,100,,44561,9,,,2,100,,44562,9,,,1,80,,44566,9,,,1,100,,44567,9,,,1,100,,44581,9,,,1,100,,44580,9,,,1,100,,44568,9,,,1
7501,'Semaine-3-_26ÉTÉ-1111100-',543,,44615,9,,,1,70,,44609,9,,,1,20,,44596,9,,,1,13,,44622,9,,,2,57,,44597,9,,,2,15,,44620,9,,,2,15,,44611,9,,,2,16,,44610,9,,,2,59,,44621,9,,,2,22,,44612,9,,,2,21,,44607,9,,,2,70,,44592,9,,,1,30,,44602,9,,,2,70,,44593,9,,,2,30,,44603,9,,,1,70,,44623,9,,,1,30,,44608,9,,,1,70,,44617,9,,,1,30,,44624,9,,,2,70,,44618,9,,,1,30,,44598,9,,,1,70,,44616,9,,,1,30,,44604,9,,,1,70,,44619,9,,,2,34,,44605,9,,,1,102,,44606,9,,,1,100,,44594,9,,,2,100,,44595,9,,,1,80,,44599,9,,,1,100,,44600,9,,,1,100,,44614,9,,,1,100,,44613,9,,,1,100,,44601,9,,,1
7501,'Semaine-4-_26ÉTÉ-1111100-',543,,44648,9,,,1,70,,44642,9,,,1,20,,44629,9,,,1,13,,44655,9,,,2,57,,44630,9,,,2,15,,44653,9,,,2,15,,44644,9,,,2,16,,44643,9,,,2,59,,44654,9,,,2,22,,44645,9,,,2,21,,44640,9,,,2,70,,44625,9,,,1,30,,44635,9,,,2,70,,44626,9,,,2,30,,44636,9,,,1,70,,44656,9,,,1,30,,44641,9,,,1,70,,44650,9,,,1,30,,44657,9,,,2,70,,44651,9,,,1,30,,44631,9,,,1,70,,44649,9,,,1,30,,44637,9,,,1,70,,44652,9,,,2,34,,44638,9,,,1,102,,44639,9,,,1,100,,44627,9,,,2,100,,44628,9,,,1,80,,44632,9,,,1,100,,44633,9,,,1,100,,44647,9,,,1,100,,44646,9,,,1,100,,44634,9,,,1
7800,'Samedi-3',836,,33827,37,,,1,100,,33826,37,,,2,100,,33824,37,,,2,100,,33829,37,,,1,101,,33825,37,,,1,100,,33828,37,,,1,99,,33830,37,,,1,101,,33831,37,,,1,100,,33832,37,,,1,99,,33833,37,,,1,100,,33834,37,,,1,100,,33835,37,,,2,100,,33836,37,,,1,100,,33837,37,,,1,100,,33838,37,,,1,98,,33839,37,,,2
7800,'Samedi-4',836,,37707,37,,,1,100,,37706,37,,,2,100,,37704,37,,,2,100,,37709,37,,,1,101,,37705,37,,,1,100,,37708,37,,,1,99,,37710,37,,,1,101,,37711,37,,,1,100,,37712,37,,,1,99,,37713,37,,,1,100,,37714,37,,,1,100,,37715,37,,,2,100,,37716,37,,,1,100,,37717,37,,,1,100,,37718,37,,,1,98,,37719,37,,,2
7800,'Dimanche-3',836,,33840,37,,,1,100,,33844,37,,,2,100,,33846,37,,,2,100,,33841,37,,,1,101,,33845,37,,,1,100,,33847,37,,,1,99,,33842,37,,,1,101,,33843,37,,,1,100,,33848,37,,,1,99,,33851,37,,,1,100,,33853,37,,,1,100,,33852,37,,,2,100,,33854,37,,,1,100,,33855,37,,,1,100,,33849,37,,,1,98,,33850,37,,,2
7800,'Semaine-4',508,,33868,37,,,1,20,,33869,37,,,2,31,,33858,37,,,1,71,,33870,37,,,1,71,,33856,37,,,1,31,,33871,37,,,1,27,,33880,37,,,1,68,,33861,37,,,1,31,,33872,37,,,2,69,,33873,37,,,1,29,,33884,37,,,2,70,,33874,37,,,1,32,,33885,37,,,2,68,,33875,37,,,1,30,,33886,37,,,1,70,,33876,37,,,1,30,,33887,37,,,1,70,,33877,37,,,1,30,,33888,37,,,1,74,,33878,37,,,2,27,,33863,37,,,2,71,,33879,37,,,1,27,,33857,37,,,1,76,,33866,37,,,1,28,,33881,37,,,2,69,,33865,37,,,1,27,,33889,37,,,2,71,,33882,37,,,1,30,,33859,37,,,1,84,,33883,37,,,1,101,,33864,37,,,1,100,,33867,37,,,1,99,,33860,37,,,1,99,,33862,37,,,1
7800,'Samedi-10-_26ÉTÉ-0000010-',836,,45015,37,,,1,100,,45014,37,,,2,100,,45012,37,,,2,100,,45017,37,,,1,101,,45013,37,,,1,100,,45016,37,,,1,99,,45018,37,,,1,101,,45019,37,,,1,100,,45020,37,,,1,99,,45021,37,,,1,100,,45022,37,,,1,100,,45023,37,,,2,100,,45024,37,,,1,100,,45025,37,,,1,100,,45026,37,,,1,98,,45027,37,,,2
7800,'Semaine-2-_26ÉTÉ-1111100-',508,,45040,37,,,1,20,,45041,37,,,1,30,,45030,37,,,1,72,,45042,37,,,2,72,,45028,37,,,2,31,,45043,37,,,2,68,,45052,37,,,2,24,,45033,37,,,1,75,,45044,37,,,1,27,,45045,37,,,2,29,,45056,37,,,2,70,,45046,37,,,1,30,,45057,37,,,2,70,,45047,37,,,1,30,,45058,37,,,1,70,,45048,37,,,1,30,,45059,37,,,2,70,,45049,37,,,1,30,,45060,37,,,1,71,,45050,37,,,1,30,,45035,37,,,2,71,,45051,37,,,1,27,,45029,37,,,1,72,,45038,37,,,1,32,,45053,37,,,1,71,,45037,37,,,1,25,,45061,37,,,1,71,,45054,37,,,1,30,,45031,37,,,1,85,,45055,37,,,1,98,,45036,37,,,1,102,,45039,37,,,1,99,,45032,37,,,2,99,,45034,37,,,1
7800,'Semaine-3-_26ÉTÉ-1111100-',508,,45074,37,,,1,20,,45075,37,,,1,30,,45064,37,,,1,72,,45076,37,,,2,72,,45062,37,,,2,31,,45077,37,,,2,68,,45086,37,,,2,24,,45067,37,,,1,75,,45078,37,,,1,27,,45079,37,,,2,29,,45090,37,,,2,70,,45080,37,,,1,30,,45091,37,,,2,70,,45081,37,,,1,30,,45092,37,,,1,70,,45082,37,,,1,30,,45093,37,,,2,70,,45083,37,,,1,30,,45094,37,,,1,71,,45084,37,,,1,30,,45069,37,,,2,71,,45085,37,,,1,27,,45063,37,,,1,72,,45072,37,,,1,32,,45087,37,,,1,71,,45071,37,,,1,25,,45095,37,,,1,71,,45088,37,,,1,30,,45065,37,,,1,85,,45089,37,,,1,98,,45070,37,,,1,102,,45073,37,,,1,99,,45066,37,,,2,99,,45068,37,,,1
7800,'Semaine-4-_26ÉTÉ-1111100-',508,,45108,37,,,1,20,,45109,37,,,1,30,,45098,37,,,1,72,,45110,37,,,2,72,,45096,37,,,2,31,,45111,37,,,2,68,,45120,37,,,2,24,,45101,37,,,1,75,,45112,37,,,1,27,,45113,37,,,2,29,,45124,37,,,2,70,,45114,37,,,1,30,,45125,37,,,2,70,,45115,37,,,1,30,,45126,37,,,1,70,,45116,37,,,1,30,,45127,37,,,2,70,,45117,37,,,1,30,,45128,37,,,1,71,,45118,37,,,1,30,,45103,37,,,2,71,,45119,37,,,1,27,,45097,37,,,1,72,,45106,37,,,1,32,,45121,37,,,1,71,,45105,37,,,1,25,,45129,37,,,1,71,,45122,37,,,1,30,,45099,37,,,1,85,,45123,37,,,1,98,,45104,37,,,1,102,,45107,37,,,1,99,,45100,37,,,2,99,,45102,37,,,1
