1500,'Semaine-4',1648,,30335,11,,,2
1500,'Semaine-2-_26ÉTÉ-1111100-',1651,,38649,11,,,1
1500,'Semaine-3-_26ÉTÉ-1111100-',1651,,38650,11,,,1
1500,'Semaine-4-_26ÉTÉ-1111100-',1651,,38651,11,,,1
6901,'Samedi-3',810,,33185,4,,,1,100,,33186,4,,,1,100,,33187,4,,,1,100,,33188,4,,,1,100,,33190,4,,,1,100,,33189,4,,,1,100,,33191,4,,,1,100,,33192,4,,,1,100,,33193,4,,,1,100,,33194,4,,,1,100,,33195,4,,,1,100,,33196,4,,,1,100,,33197,4,,,2,100,,33198,4,,,2,100,,33199,4,,,2
6901,'Samedi-4',810,,37210,4,,,1,100,,37211,4,,,1,100,,37212,4,,,1,100,,37213,4,,,1,100,,37215,4,,,1,100,,37214,4,,,1,100,,37216,4,,,1,100,,37217,4,,,1,100,,37218,4,,,1,100,,37219,4,,,1,100,,37220,4,,,1,100,,37221,4,,,1,100,,37222,4,,,2,100,,37223,4,,,2,100,,37224,4,,,2
6901,'Dimanche-3',810,,33204,4,,,1,100,,33202,4,,,1,100,,33203,4,,,1,100,,33200,4,,,1,100,,33201,4,,,1,100,,33205,4,,,1,100,,33206,4,,,1,100,,33209,4,,,1,100,,33210,4,,,1,100,,33207,4,,,1,100,,33208,4,,,1,100,,33214,4,,,1,100,,33212,4,,,2,100,,33213,4,,,2,100,,33211,4,,,2
6901,'Semaine-4',543,,33219,4,,,1,69,,33233,4,,,1,30,,33222,4,,,1,71,,33230,4,,,2,33,,33218,4,,,1,66,,33223,4,,,1,30,,33236,4,,,1,59,,33224,4,,,1,101,,33225,4,,,2,100,,33226,4,,,2,100,,33227,4,,,2,55,,33228,4,,,2,100,,33229,4,,,2,100,,33234,4,,,2,100,,33215,4,,,2,100,,33231,4,,,1,100,,33232,4,,,1,80,,33221,4,,,1,100,,33220,4,,,1,100,,33235,4,,,1,100,,33217,4,,,1,100,,33216,4,,,1
6901,'Samedi-10-_26ÉTÉ-0000010-',810,,43820,4,,,1,100,,43821,4,,,1,100,,43822,4,,,1,100,,43823,4,,,1,100,,43825,4,,,1,100,,43824,4,,,1,100,,43826,4,,,1,100,,43827,4,,,1,100,,43828,4,,,1,100,,43829,4,,,1,100,,43830,4,,,1,100,,43831,4,,,1,100,,43832,4,,,2,100,,43833,4,,,2,100,,43834,4,,,2
6901,'Semaine-2-_26ÉTÉ-1111100-',542,,43839,4,,,1,70,,43853,4,,,1,30,,43842,4,,,1,71,,43850,4,,,1,30,,43838,4,,,1,69,,43843,4,,,1,30,,43856,4,,,2,59,,43844,4,,,1,101,,43845,4,,,2,100,,43846,4,,,2,100,,43847,4,,,2,55,,43848,4,,,2,100,,43849,4,,,1,100,,43854,4,,,2,100,,43835,4,,,2,100,,43851,4,,,2,100,,43852,4,,,2,70,,43841,4,,,2,110,,43840,4,,,2,100,,43855,4,,,2,100,,43837,4,,,1,100,,43836,4,,,1
6901,'Semaine-3-_26ÉTÉ-1111100-',542,,43861,4,,,1,70,,43875,4,,,1,30,,43864,4,,,1,71,,43872,4,,,1,30,,43860,4,,,1,69,,43865,4,,,1,30,,43878,4,,,2,59,,43866,4,,,1,101,,43867,4,,,2,100,,43868,4,,,2,100,,43869,4,,,2,55,,43870,4,,,2,100,,43871,4,,,1,100,,43876,4,,,2,100,,43857,4,,,2,100,,43873,4,,,2,100,,43874,4,,,2,70,,43863,4,,,2,110,,43862,4,,,2,100,,43877,4,,,2,100,,43859,4,,,1,100,,43858,4,,,1
6901,'Semaine-4-_26ÉTÉ-1111100-',542,,43883,4,,,1,70,,43897,4,,,1,30,,43886,4,,,1,71,,43894,4,,,1,30,,43882,4,,,1,69,,43887,4,,,1,30,,43900,4,,,2,59,,43888,4,,,1,101,,43889,4,,,2,100,,43890,4,,,2,100,,43891,4,,,2,55,,43892,4,,,2,100,,43893,4,,,1,100,,43898,4,,,2,100,,43879,4,,,2,100,,43895,4,,,2,100,,43896,4,,,2,70,,43885,4,,,2,110,,43884,4,,,2,100,,43899,4,,,2,100,,43881,4,,,1,100,,43880,4,,,1
56600,'Semaine-4',1545,,34825,33,0,5 6,1
