3301,'Samedi-3',714,,30753,21,,,1,100,,30754,21,,,1,100,,30751,21,,,1,100,,30757,21,,,1,99,,30758,21,,,1,101,,30752,21,,,1,100,,30755,21,,,1,100,,30756,21,,,1,101,,30759,21,,,1,99,,30760,21,,,1,100,,30761,21,,,1,99,,30768,21,,,1,100,,30762,21,,,1,100,,30763,21,,,1,100,,30764,21,,,1,100,,30765,21,,,1,100,,30766,21,,,1,100,,30767,21,,,1
3301,'Samedi-4',714,,35394,21,,,1,100,,35395,21,,,1,100,,35392,21,,,1,100,,35398,21,,,1,99,,35399,21,,,1,101,,35393,21,,,1,100,,35396,21,,,1,100,,35397,21,,,1,101,,35400,21,,,1,99,,35401,21,,,1,100,,35402,21,,,1,99,,35409,21,,,1,100,,35403,21,,,1,100,,35404,21,,,1,100,,35405,21,,,1,100,,35406,21,,,1,100,,35407,21,,,1,100,,35408,21,,,1
3301,'Dimanche-3',714,,30773,21,,,1,100,,30774,21,,,1,100,,30775,21,,,1,100,,30769,21,,,1,99,,30770,21,,,1,101,,30771,21,,,1,100,,30772,21,,,1,100,,30777,21,,,1,101,,30778,21,,,1,99,,30776,21,,,1,100,,30779,21,,,1,99,,30782,21,,,1,100,,30786,21,,,1,100,,30780,21,,,1,100,,30781,21,,,1,100,,30784,21,,,1,100,,30783,21,,,1,100,,30785,21,,,1
3301,'Semaine-4',601,,30810,21,,,1,22,,30818,21,,,2,24,,30795,21,,,1,57,,30815,21,,,1,15,,30811,21,,,1,5,,30806,21,,,1,9,,30826,21,,,1,14,,30824,21,,,1,56,,30813,21,,,1,15,,30801,21,,,1,10,,30817,21,,,2,16,,30791,21,,,1,70,,30803,21,,,2,29,,30809,21,,,1,71,,30799,21,,,1,28,,30820,21,,,1,71,,30804,21,,,1,29,,30796,21,,,1,72,,30798,21,,,1,19,,30816,21,,,1,6,,30825,21,,,1,68,,30807,21,,,1,29,,30797,21,,,1,71,,30802,21,,,1,31,,30805,21,,,1,12,,30827,21,,,2,57,,30808,21,,,1,17,,30800,21,,,2,13,,30812,21,,,1,73,,30793,21,,,1,24,,30823,21,,,2,25,,30790,21,,,2,71,,30787,21,,,2,72,,30821,21,,,1,43,,30794,21,,,2,69,,30789,21,,,2,97,,30792,21,,,1,40,,30814,21,,,2,105,,30819,21,,,1,98,,30788,21,,,2,164,,30822,21,,,1
3501,'Semaine-4',537,,31084,3,,,1,80,,31059,3,,,1,20,,31066,3,,,1,20,,31075,14,,,1,54,,31081,3,,,1,23,,31086,14,,,1,16,,31062,3,,,1,67,,31082,3,,,1,26,,31087,3,,,1,69,,31068,3,,,2,30,,31070,3,,,1,70,,31061,3,,,1,30,,31067,3,,,1,70,,31077,3,,,1,30,,31060,3,,,1,70,,31074,3,,,1,30,,31076,3,,,1,70,,31079,3,,,1,30,,31064,3,,,1,72,,31088,3,,,2,27,,31078,3,,,2,71,,31063,3,,,2,30,,31090,3,,,1,68,,31085,3,,,2,29,,31069,3,,,1,70,,31072,3,,,2,40,,31091,3,,,2,65,,31080,3,,,1,98,,31073,3,,,1,103,,31071,3,,,1,100,,31089,3,,,1,97,,31083,3,,,1,110,,31065,3,,,1
4901,'Samedi-3',711,,31736,3,,,1,100,,31735,3,,,1,100,,31737,3,,,1,100,,31733,3,,,1,100,,31738,3,,,1,100,,31734,3,,,1,98,,31739,3,,,1,103,,31740,3,,,1,99,,31741,3,,,1,100,,31742,3,,,1,100,,31743,3,,,1,98,,31744,3,,,1,102,,31745,3,,,1,100,,31746,3,,,1,100,,31747,3,,,1,100,,31748,3,,,1,99,,31749,3,,,1
4901,'Samedi-4',711,,36127,3,,,1,100,,36126,3,,,1,100,,36128,3,,,1,100,,36124,3,,,1,100,,36129,3,,,1,100,,36125,3,,,1,98,,36130,3,,,1,103,,36131,3,,,1,99,,36132,3,,,1,100,,36133,3,,,1,100,,36134,3,,,1,98,,36135,3,,,1,102,,36136,3,,,1,100,,36137,3,,,1,100,,36138,3,,,1,100,,36139,3,,,1,99,,36140,3,,,1
4901,'Dimanche-3',711,,31754,3,,,1,100,,31750,3,,,1,100,,31753,3,,,1,100,,31755,3,,,1,100,,31752,3,,,1,100,,31751,3,,,1,98,,31757,3,,,1,103,,31758,3,,,1,99,,31756,3,,,1,100,,31762,3,,,1,100,,31766,3,,,1,98,,31759,3,,,1,102,,31760,3,,,1,100,,31761,3,,,1,99,,31763,3,,,1,101,,31764,3,,,1,99,,31765,3,,,1
4901,'Semaine-4',551,,31773,3,,,1,85,,31778,3,,,1,70,,31794,3,,,1,32,,31790,3,,,1,68,,31788,3,,,1,31,,31798,3,,,1,69,,31780,3,,,1,30,,31796,3,,,1,70,,31792,3,,,1,30,,31767,3,,,1,70,,31789,3,,,1,30,,31768,3,,,1,72,,31774,3,,,1,28,,31776,3,,,1,70,,31781,3,,,1,28,,31797,3,,,1,72,,31779,3,,,1,30,,31799,3,,,1,20,,31795,3,,,1,50,,31782,3,,,1,16,,31769,3,,,1,14,,31785,3,,,1,70,,31775,3,,,1,30,,31777,3,,,1,70,,31793,3,,,1,30,,31787,3,,,1,71,,31791,3,,,1,94,,31770,3,,,1,40,,31786,3,,,1,100,,31784,3,,,1,100,,31771,3,,,1,103,,31783,3,,,1,97,,31772,3,,,1
5001,'Semaine-4',1607,,31806,3,,,1,100,,31808,3,,,1,100,,31807,3,,,1
5601,'Semaine-4',1211,,32168,3,,,1,100,,32165,3,,,1,100,,32164,3,,,1,100,,32167,3,,,1,103,,32166,3,,,2,97,,32169,3,,,1,100,,32170,3,,,1
6400,'Semaine-4',719,,32565,45,,,2
42501,'Semaine-4',1458,,34794,4,0,9 14,1
42601,'Semaine-4',1459,,34797,4,0,9 14,1
42901,'Semaine-4',1458,,34801,4,0,9 14,1
43101,'Semaine-4',729,,34804,3,0,9 14,1
44901,'Semaine-4',1458,,34813,4,0,9 14,1
56601,'Semaine-4',722,,34826,46,0,5 6,1
56901,'Semaine-4',722,,34828,29,0,5 6,1
83301,'Semaine-4',741,,35028,3,0,9 12 13,1
