6200,'Semaine-2-_26ÉTÉ-1111100-',610,,42394,37,,,2,30,,42410,37,,,2,70,,42395,37,,,1,31,,42407,37,,,2,70,,42406,37,,,2,31,,42405,37,,,1,98,,42396,37,,,1,100,,42401,37,,,2,100,,42398,37,,,1,100,,42408,37,,,2,100,,42411,37,,,2,100,,42414,37,,,2,87,,42415,37,,,1,30,,42403,37,,,2,71,,42409,37,,,1,29,,42397,37,,,1,70,,42416,37,,,2,27,,42412,37,,,1,70,,42404,37,,,1,100,,42413,37,,,1,96,,42399,37,,,1,100,,42402,37,,,1,100,,42400,37,,,2
6200,'Semaine-3-_26ÉTÉ-1111100-',610,,42417,37,,,2,30,,42433,37,,,2,70,,42418,37,,,1,31,,42430,37,,,2,70,,42429,37,,,2,31,,42428,37,,,1,98,,42419,37,,,1,100,,42424,37,,,2,100,,42421,37,,,1,100,,42431,37,,,2,100,,42434,37,,,2,100,,42437,37,,,2,87,,42438,37,,,1,30,,42426,37,,,2,71,,42432,37,,,1,29,,42420,37,,,1,70,,42439,37,,,2,27,,42435,37,,,1,70,,42427,37,,,1,100,,42436,37,,,1,96,,42422,37,,,1,100,,42425,37,,,1,100,,42423,37,,,2
6200,'Semaine-4-_26ÉTÉ-1111100-',610,,42440,37,,,2,30,,42456,37,,,2,70,,42441,37,,,1,31,,42453,37,,,2,70,,42452,37,,,2,31,,42451,37,,,1,98,,42442,37,,,1,100,,42447,37,,,2,100,,42444,37,,,1,100,,42454,37,,,2,100,,42457,37,,,2,100,,42460,37,,,2,87,,42461,37,,,1,30,,42449,37,,,2,71,,42455,37,,,1,29,,42443,37,,,1,70,,42462,37,,,2,27,,42458,37,,,1,70,,42450,37,,,1,100,,42459,37,,,1,96,,42445,37,,,1,100,,42448,37,,,1,100,,42446,37,,,2
7101,'Samedi-10-_26ÉTÉ-0000010-',750,,44048,27,,,2,100,,44047,27,,,2,100,,44052,27,,,1,100,,44050,27,,,1,100,,44051,27,,,1,100,,44046,27,,,1,102,,44049,27,,,1,99,,44053,27,,,2,99,,44054,27,,,2,100,,44055,27,,,2,100,,44056,27,,,2,100,,44057,27,,,2,100,,44058,27,,,1,100,,44059,27,,,1,100,,44060,27,,,2,100,,44061,27,,,1
7101,'Semaine-2-_26ÉTÉ-1111100-',554,,44079,27,,,2,62,,44096,27,,,2,18,,44097,27,,,2,20,,44080,27,,,1,60,,44081,27,,,1,15,,44091,27,,,1,20,,44073,27,,,1,55,,44076,27,,,2,18,,44099,27,,,2,30,,44062,27,,,1,69,,44089,27,,,1,30,,44088,27,,,1,70,,44067,27,,,1,30,,44101,27,,,2,70,,44087,27,,,1,30,,44090,27,,,1,70,,44100,27,,,2,30,,44063,27,,,1,70,,44065,27,,,2,30,,44077,27,,,2,71,,44066,27,,,1,30,,44098,27,,,2,70,,44093,27,,,2,15,,44082,27,,,2,15,,44085,27,,,1,55,,44083,27,,,1,16,,44068,27,,,1,19,,44074,27,,,1,11,,44095,27,,,1,55,,44064,27,,,2,14,,44094,27,,,1,20,,44069,27,,,2,60,,44072,27,,,2,28,,44070,27,,,1,70,,44071,27,,,2,100,,44086,27,,,1,100,,44084,27,,,1,100,,44078,27,,,1,101,,44092,27,,,2,99,,44075,27,,,1
7101,'Semaine-3-_26ÉTÉ-1111100-',554,,44119,27,,,2,62,,44136,27,,,2,18,,44137,27,,,2,20,,44120,27,,,1,60,,44121,27,,,1,15,,44131,27,,,1,20,,44113,27,,,1,55,,44116,27,,,2,18,,44139,27,,,2,30,,44102,27,,,1,69,,44129,27,,,1,30,,44128,27,,,1,70,,44107,27,,,1,30,,44141,27,,,2,70,,44127,27,,,1,30,,44130,27,,,1,70,,44140,27,,,2,30,,44103,27,,,1,70,,44105,27,,,2,30,,44117,27,,,2,71,,44106,27,,,1,30,,44138,27,,,2,70,,44133,27,,,2,15,,44122,27,,,2,15,,44125,27,,,1,55,,44123,27,,,1,16,,44108,27,,,1,19,,44114,27,,,1,11,,44135,27,,,1,55,,44104,27,,,2,14,,44134,27,,,1,20,,44109,27,,,2,60,,44112,27,,,2,28,,44110,27,,,1,70,,44111,27,,,2,100,,44126,27,,,1,100,,44124,27,,,1,100,,44118,27,,,1,101,,44132,27,,,2,99,,44115,27,,,1
7101,'Semaine-4-_26ÉTÉ-1111100-',554,,44159,27,,,2,62,,44176,27,,,2,18,,44177,27,,,2,20,,44160,27,,,1,60,,44161,27,,,1,15,,44171,27,,,1,20,,44153,27,,,1,55,,44156,27,,,2,18,,44179,27,,,2,30,,44142,27,,,1,69,,44169,27,,,1,30,,44168,27,,,1,70,,44147,27,,,1,30,,44181,27,,,2,70,,44167,27,,,1,30,,44170,27,,,1,70,,44180,27,,,2,30,,44143,27,,,1,70,,44145,27,,,2,30,,44157,27,,,2,71,,44146,27,,,1,30,,44178,27,,,2,70,,44173,27,,,2,15,,44162,27,,,2,15,,44165,27,,,1,55,,44163,27,,,1,16,,44148,27,,,1,19,,44154,27,,,1,11,,44175,27,,,1,55,,44144,27,,,2,14,,44174,27,,,1,20,,44149,27,,,2,60,,44152,27,,,2,28,,44150,27,,,1,70,,44151,27,,,2,100,,44166,27,,,1,100,,44164,27,,,1,100,,44158,27,,,1,101,,44172,27,,,2,99,,44155,27,,,1
7301,'Semaine-2-_26ÉTÉ-1111100-',520,,44356,12,,,1,30,,44354,12,,,1,70,,44355,12,,,2,27,,44349,12,,,1,71,,44344,12,,,2,33,,44345,12,,,2,69,,44347,12,,,1,29,,44340,12,,,1,68,,44350,12,,,2,100,,44332,12,,,1,100,,44351,12,,,1,100,,44348,12,,,1,100,,44343,12,,,2,100,,44352,12,,,2,102,,44342,12,,,2,28,,44339,12,,,1,70,,44357,12,,,1,35,,44346,12,,,2,65,,44331,12,,,2,30,,44333,12,,,1,70,,44341,12,,,1,29,,44353,12,,,1,68,,44334,12,,,1,100,,44335,12,,,1,105,,44336,12,,,2,100,,44337,12,,,1,100,,44338,12,,,2
7301,'Semaine-3-_26ÉTÉ-1111100-',520,,44383,12,,,1,30,,44381,12,,,1,70,,44382,12,,,2,27,,44376,12,,,1,71,,44371,12,,,2,33,,44372,12,,,2,69,,44374,12,,,1,29,,44367,12,,,1,68,,44377,12,,,2,100,,44359,12,,,1,100,,44378,12,,,1,100,,44375,12,,,1,100,,44370,12,,,2,100,,44379,12,,,2,102,,44369,12,,,2,28,,44366,12,,,1,70,,44384,12,,,1,35,,44373,12,,,2,65,,44358,12,,,2,30,,44360,12,,,1,70,,44368,12,,,1,29,,44380,12,,,1,68,,44361,12,,,1,100,,44362,12,,,1,105,,44363,12,,,2,100,,44364,12,,,1,100,,44365,12,,,2
7301,'Semaine-4-_26ÉTÉ-1111100-',520,,44410,12,,,1,30,,44408,12,,,1,70,,44409,12,,,2,27,,44403,12,,,1,71,,44398,12,,,2,33,,44399,12,,,2,69,,44401,12,,,1,29,,44394,12,,,1,68,,44404,12,,,2,100,,44386,12,,,1,100,,44405,12,,,1,100,,44402,12,,,1,100,,44397,12,,,2,100,,44406,12,,,2,102,,44396,12,,,2,28,,44393,12,,,1,70,,44411,12,,,1,35,,44400,12,,,2,65,,44385,12,,,2,30,,44387,12,,,1,70,,44395,12,,,1,29,,44407,12,,,1,68,,44388,12,,,1,100,,44389,12,,,1,105,,44390,12,,,2,100,,44391,12,,,1,100,,44392,12,,,2
