9301,'Semaine-4',544,,33961,2,,,1,60,,33959,2,,,1,21,,33958,2,,,1,30,,33962,2,,,2,70,,33960,2,,,1
9301,'Semaine-2-_26ÉTÉ-1111100-',545,,45337,2,,,1,60,,45335,2,,,1,20,,45334,2,,,1,30,,45338,2,,,2,70,,45336,2,,,1
9301,'Semaine-3-_26ÉTÉ-1111100-',545,,45342,2,,,1,60,,45340,2,,,1,20,,45339,2,,,1,30,,45343,2,,,2,70,,45341,2,,,1
9301,'Semaine-4-_26ÉTÉ-1111100-',545,,45347,2,,,1,60,,45345,2,,,1,20,,45344,2,,,1,30,,45348,2,,,2,70,,45346,2,,,1
9401,'Semaine-4',525,,33963,2,,,1
9401,'Semaine-2-_26ÉTÉ-1111100-',525,,45349,2,,,1
9401,'Semaine-3-_26ÉTÉ-1111100-',525,,45350,2,,,1
9401,'Semaine-4-_26ÉTÉ-1111100-',525,,45351,2,,,1
9701,'Samedi-3',720,,34038,2,,,2,100,,34041,2,,,2,100,,34039,2,,,2,100,,34042,2,,,2,100,,34036,2,,,1,100,,34037,2,,,1,100,,34040,2,,,2,100,,34043,2,,,2,100,,34044,2,,,1,100,,34045,2,,,2,100,,34046,2,,,2,100,,34047,2,,,1,100,,34051,2,,,1,100,,34048,2,,,1,100,,34049,2,,,1,100,,34050,2,,,1
9701,'Dimanche-3',720,,34058,2,,,2,100,,34055,2,,,2,100,,34056,2,,,2,100,,34059,2,,,2,100,,34054,2,,,1,100,,34053,2,,,1,100,,34052,2,,,2,100,,34057,2,,,2,100,,34061,2,,,1,100,,34060,2,,,2,100,,34065,2,,,2,100,,34066,2,,,1,100,,34067,2,,,1,100,,34062,2,,,1,100,,34063,2,,,1,100,,34064,2,,,1
9701,'Semaine-4',559,,34082,2,,,1,100,,34075,2,,,2,149,,34084,2,,,1,103,,34073,2,,,2,100,,34070,2,,,2,100,,34083,2,,,1,100,,34078,2,,,2,100,,34074,2,,,1,100,,34080,2,,,1,100,,34068,2,,,2,96,,34071,2,,,2,102,,34079,2,,,1,100,,34081,2,,,1,96,,34072,2,,,1,97,,34076,2,,,2,100,,34069,2,,,1,100,,34077,2,,,1
9701,'Samedi-10-_26ÉTÉ-0000010-',720,,45485,2,,,2,100,,45488,2,,,1,100,,45486,2,,,2,100,,45489,2,,,2,100,,45483,2,,,1,100,,45484,2,,,1,100,,45487,2,,,2,100,,45490,2,,,2,100,,45491,2,,,1,100,,45492,2,,,2,100,,45493,2,,,2,100,,45494,2,,,1,100,,45498,2,,,1,100,,45495,2,,,1,100,,45496,2,,,1,100,,45497,2,,,1
9701,'Semaine-2-_26ÉTÉ-1111100-',559,,45513,2,,,1,100,,45506,2,,,2,149,,45515,2,,,1,103,,45504,2,,,2,100,,45501,2,,,1,100,,45514,2,,,2,98,,45509,2,,,2,102,,45505,2,,,1,100,,45511,2,,,2,99,,45499,2,,,1,97,,45502,2,,,1,102,,45510,2,,,1,100,,45512,2,,,2,96,,45503,2,,,2,97,,45507,2,,,1,100,,45500,2,,,2,100,,45508,2,,,1
9701,'Semaine-3-_26ÉTÉ-1111100-',559,,45530,2,,,1,100,,45523,2,,,2,149,,45532,2,,,1,103,,45521,2,,,2,100,,45518,2,,,1,100,,45531,2,,,2,98,,45526,2,,,2,102,,45522,2,,,1,100,,45528,2,,,2,99,,45516,2,,,1,97,,45519,2,,,1,102,,45527,2,,,1,100,,45529,2,,,2,96,,45520,2,,,2,97,,45524,2,,,1,100,,45517,2,,,2,100,,45525,2,,,1
9701,'Semaine-4-_26ÉTÉ-1111100-',559,,45547,2,,,1,100,,45540,2,,,2,149,,45549,2,,,1,103,,45538,2,,,2,100,,45535,2,,,1,100,,45548,2,,,2,98,,45543,2,,,2,102,,45539,2,,,1,100,,45545,2,,,2,99,,45533,2,,,1,97,,45536,2,,,1,102,,45544,2,,,1,100,,45546,2,,,2,96,,45537,2,,,2,97,,45541,2,,,1,100,,45534,2,,,2,100,,45542,2,,,1
