6201,'Semaine-4',535,,32445,36,,,1,69,,32439,36,,,1,31,,32455,36,,,1,70,,32450,36,,,2,31,,32435,36,,,1,72,,32436,36,,,1,27,,32440,36,,,1,70,,32449,36,,,1,51,,32441,36,,,1,100,,32437,36,,,1,100,,32446,36,,,1,100,,32453,36,,,1,100,,32456,36,,,1,100,,32447,36,,,1,95,,32457,36,,,1,85,,32452,36,,,2,82,,32438,36,,,2,38,,32451,36,,,2,68,,32454,36,,,1,100,,32444,36,,,1,100,,32443,36,,,1,85,,32448,36,,,1,100,,32442,36,,,2
6201,'Semaine-2-_26ÉTÉ-1111100-',535,,42473,36,,,2,70,,42467,36,,,2,30,,42483,36,,,1,71,,42478,36,,,2,29,,42463,36,,,2,72,,42464,36,,,2,29,,42468,36,,,2,69,,42477,36,,,1,51,,42469,36,,,1,100,,42465,36,,,2,100,,42474,36,,,2,100,,42481,36,,,2,100,,42484,36,,,2,100,,42475,36,,,1,95,,42485,36,,,1,83,,42480,36,,,1,85,,42466,36,,,1,37,,42479,36,,,2,68,,42482,36,,,1,100,,42472,36,,,1,100,,42471,36,,,1,85,,42476,36,,,1,100,,42470,36,,,1
6201,'Semaine-3-_26ÉTÉ-1111100-',535,,42496,36,,,2,70,,42490,36,,,2,30,,42506,36,,,1,71,,42501,36,,,2,29,,42486,36,,,2,72,,42487,36,,,2,29,,42491,36,,,2,69,,42500,36,,,1,51,,42492,36,,,1,100,,42488,36,,,2,100,,42497,36,,,2,100,,42504,36,,,2,100,,42507,36,,,2,100,,42498,36,,,1,95,,42508,36,,,1,83,,42503,36,,,1,85,,42489,36,,,1,37,,42502,36,,,2,68,,42505,36,,,1,100,,42495,36,,,1,100,,42494,36,,,1,85,,42499,36,,,1,100,,42493,36,,,1
6201,'Semaine-4-_26ÉTÉ-1111100-',535,,42519,36,,,2,70,,42513,36,,,2,30,,42529,36,,,1,71,,42524,36,,,2,29,,42509,36,,,2,72,,42510,36,,,2,29,,42514,36,,,2,69,,42523,36,,,1,51,,42515,36,,,1,100,,42511,36,,,2,100,,42520,36,,,2,100,,42527,36,,,2,100,,42530,36,,,2,100,,42521,36,,,1,95,,42531,36,,,1,83,,42526,36,,,1,85,,42512,36,,,1,37,,42525,36,,,2,68,,42528,36,,,1,100,,42518,36,,,1,100,,42517,36,,,1,85,,42522,36,,,1,100,,42516,36,,,1
6601,'Samedi-3',643,,32817,5,,,1,100,,32819,5,,,1,100,,32823,5,,,1,100,,32820,5,,,2,100,,32824,5,,,1,100,,32818,5,,,1,100,,32821,5,,,1,100,,32822,5,,,1,100,,32825,5,,,2,100,,32826,5,,,1,100,,32827,5,,,1,100,,32828,5,,,1,100,,32829,5,,,1,100,,32831,5,,,1,100,,32830,5,,,1,100,,32832,5,,,1,100,,32833,5,,,1,100,,32834,5,,,2
6601,'Dimanche-3',643,,32836,5,,,1,100,,32840,5,,,1,100,,32841,5,,,1,100,,32842,5,,,2,100,,32844,5,,,1,100,,32835,5,,,1,100,,32843,5,,,1,100,,32837,5,,,1,100,,32838,5,,,2,100,,32839,5,,,1,100,,32848,5,,,1,100,,32850,5,,,1,100,,32846,5,,,1,100,,32847,5,,,1,100,,32845,5,,,1,100,,32849,5,,,1,100,,32851,5,,,1,100,,32852,5,,,2
6601,'Semaine-4',534,,32862,5,,,1,20,,32855,5,,,1,60,,32864,5,,,2,18,,32870,5,,,1,20,,32865,5,,,1,60,,32856,5,,,1,22,,32868,5,,,1,20,,32861,5,,,1,58,,32877,5,,,2,20,,32854,5,,,1,20,,32867,5,,,1,58,,32878,5,,,1,19,,32886,5,,,1,101,,32866,5,,,1,99,,32858,5,,,1,101,,32882,5,,,1,98,,32883,5,,,1,101,,32869,5,,,1,25,,32857,5,,,1,59,,32874,5,,,1,18,,32871,5,,,1,23,,32884,5,,,1,58,,32853,5,,,1,20,,32879,5,,,1,22,,32872,5,,,1,58,,32885,5,,,2,20,,32875,5,,,1,22,,32880,5,,,1,57,,32873,5,,,2,22,,32881,5,,,1,20,,32887,5,,,1,92,,32860,5,,,1,100,,32859,5,,,1,98,,32863,5,,,1,100,,32876,5,,,1
6601,'Samedi-10-_26ÉTÉ-0000010-',643,,43162,5,,,1,100,,43164,5,,,1,100,,43168,5,,,1,100,,43165,5,,,2,100,,43169,5,,,1,100,,43163,5,,,1,100,,43166,5,,,1,100,,43167,5,,,1,100,,43170,5,,,2,100,,43171,5,,,1,100,,43172,5,,,1,100,,43173,5,,,1,100,,43174,5,,,1,100,,43176,5,,,1,100,,43175,5,,,1,100,,43177,5,,,1,100,,43178,5,,,1,100,,43179,5,,,2
6601,'Semaine-2-_26ÉTÉ-1111100-',534,,43189,5,,,2,20,,43182,5,,,2,60,,43191,5,,,2,16,,43197,5,,,1,20,,43192,5,,,2,60,,43183,5,,,2,20,,43195,5,,,2,20,,43188,5,,,2,60,,43204,5,,,1,20,,43181,5,,,2,20,,43194,5,,,2,60,,43205,5,,,2,20,,43213,5,,,2,100,,43193,5,,,1,100,,43185,5,,,2,100,,43209,5,,,1,100,,43210,5,,,2,101,,43196,5,,,2,23,,43184,5,,,2,59,,43201,5,,,2,17,,43198,5,,,1,21,,43211,5,,,2,60,,43180,5,,,1,20,,43206,5,,,2,20,,43199,5,,,2,61,,43212,5,,,2,19,,43202,5,,,1,20,,43207,5,,,2,60,,43200,5,,,1,20,,43208,5,,,2,19,,43214,5,,,1,100,,43187,5,,,1,100,,43186,5,,,1,95,,43190,5,,,1,100,,43203,5,,,1
6601,'Semaine-3-_26ÉTÉ-1111100-',534,,43224,5,,,2,20,,43217,5,,,2,60,,43226,5,,,2,16,,43232,5,,,1,20,,43227,5,,,2,60,,43218,5,,,2,20,,43230,5,,,2,20,,43223,5,,,2,60,,43239,5,,,1,20,,43216,5,,,2,20,,43229,5,,,2,60,,43240,5,,,2,20,,43248,5,,,2,100,,43228,5,,,1,100,,43220,5,,,2,100,,43244,5,,,1,100,,43245,5,,,2,101,,43231,5,,,2,23,,43219,5,,,2,59,,43236,5,,,2,17,,43233,5,,,1,21,,43246,5,,,2,60,,43215,5,,,1,20,,43241,5,,,2,20,,43234,5,,,2,61,,43247,5,,,2,19,,43237,5,,,1,20,,43242,5,,,2,60,,43235,5,,,1,20,,43243,5,,,2,19,,43249,5,,,1,100,,43222,5,,,1,100,,43221,5,,,1,95,,43225,5,,,1,100,,43238,5,,,1
6601,'Semaine-4-_26ÉTÉ-1111100-',534,,43259,5,,,2,20,,43252,5,,,2,60,,43261,5,,,2,16,,43267,5,,,1,20,,43262,5,,,2,60,,43253,5,,,2,20,,43265,5,,,2,20,,43258,5,,,2,60,,43274,5,,,1,20,,43251,5,,,2,20,,43264,5,,,2,60,,43275,5,,,2,20,,43283,5,,,2,100,,43263,5,,,1,100,,43255,5,,,2,100,,43279,5,,,1,100,,43280,5,,,2,101,,43266,5,,,2,23,,43254,5,,,2,59,,43271,5,,,2,17,,43268,5,,,1,21,,43281,5,,,2,60,,43250,5,,,1,20,,43276,5,,,2,20,,43269,5,,,2,61,,43282,5,,,2,19,,43272,5,,,1,20,,43277,5,,,2,60,,43270,5,,,1,20,,43278,5,,,2,19,,43284,5,,,1,100,,43257,5,,,1,100,,43256,5,,,1,95,,43260,5,,,1,100,,43273,5,,,1
