6500,'Samedi-10-_26ÉTÉ-0000010-',700,,42815,22,,,1,100,,42818,22,,,1,100,,42814,22,,,1,100,,42817,22,,,1,100,,42821,22,,,1,100,,42816,22,,,2,100,,42819,22,,,1,100,,42820,22,,,1,100,,42822,22,,,2,100,,42823,22,,,1,100,,42824,22,,,1,100,,42825,22,,,1,100,,42826,22,,,1,100,,42827,22,,,1,100,,42828,22,,,2,100,,42829,22,,,2,100,,42830,22,,,2
6500,'Semaine-2-_26ÉTÉ-1111100-',526,,42851,22,,,1,31,,42852,22,,,2,68,,42840,22,,,1,20,,42864,22,,,1,55,,42832,22,,,2,20,,42845,22,,,1,19,,42865,22,,,1,20,,42847,22,,,1,60,,42853,22,,,1,22,,42841,22,,,2,15,,42861,22,,,1,65,,42834,22,,,2,30,,42862,22,,,2,100,,42833,22,,,1,100,,42842,22,,,1,100,,42836,22,,,2,100,,42863,22,,,1,100,,42855,22,,,1,70,,42846,22,,,2,20,,42837,22,,,1,66,,42844,22,,,1,22,,42858,22,,,2,18,,42835,22,,,2,62,,42860,22,,,1,20,,42838,22,,,1,8,,42859,22,,,1,70,,42831,22,,,1,20,,42839,22,,,2,20,,42854,22,,,1,63,,42848,22,,,1,30,,42857,22,,,1,105,,42856,22,,,1,100,,42849,22,,,1,100,,42843,22,,,1,100,,42850,22,,,1
6500,'Semaine-3-_26ÉTÉ-1111100-',526,,42886,22,,,1,31,,42887,22,,,2,68,,42875,22,,,1,20,,42899,22,,,1,55,,42867,22,,,2,20,,42880,22,,,1,19,,42900,22,,,1,20,,42882,22,,,1,60,,42888,22,,,1,22,,42876,22,,,2,15,,42896,22,,,1,65,,42869,22,,,2,30,,42897,22,,,2,100,,42868,22,,,1,100,,42877,22,,,1,100,,42871,22,,,2,100,,42898,22,,,1,100,,42890,22,,,1,70,,42881,22,,,2,20,,42872,22,,,1,66,,42879,22,,,1,22,,42893,22,,,2,18,,42870,22,,,2,62,,42895,22,,,1,20,,42873,22,,,1,8,,42894,22,,,1,70,,42866,22,,,1,20,,42874,22,,,2,20,,42889,22,,,1,63,,42883,22,,,1,30,,42892,22,,,1,105,,42891,22,,,1,100,,42884,22,,,1,100,,42878,22,,,1,100,,42885,22,,,1
6500,'Semaine-4-_26ÉTÉ-1111100-',526,,42921,22,,,1,31,,42922,22,,,2,68,,42910,22,,,1,20,,42934,22,,,1,55,,42902,22,,,2,20,,42915,22,,,1,19,,42935,22,,,1,20,,42917,22,,,1,60,,42923,22,,,1,22,,42911,22,,,2,15,,42931,22,,,1,65,,42904,22,,,2,30,,42932,22,,,2,100,,42903,22,,,1,100,,42912,22,,,1,100,,42906,22,,,2,100,,42933,22,,,1,100,,42925,22,,,1,70,,42916,22,,,2,20,,42907,22,,,1,66,,42914,22,,,1,22,,42928,22,,,2,18,,42905,22,,,2,62,,42930,22,,,1,20,,42908,22,,,1,8,,42929,22,,,1,70,,42901,22,,,1,20,,42909,22,,,2,20,,42924,22,,,1,63,,42918,22,,,1,30,,42927,22,,,1,105,,42926,22,,,1,100,,42919,22,,,1,100,,42913,22,,,1,100,,42920,22,,,1
7601,'Samedi-10-_26ÉTÉ-0000010-',716,,44788,17,,,1,100,,44791,17,,,2,100,,44790,17,,,1,100,,44794,17,,,1,100,,44793,17,,,1,100,,44792,17,,,2,100,,44789,17,,,1,100,,44795,17,,,1,100,,44796,17,,,2,100,,44797,17,,,1,100,,44798,17,,,2,100,,44799,17,,,1,100,,44800,17,,,1,100,,44801,17,,,2,100,,44802,17,,,2,100,,44803,17,,,2
7601,'Semaine-2-_26ÉTÉ-1111100-',636,,44815,17,,,2,15,,44804,17,,,2,59,,44830,17,,,2,24,,44819,17,,,2,20,,44831,17,,,2,60,,44821,17,,,1,17,,44828,17,,,2,70,,44829,17,,,2,30,,44822,17,,,2,70,,44827,17,,,1,30,,44834,17,,,1,70,,44832,17,,,1,30,,44807,17,,,2,70,,44835,17,,,2,30,,44808,17,,,1,70,,44823,17,,,1,30,,44809,17,,,1,70,,44805,17,,,1,30,,44810,17,,,1,70,,44806,17,,,2,33,,44833,17,,,1,68,,44816,17,,,2,30,,44818,17,,,2,25,,44817,17,,,1,67,,44820,17,,,1,23,,44825,17,,,1,65,,44824,17,,,1,29,,44826,17,,,1,85,,44811,17,,,1,100,,44812,17,,,1,100,,44813,17,,,1,100,,44814,17,,,1
7601,'Semaine-3-_26ÉTÉ-1111100-',636,,44847,17,,,2,15,,44836,17,,,2,59,,44862,17,,,2,24,,44851,17,,,2,20,,44863,17,,,2,60,,44853,17,,,1,17,,44860,17,,,2,70,,44861,17,,,2,30,,44854,17,,,2,70,,44859,17,,,1,30,,44866,17,,,1,70,,44864,17,,,1,30,,44839,17,,,2,70,,44867,17,,,2,30,,44840,17,,,1,70,,44855,17,,,1,30,,44841,17,,,1,70,,44837,17,,,1,30,,44842,17,,,1,70,,44838,17,,,2,33,,44865,17,,,1,68,,44848,17,,,2,30,,44850,17,,,2,25,,44849,17,,,1,67,,44852,17,,,1,23,,44857,17,,,1,65,,44856,17,,,1,29,,44858,17,,,1,85,,44843,17,,,1,100,,44844,17,,,1,100,,44845,17,,,1,100,,44846,17,,,1
7601,'Semaine-4-_26ÉTÉ-1111100-',636,,44879,17,,,2,15,,44868,17,,,2,59,,44894,17,,,2,24,,44883,17,,,2,20,,44895,17,,,2,60,,44885,17,,,1,17,,44892,17,,,2,70,,44893,17,,,2,30,,44886,17,,,2,70,,44891,17,,,1,30,,44898,17,,,1,70,,44896,17,,,1,30,,44871,17,,,2,70,,44899,17,,,2,30,,44872,17,,,1,70,,44887,17,,,1,30,,44873,17,,,1,70,,44869,17,,,1,30,,44874,17,,,1,70,,44870,17,,,2,33,,44897,17,,,1,68,,44880,17,,,2,30,,44882,17,,,2,25,,44881,17,,,1,67,,44884,17,,,1,23,,44889,17,,,1,65,,44888,17,,,1,29,,44890,17,,,1,85,,44875,17,,,1,100,,44876,17,,,1,100,,44877,17,,,1,100,,44878,17,,,1
57601,'Semaine-2-_26ÉTÉ-1111100-',712,,46776,17,,,2
57601,'Semaine-3-_26ÉTÉ-1111100-',712,,46777,17,,,2
57601,'Semaine-4-_26ÉTÉ-1111100-',712,,46778,17,,,2
