9300,'Semaine-1-_26ÉTÉ-1111100-',1544,,60095,28,,,2,60,,60098,28,,,2,20,,60094,28,,,1,20,,60097,28,,,1,71,,60096,28,,,2,30,,60092,28,,,2,67,,60093,28,,,1
9300,'Semaine-10-_26ÉTÉ-1111100-',1544,,60102,28,,,2,60,,60105,28,,,2,20,,60101,28,,,1,20,,60104,28,,,1,71,,60103,28,,,2,30,,60099,28,,,2,67,,60100,28,,,1
9300,'Semaine-11-_26ÉTÉ-1111100-',1544,,60109,28,,,2,60,,60112,28,,,2,20,,60108,28,,,1,20,,60111,28,,,1,71,,60110,28,,,2,30,,60106,28,,,2,67,,60107,28,,,1
9300,'Semaine-12-_26ÉTÉ-1111100-',1544,,60116,28,,,2,60,,60119,28,,,2,20,,60115,28,,,1,20,,60118,28,,,1,71,,60117,28,,,2,30,,60113,28,,,2,67,,60114,28,,,1
9700,'Samedi-0-_26ÉTÉ-0000010-',827,,60249,13,,,2,100,,60252,13,,,2,100,,60247,13,,,1,100,,60248,13,,,1,100,,60251,13,,,2,100,,60250,13,,,2,100,,60253,13,,,1,100,,60254,13,,,2,100,,60255,13,,,2,101,,60256,13,,,1,100,,60261,13,,,1,100,,60257,13,,,1,100,,60258,13,,,1,100,,60259,13,,,1,99,,60260,13,,,2,100,,60262,13,,,1,100,,60263,13,,,1
9700,'Dimanche-0-_26ÉTÉ-0000001-',827,,60267,13,,,2,100,,60269,13,,,2,100,,60266,13,,,1,100,,60265,13,,,1,100,,60264,13,,,2,100,,60268,13,,,2,100,,60271,13,,,1,100,,60270,13,,,2,100,,60276,13,,,2,101,,60278,13,,,1,100,,60280,13,,,1,100,,60272,13,,,1,100,,60273,13,,,1,100,,60274,13,,,1,99,,60275,13,,,2,100,,60279,13,,,1,100,,60277,13,,,1
9700,'Dimanche-10-_26ÉTÉ-0000001-',827,,60284,13,,,2,100,,60286,13,,,2,100,,60283,13,,,1,100,,60282,13,,,1,100,,60281,13,,,2,100,,60285,13,,,2,100,,60288,13,,,1,100,,60287,13,,,2,100,,60293,13,,,2,101,,60295,13,,,1,100,,60297,13,,,1,100,,60289,13,,,1,100,,60290,13,,,1,100,,60291,13,,,1,99,,60292,13,,,2,100,,60296,13,,,1,100,,60294,13,,,1
9700,'Dimanche-11-_26ÉTÉ-0000001-',827,,60301,13,,,2,100,,60303,13,,,2,100,,60300,13,,,1,100,,60299,13,,,1,100,,60298,13,,,2,100,,60302,13,,,2,100,,60305,13,,,1,100,,60304,13,,,2,100,,60310,13,,,2,101,,60312,13,,,1,100,,60314,13,,,1,100,,60306,13,,,1,100,,60307,13,,,1,100,,60308,13,,,1,99,,60309,13,,,2,100,,60313,13,,,1,100,,60311,13,,,1
9700,'Semaine-1-_26ÉTÉ-1111100-',659,,60333,13,,,1,66,,60334,13,,,1,97,,60323,13,,,2,101,,60319,13,,,1,96,,60332,13,,,2,100,,60327,13,,,2,100,,60324,13,,,1,100,,60329,13,,,2,101,,60315,13,,,1,94,,60320,13,,,1,105,,60328,13,,,1,96,,60330,17,,,2,103,,60321,17,,,2,34,,60316,17,,,2,59,,60325,13,,,1,102,,60317,13,,,2,99,,60326,13,,,1,100,,60322,13,,,1,102,,60318,13,,,2,110,,60331,13,,,1
9700,'Semaine-10-_26ÉTÉ-1111100-',659,,60353,13,,,1,66,,60354,13,,,1,97,,60343,13,,,2,101,,60339,13,,,1,96,,60352,13,,,2,100,,60347,13,,,2,100,,60344,13,,,1,100,,60349,13,,,2,101,,60335,13,,,1,94,,60340,13,,,1,105,,60348,13,,,1,96,,60350,17,,,2,103,,60341,17,,,2,34,,60336,17,,,2,59,,60345,13,,,1,102,,60337,13,,,2,99,,60346,13,,,1,100,,60342,13,,,1,102,,60338,13,,,2,110,,60351,13,,,1
9700,'Semaine-11-_26ÉTÉ-1111100-',659,,60373,13,,,1,66,,60374,13,,,1,97,,60363,13,,,2,101,,60359,13,,,1,96,,60372,13,,,2,100,,60367,13,,,2,100,,60364,13,,,1,100,,60369,13,,,2,101,,60355,13,,,1,94,,60360,13,,,1,105,,60368,13,,,1,96,,60370,17,,,2,103,,60361,17,,,2,34,,60356,17,,,2,59,,60365,13,,,1,102,,60357,13,,,2,99,,60366,13,,,1,100,,60362,13,,,1,102,,60358,13,,,2,110,,60371,13,,,1
9700,'Semaine-12-_26ÉTÉ-1111100-',659,,60393,13,,,1,66,,60394,13,,,1,97,,60383,13,,,2,101,,60379,13,,,1,96,,60392,13,,,2,100,,60387,13,,,2,100,,60384,13,,,1,100,,60389,13,,,2,101,,60375,13,,,1,94,,60380,13,,,1,105,,60388,13,,,1,96,,60390,17,,,2,103,,60381,17,,,2,34,,60376,17,,,2,59,,60385,13,,,1,102,,60377,13,,,2,99,,60386,13,,,1,100,,60382,13,,,1,102,,60378,13,,,2,110,,60391,13,,,1
