1800,'Semaine-4',1257,,30338,16,,,1,278,,30337,16,,,1,98,,30340,16,,,1,70,,30339,16,,,1
1800,'Semaine-2-_26ÉTÉ-1111100-',1257,,38656,16,,,2,278,,38655,16,,,2,97,,38658,16,,,1,71,,38657,16,,,1
1800,'Semaine-3-_26ÉTÉ-1111100-',1257,,38660,16,,,2,278,,38659,16,,,2,97,,38662,16,,,1,71,,38661,16,,,1
1800,'Semaine-4-_26ÉTÉ-1111100-',1257,,38664,16,,,2,278,,38663,16,,,2,97,,38666,16,,,1,71,,38665,16,,,1
9300,'Semaine-4',1508,,33954,5,,,2,20,,33957,5,,,1,20,,33953,5,,,1,60,,33956,5,,,1,30,,33955,5,,,2,70,,33951,5,,,2,30,,33952,5,,,1
9300,'Semaine-2-_26ÉTÉ-1111100-',1508,,45316,5,,,2,20,,45319,5,,,2,20,,45315,5,,,1,60,,45318,5,,,1,31,,45317,5,,,2,72,,45313,5,,,2,27,,45314,5,,,1
9300,'Semaine-3-_26ÉTÉ-1111100-',1508,,45323,5,,,2,20,,45326,5,,,2,20,,45322,5,,,1,60,,45325,5,,,1,31,,45324,5,,,2,72,,45320,5,,,2,27,,45321,5,,,1
9300,'Semaine-4-_26ÉTÉ-1111100-',1508,,45330,5,,,2,20,,45333,5,,,2,20,,45329,5,,,1,60,,45332,5,,,1,31,,45331,5,,,2,72,,45327,5,,,2,27,,45328,5,,,1
9500,'Semaine-4',1448,,33970,5,,,1,56,,33973,5,,,1,15,,33969,5,,,1,15,,33964,5,,,2,15,,33968,5,,,1,56,,33965,5,,,1,14,,33966,5,,,1,15,,33971,5,,,1,25,,33972,5,,,2,69,,33967,5,,,1
9500,'Semaine-2-_26ÉTÉ-1111100-',1448,,45358,5,,,1,55,,45361,5,,,2,15,,45357,5,,,1,16,,45352,5,,,1,15,,45356,5,,,2,55,,45353,5,,,1,15,,45354,5,,,2,15,,45359,5,,,1,25,,45360,5,,,1,70,,45355,5,,,1
9500,'Semaine-3-_26ÉTÉ-1111100-',1448,,45368,5,,,1,55,,45371,5,,,2,15,,45367,5,,,1,16,,45362,5,,,1,15,,45366,5,,,2,55,,45363,5,,,1,15,,45364,5,,,2,15,,45369,5,,,1,25,,45370,5,,,1,70,,45365,5,,,1
9500,'Semaine-4-_26ÉTÉ-1111100-',1448,,45378,5,,,1,55,,45381,5,,,2,15,,45377,5,,,1,16,,45372,5,,,1,15,,45376,5,,,2,55,,45373,5,,,1,15,,45374,5,,,2,15,,45379,5,,,1,25,,45380,5,,,1,70,,45375,5,,,1
10000,'Semaine-4',1524,,34101,12,,,1,8,,34103,12,,,1,9,,34088,12,,,1,8,,34089,12,,,1,8,,34090,12,,,1,49,,34102,12,,,1,9,,34091,12,,,1,11,,34092,12,,,1,7,,34093,12,,,1,9,,34094,12,,,1,10,,34095,12,,,1,49,,34096,12,,,1,12,,34097,12,,,1,10,,34098,12,,,1,8,,34099,12,,,1,11,,34100,12,,,1
10000,'Semaine-2-_26ÉTÉ-1111100-',1524,,45572,12,,,1,7,,45574,12,,,1,10,,45559,12,,,1,8,,45560,12,,,1,5,,45561,12,,,1,52,,45573,12,,,1,8,,45562,12,,,1,11,,45563,12,,,1,9,,45564,12,,,1,11,,45565,12,,,1,10,,45566,12,,,1,50,,45567,12,,,1,10,,45568,12,,,1,9,,45569,12,,,1,9,,45570,12,,,1,10,,45571,12,,,1
10000,'Semaine-3-_26ÉTÉ-1111100-',1524,,45588,12,,,1,7,,45590,12,,,1,10,,45575,12,,,1,8,,45576,12,,,1,5,,45577,12,,,1,52,,45589,12,,,1,8,,45578,12,,,1,11,,45579,12,,,1,9,,45580,12,,,1,11,,45581,12,,,1,10,,45582,12,,,1,50,,45583,12,,,1,10,,45584,12,,,1,9,,45585,12,,,1,9,,45586,12,,,1,10,,45587,12,,,1
10000,'Semaine-4-_26ÉTÉ-1111100-',1524,,45604,12,,,1,7,,45606,12,,,1,10,,45591,12,,,1,8,,45592,12,,,1,5,,45593,12,,,1,52,,45605,12,,,1,8,,45594,12,,,1,11,,45595,12,,,1,9,,45596,12,,,1,11,,45597,12,,,1,10,,45598,12,,,1,50,,45599,12,,,1,10,,45600,12,,,1,9,,45601,12,,,1,9,,45602,12,,,1,10,,45603,12,,,1
20000,'Semaine-4',1523,,34119,8,,,1,6,,34120,8,,,1,5,,34143,8,,,1,5,,34121,8,,,1,5,,34122,8,,,1,5,,34148,8,,,1,5,,34123,8,,,1,5,,34125,8,,,1,46,,34126,8,,,1,4,,34127,8,,,1,5,,34129,8,,,1,5,,34130,8,,,1,5,,34124,8,,,1,5,,34147,8,,,1,5,,34128,8,,,1,6,,34131,8,,,1,4,,34132,8,,,1,5,,34133,8,,,1,5,,34134,8,,,1,5,,34146,8,,,1,45,,34135,8,,,1,5,,34144,8,,,1,5,,34136,8,,,1,5,,34137,8,,,1,5,,34139,8,,,1,5,,34138,8,,,1,5,,34140,8,,,1,3,,34141,8,,,1,5,,34142,8,,,1,5,,34145,8,,,1
20000,'Semaine-2-_26ÉTÉ-1111100-',1523,,45652,8,,,1,5,,45653,8,,,1,6,,45676,8,,,1,5,,45654,8,,,1,5,,45655,8,,,1,3,,45681,8,,,1,7,,45656,8,,,1,5,,45658,8,,,1,45,,45659,8,,,1,5,,45660,8,,,1,3,,45662,8,,,1,7,,45663,8,,,1,5,,45657,8,,,1,5,,45680,8,,,1,5,,45661,8,,,1,5,,45664,8,,,1,5,,45665,8,,,1,5,,45666,8,,,1,6,,45667,8,,,1,45,,45679,8,,,1,4,,45668,8,,,1,5,,45677,8,,,1,5,,45669,8,,,1,5,,45670,8,,,1,5,,45672,8,,,1,5,,45671,8,,,1,5,,45673,8,,,1,3,,45674,8,,,1,5,,45675,8,,,1,5,,45678,8,,,1
20000,'Semaine-3-_26ÉTÉ-1111100-',1523,,45682,8,,,1,5,,45683,8,,,1,6,,45706,8,,,1,5,,45684,8,,,1,5,,45685,8,,,1,3,,45711,8,,,1,7,,45686,8,,,1,5,,45688,8,,,1,45,,45689,8,,,1,5,,45690,8,,,1,3,,45692,8,,,1,7,,45693,8,,,1,5,,45687,8,,,1,5,,45710,8,,,1,5,,45691,8,,,1,5,,45694,8,,,1,5,,45695,8,,,1,5,,45696,8,,,1,6,,45697,8,,,1,45,,45709,8,,,1,4,,45698,8,,,1,5,,45707,8,,,1,5,,45699,8,,,1,5,,45700,8,,,1,5,,45702,8,,,1,5,,45701,8,,,1,5,,45703,8,,,1,3,,45704,8,,,1,5,,45705,8,,,1,5,,45708,8,,,1
20000,'Semaine-4-_26ÉTÉ-1111100-',1523,,45712,8,,,1,5,,45713,8,,,1,6,,45736,8,,,1,5,,45714,8,,,1,5,,45715,8,,,1,3,,45741,8,,,1,7,,45716,8,,,1,5,,45718,8,,,1,45,,45719,8,,,1,5,,45720,8,,,1,3,,45722,8,,,1,7,,45723,8,,,1,5,,45717,8,,,1,5,,45740,8,,,1,5,,45721,8,,,1,5,,45724,8,,,1,5,,45725,8,,,1,5,,45726,8,,,1,6,,45727,8,,,1,45,,45739,8,,,1,4,,45728,8,,,1,5,,45737,8,,,1,5,,45729,8,,,1,5,,45730,8,,,1,5,,45732,8,,,1,5,,45731,8,,,1,5,,45733,8,,,1,3,,45734,8,,,1,5,,45735,8,,,1,5,,45738,8,,,1
40000,'Samedi-3',614,,34313,12,,,1,20,,34314,12,,,1,15,,34317,12,,,1,55,,34322,12,,,1,15,,34331,12,,,1,15,,34332,12,,,1,15,,34315,12,,,1,55,,34319,12,,,1,15,,34316,12,,,1,15,,34340,12,,,1,15,,34318,12,,,1,55,,34321,12,,,1,15,,34320,12,,,1,15,,34323,12,,,1,15,,34341,12,,,1,55,,34339,12,,,1,15,,34342,12,,,1,16,,34324,12,,,1,14,,34326,12,,,1,55,,34329,12,,,1,15,,34330,12,,,1,15,,34325,12,,,1,15,,34336,12,,,1,55,,34338,12,,,1,15,,34343,12,,,1,15,,34328,12,,,1,15,,34327,12,,,1,55,,34333,12,,,1,16,,34334,12,,,1,15,,34335,12,,,1,15,,34344,12,,,1,55,,34337,12,,,1,15,,34345,12,,,1,15,,34346,12,,,1,15,,34347,12,,,1,55,,34348,12,,,1,15,,34349,12,,,1,15,,34350,12,,,1,15,,34351,12,,,1,55,,34352,12,,,1,15,,34353,12,,,1,15,,34354,12,,,1,15,,34355,12,,,1,55,,34356,12,,,1,15,,34357,12,,,1,14,,34358,12,,,1,16,,34359,12,,,1,55,,34360,12,,,1,15,,34366,12,,,1,15,,34361,12,,,1,15,,34362,12,,,1,55,,34363,12,,,1,14,,34364,12,,,1,15,,34365,12,,,1,15,,34369,12,,,1,56,,34367,12,,,1,14,,34368,12,,,1,16,,34373,12,,,1,14,,34372,12,,,1,55,,34371,12,,,1,15,,34370,12,,,1,15,,34377,12,,,1,15,,34374,12,,,1,55,,34375,12,,,1,15,,34376,12,,,1,15,,34384,12,,,1,15,,34379,12,,,1,55,,34378,12,,,1,14,,34380,12,,,1,15,,34381,12,,,1,14,,34382,12,,,1,55,,34383,12,,,1,13,,34385,12,,,1
40000,'Samedi-4',614,,38110,12,,,1,20,,38111,12,,,1,15,,38114,12,,,1,55,,38119,12,,,1,15,,38128,12,,,1,15,,38129,12,,,1,15,,38112,12,,,1,55,,38116,12,,,1,15,,38113,12,,,1,15,,38137,12,,,1,15,,38115,12,,,1,55,,38118,12,,,1,15,,38117,12,,,1,15,,38120,12,,,1,15,,38138,12,,,1,55,,38136,12,,,1,15,,38139,12,,,1,16,,38121,12,,,1,14,,38123,12,,,1,55,,38126,12,,,1,15,,38127,12,,,1,15,,38122,12,,,1,15,,38133,12,,,1,55,,38135,12,,,1,15,,38140,12,,,1,15,,38125,12,,,1,15,,38124,12,,,1,55,,38130,12,,,1,16,,38131,12,,,1,15,,38132,12,,,1,15,,38141,12,,,1,55,,38134,12,,,1,15,,38142,12,,,1,15,,38143,12,,,1,15,,38144,12,,,1,55,,38145,12,,,1,15,,38146,12,,,1,15,,38147,12,,,1,15,,38148,12,,,1,55,,38149,12,,,1,15,,38150,12,,,1,15,,38151,12,,,1,15,,38152,12,,,1,55,,38153,12,,,1,15,,38154,12,,,1,14,,38155,12,,,1,16,,38156,12,,,1,55,,38157,12,,,1,15,,38163,12,,,1,15,,38158,12,,,1,15,,38159,12,,,1,55,,38160,12,,,1,14,,38161,12,,,1,15,,38162,12,,,1,15,,38166,12,,,1,56,,38164,12,,,1,14,,38165,12,,,1,16,,38170,12,,,1,14,,38169,12,,,1,55,,38168,12,,,1,15,,38167,12,,,1,15,,38174,12,,,1,15,,38171,12,,,1,55,,38172,12,,,1,15,,38173,12,,,1,15,,38181,12,,,1,15,,38176,12,,,1,55,,38175,12,,,1,14,,38177,12,,,1,15,,38178,12,,,1,14,,38179,12,,,1,55,,38180,12,,,1,13,,38182,12,,,1
40000,'Dimanche-3',614,,34386,12,,,1,20,,34388,12,,,1,15,,34393,12,,,1,55,,34399,12,,,1,15,,34401,12,,,1,15,,34387,12,,,1,15,,34390,12,,,1,55,,34397,12,,,1,15,,34404,12,,,1,15,,34408,12,,,1,15,,34392,12,,,1,55,,34400,12,,,1,15,,34411,12,,,1,15,,34389,12,,,1,15,,34391,12,,,1,55,,34398,12,,,1,15,,34405,12,,,1,16,,34406,12,,,1,14,,34422,12,,,1,55,,34421,12,,,1,15,,34412,12,,,1,15,,34403,12,,,1,15,,34413,12,,,1,55,,34416,12,,,1,15,,34425,12,,,1,15,,34394,12,,,1,15,,34423,12,,,1,55,,34420,12,,,1,16,,34424,12,,,1,15,,34402,12,,,1,15,,34395,12,,,1,55,,34426,12,,,1,15,,34417,12,,,1,15,,34409,12,,,1,15,,34407,12,,,1,55,,34414,12,,,1,15,,34419,12,,,1,15,,34429,12,,,1,15,,34396,12,,,1,55,,34431,12,,,1,15,,34418,12,,,1,15,,34410,12,,,1,15,,34441,12,,,1,55,,34415,12,,,1,15,,34450,12,,,1,14,,34436,12,,,1,16,,34440,12,,,1,55,,34456,12,,,1,15,,34447,12,,,1,15,,34428,12,,,1,15,,34442,12,,,1,55,,34432,12,,,1,14,,34449,12,,,1,15,,34435,12,,,1,15,,34439,12,,,1,56,,34455,12,,,1,14,,34448,12,,,1,16,,34427,12,,,1,13,,34452,12,,,1,56,,34446,12,,,1,15,,34454,12,,,1,15,,34430,12,,,1,15,,34434,12,,,1,55,,34438,12,,,1,15,,34444,12,,,1,15,,34458,12,,,1,15,,34451,12,,,1,55,,34445,12,,,1,14,,34453,12,,,1,15,,34457,12,,,1,14,,34433,12,,,1,55,,34437,12,,,1,13,,34443,12,,,1
40000,'Semaine-4',549,,34459,12,,,1,55,,34465,12,,,1,16,,34488,12,,,1,15,,34503,12,,,1,15,,34493,12,,,1,55,,34551,12,,,1,10,,34523,12,,,1,10,,34475,12,,,1,14,,34522,12,,,1,15,,34517,12,,,1,51,,34518,12,,,1,11,,34473,12,,,1,12,,34495,12,,,1,11,,34497,12,,,1,12,,34544,12,,,1,52,,34514,12,,,1,12,,34468,12,,,1,15,,34477,12,,,1,7,,34463,12,,,1,10,,34466,12,,,1,10,,34519,12,,,1,50,,34485,12,,,1,9,,34498,12,,,1,10,,34491,12,,,1,10,,34492,12,,,1,10,,34524,12,,,1,10,,34504,12,,,1,50,,34515,12,,,1,10,,34469,12,,,1,10,,34478,12,,,1,10,,34467,12,,,1,11,,34545,12,,,1,12,,34520,12,,,1,47,,34486,12,,,1,10,,34499,12,,,1,10,,34490,12,,,1,10,,34482,12,,,1,10,,34511,12,,,1,11,,34494,12,,,1,2,,34505,12,,,1,47,,34516,12,,,1,11,,34470,12,,,1,10,,34480,12,,,1,10,,34472,12,,,1,10,,34462,12,,,1,10,,34521,12,,,1,50,,34502,12,,,1,11,,34500,12,,,1,6,,34512,12,,,1,6,,34489,12,,,1,6,,34481,12,,,1,6,,34529,12,,,1,8,,34530,12,,,1,3,,34531,12,,,1,5,,34532,12,,,1,46,,34533,12,,,1,7,,34543,12,,,1,4,,34549,12,,,1,4,,34534,12,,,1,234,,34535,12,,,1,4,,34536,12,,,1,45,,34537,12,,,1,6,,34538,12,,,1,5,,34550,12,,,1,5,,34539,12,,,1,6,,34540,12,,,1,7,,34541,12,,,1,12,,34542,12,,,1,12,,34506,12,,,1,52,,34507,12,,,1,12,,34501,12,,,1,12,,34527,12,,,1,12,,34510,12,,,1,12,,34496,12,,,1,52,,34474,12,,,1,12,,34546,12,,,1,12,,34479,12,,,1,12,,34547,12,,,1,11,,34487,12,,,1,52,,34508,12,,,1,12,,34548,12,,,1,14,,34484,12,,,1,15,,34528,12,,,1,55,,34526,12,,,1,15,,34471,12,,,1,15,,34460,12,,,1,15,,34476,12,,,1,55,,34509,12,,,1,15,,34483,12,,,1,14,,34513,12,,,1,15,,34525,12,,,1,13,,34464,12,,,1,57,,34461,12,,,1
40000,'Samedi-10-_26ÉTÉ-0000010-',614,,46042,12,,,1,20,,46043,12,,,1,15,,46046,12,,,1,55,,46051,12,,,1,15,,46060,12,,,1,15,,46061,12,,,1,15,,46044,12,,,1,55,,46048,12,,,1,15,,46045,12,,,1,15,,46069,12,,,1,15,,46047,12,,,1,55,,46050,12,,,1,15,,46049,12,,,1,15,,46052,12,,,1,15,,46070,12,,,1,55,,46068,12,,,1,15,,46071,12,,,1,16,,46053,12,,,1,14,,46055,12,,,1,55,,46058,12,,,1,15,,46059,12,,,1,15,,46054,12,,,1,15,,46065,12,,,1,55,,46067,12,,,1,15,,46072,12,,,1,15,,46057,12,,,1,15,,46056,12,,,1,55,,46062,12,,,1,16,,46063,12,,,1,15,,46064,12,,,1,15,,46073,12,,,1,55,,46066,12,,,1,15,,46074,12,,,1,15,,46075,12,,,1,15,,46076,12,,,1,55,,46077,12,,,1,15,,46078,12,,,1,15,,46079,12,,,1,15,,46080,12,,,1,55,,46081,12,,,1,15,,46082,12,,,1,15,,46083,12,,,1,15,,46084,12,,,1,55,,46085,12,,,1,15,,46086,12,,,1,14,,46087,12,,,1,16,,46088,12,,,1,55,,46089,12,,,1,15,,46095,12,,,1,15,,46090,12,,,1,15,,46091,12,,,1,55,,46092,12,,,1,14,,46093,12,,,1,15,,46094,12,,,1,15,,46098,12,,,1,56,,46096,12,,,1,14,,46097,12,,,1,16,,46102,12,,,1,14,,46101,12,,,1,55,,46100,12,,,1,15,,46099,12,,,1,15,,46106,12,,,1,15,,46103,12,,,1,55,,46104,12,,,1,15,,46105,12,,,1,15,,46113,12,,,1,15,,46108,12,,,1,55,,46107,12,,,1,14,,46109,12,,,1,15,,46110,12,,,1,14,,46111,12,,,1,55,,46112,12,,,1,13,,46114,12,,,1
40000,'Semaine-2-_26ÉTÉ-1111100-',548,,46115,12,,,1,55,,46121,12,,,1,15,,46144,12,,,1,15,,46159,12,,,1,15,,46149,12,,,1,58,,46207,12,,,1,10,,46179,12,,,1,10,,46131,12,,,1,10,,46178,12,,,1,14,,46173,12,,,1,55,,46174,12,,,1,11,,46129,12,,,1,12,,46151,12,,,1,12,,46153,12,,,1,12,,46200,12,,,1,51,,46170,12,,,1,11,,46124,12,,,1,12,,46133,12,,,1,10,,46119,12,,,1,9,,46122,12,,,1,10,,46175,12,,,1,50,,46141,12,,,1,10,,46154,12,,,1,10,,46147,12,,,1,10,,46148,12,,,1,11,,46180,12,,,1,9,,46160,12,,,1,50,,46171,12,,,1,10,,46125,12,,,1,11,,46134,12,,,1,9,,46123,12,,,1,10,,46201,12,,,1,10,,46176,12,,,1,50,,46142,12,,,1,10,,46155,12,,,1,10,,46146,12,,,1,10,,46138,12,,,1,10,,46167,12,,,1,10,,46150,12,,,1,45,,46161,12,,,1,5,,46172,12,,,1,11,,46126,12,,,1,10,,46136,12,,,1,10,,46128,12,,,1,10,,46118,12,,,1,10,,46177,12,,,1,50,,46158,12,,,1,10,,46156,12,,,1,7,,46168,12,,,1,6,,46145,12,,,1,6,,46137,12,,,1,6,,46185,12,,,1,6,,46186,12,,,1,5,,46187,12,,,1,6,,46188,12,,,1,45,,46189,12,,,1,7,,46199,12,,,1,5,,46205,12,,,1,4,,46190,12,,,1,233,,46191,12,,,1,5,,46192,12,,,1,45,,46193,12,,,1,5,,46194,12,,,1,5,,46206,12,,,1,5,,46195,12,,,1,7,,46196,12,,,1,8,,46197,12,,,1,12,,46198,12,,,1,12,,46162,12,,,1,52,,46163,12,,,1,11,,46157,12,,,1,12,,46183,12,,,1,12,,46166,12,,,1,12,,46152,12,,,1,52,,46130,12,,,1,12,,46202,12,,,1,12,,46135,12,,,1,11,,46203,12,,,1,13,,46143,12,,,1,52,,46164,12,,,1,14,,46204,12,,,1,12,,46140,12,,,1,15,,46184,12,,,1,54,,46182,12,,,1,15,,46127,12,,,1,15,,46116,12,,,1,15,,46132,12,,,1,54,,46165,12,,,1,15,,46139,12,,,1,15,,46169,12,,,1,15,,46181,12,,,1,55,,46120,12,,,1,15,,46117,12,,,1
40000,'Semaine-3-_26ÉTÉ-1111100-',548,,46208,12,,,1,55,,46214,12,,,1,15,,46237,12,,,1,15,,46252,12,,,1,15,,46242,12,,,1,58,,46300,12,,,1,10,,46272,12,,,1,10,,46224,12,,,1,10,,46271,12,,,1,14,,46266,12,,,1,55,,46267,12,,,1,11,,46222,12,,,1,12,,46244,12,,,1,12,,46246,12,,,1,12,,46293,12,,,1,51,,46263,12,,,1,11,,46217,12,,,1,12,,46226,12,,,1,10,,46212,12,,,1,9,,46215,12,,,1,10,,46268,12,,,1,50,,46234,12,,,1,10,,46247,12,,,1,10,,46240,12,,,1,10,,46241,12,,,1,11,,46273,12,,,1,9,,46253,12,,,1,50,,46264,12,,,1,10,,46218,12,,,1,11,,46227,12,,,1,9,,46216,12,,,1,10,,46294,12,,,1,10,,46269,12,,,1,50,,46235,12,,,1,10,,46248,12,,,1,10,,46239,12,,,1,10,,46231,12,,,1,10,,46260,12,,,1,10,,46243,12,,,1,45,,46254,12,,,1,5,,46265,12,,,1,11,,46219,12,,,1,10,,46229,12,,,1,10,,46221,12,,,1,10,,46211,12,,,1,10,,46270,12,,,1,50,,46251,12,,,1,10,,46249,12,,,1,7,,46261,12,,,1,6,,46238,12,,,1,6,,46230,12,,,1,6,,46278,12,,,1,6,,46279,12,,,1,5,,46280,12,,,1,6,,46281,12,,,1,45,,46282,12,,,1,7,,46292,12,,,1,5,,46298,12,,,1,4,,46283,12,,,1,233,,46284,12,,,1,5,,46285,12,,,1,45,,46286,12,,,1,5,,46287,12,,,1,5,,46299,12,,,1,5,,46288,12,,,1,7,,46289,12,,,1,8,,46290,12,,,1,12,,46291,12,,,1,12,,46255,12,,,1,52,,46256,12,,,1,11,,46250,12,,,1,12,,46276,12,,,1,12,,46259,12,,,1,12,,46245,12,,,1,52,,46223,12,,,1,12,,46295,12,,,1,12,,46228,12,,,1,11,,46296,12,,,1,13,,46236,12,,,1,52,,46257,12,,,1,14,,46297,12,,,1,12,,46233,12,,,1,15,,46277,12,,,1,54,,46275,12,,,1,15,,46220,12,,,1,15,,46209,12,,,1,15,,46225,12,,,1,54,,46258,12,,,1,15,,46232,12,,,1,15,,46262,12,,,1,15,,46274,12,,,1,55,,46213,12,,,1,15,,46210,12,,,1
40000,'Semaine-4-_26ÉTÉ-1111100-',548,,46301,12,,,1,55,,46307,12,,,1,15,,46330,12,,,1,15,,46345,12,,,1,15,,46335,12,,,1,58,,46393,12,,,1,10,,46365,12,,,1,10,,46317,12,,,1,10,,46364,12,,,1,14,,46359,12,,,1,55,,46360,12,,,1,11,,46315,12,,,1,12,,46337,12,,,1,12,,46339,12,,,1,12,,46386,12,,,1,51,,46356,12,,,1,11,,46310,12,,,1,12,,46319,12,,,1,10,,46305,12,,,1,9,,46308,12,,,1,10,,46361,12,,,1,50,,46327,12,,,1,10,,46340,12,,,1,10,,46333,12,,,1,10,,46334,12,,,1,11,,46366,12,,,1,9,,46346,12,,,1,50,,46357,12,,,1,10,,46311,12,,,1,11,,46320,12,,,1,9,,46309,12,,,1,10,,46387,12,,,1,10,,46362,12,,,1,50,,46328,12,,,1,10,,46341,12,,,1,10,,46332,12,,,1,10,,46324,12,,,1,10,,46353,12,,,1,10,,46336,12,,,1,45,,46347,12,,,1,5,,46358,12,,,1,11,,46312,12,,,1,10,,46322,12,,,1,10,,46314,12,,,1,10,,46304,12,,,1,10,,46363,12,,,1,50,,46344,12,,,1,10,,46342,12,,,1,7,,46354,12,,,1,6,,46331,12,,,1,6,,46323,12,,,1,6,,46371,12,,,1,6,,46372,12,,,1,5,,46373,12,,,1,6,,46374,12,,,1,45,,46375,12,,,1,7,,46385,12,,,1,5,,46391,12,,,1,4,,46376,12,,,1,233,,46377,12,,,1,5,,46378,12,,,1,45,,46379,12,,,1,5,,46380,12,,,1,5,,46392,12,,,1,5,,46381,12,,,1,7,,46382,12,,,1,8,,46383,12,,,1,12,,46384,12,,,1,12,,46348,12,,,1,52,,46349,12,,,1,11,,46343,12,,,1,12,,46369,12,,,1,12,,46352,12,,,1,12,,46338,12,,,1,52,,46316,12,,,1,12,,46388,12,,,1,12,,46321,12,,,1,11,,46389,12,,,1,13,,46329,12,,,1,52,,46350,12,,,1,14,,46390,12,,,1,12,,46326,12,,,1,15,,46370,12,,,1,54,,46368,12,,,1,15,,46313,12,,,1,15,,46302,12,,,1,15,,46318,12,,,1,54,,46351,12,,,1,15,,46325,12,,,1,15,,46355,12,,,1,15,,46367,12,,,1,55,,46306,12,,,1,15,,46303,12,,,1
80000,'Samedi-3',740,,34866,45,,,2,102,,34867,45,,,1,100,,34868,45,,,2,102,,34870,45,,,1,100,,34871,45,,,2,100,,34869,45,,,2,100,,34872,45,,,1,100,,34873,45,,,2,100,,34874,45,,,1,100,,34875,45,,,1,97,,34876,45,,,2,100,,34877,45,,,1,100,,34880,45,,,1,99,,34878,45,,,1,100,,34879,45,,,2,98,,34881,45,,,1,100,,34882,45,,,1
80000,'Samedi-4',740,,38517,45,,,2,102,,38518,45,,,1,100,,38519,45,,,2,102,,38521,45,,,1,100,,38522,45,,,2,100,,38520,45,,,2,100,,38523,45,,,1,100,,38524,45,,,2,100,,38525,45,,,1,100,,38526,45,,,1,97,,38527,45,,,2,100,,38528,45,,,1,100,,38531,45,,,1,99,,38529,45,,,1,100,,38530,45,,,2,98,,38532,45,,,1,100,,38533,45,,,1
80000,'Dimanche-3',740,,34887,45,,,2,102,,34883,45,,,1,100,,34888,45,,,2,102,,34884,45,,,1,100,,34885,45,,,2,100,,34889,45,,,2,100,,34886,45,,,1,100,,34891,45,,,2,100,,34890,45,,,1,100,,34892,45,,,1,97,,34895,45,,,2,100,,34893,45,,,1,100,,34894,45,,,1,99,,34896,45,,,1,100,,34897,45,,,2,98,,34899,45,,,1,100,,34898,45,,,1
80000,'Semaine-4',620,,34931,44,,,1,30,,34913,44,,,1,71,,34903,44,,,1,14,,34906,44,,,1,17,,34926,44,,,1,73,,34914,44,,,1,18,,34902,44,,,1,64,,34928,44,,,1,30,,34905,45,,,2,70,,34923,45,,,1,30,,34917,45,,,1,71,,34935,45,,,1,30,,34904,45,,,1,70,,34921,45,,,2,28,,34919,45,,,1,70,,34934,45,,,1,30,,34916,45,,,1,70,,34929,45,,,1,34,,34918,45,,,1,71,,34925,45,,,1,32,,34924,45,,,2,71,,34920,45,,,1,30,,34932,45,,,2,71,,34907,45,,,1,28,,34915,45,,,1,68,,34909,45,,,1,29,,34930,45,,,1,69,,34908,45,,,1,30,,34912,45,,,1,70,,34900,45,,,1,30,,34933,45,,,1,69,,34910,45,,,1,26,,34911,45,,,1,70,,34927,45,,,1,28,,34901,45,,,1,68,,34922,45,,,1
80000,'Samedi-10-_26ÉTÉ-0000010-',740,,46809,45,,,2,102,,46810,45,,,1,100,,46811,45,,,2,102,,46813,45,,,1,100,,46814,45,,,2,100,,46812,45,,,2,100,,46815,45,,,1,100,,46816,45,,,2,100,,46817,45,,,1,100,,46818,45,,,2,97,,46819,45,,,2,100,,46820,45,,,1,100,,46823,45,,,1,99,,46821,45,,,1,100,,46822,45,,,2,98,,46824,45,,,1,100,,46825,45,,,1
80000,'Semaine-2-_26ÉTÉ-1111100-',617,,46856,44,,,1,32,,46838,44,,,2,71,,46829,44,,,1,32,,46851,44,,,1,70,,46839,44,,,1,18,,46828,44,,,1,68,,46853,44,,,2,29,,46831,45,,,2,70,,46848,45,,,2,31,,46842,45,,,2,69,,46860,45,,,1,30,,46830,45,,,1,69,,46846,45,,,2,31,,46844,45,,,1,70,,46859,45,,,1,29,,46841,45,,,1,72,,46854,45,,,2,31,,46843,45,,,2,70,,46850,45,,,1,32,,46849,45,,,1,73,,46845,45,,,1,31,,46857,45,,,1,68,,46832,45,,,2,29,,46840,45,,,1,70,,46834,45,,,2,28,,46855,45,,,1,67,,46833,45,,,1,30,,46837,45,,,1,70,,46826,45,,,1,29,,46858,45,,,1,70,,46835,45,,,1,26,,46836,45,,,1,70,,46852,45,,,1,29,,46827,45,,,1,70,,46847,45,,,1
80000,'Semaine-3-_26ÉTÉ-1111100-',617,,46891,44,,,1,32,,46873,44,,,2,71,,46864,44,,,1,32,,46886,44,,,1,70,,46874,44,,,1,18,,46863,44,,,1,68,,46888,44,,,2,29,,46866,45,,,2,70,,46883,45,,,2,31,,46877,45,,,2,69,,46895,45,,,1,30,,46865,45,,,1,69,,46881,45,,,2,31,,46879,45,,,1,70,,46894,45,,,1,29,,46876,45,,,1,72,,46889,45,,,2,31,,46878,45,,,2,70,,46885,45,,,1,32,,46884,45,,,1,73,,46880,45,,,1,31,,46892,45,,,1,68,,46867,45,,,2,29,,46875,45,,,1,70,,46869,45,,,2,28,,46890,45,,,1,67,,46868,45,,,1,30,,46872,45,,,1,70,,46861,45,,,1,29,,46893,45,,,1,70,,46870,45,,,1,26,,46871,45,,,1,70,,46887,45,,,1,29,,46862,45,,,1,70,,46882,45,,,1
80000,'Semaine-4-_26ÉTÉ-1111100-',617,,46926,44,,,1,32,,46908,44,,,2,71,,46899,44,,,1,32,,46921,44,,,1,70,,46909,44,,,1,18,,46898,44,,,1,68,,46923,44,,,2,29,,46901,45,,,2,70,,46918,45,,,2,31,,46912,45,,,2,69,,46930,45,,,1,30,,46900,45,,,1,69,,46916,45,,,2,31,,46914,45,,,1,70,,46929,45,,,1,29,,46911,45,,,1,72,,46924,45,,,2,31,,46913,45,,,2,70,,46920,45,,,1,32,,46919,45,,,1,73,,46915,45,,,1,31,,46927,45,,,1,68,,46902,45,,,2,29,,46910,45,,,1,70,,46904,45,,,2,28,,46925,45,,,1,67,,46903,45,,,1,30,,46907,45,,,1,70,,46896,45,,,1,29,,46928,45,,,1,70,,46905,45,,,1,26,,46906,45,,,1,70,,46922,45,,,1,29,,46897,45,,,1,70,,46917,45,,,1
