6300,'Samedi-0-_26ÉTÉ-0000010-',1057,,54670,21,,,1,100,,54672,21,,,1,100,,54673,21,,,1,100,,54671,21,,,1,100,,54674,21,,,1,100,,54675,21,,,1,100,,54676,21,,,1,100,,54677,21,,,2
6300,'Dimanche-0-_26ÉTÉ-0000001-',1057,,54680,21,,,1,100,,54678,21,,,1,100,,54682,21,,,1,100,,54679,21,,,1,100,,54681,21,,,1,100,,54683,21,,,1,100,,54685,21,,,1,100,,54684,21,,,2
6300,'Dimanche-10-_26ÉTÉ-0000001-',1057,,54688,21,,,1,100,,54686,21,,,1,100,,54690,21,,,1,100,,54687,21,,,1,100,,54689,21,,,1,100,,54691,21,,,1,100,,54693,21,,,1,100,,54692,21,,,2
6300,'Dimanche-11-_26ÉTÉ-0000001-',1057,,54696,21,,,1,100,,54694,21,,,1,100,,54698,21,,,1,100,,54695,21,,,1,100,,54697,21,,,1,100,,54699,21,,,1,100,,54701,21,,,1,100,,54700,21,,,2
6300,'Semaine-1-_26ÉTÉ-1111100-',636,,54709,21,,,2,80,,54710,21,,,1,29,,54719,21,,,2,71,,54703,21,,,2,30,,54715,21,,,1,70,,54711,21,,,1,97,,54718,21,,,2,100,,54720,21,,,1,100,,54721,21,,,2,100,,54702,21,,,1,100,,54716,21,,,1,99,,54705,21,,,1,33,,54722,21,,,2,70,,54713,21,,,2,30,,54707,21,,,2,68,,54708,21,,,1,30,,54704,21,,,1,83,,54706,21,,,1,100,,54714,21,,,1,100,,54717,21,,,1,100,,54712,21,,,1
6300,'Semaine-10-_26ÉTÉ-1111100-',636,,54730,21,,,2,80,,54731,21,,,1,29,,54740,21,,,2,71,,54724,21,,,2,30,,54736,21,,,1,70,,54732,21,,,1,97,,54739,21,,,2,100,,54741,21,,,1,100,,54742,21,,,2,100,,54723,21,,,1,100,,54737,21,,,1,99,,54726,21,,,1,33,,54743,21,,,2,70,,54734,21,,,2,30,,54728,21,,,1,68,,54729,21,,,1,30,,54725,21,,,1,83,,54727,21,,,1,100,,54735,21,,,1,100,,54738,21,,,1,100,,54733,21,,,1
6300,'Semaine-11-_26ÉTÉ-1111100-',636,,54751,21,,,2,80,,54752,21,,,1,29,,54761,21,,,2,71,,54745,21,,,2,30,,54757,21,,,1,70,,54753,21,,,1,97,,54760,21,,,2,100,,54762,21,,,1,100,,54763,21,,,2,100,,54744,21,,,1,100,,54758,21,,,1,99,,54747,21,,,1,33,,54764,21,,,2,70,,54755,21,,,2,30,,54749,21,,,2,68,,54750,21,,,1,30,,54746,21,,,1,83,,54748,21,,,1,100,,54756,21,,,1,100,,54759,21,,,1,100,,54754,21,,,1
6300,'Semaine-12-_26ÉTÉ-1111100-',636,,54772,21,,,2,80,,54773,21,,,1,29,,54782,21,,,2,71,,54766,21,,,2,30,,54778,21,,,1,70,,54774,21,,,1,97,,54781,21,,,2,100,,54783,21,,,1,100,,54784,21,,,2,100,,54765,21,,,1,100,,54779,21,,,1,99,,54768,21,,,1,33,,54785,21,,,2,70,,54776,21,,,2,30,,54770,21,,,2,68,,54771,21,,,1,30,,54767,21,,,1,83,,54769,21,,,1,100,,54777,21,,,1,100,,54780,21,,,1,100,,54775,21,,,1
6700,'Samedi-0-_26ÉTÉ-0000010-',726,,56179,28,,,2,102,,56178,28,,,1,100,,56177,28,,,1,31,,56173,28,,,1,70,,56181,28,,,1,30,,56174,28,,,1,70,,56175,28,,,1,71,,56180,28,,,1,30,,56185,28,,,1,70,,56176,28,,,1,30,,56184,28,,,1,70,,56182,28,,,1,30,,56183,28,,,1,72,,56186,28,,,2,30,,56187,28,,,2,70,,56188,28,,,1,30,,56189,28,,,1,68,,56190,28,,,2,30,,56191,28,,,2,70,,56192,28,,,1,30,,56193,28,,,1,70,,56194,28,,,2,28,,56195,28,,,1,30,,56196,28,,,1,100,,56200,28,,,2,100,,56197,28,,,2,100,,56198,28,,,1,99,,56199,28,,,1
6700,'Dimanche-0-_26ÉTÉ-0000001-',726,,56207,28,,,2,102,,56201,28,,,1,100,,56204,28,,,1,31,,56206,28,,,1,70,,56212,28,,,1,30,,56209,28,,,1,70,,56215,28,,,1,71,,56217,28,,,1,30,,56211,28,,,1,70,,56213,28,,,1,30,,56202,28,,,1,70,,56203,28,,,1,30,,56205,28,,,1,72,,56208,28,,,2,30,,56214,28,,,2,70,,56210,28,,,1,30,,56216,28,,,1,68,,56225,28,,,2,30,,56224,28,,,2,70,,56220,28,,,1,30,,56218,28,,,1,70,,56228,28,,,2,28,,56219,28,,,1,30,,56226,28,,,1,100,,56223,28,,,2,100,,56222,28,,,2,100,,56221,28,,,1,99,,56227,28,,,1
6700,'Dimanche-10-_26ÉTÉ-0000001-',726,,56235,28,,,2,102,,56229,28,,,1,100,,56232,28,,,1,31,,56234,28,,,1,70,,56240,28,,,1,30,,56237,28,,,1,70,,56243,28,,,1,71,,56245,28,,,1,30,,56239,28,,,1,70,,56241,28,,,1,30,,56230,28,,,1,70,,56231,28,,,1,30,,56233,28,,,1,72,,56236,28,,,2,30,,56242,28,,,2,70,,56238,28,,,1,30,,56244,28,,,1,68,,56253,28,,,2,30,,56252,28,,,2,70,,56248,28,,,1,30,,56246,28,,,1,70,,56256,28,,,2,28,,56247,28,,,1,30,,56254,28,,,1,100,,56251,28,,,2,100,,56250,28,,,2,100,,56249,28,,,1,99,,56255,28,,,1
6700,'Dimanche-11-_26ÉTÉ-0000001-',726,,56263,28,,,2,102,,56257,28,,,1,100,,56260,28,,,1,31,,56262,28,,,1,70,,56268,28,,,1,30,,56265,28,,,1,70,,56271,28,,,1,71,,56273,28,,,1,30,,56267,28,,,1,70,,56269,28,,,1,30,,56258,28,,,1,70,,56259,28,,,1,30,,56261,28,,,1,72,,56264,28,,,2,30,,56270,28,,,2,70,,56266,28,,,1,30,,56272,28,,,1,68,,56281,28,,,2,30,,56280,28,,,2,70,,56276,28,,,1,30,,56274,28,,,1,70,,56284,28,,,2,28,,56275,28,,,1,30,,56282,28,,,1,100,,56279,28,,,2,100,,56278,28,,,2,100,,56277,28,,,1,99,,56283,28,,,1
6700,'Semaine-1-_26ÉTÉ-1111100-',628,,56293,28,,,1,31,,56287,28,,,1,69,,56295,28,,,1,22,,56304,28,,,1,60,,56288,28,,,2,17,,56313,28,,,1,30,,56298,28,,,1,71,,56306,28,,,1,20,,56296,28,,,2,59,,56316,28,,,2,20,,56314,28,,,1,21,,56301,28,,,2,60,,56317,28,,,2,20,,56307,28,,,1,20,,56310,28,,,2,60,,56318,28,,,1,20,,56315,28,,,1,20,,56302,28,,,1,60,,56319,28,,,1,20,,56308,28,,,1,20,,56311,28,,,2,60,,56320,28,,,1,22,,56300,28,,,1,20,,56303,28,,,2,57,,56321,28,,,1,330,,56323,28,,,1,15,,56297,28,,,2,56,,56322,28,,,1,19,,56305,28,,,1,30,,56285,28,,,1,70,,56309,28,,,2,30,,56289,28,,,1,70,,56312,28,,,1,31,,56286,28,,,1,68,,56294,28,,,2,30,,56290,28,,,1,68,,56299,28,,,2,29,,56292,28,,,2,69,,56291,28,,,1
6700,'Semaine-10-_26ÉTÉ-1111100-',628,,56332,28,,,1,31,,56326,28,,,1,69,,56334,28,,,1,22,,56343,28,,,1,60,,56327,28,,,2,17,,56352,28,,,1,30,,56337,28,,,1,71,,56345,28,,,1,20,,56335,28,,,2,59,,56355,28,,,2,20,,56353,28,,,1,21,,56340,28,,,2,60,,56356,28,,,2,20,,56346,28,,,1,20,,56349,28,,,2,60,,56357,28,,,1,20,,56354,28,,,1,20,,56341,28,,,1,60,,56358,28,,,1,20,,56347,28,,,1,20,,56350,28,,,2,60,,56359,28,,,2,22,,56339,28,,,1,20,,56342,28,,,2,57,,56360,28,,,1,330,,56362,28,,,1,15,,56336,28,,,2,56,,56361,28,,,1,19,,56344,28,,,1,30,,56324,28,,,1,70,,56348,28,,,2,30,,56328,28,,,1,70,,56351,28,,,1,31,,56325,28,,,1,68,,56333,28,,,2,30,,56329,28,,,1,68,,56338,28,,,2,29,,56331,28,,,2,69,,56330,28,,,1
6700,'Semaine-11-_26ÉTÉ-1111100-',628,,56371,28,,,1,31,,56365,28,,,1,69,,56373,28,,,1,22,,56382,28,,,1,60,,56366,28,,,2,17,,56391,28,,,1,30,,56376,28,,,1,71,,56384,28,,,1,20,,56374,28,,,2,59,,56394,28,,,2,20,,56392,28,,,1,21,,56379,28,,,2,60,,56395,28,,,2,20,,56385,28,,,1,20,,56388,28,,,2,60,,56396,28,,,1,20,,56393,28,,,1,20,,56380,28,,,1,60,,56397,28,,,1,20,,56386,28,,,1,20,,56389,28,,,2,60,,56398,28,,,1,22,,56378,28,,,1,20,,56381,28,,,2,57,,56399,28,,,1,330,,56401,28,,,1,15,,56375,28,,,2,56,,56400,28,,,1,19,,56383,28,,,1,30,,56363,28,,,1,70,,56387,28,,,2,30,,56367,28,,,1,70,,56390,28,,,1,31,,56364,28,,,1,68,,56372,28,,,2,30,,56368,28,,,1,68,,56377,28,,,2,29,,56370,28,,,2,69,,56369,28,,,1
6700,'Semaine-12-_26ÉTÉ-1111100-',628,,56410,28,,,1,31,,56404,28,,,1,69,,56412,28,,,1,22,,56421,28,,,1,60,,56405,28,,,2,17,,56430,28,,,1,30,,56415,28,,,1,71,,56423,28,,,1,20,,56413,28,,,2,59,,56433,28,,,2,20,,56431,28,,,1,21,,56418,28,,,2,60,,56434,28,,,2,20,,56424,28,,,1,20,,56427,28,,,2,60,,56435,28,,,1,20,,56432,28,,,1,20,,56419,28,,,1,60,,56436,28,,,1,20,,56425,28,,,1,20,,56428,28,,,2,60,,56437,28,,,1,22,,56417,28,,,1,20,,56420,28,,,2,57,,56438,28,,,1,330,,56440,28,,,1,15,,56414,28,,,2,56,,56439,28,,,1,19,,56422,28,,,1,30,,56402,28,,,1,70,,56426,28,,,2,30,,56406,28,,,1,70,,56429,28,,,1,31,,56403,28,,,1,68,,56411,28,,,2,30,,56407,28,,,1,68,,56416,28,,,2,29,,56409,28,,,2,69,,56408,28,,,1
8700,'Semaine-1-_26ÉTÉ-1111100-',1521,,59986,26,,,2,21,,59985,26,,,1,60,,59978,26,,,1,14,,59980,26,,,1,15,,59977,26,,,1,17,,59987,26,,,1,57,,59983,26,,,1,14,,59984,26,,,2,18,,59979,26,,,1,18,,59982,26,,,1,56,,59981,26,,,2
8700,'Semaine-10-_26ÉTÉ-1111100-',1521,,59997,26,,,2,21,,59996,26,,,1,60,,59989,26,,,1,14,,59991,26,,,1,15,,59988,26,,,1,17,,59998,26,,,1,57,,59994,26,,,1,14,,59995,26,,,2,18,,59990,26,,,1,18,,59993,26,,,1,56,,59992,26,,,2
8700,'Semaine-11-_26ÉTÉ-1111100-',1521,,60008,26,,,2,21,,60007,26,,,1,60,,60000,26,,,1,14,,60002,26,,,1,15,,59999,26,,,1,17,,60009,26,,,1,57,,60005,26,,,1,14,,60006,26,,,2,18,,60001,26,,,1,18,,60004,26,,,1,56,,60003,26,,,2
8700,'Semaine-12-_26ÉTÉ-1111100-',1521,,60019,26,,,2,21,,60018,26,,,1,60,,60011,26,,,1,14,,60013,26,,,1,15,,60010,26,,,1,17,,60020,26,,,1,57,,60016,26,,,1,14,,60017,26,,,2,18,,60012,26,,,1,18,,60015,26,,,1,56,,60014,26,,,2
