9501,'Semaine-2-_26ÉTÉ-1111100-',544,,45386,25,,,1,15,,45382,25,,,1,55,,45384,25,,,1,15,,45389,25,,,2,15,,45385,25,,,2,15,,45387,25,,,2,57,,45388,25,,,1,13,,45383,25,,,2
9501,'Semaine-3-_26ÉTÉ-1111100-',544,,45394,25,,,1,15,,45390,25,,,1,55,,45392,25,,,1,15,,45397,25,,,2,15,,45393,25,,,2,15,,45395,25,,,2,57,,45396,25,,,1,13,,45391,25,,,2
9501,'Semaine-4-_26ÉTÉ-1111100-',544,,45402,25,,,1,15,,45398,25,,,1,55,,45400,25,,,1,15,,45405,25,,,2,15,,45401,25,,,2,15,,45403,25,,,2,57,,45404,25,,,1,13,,45399,25,,,2
9701,'Samedi-10-_26ÉTÉ-0000010-',739,,45485,29,,,2,100,,45488,29,,,1,100,,45486,29,,,2,100,,45489,29,,,2,100,,45483,29,,,1,100,,45484,29,,,1,101,,45487,29,,,2,100,,45490,29,,,2,100,,45491,29,,,1,100,,45492,29,,,2,100,,45493,29,,,2,100,,45494,29,,,1,100,,45498,29,,,1,100,,45495,29,,,1,99,,45496,29,,,1,100,,45497,29,,,1
9701,'Semaine-2-_26ÉTÉ-1111100-',620,,45513,29,,,1,100,,45506,29,,,2,110,,45515,29,,,1,103,,45504,29,,,2,100,,45501,29,,,1,100,,45514,29,,,2,98,,45509,29,,,2,102,,45505,29,,,1,100,,45511,29,,,2,102,,45499,29,,,1,97,,45502,29,,,1,99,,45510,29,,,1,98,,45512,29,,,2,95,,45503,29,,,2,98,,45507,29,,,1,100,,45500,29,,,2,100,,45508,29,,,1
9701,'Semaine-3-_26ÉTÉ-1111100-',620,,45530,29,,,1,100,,45523,29,,,2,110,,45532,29,,,1,103,,45521,29,,,2,100,,45518,29,,,1,100,,45531,29,,,2,98,,45526,29,,,2,102,,45522,29,,,1,100,,45528,29,,,2,102,,45516,29,,,1,97,,45519,29,,,1,99,,45527,29,,,1,98,,45529,29,,,2,95,,45520,29,,,2,98,,45524,29,,,1,100,,45517,29,,,2,100,,45525,29,,,1
9701,'Semaine-4-_26ÉTÉ-1111100-',620,,45547,29,,,1,100,,45540,29,,,2,110,,45549,29,,,1,103,,45538,29,,,2,100,,45535,29,,,1,100,,45548,29,,,2,98,,45543,29,,,2,102,,45539,29,,,1,100,,45545,29,,,2,102,,45533,29,,,1,97,,45536,29,,,1,99,,45544,29,,,1,98,,45546,29,,,2,95,,45537,29,,,2,98,,45541,29,,,1,100,,45534,29,,,2,100,,45542,29,,,1
9801,'Semaine-2-_26ÉTÉ-1111100-',516,,45550,25,,,1,10,,45551,25,,,1,10,,45552,25,,,1
9801,'Semaine-3-_26ÉTÉ-1111100-',516,,45553,25,,,1,10,,45554,25,,,1,10,,45555,25,,,1
9801,'Semaine-4-_26ÉTÉ-1111100-',516,,45556,25,,,1,10,,45557,25,,,1,10,,45558,25,,,1
