4000,'Semaine-4',1556,,31617,52,,,1,70,,31613,52,,,2,74,,31616,52,,,1,28,,31615,52,,,2,28,,31614,52,,,1,63,,31618,52,,,1
4000,'Semaine-5',1556,,36025,52,,,1,70,,36021,52,,,2,74,,36024,52,,,1,28,,36023,52,,,2,28,,36022,52,,,1,63,,36026,52,,,1
5001,'Semaine-4',1647,,31806,33,,,1,103,,31808,33,,,1,93,,31807,33,,,1
5001,'Semaine-5',1647,,36180,33,,,1,103,,36182,33,,,1,93,,36181,33,,,1
5200,'Samedi-3',703,,31809,51,,,1,100,,31810,51,,,2,101,,31811,51,,,1,99,,31812,51,,,2,100,,31813,51,,,1,103,,31814,51,,,1,100,,31815,51,,,2,100,,31816,51,,,1,99,,31817,51,,,1,101,,31818,51,,,1,100,,31819,51,,,1,99,,31820,51,,,1,99,,31821,51,,,1,100,,31824,51,,,1,100,,31822,51,,,1,98,,31823,51,,,2,98,,31825,51,,,2,100,,31826,51,,,1
5200,'Samedi-4',703,,36183,51,,,1,100,,36184,51,,,2,101,,36185,51,,,1,99,,36186,51,,,2,100,,36187,51,,,1,103,,36188,51,,,1,100,,36189,51,,,2,100,,36190,51,,,1,99,,36191,51,,,1,101,,36192,51,,,1,100,,36193,51,,,1,99,,36194,51,,,1,99,,36195,51,,,1,100,,36198,51,,,1,100,,36196,51,,,1,98,,36197,51,,,2,98,,36199,51,,,2,100,,36200,51,,,1
5200,'Dimanche-3',703,,31828,51,,,1,100,,31827,51,,,2,101,,31829,51,,,1,99,,31830,51,,,2,100,,31832,51,,,1,103,,31837,51,,,1,100,,31831,51,,,2,100,,31834,51,,,1,99,,31835,51,,,1,101,,31833,51,,,1,100,,31836,51,,,1,99,,31843,51,,,1,99,,31842,51,,,1,100,,31838,51,,,1,100,,31844,51,,,1,98,,31841,51,,,2,98,,31840,51,,,2,100,,31839,51,,,1
5200,'Semaine-4',634,,31848,51,,,1,100,,31850,51,,,1,109,,31845,51,,,1,94,,31861,51,,,2,98,,31859,51,,,1,101,,31846,51,,,2,100,,31853,51,,,1,100,,31852,51,,,1,102,,31849,51,,,1,102,,31847,51,,,1,108,,31851,51,,,1,98,,31862,51,,,1,106,,31860,51,,,1,100,,31854,51,,,1,83,,31858,51,,,1,100,,31857,51,,,2,98,,31855,51,,,1,99,,31856,51,,,1
5200,'Semaine-5',634,,36204,51,,,1,100,,36206,51,,,1,109,,36201,51,,,1,94,,36217,51,,,2,98,,36215,51,,,1,101,,36202,51,,,2,100,,36209,51,,,1,100,,36208,51,,,1,102,,36205,51,,,1,102,,36203,51,,,1,108,,36207,51,,,1,98,,36218,51,,,1,106,,36216,51,,,1,100,,36210,51,,,1,83,,36214,51,,,1,100,,36213,51,,,2,98,,36211,51,,,1,99,,36212,51,,,1
55001,'Semaine-4',1557,,34820,31,0,5 6,1
55001,'Semaine-5',1557,,38471,31,0,5 6,1
64000,'Semaine-4',1512,,34837,12,0,9 10,1
64000,'Semaine-5',1512,,38488,12,0,9 10,1
74000,'Semaine-4',1658,,34857,47,0,5 11,1
74000,'Semaine-5',1658,,38508,47,0,5 11,1
