3100,'Samedi-11',755,,24633,50,4,,1,70,,24634,50,4,,1,104,,24635,50,4,,1,102,,24632,50,4,,1,102,,24638,50,4,,1,102,,24639,50,4,,1,102,,24636,50,4,,1,100,,24637,50,4,,1,100,,24640,50,4,,1,102,,24641,50,4,,1,98,,24642,50,4,,1,100,,24643,50,4,,1,91,,24649,50,4,,1,100,,24644,50,4,,1,99,,24645,50,4,,1,100,,24646,50,4,,1,100,,24647,50,4,,1,100,,24648,50,4,,1,94,,24650,50,4,,1
3100,'Samedi-2',755,,24652,50,4,,1,70,,24653,50,4,,1,104,,24654,50,4,,1,102,,24651,50,4,,1,102,,24657,50,4,,1,102,,24658,50,4,,1,102,,24655,50,4,,1,100,,24656,50,4,,1,100,,24659,50,4,,1,102,,24660,50,4,,1,98,,24661,50,4,,1,100,,24662,50,4,,1,91,,24668,50,4,,1,100,,24663,50,4,,1,99,,24664,50,4,,1,100,,24665,50,4,,1,100,,24666,50,4,,1,100,,24667,50,4,,1,94,,24669,50,4,,1
3100,'Dimanche-2',755,,24674,50,4,,1,70,,24675,50,4,,1,104,,24676,50,4,,1,102,,24677,50,4,,1,102,,24670,50,4,,1,102,,24671,50,4,,1,102,,24672,50,4,,1,100,,24673,50,4,,1,100,,24679,50,4,,1,102,,24680,50,4,,1,98,,24678,50,4,,1,100,,24681,50,4,,1,91,,24684,50,4,,1,100,,24688,50,4,,1,99,,24682,50,4,,1,100,,24683,50,4,,1,100,,24686,50,4,,1,100,,24685,50,4,,1,94,,24687,50,4,,1
3100,'Semaine-3',642,,24693,48,4,,1,75,,24728,48,4,,1,32,,24706,48,4,,1,72,,24694,48,4,,1,20,,24734,48,4,,1,14,,24731,48,4,,1,60,,24690,48,4,,1,16,,24703,48,4,,1,17,,24704,48,4,,1,52,,24720,48,4,,1,19,,24695,48,4,,1,21,,24697,48,4,,1,60,,24714,48,4,,1,20,,24715,48,4,,1,20,,24721,48,4,,1,60,,24696,48,4,,1,20,,24701,48,4,,1,21,,24722,48,4,,1,60,,24729,48,4,,1,19,,24717,48,4,,1,20,,24698,48,4,,1,61,,24691,48,4,,1,17,,24727,48,4,,1,22,,24732,48,4,,1,19,,24716,48,4,,1,59,,24699,48,4,,1,19,,24719,48,4,,1,73,,24723,48,4,,1,21,,24730,48,4,,1,16,,24718,48,4,,1,54,,24700,48,4,,1,21,,24711,48,4,,1,20,,24713,48,4,,1,62,,24702,48,4,,1,2,,24689,41,4,,1,13,,24707,48,4,,1,21,,24692,48,4,,1,13,,24725,48,4,,1,58,,24733,48,4,,1,26,,24708,50,4,,1,98,,24726,50,4,,1,99,,24709,50,4,,1,100,,24705,50,4,,1,99,,24710,50,4,,1,102,,24712,50,4,,1,103,,24724,50,4,,1
3600,'Semaine-3',932,,25457,50,4,,1,102,,25458,50,4,,1,101,,25456,50,4,,1,100,,25459,50,4,,1,99,,25461,50,4,,1,101,,25462,50,4,,1,99,,25460,50,4,,1
3700,'Samedi-11',749,,25470,42,4,,1,100,,25471,42,4,,1,101,,25473,42,4,,1,102,,25474,42,4,,1,100,,25472,42,4,,1,102,,25475,42,4,,1,100,,25476,42,4,,1,101,,25477,42,4,,1,99,,25478,42,4,,1,100,,25479,42,4,,1,100,,25480,42,4,,1,99,,25481,42,4,,1,98,,25482,42,4,,1,100,,25483,42,4,,1,100,,25484,42,4,,1,100,,25485,42,4,,1,97,,25486,42,4,,1,100,,25487,42,4,,1
3700,'Samedi-2',749,,25488,42,4,,1,100,,25489,42,4,,1,101,,25491,42,4,,1,102,,25492,42,4,,1,100,,25490,42,4,,1,102,,25493,42,4,,1,100,,25494,42,4,,1,101,,25495,42,4,,1,99,,25496,42,4,,1,100,,25497,42,4,,1,100,,25498,42,4,,1,99,,25499,42,4,,1,98,,25500,42,4,,1,100,,25501,42,4,,1,100,,25502,42,4,,1,100,,25503,42,4,,1,97,,25504,42,4,,1,100,,25505,42,4,,1
3700,'Dimanche-2',749,,25506,42,4,,1,100,,25509,42,4,,1,101,,25513,42,4,,1,102,,25510,42,4,,1,100,,25508,42,4,,1,102,,25512,42,4,,1,100,,25507,42,4,,1,101,,25511,42,4,,1,99,,25518,42,4,,1,100,,25514,42,4,,1,100,,25517,42,4,,1,99,,25521,42,4,,1,98,,25515,42,4,,1,100,,25516,42,4,,1,100,,25520,42,4,,1,100,,25522,42,4,,1,97,,25519,42,4,,1,100,,25523,42,4,,1
3700,'Semaine-3',710,,25545,42,4,,1,44,,25551,42,4,,1,67,,25542,42,4,,1,30,,25526,42,4,,1,68,,25540,42,4,,1,90,,25532,42,4,,1,100,,25528,42,4,,1,101,,25529,42,4,,1,98,,25530,42,4,,1,105,,25531,42,4,,1,100,,25537,42,4,,1,91,,25538,42,4,,1,15,,25539,42,4,,1,15,,25525,42,4,,1,15,,25547,42,4,,1,63,,25534,42,4,,1,30,,25543,42,4,,1,63,,25533,42,4,,1,27,,25527,42,4,,1,69,,25524,42,4,,1,26,,25535,42,4,,1,30,,25550,42,4,,1,70,,25541,42,4,,1,75,,25552,42,4,,1,99,,25548,42,4,,1,58,,25536,42,4,,1,100,,25546,42,4,,1,100,,25549,42,4,,1,53,,25544,42,4,,1
4900,'Samedi-11',753,,26175,59,4,,1,100,,26176,59,4,,1,104,,26173,59,4,,1,100,,26177,59,4,,1,100,,26174,59,4,,1,100,,26178,59,4,,1,99,,26179,59,4,,1,144,,26180,59,4,,1,59,,26181,59,4,,1,100,,26182,59,4,,1,100,,26183,59,4,,1,94,,26184,59,4,,1,100,,26185,59,4,,1,100,,26186,59,4,,1,100,,26187,59,4,,1,100,,26188,59,4,,1,100,,26189,59,4,,1
4900,'Samedi-2',753,,26192,59,4,,1,100,,26193,59,4,,1,104,,26190,59,4,,1,100,,26194,59,4,,1,100,,26191,59,4,,1,100,,26195,59,4,,1,99,,26196,59,4,,1,144,,26197,59,4,,1,59,,26198,59,4,,1,100,,26199,59,4,,1,100,,26200,59,4,,1,94,,26201,59,4,,1,100,,26202,59,4,,1,100,,26203,59,4,,1,100,,26204,59,4,,1,100,,26205,59,4,,1,100,,26206,59,4,,1
4900,'Dimanche-2',753,,26207,59,4,,1,100,,26210,59,4,,1,104,,26208,59,4,,1,100,,26211,59,4,,1,100,,26213,59,4,,1,100,,26217,59,4,,1,99,,26215,59,4,,1,144,,26214,59,4,,1,59,,26209,59,4,,1,100,,26219,59,4,,1,100,,26216,59,4,,1,94,,26218,59,4,,1,100,,26223,59,4,,1,100,,26212,59,4,,1,100,,26221,59,4,,1,100,,26222,59,4,,1,100,,26220,59,4,,1
4900,'Semaine-3',715,,26251,59,4,,1,14,,26246,46,4,,1,5,,26258,46,4,,1,4,,26234,46,4,,1,2,,26262,59,4,,1,3,,26257,46,4,,1,3,,26259,46,4,,1,4,,26261,46,4,,1,5,,26260,46,4,,1,55,,26254,59,4,,1,30,,26255,59,4,,1,5,,26250,46,4,,1,70,,26249,59,4,,1,27,,26244,59,4,,1,72,,26236,59,4,,1,32,,26256,59,4,,1,72,,26252,59,4,,1,30,,26247,59,4,,1,70,,26224,59,4,,1,30,,26245,59,4,,1,70,,26226,59,4,,1,30,,26231,59,4,,1,70,,26233,59,4,,1,29,,26237,59,4,,1,71,,26253,59,4,,1,38,,26235,59,4,,1,70,,26238,59,4,,1,30,,26229,59,4,,1,70,,26241,59,4,,1,30,,26232,59,4,,1,66,,26230,59,4,,1,30,,26248,59,4,,1,66,,26242,59,4,,1,96,,26225,59,4,,1,100,,26243,59,4,,1,99,,26240,59,4,,1,97,,26227,59,4,,1,97,,26239,59,4,,1,100,,26228,59,4,,1
5000,'Semaine-3',710,,26350,47,4,,1,30,,26348,47,4,,1,5,,26349,26,4,,2,65,,26351,47,4,,2,31,,26347,47,4,,1,104,,26352,47,4,,1
5600,'Semaine-3',710,,26813,50,4,,1,30,,26811,50,4,,1,3,,26815,50,4,,1,67,,26814,50,4,,2,30,,26808,50,4,,1,100,,26807,50,4,,1,105,,26809,50,4,,1,100,,26812,50,4,,1,100,,26810,50,4,,1
6801,'Semaine-3',631,,28001,20,4,,1,20,,28014,20,4,,1,60,,27985,20,4,,1,21,,27998,20,4,,1,4,,28012,20,4,,1,6,,27992,20,4,,1,5,,27997,20,4,,1,63,,28003,20,4,,1,20,,28015,20,4,,1,17,,27991,20,4,,1,60,,28010,20,4,,1,20,,28008,20,4,,1,20,,28013,20,4,,1,70,,27986,20,4,,1,28,,28006,20,4,,1,70,,27987,20,4,,1,32,,27989,20,4,,1,68,,28009,20,4,,1,30,,27993,20,4,,1,70,,28011,20,4,,1,32,,28005,20,4,,1,70,,27994,20,4,,1,30,,28004,20,4,,1,67,,27995,20,4,,1,33,,27990,20,4,,1,71,,27988,20,4,,1,29,,28002,20,4,,1,69,,27996,20,4,,1,29,,28007,20,4,,1,70,,28000,20,4,,1,30,,27999,20,4,,1
37100,'Samedi-11',820,,29284,43,4,,1,102,,29288,43,4,,1,99,,29283,43,4,,1,104,,29289,43,4,,1,100,,29285,43,4,,1,100,,29286,43,4,,1,100,,29287,43,4,,1,104,,29290,43,4,,1,100,,29291,43,4,,1,100,,29292,43,4,,1,98,,29293,43,4,,1,97,,29294,43,4,,1,100,,29295,43,4,,1,98,,29296,43,4,,1,100,,29297,43,4,,1,98,,29298,43,4,,1,98,,29299,43,4,,1
37100,'Samedi-2',820,,29301,43,4,,1,102,,29305,43,4,,1,99,,29300,43,4,,1,104,,29306,43,4,,1,100,,29302,43,4,,1,100,,29303,43,4,,1,100,,29304,43,4,,1,104,,29307,43,4,,1,100,,29308,43,4,,1,100,,29309,43,4,,1,98,,29310,43,4,,1,97,,29311,43,4,,1,100,,29312,43,4,,1,98,,29313,43,4,,1,100,,29314,43,4,,1,98,,29315,43,4,,1,98,,29316,43,4,,1
37100,'Dimanche-2',820,,29317,43,4,,1,102,,29323,43,4,,1,99,,29324,43,4,,1,104,,29325,43,4,,1,100,,29318,43,4,,1,100,,29320,43,4,,1,100,,29319,43,4,,1,104,,29321,43,4,,1,100,,29322,43,4,,1,100,,29327,43,4,,1,98,,29332,43,4,,1,97,,29326,43,4,,1,100,,29328,43,4,,1,98,,29333,43,4,,1,100,,29331,43,4,,1,98,,29329,43,4,,1,98,,29330,43,4,,1
37100,'Semaine-3',727,,29347,43,4,,1,77,,29344,43,4,,1,31,,29340,43,4,,1,66,,29335,43,4,,1,50,,29354,43,4,,1,98,,29339,43,4,,1,102,,29341,43,4,,1,100,,29353,43,4,,1,100,,29348,43,4,,1,103,,29337,43,4,,1,95,,29349,43,4,,1,58,,29358,43,4,,1,17,,29338,43,4,,1,15,,29359,43,4,,1,65,,29334,43,4,,1,20,,29343,43,4,,1,27,,29350,43,4,,1,65,,29356,43,4,,1,26,,29355,43,4,,1,70,,29345,43,4,,1,27,,29357,43,4,,1,70,,29360,43,4,,1,30,,29346,43,4,,1,95,,29342,43,4,,1,100,,29352,43,4,,1,100,,29351,43,4,,1,97,,29336,43,4,,1
43100,'Semaine-3',1515,,30073,25,4,,1
83100,'Semaine-3',1546,,30327,26,4,,1
83300,'Semaine-3',1537,,30331,17,4,,1
