4500,'Semaine-4',1532,,31644,42,,,1,76,,31639,42,,,1,30,,31640,42,,,1,70,,31642,42,,,2,29,,31643,42,,,1,65,,31641,42,,,1
4500,'Semaine-2-_26ÉTÉ-1111100-',1531,,41126,42,,,1,75,,41121,42,,,2,32,,41122,42,,,2,70,,41124,42,,,1,29,,41125,42,,,1,65,,41123,42,,,2
4500,'Semaine-3-_26ÉTÉ-1111100-',1531,,41132,42,,,1,75,,41127,42,,,2,32,,41128,42,,,2,70,,41130,42,,,1,29,,41131,42,,,1,65,,41129,42,,,2
4500,'Semaine-4-_26ÉTÉ-1111100-',1531,,41138,42,,,1,75,,41133,42,,,2,32,,41134,42,,,2,70,,41136,42,,,1,29,,41137,42,,,1,65,,41135,42,,,2
5200,'Samedi-3',645,,31809,28,,,1,100,,31810,28,,,2,100,,31811,28,,,1,101,,31812,28,,,2,100,,31813,28,,,1,101,,31814,28,,,1,100,,31815,28,,,2,100,,31816,28,,,1,99,,31817,28,,,1,101,,31818,28,,,1,100,,31819,28,,,1,100,,31820,28,,,1,99,,31821,28,,,1,100,,31824,28,,,1,100,,31822,28,,,1,99,,31823,28,,,2,98,,31825,28,,,2,100,,31826,28,,,1
5200,'Samedi-4',645,,36183,28,,,1,100,,36184,28,,,2,100,,36185,28,,,1,101,,36186,28,,,2,100,,36187,28,,,1,101,,36188,28,,,1,100,,36189,28,,,2,100,,36190,28,,,1,99,,36191,28,,,1,101,,36192,28,,,1,100,,36193,28,,,1,100,,36194,28,,,1,99,,36195,28,,,1,100,,36198,28,,,1,100,,36196,28,,,1,99,,36197,28,,,2,98,,36199,28,,,2,100,,36200,28,,,1
5200,'Dimanche-3',645,,31828,28,,,1,100,,31827,28,,,2,100,,31829,28,,,1,101,,31830,28,,,2,100,,31832,28,,,1,101,,31837,28,,,1,100,,31831,28,,,2,100,,31834,28,,,1,99,,31835,28,,,1,101,,31833,28,,,1,100,,31836,28,,,1,100,,31843,28,,,1,99,,31842,28,,,1,100,,31838,28,,,1,100,,31844,28,,,1,99,,31841,28,,,2,98,,31840,28,,,2,100,,31839,28,,,1
5200,'Semaine-4',616,,31848,28,,,1,99,,31850,28,,,1,108,,31845,28,,,1,96,,31861,28,,,2,97,,31859,28,,,1,101,,31846,28,,,2,100,,31853,28,,,1,100,,31852,28,,,1,100,,31849,28,,,1,101,,31847,28,,,1,108,,31851,28,,,1,100,,31862,28,,,1,107,,31860,28,,,1,99,,31854,28,,,1,84,,31858,28,,,1,100,,31857,28,,,2,100,,31855,28,,,1,100,,31856,28,,,1
5200,'Samedi-10-_26ÉTÉ-0000010-',645,,41440,28,,,1,100,,41441,28,,,2,100,,41442,28,,,1,101,,41443,28,,,2,100,,41444,28,,,1,101,,41445,28,,,1,100,,41446,28,,,2,100,,41447,28,,,2,99,,41448,28,,,1,101,,41449,28,,,2,100,,41450,28,,,1,100,,41451,28,,,1,99,,41452,28,,,1,100,,41455,28,,,1,100,,41453,28,,,1,99,,41454,28,,,2,98,,41456,28,,,2,100,,41457,28,,,1
5200,'Semaine-2-_26ÉTÉ-1111100-',616,,41461,28,,,1,99,,41463,28,,,1,108,,41458,28,,,1,98,,41474,28,,,1,96,,41472,28,,,2,100,,41459,28,,,1,100,,41466,28,,,1,100,,41465,28,,,1,100,,41462,28,,,1,100,,41460,28,,,1,108,,41464,28,,,1,103,,41475,28,,,1,105,,41473,28,,,1,99,,41467,28,,,1,84,,41471,28,,,1,100,,41470,28,,,1,100,,41468,28,,,1,100,,41469,28,,,1
5200,'Semaine-3-_26ÉTÉ-1111100-',616,,41479,28,,,1,99,,41481,28,,,1,108,,41476,28,,,1,98,,41492,28,,,1,96,,41490,28,,,2,100,,41477,28,,,1,100,,41484,28,,,1,100,,41483,28,,,1,100,,41480,28,,,1,100,,41478,28,,,1,108,,41482,28,,,1,103,,41493,28,,,1,105,,41491,28,,,1,99,,41485,28,,,1,84,,41489,28,,,1,100,,41488,28,,,1,100,,41486,28,,,1,100,,41487,28,,,1
5200,'Semaine-4-_26ÉTÉ-1111100-',616,,41497,28,,,1,99,,41499,28,,,1,108,,41494,28,,,1,98,,41510,28,,,1,96,,41508,28,,,2,100,,41495,28,,,1,100,,41502,28,,,1,100,,41501,28,,,1,100,,41498,28,,,1,100,,41496,28,,,1,108,,41500,28,,,1,103,,41511,28,,,1,105,,41509,28,,,1,99,,41503,28,,,1,84,,41507,28,,,1,100,,41506,28,,,1,100,,41504,28,,,1,100,,41505,28,,,1
5601,'Semaine-4',1245,,32168,39,,,1,102,,32165,39,,,1,100,,32164,39,,,1,103,,32167,39,,,1,105,,32166,39,,,2,97,,32169,39,,,1,95,,32170,39,,,1
5601,'Semaine-2-_26ÉTÉ-1111100-',1245,,41984,39,,,2,102,,41981,39,,,1,100,,41980,39,,,1,101,,41983,39,,,1,106,,41982,39,,,1,98,,41985,39,,,2,94,,41986,39,,,1
5601,'Semaine-3-_26ÉTÉ-1111100-',1245,,41991,39,,,2,102,,41988,39,,,1,100,,41987,39,,,1,101,,41990,39,,,1,106,,41989,39,,,1,98,,41992,39,,,2,94,,41993,39,,,1
5601,'Semaine-4-_26ÉTÉ-1111100-',1245,,41998,39,,,2,102,,41995,39,,,1,100,,41994,39,,,1,101,,41997,39,,,1,106,,41996,39,,,1,98,,41999,39,,,2,94,,42000,39,,,1
64500,'Semaine-4',718,,34842,19,0,9 10,1
64500,'Semaine-2-_26ÉTÉ-1111100-',718,,46788,19,0,9 10,1
64500,'Semaine-3-_26ÉTÉ-1111100-',718,,46789,19,0,9 10,1
64500,'Semaine-4-_26ÉTÉ-1111100-',718,,46790,19,0,9 10,1
