2600,'Semaine-3',1544,,24600,7,,,1,72,,24599,7,,,1,29,,24598,7,,,2,70,,24601,7,,,1,28,,24602,7,,,1
2900,'Semaine-3',1539,,24626,7,,,2,70,,24625,7,,,1,32,,24623,7,,,1,67,,24627,7,,,2,32,,24624,7,,,1
3200,'Semaine-3',625,,24876,8,,,1,30,,24875,8,,,1,70,,24871,8,,,1,32,,24873,8,,,1,69,,24872,8,,,1,30,,24874,8,,,1,70,,24847,8,,,1,30,,24842,8,,,2,70,,24843,8,,,2,30,,24854,8,,,1,70,,24848,8,,,1,28,,24834,8,,,1,71,,24835,8,,,1,31,,24846,8,,,1,70,,24849,8,,,1,29,,24855,8,,,1,71,,24836,8,,,1,30,,24881,8,,,1,56,,24833,8,,,2,10,,24863,8,,,1,10,,24853,8,,,1,10,,24859,8,,,1,10,,24860,8,,,1,50,,24878,8,,,1,10,,24879,8,,,1,10,,24880,8,,,1,10,,24877,8,,,2,10,,24850,8,,,2,10,,24861,8,,,1,50,,24869,8,,,1,10,,24862,8,,,2,10,,24839,8,,,2,9,,24870,8,,,2,11,,24856,8,,,1,10,,24858,8,,,2,50,,24857,8,,,2,21,,24851,8,,,1,25,,24845,8,,,1,70,,24840,8,,,2,30,,24837,8,,,1,70,,24852,8,,,1,28,,24844,8,,,1,72,,24841,8,,,2,30,,24838,8,,,1,70,,24864,8,,,1,30,,24865,8,,,1,68,,24866,8,,,2,30,,24867,8,,,1,70,,24868,8,,,1
3400,'Samedi-11',725,,25126,8,,,1,104,,25131,8,,,1,30,,25127,8,,,2,71,,25133,8,,,1,70,,25134,8,,,1,30,,25128,8,,,1,70,,25129,8,,,1,30,,25130,8,,,1,70,,25132,8,,,2,30,,25135,8,,,1,70,,25137,8,,,1,31,,25136,8,,,2,70,,25138,8,,,1,30,,25139,8,,,1,70,,25140,8,,,1,29,,25141,8,,,1,70,,25142,8,,,1,30,,25143,8,,,1,70,,25144,8,,,1,30,,25145,8,,,1,70,,25146,8,,,1,30,,25147,8,,,1,70,,25148,8,,,2,30,,25149,8,,,1,70,,25150,8,,,1,30,,25151,8,,,1,70,,25152,8,,,1,30,,25153,8,,,1,70,,25154,8,,,1,29,,25156,8,,,1,71,,25155,8,,,1,30,,25158,8,,,1,70,,25157,8,,,1,28,,25159,8,,,1
3400,'Samedi-2',725,,25160,8,,,1,104,,25165,8,,,1,30,,25161,8,,,2,71,,25167,8,,,1,70,,25168,8,,,1,30,,25162,8,,,1,70,,25163,8,,,1,30,,25164,8,,,1,70,,25166,8,,,2,30,,25169,8,,,1,70,,25171,8,,,1,31,,25170,8,,,2,70,,25172,8,,,1,30,,25173,8,,,1,70,,25174,8,,,1,29,,25175,8,,,1,70,,25176,8,,,1,30,,25177,8,,,1,70,,25178,8,,,1,30,,25179,8,,,1,70,,25180,8,,,1,30,,25181,8,,,1,70,,25182,8,,,2,30,,25183,8,,,1,70,,25184,8,,,1,30,,25185,8,,,1,70,,25186,8,,,1,30,,25187,8,,,1,70,,25188,8,,,1,29,,25190,8,,,1,71,,25189,8,,,1,30,,25192,8,,,1,70,,25191,8,,,1,28,,25193,8,,,1
3400,'Dimanche-2',725,,25198,8,,,1,104,,25202,8,,,1,30,,25200,8,,,2,71,,25195,8,,,1,70,,25203,8,,,1,30,,25206,8,,,1,70,,25205,8,,,1,30,,25194,8,,,1,70,,25196,8,,,2,30,,25207,8,,,1,70,,25197,8,,,1,31,,25199,8,,,2,70,,25201,8,,,1,30,,25210,8,,,1,70,,25204,8,,,1,29,,25208,8,,,1,70,,25211,8,,,1,30,,25215,8,,,1,70,,25220,8,,,1,30,,25212,8,,,1,70,,25213,8,,,1,30,,25223,8,,,1,70,,25214,8,,,2,30,,25219,8,,,1,70,,25209,8,,,1,30,,25216,8,,,1,70,,25218,8,,,1,30,,25221,8,,,1,70,,25227,8,,,1,29,,25222,8,,,1,71,,25224,8,,,1,30,,25217,8,,,1,70,,25225,8,,,1,28,,25226,8,,,1
3400,'Semaine-3',607,,25258,8,,,1,29,,25243,8,,,1,71,,25237,8,,,1,36,,25241,8,,,1,68,,25232,8,,,1,30,,25252,8,,,1,70,,25238,8,,,1,28,,25228,8,,,1,70,,25233,8,,,1,30,,25234,8,,,1,70,,25239,8,,,1,30,,25229,8,,,1,70,,25259,8,,,1,30,,25235,8,,,1,70,,25240,8,,,1,30,,25230,8,,,1,70,,25256,8,,,1,31,,25231,8,,,1,65,,25257,8,,,2,306,,25255,8,,,2,20,,25244,8,,,1,69,,25236,8,,,1,30,,25248,8,,,1,70,,25254,8,,,1,30,,25245,8,,,2,70,,25247,8,,,1,30,,25249,8,,,1,70,,25242,8,,,1,30,,25251,8,,,1,71,,25246,8,,,1,28,,25250,8,,,1,30,,25253,8,,,1
3600,'Semaine-3',859,,25457,8,,,1,99,,25458,8,,,1,100,,25456,8,,,1,100,,25459,8,,,1,99,,25461,8,,,1,101,,25462,8,,,1,98,,25460,8,,,1
3700,'Samedi-11',722,,25470,8,,,1,100,,25471,8,,,1,101,,25473,8,,,1,100,,25474,8,,,1,100,,25472,8,,,1,100,,25475,8,,,1,100,,25476,8,,,1,101,,25477,8,,,1,99,,25478,8,,,1,100,,25479,8,,,1,100,,25480,8,,,1,99,,25481,8,,,1,100,,25482,8,,,1,100,,25483,8,,,1,100,,25484,8,,,1,100,,25485,8,,,1,100,,25486,8,,,1,100,,25487,8,,,1
3700,'Samedi-2',722,,25488,8,,,1,100,,25489,8,,,1,101,,25491,8,,,1,100,,25492,8,,,1,100,,25490,8,,,1,100,,25493,8,,,1,100,,25494,8,,,1,101,,25495,8,,,1,99,,25496,8,,,1,100,,25497,8,,,1,100,,25498,8,,,1,99,,25499,8,,,1,100,,25500,8,,,1,100,,25501,8,,,1,100,,25502,8,,,1,100,,25503,8,,,1,100,,25504,8,,,1,100,,25505,8,,,1
3700,'Dimanche-2',722,,25506,8,,,1,100,,25509,8,,,1,101,,25513,8,,,1,100,,25510,8,,,1,100,,25508,8,,,1,100,,25512,8,,,1,100,,25507,8,,,1,101,,25511,8,,,1,99,,25518,8,,,1,100,,25514,8,,,1,100,,25517,8,,,1,99,,25521,8,,,1,100,,25515,8,,,1,100,,25516,8,,,1,100,,25520,8,,,1,100,,25522,8,,,1,100,,25519,8,,,1,100,,25523,8,,,1
3700,'Semaine-3',639,,25545,8,,,1,80,,25551,8,,,1,31,,25542,8,,,1,70,,25526,8,,,1,30,,25540,8,,,1,90,,25532,8,,,1,100,,25528,8,,,1,100,,25529,8,,,1,98,,25530,8,,,1,102,,25531,8,,,1,100,,25537,8,,,1,87,,25538,8,,,1,15,,25539,8,,,1,15,,25525,8,,,1,55,,25547,8,,,1,25,,25534,8,,,1,70,,25543,8,,,1,23,,25533,8,,,1,28,,25527,8,,,1,70,,25524,8,,,1,30,,25535,8,,,1,70,,25550,8,,,1,30,,25541,8,,,1,75,,25552,8,,,1,100,,25548,8,,,1,100,,25536,8,,,1,100,,25546,8,,,1,99,,25549,8,,,1,13,,25544,8,,,1
4000,'Semaine-3',1516,,26130,7,,,1,30,,26126,7,,,2,72,,26129,7,,,1,27,,26128,7,,,2,70,,26127,7,,,1,28,,26131,7,,,1
4100,'Semaine-3',1527,,26139,7,,,1,30,,26141,7,,,1,70,,26140,7,,,1,28,,26138,7,,,1,70,,26142,7,,,1
4500,'Semaine-3',1502,,26157,7,,,1,33,,26152,7,,,1,70,,26153,7,,,1,30,,26155,7,,,2,69,,26156,7,,,1,29,,26154,7,,,1
4700,'Semaine-3',1522,,26164,7,,,1,101,,26166,7,,,2,96,,26165,7,,,2
5500,'Samedi-11',658,,26509,8,,,1,70,,26506,8,,,1,30,,26507,8,,,1,70,,26510,8,,,1,30,,26508,8,,,1,69,,26515,8,,,1,29,,26512,8,,,1,69,,26513,8,,,1,75,,26518,8,,,1,27,,26517,8,,,1,28,,26511,8,,,1,70,,26514,8,,,1,30,,26516,8,,,1,74,,26519,8,,,1,30,,26520,8,,,1,70,,26521,8,,,1,30,,26522,8,,,1,68,,26523,8,,,1,30,,26524,8,,,1,69,,26525,8,,,1,30,,26526,8,,,1,70,,26527,8,,,1,32,,26528,8,,,1,68,,26529,8,,,1,31,,26531,8,,,1,73,,26530,8,,,1,27,,26532,8,,,1,70,,26534,8,,,1,31,,26533,8,,,1,71,,26535,8,,,1,28,,26536,8,,,1,70,,26539,8,,,1,30,,26541,8,,,1,70,,26538,8,,,1,31,,26537,8,,,1,68,,26540,8,,,1
5500,'Samedi-2',658,,26545,8,,,1,70,,26542,8,,,1,30,,26543,8,,,1,70,,26546,8,,,1,30,,26544,8,,,1,69,,26551,8,,,1,29,,26548,8,,,1,69,,26549,8,,,1,75,,26554,8,,,1,27,,26553,8,,,1,28,,26547,8,,,1,70,,26550,8,,,1,30,,26552,8,,,1,74,,26555,8,,,1,30,,26556,8,,,1,70,,26557,8,,,1,30,,26558,8,,,1,68,,26559,8,,,1,30,,26560,8,,,1,69,,26561,8,,,1,30,,26562,8,,,1,70,,26563,8,,,1,32,,26564,8,,,1,68,,26565,8,,,1,31,,26567,8,,,1,73,,26566,8,,,1,27,,26568,8,,,1,70,,26570,8,,,1,31,,26569,8,,,1,71,,26571,8,,,1,28,,26572,8,,,1,70,,26575,8,,,1,30,,26577,8,,,1,70,,26574,8,,,1,31,,26573,8,,,1,68,,26576,8,,,1
5500,'Dimanche-2',658,,26580,8,,,1,70,,26585,8,,,1,30,,26589,8,,,1,70,,26583,8,,,1,30,,26581,8,,,1,69,,26586,8,,,1,29,,26588,8,,,1,69,,26582,8,,,1,75,,26578,8,,,1,27,,26579,8,,,1,28,,26591,8,,,1,70,,26595,8,,,1,30,,26593,8,,,1,74,,26590,8,,,1,30,,26584,8,,,1,70,,26598,8,,,1,30,,26599,8,,,1,68,,26600,8,,,1,30,,26594,8,,,1,69,,26607,8,,,1,30,,26604,8,,,1,70,,26592,8,,,1,32,,26612,8,,,1,68,,26606,8,,,1,31,,26587,8,,,1,73,,26610,8,,,1,27,,26603,8,,,1,70,,26596,8,,,1,31,,26601,8,,,1,71,,26597,8,,,1,28,,26608,8,,,1,70,,26605,8,,,1,30,,26602,8,,,1,70,,26611,8,,,1,31,,26609,8,,,1,69,,26613,8,,,1
5500,'Semaine-3',553,,26616,8,,,1,104,,26632,8,,,1,101,,26615,8,,,1,100,,26651,8,,,1,68,,26652,8,,,1,30,,26621,8,,,1,69,,26631,8,,,1,31,,26635,8,,,1,70,,26657,8,,,1,30,,26617,8,,,1,71,,26656,8,,,1,30,,26634,8,,,1,70,,26649,8,,,1,29,,26643,8,,,1,63,,26650,8,,,1,15,,26636,8,,,1,17,,26614,8,,,1,52,,26655,8,,,1,16,,26625,8,,,1,15,,26658,8,,,1,13,,26646,8,,,1,10,,26618,8,,,1,53,,26629,8,,,1,14,,26661,8,,,1,13,,26654,8,,,1,11,,26620,8,,,1,52,,26637,8,,,1,10,,26630,8,,,1,12,,26659,8,,,1,12,,26644,8,,,1,10,,26624,8,,,1,12,,26619,8,,,1,50,,26660,8,,,1,12,,26628,8,,,1,11,,26623,8,,,1,10,,26633,8,,,1,70,,26648,8,,,1,30,,26653,8,,,1,70,,26640,8,,,1,30,,26626,8,,,1,70,,26647,8,,,1,29,,26638,8,,,1,70,,26641,8,,,1,30,,26627,8,,,1,70,,26642,8,,,1,30,,26639,8,,,1,69,,26622,8,,,1,29,,26645,8,,,1
5900,'Samedi-11',712,,26842,8,,,1,30,,26845,8,,,1,70,,26838,8,,,1,30,,26844,8,,,1,70,,26841,8,,,1,30,,26846,8,,,1,70,,26850,8,,,1,30,,26851,8,,,1,70,,26840,8,,,1,30,,26839,8,,,1,70,,26849,8,,,1,30,,26843,8,,,1,70,,26847,8,,,1,30,,26852,8,,,1,70,,26848,8,,,1,30,,26853,8,,,1,70,,26854,8,,,1,30,,26855,8,,,1,70,,26856,8,,,1,32,,26857,8,,,1,69,,26858,8,,,1,30,,26859,8,,,1,69,,26860,8,,,1,30,,26861,8,,,1,70,,26862,8,,,1,30,,26864,8,,,1,70,,26863,8,,,1,30,,26866,8,,,1,70,,26865,8,,,1,30,,26867,8,,,1,70,,26868,8,,,1,30,,26870,8,,,1,70,,26869,8,,,1,30,,26871,8,,,1
5900,'Samedi-2',712,,26876,8,,,1,30,,26879,8,,,1,70,,26872,8,,,1,30,,26878,8,,,1,70,,26875,8,,,1,30,,26880,8,,,1,70,,26884,8,,,1,30,,26885,8,,,1,70,,26874,8,,,1,30,,26873,8,,,1,70,,26883,8,,,1,30,,26877,8,,,1,70,,26881,8,,,1,30,,26886,8,,,1,70,,26882,8,,,1,30,,26887,8,,,1,70,,26888,8,,,1,30,,26889,8,,,1,70,,26890,8,,,1,32,,26891,8,,,1,69,,26892,8,,,1,30,,26893,8,,,1,69,,26894,8,,,1,30,,26895,8,,,1,70,,26896,8,,,1,30,,26898,8,,,1,70,,26897,8,,,1,30,,26900,8,,,1,70,,26899,8,,,1,30,,26901,8,,,1,70,,26902,8,,,1,30,,26904,8,,,1,70,,26903,8,,,1,30,,26905,8,,,1
5900,'Dimanche-2',712,,26912,8,,,1,30,,26907,8,,,1,70,,26910,8,,,1,30,,26915,8,,,1,70,,26919,8,,,1,30,,26908,8,,,1,70,,26911,8,,,1,30,,26917,8,,,1,70,,26918,8,,,1,30,,26906,8,,,1,70,,26909,8,,,1,30,,26914,8,,,1,70,,26916,8,,,1,30,,26913,8,,,1,70,,26921,8,,,1,30,,26926,8,,,1,70,,26920,8,,,1,30,,26931,8,,,1,70,,26932,8,,,1,32,,26923,8,,,1,69,,26927,8,,,1,30,,26938,8,,,1,69,,26922,8,,,1,30,,26928,8,,,1,70,,26924,8,,,1,30,,26929,8,,,1,70,,26934,8,,,1,30,,26935,8,,,1,70,,26925,8,,,1,30,,26939,8,,,1,70,,26933,8,,,1,30,,26930,8,,,1,70,,26937,8,,,1,30,,26936,8,,,1
5900,'Semaine-3',626,,26947,8,,,1,102,,26982,8,,,1,100,,26963,8,,,1,85,,26959,8,,,1,29,,26980,8,,,1,70,,26956,8,,,1,30,,26979,8,,,1,70,,26970,8,,,1,30,,26964,8,,,1,71,,26972,8,,,1,29,,26955,8,,,1,71,,26983,8,,,1,30,,26946,8,,,1,70,,26977,8,,,1,13,,26948,8,,,1,18,,26981,8,,,1,70,,26941,8,,,1,14,,26985,8,,,1,16,,26940,8,,,1,7,,26975,8,,,1,54,,26971,8,,,1,8,,26984,3,,,1,4,,26958,8,,,1,16,,26942,8,,,1,4,,26986,3,,,1,6,,26943,8,,,1,12,,26951,8,,,1,52,,26978,8,,,1,12,,26967,8,,,1,11,,26954,8,,,1,12,,26976,8,,,1,12,,26962,8,,,1,52,,26974,8,,,1,9,,26944,8,,,1,10,,26949,8,,,1,31,,26969,8,,,1,69,,26960,8,,,1,30,,26965,8,,,1,69,,26953,8,,,1,30,,26961,8,,,1,70,,26966,8,,,1,30,,26973,8,,,1,70,,26950,8,,,1,30,,26968,8,,,1,70,,26957,8,,,1,30,,26945,8,,,1,70,,26952,8,,,1
10000,'Semaine-3',1516,,29191,7,,,1,8,,29193,7,,,1,9,,29178,7,,,1,8,,29179,7,,,1,8,,29180,7,,,1,9,,29192,7,,,1,49,,29181,7,,,1,11,,29182,7,,,1,7,,29183,7,,,1,9,,29184,7,,,1,10,,29185,7,,,1,10,,29186,7,,,1,52,,29187,7,,,1,10,,29188,7,,,1,8,,29189,7,,,1,11,,29190,7,,,1
37100,'Samedi-11',753,,29284,8,,,1,101,,29288,8,,,1,99,,29283,8,,,1,100,,29289,8,,,1,100,,29285,8,,,1,100,,29286,8,,,1,100,,29287,8,,,1,100,,29290,8,,,1,100,,29291,8,,,1,100,,29292,8,,,1,100,,29293,8,,,1,100,,29294,8,,,1,100,,29295,8,,,1,100,,29296,8,,,1,100,,29297,8,,,1,100,,29298,8,,,1,100,,29299,8,,,1
37100,'Samedi-2',753,,29301,8,,,1,101,,29305,8,,,1,99,,29300,8,,,1,100,,29306,8,,,1,100,,29302,8,,,1,100,,29303,8,,,1,100,,29304,8,,,1,100,,29307,8,,,1,100,,29308,8,,,1,100,,29309,8,,,1,100,,29310,8,,,1,100,,29311,8,,,1,100,,29312,8,,,1,100,,29313,8,,,1,100,,29314,8,,,1,100,,29315,8,,,1,100,,29316,8,,,1
37100,'Dimanche-2',753,,29317,8,,,1,101,,29323,8,,,1,99,,29324,8,,,1,100,,29325,8,,,1,100,,29318,8,,,1,100,,29320,8,,,1,100,,29319,8,,,1,100,,29321,8,,,1,100,,29322,8,,,1,100,,29327,8,,,1,100,,29332,8,,,1,100,,29326,8,,,1,100,,29328,8,,,1,100,,29333,8,,,1,100,,29331,8,,,1,100,,29329,8,,,1,100,,29330,8,,,1
37100,'Semaine-3',656,,29347,8,,,1,74,,29344,8,,,1,71,,29340,8,,,1,28,,29335,8,,,1,90,,29354,8,,,1,99,,29339,8,,,1,101,,29341,8,,,1,100,,29353,8,,,1,99,,29348,8,,,1,101,,29337,8,,,1,92,,29349,8,,,1,18,,29358,8,,,1,17,,29338,8,,,1,55,,29359,8,,,1,25,,29334,8,,,1,20,,29343,8,,,1,69,,29350,8,,,1,25,,29356,8,,,1,69,,29355,8,,,1,30,,29345,8,,,1,69,,29357,8,,,1,30,,29360,8,,,1,70,,29346,8,,,1,95,,29342,8,,,1,100,,29352,8,,,1,100,,29351,8,,,1,99,,29336,8,,,1
65500,'Semaine-3',659,,30118,1,0,9 10,1
73300,'Semaine-3',1616,,30121,4,,,1
