3101,'Samedi-3',652,,30491,13,,,1,94,,30497,13,,,1,99,,30494,13,,,1,97,,30498,13,,,1,97,,30492,13,,,1,100,,30496,13,,,1,100,,30493,13,,,1,100,,30495,13,,,1,103,,30499,13,,,1,97,,30500,13,,,1,100,,30501,13,,,1,100,,30502,13,,,1,102,,30503,13,,,1,101,,30508,13,,,1,100,,30504,13,,,1,100,,30505,13,,,1,102,,30506,13,,,1,100,,30507,13,,,1
3101,'Samedi-4',652,,35168,13,,,1,94,,35174,13,,,1,99,,35171,13,,,1,97,,35175,13,,,1,97,,35169,13,,,1,100,,35173,13,,,1,100,,35170,13,,,1,100,,35172,13,,,1,103,,35176,13,,,1,97,,35177,13,,,1,100,,35178,13,,,1,100,,35179,13,,,1,102,,35180,13,,,1,101,,35185,13,,,1,100,,35181,13,,,1,100,,35182,13,,,1,102,,35183,13,,,1,100,,35184,13,,,1
3101,'Dimanche-3',652,,30511,13,,,1,94,,30509,13,,,1,99,,30512,13,,,1,97,,30514,13,,,1,97,,30515,13,,,1,100,,30516,13,,,1,100,,30510,13,,,1,100,,30519,13,,,1,103,,30513,13,,,1,97,,30518,13,,,1,100,,30522,13,,,1,100,,30526,13,,,1,102,,30523,13,,,1,101,,30517,13,,,1,100,,30520,13,,,1,100,,30525,13,,,1,102,,30521,13,,,1,100,,30524,13,,,1
3101,'Semaine-4',533,,30530,13,,,1,75,,30564,13,,,1,30,,30544,13,,,1,67,,30531,13,,,1,30,,30567,13,,,1,20,,30527,13,,,1,51,,30569,1,,,1,5,,30541,13,,,1,17,,30542,13,,,1,14,,30561,13,,,1,59,,30532,13,,,1,22,,30534,13,,,1,20,,30559,13,,,1,60,,30551,13,,,1,20,,30560,13,,,1,20,,30533,13,,,1,60,,30535,13,,,1,21,,30555,13,,,1,20,,30565,13,,,1,59,,30554,13,,,1,20,,30536,13,,,1,21,,30528,13,,,1,57,,30558,13,,,1,22,,30568,13,,,1,19,,30553,13,,,1,60,,30537,13,,,1,19,,30556,13,,,1,23,,30557,13,,,1,60,,30566,13,,,1,19,,30552,13,,,1,14,,30538,13,,,1,18,,30549,13,,,1,61,,30550,13,,,1,22,,30539,13,,,1,19,,30545,13,,,1,61,,30529,13,,,1,21,,30562,13,,,1,20,,30570,13,,,1,66,,30540,13,,,1,98,,30563,13,,,1,100,,30546,13,,,1,100,,30543,13,,,1,98,,30547,13,,,1,103,,30548,13,,,1
3101,'Semaine-5',533,,35189,13,,,1,75,,35223,13,,,1,30,,35203,13,,,1,67,,35190,13,,,1,30,,35226,13,,,1,20,,35186,13,,,1,51,,35228,1,,,1,5,,35200,13,,,1,17,,35201,13,,,1,14,,35220,13,,,1,59,,35191,13,,,1,22,,35193,13,,,1,20,,35218,13,,,1,60,,35210,13,,,1,20,,35219,13,,,1,20,,35192,13,,,1,60,,35194,13,,,1,21,,35214,13,,,1,20,,35224,13,,,1,59,,35213,13,,,1,20,,35195,13,,,1,21,,35187,13,,,1,57,,35217,13,,,1,22,,35227,13,,,1,19,,35212,13,,,1,60,,35196,13,,,1,19,,35215,13,,,1,23,,35216,13,,,1,60,,35225,13,,,1,19,,35211,13,,,1,14,,35197,13,,,1,18,,35208,13,,,1,61,,35209,13,,,1,22,,35198,13,,,1,19,,35204,13,,,1,61,,35188,13,,,1,21,,35221,13,,,1,20,,35229,13,,,1,66,,35199,13,,,1,98,,35222,13,,,1,100,,35205,13,,,1,100,,35202,13,,,1,98,,35206,13,,,1,103,,35207,13,,,1
33101,'Semaine-4',1646,,34192,41,0,7 8,1
33101,'Semaine-5',1646,,38023,41,0,7 8,1
43100,'Semaine-4',1504,,34803,12,0,9 14,1
43100,'Semaine-5',1504,,38454,12,0,9 14,1
83101,'Semaine-4',802,,35024,13,0,9 12 13,1,2,,35025,13,0,9 12 13,1
83101,'Semaine-5',802,,38643,13,0,9 12 13,1,2,,38644,13,0,9 12 13,1
