2601,'Semaine-3-_26ÉTÉ-1111100-',551,,38784,5,,,1,71,,38786,5,,,1,31,,38787,5,,,1,64,,38785,5,,,1,36,,38783,5,,,2
2601,'Semaine-4-_26ÉTÉ-1111100-',551,,38789,5,,,1,71,,38791,5,,,1,31,,38792,5,,,1,64,,38790,5,,,1,36,,38788,5,,,2
32601,'Semaine-3-_26ÉTÉ-1111100-',822,,45842,21,,,1
32601,'Semaine-4-_26ÉTÉ-1111100-',822,,45843,21,,,1
42600,'Semaine-3-_26ÉTÉ-1111100-',722,,46747,5,,,1
42600,'Semaine-4-_26ÉTÉ-1111100-',722,,46748,5,,,1
73401,'Semaine-3-_26ÉTÉ-1111100-',754,,46798,5,,,1
73401,'Semaine-4-_26ÉTÉ-1111100-',754,,46799,5,,,1
82601,'Semaine-3-_26ÉTÉ-1111100-',743,,47058,21,,,1
82601,'Semaine-4-_26ÉTÉ-1111100-',743,,47059,21,,,1
