4501,'Semaine-4',627,,31645,16,,,1,29,,31649,16,,,1,72,,31648,16,,,2,30,,31647,16,,,1,68,,31650,16,,,2,31,,31646,16,,,1
4501,'Semaine-5',627,,36053,16,,,1,29,,36057,16,,,1,72,,36056,16,,,2,30,,36055,16,,,1,68,,36058,16,,,2,31,,36054,16,,,1
5201,'Samedi-3',657,,31863,40,,,2,100,,31864,40,,,1,101,,31865,40,,,2,100,,31866,40,,,1,142,,31868,40,,,1,100,,31867,40,,,1,100,,31869,40,,,1,100,,31870,40,,,1,101,,31871,40,,,1,99,,31872,40,,,1,100,,31873,40,,,1,100,,31874,40,,,1,59,,31877,40,,,1,100,,31875,40,,,1,97,,31879,40,,,2,101,,31876,40,,,1,100,,31878,40,,,1,100,,31880,40,,,1
5201,'Samedi-4',657,,36219,40,,,2,100,,36220,40,,,1,101,,36221,40,,,2,100,,36222,40,,,1,142,,36224,40,,,1,100,,36223,40,,,1,100,,36225,40,,,1,100,,36226,40,,,1,101,,36227,40,,,1,99,,36228,40,,,1,100,,36229,40,,,1,100,,36230,40,,,1,59,,36233,40,,,1,100,,36231,40,,,1,97,,36235,40,,,2,101,,36232,40,,,1,100,,36234,40,,,1,100,,36236,40,,,1
5201,'Dimanche-3',657,,31881,40,,,2,100,,31882,40,,,1,101,,31883,40,,,2,100,,31884,40,,,1,142,,31889,40,,,1,100,,31885,40,,,1,100,,31886,40,,,1,100,,31890,40,,,1,101,,31887,40,,,1,99,,31888,40,,,1,100,,31891,40,,,1,100,,31894,40,,,1,59,,31892,40,,,1,100,,31898,40,,,1,97,,31893,40,,,2,101,,31895,40,,,1,100,,31896,40,,,1,100,,31897,40,,,1
5201,'Semaine-4',628,,31914,40,,,1,102,,31916,40,,,1,100,,31915,40,,,2,99,,31899,40,,,1,101,,31905,40,,,2,100,,31902,40,,,1,102,,31909,40,,,2,98,,31900,40,,,1,100,,31904,40,,,1,100,,31903,40,,,1,102,,31913,40,,,1,100,,31912,40,,,1,98,,31906,40,,,1,97,,31907,40,,,1,100,,31911,40,,,2,100,,31908,40,,,1,100,,31910,40,,,1,100,,31901,40,,,1
5201,'Semaine-5',628,,36252,40,,,1,102,,36254,40,,,1,100,,36253,40,,,2,99,,36237,40,,,1,101,,36243,40,,,2,100,,36240,40,,,1,102,,36247,40,,,2,98,,36238,40,,,1,100,,36242,40,,,1,100,,36241,40,,,1,102,,36251,40,,,1,100,,36250,40,,,1,98,,36244,40,,,1,97,,36245,40,,,1,100,,36249,40,,,2,100,,36246,40,,,1,100,,36248,40,,,1,100,,36239,40,,,1
64500,'Semaine-4',711,,34842,10,0,9 10,1
64500,'Semaine-5',711,,38493,10,0,9 10,1
75200,'Semaine-4',717,,34860,3,0,9 18,1
75200,'Semaine-5',717,,38511,3,0,9 18,1
