6401,'Samedi-3',731,,32579,29,,,1,100,,32576,29,,,1,100,,32578,29,,,1,100,,32581,29,,,1,100,,32577,29,,,2,100,,32582,29,,,1,100,,32580,29,,,1,100,,32583,29,,,2,100,,32584,29,,,1,100,,32585,29,,,1,100,,32586,29,,,1
6401,'Dimanche-3',731,,32591,29,,,1,100,,32589,29,,,1,100,,32594,29,,,1,100,,32587,29,,,1,100,,32593,29,,,2,100,,32595,29,,,1,100,,32588,29,,,1,100,,32592,29,,,2,100,,32590,29,,,1,100,,32596,29,,,1,100,,32597,29,,,1
6401,'Semaine-4',531,,32598,29,,,1,108,,32608,29,,,1,100,,32610,29,,,1,100,,32607,29,,,1,96,,32615,29,,,1,99,,32602,29,,,1,101,,32601,29,,,1,100,,32613,29,,,1,100,,32609,29,,,1,100,,32611,29,,,1,117,,32612,38,,,2,85,,32603,29,,,2,97,,32599,29,,,1,101,,32600,29,,,2,97,,32606,29,,,1,100,,32604,29,,,1,100,,32605,29,,,1,100,,32614,29,,,1
6401,'Samedi-10-_26ÉTÉ-0000010-',731,,42752,29,,,1,100,,42749,29,,,1,100,,42751,29,,,1,100,,42754,29,,,1,100,,42750,29,,,2,100,,42755,29,,,1,100,,42753,29,,,1,100,,42756,29,,,2,100,,42757,29,,,1,100,,42758,29,,,1,100,,42759,29,,,1
6401,'Semaine-2-_26ÉTÉ-1111100-',531,,42760,29,,,1,108,,42770,29,,,2,100,,42772,29,,,2,100,,42769,29,,,2,96,,42777,29,,,2,100,,42764,29,,,2,100,,42763,29,,,2,100,,42775,29,,,1,100,,42771,29,,,1,100,,42773,29,,,1,115,,42774,29,,,1,87,,42765,29,,,1,98,,42761,29,,,1,100,,42762,29,,,1,97,,42768,29,,,1,100,,42766,29,,,1,100,,42767,29,,,1,100,,42776,29,,,1
6401,'Semaine-3-_26ÉTÉ-1111100-',531,,42778,29,,,1,108,,42788,29,,,2,100,,42790,29,,,2,100,,42787,29,,,2,96,,42795,29,,,2,100,,42782,29,,,2,100,,42781,29,,,2,100,,42793,29,,,1,100,,42789,29,,,1,100,,42791,29,,,1,115,,42792,29,,,1,87,,42783,29,,,1,98,,42779,29,,,1,100,,42780,29,,,1,97,,42786,29,,,1,100,,42784,29,,,1,100,,42785,29,,,1,100,,42794,29,,,1
6401,'Semaine-4-_26ÉTÉ-1111100-',531,,42796,29,,,1,108,,42806,29,,,2,100,,42808,29,,,2,100,,42805,29,,,2,96,,42813,29,,,2,100,,42800,29,,,2,100,,42799,29,,,2,100,,42811,29,,,1,100,,42807,29,,,1,100,,42809,29,,,1,115,,42810,29,,,1,87,,42801,29,,,1,98,,42797,29,,,1,100,,42798,29,,,1,97,,42804,29,,,1,100,,42802,29,,,1,100,,42803,29,,,1,100,,42812,29,,,1
6601,'Samedi-3',658,,32817,31,,,1,100,,32819,31,,,1,100,,32823,31,,,1,100,,32820,31,,,2,100,,32824,31,,,1,100,,32818,31,,,1,100,,32821,31,,,1,100,,32822,31,,,1,100,,32825,31,,,2,100,,32826,31,,,1,100,,32827,31,,,1,100,,32828,31,,,1,100,,32829,31,,,1,100,,32831,31,,,1,100,,32830,31,,,1,100,,32832,31,,,1,100,,32833,31,,,1,100,,32834,31,,,2
6601,'Dimanche-3',658,,32836,31,,,1,100,,32840,31,,,1,100,,32841,31,,,1,100,,32842,31,,,2,100,,32844,31,,,1,100,,32835,31,,,1,100,,32843,31,,,1,100,,32837,31,,,1,100,,32838,31,,,2,100,,32839,31,,,1,100,,32848,31,,,1,100,,32850,31,,,1,100,,32846,31,,,1,100,,32847,31,,,1,100,,32845,31,,,1,100,,32849,31,,,1,100,,32851,31,,,1,100,,32852,31,,,2
6601,'Semaine-4',549,,32862,31,,,1,60,,32855,31,,,1,20,,32864,31,,,2,18,,32870,31,,,1,60,,32865,31,,,1,20,,32856,31,,,1,22,,32868,31,,,1,60,,32861,31,,,1,18,,32877,31,,,2,20,,32854,31,,,1,60,,32867,31,,,1,18,,32878,31,,,1,19,,32886,31,,,1,103,,32866,31,,,1,99,,32858,31,,,1,101,,32882,31,,,1,98,,32883,31,,,1,101,,32869,31,,,1,65,,32857,31,,,1,19,,32874,31,,,1,18,,32871,31,,,1,63,,32884,31,,,1,18,,32853,31,,,1,20,,32879,31,,,1,62,,32872,31,,,1,18,,32885,31,,,2,20,,32875,31,,,1,62,,32880,31,,,1,17,,32873,31,,,2,22,,32881,31,,,1,59,,32887,31,,,1,92,,32860,31,,,1,100,,32859,31,,,1,58,,32863,31,,,1,100,,32876,31,,,1
6601,'Samedi-10-_26ÉTÉ-0000010-',658,,43162,31,,,1,100,,43164,31,,,1,100,,43168,31,,,1,100,,43165,31,,,2,100,,43169,31,,,1,100,,43163,31,,,1,100,,43166,31,,,1,100,,43167,31,,,1,100,,43170,31,,,2,100,,43171,31,,,1,100,,43172,31,,,1,100,,43173,31,,,1,100,,43174,31,,,1,100,,43176,31,,,1,100,,43175,31,,,1,100,,43177,31,,,1,100,,43178,31,,,1,100,,43179,31,,,2
6601,'Semaine-2-_26ÉTÉ-1111100-',549,,43189,31,,,2,60,,43182,31,,,2,20,,43191,31,,,2,16,,43197,31,,,1,60,,43192,31,,,2,20,,43183,31,,,2,20,,43195,31,,,2,60,,43188,31,,,2,20,,43204,31,,,1,20,,43181,31,,,2,60,,43194,31,,,2,20,,43205,31,,,2,20,,43213,31,,,2,102,,43193,31,,,1,100,,43185,31,,,2,100,,43209,31,,,1,100,,43210,31,,,2,101,,43196,31,,,2,63,,43184,31,,,2,19,,43201,31,,,2,17,,43198,31,,,1,61,,43211,31,,,2,20,,43180,31,,,1,20,,43206,31,,,2,60,,43199,31,,,2,21,,43212,31,,,2,19,,43202,31,,,1,60,,43207,31,,,2,20,,43200,31,,,1,20,,43208,31,,,2,58,,43214,31,,,1,100,,43187,31,,,1,100,,43186,31,,,1,95,,43190,31,,,1,100,,43203,31,,,1
6601,'Semaine-3-_26ÉTÉ-1111100-',549,,43224,31,,,2,60,,43217,31,,,2,20,,43226,31,,,2,16,,43232,31,,,1,60,,43227,31,,,2,20,,43218,31,,,2,20,,43230,31,,,2,60,,43223,31,,,2,20,,43239,31,,,1,20,,43216,31,,,2,60,,43229,31,,,2,20,,43240,31,,,2,20,,43248,31,,,2,102,,43228,31,,,1,100,,43220,31,,,2,100,,43244,31,,,1,100,,43245,31,,,2,101,,43231,31,,,2,63,,43219,31,,,2,19,,43236,31,,,2,17,,43233,31,,,1,61,,43246,31,,,2,20,,43215,31,,,1,20,,43241,31,,,2,60,,43234,31,,,2,21,,43247,31,,,2,19,,43237,31,,,1,60,,43242,31,,,2,20,,43235,31,,,1,20,,43243,31,,,2,58,,43249,31,,,1,100,,43222,31,,,1,100,,43221,31,,,1,95,,43225,31,,,1,100,,43238,31,,,1
6601,'Semaine-4-_26ÉTÉ-1111100-',549,,43259,31,,,2,60,,43252,31,,,2,20,,43261,31,,,2,16,,43267,31,,,1,60,,43262,31,,,2,20,,43253,31,,,2,20,,43265,31,,,2,60,,43258,31,,,2,20,,43274,31,,,1,20,,43251,31,,,2,60,,43264,31,,,2,20,,43275,31,,,2,20,,43283,31,,,2,102,,43263,31,,,1,100,,43255,31,,,2,100,,43279,31,,,1,100,,43280,31,,,2,101,,43266,31,,,2,63,,43254,31,,,2,19,,43271,31,,,2,17,,43268,31,,,1,61,,43281,31,,,2,20,,43250,31,,,1,20,,43276,31,,,2,60,,43269,31,,,2,21,,43282,31,,,2,19,,43272,31,,,1,60,,43277,31,,,2,20,,43270,31,,,1,20,,43278,31,,,2,58,,43284,31,,,1,100,,43257,31,,,1,100,,43256,31,,,1,95,,43260,31,,,1,100,,43273,31,,,1
