5201,'Samedi-0-_26ÉTÉ-0000010-',651,,52613,33,,,2,100,,52614,33,,,1,100,,52615,33,,,2,100,,52616,33,,,1,101,,52618,33,,,1,100,,52617,33,,,1,100,,52619,33,,,2,100,,52620,33,,,1,101,,52621,33,,,2,99,,52622,33,,,1,100,,52623,33,,,1,100,,52624,33,,,1,99,,52627,33,,,1,100,,52625,33,,,1,99,,52629,33,,,2,100,,52626,33,,,1,100,,52628,33,,,1,100,,52630,33,,,1
5201,'Dimanche-0-_26ÉTÉ-0000001-',651,,52631,33,,,2,100,,52632,33,,,1,100,,52633,33,,,2,100,,52634,33,,,1,101,,52639,33,,,1,100,,52635,33,,,1,100,,52636,33,,,2,100,,52640,33,,,1,101,,52637,33,,,2,99,,52638,33,,,1,100,,52641,33,,,1,100,,52644,33,,,1,99,,52642,33,,,1,100,,52648,33,,,1,99,,52643,33,,,2,100,,52645,33,,,1,100,,52646,33,,,1,100,,52647,33,,,1
5201,'Dimanche-10-_26ÉTÉ-0000001-',651,,52649,33,,,2,100,,52650,33,,,1,100,,52651,33,,,2,100,,52652,33,,,1,101,,52657,33,,,1,100,,52653,33,,,1,100,,52654,33,,,2,100,,52658,33,,,1,101,,52655,33,,,2,99,,52656,33,,,1,100,,52659,33,,,1,100,,52662,33,,,1,99,,52660,33,,,1,100,,52666,33,,,1,99,,52661,33,,,2,100,,52663,33,,,1,100,,52664,33,,,1,100,,52665,33,,,1
5201,'Dimanche-11-_26ÉTÉ-0000001-',651,,52667,33,,,2,100,,52668,33,,,1,100,,52669,33,,,2,100,,52670,33,,,1,101,,52675,33,,,1,100,,52671,33,,,1,100,,52672,33,,,2,100,,52676,33,,,1,101,,52673,33,,,2,99,,52674,33,,,1,100,,52677,33,,,1,100,,52680,33,,,1,99,,52678,33,,,1,100,,52684,33,,,1,99,,52679,33,,,2,100,,52681,33,,,1,100,,52682,33,,,1,100,,52683,33,,,1
5201,'Semaine-1-_26ÉTÉ-1111100-',622,,52700,33,,,1,101,,52702,33,,,1,99,,52701,33,,,1,100,,52685,33,,,1,101,,52691,33,,,1,100,,52688,33,,,2,100,,52695,33,,,1,100,,52686,33,,,1,100,,52690,33,,,1,102,,52689,33,,,1,100,,52699,33,,,1,100,,52698,33,,,1,98,,52692,33,,,1,97,,52693,33,,,1,100,,52697,33,,,1,100,,52694,33,,,1,100,,52696,33,,,1,100,,52687,33,,,1
5201,'Semaine-10-_26ÉTÉ-1111100-',622,,52718,33,,,1,101,,52720,33,,,1,99,,52719,33,,,1,100,,52703,33,,,1,101,,52709,33,,,1,100,,52706,33,,,2,100,,52713,33,,,1,100,,52704,33,,,1,100,,52708,33,,,1,102,,52707,33,,,1,100,,52717,33,,,1,100,,52716,33,,,1,98,,52710,33,,,1,97,,52711,33,,,1,100,,52715,33,,,1,100,,52712,33,,,1,100,,52714,33,,,1,100,,52705,33,,,1
5201,'Semaine-11-_26ÉTÉ-1111100-',622,,52736,33,,,1,101,,52738,33,,,1,99,,52737,33,,,1,100,,52721,33,,,1,101,,52727,33,,,1,100,,52724,33,,,2,100,,52731,33,,,1,100,,52722,33,,,1,100,,52726,33,,,1,102,,52725,33,,,1,100,,52735,33,,,1,100,,52734,33,,,1,98,,52728,33,,,1,97,,52729,33,,,1,100,,52733,33,,,1,100,,52730,33,,,1,100,,52732,33,,,1,100,,52723,33,,,1
5201,'Semaine-12-_26ÉTÉ-1111100-',622,,52754,33,,,1,101,,52756,33,,,1,99,,52755,33,,,1,100,,52739,33,,,1,101,,52745,33,,,1,100,,52742,33,,,2,100,,52749,33,,,1,100,,52740,33,,,1,100,,52744,33,,,1,102,,52743,33,,,1,100,,52753,33,,,1,100,,52752,33,,,1,98,,52746,33,,,1,97,,52747,33,,,1,100,,52751,33,,,1,100,,52748,33,,,1,100,,52750,33,,,1,100,,52741,33,,,1
5201,'Semaine-5-_26ÉTÉ-1111100-',622,,52772,33,,,1,101,,52774,33,,,1,99,,52773,33,,,1,100,,52757,33,,,1,101,,52763,33,,,1,100,,52760,33,,,2,100,,52767,33,,,1,100,,52758,33,,,1,100,,52762,33,,,1,102,,52761,33,,,1,100,,52771,33,,,1,100,,52770,33,,,1,98,,52764,33,,,1,97,,52765,33,,,1,100,,52769,33,,,1,100,,52766,33,,,1,100,,52768,33,,,1,100,,52759,33,,,1
5600,'Semaine-1-_26ÉTÉ-1111100-',629,,53557,5,,,2,21,,53555,5,,,1,5,,53559,5,,,2,72,,53558,5,,,2,31,,53552,5,,,2,145,,53551,5,,,2,104,,53553,5,,,1,98,,53556,5,,,2,100,,53554,5,,,1
5600,'Semaine-10-_26ÉTÉ-1111100-',629,,53566,5,,,2,21,,53564,5,,,1,5,,53568,5,,,2,72,,53567,5,,,2,31,,53561,5,,,2,145,,53560,5,,,2,104,,53562,5,,,1,98,,53565,5,,,2,100,,53563,5,,,1
5600,'Semaine-11-_26ÉTÉ-1111100-',629,,53575,5,,,2,21,,53573,5,,,1,5,,53577,5,,,2,72,,53576,5,,,2,31,,53570,5,,,2,145,,53569,5,,,2,104,,53571,5,,,1,98,,53574,5,,,2,100,,53572,5,,,1
5600,'Semaine-12-_26ÉTÉ-1111100-',629,,53584,5,,,2,21,,53582,5,,,1,5,,53586,5,,,2,72,,53585,5,,,2,31,,53579,5,,,2,145,,53578,5,,,2,104,,53580,5,,,1,98,,53583,5,,,2,100,,53581,5,,,1
5600,'Semaine-5-_26ÉTÉ-1111100-',629,,53593,5,,,2,21,,53591,5,,,1,5,,53595,5,,,2,72,,53594,5,,,2,31,,53588,5,,,2,145,,53587,5,,,2,104,,53589,5,,,1,98,,53592,5,,,2,100,,53590,5,,,1
