1800,'Semaine-4',1235,,30338,2,,,1,277,,30337,2,,,1,98,,30340,2,,,1,30,,30339,2,,,1
1800,'Semaine-2-_26ÉTÉ-1111100-',1235,,38656,2,,,2,277,,38655,2,,,2,97,,38658,2,,,1,31,,38657,2,,,1
1800,'Semaine-3-_26ÉTÉ-1111100-',1235,,38660,2,,,2,277,,38659,2,,,2,97,,38662,2,,,1,31,,38661,2,,,1
1800,'Semaine-4-_26ÉTÉ-1111100-',1235,,38664,2,,,2,277,,38663,2,,,2,97,,38666,2,,,1,31,,38665,2,,,1
2800,'Semaine-4',1542,,30392,2,,,2,79,,30393,2,,,1,94,,30394,2,,,2
2800,'Semaine-2-_26ÉTÉ-1111100-',1542,,38820,2,,,2,78,,38821,2,,,2,95,,38822,2,,,1
2800,'Semaine-3-_26ÉTÉ-1111100-',1542,,38823,2,,,2,78,,38824,2,,,2,95,,38825,2,,,1
2800,'Semaine-4-_26ÉTÉ-1111100-',1542,,38826,2,,,2,78,,38827,2,,,2,95,,38828,2,,,1
5800,'Semaine-4',809,,32175,2,,,2,400,,32176,2,,,1,300,,32178,2,,,2,30,,32173,2,,,2,70,,32174,2,,,1,30,,32177,2,,,1,69,,32172,2,,,1,31,,32171,2,,,1
5800,'Semaine-2-_26ÉTÉ-1111100-',809,,42005,2,,,1,400,,42006,2,,,1,300,,42008,2,,,1,30,,42003,2,,,1,70,,42004,2,,,1,30,,42007,2,,,2,70,,42002,2,,,1,30,,42001,2,,,2
5800,'Semaine-3-_26ÉTÉ-1111100-',809,,42013,2,,,1,400,,42014,2,,,1,300,,42016,2,,,1,30,,42011,2,,,1,70,,42012,2,,,1,30,,42015,2,,,2,70,,42010,2,,,1,30,,42009,2,,,2
5800,'Semaine-4-_26ÉTÉ-1111100-',809,,42021,2,,,1,400,,42022,2,,,1,300,,42024,2,,,1,30,,42019,2,,,1,70,,42020,2,,,1,30,,42023,2,,,2,70,,42018,2,,,1,30,,42017,2,,,2
