3600,'Semaine-4',929,,31093,45,,,1,102,,31094,45,,,1,101,,31092,45,,,1,100,,31095,45,,,1,99,,31097,45,,,1,101,,31098,45,,,1,99,,31096,45,,,1
3700,'Samedi-3',746,,31106,37,,,1,100,,31107,37,,,1,101,,31109,37,,,1,102,,31110,37,,,1,100,,31108,37,,,1,102,,31111,37,,,1,100,,31112,37,,,1,101,,31113,37,,,1,99,,31114,37,,,1,100,,31115,37,,,1,100,,31116,37,,,1,99,,31117,37,,,1,98,,31118,37,,,1,100,,31119,37,,,1,100,,31120,37,,,1,100,,31121,37,,,1,97,,31122,37,,,1,100,,31123,37,,,1
3700,'Dimanche-3',746,,31124,37,,,1,100,,31127,37,,,1,101,,31131,37,,,1,102,,31128,37,,,1,100,,31126,37,,,1,102,,31130,37,,,1,100,,31125,37,,,1,101,,31129,37,,,1,99,,31136,37,,,1,100,,31132,37,,,1,100,,31135,37,,,1,99,,31139,37,,,1,98,,31133,37,,,1,100,,31134,37,,,1,100,,31138,37,,,1,100,,31140,37,,,1,97,,31137,37,,,1,100,,31141,37,,,1
3700,'Semaine-4',707,,31163,37,,,1,41,,31169,37,,,1,69,,31160,37,,,1,31,,31144,37,,,1,68,,31158,37,,,1,90,,31150,37,,,1,100,,31146,37,,,1,101,,31147,37,,,1,98,,31148,37,,,1,105,,31149,37,,,1,100,,31155,37,,,1,90,,31156,37,,,1,15,,31157,37,,,1,15,,31143,37,,,1,15,,31165,37,,,1,63,,31152,37,,,1,30,,31161,37,,,1,63,,31151,37,,,1,28,,31145,37,,,1,29,,31142,37,,,1,66,,31153,37,,,1,30,,31168,37,,,1,70,,31159,37,,,1,35,,31170,37,,,1,99,,31166,37,,,1,98,,31154,37,,,1,100,,31164,37,,,1,99,,31167,37,,,1,53,,31162,37,,,1
6400,'Samedi-3',757,,32533,38,0,15 16,1,100,,32535,38,0,15 16,1,100,,32538,38,0,15 16,1,100,,32536,38,0,15 16,2,100,,32539,38,0,15 16,1,100,,32534,38,0,15 16,1,100,,32537,38,0,15 16,2,100,,32540,38,0,15 16,1,99,,32541,38,0,15 16,1,100,,32542,38,0,15 16,1,100,,32543,38,0,15 16,1,100,,32544,38,0,15 16,1
6400,'Dimanche-3',757,,32545,38,0,15 16,1,100,,32550,38,0,15 16,1,100,,32546,38,0,15 16,1,100,,32549,38,0,15 16,2,100,,32552,38,0,15 16,1,100,,32551,38,0,15 16,1,100,,32548,38,0,15 16,2,100,,32547,38,0,15 16,1,99,,32555,38,0,15 16,1,100,,32556,38,0,15 16,1,100,,32553,38,0,15 16,1,100,,32554,38,0,15 16,1
6400,'Semaine-4',714,,32565,38,,,2,31,,32562,38,0,15 16,2,71,,32557,38,0,15 16,1,29,,32561,38,0,15 16,1,100,,32563,38,0,15 16,1,100,,32568,38,0,15 16,1,100,,32567,38,0,15 16,1,100,,32560,38,0,15 16,1,100,,32573,38,0,15 16,1,100,,32569,38,0,15 16,1,95,,32570,38,0,15 16,1,70,,32575,38,0,15 16,1,101,,32574,38,0,15 16,1,95,,32571,38,0,15 16,1,100,,32572,38,0,15 16,1,100,,32564,38,0,15 16,1,99,,32558,38,0,15 16,1,100,,32566,38,0,15 16,1,100,,32559,38,0,15 16,1
6801,'Semaine-4',627,,33120,15,,,1,20,,33133,15,,,1,60,,33104,15,,,1,21,,33117,15,,,1,4,,33131,15,,,1,6,,33111,15,,,1,5,,33116,15,,,1,63,,33122,15,,,1,20,,33134,15,,,1,17,,33110,15,,,1,60,,33129,15,,,1,20,,33127,15,,,1,20,,33132,15,,,1,70,,33105,15,,,1,28,,33125,15,,,1,70,,33106,15,,,1,32,,33108,15,,,1,68,,33128,15,,,1,30,,33112,15,,,1,70,,33130,15,,,1,32,,33124,15,,,1,70,,33113,15,,,1,30,,33123,15,,,1,67,,33114,15,,,1,33,,33109,15,,,1,71,,33107,15,,,1,29,,33121,15,,,1,69,,33115,15,,,1,29,,33126,15,,,1,70,,33119,15,,,1,30,,33118,15,,,1
37100,'Samedi-3',817,,34194,38,,,1,102,,34198,38,,,1,99,,34193,38,,,1,102,,34199,38,,,1,100,,34195,38,,,1,100,,34196,38,,,1,100,,34197,38,,,1,103,,34200,38,,,1,100,,34201,38,,,1,100,,34202,38,,,1,99,,34203,38,,,1,98,,34204,38,,,1,100,,34205,38,,,1,98,,34206,38,,,1,100,,34207,38,,,1,99,,34208,38,,,1,98,,34209,38,,,1
37100,'Dimanche-3',817,,34210,38,,,1,102,,34216,38,,,1,99,,34217,38,,,1,102,,34218,38,,,1,100,,34211,38,,,1,100,,34213,38,,,1,100,,34212,38,,,1,103,,34214,38,,,1,100,,34215,38,,,1,100,,34220,38,,,1,99,,34225,38,,,1,98,,34219,38,,,1,100,,34221,38,,,1,98,,34226,38,,,1,100,,34224,38,,,1,99,,34222,38,,,1,98,,34223,38,,,1
37100,'Semaine-4',725,,34240,38,,,1,75,,34237,38,,,1,31,,34233,38,,,1,27,,34228,38,,,1,90,,34247,38,,,1,98,,34232,38,,,1,102,,34234,38,,,1,100,,34246,38,,,1,100,,34241,38,,,1,103,,34230,38,,,1,95,,34242,38,,,1,58,,34251,38,,,1,17,,34231,38,,,1,15,,34252,38,,,1,65,,34227,38,,,1,20,,34236,38,,,1,26,,34243,38,,,1,65,,34249,38,,,1,27,,34248,38,,,1,70,,34238,38,,,1,27,,34250,38,,,1,70,,34253,38,,,1,30,,34239,38,,,1,95,,34235,38,,,1,100,,34245,38,,,1,100,,34244,38,,,1,97,,34229,38,,,1
43700,'Semaine-4',745,,34808,33,0,9 14,1,2,,34809,29,0,9 14,1
