7300,'Semaine-4',628,,33447,24,,,2,30,,33445,24,,,1,73,,33448,24,,,2,70,,33455,24,,,1,29,,33449,24,,,1,28,,33450,24,,,1,100,,33452,24,,,1,100,,33436,24,,,1,100,,33433,24,,,1,100,,33434,24,,,1,100,,33435,24,,,1,101,,33437,24,,,1,69,,33438,24,,,2,30,,33456,24,,,2,75,,33453,24,,,1,25,,33454,24,,,1,70,,33451,24,,,1,30,,33439,24,,,1,70,,33440,24,,,1,28,,33441,24,,,1,100,,33442,24,,,1,145,,33443,24,,,1,58,,33444,24,,,1,142,,33446,24,,,1
7300,'Semaine-2-_26ÉTÉ-1111100-',628,,44273,24,,,1,30,,44271,24,,,2,73,,44274,24,,,2,69,,44281,24,,,1,30,,44275,24,,,1,28,,44276,24,,,2,100,,44278,24,,,1,100,,44262,24,,,1,100,,44259,24,,,1,100,,44260,24,,,2,100,,44261,24,,,2,101,,44263,24,,,2,69,,44264,24,,,1,30,,44282,24,,,1,76,,44279,24,,,2,24,,44280,24,,,2,70,,44277,24,,,1,30,,44265,24,,,1,70,,44266,24,,,1,28,,44267,24,,,1,100,,44268,24,,,1,145,,44269,24,,,2,100,,44270,24,,,1,100,,44272,24,,,2
7300,'Semaine-3-_26ÉTÉ-1111100-',628,,44297,24,,,1,30,,44295,24,,,2,73,,44298,24,,,2,69,,44305,24,,,1,30,,44299,24,,,1,28,,44300,24,,,2,100,,44302,24,,,1,100,,44286,24,,,1,100,,44283,24,,,1,100,,44284,24,,,2,100,,44285,24,,,2,101,,44287,24,,,2,69,,44288,24,,,1,30,,44306,24,,,1,76,,44303,24,,,2,24,,44304,24,,,2,70,,44301,24,,,1,30,,44289,24,,,1,70,,44290,24,,,1,28,,44291,24,,,1,100,,44292,24,,,1,145,,44293,24,,,2,100,,44294,24,,,1,100,,44296,24,,,2
7300,'Semaine-4-_26ÉTÉ-1111100-',628,,44321,24,,,1,30,,44319,24,,,2,73,,44322,24,,,2,69,,44329,24,,,1,30,,44323,24,,,1,28,,44324,24,,,2,100,,44326,24,,,1,100,,44310,24,,,1,100,,44307,24,,,1,100,,44308,24,,,2,100,,44309,24,,,2,101,,44311,24,,,2,69,,44312,24,,,1,30,,44330,24,,,1,76,,44327,24,,,2,24,,44328,24,,,2,70,,44325,24,,,1,30,,44313,24,,,1,70,,44314,24,,,1,28,,44315,24,,,1,100,,44316,24,,,1,145,,44317,24,,,2,100,,44318,24,,,1,100,,44320,24,,,2
7501,'Samedi-3',643,,33558,21,,,1,97,,33557,21,,,2,100,,33563,21,,,2,100,,33561,21,,,1,100,,33562,21,,,1,101,,33559,21,,,2,100,,33560,21,,,1,99,,33564,21,,,2,100,,33565,21,,,1,100,,33566,21,,,1,99,,33567,21,,,2,101,,33568,21,,,1,100,,33569,21,,,2,100,,33570,21,,,1,100,,33571,21,,,2,100,,33572,21,,,2,100,,33573,21,,,2,102,,33574,21,,,2
7501,'Samedi-4',643,,37504,21,,,1,97,,37503,21,,,2,100,,37509,21,,,2,100,,37507,21,,,1,100,,37508,21,,,1,101,,37505,21,,,2,100,,37506,21,,,1,99,,37510,21,,,2,100,,37511,21,,,1,100,,37512,21,,,1,99,,37513,21,,,2,101,,37514,21,,,1,100,,37515,21,,,2,100,,37516,21,,,1,100,,37517,21,,,2,100,,37518,21,,,2,100,,37519,21,,,2,102,,37520,21,,,2
7501,'Dimanche-3',643,,33575,21,,,1,97,,33579,21,,,2,100,,33580,21,,,2,100,,33583,21,,,1,100,,33585,21,,,1,101,,33578,21,,,2,100,,33582,21,,,1,99,,33577,21,,,2,100,,33581,21,,,1,100,,33576,21,,,1,99,,33586,21,,,2,101,,33584,21,,,1,100,,33587,21,,,2,100,,33592,21,,,1,100,,33591,21,,,2,100,,33588,21,,,2,100,,33589,21,,,2,102,,33590,21,,,2
7501,'Semaine-4',552,,33616,21,,,2,70,,33610,21,,,2,20,,33597,21,,,1,14,,33623,21,,,1,57,,33598,21,,,1,14,,33621,21,,,1,16,,33612,21,,,1,57,,33611,21,,,1,21,,33622,21,,,1,19,,33613,21,,,2,17,,33608,21,,,1,72,,33593,21,,,1,26,,33603,21,,,1,75,,33594,21,,,1,70,,33604,21,,,1,30,,33624,21,,,1,70,,33609,21,,,1,30,,33618,21,,,1,70,,33625,21,,,1,30,,33619,21,,,1,70,,33599,21,,,2,30,,33617,21,,,2,71,,33605,21,,,1,32,,33620,21,,,1,71,,33606,21,,,1,102,,33607,21,,,1,100,,33595,21,,,1,100,,33596,21,,,1,40,,33600,21,,,1,100,,33601,21,,,1,100,,33615,21,,,1,100,,33614,21,,,1,100,,33602,21,,,2
7501,'Samedi-10-_26ÉTÉ-0000010-',643,,44542,21,,,1,97,,44541,21,,,2,100,,44547,21,,,2,100,,44545,21,,,1,100,,44546,21,,,1,101,,44543,21,,,2,100,,44544,21,,,1,99,,44548,21,,,2,100,,44549,21,,,1,100,,44550,21,,,1,99,,44551,21,,,2,101,,44552,21,,,1,100,,44553,21,,,2,100,,44554,21,,,1,100,,44555,21,,,2,100,,44556,21,,,2,100,,44557,21,,,2,102,,44558,21,,,2
7501,'Semaine-2-_26ÉTÉ-1111100-',552,,44582,21,,,1,70,,44576,21,,,1,20,,44563,21,,,1,14,,44589,21,,,2,57,,44564,21,,,2,15,,44587,21,,,2,15,,44578,21,,,2,16,,44577,21,,,2,59,,44588,21,,,2,22,,44579,21,,,2,60,,44574,21,,,2,30,,44559,21,,,1,70,,44569,21,,,2,30,,44560,21,,,2,70,,44570,21,,,1,30,,44590,21,,,1,70,,44575,21,,,1,30,,44584,21,,,1,70,,44591,21,,,2,30,,44585,21,,,1,70,,44565,21,,,1,30,,44583,21,,,1,70,,44571,21,,,1,30,,44586,21,,,2,74,,44572,21,,,1,102,,44573,21,,,1,100,,44561,21,,,2,100,,44562,21,,,1,40,,44566,21,,,1,100,,44567,21,,,1,100,,44581,21,,,1,100,,44580,21,,,1,100,,44568,21,,,1
7501,'Semaine-3-_26ÉTÉ-1111100-',552,,44615,21,,,1,70,,44609,21,,,1,20,,44596,21,,,1,14,,44622,21,,,2,57,,44597,21,,,2,15,,44620,21,,,2,15,,44611,21,,,2,16,,44610,21,,,2,59,,44621,21,,,2,22,,44612,21,,,2,60,,44607,21,,,2,30,,44592,21,,,1,70,,44602,21,,,2,30,,44593,21,,,2,70,,44603,21,,,1,30,,44623,21,,,1,70,,44608,21,,,1,30,,44617,21,,,1,70,,44624,21,,,2,30,,44618,21,,,1,70,,44598,21,,,1,30,,44616,21,,,1,70,,44604,21,,,1,30,,44619,21,,,2,74,,44605,21,,,1,102,,44606,21,,,1,100,,44594,21,,,2,100,,44595,21,,,1,40,,44599,21,,,1,100,,44600,21,,,1,100,,44614,21,,,1,100,,44613,21,,,1,100,,44601,21,,,1
7501,'Semaine-4-_26ÉTÉ-1111100-',552,,44648,21,,,1,70,,44642,21,,,1,20,,44629,21,,,1,14,,44655,21,,,2,57,,44630,21,,,2,15,,44653,21,,,2,15,,44644,21,,,2,16,,44643,21,,,2,59,,44654,21,,,2,22,,44645,21,,,2,60,,44640,21,,,2,30,,44625,21,,,1,70,,44635,21,,,2,30,,44626,21,,,2,70,,44636,21,,,1,30,,44656,21,,,1,70,,44641,21,,,1,30,,44650,21,,,1,70,,44657,21,,,2,30,,44651,21,,,1,70,,44631,21,,,1,30,,44649,21,,,1,70,,44637,21,,,1,30,,44652,21,,,2,74,,44638,21,,,1,102,,44639,21,,,1,100,,44627,21,,,2,100,,44628,21,,,1,40,,44632,21,,,1,100,,44633,21,,,1,100,,44647,21,,,1,100,,44646,21,,,1,100,,44634,21,,,1
