6501,'Samedi-3',746,,32691,15,,,1,100,,32689,15,,,2,100,,32688,15,,,1,100,,32686,15,,,1,100,,32685,15,,,1,100,,32687,15,,,1,100,,32690,15,,,1,100,,32692,15,,,1,100,,32693,15,,,1,100,,32694,15,,,1,100,,32695,15,,,1,100,,32699,15,,,1,100,,32696,15,,,1,100,,32697,15,,,1,100,,32698,15,,,1,100,,32700,15,,,2,100,,32701,15,,,1
6501,'Samedi-4',746,,36838,15,,,1,100,,36836,15,,,2,100,,36835,15,,,1,100,,36833,15,,,1,100,,36832,15,,,1,100,,36834,15,,,1,100,,36837,15,,,1,100,,36839,15,,,1,100,,36840,15,,,1,100,,36841,15,,,1,100,,36842,15,,,1,100,,36846,15,,,1,100,,36843,15,,,1,100,,36844,15,,,1,100,,36845,15,,,1,100,,36847,15,,,2,100,,36848,15,,,1
6501,'Dimanche-3',746,,32705,15,,,1,100,,32706,15,,,2,100,,32708,15,,,1,100,,32704,15,,,1,100,,32707,15,,,1,100,,32703,15,,,1,100,,32702,15,,,1,100,,32709,15,,,1,100,,32714,15,,,1,100,,32716,15,,,1,100,,32711,15,,,1,100,,32712,15,,,1,100,,32710,15,,,1,100,,32715,15,,,1,100,,32717,15,,,1,100,,32718,15,,,2,100,,32713,15,,,1
6501,'Semaine-4',538,,32736,15,,,1,70,,32750,15,,,1,22,,32719,15,,,1,18,,32735,15,,,1,60,,32751,15,,,1,20,,32738,15,,,1,21,,32740,15,,,2,59,,32730,15,,,1,20,,32733,15,,,1,20,,32721,15,,,2,60,,32747,15,,,2,30,,32722,15,,,1,100,,32723,15,,,1,100,,32748,15,,,1,95,,32741,15,,,1,106,,32737,15,,,1,100,,32742,15,,,2,70,,32732,15,,,1,30,,32720,15,,,1,20,,32726,15,,,1,60,,32745,15,,,2,20,,32749,15,,,1,20,,32727,15,,,1,60,,32746,15,,,2,20,,32724,15,,,1,20,,32728,15,,,1,69,,32744,15,,,1,30,,32734,15,,,2,70,,32729,15,,,1,100,,32743,15,,,1,99,,32739,15,,,1,101,,32731,15,,,2,100,,32725,15,,,1
6501,'Samedi-10-_26ÉTÉ-0000010-',746,,42942,15,,,1,100,,42940,15,,,2,100,,42939,15,,,1,100,,42937,15,,,1,100,,42936,15,,,1,100,,42938,15,,,1,100,,42941,15,,,1,100,,42943,15,,,1,100,,42944,15,,,1,100,,42945,15,,,1,100,,42946,15,,,1,100,,42950,15,,,1,100,,42947,15,,,1,100,,42948,15,,,1,100,,42949,15,,,1,100,,42951,15,,,2,100,,42952,15,,,1
6501,'Semaine-2-_26ÉTÉ-1111100-',538,,42970,15,,,1,70,,42984,15,,,1,20,,42953,15,,,1,20,,42969,15,,,1,60,,42985,15,,,1,20,,42972,15,,,1,20,,42974,15,,,1,60,,42964,15,,,2,20,,42967,15,,,2,20,,42955,15,,,1,60,,42981,15,,,2,30,,42956,15,,,1,100,,42957,15,,,2,100,,42982,15,,,1,101,,42975,15,,,2,100,,42971,15,,,2,100,,42976,15,,,1,70,,42966,15,,,2,30,,42954,15,,,2,18,,42960,15,,,2,62,,42979,15,,,2,20,,42983,15,,,1,18,,42961,15,,,1,62,,42980,15,,,1,20,,42958,15,,,2,20,,42962,15,,,1,69,,42978,15,,,1,30,,42968,15,,,2,70,,42963,15,,,1,100,,42977,15,,,1,100,,42973,15,,,1,100,,42965,15,,,1,100,,42959,15,,,1
6501,'Semaine-3-_26ÉTÉ-1111100-',538,,43003,15,,,1,70,,43017,15,,,1,20,,42986,15,,,1,20,,43002,15,,,1,60,,43018,15,,,1,20,,43005,15,,,1,20,,43007,15,,,1,60,,42997,15,,,2,20,,43000,15,,,2,20,,42988,15,,,1,60,,43014,15,,,2,30,,42989,15,,,1,100,,42990,15,,,2,100,,43015,15,,,1,101,,43008,15,,,2,100,,43004,15,,,2,100,,43009,15,,,1,70,,42999,15,,,2,30,,42987,15,,,2,18,,42993,15,,,2,62,,43012,15,,,2,20,,43016,15,,,1,18,,42994,15,,,1,62,,43013,15,,,1,20,,42991,15,,,2,20,,42995,15,,,1,69,,43011,15,,,1,30,,43001,15,,,2,70,,42996,15,,,1,100,,43010,15,,,1,100,,43006,15,,,1,100,,42998,15,,,1,100,,42992,15,,,1
6501,'Semaine-4-_26ÉTÉ-1111100-',538,,43036,15,,,1,70,,43050,15,,,1,20,,43019,15,,,1,20,,43035,15,,,1,60,,43051,15,,,1,20,,43038,15,,,1,20,,43040,15,,,1,60,,43030,15,,,2,20,,43033,15,,,2,20,,43021,15,,,1,60,,43047,15,,,2,30,,43022,15,,,1,100,,43023,15,,,2,100,,43048,15,,,1,101,,43041,15,,,2,100,,43037,15,,,2,100,,43042,15,,,1,70,,43032,15,,,2,30,,43020,15,,,2,18,,43026,15,,,2,62,,43045,15,,,2,20,,43049,15,,,1,18,,43027,15,,,1,62,,43046,15,,,1,20,,43024,15,,,2,20,,43028,15,,,1,69,,43044,15,,,1,30,,43034,15,,,2,70,,43029,15,,,1,100,,43043,15,,,1,100,,43039,15,,,1,100,,43031,15,,,1,100,,43025,15,,,1
8501,'Semaine-4',527,,33918,11,,,1,30,,33920,11,,,1,64,,33923,11,,,1,16,,33922,11,,,1,15,,33927,11,,,2,60,,33919,11,,,1,12,,33925,11,,,1,15,,33921,11,,,1,17,,33926,11,,,1,59,,33924,11,,,1
8501,'Semaine-2-_26ÉTÉ-1111100-',526,,45214,11,,,1,29,,45216,11,,,1,65,,45219,11,,,1,18,,45218,11,,,2,14,,45223,11,,,2,57,,45215,11,,,2,15,,45221,11,,,1,15,,45217,11,,,2,15,,45222,11,,,1,60,,45220,11,,,1
8501,'Semaine-3-_26ÉTÉ-1111100-',526,,45224,11,,,1,29,,45226,11,,,1,65,,45229,11,,,1,18,,45228,11,,,2,14,,45233,11,,,2,57,,45225,11,,,2,15,,45231,11,,,1,15,,45227,11,,,2,15,,45232,11,,,1,60,,45230,11,,,1
8501,'Semaine-4-_26ÉTÉ-1111100-',526,,45234,11,,,1,29,,45236,11,,,1,65,,45239,11,,,1,18,,45238,11,,,2,14,,45243,11,,,2,57,,45235,11,,,2,15,,45241,11,,,1,15,,45237,11,,,2,15,,45242,11,,,1,60,,45240,11,,,1
57101,'Semaine-4',701,,34830,35,0,5 6,2
57101,'Semaine-2-_26ÉTÉ-1111100-',701,,46773,35,0,5 6,1
57101,'Semaine-3-_26ÉTÉ-1111100-',701,,46774,35,0,5 6,1
57101,'Semaine-4-_26ÉTÉ-1111100-',701,,46775,35,0,5 6,1
