1501,'Semaine-3',707,,24561,14,,,2
6401,'Samedi-11',740,,27325,43,,,1,100,,27322,43,,,1,100,,27324,43,,,1,100,,27327,43,,,1,100,,27323,43,,,2,100,,27328,43,,,1,100,,27326,43,,,1,100,,27329,43,,,2,100,,27330,43,,,1,100,,27331,43,,,1,100,,27332,43,,,1
6401,'Samedi-2',740,,27336,43,,,1,100,,27333,43,,,1,100,,27335,43,,,1,100,,27338,43,,,1,100,,27334,43,,,2,100,,27339,43,,,1,100,,27337,43,,,1,100,,27340,43,,,2,100,,27341,43,,,1,100,,27342,43,,,1,100,,27343,43,,,1
6401,'Dimanche-2',740,,27348,43,,,1,100,,27346,43,,,1,100,,27351,43,,,1,100,,27344,43,,,1,100,,27350,43,,,2,100,,27352,43,,,1,100,,27345,43,,,1,100,,27349,43,,,2,100,,27347,43,,,1,100,,27353,43,,,1,100,,27354,43,,,1
6401,'Semaine-3',539,,27355,43,,,1,108,,27365,43,,,1,100,,27367,43,,,1,100,,27364,43,,,1,97,,27372,43,,,1,99,,27359,43,,,1,101,,27358,43,,,1,100,,27370,43,,,1,100,,27366,43,,,1,100,,27368,43,,,1,157,,27369,52,,,2,45,,27360,43,,,2,97,,27356,43,,,1,101,,27357,43,,,2,97,,27363,43,,,1,100,,27361,43,,,1,100,,27362,43,,,1,100,,27371,43,,,1
6601,'Samedi-11',706,,27625,43,,,1,100,,27627,43,,,1,100,,27631,43,,,1,100,,27628,43,,,2,100,,27632,43,,,1,100,,27626,43,,,1,100,,27629,43,,,1,100,,27630,43,,,1,100,,27633,43,,,2,100,,27634,43,,,1,100,,27635,43,,,1,100,,27636,43,,,1,100,,27637,43,,,1,100,,27639,43,,,1,100,,27638,43,,,1,100,,27640,43,,,1,100,,27641,43,,,1,100,,27642,43,,,2
6601,'Samedi-2',706,,27643,43,,,1,100,,27645,43,,,1,100,,27649,43,,,1,100,,27646,43,,,2,100,,27650,43,,,1,100,,27644,43,,,1,100,,27647,43,,,1,100,,27648,43,,,1,100,,27651,43,,,2,100,,27652,43,,,1,100,,27653,43,,,1,100,,27654,43,,,1,100,,27655,43,,,1,100,,27657,43,,,1,100,,27656,43,,,1,100,,27658,43,,,1,100,,27659,43,,,1,100,,27660,43,,,2
6601,'Dimanche-2',706,,27662,43,,,1,100,,27666,43,,,1,100,,27667,43,,,1,100,,27668,43,,,2,100,,27670,43,,,1,100,,27661,43,,,1,100,,27669,43,,,1,100,,27663,43,,,1,100,,27664,43,,,2,100,,27665,43,,,1,100,,27674,43,,,1,100,,27676,43,,,1,100,,27672,43,,,1,100,,27673,43,,,1,100,,27671,43,,,1,100,,27675,43,,,1,100,,27677,43,,,1,100,,27678,43,,,2
6601,'Semaine-3',557,,27688,43,,,1,60,,27681,43,,,1,20,,27690,43,,,2,18,,27696,43,,,1,60,,27691,43,,,1,20,,27682,43,,,1,22,,27694,43,,,1,60,,27687,43,,,1,18,,27703,43,,,2,20,,27680,43,,,1,60,,27693,43,,,1,18,,27704,43,,,1,19,,27712,43,,,1,103,,27692,43,,,1,99,,27684,43,,,1,101,,27708,43,,,1,98,,27709,43,,,1,101,,27695,43,,,1,65,,27683,43,,,1,19,,27700,43,,,1,18,,27697,43,,,1,63,,27710,43,,,1,18,,27679,43,,,1,20,,27705,43,,,1,62,,27698,43,,,1,18,,27711,43,,,2,20,,27701,43,,,1,62,,27706,43,,,1,17,,27699,43,,,2,22,,27707,43,,,1,58,,27713,43,,,1,92,,27686,43,,,1,100,,27685,43,,,1,98,,27689,43,,,1,100,,27702,43,,,1
6901,'Samedi-11',823,,28081,23,,,1,100,,28082,23,,,1,100,,28083,23,,,1,100,,28084,23,,,1,100,,28086,23,,,1,100,,28085,23,,,1,100,,28087,23,,,1,100,,28088,23,,,1,100,,28089,23,,,1,100,,28090,23,,,1,100,,28091,23,,,1,100,,28092,23,,,1,100,,28093,23,,,2,100,,28094,23,,,2,100,,28095,23,,,2
6901,'Samedi-2',823,,28096,23,,,1,100,,28097,23,,,1,100,,28098,23,,,1,100,,28099,23,,,1,100,,28101,23,,,1,100,,28100,23,,,1,100,,28102,23,,,1,100,,28103,23,,,1,100,,28104,23,,,1,100,,28105,23,,,1,100,,28106,23,,,1,100,,28107,23,,,1,100,,28108,23,,,2,100,,28109,23,,,2,100,,28110,23,,,2
6901,'Dimanche-2',823,,28115,23,,,1,100,,28113,23,,,1,100,,28114,23,,,1,100,,28111,23,,,1,100,,28112,23,,,1,100,,28116,23,,,1,100,,28117,23,,,1,100,,28120,23,,,1,100,,28121,23,,,1,100,,28118,23,,,1,100,,28119,23,,,1,100,,28125,23,,,1,100,,28123,23,,,2,100,,28124,23,,,2,100,,28122,23,,,2
6901,'Semaine-3',556,,28130,23,,,1,69,,28144,23,,,1,30,,28133,23,,,1,72,,28141,23,,,2,73,,28129,23,,,1,25,,28134,23,,,1,30,,28147,23,,,1,59,,28135,23,,,1,101,,28136,23,,,2,100,,28137,23,,,2,100,,28138,23,,,2,95,,28139,23,,,2,100,,28140,23,,,2,100,,28145,23,,,2,100,,28126,23,,,2,100,,28142,23,,,1,100,,28143,23,,,1,40,,28132,23,,,1,100,,28131,23,,,1,100,,28146,23,,,1,100,,28128,23,,,1,100,,28127,23,,,1
