2501,'Semaine-4',553,,30371,4,,,1,69,,30370,4,,,1,30,,30368,4,,,1,70,,30369,4,,,2,30,,30372,4,,,1,71,,30367,4,,,1
2501,'Semaine-2-_26ÉTÉ-1111100-',553,,38749,4,,,1,69,,38748,4,,,1,30,,38746,4,,,2,70,,38747,4,,,2,30,,38750,4,,,1,70,,38745,4,,,1
2501,'Semaine-3-_26ÉTÉ-1111100-',553,,38755,4,,,1,69,,38754,4,,,1,30,,38752,4,,,2,70,,38753,4,,,2,30,,38756,4,,,1,70,,38751,4,,,1
2501,'Semaine-4-_26ÉTÉ-1111100-',553,,38761,4,,,1,69,,38760,4,,,1,30,,38758,4,,,2,70,,38759,4,,,2,30,,38762,4,,,1,70,,38757,4,,,1
32501,'Semaine-4',806,,34185,4,0,7 8,1,3,,34186,4,0,7 8,1
32501,'Semaine-2-_26ÉTÉ-1111100-',809,,45837,4,0,7 8,1
32501,'Semaine-3-_26ÉTÉ-1111100-',809,,45838,4,0,7 8,1
32501,'Semaine-4-_26ÉTÉ-1111100-',809,,45839,4,0,7 8,1
42500,'Semaine-4',655,,34792,4,0,9 14,1,2,,34793,4,0,9 14,1
42500,'Semaine-2-_26ÉTÉ-1111100-',657,,46743,4,0,9 14,1
42500,'Semaine-3-_26ÉTÉ-1111100-',657,,46744,4,0,9 14,1
42500,'Semaine-4-_26ÉTÉ-1111100-',657,,46745,4,0,9 14,1
73400,'Semaine-4',1653,,34853,44,0,5 11,1
82501,'Semaine-4',736,,35007,4,0,9 12 13,1,1,,35008,4,0,9 12 13,1,1,,35009,4,0,9 12 13,1
82501,'Semaine-2-_26ÉTÉ-1111100-',738,,47054,4,0,9 12 13,1
82501,'Semaine-3-_26ÉTÉ-1111100-',738,,47055,4,0,9 12 13,1
82501,'Semaine-4-_26ÉTÉ-1111100-',738,,47056,4,0,9 12 13,1
