3601,'Semaine-3',840,,25465,7,,,1,90,,25463,7,,,1,100,,25466,7,,,1,100,,25464,7,,,1,99,,25469,7,,,1,100,,25468,7,,,1,101,,25467,7,,,1
3701,'Samedi-11',645,,25554,7,,,1,100,,25559,7,,,1,100,,25553,7,,,1,100,,25558,7,,,1,101,,25555,7,,,1,99,,25556,7,,,1,100,,25560,7,,,1,100,,25557,7,,,1,100,,25561,7,,,1,100,,25562,7,,,1,100,,25563,7,,,1,100,,25564,7,,,1,100,,25565,7,,,1,102,,25566,7,,,1,98,,25567,7,,,1,99,,25568,7,,,1,100,,25569,7,,,1
3701,'Samedi-2',645,,25571,7,,,1,100,,25576,7,,,1,100,,25570,7,,,1,100,,25575,7,,,1,101,,25572,7,,,1,99,,25573,7,,,1,100,,25577,7,,,1,100,,25574,7,,,1,100,,25578,7,,,1,100,,25579,7,,,1,100,,25580,7,,,1,100,,25581,7,,,1,100,,25582,7,,,1,102,,25583,7,,,1,98,,25584,7,,,1,99,,25585,7,,,1,100,,25586,7,,,1
3701,'Dimanche-2',645,,25587,7,,,1,100,,25591,7,,,1,100,,25592,7,,,1,100,,25594,7,,,1,101,,25593,7,,,1,99,,25589,7,,,1,100,,25588,7,,,1,100,,25590,7,,,1,100,,25595,7,,,1,100,,25599,7,,,1,100,,25602,7,,,1,100,,25596,7,,,1,100,,25597,7,,,1,102,,25603,7,,,1,98,,25601,7,,,1,99,,25598,7,,,1,100,,25600,7,,,1
3701,'Semaine-3',513,,25617,7,,,1,29,,25615,7,,,1,75,,25619,7,,,1,26,,25609,7,,,1,71,,25626,7,,,1,20,,25606,7,,,1,12,,25627,7,,,1,68,,25608,7,,,1,102,,25625,7,,,1,98,,25613,7,,,1,102,,25607,7,,,1,100,,25605,7,,,1,100,,25610,7,,,1,100,,25621,7,,,1,97,,25604,7,,,1,31,,25620,7,,,1,70,,25623,7,,,1,30,,25618,7,,,1,72,,25624,7,,,1,30,,25628,7,,,1,85,,25612,7,,,1,100,,25622,7,,,1,100,,25614,7,,,1,100,,25611,7,,,1,101,,25616,7,,,1
6401,'Samedi-11',715,,27325,7,,,1,100,,27322,7,,,1,100,,27324,7,,,1,100,,27327,7,,,1,100,,27323,7,,,2,100,,27328,7,,,1,100,,27326,7,,,1,100,,27329,7,,,2,100,,27330,7,,,1,100,,27331,7,,,1,100,,27332,7,,,1
6401,'Samedi-2',715,,27336,7,,,1,100,,27333,7,,,1,100,,27335,7,,,1,100,,27338,7,,,1,100,,27334,7,,,2,100,,27339,7,,,1,100,,27337,7,,,1,100,,27340,7,,,2,100,,27341,7,,,1,100,,27342,7,,,1,100,,27343,7,,,1
6401,'Dimanche-2',715,,27348,7,,,1,100,,27346,7,,,1,100,,27351,7,,,1,100,,27344,7,,,1,100,,27350,7,,,2,100,,27352,7,,,1,100,,27345,7,,,1,100,,27349,7,,,2,100,,27347,7,,,1,100,,27353,7,,,1,100,,27354,7,,,1
6401,'Semaine-3',514,,27355,7,,,1,108,,27365,7,,,1,100,,27367,7,,,1,100,,27364,7,,,1,93,,27372,7,,,1,99,,27359,7,,,1,101,,27358,7,,,1,100,,27370,7,,,1,100,,27366,7,,,1,100,,27368,7,,,1,117,,27369,16,,,2,85,,27360,7,,,2,97,,27356,7,,,1,101,,27357,7,,,2,99,,27363,7,,,1,100,,27361,7,,,1,100,,27362,7,,,1,100,,27371,7,,,1
6800,'Semaine-3',605,,27963,7,,,1,30,,27973,7,,,1,68,,27971,7,,,1,34,,27980,7,,,1,68,,27977,7,,,1,30,,27954,7,,,1,70,,27978,7,,,1,30,,27955,7,,,1,70,,27960,7,,,1,30,,27979,7,,,1,70,,27965,7,,,1,30,,27958,7,,,1,75,,27975,7,,,1,30,,27956,7,0,17,1,5,,27966,7,,,1,70,,27974,7,,,1,30,,27967,7,,,1,71,,27961,7,,,1,29,,27964,7,,,1,60,,27972,7,,,1,21,,27982,7,,,1,23,,27968,7,,,1,58,,27976,7,,,1,19,,27970,7,,,1,20,,27984,7,,,1,58,,27981,7,,,1,10,,27969,7,,,1,10,,27983,7,,,1,20,,27957,7,,,1,70,,27962,7,,,1,30,,27959,7,,,1
37101,'Samedi-11',716,,29362,7,,,1,99,,29361,7,,,1,102,,29365,7,,,1,100,,29364,7,,,1,100,,29366,7,,,1,100,,29363,7,,,1,100,,29367,7,,,1,100,,29368,7,,,1,100,,29369,7,,,1,99,,29370,7,,,1,100,,29371,7,,,1,100,,29372,7,,,1,100,,29373,7,,,1,100,,29374,7,,,1,100,,29375,7,,,1,100,,29376,7,,,1,100,,29377,7,,,1
37101,'Samedi-2',716,,29379,7,,,1,99,,29378,7,,,1,102,,29382,7,,,1,100,,29381,7,,,1,100,,29383,7,,,1,100,,29380,7,,,1,100,,29384,7,,,1,100,,29385,7,,,1,100,,29386,7,,,1,99,,29387,7,,,1,100,,29388,7,,,1,100,,29389,7,,,1,100,,29390,7,,,1,100,,29391,7,,,1,100,,29392,7,,,1,100,,29393,7,,,1,100,,29394,7,,,1
37101,'Dimanche-2',716,,29398,7,,,1,99,,29395,7,,,1,102,,29399,7,,,1,100,,29396,7,,,1,100,,29402,7,,,1,100,,29397,7,,,1,100,,29400,7,,,1,100,,29405,7,,,1,100,,29401,7,,,1,99,,29406,7,,,1,100,,29411,7,,,1,100,,29403,7,,,1,100,,29404,7,,,1,100,,29408,7,,,1,100,,29410,7,,,1,100,,29407,7,,,1,100,,29409,7,,,1
37101,'Semaine-3',524,,29428,7,,,1,29,,29431,7,,,1,70,,29424,7,,,1,30,,29426,7,,,1,71,,29436,7,,,1,30,,29435,7,,,1,70,,29430,7,,,1,30,,29414,7,,,1,99,,29421,7,,,1,101,,29419,7,,,1,100,,29420,7,,,1,100,,29434,7,,,1,104,,29417,7,,,1,96,,29418,7,,,1,70,,29415,7,,,1,30,,29422,7,,,1,70,,29432,7,,,1,30,,29433,7,,,1,70,,29412,7,,,1,80,,29416,7,,,1,96,,29427,7,,,1,100,,29429,7,,,1,100,,29413,7,,,1,100,,29423,7,,,1,145,,29425,7,,,1
43701,'Semaine-3',1502,,30081,7,0,9 14,1
