4000,'Semaine-1-_26ÉTÉ-1111100-',1551,,51732,47,,,2,69,,51728,47,,,2,35,,51731,47,,,1,68,,51730,47,,,1,31,,51729,47,,,1,62,,51733,47,,,2
4000,'Semaine-10-_26ÉTÉ-1111100-',1551,,51738,47,,,2,69,,51734,47,,,2,35,,51737,47,,,1,68,,51736,47,,,1,31,,51735,47,,,1,62,,51739,47,,,2
4000,'Semaine-11-_26ÉTÉ-1111100-',1551,,51744,47,,,2,69,,51740,47,,,2,35,,51743,47,,,1,68,,51742,47,,,1,31,,51741,47,,,1,62,,51745,47,,,2
4000,'Semaine-12-_26ÉTÉ-1111100-',1551,,51750,47,,,2,69,,51746,47,,,2,35,,51749,47,,,1,68,,51748,47,,,1,31,,51747,47,,,1,62,,51751,47,,,2
4000,'Semaine-5-_26ÉTÉ-1111100-',1551,,51756,47,,,2,69,,51752,47,,,2,35,,51755,47,,,1,68,,51754,47,,,1,31,,51753,47,,,1,62,,51757,47,,,2
5001,'Semaine-1-_26ÉTÉ-1111100-',1642,,52436,28,,,1,102,,52438,28,,,1,94,,52437,28,,,1
5001,'Semaine-10-_26ÉTÉ-1111100-',1642,,52439,28,,,1,102,,52441,28,,,1,94,,52440,28,,,1
5001,'Semaine-11-_26ÉTÉ-1111100-',1642,,52442,28,,,1,102,,52444,28,,,1,94,,52443,28,,,1
5001,'Semaine-12-_26ÉTÉ-1111100-',1642,,52445,28,,,1,102,,52447,28,,,1,94,,52446,28,,,1
5001,'Semaine-5-_26ÉTÉ-1111100-',1642,,52448,28,,,1,102,,52450,28,,,1,94,,52449,28,,,1
5200,'Samedi-0-_26ÉTÉ-0000010-',659,,52451,46,,,1,100,,52452,46,,,2,141,,52453,46,,,1,100,,52454,46,,,2,100,,52455,46,,,1,102,,52456,46,,,1,100,,52457,46,,,2,100,,52458,46,,,2,99,,52459,46,,,1,101,,52460,46,,,2,100,,52461,46,,,1,99,,52462,46,,,1,99,,52463,46,,,1,100,,52466,46,,,1,100,,52464,46,,,1,59,,52465,46,,,2,98,,52467,46,,,2,100,,52468,46,,,1
5200,'Dimanche-0-_26ÉTÉ-0000001-',659,,52470,46,,,1,100,,52469,46,,,2,141,,52471,46,,,1,100,,52472,46,,,2,100,,52474,46,,,1,102,,52479,46,,,1,100,,52473,46,,,2,100,,52476,46,,,2,99,,52477,46,,,1,101,,52475,46,,,2,100,,52478,46,,,1,99,,52485,46,,,1,99,,52484,46,,,1,100,,52480,46,,,1,100,,52486,46,,,1,59,,52483,46,,,2,98,,52482,46,,,2,100,,52481,46,,,1
5200,'Dimanche-10-_26ÉTÉ-0000001-',659,,52488,46,,,1,100,,52487,46,,,2,141,,52489,46,,,1,100,,52490,46,,,2,100,,52492,46,,,1,102,,52497,46,,,1,100,,52491,46,,,2,100,,52494,46,,,2,99,,52495,46,,,1,101,,52493,46,,,2,100,,52496,46,,,1,99,,52503,46,,,1,99,,52502,46,,,1,100,,52498,46,,,1,100,,52504,46,,,1,59,,52501,46,,,2,98,,52500,46,,,2,100,,52499,46,,,1
5200,'Dimanche-11-_26ÉTÉ-0000001-',659,,52506,46,,,1,100,,52505,46,,,2,141,,52507,46,,,1,100,,52508,46,,,2,100,,52510,46,,,1,102,,52515,46,,,1,100,,52509,46,,,2,100,,52512,46,,,2,99,,52513,46,,,1,101,,52511,46,,,2,100,,52514,46,,,1,99,,52521,46,,,1,99,,52520,46,,,1,100,,52516,46,,,1,100,,52522,46,,,1,59,,52519,46,,,2,98,,52518,46,,,2,100,,52517,46,,,1
5200,'Semaine-1-_26ÉTÉ-1111100-',629,,52526,46,,,1,100,,52528,46,,,1,110,,52523,46,,,1,96,,52539,46,,,1,97,,52537,46,,,2,100,,52524,46,,,1,100,,52531,46,,,1,100,,52530,46,,,1,101,,52527,46,,,1,101,,52525,46,,,1,108,,52529,46,,,1,101,,52540,46,,,1,104,,52538,46,,,1,100,,52532,46,,,1,83,,52536,46,,,1,100,,52535,46,,,1,99,,52533,46,,,1,99,,52534,46,,,1
5200,'Semaine-10-_26ÉTÉ-1111100-',629,,52544,46,,,1,100,,52546,46,,,1,110,,52541,46,,,1,96,,52557,46,,,1,97,,52555,46,,,2,100,,52542,46,,,1,100,,52549,46,,,1,100,,52548,46,,,1,101,,52545,46,,,1,101,,52543,46,,,1,108,,52547,46,,,1,101,,52558,46,,,1,104,,52556,46,,,1,100,,52550,46,,,1,83,,52554,46,,,1,100,,52553,46,,,1,99,,52551,46,,,1,99,,52552,46,,,1
5200,'Semaine-11-_26ÉTÉ-1111100-',629,,52562,46,,,1,100,,52564,46,,,1,110,,52559,46,,,1,96,,52575,46,,,1,97,,52573,46,,,2,100,,52560,46,,,1,100,,52567,46,,,1,100,,52566,46,,,1,101,,52563,46,,,1,101,,52561,46,,,1,108,,52565,46,,,1,101,,52576,46,,,1,104,,52574,46,,,1,100,,52568,46,,,1,83,,52572,46,,,1,100,,52571,46,,,1,99,,52569,46,,,1,99,,52570,46,,,1
5200,'Semaine-12-_26ÉTÉ-1111100-',629,,52580,46,,,1,100,,52582,46,,,1,110,,52577,46,,,1,96,,52593,46,,,1,97,,52591,46,,,2,100,,52578,46,,,1,100,,52585,46,,,1,100,,52584,46,,,1,101,,52581,46,,,1,101,,52579,46,,,1,108,,52583,46,,,1,101,,52594,46,,,1,104,,52592,46,,,1,100,,52586,46,,,1,83,,52590,46,,,1,100,,52589,46,,,1,99,,52587,46,,,1,99,,52588,46,,,1
5200,'Semaine-5-_26ÉTÉ-1111100-',629,,52598,46,,,1,100,,52600,46,,,1,110,,52595,46,,,1,96,,52611,46,,,1,97,,52609,46,,,2,100,,52596,46,,,1,100,,52603,46,,,1,100,,52602,46,,,1,101,,52599,46,,,1,101,,52597,46,,,1,108,,52601,46,,,1,101,,52612,46,,,1,104,,52610,46,,,1,100,,52604,46,,,1,83,,52608,46,,,1,100,,52607,46,,,1,99,,52605,46,,,1,99,,52606,46,,,1
