9300,'Semaine-1-_26ÉTÉ-1111100-',1553,,60095,40,,,2,60,,60098,40,,,2,21,,60094,40,,,1,20,,60097,40,,,1,71,,60096,40,,,2,30,,60092,40,,,2,67,,60093,40,,,1
9300,'Semaine-10-_26ÉTÉ-1111100-',1553,,60102,40,,,2,60,,60105,40,,,2,21,,60101,40,,,1,20,,60104,40,,,1,71,,60103,40,,,2,30,,60099,40,,,2,67,,60100,40,,,1
9300,'Semaine-11-_26ÉTÉ-1111100-',1553,,60109,40,,,2,60,,60112,40,,,2,21,,60108,40,,,1,20,,60111,40,,,1,71,,60110,40,,,2,30,,60106,40,,,2,67,,60107,40,,,1
9300,'Semaine-12-_26ÉTÉ-1111100-',1553,,60116,40,,,2,60,,60119,40,,,2,21,,60115,40,,,1,20,,60118,40,,,1,71,,60117,40,,,2,30,,60113,40,,,2,67,,60114,40,,,1
9300,'Semaine-5-_26ÉTÉ-1111100-',1553,,60123,40,,,2,60,,60126,40,,,2,21,,60122,40,,,1,20,,60125,40,,,1,71,,60124,40,,,2,30,,60120,40,,,2,67,,60121,40,,,1
9700,'Samedi-0-_26ÉTÉ-0000010-',907,,60249,70,,,2,100,,60252,70,,,2,100,,60247,70,,,1,100,,60248,70,,,1,100,,60251,70,,,2,100,,60250,70,,,2,100,,60253,70,,,1,101,,60254,70,,,2,100,,60255,70,,,2,101,,60256,70,,,1,100,,60261,70,,,1,100,,60257,70,,,1,100,,60258,70,,,1,100,,60259,70,,,1,99,,60260,70,,,2,98,,60262,70,,,1,100,,60263,70,,,1
9700,'Dimanche-0-_26ÉTÉ-0000001-',907,,60267,70,,,2,100,,60269,70,,,2,100,,60266,70,,,1,100,,60265,70,,,1,100,,60264,70,,,2,100,,60268,70,,,2,100,,60271,70,,,1,101,,60270,70,,,2,100,,60276,70,,,2,101,,60278,70,,,1,100,,60280,70,,,1,100,,60272,70,,,1,100,,60273,70,,,1,100,,60274,70,,,1,99,,60275,70,,,2,98,,60279,70,,,1,100,,60277,70,,,1
9700,'Dimanche-10-_26ÉTÉ-0000001-',907,,60284,70,,,2,100,,60286,70,,,2,100,,60283,70,,,1,100,,60282,70,,,1,100,,60281,70,,,2,100,,60285,70,,,2,100,,60288,70,,,1,101,,60287,70,,,2,100,,60293,70,,,2,101,,60295,70,,,1,100,,60297,70,,,1,100,,60289,70,,,1,100,,60290,70,,,1,100,,60291,70,,,1,99,,60292,70,,,2,98,,60296,70,,,1,100,,60294,70,,,1
9700,'Dimanche-11-_26ÉTÉ-0000001-',907,,60301,70,,,2,100,,60303,70,,,2,100,,60300,70,,,1,100,,60299,70,,,1,100,,60298,70,,,2,100,,60302,70,,,2,100,,60305,70,,,1,101,,60304,70,,,2,100,,60310,70,,,2,101,,60312,70,,,1,100,,60314,70,,,1,100,,60306,70,,,1,100,,60307,70,,,1,100,,60308,70,,,1,99,,60309,70,,,2,98,,60313,70,,,1,100,,60311,70,,,1
9700,'Semaine-1-_26ÉTÉ-1111100-',742,,60333,70,,,1,70,,60334,70,,,1,91,,60323,70,,,2,101,,60319,70,,,1,96,,60332,70,,,2,100,,60327,70,,,2,100,,60324,70,,,1,100,,60329,70,,,2,101,,60315,70,,,1,54,,60320,70,,,1,146,,60328,70,,,1,56,,60330,74,,,2,100,,60321,74,,,2,73,,60316,74,,,2,21,,60325,70,,,1,100,,60317,70,,,2,100,,60326,70,,,1,100,,60322,70,,,1,100,,60318,70,,,2,150,,60331,70,,,1
9700,'Semaine-10-_26ÉTÉ-1111100-',742,,60353,70,,,1,70,,60354,70,,,1,91,,60343,70,,,2,101,,60339,70,,,1,96,,60352,70,,,2,100,,60347,70,,,2,100,,60344,70,,,1,100,,60349,70,,,2,101,,60335,70,,,1,54,,60340,70,,,1,146,,60348,70,,,1,56,,60350,74,,,2,100,,60341,74,,,2,73,,60336,74,,,2,21,,60345,70,,,1,100,,60337,70,,,2,100,,60346,70,,,1,100,,60342,70,,,1,100,,60338,70,,,2,150,,60351,70,,,1
9700,'Semaine-11-_26ÉTÉ-1111100-',742,,60373,70,,,1,70,,60374,70,,,1,91,,60363,70,,,2,101,,60359,70,,,1,96,,60372,70,,,2,100,,60367,70,,,2,100,,60364,70,,,1,100,,60369,70,,,2,101,,60355,70,,,1,54,,60360,70,,,1,146,,60368,70,,,1,56,,60370,74,,,2,100,,60361,74,,,2,73,,60356,74,,,2,21,,60365,70,,,1,100,,60357,70,,,2,100,,60366,70,,,1,100,,60362,70,,,1,100,,60358,70,,,2,150,,60371,70,,,1
9700,'Semaine-12-_26ÉTÉ-1111100-',742,,60393,70,,,1,70,,60394,70,,,1,91,,60383,70,,,2,101,,60379,70,,,1,96,,60392,70,,,2,100,,60387,70,,,2,100,,60384,70,,,1,100,,60389,70,,,2,101,,60375,70,,,1,54,,60380,70,,,1,146,,60388,70,,,1,56,,60390,74,,,2,100,,60381,74,,,2,73,,60376,74,,,2,21,,60385,70,,,1,100,,60377,70,,,2,100,,60386,70,,,1,100,,60382,70,,,1,100,,60378,70,,,2,150,,60391,70,,,1
9700,'Semaine-5-_26ÉTÉ-1111100-',742,,60413,70,,,1,70,,60414,70,,,1,91,,60403,70,,,2,101,,60399,70,,,1,96,,60412,70,,,2,100,,60407,70,,,2,100,,60404,70,,,1,100,,60409,70,,,2,101,,60395,70,,,1,54,,60400,70,,,1,146,,60408,70,,,1,56,,60410,74,,,2,100,,60401,74,,,2,73,,60396,74,,,2,21,,60405,70,,,1,100,,60397,70,,,2,100,,60406,70,,,1,100,,60402,70,,,1,100,,60398,70,,,2,150,,60411,70,,,1
