3600,'Semaine-3',930,,25457,47,,,1,102,,25458,47,,,1,101,,25456,47,,,1,100,,25459,47,,,1,99,,25461,47,,,1,101,,25462,47,,,1,99,,25460,47,,,1
3700,'Samedi-11',747,,25470,39,,,1,100,,25471,39,,,1,101,,25473,39,,,1,102,,25474,39,,,1,100,,25472,39,,,1,102,,25475,39,,,1,100,,25476,39,,,1,101,,25477,39,,,1,99,,25478,39,,,1,100,,25479,39,,,1,100,,25480,39,,,1,99,,25481,39,,,1,98,,25482,39,,,1,100,,25483,39,,,1,100,,25484,39,,,1,100,,25485,39,,,1,97,,25486,39,,,1,100,,25487,39,,,1
3700,'Samedi-2',747,,25488,39,,,1,100,,25489,39,,,1,101,,25491,39,,,1,102,,25492,39,,,1,100,,25490,39,,,1,102,,25493,39,,,1,100,,25494,39,,,1,101,,25495,39,,,1,99,,25496,39,,,1,100,,25497,39,,,1,100,,25498,39,,,1,99,,25499,39,,,1,98,,25500,39,,,1,100,,25501,39,,,1,100,,25502,39,,,1,100,,25503,39,,,1,97,,25504,39,,,1,100,,25505,39,,,1
3700,'Dimanche-2',747,,25506,39,,,1,100,,25509,39,,,1,101,,25513,39,,,1,102,,25510,39,,,1,100,,25508,39,,,1,102,,25512,39,,,1,100,,25507,39,,,1,101,,25511,39,,,1,99,,25518,39,,,1,100,,25514,39,,,1,100,,25517,39,,,1,99,,25521,39,,,1,98,,25515,39,,,1,100,,25516,39,,,1,100,,25520,39,,,1,100,,25522,39,,,1,97,,25519,39,,,1,100,,25523,39,,,1
3700,'Semaine-3',708,,25545,39,,,1,43,,25551,39,,,1,68,,25542,39,,,1,31,,25526,39,,,1,68,,25540,39,,,1,90,,25532,39,,,1,100,,25528,39,,,1,100,,25529,39,,,1,98,,25530,39,,,1,105,,25531,39,,,1,100,,25537,39,,,1,91,,25538,39,,,1,15,,25539,39,,,1,15,,25525,39,,,1,15,,25547,39,,,1,63,,25534,39,,,1,30,,25543,39,,,1,63,,25533,39,,,1,27,,25527,39,,,1,29,,25524,39,,,1,66,,25535,39,,,1,30,,25550,39,,,1,70,,25541,39,,,1,75,,25552,39,,,1,59,,25548,39,,,1,98,,25536,39,,,1,100,,25546,39,,,1,100,,25549,39,,,1,53,,25544,39,,,1
6400,'Samedi-11',759,,27267,40,0,15 16,1,100,,27269,40,0,15 16,1,100,,27272,40,0,15 16,1,100,,27270,40,0,15 16,2,100,,27273,40,0,15 16,1,100,,27268,40,0,15 16,1,100,,27271,40,0,15 16,2,100,,27274,40,0,15 16,1,98,,27275,40,0,15 16,1,100,,27276,40,0,15 16,1,100,,27277,40,0,15 16,1,100,,27278,40,0,15 16,1
6400,'Samedi-2',759,,27279,40,0,15 16,1,100,,27281,40,0,15 16,1,100,,27284,40,0,15 16,1,100,,27282,40,0,15 16,2,100,,27285,40,0,15 16,1,100,,27280,40,0,15 16,1,100,,27283,40,0,15 16,2,100,,27286,40,0,15 16,1,98,,27287,40,0,15 16,1,100,,27288,40,0,15 16,1,100,,27289,40,0,15 16,1,100,,27290,40,0,15 16,1
6400,'Dimanche-2',759,,27291,40,0,15 16,1,100,,27296,40,0,15 16,1,100,,27292,40,0,15 16,1,100,,27295,40,0,15 16,2,100,,27298,40,0,15 16,1,100,,27297,40,0,15 16,1,100,,27294,40,0,15 16,2,100,,27293,40,0,15 16,1,98,,27301,40,0,15 16,1,100,,27302,40,0,15 16,1,100,,27299,40,0,15 16,1,100,,27300,40,0,15 16,1
6400,'Semaine-3',715,,27311,40,,,2,31,,27308,40,0,15 16,2,71,,27303,40,0,15 16,1,29,,27307,40,0,15 16,1,100,,27309,40,0,15 16,1,100,,27314,40,0,15 16,1,100,,27313,40,0,15 16,1,100,,27306,40,0,15 16,1,100,,27319,40,0,15 16,1,100,,27315,40,0,15 16,1,95,,27316,40,0,15 16,1,70,,27321,40,0,15 16,1,101,,27320,40,0,15 16,1,96,,27317,40,0,15 16,1,100,,27318,40,0,15 16,1,100,,27310,40,0,15 16,1,99,,27304,40,0,15 16,1,100,,27312,40,0,15 16,1,100,,27305,40,0,15 16,1
6801,'Semaine-3',629,,28001,17,,,1,20,,28014,17,,,1,60,,27985,17,,,1,21,,27998,17,,,1,4,,28012,17,,,1,6,,27992,17,,,1,5,,27997,17,,,1,63,,28003,17,,,1,20,,28015,17,,,1,17,,27991,17,,,1,60,,28010,17,,,1,20,,28008,17,,,1,20,,28013,17,,,1,70,,27986,17,,,1,28,,28006,17,,,1,70,,27987,17,,,1,32,,27989,17,,,1,68,,28009,17,,,1,30,,27993,17,,,1,70,,28011,17,,,1,32,,28005,17,,,1,70,,27994,17,,,1,30,,28004,17,,,1,67,,27995,17,,,1,33,,27990,17,,,1,71,,27988,17,,,1,29,,28002,17,,,1,69,,27996,17,,,1,29,,28007,17,,,1,70,,28000,17,,,1,30,,27999,17,,,1
33100,'Semaine-3',820,,29281,11,0,7 8,1
37100,'Samedi-11',818,,29284,40,,,1,102,,29288,40,,,1,99,,29283,40,,,1,103,,29289,40,,,1,100,,29285,40,,,1,100,,29286,40,,,1,100,,29287,40,,,1,104,,29290,40,,,1,100,,29291,40,,,1,100,,29292,40,,,1,98,,29293,40,,,1,98,,29294,40,,,1,100,,29295,40,,,1,98,,29296,40,,,1,100,,29297,40,,,1,99,,29298,40,,,1,98,,29299,40,,,1
37100,'Samedi-2',818,,29301,40,,,1,102,,29305,40,,,1,99,,29300,40,,,1,103,,29306,40,,,1,100,,29302,40,,,1,100,,29303,40,,,1,100,,29304,40,,,1,104,,29307,40,,,1,100,,29308,40,,,1,100,,29309,40,,,1,98,,29310,40,,,1,98,,29311,40,,,1,100,,29312,40,,,1,98,,29313,40,,,1,100,,29314,40,,,1,99,,29315,40,,,1,98,,29316,40,,,1
37100,'Dimanche-2',818,,29317,40,,,1,102,,29323,40,,,1,99,,29324,40,,,1,103,,29325,40,,,1,100,,29318,40,,,1,100,,29320,40,,,1,100,,29319,40,,,1,104,,29321,40,,,1,100,,29322,40,,,1,100,,29327,40,,,1,98,,29332,40,,,1,98,,29326,40,,,1,100,,29328,40,,,1,98,,29333,40,,,1,100,,29331,40,,,1,99,,29329,40,,,1,98,,29330,40,,,1
37100,'Semaine-3',726,,29347,40,,,1,76,,29344,40,,,1,31,,29340,40,,,1,67,,29335,40,,,1,50,,29354,40,,,1,97,,29339,40,,,1,102,,29341,40,,,1,100,,29353,40,,,1,100,,29348,40,,,1,103,,29337,40,,,1,95,,29349,40,,,1,58,,29358,40,,,1,17,,29338,40,,,1,15,,29359,40,,,1,65,,29334,40,,,1,20,,29343,40,,,1,27,,29350,40,,,1,65,,29356,40,,,1,26,,29355,40,,,1,70,,29345,40,,,1,28,,29357,40,,,1,70,,29360,40,,,1,30,,29346,40,,,1,95,,29342,40,,,1,100,,29352,40,,,1,100,,29351,40,,,1,97,,29336,40,,,1
43700,'Semaine-3',747,,30078,35,0,9 14,1,2,,30079,31,0,9 14,1
