9501,'Semaine-4',557,,33978,46,,,2,55,,33974,46,,,1,13,,33976,46,,,1,18,,33981,46,,,2,16,,33977,46,,,2,55,,33979,46,,,1,15,,33980,46,,,2,16,,33975,46,,,2
9501,'Semaine-2-_26ÉTÉ-1111100-',557,,45386,45,,,1,55,,45382,45,,,1,16,,45384,45,,,1,15,,45389,45,,,2,16,,45385,45,,,2,55,,45387,45,,,2,17,,45388,45,,,1,13,,45383,45,,,2
9501,'Semaine-3-_26ÉTÉ-1111100-',557,,45394,45,,,1,55,,45390,45,,,1,16,,45392,45,,,1,15,,45397,45,,,2,16,,45393,45,,,2,55,,45395,45,,,2,17,,45396,45,,,1,13,,45391,45,,,2
9501,'Semaine-4-_26ÉTÉ-1111100-',557,,45402,45,,,1,55,,45398,45,,,1,16,,45400,45,,,1,15,,45405,45,,,2,16,,45401,45,,,2,55,,45403,45,,,2,17,,45404,45,,,1,13,,45399,45,,,2
9701,'Samedi-3',751,,34038,50,,,2,100,,34041,50,,,2,101,,34039,50,,,2,100,,34042,50,,,2,99,,34036,50,,,1,100,,34037,50,,,1,101,,34040,50,,,2,100,,34043,50,,,2,100,,34044,50,,,1,100,,34045,50,,,2,100,,34046,50,,,2,100,,34047,50,,,1,100,,34051,50,,,1,100,,34048,50,,,1,99,,34049,50,,,1,100,,34050,50,,,1
9701,'Dimanche-3',751,,34058,50,,,2,100,,34055,50,,,2,101,,34056,50,,,2,100,,34059,50,,,2,99,,34054,50,,,1,100,,34053,50,,,1,101,,34052,50,,,2,100,,34057,50,,,2,100,,34061,50,,,1,100,,34060,50,,,2,100,,34065,50,,,2,100,,34066,50,,,1,100,,34067,50,,,1,100,,34062,50,,,1,99,,34063,50,,,1,100,,34064,50,,,1
9701,'Semaine-4',633,,34082,50,,,1,99,,34075,50,,,2,111,,34084,50,,,1,103,,34073,50,,,2,100,,34070,50,,,2,100,,34083,50,,,1,100,,34078,50,,,2,99,,34074,50,,,1,101,,34080,50,,,1,104,,34068,50,,,2,96,,34071,50,,,2,99,,34079,50,,,1,97,,34081,50,,,1,94,,34072,50,,,1,98,,34076,50,,,2,100,,34069,50,,,1,100,,34077,50,,,1
9701,'Samedi-10-_26ÉTÉ-0000010-',751,,45485,49,,,2,100,,45488,49,,,1,101,,45486,49,,,2,100,,45489,49,,,2,99,,45483,49,,,1,100,,45484,49,,,1,101,,45487,49,,,2,100,,45490,49,,,2,100,,45491,49,,,1,100,,45492,49,,,2,100,,45493,49,,,2,100,,45494,49,,,1,100,,45498,49,,,1,100,,45495,49,,,1,99,,45496,49,,,1,100,,45497,49,,,1
9701,'Semaine-2-_26ÉTÉ-1111100-',633,,45513,49,,,1,99,,45506,49,,,2,111,,45515,49,,,1,103,,45504,49,,,2,100,,45501,49,,,1,100,,45514,49,,,2,98,,45509,49,,,2,101,,45505,49,,,1,101,,45511,49,,,2,103,,45499,49,,,1,97,,45502,49,,,1,99,,45510,49,,,1,97,,45512,49,,,2,94,,45503,49,,,2,98,,45507,49,,,1,100,,45500,49,,,2,100,,45508,49,,,1
9701,'Semaine-3-_26ÉTÉ-1111100-',633,,45530,49,,,1,99,,45523,49,,,2,111,,45532,49,,,1,103,,45521,49,,,2,100,,45518,49,,,1,100,,45531,49,,,2,98,,45526,49,,,2,101,,45522,49,,,1,101,,45528,49,,,2,103,,45516,49,,,1,97,,45519,49,,,1,99,,45527,49,,,1,97,,45529,49,,,2,94,,45520,49,,,2,98,,45524,49,,,1,100,,45517,49,,,2,100,,45525,49,,,1
9701,'Semaine-4-_26ÉTÉ-1111100-',633,,45547,49,,,1,99,,45540,49,,,2,111,,45549,49,,,1,103,,45538,49,,,2,100,,45535,49,,,1,100,,45548,49,,,2,98,,45543,49,,,2,101,,45539,49,,,1,101,,45545,49,,,2,103,,45533,49,,,1,97,,45536,49,,,1,99,,45544,49,,,1,97,,45546,49,,,2,94,,45537,49,,,2,98,,45541,49,,,1,100,,45534,49,,,2,100,,45542,49,,,1
9801,'Semaine-4',529,,34085,46,,,1,10,,34086,46,,,1,10,,34087,46,,,1
9801,'Semaine-2-_26ÉTÉ-1111100-',529,,45550,45,,,1,10,,45551,45,,,1,10,,45552,45,,,1
9801,'Semaine-3-_26ÉTÉ-1111100-',529,,45553,45,,,1,10,,45554,45,,,1,10,,45555,45,,,1
9801,'Semaine-4-_26ÉTÉ-1111100-',529,,45556,45,,,1,10,,45557,45,,,1,10,,45558,45,,,1
29701,'Semaine-4',1521,,34182,26,0,19,2
