3100,'Samedi-3',746,,30408,38,,,1,70,,30409,38,,,1,104,,30410,38,,,1,101,,30407,38,,,1,102,,30413,38,,,1,102,,30414,38,,,1,101,,30411,38,,,1,100,,30412,38,,,1,100,,30415,38,,,1,102,,30416,38,,,1,98,,30417,38,,,1,100,,30418,38,,,1,91,,30424,38,,,1,100,,30419,38,,,1,100,,30420,38,,,1,100,,30421,38,,,1,100,,30422,38,,,1,100,,30423,38,,,1,95,,30425,38,,,1
3100,'Samedi-4',746,,35104,38,,,1,70,,35105,38,,,1,104,,35106,38,,,1,101,,35103,38,,,1,102,,35109,38,,,1,102,,35110,38,,,1,101,,35107,38,,,1,100,,35108,38,,,1,100,,35111,38,,,1,102,,35112,38,,,1,98,,35113,38,,,1,100,,35114,38,,,1,91,,35120,38,,,1,100,,35115,38,,,1,100,,35116,38,,,1,100,,35117,38,,,1,100,,35118,38,,,1,100,,35119,38,,,1,95,,35121,38,,,1
3100,'Dimanche-3',746,,30430,38,,,1,70,,30431,38,,,1,104,,30432,38,,,1,101,,30433,38,,,1,102,,30426,38,,,1,102,,30427,38,,,1,101,,30428,38,,,1,100,,30429,38,,,1,100,,30435,38,,,1,102,,30436,38,,,1,98,,30434,38,,,1,100,,30437,38,,,1,91,,30440,38,,,1,100,,30444,38,,,1,100,,30438,38,,,1,100,,30439,38,,,1,100,,30442,38,,,1,100,,30441,38,,,1,95,,30443,38,,,1
3100,'Semaine-4',634,,30449,36,,,1,75,,30484,36,,,1,32,,30462,36,,,1,71,,30450,36,,,1,20,,30490,36,,,1,14,,30487,36,,,1,60,,30446,36,,,1,16,,30459,36,,,1,17,,30460,36,,,1,12,,30476,36,,,1,59,,30451,36,,,1,21,,30453,36,,,1,20,,30470,36,,,1,60,,30471,36,,,1,20,,30477,36,,,1,20,,30452,36,,,1,60,,30457,36,,,1,21,,30478,36,,,1,20,,30485,36,,,1,59,,30473,36,,,1,20,,30454,36,,,1,21,,30447,36,,,1,57,,30483,36,,,1,22,,30488,36,,,1,19,,30472,36,,,1,60,,30455,36,,,1,19,,30475,36,,,1,28,,30479,36,,,1,61,,30486,36,,,1,17,,30474,36,,,1,14,,30456,36,,,1,61,,30467,36,,,1,20,,30469,36,,,1,22,,30458,36,,,1,5,,30445,29,,,1,53,,30463,36,,,1,21,,30448,36,,,1,13,,30481,36,,,1,57,,30489,36,,,1,26,,30464,38,,,1,98,,30482,38,,,1,99,,30465,38,,,1,100,,30461,38,,,1,99,,30466,38,,,1,102,,30468,38,,,1,103,,30480,38,,,1
3100,'Semaine-5',634,,35126,36,,,1,75,,35161,36,,,1,32,,35139,36,,,1,71,,35127,36,,,1,20,,35167,36,,,1,14,,35164,36,,,1,60,,35123,36,,,1,16,,35136,36,,,1,17,,35137,36,,,1,12,,35153,36,,,1,59,,35128,36,,,1,21,,35130,36,,,1,20,,35147,36,,,1,60,,35148,36,,,1,20,,35154,36,,,1,20,,35129,36,,,1,60,,35134,36,,,1,21,,35155,36,,,1,20,,35162,36,,,1,59,,35150,36,,,1,20,,35131,36,,,1,21,,35124,36,,,1,57,,35160,36,,,1,22,,35165,36,,,1,19,,35149,36,,,1,60,,35132,36,,,1,19,,35152,36,,,1,28,,35156,36,,,1,61,,35163,36,,,1,17,,35151,36,,,1,14,,35133,36,,,1,61,,35144,36,,,1,20,,35146,36,,,1,22,,35135,36,,,1,5,,35122,29,,,1,53,,35140,36,,,1,21,,35125,36,,,1,13,,35158,36,,,1,57,,35166,36,,,1,26,,35141,38,,,1,98,,35159,38,,,1,99,,35142,38,,,1,100,,35138,38,,,1,99,,35143,38,,,1,102,,35145,38,,,1,103,,35157,38,,,1
33100,'Semaine-4',816,,34191,5,0,7 8,1
33100,'Semaine-5',816,,38022,5,0,7 8,1
43101,'Semaine-4',740,,34804,15,0,9 14,1
43101,'Semaine-5',740,,38455,15,0,9 14,1
83100,'Semaine-4',1536,,35023,14,0,9 12 13,1
83100,'Semaine-5',1536,,38642,14,0,9 12 13,1
