4001,'Semaine-4',622,,31622,37,,,1,32,,31621,37,,,1,71,,31624,37,,,2,33,,31620,37,,,2,67,,31619,37,,,1,27,,31623,37,,,1
4001,'Semaine-5',622,,36030,37,,,1,32,,36029,37,,,1,71,,36032,37,,,2,33,,36028,37,,,2,67,,36027,37,,,1,27,,36031,37,,,1
4101,'Semaine-4',646,,31632,28,,,1,72,,31633,28,,,2,31,,31634,28,,,2,69,,31631,28,,,1,30,,31630,28,,,1
4101,'Semaine-5',646,,36040,28,,,1,72,,36041,28,,,2,31,,36042,28,,,2,69,,36039,28,,,1,30,,36038,28,,,1
4501,'Semaine-4',637,,31645,31,,,1,70,,31649,31,,,1,32,,31648,31,,,2,71,,31647,31,,,1,26,,31650,31,,,2,71,,31646,31,,,1
4501,'Semaine-5',637,,36053,31,,,1,70,,36057,31,,,1,32,,36056,31,,,2,71,,36055,31,,,1,26,,36058,31,,,2,71,,36054,31,,,1
4701,'Semaine-4',624,,31656,24,,,2,87,,31657,24,,,1,45,,31654,24,,,2,68,,31655,24,,,1
4701,'Semaine-5',624,,36064,24,,,2,87,,36065,24,,,1,45,,36062,24,,,2,68,,36063,24,,,1
5501,'Samedi-3',710,,32043,35,,,1,30,,32046,35,,,1,70,,32045,35,,,1,30,,32055,35,,,1,70,,32044,35,,,1,30,,32047,35,,,1,70,,32048,35,,,1,30,,32054,35,,,1,72,,32050,35,,,1,30,,32051,35,,,1,71,,32049,35,,,1,28,,32057,35,,,1,70,,32056,35,,,1,30,,32052,35,,,1,70,,32053,35,,,1,30,,32058,35,,,1,70,,32059,35,,,1,30,,32060,35,,,1,70,,32061,35,,,1,30,,32062,35,,,1,70,,32063,35,,,1,30,,32064,35,,,1,70,,32065,35,,,1,28,,32066,35,,,1,70,,32067,35,,,1,30,,32068,35,,,1,70,,32069,35,,,1,29,,32070,35,,,1,70,,32071,35,,,1,30,,32073,35,,,1,68,,32072,35,,,1,32,,32075,35,,,1,68,,32074,35,,,1
5501,'Samedi-4',710,,36345,35,,,1,30,,36348,35,,,1,70,,36347,35,,,1,30,,36357,35,,,1,70,,36346,35,,,1,30,,36349,35,,,1,70,,36350,35,,,1,30,,36356,35,,,1,72,,36352,35,,,1,30,,36353,35,,,1,71,,36351,35,,,1,28,,36359,35,,,1,70,,36358,35,,,1,30,,36354,35,,,1,70,,36355,35,,,1,30,,36360,35,,,1,70,,36361,35,,,1,30,,36362,35,,,1,70,,36363,35,,,1,30,,36364,35,,,1,70,,36365,35,,,1,30,,36366,35,,,1,70,,36367,35,,,1,28,,36368,35,,,1,70,,36369,35,,,1,30,,36370,35,,,1,70,,36371,35,,,1,29,,36372,35,,,1,70,,36373,35,,,1,30,,36375,35,,,1,68,,36374,35,,,1,32,,36377,35,,,1,68,,36376,35,,,1
5501,'Dimanche-3',710,,32077,35,,,1,30,,32082,35,,,1,70,,32078,35,,,1,30,,32086,35,,,1,70,,32089,35,,,1,30,,32081,35,,,1,70,,32093,35,,,1,30,,32087,35,,,1,72,,32088,35,,,1,30,,32079,35,,,1,71,,32076,35,,,1,28,,32083,35,,,1,70,,32090,35,,,1,30,,32080,35,,,1,70,,32091,35,,,1,30,,32085,35,,,1,70,,32084,35,,,1,30,,32094,35,,,1,70,,32098,35,,,1,30,,32092,35,,,1,70,,32095,35,,,1,30,,32105,35,,,1,70,,32102,35,,,1,28,,32107,35,,,1,70,,32108,35,,,1,30,,32096,35,,,1,70,,32099,35,,,1,29,,32097,35,,,1,70,,32100,35,,,1,30,,32101,35,,,1,68,,32104,35,,,1,31,,32106,35,,,1,69,,32103,35,,,1
5501,'Semaine-4',526,,32122,35,,,1,14,,32129,35,,,1,14,,32128,35,,,1,58,,32112,35,,,1,15,,32150,35,,,1,21,,32149,35,,,1,9,,32109,35,,,1,53,,32154,35,,,1,15,,32135,35,,,1,13,,32143,35,,,1,15,,32113,35,,,1,50,,32117,35,,,1,12,,32115,35,,,1,9,,32144,35,,,1,6,,32146,35,,,1,13,,32123,35,,,1,71,,32127,35,,,1,10,,32114,35,,,1,11,,32148,35,,,1,69,,32141,35,,,1,23,,32153,2,,,1,8,,32145,35,,,1,69,,32111,35,,,1,29,,32118,35,,,1,71,,32131,35,,,1,29,,32142,35,,,1,70,,32138,35,,,1,30,,32119,35,,,1,70,,32151,35,,,1,31,,32110,35,,,1,71,,32116,35,,,1,49,,32120,35,,,1,99,,32125,35,,,1,100,,32130,35,,,1,101,,32147,35,,,1,60,,32136,35,,,1,30,,32124,35,,,1,70,,32140,35,,,1,30,,32133,35,,,1,70,,32152,35,,,1,30,,32126,35,,,1,70,,32132,35,,,1,30,,32134,35,,,1,70,,32121,35,,,1,29,,32139,35,,,1,70,,32137,35,,,1
5501,'Semaine-5',526,,36391,35,,,1,14,,36398,35,,,1,14,,36397,35,,,1,58,,36381,35,,,1,15,,36419,35,,,1,21,,36418,35,,,1,9,,36378,35,,,1,53,,36423,35,,,1,15,,36404,35,,,1,13,,36412,35,,,1,15,,36382,35,,,1,50,,36386,35,,,1,12,,36384,35,,,1,9,,36413,35,,,1,6,,36415,35,,,1,13,,36392,35,,,1,71,,36396,35,,,1,10,,36383,35,,,1,11,,36417,35,,,1,69,,36410,35,,,1,23,,36422,2,,,1,8,,36414,35,,,1,69,,36380,35,,,1,29,,36387,35,,,1,71,,36400,35,,,1,29,,36411,35,,,1,70,,36407,35,,,1,30,,36388,35,,,1,70,,36420,35,,,1,31,,36379,35,,,1,71,,36385,35,,,1,49,,36389,35,,,1,99,,36394,35,,,1,100,,36399,35,,,1,101,,36416,35,,,1,60,,36405,35,,,1,30,,36393,35,,,1,70,,36409,35,,,1,30,,36402,35,,,1,70,,36421,35,,,1,30,,36395,35,,,1,70,,36401,35,,,1,30,,36403,35,,,1,70,,36390,35,,,1,29,,36408,35,,,1,70,,36406,35,,,1
5600,'Semaine-4',643,,32161,22,,,1,62,,32159,22,,,1,3,,32163,22,,,1,33,,32162,22,,,2,71,,32156,22,,,1,100,,32155,22,,,1,109,,32157,22,,,1,98,,32160,22,,,1,100,,32158,22,,,1
5600,'Semaine-5',643,,36430,22,,,1,62,,36428,22,,,1,3,,36432,22,,,1,33,,36431,22,,,2,71,,36425,22,,,1,100,,36424,22,,,1,109,,36426,22,,,1,98,,36429,22,,,1,100,,36427,22,,,1
5801,'Semaine-4',604,,32181,23,,,1,32,,32185,23,,,1,71,,32183,23,,,1,30,,32182,23,,,2,70,,32179,23,,,1,30,,32184,23,,,1,800,,32180,23,,,1
5801,'Semaine-5',604,,36450,23,,,1,32,,36454,23,,,1,71,,36452,23,,,1,30,,36451,23,,,2,70,,36448,23,,,1,30,,36453,23,,,1,800,,36449,23,,,1
5901,'Samedi-3',720,,32301,24,,,1,30,,32308,24,,,1,72,,32305,24,,,1,30,,32310,24,,,1,70,,32302,24,,,1,30,,32307,24,,,1,71,,32306,24,,,1,30,,32309,24,,,1,70,,32313,24,,,1,30,,32314,24,,,1,70,,32303,24,,,1,30,,32304,24,,,1,70,,32312,24,,,1,30,,32311,24,,,1,70,,32315,24,,,1,30,,32316,24,,,1,70,,32317,24,,,1,30,,32318,24,,,1,70,,32319,24,,,1,30,,32320,24,,,1,70,,32321,24,,,1,30,,32322,24,,,1,70,,32323,24,,,1,29,,32324,24,,,1,69,,32325,24,,,1,30,,32327,24,,,1,70,,32326,24,,,1,29,,32328,24,,,1,70,,32329,24,,,1,30,,32330,24,,,1,70,,32332,24,,,1,28,,32331,24,,,1
5901,'Samedi-4',720,,36536,24,,,1,30,,36543,24,,,1,72,,36540,24,,,1,30,,36545,24,,,1,70,,36537,24,,,1,30,,36542,24,,,1,71,,36541,24,,,1,30,,36544,24,,,1,70,,36548,24,,,1,30,,36549,24,,,1,70,,36538,24,,,1,30,,36539,24,,,1,70,,36547,24,,,1,30,,36546,24,,,1,70,,36550,24,,,1,30,,36551,24,,,1,70,,36552,24,,,1,30,,36553,24,,,1,70,,36554,24,,,1,30,,36555,24,,,1,70,,36556,24,,,1,30,,36557,24,,,1,70,,36558,24,,,1,29,,36559,24,,,1,69,,36560,24,,,1,30,,36562,24,,,1,70,,36561,24,,,1,29,,36563,24,,,1,70,,36564,24,,,1,30,,36565,24,,,1,70,,36567,24,,,1,28,,36566,24,,,1
5901,'Dimanche-3',720,,32339,24,,,1,30,,32342,24,,,1,72,,32344,24,,,1,30,,32335,24,,,1,70,,32338,24,,,1,30,,32341,24,,,1,71,,32345,24,,,1,30,,32333,24,,,1,70,,32336,24,,,1,30,,32350,24,,,1,70,,32343,24,,,1,30,,32334,24,,,1,70,,32337,24,,,1,30,,32340,24,,,1,70,,32347,24,,,1,30,,32346,24,,,1,70,,32349,24,,,1,30,,32351,24,,,1,70,,32348,24,,,1,30,,32357,24,,,1,70,,32358,24,,,1,30,,32354,24,,,1,70,,32353,24,,,1,29,,32363,24,,,1,69,,32360,24,,,1,30,,32361,24,,,1,70,,32352,24,,,1,29,,32355,24,,,1,70,,32359,24,,,1,30,,32356,24,,,1,70,,32362,24,,,1,28,,32364,24,,,1
5901,'Semaine-4',520,,32369,24,,,1,13,,32405,24,,,1,16,,32378,24,,,1,55,,32399,24,,,1,15,,32379,24,,,1,15,,32368,24,,,1,6,,32370,24,,,1,62,,32373,24,,,1,6,,32408,2,,,1,11,,32409,2,,,1,9,,32376,24,,,1,5,,32410,2,,,1,13,,32377,24,,,1,54,,32372,24,,,1,10,,32401,24,,,1,9,,32387,24,,,1,8,,32392,24,,,1,13,,32366,24,,,1,12,,32382,24,,,1,53,,32367,24,,,1,12,,32385,24,,,1,32,,32411,24,,,1,70,,32406,24,,,1,30,,32393,24,,,1,70,,32375,24,,,1,30,,32386,24,,,1,70,,32389,24,,,1,30,,32374,24,,,1,71,,32403,24,,,1,29,,32365,24,,,1,70,,32407,24,,,1,30,,32397,24,,,1,75,,32400,24,,,1,100,,32404,24,,,1,100,,32384,24,,,1,99,,32391,24,,,1,36,,32396,24,,,1,70,,32383,24,,,1,30,,32390,24,,,1,70,,32395,24,,,1,30,,32402,24,,,1,70,,32380,24,,,1,30,,32398,24,,,1,69,,32388,24,,,1,30,,32371,24,,,1,70,,32381,24,,,1,30,,32394,24,,,1
5901,'Semaine-5',520,,36572,24,,,1,13,,36608,24,,,1,16,,36581,24,,,1,55,,36602,24,,,1,15,,36582,24,,,1,15,,36571,24,,,1,6,,36573,24,,,1,62,,36576,24,,,1,6,,36611,2,,,1,11,,36612,2,,,1,9,,36579,24,,,1,5,,36613,2,,,1,13,,36580,24,,,1,54,,36575,24,,,1,10,,36604,24,,,1,9,,36590,24,,,1,8,,36595,24,,,1,13,,36569,24,,,1,12,,36585,24,,,1,53,,36570,24,,,1,12,,36588,24,,,1,32,,36614,24,,,1,70,,36609,24,,,1,30,,36596,24,,,1,70,,36578,24,,,1,30,,36589,24,,,1,70,,36592,24,,,1,30,,36577,24,,,1,71,,36606,24,,,1,29,,36568,24,,,1,70,,36610,24,,,1,30,,36600,24,,,1,75,,36603,24,,,1,100,,36607,24,,,1,100,,36587,24,,,1,99,,36594,24,,,1,36,,36599,24,,,1,70,,36586,24,,,1,30,,36593,24,,,1,70,,36598,24,,,1,30,,36605,24,,,1,70,,36583,24,,,1,30,,36601,24,,,1,69,,36591,24,,,1,30,,36574,24,,,1,70,,36584,24,,,1,30,,36597,24,,,1
55400,'Semaine-4',703,,34822,12,0,5 6,1
55400,'Semaine-5',703,,38473,12,0,5 6,1
65501,'Semaine-4',1520,,34849,23,0,9 10,1
65501,'Semaine-5',1520,,38500,23,0,9 10,1
74001,'Semaine-4',824,,34858,38,0,5 11,1,2,,34859,38,0,5 11,1
74001,'Semaine-5',824,,38509,38,0,5 11,1,2,,38510,38,0,5 11,1
80000,'Samedi-3',727,,34866,28,,,2,100,,34867,28,,,1,100,,34868,28,,,2,101,,34870,28,,,1,100,,34871,28,,,2,100,,34869,28,,,2,100,,34872,28,,,1,100,,34873,28,,,2,100,,34874,28,,,1,100,,34875,28,,,1,100,,34876,28,,,2,100,,34877,28,,,1,100,,34880,28,,,1,99,,34878,28,,,1,100,,34879,28,,,2,98,,34881,28,,,1,100,,34882,28,,,1
80000,'Samedi-4',727,,38517,28,,,2,100,,38518,28,,,1,100,,38519,28,,,2,101,,38521,28,,,1,100,,38522,28,,,2,100,,38520,28,,,2,100,,38523,28,,,1,100,,38524,28,,,2,100,,38525,28,,,1,100,,38526,28,,,1,100,,38527,28,,,2,100,,38528,28,,,1,100,,38531,28,,,1,99,,38529,28,,,1,100,,38530,28,,,2,98,,38532,28,,,1,100,,38533,28,,,1
80000,'Dimanche-3',727,,34887,28,,,2,100,,34883,28,,,1,100,,34888,28,,,2,101,,34884,28,,,1,100,,34885,28,,,2,100,,34889,28,,,2,100,,34886,28,,,1,100,,34891,28,,,2,100,,34890,28,,,1,100,,34892,28,,,1,100,,34895,28,,,2,100,,34893,28,,,1,100,,34894,28,,,1,99,,34896,28,,,1,100,,34897,28,,,2,98,,34899,28,,,1,100,,34898,28,,,1
80000,'Semaine-4',605,,34931,28,,,1,30,,34913,28,,,1,70,,34903,28,,,1,14,,34906,28,,,1,16,,34926,28,,,1,73,,34914,28,,,1,19,,34902,28,,,1,26,,34928,28,,,1,70,,34905,28,,,2,30,,34923,28,,,1,70,,34917,28,,,1,31,,34935,28,,,1,69,,34904,28,,,1,30,,34921,28,,,2,70,,34919,28,,,1,30,,34934,28,,,1,70,,34916,28,,,1,30,,34929,28,,,1,71,,34918,28,,,1,31,,34925,28,,,1,72,,34924,28,,,2,30,,34920,28,,,1,70,,34932,28,,,2,31,,34907,28,,,1,69,,34915,28,,,1,28,,34909,28,,,1,71,,34930,28,,,1,29,,34908,28,,,1,70,,34912,28,,,1,30,,34900,28,,,1,70,,34933,28,,,1,29,,34910,28,,,1,67,,34911,28,,,1,30,,34927,28,,,1,68,,34901,28,,,1,29,,34922,28,,,1
80000,'Semaine-5',605,,38565,28,,,1,30,,38547,28,,,1,70,,38537,28,,,1,14,,38540,28,,,1,16,,38560,28,,,1,73,,38548,28,,,1,19,,38536,28,,,1,26,,38562,28,,,1,70,,38539,28,,,2,30,,38557,28,,,1,70,,38551,28,,,1,31,,38569,28,,,1,69,,38538,28,,,1,30,,38555,28,,,2,70,,38553,28,,,1,30,,38568,28,,,1,70,,38550,28,,,1,30,,38563,28,,,1,71,,38552,28,,,1,31,,38559,28,,,1,72,,38558,28,,,2,30,,38554,28,,,1,70,,38566,28,,,2,31,,38541,28,,,1,69,,38549,28,,,1,28,,38543,28,,,1,71,,38564,28,,,1,29,,38542,28,,,1,70,,38546,28,,,1,30,,38534,28,,,1,70,,38567,28,,,1,29,,38544,28,,,1,67,,38545,28,,,1,30,,38561,28,,,1,68,,38535,28,,,1,29,,38556,28,,,1
