3100,'Samedi-0-_26ÉTÉ-0000010-',752,,47431,46,,,1,70,,47432,46,,,1,104,,47433,46,,,1,101,,47430,46,,,1,102,,47436,46,,,1,102,,47437,46,,,1,102,,47434,46,,,1,100,,47435,46,,,1,100,,47438,46,,,1,102,,47439,46,,,1,98,,47440,46,,,1,100,,47441,46,,,1,91,,47447,46,,,1,100,,47442,46,,,1,99,,47443,46,,,1,100,,47444,46,,,1,100,,47445,46,,,1,100,,47446,46,,,1,95,,47448,46,,,1
3100,'Dimanche-0-_26ÉTÉ-0000001-',752,,47453,46,,,1,70,,47454,46,,,1,104,,47455,46,,,1,101,,47456,46,,,1,102,,47449,46,,,1,102,,47450,46,,,1,102,,47451,46,,,1,100,,47452,46,,,1,100,,47458,46,,,1,102,,47459,46,,,1,98,,47457,46,,,1,100,,47460,46,,,1,91,,47463,46,,,1,100,,47467,46,,,1,99,,47461,46,,,1,100,,47462,46,,,1,100,,47465,46,,,1,100,,47464,46,,,1,95,,47466,46,,,1
3100,'Dimanche-10-_26ÉTÉ-0000001-',752,,47472,46,,,1,70,,47473,46,,,1,104,,47474,46,,,1,101,,47475,46,,,1,102,,47468,46,,,1,102,,47469,46,,,1,102,,47470,46,,,1,100,,47471,46,,,1,100,,47477,46,,,1,102,,47478,46,,,1,98,,47476,46,,,1,100,,47479,46,,,1,91,,47482,46,,,1,100,,47486,46,,,1,99,,47480,46,,,1,100,,47481,46,,,1,100,,47484,46,,,1,100,,47483,46,,,1,95,,47485,46,,,1
3100,'Dimanche-11-_26ÉTÉ-0000001-',752,,47491,46,,,1,70,,47492,46,,,1,104,,47493,46,,,1,101,,47494,46,,,1,102,,47487,46,,,1,102,,47488,46,,,1,102,,47489,46,,,1,100,,47490,46,,,1,100,,47496,46,,,1,102,,47497,46,,,1,98,,47495,46,,,1,100,,47498,46,,,1,91,,47501,46,,,1,100,,47505,46,,,1,99,,47499,46,,,1,100,,47500,46,,,1,100,,47503,46,,,1,100,,47502,46,,,1,95,,47504,46,,,1
3100,'Semaine-1-_26ÉTÉ-1111100-',639,,47510,44,,,1,75,,47545,44,,,1,32,,47523,44,,,1,72,,47511,44,,,1,20,,47551,44,,,1,13,,47548,44,,,1,61,,47507,44,,,1,16,,47520,44,,,1,17,,47521,44,,,1,12,,47537,44,,,1,59,,47512,44,,,1,21,,47514,44,,,1,20,,47531,44,,,1,60,,47532,44,,,1,20,,47538,44,,,1,20,,47513,44,,,1,60,,47518,44,,,1,21,,47539,44,,,1,20,,47546,44,,,1,60,,47534,44,,,1,20,,47515,44,,,1,20,,47508,44,,,1,57,,47544,44,,,1,22,,47549,44,,,1,19,,47533,44,,,1,59,,47516,44,,,1,19,,47536,44,,,1,71,,47540,44,,,1,21,,47547,44,,,1,16,,47535,44,,,1,14,,47517,44,,,1,61,,47528,44,,,1,20,,47530,44,,,1,22,,47519,44,,,1,43,,47506,37,,,1,14,,47524,44,,,1,21,,47509,44,,,1,13,,47542,44,,,1,57,,47550,44,,,1,26,,47525,46,,,1,97,,47543,46,,,1,100,,47526,46,,,1,100,,47522,46,,,1,99,,47527,46,,,1,102,,47529,46,,,1,103,,47541,46,,,1
3100,'Semaine-10-_26ÉTÉ-1111100-',639,,47556,44,,,1,75,,47591,44,,,1,32,,47569,44,,,1,72,,47557,44,,,1,20,,47597,44,,,1,13,,47594,44,,,1,61,,47553,44,,,1,16,,47566,44,,,1,17,,47567,44,,,1,12,,47583,44,,,1,59,,47558,44,,,1,21,,47560,44,,,1,20,,47577,44,,,1,60,,47578,44,,,1,20,,47584,44,,,1,20,,47559,44,,,1,60,,47564,44,,,1,21,,47585,44,,,1,20,,47592,44,,,1,60,,47580,44,,,1,20,,47561,44,,,1,20,,47554,44,,,1,57,,47590,44,,,1,22,,47595,44,,,1,19,,47579,44,,,1,59,,47562,44,,,1,19,,47582,44,,,1,71,,47586,44,,,1,21,,47593,44,,,1,16,,47581,44,,,1,14,,47563,44,,,1,61,,47574,44,,,1,20,,47576,44,,,1,22,,47565,44,,,1,43,,47552,37,,,1,14,,47570,44,,,1,21,,47555,44,,,1,13,,47588,44,,,1,57,,47596,44,,,1,26,,47571,46,,,1,97,,47589,46,,,1,100,,47572,46,,,1,100,,47568,46,,,1,99,,47573,46,,,1,102,,47575,46,,,1,103,,47587,46,,,1
3100,'Semaine-11-_26ÉTÉ-1111100-',639,,47602,44,,,1,75,,47637,44,,,1,32,,47615,44,,,1,72,,47603,44,,,1,20,,47643,44,,,1,13,,47640,44,,,1,61,,47599,44,,,1,16,,47612,44,,,1,17,,47613,44,,,1,12,,47629,44,,,1,59,,47604,44,,,1,21,,47606,44,,,1,20,,47623,44,,,1,60,,47624,44,,,1,20,,47630,44,,,1,20,,47605,44,,,1,60,,47610,44,,,1,21,,47631,44,,,1,20,,47638,44,,,1,60,,47626,44,,,1,20,,47607,44,,,1,20,,47600,44,,,1,57,,47636,44,,,1,22,,47641,44,,,1,19,,47625,44,,,1,59,,47608,44,,,1,19,,47628,44,,,1,71,,47632,44,,,1,21,,47639,44,,,1,16,,47627,44,,,1,14,,47609,44,,,1,61,,47620,44,,,1,20,,47622,44,,,1,22,,47611,44,,,1,43,,47598,37,,,1,14,,47616,44,,,1,21,,47601,44,,,1,13,,47634,44,,,1,57,,47642,44,,,1,26,,47617,46,,,1,97,,47635,46,,,1,100,,47618,46,,,1,100,,47614,46,,,1,99,,47619,46,,,1,102,,47621,46,,,1,103,,47633,46,,,1
3100,'Semaine-12-_26ÉTÉ-1111100-',639,,47648,44,,,1,75,,47683,44,,,1,32,,47661,44,,,1,72,,47649,44,,,1,20,,47689,44,,,1,13,,47686,44,,,1,61,,47645,44,,,1,16,,47658,44,,,1,17,,47659,44,,,1,12,,47675,44,,,1,59,,47650,44,,,1,21,,47652,44,,,1,20,,47669,44,,,1,60,,47670,44,,,1,20,,47676,44,,,1,20,,47651,44,,,1,60,,47656,44,,,1,21,,47677,44,,,1,20,,47684,44,,,1,60,,47672,44,,,1,20,,47653,44,,,1,20,,47646,44,,,1,57,,47682,44,,,1,22,,47687,44,,,1,19,,47671,44,,,1,59,,47654,44,,,1,19,,47674,44,,,1,71,,47678,44,,,1,21,,47685,44,,,1,16,,47673,44,,,1,14,,47655,44,,,1,61,,47666,44,,,1,20,,47668,44,,,1,22,,47657,44,,,1,43,,47644,37,,,1,14,,47662,44,,,1,21,,47647,44,,,1,13,,47680,44,,,1,57,,47688,44,,,1,26,,47663,46,,,1,97,,47681,46,,,1,100,,47664,46,,,1,100,,47660,46,,,1,99,,47665,46,,,1,102,,47667,46,,,1,103,,47679,46,,,1
3100,'Semaine-5-_26ÉTÉ-1111100-',639,,47694,44,,,1,75,,47729,44,,,1,32,,47707,44,,,1,72,,47695,44,,,1,20,,47735,44,,,1,13,,47732,44,,,1,61,,47691,44,,,1,16,,47704,44,,,1,17,,47705,44,,,1,12,,47721,44,,,1,59,,47696,44,,,1,21,,47698,44,,,1,20,,47715,44,,,1,60,,47716,44,,,1,20,,47722,44,,,1,20,,47697,44,,,1,60,,47702,44,,,1,21,,47723,44,,,1,20,,47730,44,,,1,60,,47718,44,,,1,20,,47699,44,,,1,20,,47692,44,,,1,57,,47728,44,,,1,22,,47733,44,,,1,19,,47717,44,,,1,59,,47700,44,,,1,19,,47720,44,,,1,71,,47724,44,,,1,21,,47731,44,,,1,16,,47719,44,,,1,14,,47701,44,,,1,61,,47712,44,,,1,20,,47714,44,,,1,22,,47703,44,,,1,43,,47690,37,,,1,14,,47708,44,,,1,21,,47693,44,,,1,13,,47726,44,,,1,57,,47734,44,,,1,26,,47709,46,,,1,97,,47727,46,,,1,100,,47710,46,,,1,100,,47706,46,,,1,99,,47711,46,,,1,102,,47713,46,,,1,103,,47725,46,,,1
43101,'Semaine-5-_26ÉTÉ-1111100-',746,,62943,23,,,1
