6900,'Samedi-3',854,,33136,18,,,1,100,,33135,18,,,1,100,,33137,18,,,1,100,,33139,18,,,1,100,,33138,18,,,1,100,,33140,18,,,1,101,,33141,18,,,1,99,,33142,18,,,1,100,,33143,18,,,1,100,,33144,18,,,1,100,,33145,18,,,1,100,,33146,18,,,2,100,,33147,18,,,2,100,,33148,18,,,2,100,,33149,18,,,2
6900,'Samedi-4',854,,37176,18,,,1,100,,37175,18,,,1,100,,37177,18,,,1,100,,37179,18,,,1,100,,37178,18,,,1,100,,37180,18,,,1,101,,37181,18,,,1,99,,37182,18,,,1,100,,37183,18,,,1,100,,37184,18,,,1,100,,37185,18,,,1,100,,37186,18,,,2,100,,37187,18,,,2,100,,37188,18,,,2,100,,37189,18,,,2
6900,'Dimanche-3',854,,33152,18,,,1,100,,33153,18,,,1,100,,33150,18,,,1,100,,33151,18,,,1,100,,33154,18,,,1,100,,33155,18,,,1,101,,33158,18,,,1,99,,33159,18,,,1,100,,33156,18,,,1,100,,33157,18,,,1,100,,33164,18,,,1,100,,33162,18,,,2,100,,33163,18,,,2,100,,33160,18,,,2,100,,33161,18,,,2
6900,'Semaine-4',847,,33174,18,,,1,101,,33175,18,,,2,100,,33176,18,,,2,100,,33177,18,,,2,95,,33178,18,,,2,100,,33179,18,,,2,100,,33183,18,,,2,70,,33170,18,,,1,30,,33167,18,,,2,70,,33165,18,,,1,30,,33180,18,,,1,70,,33171,18,,,1,30,,33181,18,,,1,70,,33184,18,,,1,29,,33182,18,,,1,81,,33173,18,,,1,100,,33172,18,,,1,100,,33166,18,,,1,100,,33169,18,,,1,98,,33168,18,,,1
6900,'Samedi-10-_26ÉTÉ-0000010-',854,,43746,18,,,1,100,,43745,18,,,1,100,,43747,18,,,1,100,,43749,18,,,1,100,,43748,18,,,1,100,,43750,18,,,1,101,,43751,18,,,1,99,,43752,18,,,1,100,,43753,18,,,1,100,,43754,18,,,1,100,,43755,18,,,1,100,,43756,18,,,2,100,,43757,18,,,2,100,,43758,18,,,2,100,,43759,18,,,2
6900,'Semaine-2-_26ÉTÉ-1111100-',847,,43769,18,,,1,101,,43770,18,,,2,100,,43771,18,,,2,100,,43772,18,,,2,95,,43773,18,,,2,100,,43774,18,,,1,100,,43778,18,,,2,70,,43765,18,,,1,30,,43762,18,,,2,71,,43760,18,,,1,29,,43775,18,,,2,72,,43766,18,,,2,28,,43776,18,,,2,70,,43779,18,,,2,30,,43777,18,,,2,80,,43768,18,,,2,100,,43767,18,,,2,100,,43761,18,,,1,100,,43764,18,,,1,100,,43763,18,,,1
6900,'Semaine-3-_26ÉTÉ-1111100-',847,,43789,18,,,1,101,,43790,18,,,2,100,,43791,18,,,2,100,,43792,18,,,2,95,,43793,18,,,2,100,,43794,18,,,1,100,,43798,18,,,2,70,,43785,18,,,1,30,,43782,18,,,2,71,,43780,18,,,1,29,,43795,18,,,2,72,,43786,18,,,2,28,,43796,18,,,2,70,,43799,18,,,2,30,,43797,18,,,2,80,,43788,18,,,2,100,,43787,18,,,2,100,,43781,18,,,1,100,,43784,18,,,1,100,,43783,18,,,1
6900,'Semaine-4-_26ÉTÉ-1111100-',847,,43809,18,,,1,101,,43810,18,,,2,100,,43811,18,,,2,100,,43812,18,,,2,95,,43813,18,,,2,100,,43814,18,,,1,100,,43818,18,,,2,70,,43805,18,,,1,30,,43802,18,,,2,71,,43800,18,,,1,29,,43815,18,,,2,72,,43806,18,,,2,28,,43816,18,,,2,70,,43819,18,,,2,30,,43817,18,,,2,80,,43808,18,,,2,100,,43807,18,,,2,100,,43801,18,,,1,100,,43804,18,,,1,100,,43803,18,,,1
56601,'Semaine-4',657,,34826,14,0,5 6,1
56601,'Semaine-2-_26ÉTÉ-1111100-',657,,46767,14,0,5 6,1
56601,'Semaine-3-_26ÉTÉ-1111100-',657,,46768,14,0,5 6,1
56601,'Semaine-4-_26ÉTÉ-1111100-',657,,46769,14,0,5 6,1
