9501,'Semaine-4',540,,33978,19,,,2,15,,33974,19,,,1,53,,33976,19,,,1,17,,33981,19,,,2,15,,33977,19,,,2,15,,33979,19,,,1,55,,33980,19,,,2,16,,33975,19,,,2
9501,'Semaine-2-_26ÉTÉ-1111100-',540,,45386,19,,,1,15,,45382,19,,,1,55,,45384,19,,,1,15,,45389,19,,,2,15,,45385,19,,,2,15,,45387,19,,,2,57,,45388,19,,,1,13,,45383,19,,,2
9501,'Semaine-3-_26ÉTÉ-1111100-',540,,45394,19,,,1,15,,45390,19,,,1,55,,45392,19,,,1,15,,45397,19,,,2,15,,45393,19,,,2,15,,45395,19,,,2,57,,45396,19,,,1,13,,45391,19,,,2
9501,'Semaine-4-_26ÉTÉ-1111100-',540,,45402,19,,,1,15,,45398,19,,,1,55,,45400,19,,,1,15,,45405,19,,,2,15,,45401,19,,,2,15,,45403,19,,,2,57,,45404,19,,,1,13,,45399,19,,,2
9701,'Samedi-3',735,,34038,23,,,2,100,,34041,23,,,2,100,,34039,23,,,2,100,,34042,23,,,2,100,,34036,23,,,1,100,,34037,23,,,1,101,,34040,23,,,2,100,,34043,23,,,2,100,,34044,23,,,1,100,,34045,23,,,2,100,,34046,23,,,2,100,,34047,23,,,1,100,,34051,23,,,1,100,,34048,23,,,1,99,,34049,23,,,1,100,,34050,23,,,1
9701,'Dimanche-3',735,,34058,23,,,2,100,,34055,23,,,2,100,,34056,23,,,2,100,,34059,23,,,2,100,,34054,23,,,1,100,,34053,23,,,1,101,,34052,23,,,2,100,,34057,23,,,2,100,,34061,23,,,1,100,,34060,23,,,2,100,,34065,23,,,2,100,,34066,23,,,1,100,,34067,23,,,1,100,,34062,23,,,1,99,,34063,23,,,1,100,,34064,23,,,1
9701,'Semaine-4',616,,34082,23,,,1,100,,34075,23,,,2,109,,34084,23,,,1,103,,34073,23,,,2,100,,34070,23,,,2,100,,34083,23,,,1,100,,34078,23,,,2,100,,34074,23,,,1,100,,34080,23,,,1,102,,34068,23,,,2,95,,34071,23,,,2,101,,34079,23,,,1,99,,34081,23,,,1,95,,34072,23,,,1,97,,34076,23,,,2,100,,34069,23,,,1,100,,34077,23,,,1
9701,'Samedi-10-_26ÉTÉ-0000010-',735,,45485,23,,,2,100,,45488,23,,,1,100,,45486,23,,,2,100,,45489,23,,,2,100,,45483,23,,,1,100,,45484,23,,,1,101,,45487,23,,,2,100,,45490,23,,,2,100,,45491,23,,,1,100,,45492,23,,,2,100,,45493,23,,,2,100,,45494,23,,,1,100,,45498,23,,,1,100,,45495,23,,,1,99,,45496,23,,,1,100,,45497,23,,,1
9701,'Semaine-2-_26ÉTÉ-1111100-',616,,45513,23,,,1,100,,45506,23,,,2,109,,45515,23,,,1,103,,45504,23,,,2,100,,45501,23,,,1,100,,45514,23,,,2,98,,45509,23,,,2,102,,45505,23,,,1,100,,45511,23,,,2,101,,45499,23,,,1,96,,45502,23,,,1,101,,45510,23,,,1,99,,45512,23,,,2,95,,45503,23,,,2,97,,45507,23,,,1,100,,45500,23,,,2,100,,45508,23,,,1
9701,'Semaine-3-_26ÉTÉ-1111100-',616,,45530,23,,,1,100,,45523,23,,,2,109,,45532,23,,,1,103,,45521,23,,,2,100,,45518,23,,,1,100,,45531,23,,,2,98,,45526,23,,,2,102,,45522,23,,,1,100,,45528,23,,,2,101,,45516,23,,,1,96,,45519,23,,,1,101,,45527,23,,,1,99,,45529,23,,,2,95,,45520,23,,,2,97,,45524,23,,,1,100,,45517,23,,,2,100,,45525,23,,,1
9701,'Semaine-4-_26ÉTÉ-1111100-',616,,45547,23,,,1,100,,45540,23,,,2,109,,45549,23,,,1,103,,45538,23,,,2,100,,45535,23,,,1,100,,45548,23,,,2,98,,45543,23,,,2,102,,45539,23,,,1,100,,45545,23,,,2,101,,45533,23,,,1,96,,45536,23,,,1,101,,45544,23,,,1,99,,45546,23,,,2,95,,45537,23,,,2,97,,45541,23,,,1,100,,45534,23,,,2,100,,45542,23,,,1
9801,'Semaine-4',511,,34085,19,,,1,10,,34086,19,,,1,10,,34087,19,,,1
9801,'Semaine-2-_26ÉTÉ-1111100-',511,,45550,19,,,1,10,,45551,19,,,1,10,,45552,19,,,1
9801,'Semaine-3-_26ÉTÉ-1111100-',511,,45553,19,,,1,10,,45554,19,,,1,10,,45555,19,,,1
9801,'Semaine-4-_26ÉTÉ-1111100-',511,,45556,19,,,1,10,,45557,19,,,1,10,,45558,19,,,1
