9500,'Semaine-1-_26ÉTÉ-1111100-',1534,,60163,38,,,1,16,,60166,38,,,2,56,,60162,38,,,1,19,,60157,38,,,1,15,,60161,38,,,2,16,,60158,38,,,1,55,,60159,38,,,2,15,,60164,38,,,1,23,,60165,38,,,1,65,,60160,38,,,1
9500,'Semaine-10-_26ÉTÉ-1111100-',1534,,60173,38,,,1,16,,60176,38,,,2,56,,60172,38,,,1,19,,60167,38,,,1,15,,60171,38,,,2,16,,60168,38,,,1,55,,60169,38,,,2,15,,60174,38,,,1,23,,60175,38,,,2,65,,60170,38,,,1
9500,'Semaine-11-_26ÉTÉ-1111100-',1534,,60183,38,,,1,16,,60186,38,,,2,56,,60182,38,,,1,19,,60177,38,,,1,15,,60181,38,,,2,16,,60178,38,,,1,55,,60179,38,,,2,15,,60184,38,,,1,23,,60185,38,,,1,65,,60180,38,,,1
9500,'Semaine-12-_26ÉTÉ-1111100-',1534,,60193,38,,,1,16,,60196,38,,,2,56,,60192,38,,,1,19,,60187,38,,,1,15,,60191,38,,,2,16,,60188,38,,,1,55,,60189,38,,,2,15,,60194,38,,,1,23,,60195,38,,,1,65,,60190,38,,,1
9700,'Samedi-0-_26ÉTÉ-0000010-',852,,60249,50,,,2,100,,60252,50,,,2,100,,60247,50,,,1,100,,60248,50,,,1,100,,60251,50,,,2,100,,60250,50,,,2,100,,60253,50,,,1,101,,60254,50,,,2,100,,60255,50,,,2,101,,60256,50,,,1,100,,60261,50,,,1,100,,60257,50,,,1,100,,60258,50,,,1,100,,60259,50,,,1,99,,60260,50,,,2,98,,60262,50,,,1,100,,60263,50,,,1
9700,'Dimanche-0-_26ÉTÉ-0000001-',852,,60267,50,,,2,100,,60269,50,,,2,100,,60266,50,,,1,100,,60265,50,,,1,100,,60264,50,,,2,100,,60268,50,,,2,100,,60271,50,,,1,101,,60270,50,,,2,100,,60276,50,,,2,101,,60278,50,,,1,100,,60280,50,,,1,100,,60272,50,,,1,100,,60273,50,,,1,100,,60274,50,,,1,99,,60275,50,,,2,98,,60279,50,,,1,100,,60277,50,,,1
9700,'Dimanche-10-_26ÉTÉ-0000001-',852,,60284,50,,,2,100,,60286,50,,,2,100,,60283,50,,,1,100,,60282,50,,,1,100,,60281,50,,,2,100,,60285,50,,,2,100,,60288,50,,,1,101,,60287,50,,,2,100,,60293,50,,,2,101,,60295,50,,,1,100,,60297,50,,,1,100,,60289,50,,,1,100,,60290,50,,,1,100,,60291,50,,,1,99,,60292,50,,,2,98,,60296,50,,,1,100,,60294,50,,,1
9700,'Dimanche-11-_26ÉTÉ-0000001-',852,,60301,50,,,2,100,,60303,50,,,2,100,,60300,50,,,1,100,,60299,50,,,1,100,,60298,50,,,2,100,,60302,50,,,2,100,,60305,50,,,1,101,,60304,50,,,2,100,,60310,50,,,2,101,,60312,50,,,1,100,,60314,50,,,1,100,,60306,50,,,1,100,,60307,50,,,1,100,,60308,50,,,1,99,,60309,50,,,2,98,,60313,50,,,1,100,,60311,50,,,1
9700,'Semaine-1-_26ÉTÉ-1111100-',725,,60333,50,,,1,31,,60334,50,,,1,91,,60323,50,,,2,101,,60319,50,,,1,96,,60332,50,,,2,100,,60327,50,,,2,100,,60324,50,,,1,100,,60329,50,,,2,101,,60315,50,,,1,94,,60320,50,,,1,105,,60328,50,,,1,96,,60330,54,,,2,102,,60321,54,,,2,72,,60316,54,,,2,21,,60325,50,,,1,101,,60317,50,,,2,99,,60326,50,,,1,100,,60322,50,,,1,101,,60318,50,,,2,110,,60331,50,,,1
9700,'Semaine-10-_26ÉTÉ-1111100-',725,,60353,50,,,1,31,,60354,50,,,1,91,,60343,50,,,2,101,,60339,50,,,1,96,,60352,50,,,2,100,,60347,50,,,2,100,,60344,50,,,1,100,,60349,50,,,2,101,,60335,50,,,1,94,,60340,50,,,1,105,,60348,50,,,1,96,,60350,54,,,2,102,,60341,54,,,2,72,,60336,54,,,2,21,,60345,50,,,1,101,,60337,50,,,2,99,,60346,50,,,1,100,,60342,50,,,1,101,,60338,50,,,2,110,,60351,50,,,1
9700,'Semaine-11-_26ÉTÉ-1111100-',725,,60373,50,,,1,31,,60374,50,,,1,91,,60363,50,,,2,101,,60359,50,,,1,96,,60372,50,,,2,100,,60367,50,,,2,100,,60364,50,,,1,100,,60369,50,,,2,101,,60355,50,,,1,94,,60360,50,,,1,105,,60368,50,,,1,96,,60370,54,,,2,102,,60361,54,,,2,72,,60356,54,,,2,21,,60365,50,,,1,101,,60357,50,,,2,99,,60366,50,,,1,100,,60362,50,,,1,101,,60358,50,,,2,110,,60371,50,,,1
9700,'Semaine-12-_26ÉTÉ-1111100-',725,,60393,50,,,1,31,,60394,50,,,1,91,,60383,50,,,2,101,,60379,50,,,1,96,,60392,50,,,2,100,,60387,50,,,2,100,,60384,50,,,1,100,,60389,50,,,2,101,,60375,50,,,1,94,,60380,50,,,1,105,,60388,50,,,1,96,,60390,54,,,2,102,,60381,54,,,2,72,,60376,54,,,2,21,,60385,50,,,1,101,,60377,50,,,2,99,,60386,50,,,1,100,,60382,50,,,1,101,,60378,50,,,2,110,,60391,50,,,1
