6701,'Samedi-0-_26ÉTÉ-0000010-',641,,56480,24,,,1,101,,56486,24,,,1,99,,56482,24,,,1,101,,56481,24,,,1,71,,56484,24,,,1,28,,56489,24,,,1,73,,56490,24,,,2,30,,56483,24,,,1,70,,56485,24,,,1,30,,56488,24,,,1,70,,56491,24,,,1,30,,56492,24,,,1,70,,56487,24,,,1,30,,56493,24,,,1,71,,56494,24,,,1,30,,56495,24,,,2,70,,56496,24,,,2,28,,56497,24,,,1,72,,56498,24,,,1,29,,56499,24,,,1,70,,56500,24,,,2,28,,56501,24,,,1,71,,56502,24,,,2,100,,56503,24,,,1,100,,56504,24,,,1,100,,56506,24,,,1,99,,56505,24,,,1
6701,'Dimanche-0-_26ÉTÉ-0000001-',641,,56507,24,,,1,101,,56512,24,,,1,99,,56515,24,,,1,101,,56510,24,,,1,71,,56508,24,,,1,28,,56509,24,,,1,73,,56511,24,,,2,30,,56519,24,,,1,70,,56513,24,,,1,30,,56517,24,,,1,70,,56514,24,,,1,30,,56522,24,,,1,70,,56523,24,,,1,30,,56520,24,,,1,71,,56525,24,,,1,30,,56516,24,,,2,70,,56528,24,,,2,28,,56521,24,,,1,72,,56518,24,,,1,29,,56526,24,,,1,70,,56529,24,,,2,28,,56533,24,,,1,71,,56532,24,,,2,100,,56524,24,,,1,100,,56530,24,,,1,100,,56527,24,,,1,99,,56531,24,,,1
6701,'Dimanche-10-_26ÉTÉ-0000001-',641,,56534,24,,,1,101,,56539,24,,,1,99,,56542,24,,,1,101,,56537,24,,,1,71,,56535,24,,,1,28,,56536,24,,,1,73,,56538,24,,,2,30,,56546,24,,,1,70,,56540,24,,,1,30,,56544,24,,,1,70,,56541,24,,,1,30,,56549,24,,,1,70,,56550,24,,,1,30,,56547,24,,,1,71,,56552,24,,,1,30,,56543,24,,,2,70,,56555,24,,,2,28,,56548,24,,,1,72,,56545,24,,,1,29,,56553,24,,,1,70,,56556,24,,,2,28,,56560,24,,,1,71,,56559,24,,,2,100,,56551,24,,,1,100,,56557,24,,,1,100,,56554,24,,,1,99,,56558,24,,,1
6701,'Dimanche-11-_26ÉTÉ-0000001-',641,,56561,24,,,1,101,,56566,24,,,1,99,,56569,24,,,1,101,,56564,24,,,1,71,,56562,24,,,1,28,,56563,24,,,1,73,,56565,24,,,2,30,,56573,24,,,1,70,,56567,24,,,1,30,,56571,24,,,1,70,,56568,24,,,1,30,,56576,24,,,1,70,,56577,24,,,1,30,,56574,24,,,1,71,,56579,24,,,1,30,,56570,24,,,2,70,,56582,24,,,2,28,,56575,24,,,1,72,,56572,24,,,1,29,,56580,24,,,1,70,,56583,24,,,2,28,,56587,24,,,1,71,,56586,24,,,2,100,,56578,24,,,1,100,,56584,24,,,1,100,,56581,24,,,1,99,,56585,24,,,1
6701,'Semaine-1-_26ÉTÉ-1111100-',919,,56608,24,,,1,20,,56597,24,,,1,20,,56615,24,,,2,60,,56601,24,,,1,20,,56595,24,,,2,20,,56616,24,,,1,60,,56609,24,,,1,20,,56598,24,,,1,20,,56617,24,,,2,60,,56602,24,,,1,20,,56605,24,,,2,61,,56618,24,,,1,19,,56604,24,,,1,20,,56599,24,,,2,20,,56619,24,,,1,60,,56610,24,,,1,20,,56612,24,,,1,20,,56614,24,,,1,60,,56606,24,,,2,33,,56590,24,,,1,70,,56613,24,,,2,29,,56593,24,,,1,70,,56611,24,,,1,30,,56607,24,,,1,69,,56600,24,,,1,30,,56588,24,,,1,68,,56603,24,,,1,30,,56591,24,,,1,70,,56620,24,,,1,30,,56589,24,,,1,70,,56622,24,,,1,29,,56592,24,,,1,70,,56623,24,,,1,29,,56594,24,,,2,69,,56621,24,,,1,30,,56596,24,,,2
6701,'Semaine-10-_26ÉTÉ-1111100-',919,,56644,24,,,1,20,,56633,24,,,1,20,,56651,24,,,2,60,,56637,24,,,1,20,,56631,24,,,2,20,,56652,24,,,1,60,,56645,24,,,1,20,,56634,24,,,1,20,,56653,24,,,2,60,,56638,24,,,1,20,,56641,24,,,2,61,,56654,24,,,2,19,,56640,24,,,1,20,,56635,24,,,2,20,,56655,24,,,1,60,,56646,24,,,1,20,,56648,24,,,1,20,,56650,24,,,1,60,,56642,24,,,2,33,,56626,24,,,1,70,,56649,24,,,2,29,,56629,24,,,1,70,,56647,24,,,1,30,,56643,24,,,1,69,,56636,24,,,1,30,,56624,24,,,1,68,,56639,24,,,1,30,,56627,24,,,1,70,,56656,24,,,1,30,,56625,24,,,1,70,,56658,24,,,1,29,,56628,24,,,1,70,,56659,24,,,1,29,,56630,24,,,2,69,,56657,24,,,1,30,,56632,24,,,2
6701,'Semaine-11-_26ÉTÉ-1111100-',919,,56680,24,,,1,20,,56669,24,,,1,20,,56687,24,,,2,60,,56673,24,,,1,20,,56667,24,,,2,20,,56688,24,,,1,60,,56681,24,,,1,20,,56670,24,,,1,20,,56689,24,,,2,60,,56674,24,,,1,20,,56677,24,,,2,61,,56690,24,,,1,19,,56676,24,,,1,20,,56671,24,,,2,20,,56691,24,,,1,60,,56682,24,,,1,20,,56684,24,,,1,20,,56686,24,,,1,60,,56678,24,,,2,33,,56662,24,,,1,70,,56685,24,,,2,29,,56665,24,,,1,70,,56683,24,,,1,30,,56679,24,,,1,69,,56672,24,,,1,30,,56660,24,,,1,68,,56675,24,,,1,30,,56663,24,,,1,70,,56692,24,,,1,30,,56661,24,,,1,70,,56694,24,,,1,29,,56664,24,,,1,70,,56695,24,,,1,29,,56666,24,,,2,69,,56693,24,,,1,30,,56668,24,,,2
6701,'Semaine-12-_26ÉTÉ-1111100-',919,,56716,24,,,1,20,,56705,24,,,1,20,,56723,24,,,2,60,,56709,24,,,1,20,,56703,24,,,2,20,,56724,24,,,1,60,,56717,24,,,1,20,,56706,24,,,1,20,,56725,24,,,2,60,,56710,24,,,1,20,,56713,24,,,2,61,,56726,24,,,1,19,,56712,24,,,1,20,,56707,24,,,2,20,,56727,24,,,1,60,,56718,24,,,1,20,,56720,24,,,1,20,,56722,24,,,1,60,,56714,24,,,2,33,,56698,24,,,1,70,,56721,24,,,2,29,,56701,24,,,1,70,,56719,24,,,1,30,,56715,24,,,1,69,,56708,24,,,1,30,,56696,24,,,1,68,,56711,24,,,1,30,,56699,24,,,1,70,,56728,24,,,1,30,,56697,24,,,1,70,,56730,24,,,1,29,,56700,24,,,1,70,,56731,24,,,1,29,,56702,24,,,2,69,,56729,24,,,1,30,,56704,24,,,2
8501,'Semaine-1-_26ÉTÉ-1111100-',537,,59927,28,,,1,70,,59929,28,,,1,25,,59932,28,,,1,18,,59931,28,,,2,54,,59936,28,,,2,19,,59928,28,,,2,15,,59934,28,,,1,15,,59930,28,,,2,55,,59935,28,,,1,20,,59933,28,,,1
8501,'Semaine-10-_26ÉTÉ-1111100-',537,,59937,28,,,1,70,,59939,28,,,1,25,,59942,28,,,1,18,,59941,28,,,2,54,,59946,28,,,2,19,,59938,28,,,2,15,,59944,28,,,1,15,,59940,28,,,2,55,,59945,28,,,1,20,,59943,28,,,1
8501,'Semaine-11-_26ÉTÉ-1111100-',537,,59947,28,,,1,70,,59949,28,,,1,25,,59952,28,,,1,18,,59951,28,,,2,54,,59956,28,,,2,19,,59948,28,,,2,15,,59954,28,,,1,15,,59950,28,,,2,55,,59955,28,,,1,20,,59953,28,,,1
8501,'Semaine-12-_26ÉTÉ-1111100-',537,,59957,28,,,1,70,,59959,28,,,1,25,,59962,28,,,1,18,,59961,28,,,2,54,,59966,28,,,2,19,,59958,28,,,2,15,,59964,28,,,1,15,,59960,28,,,2,55,,59965,28,,,1,20,,59963,28,,,1
8701,'Semaine-1-_26ÉTÉ-1111100-',521,,60040,24,,,1,31,,60033,24,,,1,69,,60038,24,,,2,20,,60036,24,,,2,18,,60034,24,,,1,55,,60043,24,,,2,13,,60039,24,,,2,17,,60035,24,,,2,15,,60042,24,,,1,59,,60041,24,,,2,20,,60037,24,,,2,20,,60032,24,,,2
8701,'Semaine-10-_26ÉTÉ-1111100-',521,,60052,24,,,1,31,,60045,24,,,1,69,,60050,24,,,2,20,,60048,24,,,2,18,,60046,24,,,1,55,,60055,24,,,2,13,,60051,24,,,2,17,,60047,24,,,2,15,,60054,24,,,1,59,,60053,24,,,2,20,,60049,24,,,2,20,,60044,24,,,2
8701,'Semaine-11-_26ÉTÉ-1111100-',521,,60064,24,,,1,31,,60057,24,,,1,69,,60062,24,,,2,20,,60060,24,,,2,18,,60058,24,,,1,55,,60067,24,,,2,13,,60063,24,,,2,17,,60059,24,,,2,15,,60066,24,,,1,59,,60065,24,,,2,20,,60061,24,,,2,20,,60056,24,,,2
8701,'Semaine-12-_26ÉTÉ-1111100-',521,,60076,24,,,1,31,,60069,24,,,1,69,,60074,24,,,2,20,,60072,24,,,2,18,,60070,24,,,1,55,,60079,24,,,2,13,,60075,24,,,2,17,,60071,24,,,2,15,,60078,24,,,1,59,,60077,24,,,2,20,,60073,24,,,2,20,,60068,24,,,2
