2701,'Semaine-4',607,,30390,1,,,1,45,,30391,1,,,1,85,,30388,1,,,1,70,,30389,1,,,1
2701,'Semaine-2-_26ÉTÉ-1111100-',607,,38810,1,,,1,45,,38811,1,,,1,86,,38808,1,,,1,69,,38809,1,,,1
2701,'Semaine-3-_26ÉTÉ-1111100-',607,,38814,1,,,1,45,,38815,1,,,1,86,,38812,1,,,1,69,,38813,1,,,1
2701,'Semaine-4-_26ÉTÉ-1111100-',607,,38818,1,,,1,45,,38819,1,,,1,86,,38816,1,,,1,69,,38817,1,,,1
3501,'Semaine-4',644,,31075,1,,,1,77,,31086,1,,,1
3501,'Semaine-2-_26ÉTÉ-1111100-',643,,40142,1,,,2,77,,40153,1,,,1
3501,'Semaine-3-_26ÉTÉ-1111100-',643,,40175,1,,,2,77,,40186,1,,,1
3501,'Semaine-4-_26ÉTÉ-1111100-',643,,40208,1,,,2,77,,40219,1,,,1
33101,'Semaine-4',1630,,34192,22,0,7 8,1
33101,'Semaine-2-_26ÉTÉ-1111100-',1630,,45851,22,0,7 8,1
43301,'Semaine-4',735,,34807,17,0,9 14,1
82701,'Semaine-4',745,,35015,1,0,9 12 13,1
