9300,'Semaine-4',1550,,33954,37,,,2,60,,33957,37,,,1,20,,33953,37,,,1,20,,33956,37,,,1,70,,33955,37,,,2,28,,33951,37,,,2,70,,33952,37,,,1
9300,'Semaine-2-_26ÉTÉ-1111100-',1550,,45316,37,,,2,60,,45319,37,,,2,20,,45315,37,,,1,20,,45318,37,,,1,71,,45317,37,,,2,30,,45313,37,,,2,67,,45314,37,,,1
9300,'Semaine-3-_26ÉTÉ-1111100-',1550,,45323,37,,,2,60,,45326,37,,,2,20,,45322,37,,,1,20,,45325,37,,,1,71,,45324,37,,,2,30,,45320,37,,,2,67,,45321,37,,,1
9300,'Semaine-4-_26ÉTÉ-1111100-',1550,,45330,37,,,2,60,,45333,37,,,2,20,,45329,37,,,1,20,,45332,37,,,1,71,,45331,37,,,2,30,,45327,37,,,2,67,,45328,37,,,1
9700,'Samedi-3',833,,33984,22,,,2,100,,33987,22,,,2,100,,33982,22,,,1,100,,33983,22,,,1,100,,33986,22,,,2,100,,33985,22,,,2,100,,33988,22,,,1,100,,33989,22,,,2,100,,33990,22,,,2,101,,33991,22,,,1,100,,33996,22,,,1,100,,33992,22,,,1,100,,33993,22,,,1,100,,33994,22,,,1,99,,33995,22,,,2,100,,33997,22,,,1,100,,33998,22,,,1
9700,'Samedi-4',833,,37848,22,,,2,100,,37851,22,,,2,100,,37846,22,,,1,100,,37847,22,,,1,100,,37850,22,,,2,100,,37849,22,,,2,100,,37852,22,,,1,100,,37853,22,,,2,100,,37854,22,,,2,101,,37855,22,,,1,100,,37860,22,,,1,100,,37856,22,,,1,100,,37857,22,,,1,100,,37858,22,,,1,99,,37859,22,,,2,100,,37861,22,,,1,100,,37862,22,,,1
9700,'Dimanche-3',833,,34002,22,,,2,100,,34004,22,,,2,100,,34001,22,,,1,100,,34000,22,,,1,100,,33999,22,,,2,100,,34003,22,,,2,100,,34006,22,,,1,100,,34005,22,,,2,100,,34011,22,,,2,101,,34013,22,,,1,100,,34015,22,,,1,100,,34007,22,,,1,100,,34008,22,,,1,100,,34009,22,,,1,99,,34010,22,,,2,100,,34014,22,,,1,100,,34012,22,,,1
9700,'Semaine-4',705,,34034,22,,,1,27,,34035,22,,,1,96,,34024,22,,,2,99,,34020,22,,,2,98,,34033,22,,,1,102,,34028,22,,,2,98,,34025,22,,,1,100,,34030,22,,,1,102,,34016,22,,,2,95,,34021,22,,,2,101,,34029,22,,,1,98,,34031,26,,,1,103,,34022,26,,,1,34,,34017,26,,,1,59,,34026,22,,,2,102,,34018,22,,,1,99,,34027,22,,,1,100,,34023,22,,,1,101,,34019,22,,,1,111,,34032,22,,,1
9700,'Samedi-10-_26ÉTÉ-0000010-',833,,45408,22,,,2,100,,45411,22,,,2,100,,45406,22,,,1,100,,45407,22,,,1,100,,45410,22,,,2,100,,45409,22,,,2,100,,45412,22,,,1,100,,45413,22,,,2,100,,45414,22,,,2,101,,45415,22,,,1,100,,45420,22,,,1,100,,45416,22,,,1,100,,45417,22,,,1,100,,45418,22,,,1,99,,45419,22,,,2,100,,45421,22,,,1,100,,45422,22,,,1
9700,'Semaine-2-_26ÉTÉ-1111100-',705,,45441,22,,,1,27,,45442,22,,,1,96,,45431,22,,,2,101,,45427,22,,,1,96,,45440,22,,,2,100,,45435,22,,,2,100,,45432,22,,,1,100,,45437,22,,,2,102,,45423,22,,,1,94,,45428,22,,,1,104,,45436,22,,,1,96,,45438,26,,,2,103,,45429,26,,,2,34,,45424,26,,,2,59,,45433,22,,,1,102,,45425,22,,,2,99,,45434,22,,,1,100,,45430,22,,,1,102,,45426,22,,,2,110,,45439,22,,,1
9700,'Semaine-3-_26ÉTÉ-1111100-',705,,45461,22,,,1,27,,45462,22,,,1,96,,45451,22,,,2,101,,45447,22,,,1,96,,45460,22,,,2,100,,45455,22,,,2,100,,45452,22,,,1,100,,45457,22,,,2,102,,45443,22,,,1,94,,45448,22,,,1,104,,45456,22,,,1,96,,45458,26,,,2,103,,45449,26,,,2,34,,45444,26,,,2,59,,45453,22,,,1,102,,45445,22,,,2,99,,45454,22,,,1,100,,45450,22,,,1,102,,45446,22,,,2,110,,45459,22,,,1
9700,'Semaine-4-_26ÉTÉ-1111100-',705,,45481,22,,,1,27,,45482,22,,,1,96,,45471,22,,,2,101,,45467,22,,,1,96,,45480,22,,,2,100,,45475,22,,,2,100,,45472,22,,,1,100,,45477,22,,,2,102,,45463,22,,,1,94,,45468,22,,,1,104,,45476,22,,,1,96,,45478,26,,,2,103,,45469,26,,,2,34,,45464,26,,,2,59,,45473,22,,,1,102,,45465,22,,,2,99,,45474,22,,,1,100,,45470,22,,,1,102,,45466,22,,,2,110,,45479,22,,,1
29700,'Semaine-4',733,,34179,18,0,19,2,2,,34180,18,0,19,2
29700,'Semaine-2-_26ÉTÉ-1111100-',735,,45832,18,0,19,2
29700,'Semaine-3-_26ÉTÉ-1111100-',735,,45833,18,0,19,2
29700,'Semaine-4-_26ÉTÉ-1111100-',735,,45834,18,0,19,2
