4001,'Semaine-4',624,,31622,42,,,1,32,,31621,42,,,1,72,,31624,42,,,2,73,,31620,42,,,2,27,,31619,42,,,1,27,,31623,42,,,1
4101,'Semaine-4',648,,31632,33,,,1,72,,31633,33,,,2,32,,31634,33,,,2,69,,31631,33,,,1,30,,31630,33,,,1
4501,'Semaine-4',639,,31645,36,,,1,70,,31649,36,,,1,33,,31648,36,,,2,70,,31647,36,,,1,27,,31650,36,,,2,70,,31646,36,,,1
4701,'Semaine-4',627,,31656,29,,,2,86,,31657,29,,,1,46,,31654,29,,,2,68,,31655,29,,,1
5501,'Samedi-3',712,,32043,40,,,1,30,,32046,40,,,1,70,,32045,40,,,1,30,,32055,40,,,1,70,,32044,40,,,1,30,,32047,40,,,1,70,,32048,40,,,1,30,,32054,40,,,1,73,,32050,40,,,1,30,,32051,40,,,1,71,,32049,40,,,1,28,,32057,40,,,1,70,,32056,40,,,1,30,,32052,40,,,1,70,,32053,40,,,1,30,,32058,40,,,1,70,,32059,40,,,1,30,,32060,40,,,1,70,,32061,40,,,1,30,,32062,40,,,1,70,,32063,40,,,1,30,,32064,40,,,1,70,,32065,40,,,1,28,,32066,40,,,1,70,,32067,40,,,1,30,,32068,40,,,1,70,,32069,40,,,1,28,,32070,40,,,1,70,,32071,40,,,1,30,,32073,40,,,1,69,,32072,40,,,1,32,,32075,40,,,1,68,,32074,40,,,1
5501,'Dimanche-3',712,,32077,40,,,1,30,,32082,40,,,1,70,,32078,40,,,1,30,,32086,40,,,1,70,,32089,40,,,1,30,,32081,40,,,1,70,,32093,40,,,1,30,,32087,40,,,1,73,,32088,40,,,1,30,,32079,40,,,1,71,,32076,40,,,1,28,,32083,40,,,1,70,,32090,40,,,1,30,,32080,40,,,1,70,,32091,40,,,1,30,,32085,40,,,1,70,,32084,40,,,1,30,,32094,40,,,1,70,,32098,40,,,1,30,,32092,40,,,1,70,,32095,40,,,1,30,,32105,40,,,1,70,,32102,40,,,1,28,,32107,40,,,1,70,,32108,40,,,1,30,,32096,40,,,1,70,,32099,40,,,1,28,,32097,40,,,1,70,,32100,40,,,1,30,,32101,40,,,1,69,,32104,40,,,1,31,,32106,40,,,1,69,,32103,40,,,1
5501,'Semaine-4',529,,32122,40,,,1,14,,32129,40,,,1,14,,32128,40,,,1,58,,32112,40,,,1,15,,32150,40,,,1,21,,32149,40,,,1,49,,32109,40,,,1,13,,32154,40,,,1,15,,32135,40,,,1,14,,32143,40,,,1,15,,32113,40,,,1,49,,32117,40,,,1,12,,32115,40,,,1,9,,32144,40,,,1,5,,32146,40,,,1,13,,32123,40,,,1,71,,32127,40,,,1,10,,32114,40,,,1,11,,32148,40,,,1,69,,32141,40,,,1,23,,32153,7,,,1,8,,32145,40,,,1,69,,32111,40,,,1,30,,32118,40,,,1,71,,32131,40,,,1,29,,32142,40,,,1,70,,32138,40,,,1,30,,32119,40,,,1,70,,32151,40,,,1,30,,32110,40,,,1,72,,32116,40,,,1,49,,32120,40,,,1,99,,32125,40,,,1,100,,32130,40,,,1,100,,32147,40,,,1,60,,32136,40,,,1,30,,32124,40,,,1,70,,32140,40,,,1,30,,32133,40,,,1,70,,32152,40,,,1,30,,32126,40,,,1,70,,32132,40,,,1,30,,32134,40,,,1,70,,32121,40,,,1,29,,32139,40,,,1,70,,32137,40,,,1
5600,'Semaine-4',645,,32161,27,,,1,63,,32159,27,,,1,3,,32163,27,,,1,33,,32162,27,,,2,71,,32156,27,,,1,100,,32155,27,,,1,108,,32157,27,,,1,98,,32160,27,,,1,100,,32158,27,,,1
5801,'Semaine-4',606,,32181,28,,,1,32,,32185,28,,,1,71,,32183,28,,,1,31,,32182,28,,,2,70,,32179,28,,,1,30,,32184,28,,,1,801,,32180,28,,,1
5901,'Samedi-3',723,,32301,29,,,1,30,,32308,29,,,1,72,,32305,29,,,1,30,,32310,29,,,1,70,,32302,29,,,1,30,,32307,29,,,1,70,,32306,29,,,1,30,,32309,29,,,1,70,,32313,29,,,1,31,,32314,29,,,1,70,,32303,29,,,1,30,,32304,29,,,1,70,,32312,29,,,1,30,,32311,29,,,1,70,,32315,29,,,1,29,,32316,29,,,1,70,,32317,29,,,1,30,,32318,29,,,1,70,,32319,29,,,1,30,,32320,29,,,1,70,,32321,29,,,1,30,,32322,29,,,1,70,,32323,29,,,1,29,,32324,29,,,1,70,,32325,29,,,1,30,,32327,29,,,1,70,,32326,29,,,1,29,,32328,29,,,1,70,,32329,29,,,1,30,,32330,29,,,1,70,,32332,29,,,1,28,,32331,29,,,1
5901,'Dimanche-3',723,,32339,29,,,1,30,,32342,29,,,1,72,,32344,29,,,1,30,,32335,29,,,1,70,,32338,29,,,1,30,,32341,29,,,1,70,,32345,29,,,1,30,,32333,29,,,1,70,,32336,29,,,1,31,,32350,29,,,1,70,,32343,29,,,1,30,,32334,29,,,1,70,,32337,29,,,1,30,,32340,29,,,1,70,,32347,29,,,1,29,,32346,29,,,1,70,,32349,29,,,1,30,,32351,29,,,1,70,,32348,29,,,1,30,,32357,29,,,1,70,,32358,29,,,1,30,,32354,29,,,1,70,,32353,29,,,1,29,,32363,29,,,1,70,,32360,29,,,1,30,,32361,29,,,1,70,,32352,29,,,1,29,,32355,29,,,1,70,,32359,29,,,1,30,,32356,29,,,1,70,,32362,29,,,1,28,,32364,29,,,1
5901,'Semaine-4',522,,32369,29,,,1,13,,32405,29,,,1,16,,32378,29,,,1,55,,32399,29,,,1,16,,32379,29,,,1,15,,32368,29,,,1,6,,32370,29,,,1,62,,32373,29,,,1,6,,32408,7,,,1,11,,32409,7,,,1,9,,32376,29,,,1,5,,32410,7,,,1,13,,32377,29,,,1,54,,32372,29,,,1,10,,32401,29,,,1,9,,32387,29,,,1,7,,32392,29,,,1,13,,32366,29,,,1,12,,32382,29,,,1,53,,32367,29,,,1,12,,32385,29,,,1,32,,32411,29,,,1,70,,32406,29,,,1,30,,32393,29,,,1,70,,32375,29,,,1,30,,32386,29,,,1,70,,32389,29,,,1,30,,32374,29,,,1,71,,32403,29,,,1,29,,32365,29,,,1,70,,32407,29,,,1,30,,32397,29,,,1,76,,32400,29,,,1,100,,32404,29,,,1,100,,32384,29,,,1,98,,32391,29,,,1,76,,32396,29,,,1,30,,32383,29,,,1,70,,32390,29,,,1,30,,32395,29,,,1,70,,32402,29,,,1,30,,32380,29,,,1,70,,32398,29,,,1,30,,32388,29,,,1,70,,32371,29,,,1,30,,32381,29,,,1,70,,32394,29,,,1
55400,'Semaine-4',706,,34822,17,0,5 6,1
65501,'Semaine-4',1522,,34849,28,0,9 10,1
74001,'Semaine-4',827,,34858,43,0,5 11,1,2,,34859,43,0,5 11,1
80000,'Samedi-3',729,,34866,33,,,2,101,,34867,33,,,1,100,,34868,33,,,2,101,,34870,33,,,1,100,,34871,33,,,2,100,,34869,33,,,2,100,,34872,33,,,1,100,,34873,33,,,2,100,,34874,33,,,1,100,,34875,33,,,1,99,,34876,33,,,2,100,,34877,33,,,1,100,,34880,33,,,1,99,,34878,33,,,1,100,,34879,33,,,2,98,,34881,33,,,1,100,,34882,33,,,1
80000,'Dimanche-3',729,,34887,33,,,2,101,,34883,33,,,1,100,,34888,33,,,2,101,,34884,33,,,1,100,,34885,33,,,2,100,,34889,33,,,2,100,,34886,33,,,1,100,,34891,33,,,2,100,,34890,33,,,1,100,,34892,33,,,1,99,,34895,33,,,2,100,,34893,33,,,1,100,,34894,33,,,1,99,,34896,33,,,1,100,,34897,33,,,2,98,,34899,33,,,1,100,,34898,33,,,1
80000,'Semaine-4',608,,34931,33,,,1,30,,34913,33,,,1,70,,34903,33,,,1,14,,34906,33,,,1,16,,34926,33,,,1,73,,34914,33,,,1,19,,34902,33,,,1,25,,34928,33,,,1,70,,34905,33,,,2,30,,34923,33,,,1,70,,34917,33,,,1,31,,34935,33,,,1,69,,34904,33,,,1,30,,34921,33,,,2,70,,34919,33,,,1,30,,34934,33,,,1,70,,34916,33,,,1,30,,34929,33,,,1,72,,34918,33,,,1,31,,34925,33,,,1,72,,34924,33,,,2,70,,34920,33,,,1,30,,34932,33,,,2,71,,34907,33,,,1,28,,34915,33,,,1,28,,34909,33,,,1,71,,34930,33,,,1,29,,34908,33,,,1,70,,34912,33,,,1,30,,34900,33,,,1,70,,34933,33,,,1,29,,34910,33,,,1,67,,34911,33,,,1,30,,34927,33,,,1,69,,34901,33,,,1,28,,34922,33,,,1
