6201,'Semaine-1-_26ÉTÉ-1111100-',519,,54565,10,,,2,30,,54559,10,,,2,70,,54575,10,,,1,31,,54570,10,,,2,69,,54555,10,,,2,32,,54556,10,,,2,69,,54560,10,,,2,29,,54569,10,,,1,91,,54561,10,,,1,100,,54557,10,,,2,100,,54566,10,,,2,100,,54573,10,,,2,100,,54576,10,,,2,99,,54567,10,,,1,95,,54577,10,,,1,83,,54572,10,,,1,85,,54558,10,,,1,37,,54571,10,,,2,69,,54574,10,,,1,100,,54564,10,,,1,100,,54563,10,,,1,45,,54568,10,,,1,100,,54562,10,,,1
6201,'Semaine-10-_26ÉTÉ-1111100-',519,,54588,10,,,2,30,,54582,10,,,2,70,,54598,10,,,1,31,,54593,10,,,2,69,,54578,10,,,2,32,,54579,10,,,2,69,,54583,10,,,2,29,,54592,10,,,1,91,,54584,10,,,1,100,,54580,10,,,2,100,,54589,10,,,2,100,,54596,10,,,2,100,,54599,10,,,2,99,,54590,10,,,1,95,,54600,10,,,1,83,,54595,10,,,1,85,,54581,10,,,1,37,,54594,10,,,2,69,,54597,10,,,1,100,,54587,10,,,2,100,,54586,10,,,1,45,,54591,10,,,1,100,,54585,10,,,1
6201,'Semaine-11-_26ÉTÉ-1111100-',519,,54611,10,,,2,30,,54605,10,,,2,70,,54621,10,,,1,31,,54616,10,,,2,69,,54601,10,,,2,32,,54602,10,,,2,69,,54606,10,,,2,29,,54615,10,,,1,91,,54607,10,,,1,100,,54603,10,,,2,100,,54612,10,,,2,100,,54619,10,,,2,100,,54622,10,,,2,99,,54613,10,,,1,95,,54623,10,,,1,83,,54618,10,,,1,85,,54604,10,,,1,37,,54617,10,,,2,69,,54620,10,,,1,100,,54610,10,,,1,100,,54609,10,,,1,45,,54614,10,,,1,100,,54608,10,,,1
6201,'Semaine-12-_26ÉTÉ-1111100-',519,,54634,10,,,2,30,,54628,10,,,2,70,,54644,10,,,1,31,,54639,10,,,2,69,,54624,10,,,2,32,,54625,10,,,2,69,,54629,10,,,2,29,,54638,10,,,1,91,,54630,10,,,1,100,,54626,10,,,2,100,,54635,10,,,2,100,,54642,10,,,2,100,,54645,10,,,2,99,,54636,10,,,1,95,,54646,10,,,1,83,,54641,10,,,1,85,,54627,10,,,1,37,,54640,10,,,2,69,,54643,10,,,1,100,,54633,10,,,1,100,,54632,10,,,1,45,,54637,10,,,1,100,,54631,10,,,1
7100,'Samedi-0-_26ÉTÉ-0000010-',808,,57400,10,,,2,100,,57401,10,,,1,100,,57403,10,,,1,102,,57398,10,,,1,100,,57402,10,,,1,100,,57399,10,,,1,100,,57404,10,,,1,100,,57405,10,,,2,100,,57406,10,,,2,100,,57407,10,,,2,100,,57408,10,,,2,98,,57409,10,,,2,100,,57410,10,,,1,100,,57411,10,,,1,100,,57412,10,,,2,100,,57413,10,,,1
7100,'Dimanche-0-_26ÉTÉ-0000001-',808,,57417,10,,,2,100,,57418,10,,,1,100,,57419,10,,,1,102,,57420,10,,,1,100,,57416,10,,,1,100,,57415,10,,,1,100,,57421,10,,,1,100,,57414,10,,,2,100,,57424,10,,,2,100,,57426,10,,,2,100,,57427,10,,,2,98,,57425,10,,,2,100,,57422,10,,,1,100,,57423,10,,,1,100,,57429,10,,,2,100,,57428,10,,,1
7100,'Dimanche-10-_26ÉTÉ-0000001-',808,,57433,10,,,2,100,,57434,10,,,1,100,,57435,10,,,1,102,,57436,10,,,1,100,,57432,10,,,1,100,,57431,10,,,1,100,,57437,10,,,1,100,,57430,10,,,2,100,,57440,10,,,2,100,,57442,10,,,2,100,,57443,10,,,2,98,,57441,10,,,2,100,,57438,10,,,1,100,,57439,10,,,1,100,,57445,10,,,2,100,,57444,10,,,1
7100,'Dimanche-11-_26ÉTÉ-0000001-',808,,57449,10,,,2,100,,57450,10,,,1,100,,57451,10,,,1,102,,57452,10,,,1,100,,57448,10,,,1,100,,57447,10,,,1,100,,57453,10,,,1,100,,57446,10,,,2,100,,57456,10,,,2,100,,57458,10,,,2,100,,57459,10,,,2,98,,57457,10,,,2,100,,57454,10,,,1,100,,57455,10,,,1,100,,57461,10,,,2,100,,57460,10,,,1
7100,'Semaine-1-_26ÉTÉ-1111100-',534,,57495,10,,,2,70,,57478,10,,,1,30,,57496,10,,,2,20,,57499,10,,,2,61,,57469,10,,,1,20,,57473,10,,,2,19,,57472,10,,,2,50,,57494,10,,,1,10,,57470,10,,,1,10,,57485,10,,,2,20,,57462,10,,,2,60,,57488,10,,,1,20,,57493,10,,,1,30,,57484,10,,,1,72,,57489,10,,,1,30,,57490,10,,,2,70,,57504,10,,,2,30,,57465,10,,,1,70,,57491,10,,,1,30,,57503,10,,,1,69,,57464,10,,,1,30,,57466,10,,,1,72,,57474,10,,,2,28,,57497,10,,,1,70,,57468,10,,,2,7,,57498,10,,,2,21,,57501,10,,,2,59,,57500,10,,,2,14,,57481,10,,,2,6,,57476,10,,,2,20,,57477,10,,,2,60,,57467,10,,,2,20,,57486,10,,,1,23,,57463,10,,,2,66,,57487,10,,,2,31,,57502,10,,,1,70,,57475,10,,,2,30,,57479,10,,,1,70,,57482,10,,,1,101,,57480,10,,,1,99,,57492,10,,,1,100,,57471,10,,,2,101,,57483,10,,,1
7100,'Semaine-10-_26ÉTÉ-1111100-',534,,57538,10,,,2,70,,57521,10,,,1,30,,57539,10,,,2,20,,57542,10,,,2,61,,57512,10,,,1,20,,57516,10,,,2,19,,57515,10,,,2,50,,57537,10,,,1,10,,57513,10,,,1,10,,57528,10,,,2,20,,57505,10,,,2,60,,57531,10,,,1,20,,57536,10,,,1,30,,57527,10,,,1,72,,57532,10,,,1,30,,57533,10,,,2,70,,57547,10,,,2,30,,57508,10,,,1,70,,57534,10,,,1,30,,57546,10,,,1,69,,57507,10,,,1,30,,57509,10,,,1,72,,57517,10,,,2,28,,57540,10,,,1,70,,57511,10,,,2,7,,57541,10,,,2,21,,57544,10,,,2,59,,57543,10,,,2,14,,57524,10,,,2,6,,57519,10,,,2,20,,57520,10,,,2,60,,57510,10,,,2,20,,57529,10,,,1,23,,57506,10,,,2,66,,57530,10,,,2,31,,57545,10,,,1,70,,57518,10,,,2,30,,57522,10,,,1,70,,57525,10,,,1,101,,57523,10,,,1,99,,57535,10,,,1,100,,57514,10,,,2,101,,57526,10,,,1
7100,'Semaine-11-_26ÉTÉ-1111100-',534,,57581,10,,,2,70,,57564,10,,,1,30,,57582,10,,,2,20,,57585,10,,,2,61,,57555,10,,,1,20,,57559,10,,,2,19,,57558,10,,,2,50,,57580,10,,,1,10,,57556,10,,,1,10,,57571,10,,,2,20,,57548,10,,,2,60,,57574,10,,,1,20,,57579,10,,,1,30,,57570,10,,,1,72,,57575,10,,,1,30,,57576,10,,,2,70,,57590,10,,,2,30,,57551,10,,,1,70,,57577,10,,,1,30,,57589,10,,,1,69,,57550,10,,,1,30,,57552,10,,,1,72,,57560,10,,,2,28,,57583,10,,,1,70,,57554,10,,,2,7,,57584,10,,,2,21,,57587,10,,,2,59,,57586,10,,,2,14,,57567,10,,,2,6,,57562,10,,,2,20,,57563,10,,,2,60,,57553,10,,,2,20,,57572,10,,,1,23,,57549,10,,,2,66,,57573,10,,,2,31,,57588,10,,,1,70,,57561,10,,,2,30,,57565,10,,,1,70,,57568,10,,,1,101,,57566,10,,,1,99,,57578,10,,,1,100,,57557,10,,,2,101,,57569,10,,,1
7100,'Semaine-12-_26ÉTÉ-1111100-',534,,57624,10,,,2,70,,57607,10,,,1,30,,57625,10,,,2,20,,57628,10,,,2,61,,57598,10,,,1,20,,57602,10,,,2,19,,57601,10,,,2,50,,57623,10,,,1,10,,57599,10,,,1,10,,57614,10,,,2,20,,57591,10,,,2,60,,57617,10,,,1,20,,57622,10,,,1,30,,57613,10,,,1,72,,57618,10,,,1,30,,57619,10,,,2,70,,57633,10,,,2,30,,57594,10,,,1,70,,57620,10,,,1,30,,57632,10,,,1,69,,57593,10,,,1,30,,57595,10,,,1,72,,57603,10,,,2,28,,57626,10,,,1,70,,57597,10,,,2,7,,57627,10,,,2,21,,57630,10,,,2,59,,57629,10,,,2,14,,57610,10,,,2,6,,57605,10,,,2,20,,57606,10,,,2,60,,57596,10,,,2,20,,57615,10,,,1,23,,57592,10,,,2,66,,57616,10,,,2,31,,57631,10,,,1,70,,57604,10,,,2,30,,57608,10,,,1,70,,57611,10,,,1,101,,57609,10,,,1,99,,57621,10,,,1,100,,57600,10,,,2,101,,57612,10,,,1
