1801,'Semaine-1-_26ÉTÉ-1111100-',638,,47100,20,,,1,86,,47102,20,,,1,85,,47101,20,,,2
1801,'Semaine-10-_26ÉTÉ-1111100-',638,,47103,20,,,1,86,,47105,20,,,1,85,,47104,20,,,2
1801,'Semaine-11-_26ÉTÉ-1111100-',638,,47106,20,,,1,86,,47108,20,,,1,85,,47107,20,,,2
1801,'Semaine-12-_26ÉTÉ-1111100-',638,,47109,20,,,1,86,,47111,20,,,1,85,,47110,20,,,2
1801,'Semaine-5-_26ÉTÉ-1111100-',638,,47112,20,,,1,86,,47114,20,,,1,85,,47113,20,,,2
2801,'Semaine-1-_26ÉTÉ-1111100-',710,,47371,40,,,1,30,,47372,40,,,1,99,,47370,40,,,2
2801,'Semaine-10-_26ÉTÉ-1111100-',710,,47374,40,,,1,30,,47375,40,,,1,99,,47373,40,,,2
2801,'Semaine-11-_26ÉTÉ-1111100-',710,,47377,40,,,1,30,,47378,40,,,1,99,,47376,40,,,2
2801,'Semaine-12-_26ÉTÉ-1111100-',710,,47380,40,,,1,30,,47381,40,,,1,99,,47379,40,,,2
2801,'Semaine-5-_26ÉTÉ-1111100-',710,,47383,40,,,1,30,,47384,40,,,1,99,,47382,40,,,2
