2001,'Semaine-4',1533,,30347,4,,,1,100,,30348,4,,,1,100,,30349,4,,,1
2001,'Semaine-5',1533,,35043,4,,,1,100,,35044,4,,,1,100,,35045,4,,,1
2701,'Semaine-4',623,,30390,20,,,1,86,,30391,20,,,1,45,,30388,20,,,1,70,,30389,20,,,1
2701,'Semaine-5',623,,35086,20,,,1,86,,35087,20,,,1,45,,35084,20,,,1,70,,35085,20,,,1
3901,'Samedi-3',609,,31530,4,,,1,100,,31532,4,,,1,100,,31536,4,,,1,100,,31535,4,,,1,100,,31538,4,,,1,100,,31537,4,,,1,100,,31533,4,,,1,30,,31531,4,,,1,70,,31539,4,,,1,30,,31534,4,,,2,70,,31540,4,,,1,30,,31541,4,,,1,70,,31542,4,,,2,30,,31543,4,,,1,70,,31544,4,,,1,30,,31545,4,,,1,70,,31546,4,,,1,30,,31547,4,,,1,70,,31548,4,,,1,30,,31549,4,,,1,100,,31550,4,,,1,100,,31551,4,,,1,100,,31552,4,,,1,100,,31553,4,,,1
3901,'Samedi-4',609,,35962,4,,,1,100,,35964,4,,,1,100,,35968,4,,,1,100,,35967,4,,,1,100,,35970,4,,,1,100,,35969,4,,,1,100,,35965,4,,,1,30,,35963,4,,,1,70,,35971,4,,,1,30,,35966,4,,,2,70,,35972,4,,,1,30,,35973,4,,,1,70,,35974,4,,,2,30,,35975,4,,,1,70,,35976,4,,,1,30,,35977,4,,,1,70,,35978,4,,,1,30,,35979,4,,,1,70,,35980,4,,,1,30,,35981,4,,,1,100,,35982,4,,,1,100,,35983,4,,,1,100,,35984,4,,,1,100,,35985,4,,,1
3901,'Dimanche-3',609,,31554,4,,,1,100,,31561,4,,,1,100,,31555,4,,,1,100,,31558,4,,,1,100,,31563,4,,,1,100,,31556,4,,,1,100,,31562,4,,,1,30,,31557,4,,,1,70,,31559,4,,,1,30,,31564,4,,,2,70,,31566,4,,,1,30,,31560,4,,,1,70,,31565,4,,,2,30,,31567,4,,,1,70,,31568,4,,,1,30,,31573,4,,,1,70,,31575,4,,,1,30,,31577,4,,,1,70,,31574,4,,,1,30,,31571,4,,,1,100,,31572,4,,,1,100,,31576,4,,,1,100,,31569,4,,,1,100,,31570,4,,,1
3901,'Semaine-4',628,,31600,4,,,1,26,,31589,4,,,1,77,,31590,4,,,1,73,,31586,4,,,1,33,,31592,4,,,1,70,,31594,4,,,1,30,,31601,4,,,1,70,,31612,4,,,1,30,,31607,4,,,1,70,,31602,4,,,1,30,,31587,4,,,1,69,,31596,4,,,1,31,,31603,4,,,2,70,,31588,4,,,1,30,,31585,4,,,1,72,,31604,4,,,2,27,,31597,4,,,1,72,,31578,4,,,1,31,,31605,4,,,1,68,,31583,4,,,1,31,,31580,4,,,1,70,,31608,4,,,1,29,,31593,4,,,1,72,,31599,4,,,2,32,,31584,4,,,2,72,,31606,4,,,1,25,,31579,4,,,2,66,,31609,4,,,1,30,,31582,4,,,1,70,,31598,4,,,1,32,,31610,4,,,2,70,,31581,4,,,1,30,,31591,4,,,1,73,,31611,4,,,2,30,,31595,4,,,1
3901,'Semaine-5',628,,36008,4,,,1,26,,35997,4,,,1,77,,35998,4,,,1,73,,35994,4,,,1,33,,36000,4,,,1,70,,36002,4,,,1,30,,36009,4,,,1,70,,36020,4,,,1,30,,36015,4,,,1,70,,36010,4,,,1,30,,35995,4,,,1,69,,36004,4,,,1,31,,36011,4,,,2,70,,35996,4,,,1,30,,35993,4,,,1,72,,36012,4,,,2,27,,36005,4,,,1,72,,35986,4,,,1,31,,36013,4,,,1,68,,35991,4,,,1,31,,35988,4,,,1,70,,36016,4,,,1,29,,36001,4,,,1,72,,36007,4,,,2,32,,35992,4,,,2,72,,36014,4,,,1,25,,35987,4,,,2,66,,36017,4,,,1,30,,35990,4,,,1,70,,36006,4,,,1,32,,36018,4,,,2,70,,35989,4,,,1,30,,35999,4,,,1,73,,36019,4,,,2,30,,36003,4,,,1
6800,'Semaine-4',609,,33082,12,,,1,30,,33092,12,,,1,68,,33090,12,,,1,34,,33099,12,,,1,68,,33096,12,,,1,30,,33073,12,,,1,70,,33097,12,,,1,30,,33074,12,,,1,70,,33079,12,,,1,30,,33098,12,,,1,70,,33084,12,,,1,30,,33077,12,,,1,75,,33094,12,,,1,35,,33085,12,,,1,70,,33093,12,,,1,30,,33086,12,,,1,71,,33080,12,,,1,29,,33083,12,,,1,60,,33091,12,,,1,21,,33101,12,,,1,24,,33087,12,,,1,58,,33095,12,,,1,19,,33089,12,,,1,20,,33103,12,,,1,57,,33100,12,,,1,10,,33088,12,,,1,10,,33102,12,,,1,20,,33076,12,,,1,70,,33081,12,,,1,30,,33078,12,,,1
6800,'Semaine-5',609,,37122,12,,,1,30,,37132,12,,,1,68,,37130,12,,,1,34,,37139,12,,,1,68,,37136,12,,,1,30,,37113,12,,,1,70,,37137,12,,,1,30,,37114,12,,,1,70,,37119,12,,,1,30,,37138,12,,,1,70,,37124,12,,,1,30,,37117,12,,,1,75,,37134,12,,,1,35,,37125,12,,,1,70,,37133,12,,,1,30,,37126,12,,,1,71,,37120,12,,,1,29,,37123,12,,,1,60,,37131,12,,,1,21,,37141,12,,,1,24,,37127,12,,,1,58,,37135,12,,,1,19,,37129,12,,,1,20,,37143,12,,,1,57,,37140,12,,,1,10,,37128,12,,,1,10,,37142,12,,,1,20,,37116,12,,,1,70,,37121,12,,,1,30,,37118,12,,,1
82701,'Semaine-4',800,,35015,20,0,9 12 13,1
82701,'Semaine-5',800,,38634,20,0,9 12 13,1
