6500,'Samedi-3',700,,32617,21,,,1,100,,32620,21,,,1,100,,32616,21,,,1,100,,32619,21,,,1,100,,32623,21,,,1,100,,32618,21,,,2,100,,32621,21,,,1,100,,32622,21,,,1,100,,32624,21,,,2,100,,32625,21,,,1,100,,32626,21,,,1,100,,32627,21,,,1,100,,32628,21,,,1,100,,32629,21,,,1,100,,32630,21,,,2,100,,32631,21,,,2,100,,32632,21,,,2
6500,'Samedi-4',700,,36781,21,,,1,100,,36784,21,,,1,100,,36780,21,,,1,100,,36783,21,,,1,100,,36787,21,,,1,100,,36782,21,,,2,100,,36785,21,,,1,100,,36786,21,,,1,100,,36788,21,,,2,100,,36789,21,,,1,100,,36790,21,,,1,100,,36791,21,,,1,100,,36792,21,,,1,100,,36793,21,,,1,100,,36794,21,,,2,100,,36795,21,,,2,100,,36796,21,,,2
6500,'Dimanche-3',700,,32634,21,,,1,100,,32637,21,,,1,100,,32636,21,,,1,100,,32640,21,,,1,100,,32642,21,,,1,100,,32639,21,,,2,100,,32641,21,,,1,100,,32633,21,,,1,100,,32638,21,,,2,100,,32635,21,,,1,100,,32643,21,,,1,100,,32648,21,,,1,100,,32646,21,,,1,100,,32649,21,,,1,100,,32644,21,,,2,100,,32647,21,,,2,100,,32645,21,,,2
6500,'Semaine-4',525,,32670,21,,,1,30,,32671,21,,,1,70,,32659,21,,,1,20,,32683,21,,,1,55,,32651,21,,,1,19,,32664,21,,,1,20,,32684,21,,,1,20,,32666,21,,,1,60,,32672,21,,,2,22,,32660,21,,,1,16,,32680,21,,,1,64,,32653,21,,,2,30,,32681,21,,,2,100,,32652,21,,,1,100,,32661,21,,,1,100,,32655,21,,,1,100,,32682,21,,,1,100,,32674,21,,,2,72,,32665,21,,,2,19,,32656,21,,,1,64,,32663,21,,,1,21,,32677,21,,,2,20,,32654,21,,,1,60,,32679,21,,,1,20,,32657,21,,,1,10,,32678,21,,,1,70,,32650,21,,,1,20,,32658,21,,,1,20,,32673,21,,,1,63,,32667,21,,,1,30,,32676,21,,,1,105,,32675,21,,,1,100,,32668,21,,,2,100,,32662,21,,,2,100,,32669,21,,,1
6500,'Samedi-10-_26ÉTÉ-0000010-',700,,42815,21,,,1,100,,42818,21,,,1,100,,42814,21,,,1,100,,42817,21,,,1,100,,42821,21,,,1,100,,42816,21,,,2,100,,42819,21,,,1,100,,42820,21,,,1,100,,42822,21,,,2,100,,42823,21,,,1,100,,42824,21,,,1,100,,42825,21,,,1,100,,42826,21,,,1,100,,42827,21,,,1,100,,42828,21,,,2,100,,42829,21,,,2,100,,42830,21,,,2
6500,'Semaine-2-_26ÉTÉ-1111100-',526,,42851,21,,,1,31,,42852,21,,,2,68,,42840,21,,,1,20,,42864,21,,,1,55,,42832,21,,,2,20,,42845,21,,,1,19,,42865,21,,,1,20,,42847,21,,,1,60,,42853,21,,,1,22,,42841,21,,,2,15,,42861,21,,,1,65,,42834,21,,,2,30,,42862,21,,,2,100,,42833,21,,,1,100,,42842,21,,,1,100,,42836,21,,,2,100,,42863,21,,,1,100,,42855,21,,,1,70,,42846,21,,,2,20,,42837,21,,,1,66,,42844,21,,,1,22,,42858,21,,,2,18,,42835,21,,,2,62,,42860,21,,,1,20,,42838,21,,,1,8,,42859,21,,,1,70,,42831,21,,,1,20,,42839,21,,,2,20,,42854,21,,,1,63,,42848,21,,,1,30,,42857,21,,,1,105,,42856,21,,,1,100,,42849,21,,,1,100,,42843,21,,,1,100,,42850,21,,,1
6500,'Semaine-3-_26ÉTÉ-1111100-',526,,42886,21,,,1,31,,42887,21,,,2,68,,42875,21,,,1,20,,42899,21,,,1,55,,42867,21,,,2,20,,42880,21,,,1,19,,42900,21,,,1,20,,42882,21,,,1,60,,42888,21,,,1,22,,42876,21,,,2,15,,42896,21,,,1,65,,42869,21,,,2,30,,42897,21,,,2,100,,42868,21,,,1,100,,42877,21,,,1,100,,42871,21,,,2,100,,42898,21,,,1,100,,42890,21,,,1,70,,42881,21,,,2,20,,42872,21,,,1,66,,42879,21,,,1,22,,42893,21,,,2,18,,42870,21,,,2,62,,42895,21,,,1,20,,42873,21,,,1,8,,42894,21,,,1,70,,42866,21,,,1,20,,42874,21,,,2,20,,42889,21,,,1,63,,42883,21,,,1,30,,42892,21,,,1,105,,42891,21,,,1,100,,42884,21,,,1,100,,42878,21,,,1,100,,42885,21,,,1
6500,'Semaine-4-_26ÉTÉ-1111100-',526,,42921,21,,,1,31,,42922,21,,,2,68,,42910,21,,,1,20,,42934,21,,,1,55,,42902,21,,,2,20,,42915,21,,,1,19,,42935,21,,,1,20,,42917,21,,,1,60,,42923,21,,,1,22,,42911,21,,,2,15,,42931,21,,,1,65,,42904,21,,,2,30,,42932,21,,,2,100,,42903,21,,,1,100,,42912,21,,,1,100,,42906,21,,,2,100,,42933,21,,,1,100,,42925,21,,,1,70,,42916,21,,,2,20,,42907,21,,,1,66,,42914,21,,,1,22,,42928,21,,,2,18,,42905,21,,,2,62,,42930,21,,,1,20,,42908,21,,,1,8,,42929,21,,,1,70,,42901,21,,,1,20,,42909,21,,,2,20,,42924,21,,,1,63,,42918,21,,,1,30,,42927,21,,,1,105,,42926,21,,,1,100,,42919,21,,,1,100,,42913,21,,,1,100,,42920,21,,,1
7601,'Samedi-3',716,,33696,16,,,1,100,,33699,16,,,2,100,,33698,16,,,1,100,,33702,16,,,1,100,,33701,16,,,1,100,,33700,16,,,2,100,,33697,16,,,1,100,,33703,16,,,1,100,,33704,16,,,2,100,,33705,16,,,1,100,,33706,16,,,2,100,,33707,16,,,1,100,,33708,16,,,1,100,,33709,16,,,2,100,,33710,16,,,2,100,,33711,16,,,2
7601,'Samedi-4',716,,37608,16,,,1,100,,37611,16,,,2,100,,37610,16,,,1,100,,37614,16,,,1,100,,37613,16,,,1,100,,37612,16,,,2,100,,37609,16,,,1,100,,37615,16,,,1,100,,37616,16,,,2,100,,37617,16,,,1,100,,37618,16,,,2,100,,37619,16,,,1,100,,37620,16,,,1,100,,37621,16,,,2,100,,37622,16,,,2,100,,37623,16,,,2
7601,'Dimanche-3',715,,33714,16,,,1,100,,33717,16,,,2,100,,33715,16,,,1,100,,33716,16,,,1,100,,33719,16,,,1,100,,33712,16,,,2,100,,33718,16,,,1,100,,33713,16,,,1,100,,33721,16,,,2,100,,33725,16,,,1,100,,33722,16,,,2,100,,33727,16,,,1,100,,33720,16,,,1,100,,33723,16,,,2,100,,33726,16,,,2,100,,33724,16,,,2
7601,'Semaine-4',636,,33739,16,,,1,15,,33728,16,,,1,58,,33754,16,,,1,24,,33743,16,,,1,24,,33755,16,,,1,57,,33745,16,,,1,18,,33752,16,,,1,69,,33753,16,,,1,30,,33746,16,,,2,70,,33751,16,,,1,30,,33758,16,,,1,70,,33756,16,,,1,30,,33731,16,,,1,70,,33759,16,,,1,30,,33732,16,,,1,70,,33747,16,,,2,30,,33733,16,,,1,70,,33729,16,,,1,30,,33734,16,,,1,70,,33730,16,,,1,34,,33757,16,,,2,70,,33740,16,,,2,27,,33742,16,,,1,25,,33741,16,,,2,65,,33744,16,,,2,25,,33749,16,,,1,65,,33748,16,,,1,29,,33750,16,,,1,87,,33735,16,,,1,98,,33736,16,,,1,100,,33737,16,,,1,100,,33738,16,,,1
7601,'Samedi-10-_26ÉTÉ-0000010-',716,,44788,16,,,1,100,,44791,16,,,2,100,,44790,16,,,1,100,,44794,16,,,1,100,,44793,16,,,1,100,,44792,16,,,2,100,,44789,16,,,1,100,,44795,16,,,1,100,,44796,16,,,2,100,,44797,16,,,1,100,,44798,16,,,2,100,,44799,16,,,1,100,,44800,16,,,1,100,,44801,16,,,2,100,,44802,16,,,2,100,,44803,16,,,2
7601,'Semaine-2-_26ÉTÉ-1111100-',636,,44815,16,,,2,15,,44804,16,,,2,59,,44830,16,,,2,24,,44819,16,,,2,20,,44831,16,,,2,60,,44821,16,,,1,17,,44828,16,,,2,70,,44829,16,,,2,30,,44822,16,,,2,70,,44827,16,,,1,30,,44834,16,,,1,70,,44832,16,,,1,30,,44807,16,,,2,70,,44835,16,,,2,30,,44808,16,,,1,70,,44823,16,,,1,30,,44809,16,,,1,70,,44805,16,,,1,30,,44810,16,,,1,70,,44806,16,,,2,33,,44833,16,,,1,68,,44816,16,,,2,30,,44818,16,,,2,25,,44817,16,,,1,67,,44820,16,,,1,23,,44825,16,,,1,65,,44824,16,,,1,29,,44826,16,,,1,85,,44811,16,,,1,100,,44812,16,,,1,100,,44813,16,,,1,100,,44814,16,,,1
7601,'Semaine-3-_26ÉTÉ-1111100-',636,,44847,16,,,2,15,,44836,16,,,2,59,,44862,16,,,2,24,,44851,16,,,2,20,,44863,16,,,2,60,,44853,16,,,1,17,,44860,16,,,2,70,,44861,16,,,2,30,,44854,16,,,2,70,,44859,16,,,1,30,,44866,16,,,1,70,,44864,16,,,1,30,,44839,16,,,2,70,,44867,16,,,2,30,,44840,16,,,1,70,,44855,16,,,1,30,,44841,16,,,1,70,,44837,16,,,1,30,,44842,16,,,1,70,,44838,16,,,2,33,,44865,16,,,1,68,,44848,16,,,2,30,,44850,16,,,2,25,,44849,16,,,1,67,,44852,16,,,1,23,,44857,16,,,1,65,,44856,16,,,1,29,,44858,16,,,1,85,,44843,16,,,1,100,,44844,16,,,1,100,,44845,16,,,1,100,,44846,16,,,1
7601,'Semaine-4-_26ÉTÉ-1111100-',636,,44879,16,,,2,15,,44868,16,,,2,59,,44894,16,,,2,24,,44883,16,,,2,20,,44895,16,,,2,60,,44885,16,,,1,17,,44892,16,,,2,70,,44893,16,,,2,30,,44886,16,,,2,70,,44891,16,,,1,30,,44898,16,,,1,70,,44896,16,,,1,30,,44871,16,,,2,70,,44899,16,,,2,30,,44872,16,,,1,70,,44887,16,,,1,30,,44873,16,,,1,70,,44869,16,,,1,30,,44874,16,,,1,70,,44870,16,,,2,33,,44897,16,,,1,68,,44880,16,,,2,30,,44882,16,,,2,25,,44881,16,,,1,67,,44884,16,,,1,23,,44889,16,,,1,65,,44888,16,,,1,29,,44890,16,,,1,85,,44875,16,,,1,100,,44876,16,,,1,100,,44877,16,,,1,100,,44878,16,,,1
57601,'Semaine-4',711,,34832,16,0,5 6,1
57601,'Semaine-2-_26ÉTÉ-1111100-',711,,46776,16,0,5 6,2
57601,'Semaine-3-_26ÉTÉ-1111100-',711,,46777,16,0,5 6,2
57601,'Semaine-4-_26ÉTÉ-1111100-',711,,46778,16,0,5 6,2
