3200,'Semaine-4',644,,30614,29,,,1,70,,30613,29,,,1,30,,30609,29,,,1,72,,30611,29,,,1,29,,30610,29,,,1,70,,30612,29,,,1,30,,30585,29,,,1,70,,30580,29,,,2,30,,30581,29,,,2,70,,30592,29,,,1,30,,30586,29,,,1,68,,30572,29,,,1,31,,30573,29,,,1,71,,30584,29,,,1,30,,30587,29,,,1,69,,30593,29,,,1,31,,30574,29,,,1,70,,30619,29,,,1,17,,30571,29,,,2,10,,30601,29,,,1,12,,30591,29,,,1,50,,30597,29,,,1,10,,30598,29,,,1,10,,30616,29,,,1,10,,30617,29,,,1,10,,30618,29,,,1,10,,30615,29,,,2,50,,30588,29,,,2,10,,30599,29,,,1,10,,30607,29,,,1,10,,30600,29,,,2,8,,30577,29,,,2,9,,30608,29,,,2,51,,30594,29,,,1,10,,30596,29,,,2,10,,30595,29,,,2,19,,30589,29,,,1,65,,30583,29,,,1,30,,30578,29,,,2,70,,30575,29,,,1,30,,30590,29,,,1,68,,30582,29,,,1,32,,30579,29,,,2,70,,30576,29,,,1,30,,30602,29,,,1,70,,30603,29,,,1,26,,30604,29,,,2,70,,30605,29,,,1,29,,30606,29,,,1
3200,'Semaine-5',644,,35273,29,,,1,70,,35272,29,,,1,30,,35268,29,,,1,72,,35270,29,,,1,29,,35269,29,,,1,70,,35271,29,,,1,30,,35244,29,,,1,70,,35239,29,,,2,30,,35240,29,,,2,70,,35251,29,,,1,30,,35245,29,,,1,68,,35231,29,,,1,31,,35232,29,,,1,71,,35243,29,,,1,30,,35246,29,,,1,69,,35252,29,,,1,31,,35233,29,,,1,70,,35278,29,,,1,17,,35230,29,,,2,10,,35260,29,,,1,12,,35250,29,,,1,50,,35256,29,,,1,10,,35257,29,,,1,10,,35275,29,,,1,10,,35276,29,,,1,10,,35277,29,,,1,10,,35274,29,,,2,50,,35247,29,,,2,10,,35258,29,,,1,10,,35266,29,,,1,10,,35259,29,,,2,8,,35236,29,,,2,9,,35267,29,,,2,51,,35253,29,,,1,10,,35255,29,,,2,10,,35254,29,,,2,19,,35248,29,,,1,65,,35242,29,,,1,30,,35237,29,,,2,70,,35234,29,,,1,30,,35249,29,,,1,68,,35241,29,,,1,32,,35238,29,,,2,70,,35235,29,,,1,30,,35261,29,,,1,70,,35262,29,,,1,26,,35263,29,,,2,70,,35264,29,,,1,29,,35265,29,,,1
3400,'Samedi-3',752,,30828,43,,,1,104,,30833,43,,,1,70,,30829,43,,,2,31,,30835,43,,,1,70,,30836,43,,,1,31,,30830,43,,,1,70,,30831,43,,,1,30,,30832,43,,,1,70,,30834,43,,,2,72,,30837,43,,,1,30,,30839,43,,,1,71,,30838,43,,,2,30,,30840,43,,,1,70,,30841,43,,,1,30,,30842,43,,,1,69,,30843,43,,,1,30,,30844,43,,,1,71,,30845,43,,,1,30,,30846,43,,,1,70,,30847,43,,,1,30,,30848,43,,,1,28,,30849,43,,,1,68,,30850,43,,,2,30,,30851,43,,,1,70,,30852,43,,,1,30,,30853,43,,,1,70,,30854,43,,,1,30,,30855,43,,,1,70,,30856,43,,,1,29,,30858,43,,,1,71,,30857,43,,,1,29,,30860,43,,,1,70,,30859,43,,,1,26,,30861,43,,,1
3400,'Samedi-4',752,,35451,43,,,1,104,,35456,43,,,1,70,,35452,43,,,2,31,,35458,43,,,1,70,,35459,43,,,1,31,,35453,43,,,1,70,,35454,43,,,1,30,,35455,43,,,1,70,,35457,43,,,2,72,,35460,43,,,1,30,,35462,43,,,1,71,,35461,43,,,2,30,,35463,43,,,1,70,,35464,43,,,1,30,,35465,43,,,1,69,,35466,43,,,1,30,,35467,43,,,1,71,,35468,43,,,1,30,,35469,43,,,1,70,,35470,43,,,1,30,,35471,43,,,1,28,,35472,43,,,1,68,,35473,43,,,2,30,,35474,43,,,1,70,,35475,43,,,1,30,,35476,43,,,1,70,,35477,43,,,1,30,,35478,43,,,1,70,,35479,43,,,1,29,,35481,43,,,1,71,,35480,43,,,1,29,,35483,43,,,1,70,,35482,43,,,1,26,,35484,43,,,1
3400,'Dimanche-3',752,,30866,43,,,1,104,,30870,43,,,1,70,,30868,43,,,2,31,,30863,43,,,1,70,,30871,43,,,1,31,,30874,43,,,1,70,,30873,43,,,1,30,,30862,43,,,1,70,,30864,43,,,2,72,,30875,43,,,1,30,,30865,43,,,1,71,,30867,43,,,2,30,,30869,43,,,1,70,,30878,43,,,1,30,,30872,43,,,1,69,,30876,43,,,1,30,,30879,43,,,1,71,,30883,43,,,1,30,,30888,43,,,1,70,,30880,43,,,1,30,,30881,43,,,1,28,,30891,43,,,1,68,,30882,43,,,2,30,,30887,43,,,1,70,,30877,43,,,1,30,,30884,43,,,1,70,,30886,43,,,1,30,,30889,43,,,1,70,,30895,43,,,1,29,,30890,43,,,1,71,,30892,43,,,1,29,,30885,43,,,1,70,,30893,43,,,1,26,,30894,43,,,1
3400,'Semaine-4',634,,30926,43,,,1,69,,30911,43,,,1,33,,30905,43,,,1,77,,30909,43,,,1,27,,30900,43,,,1,69,,30920,43,,,1,30,,30906,43,,,1,67,,30896,43,,,1,30,,30901,43,,,1,70,,30902,43,,,1,30,,30907,43,,,1,70,,30897,43,,,1,31,,30927,43,,,1,70,,30903,43,,,1,30,,30908,43,,,1,70,,30898,43,,,1,33,,30924,43,,,1,70,,30899,43,,,1,26,,30925,43,,,2,305,,30923,43,,,2,60,,30912,43,,,1,27,,30904,43,,,1,30,,30916,43,,,1,70,,30922,43,,,1,30,,30913,43,,,2,69,,30915,43,,,1,30,,30917,43,,,1,70,,30910,43,,,1,30,,30919,43,,,1,69,,30914,43,,,1,28,,30918,43,,,1,70,,30921,43,,,1
3400,'Semaine-5',634,,35515,43,,,1,69,,35500,43,,,1,33,,35494,43,,,1,77,,35498,43,,,1,27,,35489,43,,,1,69,,35509,43,,,1,30,,35495,43,,,1,67,,35485,43,,,1,30,,35490,43,,,1,70,,35491,43,,,1,30,,35496,43,,,1,70,,35486,43,,,1,31,,35516,43,,,1,70,,35492,43,,,1,30,,35497,43,,,1,70,,35487,43,,,1,33,,35513,43,,,1,70,,35488,43,,,1,26,,35514,43,,,2,305,,35512,43,,,2,60,,35501,43,,,1,27,,35493,43,,,1,30,,35505,43,,,1,70,,35511,43,,,1,30,,35502,43,,,2,69,,35504,43,,,1,30,,35506,43,,,1,70,,35499,43,,,1,30,,35508,43,,,1,69,,35503,43,,,1,28,,35507,43,,,1,70,,35510,43,,,1
32600,'Semaine-4',1644,,34187,39,0,7 8,1
32600,'Semaine-5',1644,,38018,39,0,7 8,1
44901,'Semaine-4',1511,,34813,15,0,9 14,1
44901,'Semaine-5',1511,,38464,15,0,9 14,1
73400,'Semaine-4',1648,,34853,37,0,5 11,1
73400,'Semaine-5',1648,,38504,37,0,5 11,1
82600,'Semaine-4',1547,,35011,29,0,9 12 13,1
82600,'Semaine-5',1547,,38630,29,0,9 12 13,1
