9501,'Semaine-4',549,,33978,33,,,2,55,,33974,33,,,1,13,,33976,33,,,1,17,,33981,33,,,2,16,,33977,33,,,2,55,,33979,33,,,1,15,,33980,33,,,2,16,,33975,33,,,2
9501,'Semaine-2-_26ÉTÉ-1111100-',549,,45386,33,,,1,55,,45382,33,,,1,15,,45384,33,,,1,15,,45389,33,,,2,16,,45385,33,,,2,55,,45387,33,,,2,17,,45388,33,,,1,13,,45383,33,,,2
9501,'Semaine-3-_26ÉTÉ-1111100-',549,,45394,33,,,1,55,,45390,33,,,1,15,,45392,33,,,1,15,,45397,33,,,2,16,,45393,33,,,2,55,,45395,33,,,2,17,,45396,33,,,1,13,,45391,33,,,2
9501,'Semaine-4-_26ÉTÉ-1111100-',549,,45402,33,,,1,55,,45398,33,,,1,15,,45400,33,,,1,15,,45405,33,,,2,16,,45401,33,,,2,55,,45403,33,,,2,17,,45404,33,,,1,13,,45399,33,,,2
9701,'Samedi-3',744,,34038,37,,,2,100,,34041,37,,,2,101,,34039,37,,,2,100,,34042,37,,,2,99,,34036,37,,,1,100,,34037,37,,,1,101,,34040,37,,,2,100,,34043,37,,,2,100,,34044,37,,,1,100,,34045,37,,,2,100,,34046,37,,,2,100,,34047,37,,,1,100,,34051,37,,,1,100,,34048,37,,,1,99,,34049,37,,,1,100,,34050,37,,,1
9701,'Dimanche-3',744,,34058,37,,,2,100,,34055,37,,,2,101,,34056,37,,,2,100,,34059,37,,,2,99,,34054,37,,,1,100,,34053,37,,,1,101,,34052,37,,,2,100,,34057,37,,,2,100,,34061,37,,,1,100,,34060,37,,,2,100,,34065,37,,,2,100,,34066,37,,,1,100,,34067,37,,,1,100,,34062,37,,,1,99,,34063,37,,,1,100,,34064,37,,,1
9701,'Semaine-4',625,,34082,37,,,1,100,,34075,37,,,2,110,,34084,37,,,1,103,,34073,37,,,2,100,,34070,37,,,2,100,,34083,37,,,1,100,,34078,37,,,2,100,,34074,37,,,1,100,,34080,37,,,1,104,,34068,37,,,2,96,,34071,37,,,2,99,,34079,37,,,1,98,,34081,37,,,1,94,,34072,37,,,1,98,,34076,37,,,2,100,,34069,37,,,1,100,,34077,37,,,1
9701,'Samedi-10-_26ÉTÉ-0000010-',744,,45485,37,,,2,100,,45488,37,,,1,101,,45486,37,,,2,100,,45489,37,,,2,99,,45483,37,,,1,100,,45484,37,,,1,101,,45487,37,,,2,100,,45490,37,,,2,100,,45491,37,,,1,100,,45492,37,,,2,100,,45493,37,,,2,100,,45494,37,,,1,100,,45498,37,,,1,100,,45495,37,,,1,99,,45496,37,,,1,100,,45497,37,,,1
9701,'Semaine-2-_26ÉTÉ-1111100-',625,,45513,37,,,1,100,,45506,37,,,2,110,,45515,37,,,1,103,,45504,37,,,2,100,,45501,37,,,1,100,,45514,37,,,2,98,,45509,37,,,2,102,,45505,37,,,1,100,,45511,37,,,2,103,,45499,37,,,1,97,,45502,37,,,1,99,,45510,37,,,1,98,,45512,37,,,2,94,,45503,37,,,2,98,,45507,37,,,1,100,,45500,37,,,2,100,,45508,37,,,1
9701,'Semaine-3-_26ÉTÉ-1111100-',625,,45530,37,,,1,100,,45523,37,,,2,110,,45532,37,,,1,103,,45521,37,,,2,100,,45518,37,,,1,100,,45531,37,,,2,98,,45526,37,,,2,102,,45522,37,,,1,100,,45528,37,,,2,103,,45516,37,,,1,97,,45519,37,,,1,99,,45527,37,,,1,98,,45529,37,,,2,94,,45520,37,,,2,98,,45524,37,,,1,100,,45517,37,,,2,100,,45525,37,,,1
9701,'Semaine-4-_26ÉTÉ-1111100-',625,,45547,37,,,1,100,,45540,37,,,2,110,,45549,37,,,1,103,,45538,37,,,2,100,,45535,37,,,1,100,,45548,37,,,2,98,,45543,37,,,2,102,,45539,37,,,1,100,,45545,37,,,2,103,,45533,37,,,1,97,,45536,37,,,1,99,,45544,37,,,1,98,,45546,37,,,2,94,,45537,37,,,2,98,,45541,37,,,1,100,,45534,37,,,2,100,,45542,37,,,1
9801,'Semaine-4',521,,34085,33,,,1,10,,34086,33,,,1,10,,34087,33,,,1
9801,'Semaine-2-_26ÉTÉ-1111100-',521,,45550,33,,,1,10,,45551,33,,,1,10,,45552,33,,,1
9801,'Semaine-3-_26ÉTÉ-1111100-',521,,45553,33,,,1,10,,45554,33,,,1,10,,45555,33,,,1
9801,'Semaine-4-_26ÉTÉ-1111100-',521,,45556,33,,,1,10,,45557,33,,,1,10,,45558,33,,,1
29701,'Semaine-4',1513,,34182,13,0,19,2
