2301,'Semaine-1-_26ÉTÉ-1111100-',614,,47178,6,,,1,30,,47175,6,,,1,70,,47179,6,,,1,30,,47177,6,,,2,70,,47176,6,,,2
2301,'Semaine-10-_26ÉTÉ-1111100-',614,,47183,6,,,1,30,,47180,6,,,1,70,,47184,6,,,1,30,,47182,6,,,2,70,,47181,6,,,2
2301,'Semaine-11-_26ÉTÉ-1111100-',614,,47188,6,,,1,30,,47185,6,,,1,70,,47189,6,,,1,30,,47187,6,,,2,70,,47186,6,,,2
2301,'Semaine-12-_26ÉTÉ-1111100-',614,,47193,6,,,1,30,,47190,6,,,1,70,,47194,6,,,1,30,,47192,6,,,2,70,,47191,6,,,2
2301,'Semaine-5-_26ÉTÉ-1111100-',614,,47198,6,,,1,30,,47195,6,,,1,70,,47199,6,,,1,30,,47197,6,,,2,70,,47196,6,,,2
3201,'Semaine-1-_26ÉTÉ-1111100-',511,,48316,9,,,2,20,,48315,9,,,1,20,,48307,9,,,2,61,,48317,9,,,1,10,,48297,9,,,2,10,,48318,9,,,1,10,,48298,9,,,2,10,,48299,9,,,1,48,,48291,9,,,1,8,,48294,9,,,1,8,,48320,9,,,1,8,,48300,9,,,1,9,,48295,9,,,1,7,,48308,9,,,2,8,,48290,9,,,1,8,,48301,9,,,1,48,,48319,9,,,1,8,,48289,9,,,1,10,,48288,9,,,2,10,,48293,9,,,1,11,,48296,9,,,1,10,,48302,9,,,1,61,,48276,9,,,1,30,,48286,9,,,2,70,,48279,9,,,1,30,,48282,9,,,2,70,,48275,9,,,1,30,,48285,9,,,2,70,,48280,9,,,1,30,,48287,9,,,1,70,,48269,9,,,1,30,,48274,9,,,2,70,,48281,9,,,1,30,,48292,9,,,1,70,,48309,9,,,1,27,,48310,9,,,1,72,,48311,9,,,1,31,,48312,9,,,1,70,,48313,9,,,1,30,,48314,9,,,1,70,,48272,9,,,1,30,,48270,9,,,1,70,,48283,9,,,1,30,,48278,9,,,1,70,,48273,9,,,1,30,,48271,9,,,1,70,,48284,9,,,1,30,,48277,9,,,1,70,,48304,9,,,2,30,,48303,9,,,1,70,,48305,9,,,1,30,,48306,9,,,1
3201,'Semaine-10-_26ÉTÉ-1111100-',511,,48368,9,,,2,20,,48367,9,,,1,20,,48359,9,,,2,61,,48369,9,,,1,10,,48349,9,,,2,10,,48370,9,,,1,10,,48350,9,,,2,10,,48351,9,,,1,48,,48343,9,,,1,8,,48346,9,,,1,8,,48372,9,,,1,8,,48352,9,,,1,9,,48347,9,,,1,7,,48360,9,,,2,8,,48342,9,,,1,8,,48353,9,,,1,48,,48371,9,,,1,8,,48341,9,,,1,10,,48340,9,,,2,10,,48345,9,,,1,11,,48348,9,,,1,10,,48354,9,,,1,61,,48328,9,,,1,30,,48338,9,,,2,70,,48331,9,,,1,30,,48334,9,,,2,70,,48327,9,,,1,30,,48337,9,,,2,70,,48332,9,,,1,30,,48339,9,,,1,70,,48321,9,,,1,30,,48326,9,,,1,70,,48333,9,,,1,30,,48344,9,,,1,70,,48361,9,,,1,27,,48362,9,,,1,72,,48363,9,,,1,31,,48364,9,,,1,70,,48365,9,,,1,30,,48366,9,,,1,70,,48324,9,,,1,30,,48322,9,,,1,70,,48335,9,,,1,30,,48330,9,,,1,70,,48325,9,,,1,30,,48323,9,,,1,70,,48336,9,,,1,30,,48329,9,,,1,70,,48356,9,,,2,30,,48355,9,,,1,70,,48357,9,,,1,30,,48358,9,,,1
3201,'Semaine-11-_26ÉTÉ-1111100-',511,,48420,9,,,2,20,,48419,9,,,1,20,,48411,9,,,2,61,,48421,9,,,1,10,,48401,9,,,2,10,,48422,9,,,1,10,,48402,9,,,2,10,,48403,9,,,1,48,,48395,9,,,1,8,,48398,9,,,1,8,,48424,9,,,1,8,,48404,9,,,1,9,,48399,9,,,1,7,,48412,9,,,2,8,,48394,9,,,1,8,,48405,9,,,1,48,,48423,9,,,1,8,,48393,9,,,1,10,,48392,9,,,2,10,,48397,9,,,1,11,,48400,9,,,1,10,,48406,9,,,1,61,,48380,9,,,1,30,,48390,9,,,2,70,,48383,9,,,1,30,,48386,9,,,2,70,,48379,9,,,1,30,,48389,9,,,2,70,,48384,9,,,1,30,,48391,9,,,1,70,,48373,9,,,1,30,,48378,9,,,2,70,,48385,9,,,1,30,,48396,9,,,1,70,,48413,9,,,1,27,,48414,9,,,1,72,,48415,9,,,1,31,,48416,9,,,1,70,,48417,9,,,1,30,,48418,9,,,1,70,,48376,9,,,1,30,,48374,9,,,1,70,,48387,9,,,1,30,,48382,9,,,1,70,,48377,9,,,1,30,,48375,9,,,1,70,,48388,9,,,1,30,,48381,9,,,1,70,,48408,9,,,2,30,,48407,9,,,1,70,,48409,9,,,1,30,,48410,9,,,1
3201,'Semaine-12-_26ÉTÉ-1111100-',511,,48472,9,,,2,20,,48471,9,,,1,20,,48463,9,,,2,61,,48473,9,,,1,10,,48453,9,,,2,10,,48474,9,,,1,10,,48454,9,,,2,10,,48455,9,,,1,48,,48447,9,,,1,8,,48450,9,,,1,8,,48476,9,,,1,8,,48456,9,,,1,9,,48451,9,,,1,7,,48464,9,,,2,8,,48446,9,,,1,8,,48457,9,,,1,48,,48475,9,,,1,8,,48445,9,,,1,10,,48444,9,,,2,10,,48449,9,,,1,11,,48452,9,,,1,10,,48458,9,,,1,61,,48432,9,,,1,30,,48442,9,,,2,70,,48435,9,,,1,30,,48438,9,,,2,70,,48431,9,,,1,30,,48441,9,,,2,70,,48436,9,,,1,30,,48443,9,,,1,70,,48425,9,,,1,30,,48430,9,,,2,70,,48437,9,,,1,30,,48448,9,,,1,70,,48465,9,,,1,27,,48466,9,,,1,72,,48467,9,,,1,31,,48468,9,,,1,70,,48469,9,,,1,30,,48470,9,,,1,70,,48428,9,,,1,30,,48426,9,,,1,70,,48439,9,,,1,30,,48434,9,,,1,70,,48429,9,,,1,30,,48427,9,,,1,70,,48440,9,,,1,30,,48433,9,,,1,70,,48460,9,,,2,30,,48459,9,,,1,70,,48461,9,,,1,30,,48462,9,,,1
3201,'Semaine-5-_26ÉTÉ-1111100-',511,,48524,9,,,2,20,,48523,9,,,1,20,,48515,9,,,2,61,,48525,9,,,1,10,,48505,9,,,2,10,,48526,9,,,1,10,,48506,9,,,2,10,,48507,9,,,1,48,,48499,9,,,1,8,,48502,9,,,1,8,,48528,9,,,1,8,,48508,9,,,1,9,,48503,9,,,1,7,,48516,9,,,2,8,,48498,9,,,1,8,,48509,9,,,1,48,,48527,9,,,1,8,,48497,9,,,1,10,,48496,9,,,2,10,,48501,9,,,1,11,,48504,9,,,1,10,,48510,9,,,1,61,,48484,9,,,1,30,,48494,9,,,2,70,,48487,9,,,1,30,,48490,9,,,2,70,,48483,9,,,1,30,,48493,9,,,2,70,,48488,9,,,1,30,,48495,9,,,1,70,,48477,9,,,1,30,,48482,9,,,2,70,,48489,9,,,1,30,,48500,9,,,1,70,,48517,9,,,1,27,,48518,9,,,1,72,,48519,9,,,1,31,,48520,9,,,1,70,,48521,9,,,1,30,,48522,9,,,1,70,,48480,9,,,1,30,,48478,9,,,1,70,,48491,9,,,1,30,,48486,9,,,1,70,,48481,9,,,1,30,,48479,9,,,1,70,,48492,9,,,1,30,,48485,9,,,1,70,,48512,9,,,2,30,,48511,9,,,1,70,,48513,9,,,1,30,,48514,9,,,1
3401,'Samedi-0-_26ÉTÉ-0000010-',653,,49389,16,,,1,100,,49392,16,,,2,70,,49401,16,,,1,33,,49390,16,,,1,67,,49395,16,,,1,30,,49397,16,,,1,72,,49391,16,,,2,30,,49400,16,,,1,71,,49393,16,,,1,30,,49402,16,,,1,68,,49394,16,,,1,30,,49396,16,,,1,70,,49398,16,,,2,30,,49399,16,,,2,70,,49403,16,,,1,30,,49404,16,,,2,70,,49405,16,,,1,30,,49406,16,,,1,71,,49407,16,,,1,31,,49408,16,,,1,70,,49409,16,,,2,31,,49410,16,,,1,67,,49411,16,,,1,30,,49413,16,,,1,71,,49412,16,,,2,30,,49414,16,,,1,70,,49415,16,,,2,28,,49416,16,,,1,70,,49418,16,,,1,30,,49417,16,,,1,70,,49419,16,,,1,100,,49420,16,,,1
3401,'Dimanche-0-_26ÉTÉ-0000001-',653,,49422,16,,,1,100,,49433,16,,,2,70,,49426,16,,,1,33,,49429,16,,,1,67,,49428,16,,,1,30,,49437,16,,,1,72,,49434,16,,,2,30,,49421,16,,,1,71,,49432,16,,,1,30,,49425,16,,,1,68,,49423,16,,,1,30,,49424,16,,,1,70,,49427,16,,,2,30,,49435,16,,,2,70,,49431,16,,,1,30,,49430,16,,,2,70,,49436,16,,,1,30,,49441,16,,,1,71,,49439,16,,,1,31,,49445,16,,,1,70,,49448,16,,,2,31,,49438,16,,,1,67,,49447,16,,,1,30,,49440,16,,,1,71,,49444,16,,,2,30,,49451,16,,,1,70,,49443,16,,,2,28,,49442,16,,,1,70,,49449,16,,,1,30,,49450,16,,,1,70,,49446,16,,,1,100,,49452,16,,,1
3401,'Dimanche-10-_26ÉTÉ-0000001-',653,,49454,16,,,1,100,,49465,16,,,2,70,,49458,16,,,1,33,,49461,16,,,1,67,,49460,16,,,1,30,,49469,16,,,1,72,,49466,16,,,2,30,,49453,16,,,1,71,,49464,16,,,1,30,,49457,16,,,1,68,,49455,16,,,1,30,,49456,16,,,1,70,,49459,16,,,2,30,,49467,16,,,2,70,,49463,16,,,1,30,,49462,16,,,2,70,,49468,16,,,1,30,,49473,16,,,1,71,,49471,16,,,1,31,,49477,16,,,1,70,,49480,16,,,2,31,,49470,16,,,1,67,,49479,16,,,1,30,,49472,16,,,1,71,,49476,16,,,2,30,,49483,16,,,1,70,,49475,16,,,2,28,,49474,16,,,1,70,,49481,16,,,1,30,,49482,16,,,1,70,,49478,16,,,1,100,,49484,16,,,1
3401,'Dimanche-11-_26ÉTÉ-0000001-',653,,49486,16,,,1,100,,49497,16,,,2,70,,49490,16,,,1,33,,49493,16,,,1,67,,49492,16,,,1,30,,49501,16,,,1,72,,49498,16,,,2,30,,49485,16,,,1,71,,49496,16,,,1,30,,49489,16,,,1,68,,49487,16,,,1,30,,49488,16,,,1,70,,49491,16,,,2,30,,49499,16,,,2,70,,49495,16,,,1,30,,49494,16,,,2,70,,49500,16,,,1,30,,49505,16,,,1,71,,49503,16,,,1,31,,49509,16,,,1,70,,49512,16,,,2,31,,49502,16,,,1,67,,49511,16,,,1,30,,49504,16,,,1,71,,49508,16,,,2,30,,49515,16,,,1,70,,49507,16,,,2,28,,49506,16,,,1,70,,49513,16,,,1,30,,49514,16,,,1,70,,49510,16,,,1,100,,49516,16,,,1
3401,'Semaine-1-_26ÉTÉ-1111100-',857,,49542,16,,,2,72,,49522,16,,,1,30,,49526,16,,,1,70,,49546,16,,,1,30,,49519,16,,,1,70,,49523,16,,,1,30,,49527,16,,,2,70,,49517,16,,,1,71,,49520,16,,,1,29,,49524,16,,,1,30,,49528,16,,,1,70,,49521,16,,,1,29,,49543,16,,,1,70,,49518,16,,,2,30,,49544,16,,,1,70,,49545,16,,,1,73,,49539,16,,,1,28,,49535,16,,,2,29,,49525,16,,,1,71,,49532,16,,,1,30,,49541,16,,,1,70,,49529,16,,,1,30,,49531,16,,,1,70,,49533,16,,,1,30,,49537,16,,,2,70,,49530,16,,,1,30,,49536,16,,,1,70,,49534,16,,,1,30,,49538,16,,,1,70,,49540,16,,,1
3401,'Semaine-10-_26ÉTÉ-1111100-',857,,49572,16,,,2,72,,49552,16,,,1,30,,49556,16,,,1,70,,49576,16,,,1,30,,49549,16,,,1,70,,49553,16,,,1,30,,49557,16,,,2,70,,49547,16,,,1,71,,49550,16,,,1,29,,49554,16,,,1,30,,49558,16,,,1,70,,49551,16,,,1,29,,49573,16,,,1,70,,49548,16,,,2,30,,49574,16,,,1,70,,49575,16,,,1,73,,49569,16,,,1,28,,49565,16,,,2,29,,49555,16,,,1,71,,49562,16,,,1,30,,49571,16,,,1,70,,49559,16,,,1,30,,49561,16,,,1,70,,49563,16,,,1,30,,49567,16,,,2,70,,49560,16,,,1,30,,49566,16,,,1,70,,49564,16,,,1,30,,49568,16,,,1,70,,49570,16,,,1
3401,'Semaine-11-_26ÉTÉ-1111100-',857,,49602,16,,,2,72,,49582,16,,,1,30,,49586,16,,,1,70,,49606,16,,,1,30,,49579,16,,,1,70,,49583,16,,,1,30,,49587,16,,,2,70,,49577,16,,,1,71,,49580,16,,,1,29,,49584,16,,,1,30,,49588,16,,,1,70,,49581,16,,,1,29,,49603,16,,,1,70,,49578,16,,,2,30,,49604,16,,,1,70,,49605,16,,,1,73,,49599,16,,,1,28,,49595,16,,,2,29,,49585,16,,,1,71,,49592,16,,,1,30,,49601,16,,,1,70,,49589,16,,,1,30,,49591,16,,,1,70,,49593,16,,,1,30,,49597,16,,,2,70,,49590,16,,,1,30,,49596,16,,,1,70,,49594,16,,,1,30,,49598,16,,,1,70,,49600,16,,,1
3401,'Semaine-12-_26ÉTÉ-1111100-',857,,49632,16,,,2,72,,49612,16,,,1,30,,49616,16,,,1,70,,49636,16,,,1,30,,49609,16,,,1,70,,49613,16,,,1,30,,49617,16,,,2,70,,49607,16,,,1,71,,49610,16,,,1,29,,49614,16,,,1,30,,49618,16,,,1,70,,49611,16,,,1,29,,49633,16,,,1,70,,49608,16,,,2,30,,49634,16,,,1,70,,49635,16,,,1,73,,49629,16,,,1,28,,49625,16,,,2,29,,49615,16,,,1,71,,49622,16,,,1,30,,49631,16,,,1,70,,49619,16,,,1,30,,49621,16,,,1,70,,49623,16,,,1,30,,49627,16,,,2,70,,49620,16,,,1,30,,49626,16,,,1,70,,49624,16,,,1,30,,49628,16,,,1,70,,49630,16,,,1
3401,'Semaine-5-_26ÉTÉ-1111100-',857,,49662,16,,,2,72,,49642,16,,,1,30,,49646,16,,,1,70,,49666,16,,,1,30,,49639,16,,,1,70,,49643,16,,,1,30,,49647,16,,,2,70,,49637,16,,,1,71,,49640,16,,,1,29,,49644,16,,,1,30,,49648,16,,,1,70,,49641,16,,,1,29,,49663,16,,,1,70,,49638,16,,,2,30,,49664,16,,,1,70,,49665,16,,,1,73,,49659,16,,,1,28,,49655,16,,,2,29,,49645,16,,,1,71,,49652,16,,,1,30,,49661,16,,,1,70,,49649,16,,,1,30,,49651,16,,,1,70,,49653,16,,,1,30,,49657,16,,,2,70,,49650,16,,,1,30,,49656,16,,,1,70,,49654,16,,,1,30,,49658,16,,,1,70,,49660,16,,,1
3900,'Samedi-0-_26ÉTÉ-0000010-',644,,51181,15,,,1,101,,51182,15,,,1,100,,51186,15,,,1,101,,51185,15,,,1,100,,51188,15,,,1,101,,51187,15,,,1,102,,51183,15,,,1,70,,51184,15,,,1,30,,51189,15,,,1,71,,51190,15,,,2,30,,51191,15,,,1,70,,51192,15,,,1,31,,51193,15,,,2,70,,51194,15,,,1,30,,51195,15,,,1,70,,51196,15,,,1,30,,51197,15,,,1,69,,51198,15,,,1,29,,51199,15,,,1,68,,51200,15,,,1,100,,51201,15,,,1,100,,51202,15,,,1,100,,51203,15,,,1,100,,51204,15,,,1
3900,'Dimanche-0-_26ÉTÉ-0000001-',644,,51205,15,,,1,101,,51212,15,,,1,100,,51206,15,,,1,101,,51208,15,,,1,100,,51214,15,,,1,101,,51207,15,,,1,102,,51213,15,,,1,70,,51209,15,,,1,30,,51210,15,,,1,71,,51215,15,,,2,30,,51217,15,,,1,70,,51211,15,,,1,31,,51216,15,,,2,70,,51218,15,,,1,30,,51219,15,,,1,70,,51225,15,,,1,30,,51226,15,,,1,69,,51228,15,,,1,29,,51224,15,,,1,68,,51222,15,,,1,100,,51223,15,,,1,100,,51227,15,,,1,100,,51220,15,,,1,100,,51221,15,,,1
3900,'Dimanche-10-_26ÉTÉ-0000001-',644,,51229,15,,,1,101,,51236,15,,,1,100,,51230,15,,,1,101,,51232,15,,,1,100,,51238,15,,,1,101,,51231,15,,,1,102,,51237,15,,,1,70,,51233,15,,,1,30,,51234,15,,,1,71,,51239,15,,,2,30,,51241,15,,,1,70,,51235,15,,,1,31,,51240,15,,,2,70,,51242,15,,,1,30,,51243,15,,,1,70,,51249,15,,,1,30,,51250,15,,,1,69,,51252,15,,,1,29,,51248,15,,,1,68,,51246,15,,,1,100,,51247,15,,,1,100,,51251,15,,,1,100,,51244,15,,,1,100,,51245,15,,,1
3900,'Dimanche-11-_26ÉTÉ-0000001-',644,,51253,15,,,1,101,,51260,15,,,1,100,,51254,15,,,1,101,,51256,15,,,1,100,,51262,15,,,1,101,,51255,15,,,1,102,,51261,15,,,1,70,,51257,15,,,1,30,,51258,15,,,1,71,,51263,15,,,2,30,,51265,15,,,1,70,,51259,15,,,1,31,,51264,15,,,2,70,,51266,15,,,1,30,,51267,15,,,1,70,,51273,15,,,1,30,,51274,15,,,1,69,,51276,15,,,1,29,,51272,15,,,1,68,,51270,15,,,1,100,,51271,15,,,1,100,,51275,15,,,1,100,,51268,15,,,1,100,,51269,15,,,1
3900,'Semaine-1-_26ÉTÉ-1111100-',620,,51294,15,,,2,25,,51280,15,,,1,69,,51299,15,,,2,27,,51292,15,,,1,75,,51293,15,,,1,33,,51291,15,,,1,72,,51288,15,,,1,30,,51305,15,,,1,70,,51300,15,,,1,30,,51312,15,,,1,70,,51297,15,,,2,31,,51301,15,,,1,69,,51289,15,,,1,32,,51287,15,,,2,69,,51302,15,,,1,29,,51290,15,,,1,70,,51277,15,,,2,33,,51303,15,,,1,74,,51284,15,,,2,29,,51286,15,,,1,71,,51304,15,,,2,74,,51283,15,,,1,27,,51278,15,,,1,30,,51306,15,,,1,66,,51285,15,,,1,31,,51279,15,,,1,69,,51307,15,,,2,32,,51282,15,,,1,65,,51298,15,,,2,26,,51308,15,,,1,70,,51281,15,,,1,30,,51296,15,,,1,70,,51309,15,,,1,30,,51295,15,,,1,70,,51311,15,,,1,30,,51310,15,,,1
3900,'Semaine-10-_26ÉTÉ-1111100-',620,,51330,15,,,2,25,,51316,15,,,1,69,,51335,15,,,2,27,,51328,15,,,1,75,,51329,15,,,1,33,,51327,15,,,1,72,,51324,15,,,1,30,,51341,15,,,1,70,,51336,15,,,1,30,,51348,15,,,1,70,,51333,15,,,2,31,,51337,15,,,1,69,,51325,15,,,1,32,,51323,15,,,2,69,,51338,15,,,1,29,,51326,15,,,1,70,,51313,15,,,2,33,,51339,15,,,1,74,,51320,15,,,2,29,,51322,15,,,1,71,,51340,15,,,2,74,,51319,15,,,1,27,,51314,15,,,1,30,,51342,15,,,1,66,,51321,15,,,1,31,,51315,15,,,1,69,,51343,15,,,2,32,,51318,15,,,1,65,,51334,15,,,2,26,,51344,15,,,1,70,,51317,15,,,1,30,,51332,15,,,1,70,,51345,15,,,1,30,,51331,15,,,1,70,,51347,15,,,1,30,,51346,15,,,1
3900,'Semaine-11-_26ÉTÉ-1111100-',620,,51366,15,,,2,25,,51352,15,,,1,69,,51371,15,,,2,27,,51364,15,,,1,75,,51365,15,,,1,33,,51363,15,,,1,72,,51360,15,,,1,30,,51377,15,,,1,70,,51372,15,,,1,30,,51384,15,,,1,70,,51369,15,,,2,31,,51373,15,,,1,69,,51361,15,,,1,32,,51359,15,,,2,69,,51374,15,,,1,29,,51362,15,,,1,70,,51349,15,,,2,33,,51375,15,,,1,74,,51356,15,,,2,29,,51358,15,,,1,71,,51376,15,,,2,74,,51355,15,,,1,27,,51350,15,,,1,30,,51378,15,,,1,66,,51357,15,,,1,31,,51351,15,,,1,69,,51379,15,,,2,32,,51354,15,,,1,65,,51370,15,,,2,26,,51380,15,,,1,70,,51353,15,,,1,30,,51368,15,,,1,70,,51381,15,,,1,30,,51367,15,,,1,70,,51383,15,,,1,30,,51382,15,,,1
3900,'Semaine-12-_26ÉTÉ-1111100-',620,,51402,15,,,2,25,,51388,15,,,1,69,,51407,15,,,2,27,,51400,15,,,1,75,,51401,15,,,1,33,,51399,15,,,1,72,,51396,15,,,1,30,,51413,15,,,1,70,,51408,15,,,1,30,,51420,15,,,1,70,,51405,15,,,2,31,,51409,15,,,1,69,,51397,15,,,1,32,,51395,15,,,2,69,,51410,15,,,1,29,,51398,15,,,1,70,,51385,15,,,2,33,,51411,15,,,1,74,,51392,15,,,2,29,,51394,15,,,1,71,,51412,15,,,2,74,,51391,15,,,1,27,,51386,15,,,1,30,,51414,15,,,1,66,,51393,15,,,1,31,,51387,15,,,1,69,,51415,15,,,2,32,,51390,15,,,1,65,,51406,15,,,2,26,,51416,15,,,1,70,,51389,15,,,1,30,,51404,15,,,1,70,,51417,15,,,1,30,,51403,15,,,1,70,,51419,15,,,1,30,,51418,15,,,1
3900,'Semaine-5-_26ÉTÉ-1111100-',620,,51438,15,,,2,25,,51424,15,,,1,69,,51443,15,,,2,27,,51436,15,,,1,75,,51437,15,,,1,33,,51435,15,,,1,72,,51432,15,,,1,30,,51449,15,,,1,70,,51444,15,,,1,30,,51456,15,,,1,70,,51441,15,,,2,31,,51445,15,,,1,69,,51433,15,,,1,32,,51431,15,,,2,69,,51446,15,,,1,29,,51434,15,,,1,70,,51421,15,,,2,33,,51447,15,,,1,74,,51428,15,,,2,29,,51430,15,,,1,71,,51448,15,,,2,74,,51427,15,,,1,27,,51422,15,,,1,30,,51450,15,,,1,66,,51429,15,,,1,31,,51423,15,,,1,69,,51451,15,,,2,32,,51426,15,,,1,65,,51442,15,,,2,26,,51452,15,,,1,70,,51425,15,,,1,30,,51440,15,,,1,70,,51453,15,,,1,30,,51439,15,,,1,70,,51455,15,,,1,30,,51454,15,,,1
4900,'Samedi-0-_26ÉTÉ-0000010-',731,,51965,32,,,1,100,,51966,32,,,1,104,,51963,32,,,1,100,,51967,32,,,1,100,,51964,32,,,1,100,,51968,32,,,1,99,,51969,32,,,1,104,,51970,32,,,1,97,,51971,32,,,1,100,,51972,32,,,1,100,,51973,32,,,1,96,,51974,32,,,1,100,,51975,32,,,1,100,,51976,32,,,1,100,,51977,32,,,1,100,,51978,32,,,1,100,,51979,32,,,1
4900,'Dimanche-0-_26ÉTÉ-0000001-',731,,51980,32,,,1,100,,51983,32,,,1,104,,51981,32,,,1,100,,51984,32,,,1,100,,51986,32,,,1,100,,51990,32,,,1,99,,51988,32,,,1,104,,51987,32,,,1,97,,51982,32,,,1,100,,51992,32,,,1,100,,51989,32,,,1,96,,51991,32,,,1,100,,51996,32,,,1,100,,51985,32,,,1,100,,51994,32,,,1,100,,51995,32,,,1,100,,51993,32,,,1
4900,'Dimanche-10-_26ÉTÉ-0000001-',731,,51997,32,,,1,100,,52000,32,,,1,104,,51998,32,,,1,100,,52001,32,,,1,100,,52003,32,,,1,100,,52007,32,,,1,99,,52005,32,,,1,104,,52004,32,,,1,97,,51999,32,,,1,100,,52009,32,,,1,100,,52006,32,,,1,96,,52008,32,,,1,100,,52013,32,,,1,100,,52002,32,,,1,100,,52011,32,,,1,100,,52012,32,,,1,100,,52010,32,,,1
4900,'Dimanche-11-_26ÉTÉ-0000001-',731,,52014,32,,,1,100,,52017,32,,,1,104,,52015,32,,,1,100,,52018,32,,,1,100,,52020,32,,,1,100,,52024,32,,,1,99,,52022,32,,,1,104,,52021,32,,,1,97,,52016,32,,,1,100,,52026,32,,,1,100,,52023,32,,,1,96,,52025,32,,,1,100,,52030,32,,,1,100,,52019,32,,,1,100,,52028,32,,,1,100,,52029,32,,,1,100,,52027,32,,,1
4900,'Semaine-1-_26ÉTÉ-1111100-',651,,52055,32,,,1,61,,52061,32,,,1,28,,52058,32,,,1,72,,52059,32,,,1,38,,52054,32,,,1,69,,52050,32,,,1,31,,52042,32,,,1,71,,52060,32,,,1,31,,52056,32,,,1,72,,52052,32,,,1,30,,52031,32,,,1,70,,52051,32,,,1,30,,52033,32,,,1,70,,52038,32,,,1,30,,52040,32,,,1,70,,52043,32,,,1,30,,52057,32,,,1,77,,52041,32,,,1,70,,52044,32,,,1,30,,52036,32,,,1,71,,52047,32,,,1,29,,52039,32,,,1,27,,52037,32,,,1,70,,52053,32,,,1,27,,52048,32,,,1,96,,52032,32,,,1,101,,52049,32,,,1,100,,52046,32,,,1,97,,52034,32,,,1,98,,52045,32,,,1,100,,52035,32,,,1
4900,'Semaine-10-_26ÉTÉ-1111100-',651,,52086,32,,,1,61,,52092,32,,,1,28,,52089,32,,,1,72,,52090,32,,,1,38,,52085,32,,,1,69,,52081,32,,,1,31,,52073,32,,,1,71,,52091,32,,,1,31,,52087,32,,,1,72,,52083,32,,,1,30,,52062,32,,,1,70,,52082,32,,,1,30,,52064,32,,,1,70,,52069,32,,,1,30,,52071,32,,,1,70,,52074,32,,,1,30,,52088,32,,,1,77,,52072,32,,,1,70,,52075,32,,,1,30,,52067,32,,,1,71,,52078,32,,,1,29,,52070,32,,,1,27,,52068,32,,,1,70,,52084,32,,,1,27,,52079,32,,,1,96,,52063,32,,,1,101,,52080,32,,,1,100,,52077,32,,,1,97,,52065,32,,,1,98,,52076,32,,,1,100,,52066,32,,,1
4900,'Semaine-11-_26ÉTÉ-1111100-',651,,52117,32,,,1,61,,52123,32,,,1,28,,52120,32,,,1,72,,52121,32,,,1,38,,52116,32,,,1,69,,52112,32,,,1,31,,52104,32,,,1,71,,52122,32,,,1,31,,52118,32,,,1,72,,52114,32,,,1,30,,52093,32,,,1,70,,52113,32,,,1,30,,52095,32,,,1,70,,52100,32,,,1,30,,52102,32,,,1,70,,52105,32,,,1,30,,52119,32,,,1,77,,52103,32,,,1,70,,52106,32,,,1,30,,52098,32,,,1,71,,52109,32,,,1,29,,52101,32,,,1,27,,52099,32,,,1,70,,52115,32,,,1,27,,52110,32,,,1,96,,52094,32,,,1,101,,52111,32,,,1,100,,52108,32,,,1,97,,52096,32,,,1,98,,52107,32,,,1,100,,52097,32,,,1
4900,'Semaine-12-_26ÉTÉ-1111100-',651,,52148,32,,,1,61,,52154,32,,,1,28,,52151,32,,,1,72,,52152,32,,,1,38,,52147,32,,,1,69,,52143,32,,,1,31,,52135,32,,,1,71,,52153,32,,,1,31,,52149,32,,,1,72,,52145,32,,,1,30,,52124,32,,,1,70,,52144,32,,,1,30,,52126,32,,,1,70,,52131,32,,,1,30,,52133,32,,,1,70,,52136,32,,,1,30,,52150,32,,,1,77,,52134,32,,,1,70,,52137,32,,,1,30,,52129,32,,,1,71,,52140,32,,,1,29,,52132,32,,,1,27,,52130,32,,,1,70,,52146,32,,,1,27,,52141,32,,,1,96,,52125,32,,,1,101,,52142,32,,,1,100,,52139,32,,,1,97,,52127,32,,,1,98,,52138,32,,,1,100,,52128,32,,,1
4900,'Semaine-5-_26ÉTÉ-1111100-',651,,52179,32,,,1,52,,52187,32,,,1,4,,52186,32,,,1,5,,52185,32,,,1,28,,52182,32,,,1,72,,52183,32,,,1,38,,52178,32,,,1,69,,52174,32,,,1,31,,52166,32,,,1,71,,52184,32,,,1,31,,52180,32,,,1,72,,52176,32,,,1,30,,52155,32,,,1,70,,52175,32,,,1,30,,52157,32,,,1,70,,52162,32,,,1,30,,52164,32,,,1,70,,52167,32,,,1,30,,52181,32,,,1,77,,52165,32,,,1,70,,52168,32,,,1,30,,52160,32,,,1,71,,52171,32,,,1,29,,52163,32,,,1,27,,52161,32,,,1,70,,52177,32,,,1,27,,52172,32,,,1,96,,52156,32,,,1,101,,52173,32,,,1,100,,52170,32,,,1,97,,52158,32,,,1,98,,52169,32,,,1,100,,52159,32,,,1
5000,'Semaine-1-_26ÉTÉ-1111100-',655,,52413,31,,,2,65,,52412,31,,,1,30,,52414,31,,,1,70,,52411,31,,,1,106,,52415,31,,,1
5000,'Semaine-10-_26ÉTÉ-1111100-',655,,52418,31,,,2,65,,52417,31,,,1,30,,52419,31,,,1,70,,52416,31,,,1,106,,52420,31,,,1
5000,'Semaine-11-_26ÉTÉ-1111100-',655,,52423,31,,,2,65,,52422,31,,,1,30,,52424,31,,,1,70,,52421,31,,,1,106,,52425,31,,,1
5000,'Semaine-12-_26ÉTÉ-1111100-',655,,52428,31,,,2,65,,52427,31,,,1,30,,52429,31,,,1,70,,52426,31,,,1,106,,52430,31,,,1
5000,'Semaine-5-_26ÉTÉ-1111100-',655,,52433,31,,,2,65,,52432,31,,,1,30,,52434,31,,,1,70,,52431,31,,,1,106,,52435,31,,,1
44900,'Semaine-5-_26ÉTÉ-1111100-',717,,62945,18,,,1
55000,'Semaine-5-_26ÉTÉ-1111100-',713,,62946,31,,,1
82601,'Semaine-5-_26ÉTÉ-1111100-',733,,63450,7,,,1
