4500,'Semaine-4',1520,,31644,27,,,1,36,,31639,27,,,1,70,,31640,27,,,1,30,,31642,27,,,2,69,,31643,27,,,1,25,,31641,27,,,1
4500,'Semaine-5',1520,,36052,27,,,1,36,,36047,27,,,1,70,,36048,27,,,1,30,,36050,27,,,2,69,,36051,27,,,1,25,,36049,27,,,1
5200,'Samedi-3',636,,31809,13,,,1,100,,31810,13,,,2,100,,31811,13,,,1,101,,31812,13,,,2,100,,31813,13,,,1,101,,31814,13,,,1,101,,31815,13,,,2,100,,31816,13,,,1,99,,31817,13,,,1,100,,31818,13,,,1,100,,31819,13,,,1,100,,31820,13,,,1,99,,31821,13,,,1,100,,31824,13,,,1,100,,31822,13,,,1,100,,31823,13,,,2,98,,31825,13,,,2,100,,31826,13,,,1
5200,'Samedi-4',636,,36183,13,,,1,100,,36184,13,,,2,100,,36185,13,,,1,101,,36186,13,,,2,100,,36187,13,,,1,101,,36188,13,,,1,101,,36189,13,,,2,100,,36190,13,,,1,99,,36191,13,,,1,100,,36192,13,,,1,100,,36193,13,,,1,100,,36194,13,,,1,99,,36195,13,,,1,100,,36198,13,,,1,100,,36196,13,,,1,100,,36197,13,,,2,98,,36199,13,,,2,100,,36200,13,,,1
5200,'Dimanche-3',636,,31828,13,,,1,100,,31827,13,,,2,100,,31829,13,,,1,101,,31830,13,,,2,100,,31832,13,,,1,101,,31837,13,,,1,101,,31831,13,,,2,100,,31834,13,,,1,99,,31835,13,,,1,100,,31833,13,,,1,100,,31836,13,,,1,100,,31843,13,,,1,99,,31842,13,,,1,100,,31838,13,,,1,100,,31844,13,,,1,100,,31841,13,,,2,98,,31840,13,,,2,100,,31839,13,,,1
5200,'Semaine-4',607,,31848,13,,,1,98,,31850,13,,,1,107,,31845,13,,,1,97,,31861,13,,,2,98,,31859,13,,,1,101,,31846,13,,,2,100,,31853,13,,,1,100,,31852,13,,,1,100,,31849,13,,,1,100,,31847,13,,,1,108,,31851,13,,,1,100,,31862,13,,,1,108,,31860,13,,,1,99,,31854,13,,,1,84,,31858,13,,,1,100,,31857,13,,,2,100,,31855,13,,,1,100,,31856,13,,,1
5200,'Semaine-5',607,,36204,13,,,1,98,,36206,13,,,1,107,,36201,13,,,1,97,,36217,13,,,2,98,,36215,13,,,1,101,,36202,13,,,2,100,,36209,13,,,1,100,,36208,13,,,1,100,,36205,13,,,1,100,,36203,13,,,1,108,,36207,13,,,1,100,,36218,13,,,1,108,,36216,13,,,1,99,,36210,13,,,1,84,,36214,13,,,1,100,,36213,13,,,2,100,,36211,13,,,1,100,,36212,13,,,1
5601,'Semaine-4',1238,,32168,30,,,1,102,,32165,30,,,1,100,,32164,30,,,1,102,,32167,30,,,1,105,,32166,30,,,2,97,,32169,30,,,1,95,,32170,30,,,1
5601,'Semaine-5',1238,,36437,30,,,1,102,,36434,30,,,1,100,,36433,30,,,1,102,,36436,30,,,1,105,,36435,30,,,2,97,,36438,30,,,1,95,,36439,30,,,1
64500,'Semaine-4',709,,34842,4,0,9 10,1
64500,'Semaine-5',709,,38493,4,0,9 10,1
