6701,'Samedi-0-_26ÉTÉ-0000010-',631,,56480,10,,,1,101,,56486,10,,,1,99,,56482,10,,,1,101,,56481,10,,,1,71,,56484,10,,,1,28,,56489,10,,,1,72,,56490,10,,,2,30,,56483,10,,,1,70,,56485,10,,,1,30,,56488,10,,,1,70,,56491,10,,,1,30,,56492,10,,,1,70,,56487,10,,,1,30,,56493,10,,,1,70,,56494,10,,,1,30,,56495,10,,,2,70,,56496,10,,,2,30,,56497,10,,,1,70,,56498,10,,,1,30,,56499,10,,,1,70,,56500,10,,,2,29,,56501,10,,,1,70,,56502,10,,,2,100,,56503,10,,,1,100,,56504,10,,,1,100,,56506,10,,,1,100,,56505,10,,,1
6701,'Dimanche-0-_26ÉTÉ-0000001-',631,,56507,10,,,1,101,,56512,10,,,1,99,,56515,10,,,1,101,,56510,10,,,1,71,,56508,10,,,1,28,,56509,10,,,1,72,,56511,10,,,2,30,,56519,10,,,1,70,,56513,10,,,1,30,,56517,10,,,1,70,,56514,10,,,1,30,,56522,10,,,1,70,,56523,10,,,1,30,,56520,10,,,1,70,,56525,10,,,1,30,,56516,10,,,2,70,,56528,10,,,2,30,,56521,10,,,1,70,,56518,10,,,1,30,,56526,10,,,1,70,,56529,10,,,2,29,,56533,10,,,1,70,,56532,10,,,2,100,,56524,10,,,1,100,,56530,10,,,1,100,,56527,10,,,1,100,,56531,10,,,1
6701,'Dimanche-10-_26ÉTÉ-0000001-',631,,56534,10,,,1,101,,56539,10,,,1,99,,56542,10,,,1,101,,56537,10,,,1,71,,56535,10,,,1,28,,56536,10,,,1,72,,56538,10,,,2,30,,56546,10,,,1,70,,56540,10,,,1,30,,56544,10,,,1,70,,56541,10,,,1,30,,56549,10,,,1,70,,56550,10,,,1,30,,56547,10,,,1,70,,56552,10,,,1,30,,56543,10,,,2,70,,56555,10,,,2,30,,56548,10,,,1,70,,56545,10,,,1,30,,56553,10,,,1,70,,56556,10,,,2,29,,56560,10,,,1,70,,56559,10,,,2,100,,56551,10,,,1,100,,56557,10,,,1,100,,56554,10,,,1,100,,56558,10,,,1
6701,'Dimanche-11-_26ÉTÉ-0000001-',631,,56561,10,,,1,101,,56566,10,,,1,99,,56569,10,,,1,101,,56564,10,,,1,71,,56562,10,,,1,28,,56563,10,,,1,72,,56565,10,,,2,30,,56573,10,,,1,70,,56567,10,,,1,30,,56571,10,,,1,70,,56568,10,,,1,30,,56576,10,,,1,70,,56577,10,,,1,30,,56574,10,,,1,70,,56579,10,,,1,30,,56570,10,,,2,70,,56582,10,,,2,30,,56575,10,,,1,70,,56572,10,,,1,30,,56580,10,,,1,70,,56583,10,,,2,29,,56587,10,,,1,70,,56586,10,,,2,100,,56578,10,,,1,100,,56584,10,,,1,100,,56581,10,,,1,100,,56585,10,,,1
6701,'Semaine-1-_26ÉTÉ-1111100-',908,,56608,10,,,1,20,,56597,10,,,1,20,,56615,10,,,2,60,,56601,10,,,1,20,,56595,10,,,2,20,,56616,10,,,1,60,,56609,10,,,1,20,,56598,10,,,1,20,,56617,10,,,2,60,,56602,10,,,1,20,,56605,10,,,2,21,,56618,10,,,1,59,,56604,10,,,1,20,,56599,10,,,2,20,,56619,10,,,1,60,,56610,10,,,1,20,,56612,10,,,1,20,,56614,10,,,1,60,,56606,10,,,2,31,,56590,10,,,1,70,,56613,10,,,2,29,,56593,10,,,1,70,,56611,10,,,1,30,,56607,10,,,1,70,,56600,10,,,1,30,,56588,10,,,1,69,,56603,10,,,1,30,,56591,10,,,1,70,,56620,10,,,1,30,,56589,10,,,1,70,,56622,10,,,1,30,,56592,10,,,1,70,,56623,10,,,1,29,,56594,10,,,2,70,,56621,10,,,1,30,,56596,10,,,2
6701,'Semaine-10-_26ÉTÉ-1111100-',908,,56644,10,,,1,20,,56633,10,,,1,20,,56651,10,,,2,60,,56637,10,,,1,20,,56631,10,,,2,20,,56652,10,,,1,60,,56645,10,,,1,20,,56634,10,,,1,20,,56653,10,,,2,60,,56638,10,,,1,20,,56641,10,,,2,21,,56654,10,,,2,59,,56640,10,,,1,20,,56635,10,,,2,20,,56655,10,,,1,60,,56646,10,,,1,20,,56648,10,,,1,20,,56650,10,,,1,60,,56642,10,,,2,31,,56626,10,,,1,70,,56649,10,,,2,29,,56629,10,,,1,70,,56647,10,,,1,30,,56643,10,,,1,70,,56636,10,,,1,30,,56624,10,,,1,69,,56639,10,,,1,30,,56627,10,,,1,70,,56656,10,,,1,30,,56625,10,,,1,70,,56658,10,,,1,30,,56628,10,,,1,70,,56659,10,,,1,29,,56630,10,,,2,70,,56657,10,,,1,30,,56632,10,,,2
6701,'Semaine-11-_26ÉTÉ-1111100-',908,,56680,10,,,1,20,,56669,10,,,1,20,,56687,10,,,2,60,,56673,10,,,1,20,,56667,10,,,2,20,,56688,10,,,1,60,,56681,10,,,1,20,,56670,10,,,1,20,,56689,10,,,2,60,,56674,10,,,1,20,,56677,10,,,2,21,,56690,10,,,1,59,,56676,10,,,1,20,,56671,10,,,2,20,,56691,10,,,1,60,,56682,10,,,1,20,,56684,10,,,1,20,,56686,10,,,1,60,,56678,10,,,2,31,,56662,10,,,1,70,,56685,10,,,2,29,,56665,10,,,1,70,,56683,10,,,1,30,,56679,10,,,1,70,,56672,10,,,1,30,,56660,10,,,1,69,,56675,10,,,1,30,,56663,10,,,1,70,,56692,10,,,1,30,,56661,10,,,1,70,,56694,10,,,1,30,,56664,10,,,1,70,,56695,10,,,1,29,,56666,10,,,2,70,,56693,10,,,1,30,,56668,10,,,2
6701,'Semaine-12-_26ÉTÉ-1111100-',908,,56716,10,,,1,20,,56705,10,,,1,20,,56723,10,,,2,60,,56709,10,,,1,20,,56703,10,,,2,20,,56724,10,,,1,60,,56717,10,,,1,20,,56706,10,,,1,20,,56725,10,,,2,60,,56710,10,,,1,20,,56713,10,,,2,21,,56726,10,,,1,59,,56712,10,,,1,20,,56707,10,,,2,20,,56727,10,,,1,60,,56718,10,,,1,20,,56720,10,,,1,20,,56722,10,,,1,60,,56714,10,,,2,31,,56698,10,,,1,70,,56721,10,,,2,29,,56701,10,,,1,70,,56719,10,,,1,30,,56715,10,,,1,70,,56708,10,,,1,30,,56696,10,,,1,69,,56711,10,,,1,30,,56699,10,,,1,70,,56728,10,,,1,30,,56697,10,,,1,70,,56730,10,,,1,30,,56700,10,,,1,70,,56731,10,,,1,29,,56702,10,,,2,70,,56729,10,,,1,30,,56704,10,,,2
8701,'Semaine-1-_26ÉTÉ-1111100-',512,,60040,10,,,1,31,,60033,10,,,1,67,,60038,10,,,2,20,,60036,10,,,2,18,,60034,10,,,1,55,,60043,10,,,2,13,,60039,10,,,2,17,,60035,10,,,2,15,,60042,10,,,1,60,,60041,10,,,2,20,,60037,10,,,2,20,,60032,10,,,2
8701,'Semaine-10-_26ÉTÉ-1111100-',512,,60052,10,,,1,31,,60045,10,,,1,67,,60050,10,,,2,20,,60048,10,,,2,18,,60046,10,,,1,55,,60055,10,,,2,13,,60051,10,,,2,17,,60047,10,,,2,15,,60054,10,,,1,60,,60053,10,,,2,20,,60049,10,,,2,20,,60044,10,,,2
8701,'Semaine-11-_26ÉTÉ-1111100-',512,,60064,10,,,1,31,,60057,10,,,1,67,,60062,10,,,2,20,,60060,10,,,2,18,,60058,10,,,1,55,,60067,10,,,2,13,,60063,10,,,2,17,,60059,10,,,2,15,,60066,10,,,1,60,,60065,10,,,2,20,,60061,10,,,2,20,,60056,10,,,2
8701,'Semaine-12-_26ÉTÉ-1111100-',512,,60076,10,,,1,31,,60069,10,,,1,67,,60074,10,,,2,20,,60072,10,,,2,18,,60070,10,,,1,55,,60079,10,,,2,13,,60075,10,,,2,17,,60071,10,,,2,15,,60078,10,,,1,60,,60077,10,,,2,20,,60073,10,,,2,20,,60068,10,,,2
