3301,'Samedi-10-_26ÉTÉ-0000010-',709,,39624,13,,,1,100,,39625,13,,,1,100,,39622,13,,,2,100,,39628,13,,,1,99,,39629,13,,,1,101,,39623,13,,,1,100,,39626,13,,,1,100,,39627,13,,,1,100,,39630,13,,,1,100,,39631,13,,,1,100,,39632,13,,,1,99,,39639,13,,,1,100,,39633,13,,,1,100,,39634,13,,,1,100,,39635,13,,,1,100,,39636,13,,,1,100,,39637,13,,,1,100,,39638,13,,,1
3301,'Semaine-2-_26ÉTÉ-1111100-',555,,39663,13,,,2,62,,39671,13,,,2,23,,39648,13,,,1,17,,39668,13,,,1,56,,39664,13,,,2,4,,39659,13,,,1,9,,39679,13,,,1,10,,39677,13,,,2,22,,39666,13,,,2,54,,39654,13,,,1,10,,39670,13,,,2,17,,39644,13,,,1,70,,39656,13,,,1,29,,39662,13,,,1,71,,39652,13,,,2,28,,39673,13,,,1,71,,39657,13,,,1,29,,39649,13,,,1,72,,39651,13,,,1,19,,39669,13,,,1,6,,39678,13,,,1,67,,39660,13,,,1,30,,39650,13,,,1,71,,39655,13,,,1,31,,39658,13,,,1,11,,39680,13,,,1,59,,39661,13,,,1,16,,39653,13,,,2,13,,39665,13,,,2,72,,39646,13,,,1,27,,39676,13,,,1,23,,39643,13,,,2,70,,39640,13,,,2,32,,39674,13,,,1,82,,39647,13,,,1,70,,39642,13,,,1,97,,39645,13,,,1,41,,39667,13,,,1,106,,39672,13,,,1,97,,39641,13,,,1,164,,39675,13,,,1
3301,'Semaine-3-_26ÉTÉ-1111100-',555,,39704,13,,,2,62,,39712,13,,,2,23,,39689,13,,,1,17,,39709,13,,,1,56,,39705,13,,,2,4,,39700,13,,,1,9,,39720,13,,,1,10,,39718,13,,,2,22,,39707,13,,,2,54,,39695,13,,,1,10,,39711,13,,,2,17,,39685,13,,,1,70,,39697,13,,,1,29,,39703,13,,,1,71,,39693,13,,,2,28,,39714,13,,,1,71,,39698,13,,,1,29,,39690,13,,,1,72,,39692,13,,,1,19,,39710,13,,,1,6,,39719,13,,,1,67,,39701,13,,,1,30,,39691,13,,,1,71,,39696,13,,,1,31,,39699,13,,,1,11,,39721,13,,,1,59,,39702,13,,,1,16,,39694,13,,,2,13,,39706,13,,,2,72,,39687,13,,,1,27,,39717,13,,,1,23,,39684,13,,,2,70,,39681,13,,,2,32,,39715,13,,,1,82,,39688,13,,,1,70,,39683,13,,,1,97,,39686,13,,,1,41,,39708,13,,,1,106,,39713,13,,,1,97,,39682,13,,,1,164,,39716,13,,,1
3301,'Semaine-4-_26ÉTÉ-1111100-',555,,39745,13,,,2,62,,39753,13,,,2,23,,39730,13,,,1,17,,39750,13,,,1,56,,39746,13,,,2,4,,39741,13,,,1,9,,39761,13,,,1,10,,39759,13,,,2,22,,39748,13,,,2,54,,39736,13,,,1,10,,39752,13,,,2,17,,39726,13,,,1,70,,39738,13,,,1,29,,39744,13,,,1,71,,39734,13,,,2,28,,39755,13,,,1,71,,39739,13,,,1,29,,39731,13,,,1,72,,39733,13,,,1,19,,39751,13,,,1,6,,39760,13,,,1,67,,39742,13,,,1,30,,39732,13,,,1,71,,39737,13,,,1,31,,39740,13,,,1,11,,39762,13,,,1,59,,39743,13,,,1,16,,39735,13,,,2,13,,39747,13,,,2,72,,39728,13,,,1,27,,39758,13,,,1,23,,39725,13,,,2,70,,39722,13,,,2,32,,39756,13,,,1,82,,39729,13,,,1,70,,39724,13,,,1,97,,39727,13,,,1,41,,39749,13,,,1,106,,39754,13,,,1,97,,39723,13,,,1,164,,39757,13,,,1
3501,'Semaine-2-_26ÉTÉ-1111100-',648,,40142,6,,,2,77,,40153,6,,,1
3501,'Semaine-3-_26ÉTÉ-1111100-',648,,40175,6,,,2,77,,40186,6,,,1
3501,'Semaine-4-_26ÉTÉ-1111100-',648,,40208,6,,,2,77,,40219,6,,,1
33101,'Semaine-2-_26ÉTÉ-1111100-',1634,,45851,27,0,7 8,1
56601,'Semaine-2-_26ÉTÉ-1111100-',716,,46767,38,,,1
56601,'Semaine-3-_26ÉTÉ-1111100-',716,,46768,38,,,1
56601,'Semaine-4-_26ÉTÉ-1111100-',716,,46769,38,,,1
56901,'Semaine-2-_26ÉTÉ-1111100-',716,,46770,21,,,1
56901,'Semaine-3-_26ÉTÉ-1111100-',716,,46771,21,,,1
56901,'Semaine-4-_26ÉTÉ-1111100-',716,,46772,21,,,1
