3201,'Semaine-3',507,,24929,2,,,1,21,,24928,2,,,1,19,,24920,2,,,1,60,,24930,2,,,1,9,,24910,2,,,1,9,,24931,2,,,1,10,,24911,2,,,2,10,,24912,2,,,1,9,,24904,2,,,1,49,,24907,2,,,1,7,,24933,2,,,1,9,,24913,2,,,1,9,,24908,2,,,1,9,,24921,2,,,1,8,,24903,2,,,2,6,,24914,2,,,1,8,,24932,2,,,1,48,,24902,2,,,1,11,,24901,2,,,1,9,,24906,2,,,1,10,,24909,2,,,1,10,,24915,2,,,2,61,,24889,2,,,2,30,,24899,2,,,1,70,,24892,2,,,1,30,,24895,2,,,2,70,,24888,2,,,2,30,,24898,2,,,1,70,,24893,2,,,1,30,,24900,2,,,1,71,,24882,2,,,1,29,,24887,2,,,1,71,,24894,2,,,1,30,,24905,2,,,1,70,,24922,2,,,1,30,,24923,2,,,1,70,,24924,2,,,2,30,,24925,2,,,2,71,,24926,2,,,1,29,,24927,2,,,1,70,,24885,2,,,2,30,,24883,2,,,1,71,,24896,2,,,1,30,,24891,2,,,1,70,,24886,2,,,2,30,,24884,2,,,1,70,,24897,2,,,1,30,,24890,2,,,1,70,,24917,2,,,2,30,,24916,2,,,1,70,,24918,2,,,1,30,,24919,2,,,1
3401,'Samedi-11',648,,25260,9,,,1,100,,25263,9,,,2,70,,25272,9,,,1,33,,25261,9,,,1,67,,25266,9,,,1,30,,25268,9,,,1,72,,25262,9,,,2,30,,25271,9,,,1,71,,25264,9,,,1,30,,25273,9,,,1,68,,25265,9,,,1,30,,25267,9,,,1,70,,25269,9,,,2,30,,25270,9,,,2,70,,25274,9,,,1,30,,25275,9,,,2,70,,25276,9,,,1,30,,25277,9,,,1,71,,25278,9,,,1,31,,25279,9,,,1,70,,25280,9,,,2,31,,25281,9,,,1,67,,25282,9,,,1,30,,25284,9,,,1,71,,25283,9,,,2,30,,25285,9,,,1,70,,25286,9,,,1,28,,25287,9,,,1,70,,25289,9,,,1,30,,25288,9,,,1,70,,25290,9,,,1,100,,25291,9,,,1
3401,'Samedi-2',648,,25292,9,,,1,100,,25295,9,,,2,70,,25304,9,,,1,33,,25293,9,,,1,67,,25298,9,,,1,30,,25300,9,,,1,72,,25294,9,,,2,30,,25303,9,,,1,71,,25296,9,,,1,30,,25305,9,,,1,68,,25297,9,,,1,30,,25299,9,,,1,70,,25301,9,,,2,30,,25302,9,,,2,70,,25306,9,,,1,30,,25307,9,,,2,70,,25308,9,,,1,30,,25309,9,,,1,71,,25310,9,,,1,31,,25311,9,,,1,70,,25312,9,,,2,31,,25313,9,,,1,67,,25314,9,,,1,30,,25316,9,,,1,71,,25315,9,,,2,30,,25317,9,,,1,70,,25318,9,,,1,28,,25319,9,,,1,70,,25321,9,,,1,30,,25320,9,,,1,70,,25322,9,,,1,100,,25323,9,,,1
3401,'Dimanche-2',648,,25325,9,,,1,100,,25336,9,,,2,70,,25329,9,,,1,33,,25332,9,,,1,67,,25331,9,,,1,30,,25340,9,,,1,72,,25337,9,,,2,30,,25324,9,,,1,71,,25335,9,,,1,30,,25328,9,,,1,68,,25326,9,,,1,30,,25327,9,,,1,70,,25330,9,,,2,30,,25338,9,,,2,70,,25334,9,,,1,30,,25333,9,,,2,70,,25339,9,,,1,30,,25344,9,,,1,71,,25342,9,,,1,31,,25348,9,,,1,70,,25351,9,,,2,31,,25341,9,,,1,67,,25350,9,,,1,30,,25343,9,,,1,71,,25347,9,,,2,30,,25354,9,,,1,70,,25346,9,,,1,28,,25345,9,,,1,70,,25352,9,,,1,30,,25353,9,,,1,70,,25349,9,,,1,100,,25355,9,,,1
3401,'Semaine-3',857,,25381,9,,,1,67,,25361,9,,,1,30,,25365,9,,,1,70,,25385,9,,,1,30,,25358,9,,,1,70,,25362,9,,,1,30,,25366,9,,,1,70,,25356,9,,,1,30,,25359,9,,,1,70,,25363,9,,,1,31,,25367,9,,,1,70,,25360,9,,,1,29,,25382,9,,,1,69,,25357,9,,,1,29,,25383,9,,,1,71,,25384,9,,,2,29,,25378,9,,,1,71,,25374,9,,,1,30,,25364,9,,,1,71,,25371,9,,,1,30,,25380,9,,,1,71,,25368,9,,,1,30,,25370,9,,,1,70,,25372,9,,,1,30,,25376,9,,,1,70,,25369,9,,,1,30,,25375,9,,,1,70,,25373,9,,,1,30,,25377,9,,,1,70,,25379,9,,,1
4200,'Semaine-3',623,,26148,11,,,1,102,,26149,11,,,1,902,,26150,11,,,1,100,,26151,11,,,1
4900,'Samedi-11',727,,26175,25,,,1,100,,26176,25,,,1,104,,26173,25,,,1,100,,26177,25,,,1,100,,26174,25,,,1,100,,26178,25,,,1,99,,26179,25,,,1,104,,26180,25,,,1,97,,26181,25,,,1,100,,26182,25,,,1,100,,26183,25,,,1,96,,26184,25,,,1,100,,26185,25,,,1,100,,26186,25,,,1,100,,26187,25,,,1,100,,26188,25,,,1,100,,26189,25,,,1
4900,'Samedi-2',727,,26192,25,,,1,100,,26193,25,,,1,104,,26190,25,,,1,100,,26194,25,,,1,100,,26191,25,,,1,100,,26195,25,,,1,99,,26196,25,,,1,104,,26197,25,,,1,97,,26198,25,,,1,100,,26199,25,,,1,100,,26200,25,,,1,96,,26201,25,,,1,100,,26202,25,,,1,100,,26203,25,,,1,100,,26204,25,,,1,100,,26205,25,,,1,100,,26206,25,,,1
4900,'Dimanche-2',727,,26207,25,,,1,100,,26210,25,,,1,104,,26208,25,,,1,100,,26211,25,,,1,100,,26213,25,,,1,100,,26217,25,,,1,99,,26215,25,,,1,104,,26214,25,,,1,97,,26209,25,,,1,100,,26219,25,,,1,100,,26216,25,,,1,96,,26218,25,,,1,100,,26223,25,,,1,100,,26212,25,,,1,100,,26221,25,,,1,100,,26222,25,,,1,100,,26220,25,,,1
4900,'Semaine-3',647,,26251,25,,,1,9,,26246,12,,,1,45,,26258,12,,,1,3,,26234,12,,,1,3,,26262,25,,,1,2,,26257,12,,,1,3,,26259,12,,,1,2,,26261,12,,,1,5,,26260,12,,,1,15,,26254,25,,,1,72,,26255,25,,,1,7,,26250,12,,,1,31,,26249,25,,,1,70,,26244,25,,,1,32,,26236,25,,,1,72,,26256,25,,,1,32,,26252,25,,,1,70,,26247,25,,,1,30,,26224,25,,,1,70,,26245,25,,,1,30,,26226,25,,,1,70,,26231,25,,,1,30,,26233,25,,,1,69,,26237,25,,,1,31,,26253,25,,,1,75,,26235,25,,,1,30,,26238,25,,,1,70,,26229,25,,,1,30,,26241,25,,,1,70,,26232,25,,,1,28,,26230,25,,,1,70,,26248,25,,,1,27,,26242,25,,,1,98,,26225,25,,,1,100,,26243,25,,,1,100,,26240,25,,,1,97,,26227,25,,,1,98,,26239,25,,,1,100,,26228,25,,,1
5000,'Semaine-3',647,,26350,22,,,1,65,,26348,22,,,1,3,,26349,1,,,2,25,,26351,22,,,2,71,,26347,22,,,1,107,,26352,22,,,1
44900,'Semaine-3',713,,30082,11,0,9 14,1
55000,'Semaine-3',702,,30086,22,0,5 6,1,2,,30087,22,0,5 6,1
63900,'Semaine-3',1511,,30103,9,0,9 10,1
