2301,'Semaine-3',618,,24584,12,,,1,30,,24581,12,,,2,71,,24585,12,,,1,31,,24583,12,,,2,70,,24582,12,,,2
2501,'Semaine-3',604,,24596,19,,,1,30,,24595,19,,,1,70,,24593,19,,,1,30,,24594,19,,,2,70,,24597,19,,,1,31,,24592,19,,,1
2801,'Semaine-3',650,,24621,15,,,2,69,,24622,15,,,1,101,,24620,15,,,1
4900,'Samedi-11',736,,26175,38,,,1,100,,26176,38,,,1,104,,26173,38,,,1,100,,26177,38,,,1,100,,26174,38,,,1,100,,26178,38,,,1,99,,26179,38,,,1,104,,26180,38,,,1,97,,26181,38,,,1,100,,26182,38,,,1,100,,26183,38,,,1,96,,26184,38,,,1,100,,26185,38,,,1,100,,26186,38,,,1,100,,26187,38,,,1,100,,26188,38,,,1,100,,26189,38,,,1
4900,'Samedi-2',736,,26192,38,,,1,100,,26193,38,,,1,104,,26190,38,,,1,100,,26194,38,,,1,100,,26191,38,,,1,100,,26195,38,,,1,99,,26196,38,,,1,104,,26197,38,,,1,97,,26198,38,,,1,100,,26199,38,,,1,100,,26200,38,,,1,96,,26201,38,,,1,100,,26202,38,,,1,100,,26203,38,,,1,100,,26204,38,,,1,100,,26205,38,,,1,100,,26206,38,,,1
4900,'Dimanche-2',736,,26207,38,,,1,100,,26210,38,,,1,104,,26208,38,,,1,100,,26211,38,,,1,100,,26213,38,,,1,100,,26217,38,,,1,99,,26215,38,,,1,104,,26214,38,,,1,97,,26209,38,,,1,100,,26219,38,,,1,100,,26216,38,,,1,96,,26218,38,,,1,100,,26223,38,,,1,100,,26212,38,,,1,100,,26221,38,,,1,100,,26222,38,,,1,100,,26220,38,,,1
4900,'Semaine-3',656,,26251,38,,,1,50,,26246,25,,,1,5,,26258,25,,,1,3,,26234,25,,,1,3,,26262,38,,,1,2,,26257,25,,,1,3,,26259,25,,,1,3,,26261,25,,,1,5,,26260,25,,,1,15,,26254,38,,,1,73,,26255,38,,,1,6,,26250,25,,,1,31,,26249,38,,,1,69,,26244,38,,,1,31,,26236,38,,,1,72,,26256,38,,,1,32,,26252,38,,,1,70,,26247,38,,,1,30,,26224,38,,,1,70,,26245,38,,,1,30,,26226,38,,,1,70,,26231,38,,,1,30,,26233,38,,,1,69,,26237,38,,,1,31,,26253,38,,,1,77,,26235,38,,,1,70,,26238,38,,,1,30,,26229,38,,,1,70,,26241,38,,,1,30,,26232,38,,,1,67,,26230,38,,,1,30,,26248,38,,,1,67,,26242,38,,,1,57,,26225,38,,,1,100,,26243,38,,,1,100,,26240,38,,,1,97,,26227,38,,,1,98,,26239,38,,,1,100,,26228,38,,,1
32501,'Semaine-3',820,,29275,19,0,7 8,1,3,,29276,19,0,7 8,1
42500,'Semaine-3',706,,30062,19,0,9 14,1,2,,30063,19,0,9 14,1
82501,'Semaine-3',748,,30311,19,0,9 12 13,1,1,,30312,19,0,9 12 13,1,1,,30313,19,0,9 12 13,1
