6700,'Samedi-3',718,,32894,18,,,2,101,,32893,18,,,1,100,,32892,18,,,1,30,,32888,18,,,1,70,,32896,18,,,1,30,,32889,18,,,1,70,,32890,18,,,1,31,,32895,18,,,1,70,,32900,18,,,1,30,,32891,18,,,1,70,,32899,18,,,1,30,,32897,18,,,1,70,,32898,18,,,1,31,,32901,18,,,2,70,,32902,18,,,2,30,,32903,18,,,1,70,,32904,18,,,1,29,,32905,18,,,2,70,,32906,18,,,2,30,,32907,18,,,1,70,,32908,18,,,1,29,,32909,18,,,2,70,,32910,18,,,1,30,,32911,18,,,1,100,,32915,18,,,2,100,,32912,18,,,1,100,,32913,18,,,1,99,,32914,18,,,1
6700,'Dimanche-3',718,,32922,18,,,2,101,,32916,18,,,1,100,,32919,18,,,1,30,,32921,18,,,1,70,,32927,18,,,1,30,,32924,18,,,1,70,,32930,18,,,1,31,,32932,18,,,1,70,,32926,18,,,1,30,,32928,18,,,1,70,,32917,18,,,1,30,,32918,18,,,1,70,,32920,18,,,1,31,,32923,18,,,2,70,,32929,18,,,2,30,,32925,18,,,1,70,,32931,18,,,1,29,,32940,18,,,2,70,,32939,18,,,2,30,,32935,18,,,1,70,,32933,18,,,1,29,,32943,18,,,2,70,,32934,18,,,1,30,,32941,18,,,1,100,,32938,18,,,2,100,,32937,18,,,1,100,,32936,18,,,1,99,,32942,18,,,1
6700,'Semaine-4',620,,32952,18,,,1,30,,32946,18,,,1,67,,32954,18,,,1,25,,32963,18,,,1,58,,32947,18,,,2,17,,32972,18,,,1,30,,32957,18,,,1,72,,32965,18,,,1,20,,32955,18,,,1,18,,32975,18,,,1,60,,32973,18,,,1,20,,32960,18,,,1,21,,32976,18,,,2,60,,32966,18,,,1,20,,32969,18,,,1,20,,32977,18,,,1,60,,32974,18,,,1,20,,32961,18,,,1,20,,32978,18,,,1,60,,32967,18,,,1,20,,32970,18,,,1,20,,32979,18,,,1,61,,32959,18,,,1,20,,32962,18,,,1,16,,32980,18,,,1,370,,32982,18,,,1,15,,32956,18,,,2,18,,32981,18,,,2,59,,32964,18,,,1,30,,32944,18,,,2,70,,32968,18,,,1,30,,32948,18,,,2,70,,32971,18,,,1,30,,32945,18,,,2,71,,32953,18,,,1,29,,32949,18,,,1,69,,32958,18,,,2,30,,32951,18,,,1,69,,32950,18,,,1
6700,'Samedi-10-_26ÉTÉ-0000010-',718,,43291,18,,,2,101,,43290,18,,,1,100,,43289,18,,,1,30,,43285,18,,,1,70,,43293,18,,,1,30,,43286,18,,,1,70,,43287,18,,,1,31,,43292,18,,,1,70,,43297,18,,,1,30,,43288,18,,,1,70,,43296,18,,,1,30,,43294,18,,,1,70,,43295,18,,,1,31,,43298,18,,,2,70,,43299,18,,,2,30,,43300,18,,,1,70,,43301,18,,,1,29,,43302,18,,,2,70,,43303,18,,,2,30,,43304,18,,,1,70,,43305,18,,,1,29,,43306,18,,,2,70,,43307,18,,,1,30,,43308,18,,,1,100,,43312,18,,,2,100,,43309,18,,,2,100,,43310,18,,,1,99,,43311,18,,,1
6700,'Semaine-2-_26ÉTÉ-1111100-',619,,43321,18,,,1,31,,43315,18,,,1,67,,43323,18,,,1,23,,43332,18,,,1,60,,43316,18,,,2,17,,43341,18,,,1,30,,43326,18,,,1,72,,43334,18,,,1,20,,43324,18,,,2,18,,43344,18,,,2,60,,43342,18,,,1,21,,43329,18,,,2,20,,43345,18,,,2,60,,43335,18,,,1,20,,43338,18,,,2,20,,43346,18,,,1,60,,43343,18,,,1,20,,43330,18,,,1,20,,43347,18,,,1,60,,43336,18,,,1,20,,43339,18,,,2,20,,43348,18,,,1,61,,43328,18,,,1,20,,43331,18,,,2,16,,43349,18,,,1,370,,43351,18,,,1,15,,43325,18,,,2,18,,43350,18,,,1,59,,43333,18,,,1,30,,43313,18,,,1,70,,43337,18,,,2,30,,43317,18,,,1,70,,43340,18,,,1,31,,43314,18,,,1,69,,43322,18,,,2,30,,43318,18,,,1,69,,43327,18,,,2,30,,43320,18,,,2,69,,43319,18,,,1
6700,'Semaine-3-_26ÉTÉ-1111100-',619,,43360,18,,,1,31,,43354,18,,,1,67,,43362,18,,,1,23,,43371,18,,,1,60,,43355,18,,,2,17,,43380,18,,,1,30,,43365,18,,,1,72,,43373,18,,,1,20,,43363,18,,,2,18,,43383,18,,,2,60,,43381,18,,,1,21,,43368,18,,,2,20,,43384,18,,,2,60,,43374,18,,,1,20,,43377,18,,,2,20,,43385,18,,,1,60,,43382,18,,,1,20,,43369,18,,,1,20,,43386,18,,,1,60,,43375,18,,,1,20,,43378,18,,,2,20,,43387,18,,,1,61,,43367,18,,,1,20,,43370,18,,,2,16,,43388,18,,,1,370,,43390,18,,,1,15,,43364,18,,,2,18,,43389,18,,,1,59,,43372,18,,,1,30,,43352,18,,,1,70,,43376,18,,,2,30,,43356,18,,,1,70,,43379,18,,,1,31,,43353,18,,,1,69,,43361,18,,,2,30,,43357,18,,,1,69,,43366,18,,,2,30,,43359,18,,,2,69,,43358,18,,,1
6700,'Semaine-4-_26ÉTÉ-1111100-',619,,43399,18,,,1,31,,43393,18,,,1,67,,43401,18,,,1,23,,43410,18,,,1,60,,43394,18,,,2,17,,43419,18,,,1,30,,43404,18,,,1,72,,43412,18,,,1,20,,43402,18,,,2,18,,43422,18,,,2,60,,43420,18,,,1,21,,43407,18,,,2,20,,43423,18,,,2,60,,43413,18,,,1,20,,43416,18,,,2,20,,43424,18,,,1,60,,43421,18,,,1,20,,43408,18,,,1,20,,43425,18,,,1,60,,43414,18,,,1,20,,43417,18,,,2,20,,43426,18,,,1,61,,43406,18,,,1,20,,43409,18,,,2,16,,43427,18,,,1,370,,43429,18,,,1,15,,43403,18,,,2,18,,43428,18,,,1,59,,43411,18,,,1,30,,43391,18,,,1,70,,43415,18,,,2,30,,43395,18,,,1,70,,43418,18,,,1,31,,43392,18,,,1,69,,43400,18,,,2,30,,43396,18,,,1,69,,43405,18,,,2,30,,43398,18,,,2,69,,43397,18,,,1
8500,'Semaine-4',1520,,33916,12,,,2,18,,33911,12,,,1,17,,33908,12,,,1,55,,33917,12,,,2,15,,33907,12,,,1,17,,33910,12,,,1,14,,33915,12,,,1,57,,33913,12,,,2,18,,33912,12,,,2,20,,33909,12,,,2,58,,33914,12,,,1
8500,'Semaine-2-_26ÉTÉ-1111100-',1518,,45190,12,,,1,20,,45185,12,,,2,16,,45182,12,,,1,55,,45191,12,,,2,17,,45181,12,,,1,15,,45184,12,,,1,15,,45189,12,,,2,59,,45187,12,,,1,17,,45186,12,,,2,21,,45183,12,,,1,56,,45188,12,,,2
8500,'Semaine-3-_26ÉTÉ-1111100-',1518,,45201,12,,,1,20,,45196,12,,,2,16,,45193,12,,,1,55,,45202,12,,,2,17,,45192,12,,,1,15,,45195,12,,,1,15,,45200,12,,,2,59,,45198,12,,,1,17,,45197,12,,,2,21,,45194,12,,,1,56,,45199,12,,,2
8500,'Semaine-4-_26ÉTÉ-1111100-',1518,,45212,12,,,1,20,,45207,12,,,2,16,,45204,12,,,1,55,,45213,12,,,2,17,,45203,12,,,1,15,,45206,12,,,1,15,,45211,12,,,2,59,,45209,12,,,1,17,,45208,12,,,2,21,,45205,12,,,1,56,,45210,12,,,2
8700,'Semaine-4',1512,,33937,16,,,2,17,,33936,16,,,2,20,,33929,16,,,2,55,,33931,16,,,1,16,,33928,16,,,1,15,,33938,16,,,2,15,,33934,16,,,1,55,,33935,16,,,1,18,,33930,16,,,1,19,,33933,16,,,1,59,,33932,16,,,1
8700,'Semaine-2-_26ÉTÉ-1111100-',1508,,45253,16,,,2,21,,45252,16,,,1,20,,45245,16,,,1,54,,45247,16,,,1,15,,45244,16,,,1,17,,45254,16,,,1,17,,45250,16,,,1,55,,45251,16,,,2,20,,45246,16,,,1,18,,45249,16,,,1,56,,45248,16,,,2
8700,'Semaine-3-_26ÉTÉ-1111100-',1508,,45264,16,,,2,21,,45263,16,,,1,20,,45256,16,,,1,54,,45258,16,,,1,15,,45255,16,,,1,17,,45265,16,,,1,17,,45261,16,,,1,55,,45262,16,,,2,20,,45257,16,,,1,18,,45260,16,,,1,56,,45259,16,,,2
8700,'Semaine-4-_26ÉTÉ-1111100-',1508,,45275,16,,,2,21,,45274,16,,,1,20,,45267,16,,,1,54,,45269,16,,,1,15,,45266,16,,,1,17,,45276,16,,,1,17,,45272,16,,,1,55,,45273,16,,,2,20,,45268,16,,,1,18,,45271,16,,,1,56,,45270,16,,,2
57100,'Semaine-4',1530,,34829,16,0,5 6,1
