2300,'Semaine-4',1555,,30355,22,,,1,70,,30353,22,,,1,30,,30351,22,,,2,69,,30352,22,,,1,24,,30354,22,,,1,69,,30350,22,,,1
2500,'Semaine-4',1539,,30361,21,,,1,70,,30364,21,,,1,31,,30362,21,,,1,71,,30366,21,,,1,27,,30363,21,,,1,66,,30365,21,,,1
2600,'Semaine-4',1607,,30375,28,,,1,32,,30374,28,,,1,69,,30373,28,,,2,30,,30376,28,,,1,67,,30377,28,,,1
2800,'Semaine-4',1610,,30392,31,,,2,39,,30393,31,,,1,94,,30394,31,,,2
3400,'Samedi-3',748,,30828,37,,,1,104,,30833,37,,,1,70,,30829,37,,,2,31,,30835,37,,,1,70,,30836,37,,,1,31,,30830,37,,,1,70,,30831,37,,,1,30,,30832,37,,,1,70,,30834,37,,,2,31,,30837,37,,,1,70,,30839,37,,,1,31,,30838,37,,,2,70,,30840,37,,,1,30,,30841,37,,,1,70,,30842,37,,,1,29,,30843,37,,,1,70,,30844,37,,,1,31,,30845,37,,,1,70,,30846,37,,,1,30,,30847,37,,,1,70,,30848,37,,,1,28,,30849,37,,,1,68,,30850,37,,,2,30,,30851,37,,,1,70,,30852,37,,,1,30,,30853,37,,,1,70,,30854,37,,,1,30,,30855,37,,,1,70,,30856,37,,,1,29,,30858,37,,,1,71,,30857,37,,,1,29,,30860,37,,,1,70,,30859,37,,,1,27,,30861,37,,,1
3400,'Dimanche-3',748,,30866,37,,,1,104,,30870,37,,,1,70,,30868,37,,,2,31,,30863,37,,,1,70,,30871,37,,,1,31,,30874,37,,,1,70,,30873,37,,,1,30,,30862,37,,,1,70,,30864,37,,,2,31,,30875,37,,,1,70,,30865,37,,,1,31,,30867,37,,,2,70,,30869,37,,,1,30,,30878,37,,,1,70,,30872,37,,,1,29,,30876,37,,,1,70,,30879,37,,,1,31,,30883,37,,,1,70,,30888,37,,,1,30,,30880,37,,,1,70,,30881,37,,,1,28,,30891,37,,,1,68,,30882,37,,,2,30,,30887,37,,,1,70,,30877,37,,,1,30,,30884,37,,,1,70,,30886,37,,,1,30,,30889,37,,,1,70,,30895,37,,,1,29,,30890,37,,,1,71,,30892,37,,,1,29,,30885,37,,,1,70,,30893,37,,,1,27,,30894,37,,,1
3400,'Semaine-4',629,,30926,37,,,1,29,,30911,37,,,1,74,,30905,37,,,1,76,,30909,37,,,1,28,,30900,37,,,1,68,,30920,37,,,1,30,,30906,37,,,1,67,,30896,37,,,1,30,,30901,37,,,1,70,,30902,37,,,1,30,,30907,37,,,1,70,,30897,37,,,1,31,,30927,37,,,1,70,,30903,37,,,1,30,,30908,37,,,1,70,,30898,37,,,1,33,,30924,37,,,1,70,,30899,37,,,1,26,,30925,37,,,2,305,,30923,37,,,2,20,,30912,37,,,1,67,,30904,37,,,1,30,,30916,37,,,1,70,,30922,37,,,1,30,,30913,37,,,2,69,,30915,37,,,1,30,,30917,37,,,1,70,,30910,37,,,1,30,,30919,37,,,1,70,,30914,37,,,1,28,,30918,37,,,1,70,,30921,37,,,1
4901,'Samedi-3',725,,31736,19,,,1,100,,31735,19,,,1,100,,31737,19,,,1,100,,31733,19,,,1,100,,31738,19,,,1,101,,31734,19,,,1,98,,31739,19,,,1,103,,31740,19,,,1,99,,31741,19,,,1,100,,31742,19,,,1,100,,31743,19,,,1,97,,31744,19,,,1,102,,31745,19,,,1,100,,31746,19,,,1,100,,31747,19,,,1,100,,31748,19,,,1,99,,31749,19,,,1
4901,'Dimanche-3',725,,31754,19,,,1,100,,31750,19,,,1,100,,31753,19,,,1,100,,31755,19,,,1,100,,31752,19,,,1,101,,31751,19,,,1,98,,31757,19,,,1,103,,31758,19,,,1,99,,31756,19,,,1,100,,31762,19,,,1,100,,31766,19,,,1,97,,31759,19,,,1,102,,31760,19,,,1,100,,31761,19,,,1,99,,31763,19,,,1,101,,31764,19,,,1,99,,31765,19,,,1
4901,'Semaine-4',608,,31773,19,,,1,48,,31778,19,,,1,70,,31794,19,,,1,33,,31790,19,,,1,67,,31788,19,,,1,29,,31798,19,,,1,69,,31780,19,,,1,30,,31796,19,,,1,69,,31792,19,,,1,31,,31767,19,,,1,70,,31789,19,,,1,30,,31768,19,,,1,72,,31774,19,,,1,28,,31776,19,,,1,70,,31781,19,,,1,28,,31797,19,,,1,72,,31779,19,,,1,31,,31799,19,,,1,62,,31795,19,,,1,11,,31782,19,,,1,16,,31769,19,,,1,14,,31785,19,,,1,70,,31775,19,,,1,28,,31777,19,,,1,69,,31793,19,,,1,29,,31787,19,,,1,71,,31791,19,,,1,93,,31770,19,,,1,40,,31786,19,,,1,100,,31784,19,,,1,100,,31771,19,,,1,143,,31783,19,,,1,55,,31772,19,,,1
32500,'Semaine-4',1638,,34184,29,0,7 8,1
42501,'Semaine-4',1509,,34794,15,0,9 14,1
54901,'Semaine-4',1529,,34815,12,,,1
73400,'Semaine-4',1644,,34853,31,0,5 11,1
82500,'Semaine-4',1538,,35006,13,0,9 12 13,1
