4000,'Semaine-4',1549,,31617,45,,,1,70,,31613,45,,,2,34,,31616,45,,,1,68,,31615,45,,,2,28,,31614,45,,,1,64,,31618,45,,,1
4000,'Semaine-2-_26ÉTÉ-1111100-',1549,,41047,45,,,2,69,,41043,45,,,2,35,,41046,45,,,1,68,,41045,45,,,1,31,,41044,45,,,1,63,,41048,45,,,2
4000,'Semaine-3-_26ÉTÉ-1111100-',1549,,41053,45,,,2,69,,41049,45,,,2,35,,41052,45,,,1,68,,41051,45,,,1,31,,41050,45,,,1,63,,41054,45,,,2
4000,'Semaine-4-_26ÉTÉ-1111100-',1549,,41059,45,,,2,69,,41055,45,,,2,35,,41058,45,,,1,68,,41057,45,,,1,31,,41056,45,,,1,63,,41060,45,,,2
5001,'Semaine-4',1640,,31806,26,,,1,102,,31808,26,,,1,94,,31807,26,,,1
5001,'Semaine-2-_26ÉTÉ-1111100-',1640,,41431,26,,,1,102,,41433,26,,,1,94,,41432,26,,,1
5001,'Semaine-3-_26ÉTÉ-1111100-',1640,,41434,26,,,1,102,,41436,26,,,1,94,,41435,26,,,1
5001,'Semaine-4-_26ÉTÉ-1111100-',1640,,41437,26,,,1,102,,41439,26,,,1,94,,41438,26,,,1
5200,'Samedi-3',658,,31809,44,,,1,100,,31810,44,,,2,101,,31811,44,,,1,100,,31812,44,,,2,100,,31813,44,,,1,142,,31814,44,,,1,100,,31815,44,,,2,100,,31816,44,,,1,99,,31817,44,,,1,101,,31818,44,,,1,100,,31819,44,,,1,99,,31820,44,,,1,59,,31821,44,,,1,100,,31824,44,,,1,100,,31822,44,,,1,99,,31823,44,,,2,98,,31825,44,,,2,100,,31826,44,,,1
5200,'Dimanche-3',658,,31828,44,,,1,100,,31827,44,,,2,101,,31829,44,,,1,100,,31830,44,,,2,100,,31832,44,,,1,142,,31837,44,,,1,100,,31831,44,,,2,100,,31834,44,,,1,99,,31835,44,,,1,101,,31833,44,,,1,100,,31836,44,,,1,99,,31843,44,,,1,59,,31842,44,,,1,100,,31838,44,,,1,100,,31844,44,,,1,99,,31841,44,,,2,98,,31840,44,,,2,100,,31839,44,,,1
5200,'Semaine-4',628,,31848,44,,,1,100,,31850,44,,,1,110,,31845,44,,,1,94,,31861,44,,,2,98,,31859,44,,,1,101,,31846,44,,,2,100,,31853,44,,,1,100,,31852,44,,,1,100,,31849,44,,,1,103,,31847,44,,,1,108,,31851,44,,,1,98,,31862,44,,,1,106,,31860,44,,,1,100,,31854,44,,,1,83,,31858,44,,,1,100,,31857,44,,,2,99,,31855,44,,,1,99,,31856,44,,,1
5200,'Samedi-10-_26ÉTÉ-0000010-',658,,41440,44,,,1,100,,41441,44,,,2,101,,41442,44,,,1,100,,41443,44,,,2,100,,41444,44,,,1,142,,41445,44,,,1,100,,41446,44,,,2,100,,41447,44,,,2,99,,41448,44,,,1,101,,41449,44,,,2,100,,41450,44,,,1,99,,41451,44,,,1,59,,41452,44,,,1,100,,41455,44,,,1,100,,41453,44,,,1,99,,41454,44,,,2,98,,41456,44,,,2,100,,41457,44,,,1
5200,'Semaine-2-_26ÉTÉ-1111100-',628,,41461,44,,,1,100,,41463,44,,,1,110,,41458,44,,,1,96,,41474,44,,,1,97,,41472,44,,,2,100,,41459,44,,,1,100,,41466,44,,,1,100,,41465,44,,,1,100,,41462,44,,,1,102,,41460,44,,,1,108,,41464,44,,,1,101,,41475,44,,,1,104,,41473,44,,,1,100,,41467,44,,,1,83,,41471,44,,,1,100,,41470,44,,,1,99,,41468,44,,,1,99,,41469,44,,,1
5200,'Semaine-3-_26ÉTÉ-1111100-',628,,41479,44,,,1,100,,41481,44,,,1,110,,41476,44,,,1,96,,41492,44,,,1,97,,41490,44,,,2,100,,41477,44,,,1,100,,41484,44,,,1,100,,41483,44,,,1,100,,41480,44,,,1,102,,41478,44,,,1,108,,41482,44,,,1,101,,41493,44,,,1,104,,41491,44,,,1,100,,41485,44,,,1,83,,41489,44,,,1,100,,41488,44,,,1,99,,41486,44,,,1,99,,41487,44,,,1
5200,'Semaine-4-_26ÉTÉ-1111100-',628,,41497,44,,,1,100,,41499,44,,,1,110,,41494,44,,,1,96,,41510,44,,,1,97,,41508,44,,,2,100,,41495,44,,,1,100,,41502,44,,,1,100,,41501,44,,,1,100,,41498,44,,,1,102,,41496,44,,,1,108,,41500,44,,,1,101,,41511,44,,,1,104,,41509,44,,,1,100,,41503,44,,,1,83,,41507,44,,,1,100,,41506,44,,,1,99,,41504,44,,,1,99,,41505,44,,,1
5500,'Samedi-3',725,,31926,46,,,1,30,,31923,46,,,1,70,,31924,46,,,1,30,,31927,46,,,1,69,,31925,46,,,1,29,,31932,46,,,1,71,,31929,46,,,1,30,,31930,46,,,1,72,,31935,46,,,1,30,,31934,46,,,1,68,,31928,46,,,1,30,,31931,46,,,1,70,,31933,46,,,1,34,,31936,46,,,1,70,,31937,46,,,1,30,,31938,46,,,1,70,,31939,46,,,1,29,,31940,46,,,1,70,,31941,46,,,1,30,,31942,46,,,1,70,,31943,46,,,1,30,,31944,46,,,1,72,,31945,46,,,1,28,,31946,46,,,1,69,,31948,46,,,1,33,,31947,46,,,1,67,,31949,46,,,1,30,,31951,46,,,1,71,,31950,46,,,1,30,,31952,46,,,1,66,,31953,46,,,1,30,,31956,46,,,1,70,,31958,46,,,1,30,,31955,46,,,1,70,,31954,46,,,1,26,,31957,46,,,1
5500,'Dimanche-3',725,,31961,46,,,1,30,,31966,46,,,1,70,,31970,46,,,1,30,,31964,46,,,1,69,,31962,46,,,1,29,,31967,46,,,1,71,,31969,46,,,1,30,,31963,46,,,1,72,,31959,46,,,1,30,,31960,46,,,1,68,,31972,46,,,1,30,,31976,46,,,1,70,,31974,46,,,1,34,,31971,46,,,1,70,,31965,46,,,1,30,,31979,46,,,1,70,,31980,46,,,1,29,,31981,46,,,1,70,,31975,46,,,1,30,,31988,46,,,1,70,,31985,46,,,1,30,,31973,46,,,1,72,,31993,46,,,1,28,,31987,46,,,1,69,,31968,46,,,1,33,,31991,46,,,1,67,,31984,46,,,1,30,,31977,46,,,1,71,,31982,46,,,1,30,,31978,46,,,1,66,,31989,46,,,1,30,,31986,46,,,1,70,,31983,46,,,1,30,,31992,46,,,1,70,,31990,46,,,1,27,,31994,46,,,1
5500,'Semaine-4',621,,31997,46,,,1,106,,32013,46,,,1,104,,31996,46,,,1,96,,32032,46,,,1,28,,32033,46,,,1,70,,32002,46,,,1,29,,32012,46,,,1,70,,32016,46,,,1,32,,32038,46,,,1,70,,31998,46,,,1,30,,32037,46,,,1,70,,32015,46,,,1,30,,32030,46,,,1,69,,32024,46,,,1,27,,32031,46,,,1,56,,32017,46,,,1,17,,31995,46,,,1,14,,32036,46,,,1,17,,32006,46,,,1,55,,32039,46,,,1,13,,32027,46,,,1,10,,31999,46,,,1,13,,32010,46,,,1,54,,32042,46,,,1,13,,32035,46,,,1,11,,32001,46,,,1,12,,32018,46,,,1,9,,32011,46,,,1,11,,32040,46,,,1,50,,32025,46,,,1,8,,32005,46,,,1,12,,32000,46,,,1,10,,32041,46,,,1,12,,32009,46,,,1,10,,32004,46,,,1,50,,32014,46,,,1,30,,32029,46,,,1,69,,32034,46,,,1,30,,32021,46,,,1,70,,32007,46,,,1,30,,32028,46,,,1,67,,32019,46,,,1,28,,32022,46,,,1,70,,32008,46,,,1,30,,32023,46,,,1,67,,32020,46,,,1,29,,32003,46,,,1,29,,32026,46,,,1
5500,'Samedi-10-_26ÉTÉ-0000010-',725,,41605,46,,,1,30,,41602,46,,,1,70,,41603,46,,,1,30,,41606,46,,,1,69,,41604,46,,,1,29,,41611,46,,,1,71,,41608,46,,,1,30,,41609,46,,,1,72,,41614,46,,,1,30,,41613,46,,,1,68,,41607,46,,,1,30,,41610,46,,,1,70,,41612,46,,,1,34,,41615,46,,,1,70,,41616,46,,,1,30,,41617,46,,,1,70,,41618,46,,,1,29,,41619,46,,,1,70,,41620,46,,,1,30,,41621,46,,,1,70,,41622,46,,,1,30,,41623,46,,,1,72,,41624,46,,,1,28,,41625,46,,,1,69,,41627,46,,,1,33,,41626,46,,,1,67,,41628,46,,,1,30,,41630,46,,,1,71,,41629,46,,,1,30,,41631,46,,,1,66,,41632,46,,,1,30,,41635,46,,,1,70,,41637,46,,,1,30,,41634,46,,,1,70,,41633,46,,,1,27,,41636,46,,,1
5500,'Semaine-2-_26ÉTÉ-1111100-',622,,41640,46,,,1,105,,41656,46,,,1,103,,41639,46,,,1,97,,41675,46,,,1,28,,41676,46,,,1,70,,41645,46,,,1,30,,41655,46,,,1,69,,41659,46,,,1,32,,41681,46,,,1,70,,41641,46,,,1,30,,41680,46,,,1,70,,41658,46,,,1,30,,41673,46,,,1,70,,41667,46,,,1,26,,41674,46,,,1,56,,41660,46,,,1,17,,41638,46,,,1,14,,41679,46,,,1,17,,41649,46,,,1,55,,41682,46,,,1,13,,41670,46,,,1,10,,41642,46,,,1,13,,41653,46,,,1,54,,41685,46,,,1,13,,41678,46,,,1,11,,41644,46,,,1,11,,41661,46,,,1,12,,41654,46,,,1,9,,41683,46,,,1,50,,41668,46,,,1,8,,41648,46,,,1,12,,41643,46,,,1,10,,41684,46,,,1,12,,41652,46,,,1,10,,41647,46,,,1,50,,41657,46,,,1,30,,41672,46,,,1,69,,41677,46,,,1,31,,41664,46,,,1,69,,41650,46,,,1,30,,41671,46,,,1,67,,41662,46,,,1,29,,41665,46,,,1,69,,41651,46,,,1,30,,41666,46,,,1,67,,41663,46,,,1,29,,41646,46,,,1,30,,41669,46,,,1
5500,'Semaine-3-_26ÉTÉ-1111100-',622,,41688,46,,,1,105,,41704,46,,,1,103,,41687,46,,,1,97,,41723,46,,,1,28,,41724,46,,,1,70,,41693,46,,,1,30,,41703,46,,,1,69,,41707,46,,,1,32,,41729,46,,,1,70,,41689,46,,,1,30,,41728,46,,,1,70,,41706,46,,,1,30,,41721,46,,,1,70,,41715,46,,,1,26,,41722,46,,,1,56,,41708,46,,,1,17,,41686,46,,,1,14,,41727,46,,,1,17,,41697,46,,,1,55,,41730,46,,,1,13,,41718,46,,,1,10,,41690,46,,,1,13,,41701,46,,,1,54,,41733,46,,,1,13,,41726,46,,,1,11,,41692,46,,,1,11,,41709,46,,,1,12,,41702,46,,,1,9,,41731,46,,,1,50,,41716,46,,,1,8,,41696,46,,,1,12,,41691,46,,,1,10,,41732,46,,,1,12,,41700,46,,,1,10,,41695,46,,,1,50,,41705,46,,,1,30,,41720,46,,,1,69,,41725,46,,,1,31,,41712,46,,,1,69,,41698,46,,,1,30,,41719,46,,,1,67,,41710,46,,,1,29,,41713,46,,,1,69,,41699,46,,,1,30,,41714,46,,,1,67,,41711,46,,,1,29,,41694,46,,,1,30,,41717,46,,,1
5500,'Semaine-4-_26ÉTÉ-1111100-',622,,41736,46,,,1,105,,41752,46,,,1,103,,41735,46,,,1,97,,41771,46,,,1,28,,41772,46,,,1,70,,41741,46,,,1,30,,41751,46,,,1,69,,41755,46,,,1,32,,41777,46,,,1,70,,41737,46,,,1,30,,41776,46,,,1,70,,41754,46,,,1,30,,41769,46,,,1,70,,41763,46,,,1,26,,41770,46,,,1,56,,41756,46,,,1,17,,41734,46,,,1,14,,41775,46,,,1,17,,41745,46,,,1,55,,41778,46,,,1,13,,41766,46,,,1,10,,41738,46,,,1,13,,41749,46,,,1,54,,41781,46,,,1,13,,41774,46,,,1,11,,41740,46,,,1,11,,41757,46,,,1,12,,41750,46,,,1,9,,41779,46,,,1,50,,41764,46,,,1,8,,41744,46,,,1,12,,41739,46,,,1,10,,41780,46,,,1,12,,41748,46,,,1,10,,41743,46,,,1,50,,41753,46,,,1,30,,41768,46,,,1,69,,41773,46,,,1,31,,41760,46,,,1,69,,41746,46,,,1,30,,41767,46,,,1,67,,41758,46,,,1,29,,41761,46,,,1,69,,41747,46,,,1,30,,41762,46,,,1,67,,41759,46,,,1,29,,41742,46,,,1,30,,41765,46,,,1
55001,'Semaine-4',1551,,34820,24,0,5 6,1
64000,'Semaine-4',1505,,34837,5,0,9 10,1
74000,'Semaine-4',1651,,34857,40,0,5 11,1
