9500,'Semaine-1-_26ÉTÉ-1111100-',1527,,60163,30,,,1,16,,60166,30,,,2,16,,60162,30,,,1,59,,60157,30,,,1,15,,60161,30,,,2,15,,60158,30,,,1,56,,60159,30,,,2,15,,60164,30,,,1,23,,60165,30,,,1,66,,60160,30,,,1
9500,'Semaine-10-_26ÉTÉ-1111100-',1527,,60173,30,,,1,16,,60176,30,,,2,16,,60172,30,,,1,59,,60167,30,,,1,15,,60171,30,,,2,15,,60168,30,,,1,56,,60169,30,,,2,15,,60174,30,,,1,23,,60175,30,,,2,66,,60170,30,,,1
9500,'Semaine-11-_26ÉTÉ-1111100-',1527,,60183,30,,,1,16,,60186,30,,,2,16,,60182,30,,,1,59,,60177,30,,,1,15,,60181,30,,,2,15,,60178,30,,,1,56,,60179,30,,,2,15,,60184,30,,,1,23,,60185,30,,,1,66,,60180,30,,,1
9500,'Semaine-12-_26ÉTÉ-1111100-',1527,,60193,30,,,1,16,,60196,30,,,2,16,,60192,30,,,1,59,,60187,30,,,1,15,,60191,30,,,2,15,,60188,30,,,1,56,,60189,30,,,2,15,,60194,30,,,1,23,,60195,30,,,1,66,,60190,30,,,1
9700,'Samedi-0-_26ÉTÉ-0000010-',845,,60249,42,,,2,100,,60252,42,,,2,100,,60247,42,,,1,100,,60248,42,,,1,100,,60251,42,,,2,100,,60250,42,,,2,100,,60253,42,,,1,101,,60254,42,,,2,100,,60255,42,,,2,101,,60256,42,,,1,100,,60261,42,,,1,100,,60257,42,,,1,100,,60258,42,,,1,100,,60259,42,,,1,99,,60260,42,,,2,99,,60262,42,,,1,100,,60263,42,,,1
9700,'Dimanche-0-_26ÉTÉ-0000001-',845,,60267,42,,,2,100,,60269,42,,,2,100,,60266,42,,,1,100,,60265,42,,,1,100,,60264,42,,,2,100,,60268,42,,,2,100,,60271,42,,,1,101,,60270,42,,,2,100,,60276,42,,,2,101,,60278,42,,,1,100,,60280,42,,,1,100,,60272,42,,,1,100,,60273,42,,,1,100,,60274,42,,,1,99,,60275,42,,,2,99,,60279,42,,,1,100,,60277,42,,,1
9700,'Dimanche-10-_26ÉTÉ-0000001-',845,,60284,42,,,2,100,,60286,42,,,2,100,,60283,42,,,1,100,,60282,42,,,1,100,,60281,42,,,2,100,,60285,42,,,2,100,,60288,42,,,1,101,,60287,42,,,2,100,,60293,42,,,2,101,,60295,42,,,1,100,,60297,42,,,1,100,,60289,42,,,1,100,,60290,42,,,1,100,,60291,42,,,1,99,,60292,42,,,2,99,,60296,42,,,1,100,,60294,42,,,1
9700,'Dimanche-11-_26ÉTÉ-0000001-',845,,60301,42,,,2,100,,60303,42,,,2,100,,60300,42,,,1,100,,60299,42,,,1,100,,60298,42,,,2,100,,60302,42,,,2,100,,60305,42,,,1,101,,60304,42,,,2,100,,60310,42,,,2,101,,60312,42,,,1,100,,60314,42,,,1,100,,60306,42,,,1,100,,60307,42,,,1,100,,60308,42,,,1,99,,60309,42,,,2,99,,60313,42,,,1,100,,60311,42,,,1
9700,'Semaine-1-_26ÉTÉ-1111100-',718,,60333,42,,,1,27,,60334,42,,,1,95,,60323,42,,,2,101,,60319,42,,,1,96,,60332,42,,,2,100,,60327,42,,,2,101,,60324,42,,,1,100,,60329,42,,,2,101,,60315,42,,,1,94,,60320,42,,,1,104,,60328,42,,,1,96,,60330,46,,,2,103,,60321,46,,,2,73,,60316,46,,,2,20,,60325,42,,,1,102,,60317,42,,,2,99,,60326,42,,,1,100,,60322,42,,,1,101,,60318,42,,,2,110,,60331,42,,,1
9700,'Semaine-10-_26ÉTÉ-1111100-',718,,60353,42,,,1,27,,60354,42,,,1,95,,60343,42,,,2,101,,60339,42,,,1,96,,60352,42,,,2,100,,60347,42,,,2,101,,60344,42,,,1,100,,60349,42,,,2,101,,60335,42,,,1,94,,60340,42,,,1,104,,60348,42,,,1,96,,60350,46,,,2,103,,60341,46,,,2,73,,60336,46,,,2,20,,60345,42,,,1,102,,60337,42,,,2,99,,60346,42,,,1,100,,60342,42,,,1,101,,60338,42,,,2,110,,60351,42,,,1
9700,'Semaine-11-_26ÉTÉ-1111100-',718,,60373,42,,,1,27,,60374,42,,,1,95,,60363,42,,,2,101,,60359,42,,,1,96,,60372,42,,,2,100,,60367,42,,,2,101,,60364,42,,,1,100,,60369,42,,,2,101,,60355,42,,,1,94,,60360,42,,,1,104,,60368,42,,,1,96,,60370,46,,,2,103,,60361,46,,,2,73,,60356,46,,,2,20,,60365,42,,,1,102,,60357,42,,,2,99,,60366,42,,,1,100,,60362,42,,,1,101,,60358,42,,,2,110,,60371,42,,,1
9700,'Semaine-12-_26ÉTÉ-1111100-',718,,60393,42,,,1,27,,60394,42,,,1,95,,60383,42,,,2,101,,60379,42,,,1,96,,60392,42,,,2,100,,60387,42,,,2,101,,60384,42,,,1,100,,60389,42,,,2,101,,60375,42,,,1,94,,60380,42,,,1,104,,60388,42,,,1,96,,60390,46,,,2,103,,60381,46,,,2,73,,60376,46,,,2,20,,60385,42,,,1,102,,60377,42,,,2,99,,60386,42,,,1,100,,60382,42,,,1,101,,60378,42,,,2,110,,60391,42,,,1
