9501,'Semaine-4',532,,33978,5,,,2,15,,33974,5,,,1,53,,33976,5,,,1,17,,33981,5,,,2,15,,33977,5,,,2,15,,33979,5,,,1,55,,33980,5,,,2,16,,33975,5,,,2
9501,'Semaine-2-_26ÉTÉ-1111100-',532,,45386,5,,,1,15,,45382,5,,,1,55,,45384,5,,,1,15,,45389,5,,,2,15,,45385,5,,,2,15,,45387,5,,,2,57,,45388,5,,,1,13,,45383,5,,,2
9501,'Semaine-3-_26ÉTÉ-1111100-',532,,45394,5,,,1,15,,45390,5,,,1,55,,45392,5,,,1,15,,45397,5,,,2,15,,45393,5,,,2,15,,45395,5,,,2,57,,45396,5,,,1,13,,45391,5,,,2
9501,'Semaine-4-_26ÉTÉ-1111100-',532,,45402,5,,,1,15,,45398,5,,,1,55,,45400,5,,,1,15,,45405,5,,,2,15,,45401,5,,,2,15,,45403,5,,,2,57,,45404,5,,,1,13,,45399,5,,,2
9700,'Samedi-3',900,,33984,65,,,2,100,,33987,65,,,2,100,,33982,65,,,1,100,,33983,65,,,1,100,,33986,65,,,2,100,,33985,65,,,2,100,,33988,65,,,1,101,,33989,65,,,2,100,,33990,65,,,2,101,,33991,65,,,1,100,,33996,65,,,1,100,,33992,65,,,1,100,,33993,65,,,1,100,,33994,65,,,1,99,,33995,65,,,2,58,,33997,65,,,1,100,,33998,65,,,1
9700,'Samedi-4',900,,37848,65,,,2,100,,37851,65,,,2,100,,37846,65,,,1,100,,37847,65,,,1,100,,37850,65,,,2,100,,37849,65,,,2,100,,37852,65,,,1,101,,37853,65,,,2,100,,37854,65,,,2,101,,37855,65,,,1,100,,37860,65,,,1,100,,37856,65,,,1,100,,37857,65,,,1,100,,37858,65,,,1,99,,37859,65,,,2,58,,37861,65,,,1,100,,37862,65,,,1
9700,'Dimanche-3',900,,34002,65,,,2,100,,34004,65,,,2,100,,34001,65,,,1,100,,34000,65,,,1,100,,33999,65,,,2,100,,34003,65,,,2,100,,34006,65,,,1,101,,34005,65,,,2,100,,34011,65,,,2,101,,34013,65,,,1,100,,34015,65,,,1,100,,34007,65,,,1,100,,34008,65,,,1,100,,34009,65,,,1,99,,34010,65,,,2,58,,34014,65,,,1,100,,34012,65,,,1
9700,'Semaine-4',733,,34034,65,,,1,72,,34035,65,,,1,51,,34024,65,,,2,99,,34020,65,,,2,98,,34033,65,,,1,102,,34028,65,,,2,98,,34025,65,,,1,100,,34030,65,,,1,101,,34016,65,,,2,95,,34021,65,,,2,102,,34029,65,,,1,98,,34031,69,,,1,101,,34022,69,,,1,72,,34017,69,,,1,21,,34026,65,,,2,101,,34018,65,,,1,99,,34027,65,,,1,100,,34023,65,,,1,99,,34019,65,,,1,111,,34032,65,,,1
9700,'Samedi-10-_26ÉTÉ-0000010-',900,,45408,65,,,2,100,,45411,65,,,2,100,,45406,65,,,1,100,,45407,65,,,1,100,,45410,65,,,2,100,,45409,65,,,2,100,,45412,65,,,1,101,,45413,65,,,2,100,,45414,65,,,2,101,,45415,65,,,1,100,,45420,65,,,1,100,,45416,65,,,1,100,,45417,65,,,1,100,,45418,65,,,1,99,,45419,65,,,2,58,,45421,65,,,1,100,,45422,65,,,1
9700,'Semaine-2-_26ÉTÉ-1111100-',733,,45441,65,,,1,72,,45442,65,,,1,51,,45431,65,,,2,101,,45427,65,,,1,96,,45440,65,,,2,100,,45435,65,,,2,100,,45432,65,,,1,100,,45437,65,,,2,101,,45423,65,,,1,94,,45428,65,,,1,105,,45436,65,,,1,96,,45438,69,,,2,101,,45429,69,,,2,72,,45424,69,,,2,21,,45433,65,,,1,101,,45425,65,,,2,99,,45434,65,,,1,100,,45430,65,,,1,100,,45426,65,,,2,110,,45439,65,,,1
9700,'Semaine-3-_26ÉTÉ-1111100-',733,,45461,65,,,1,72,,45462,65,,,1,51,,45451,65,,,2,101,,45447,65,,,1,96,,45460,65,,,2,100,,45455,65,,,2,100,,45452,65,,,1,100,,45457,65,,,2,101,,45443,65,,,1,94,,45448,65,,,1,105,,45456,65,,,1,96,,45458,69,,,2,101,,45449,69,,,2,72,,45444,69,,,2,21,,45453,65,,,1,101,,45445,65,,,2,99,,45454,65,,,1,100,,45450,65,,,1,100,,45446,65,,,2,110,,45459,65,,,1
9700,'Semaine-4-_26ÉTÉ-1111100-',733,,45481,65,,,1,72,,45482,65,,,1,51,,45471,65,,,2,101,,45467,65,,,1,96,,45480,65,,,2,100,,45475,65,,,2,100,,45472,65,,,1,100,,45477,65,,,2,101,,45463,65,,,1,94,,45468,65,,,1,105,,45476,65,,,1,96,,45478,69,,,2,101,,45469,69,,,2,72,,45464,69,,,2,21,,45473,65,,,1,101,,45465,65,,,2,99,,45474,65,,,1,100,,45470,65,,,1,100,,45466,65,,,2,110,,45479,65,,,1
9801,'Semaine-4',502,,34085,5,,,1,10,,34086,5,,,1,10,,34087,5,,,1
9801,'Semaine-2-_26ÉTÉ-1111100-',502,,45550,5,,,1,10,,45551,5,,,1,10,,45552,5,,,1
9801,'Semaine-3-_26ÉTÉ-1111100-',502,,45553,5,,,1,10,,45554,5,,,1,10,,45555,5,,,1
9801,'Semaine-4-_26ÉTÉ-1111100-',502,,45556,5,,,1,10,,45557,5,,,1,10,,45558,5,,,1
