3601,'Semaine-3',902,,25465,34,,,1,50,,25463,34,,,1,100,,25466,34,,,1,100,,25464,34,,,1,100,,25469,34,,,1,100,,25468,34,,,1,100,,25467,34,,,1
3701,'Samedi-11',700,,25554,26,,,1,100,,25559,26,,,1,100,,25553,26,,,1,101,,25558,26,,,1,101,,25555,26,,,1,99,,25556,26,,,1,100,,25560,26,,,1,102,,25557,26,,,1,100,,25561,26,,,1,100,,25562,26,,,1,100,,25563,26,,,1,97,,25564,26,,,1,100,,25565,26,,,1,102,,25566,26,,,1,98,,25567,26,,,1,58,,25568,26,,,1,99,,25569,26,,,1
3701,'Samedi-2',700,,25571,26,,,1,100,,25576,26,,,1,100,,25570,26,,,1,101,,25575,26,,,1,101,,25572,26,,,1,99,,25573,26,,,1,100,,25577,26,,,1,102,,25574,26,,,1,100,,25578,26,,,1,100,,25579,26,,,1,100,,25580,26,,,1,97,,25581,26,,,1,100,,25582,26,,,1,102,,25583,26,,,1,98,,25584,26,,,1,58,,25585,26,,,1,99,,25586,26,,,1
3701,'Dimanche-2',700,,25587,26,,,1,100,,25591,26,,,1,100,,25592,26,,,1,101,,25594,26,,,1,101,,25593,26,,,1,99,,25589,26,,,1,100,,25588,26,,,1,102,,25590,26,,,1,100,,25595,26,,,1,100,,25599,26,,,1,100,,25602,26,,,1,97,,25596,26,,,1,100,,25597,26,,,1,102,,25603,26,,,1,98,,25601,26,,,1,58,,25598,26,,,1,99,,25600,26,,,1
3701,'Semaine-3',528,,25617,26,,,1,29,,25615,26,,,1,75,,25619,26,,,1,26,,25609,26,,,1,74,,25626,26,,,1,20,,25606,26,,,1,52,,25627,26,,,1,27,,25608,26,,,1,102,,25625,26,,,1,98,,25613,26,,,1,102,,25607,26,,,1,100,,25605,26,,,1,100,,25610,26,,,1,100,,25621,26,,,1,98,,25604,26,,,1,71,,25620,26,,,1,30,,25623,26,,,1,70,,25618,26,,,1,30,,25624,26,,,1,70,,25628,26,,,1,45,,25612,26,,,1,100,,25622,26,,,1,100,,25614,26,,,1,100,,25611,26,,,1,98,,25616,26,,,1
3801,'Samedi-11',715,,25774,15,,,1,30,,25770,15,,,1,70,,25782,15,,,1,31,,25775,15,,,1,69,,25771,15,,,1,32,,25783,15,,,1,68,,25776,15,,,1,33,,25780,15,,,1,66,,25772,15,,,1,34,,25777,15,,,1,70,,25781,15,,,1,30,,25773,15,,,1,69,,25778,15,,,1,32,,25779,15,,,1,68,,25784,15,,,1,32,,25785,15,,,1,68,,25786,15,,,1,32,,25787,15,,,1,68,,25788,15,,,1,31,,25789,15,,,1,69,,25790,15,,,1,30,,25791,15,,,1,67,,25792,15,,,1,32,,25794,15,,,1,69,,25793,15,,,1,31,,25796,15,,,1,69,,25795,15,,,1,31,,25797,15,,,1,70,,25798,15,,,1,30,,25802,15,,,1,70,,25799,15,,,1,29,,25800,15,,,1,71,,25801,15,,,1
3801,'Samedi-2',715,,25807,15,,,1,30,,25803,15,,,1,70,,25815,15,,,1,31,,25808,15,,,1,69,,25804,15,,,1,32,,25816,15,,,1,68,,25809,15,,,1,33,,25813,15,,,1,66,,25805,15,,,1,34,,25810,15,,,1,70,,25814,15,,,1,30,,25806,15,,,1,69,,25811,15,,,1,32,,25812,15,,,1,68,,25817,15,,,1,32,,25818,15,,,1,68,,25819,15,,,1,32,,25820,15,,,1,68,,25821,15,,,1,31,,25822,15,,,1,69,,25823,15,,,1,30,,25824,15,,,1,67,,25825,15,,,1,32,,25827,15,,,1,69,,25826,15,,,1,31,,25829,15,,,1,69,,25828,15,,,1,31,,25830,15,,,1,70,,25831,15,,,1,30,,25835,15,,,1,70,,25832,15,,,1,29,,25833,15,,,1,71,,25834,15,,,1
3801,'Dimanche-2',715,,25843,15,,,1,30,,25839,15,,,1,70,,25850,15,,,1,31,,25842,15,,,1,69,,25836,15,,,1,32,,25851,15,,,1,68,,25845,15,,,1,33,,25837,15,,,1,66,,25849,15,,,1,34,,25844,15,,,1,70,,25838,15,,,1,30,,25840,15,,,1,69,,25841,15,,,1,32,,25847,15,,,1,68,,25853,15,,,1,32,,25854,15,,,1,68,,25848,15,,,1,32,,25852,15,,,1,68,,25858,15,,,1,31,,25863,15,,,1,69,,25864,15,,,1,30,,25859,15,,,1,67,,25846,15,,,1,32,,25861,15,,,1,69,,25856,15,,,1,31,,25857,15,,,1,69,,25860,15,,,1,31,,25862,15,,,1,70,,25866,15,,,1,30,,25865,15,,,1,70,,25855,15,,,1,29,,25867,15,,,1,71,,25868,15,,,1
3801,'Semaine-3',622,,25897,15,,,1,30,,25869,15,,,1,70,,25896,15,,,1,15,,25907,15,,,1,21,,25903,15,,,1,67,,25885,15,,,1,27,,25905,15,,,1,70,,25892,15,,,1,20,,25875,15,,,1,60,,25901,15,,,1,20,,25886,15,,,1,20,,25878,15,,,1,60,,25893,15,,,1,20,,25876,15,,,1,20,,25900,15,,,1,60,,25906,15,,,1,21,,25879,15,,,1,20,,25908,15,,,1,62,,25894,15,,,1,18,,25899,15,,,1,20,,25887,15,,,1,60,,25880,15,,,1,20,,25895,15,,,1,20,,25909,15,,,1,60,,25882,15,,,1,20,,25888,15,,,1,30,,25902,15,,,1,71,,25877,15,,,1,29,,25884,15,,,1,70,,25874,15,,,1,31,,25910,15,,,1,57,,25871,15,,,1,22,,25904,15,,,1,70,,25873,15,,,1,30,,25883,15,,,1,70,,25891,15,,,1,30,,25898,15,,,1,70,,25881,15,,,1,30,,25889,15,,,1,70,,25890,15,,,1,29,,25870,15,,,1,85,,25872,15,,,1
37101,'Samedi-11',732,,29362,27,,,1,99,,29361,27,,,1,104,,29365,27,,,1,100,,29364,27,,,1,99,,29366,27,,,1,101,,29363,27,,,1,101,,29367,27,,,1,101,,29368,27,,,1,97,,29369,27,,,1,100,,29370,27,,,1,100,,29371,27,,,1,100,,29372,27,,,1,100,,29373,27,,,1,99,,29374,27,,,1,100,,29375,27,,,1,98,,29376,27,,,1,100,,29377,27,,,1
37101,'Samedi-2',732,,29379,27,,,1,99,,29378,27,,,1,104,,29382,27,,,1,100,,29381,27,,,1,99,,29383,27,,,1,101,,29380,27,,,1,101,,29384,27,,,1,101,,29385,27,,,1,97,,29386,27,,,1,100,,29387,27,,,1,100,,29388,27,,,1,100,,29389,27,,,1,100,,29390,27,,,1,99,,29391,27,,,1,100,,29392,27,,,1,98,,29393,27,,,1,100,,29394,27,,,1
37101,'Dimanche-2',732,,29398,27,,,1,99,,29395,27,,,1,104,,29399,27,,,1,100,,29396,27,,,1,99,,29402,27,,,1,101,,29397,27,,,1,101,,29400,27,,,1,101,,29405,27,,,1,97,,29401,27,,,1,100,,29406,27,,,1,100,,29411,27,,,1,100,,29403,27,,,1,100,,29404,27,,,1,99,,29408,27,,,1,100,,29410,27,,,1,98,,29407,27,,,1,100,,29409,27,,,1
37101,'Semaine-3',541,,29428,27,,,1,69,,29431,27,,,1,31,,29424,27,,,1,70,,29426,27,,,1,32,,29436,27,,,1,70,,29435,27,,,1,29,,29430,27,,,1,70,,29414,27,,,1,99,,29421,27,,,1,101,,29419,27,,,1,101,,29420,27,,,1,100,,29434,27,,,1,104,,29417,27,,,1,96,,29418,27,,,1,31,,29415,27,,,1,70,,29422,27,,,1,29,,29432,27,,,1,70,,29433,27,,,1,30,,29412,27,,,1,80,,29416,27,,,1,94,,29427,27,,,1,100,,29429,27,,,1,100,,29413,27,,,1,100,,29423,27,,,1,185,,29425,27,,,1
43701,'Semaine-3',1515,,30081,27,0,9 14,1
