2001,'Semaine-2-_26ÉTÉ-1111100-',1601,,38685,24,4,,1,101,,38686,24,4,,1,99,,38687,24,4,,2
2001,'Semaine-3-_26ÉTÉ-1111100-',1601,,38688,24,4,,1,101,,38689,24,4,,1,99,,38690,24,4,,2
2001,'Semaine-4-_26ÉTÉ-1111100-',1601,,38691,24,4,,1,101,,38692,24,4,,1,99,,38693,24,4,,2
2701,'Semaine-2-_26ÉTÉ-1111100-',645,,38810,44,4,,1,91,,38811,44,4,,1,86,,38808,44,4,,1,30,,38809,44,4,,1
2701,'Semaine-3-_26ÉTÉ-1111100-',645,,38814,44,4,,1,91,,38815,44,4,,1,86,,38812,44,4,,1,30,,38813,44,4,,1
2701,'Semaine-4-_26ÉTÉ-1111100-',645,,38818,44,4,,1,91,,38819,44,4,,1,86,,38816,44,4,,1,30,,38817,44,4,,1
9301,'Semaine-2-_26ÉTÉ-1111100-',655,,45337,57,4,,1,60,,45335,57,4,,1,22,,45334,57,4,,1,77,,45338,57,4,,2,30,,45336,57,4,,1
9301,'Semaine-3-_26ÉTÉ-1111100-',655,,45342,57,4,,1,60,,45340,57,4,,1,22,,45339,57,4,,1,77,,45343,57,4,,2,30,,45341,57,4,,1
9301,'Semaine-4-_26ÉTÉ-1111100-',655,,45347,57,4,,1,60,,45345,57,4,,1,22,,45344,57,4,,1,77,,45348,57,4,,2,30,,45346,57,4,,1
9401,'Semaine-2-_26ÉTÉ-1111100-',615,,45349,47,4,,1
9401,'Semaine-3-_26ÉTÉ-1111100-',615,,45350,47,4,,1
9401,'Semaine-4-_26ÉTÉ-1111100-',615,,45351,47,4,,1
9501,'Semaine-2-_26ÉTÉ-1111100-',646,,45386,70,4,,1,55,,45382,70,4,,1,19,,45384,70,4,,1,16,,45389,70,4,,2,19,,45385,70,4,,2,56,,45387,70,4,,2,17,,45388,70,4,,1,13,,45383,70,4,,2
9501,'Semaine-3-_26ÉTÉ-1111100-',646,,45394,70,4,,1,55,,45390,70,4,,1,19,,45392,70,4,,1,16,,45397,70,4,,2,19,,45393,70,4,,2,56,,45395,70,4,,2,17,,45396,70,4,,1,13,,45391,70,4,,2
9501,'Semaine-4-_26ÉTÉ-1111100-',646,,45402,70,4,,1,55,,45398,70,4,,1,19,,45400,70,4,,1,16,,45405,70,4,,2,19,,45401,70,4,,2,56,,45403,70,4,,2,17,,45404,70,4,,1,13,,45399,70,4,,2
9801,'Semaine-2-_26ÉTÉ-1111100-',601,,45550,60,4,,1,10,,45551,60,4,,1,10,,45552,60,4,,1
9801,'Semaine-3-_26ÉTÉ-1111100-',601,,45553,60,4,,1,10,,45554,60,4,,1,10,,45555,60,4,,1
9801,'Semaine-4-_26ÉTÉ-1111100-',601,,45556,60,4,,1,10,,45557,60,4,,1,10,,45558,60,4,,1
