6201,'Semaine-1-_26ÉTÉ-1111100-',517,,54565,6,,,2,30,,54559,6,,,2,70,,54575,6,,,1,31,,54570,6,,,2,69,,54555,6,,,2,32,,54556,6,,,2,69,,54560,6,,,2,29,,54569,6,,,1,91,,54561,6,,,1,100,,54557,6,,,2,100,,54566,6,,,2,100,,54573,6,,,2,100,,54576,6,,,2,98,,54567,6,,,1,95,,54577,6,,,1,83,,54572,6,,,1,45,,54558,6,,,1,77,,54571,6,,,2,70,,54574,6,,,1,100,,54564,6,,,1,100,,54563,6,,,1,45,,54568,6,,,1,100,,54562,6,,,1
6201,'Semaine-10-_26ÉTÉ-1111100-',517,,54588,6,,,2,30,,54582,6,,,2,70,,54598,6,,,1,31,,54593,6,,,2,69,,54578,6,,,2,32,,54579,6,,,2,69,,54583,6,,,2,29,,54592,6,,,1,91,,54584,6,,,1,100,,54580,6,,,2,100,,54589,6,,,2,100,,54596,6,,,2,100,,54599,6,,,2,98,,54590,6,,,1,95,,54600,6,,,1,83,,54595,6,,,1,45,,54581,6,,,1,77,,54594,6,,,2,70,,54597,6,,,1,100,,54587,6,,,2,100,,54586,6,,,1,45,,54591,6,,,1,100,,54585,6,,,1
6201,'Semaine-11-_26ÉTÉ-1111100-',517,,54611,6,,,2,30,,54605,6,,,2,70,,54621,6,,,1,31,,54616,6,,,2,69,,54601,6,,,2,32,,54602,6,,,2,69,,54606,6,,,2,29,,54615,6,,,1,91,,54607,6,,,1,100,,54603,6,,,2,100,,54612,6,,,2,100,,54619,6,,,2,100,,54622,6,,,2,98,,54613,6,,,1,95,,54623,6,,,1,83,,54618,6,,,1,45,,54604,6,,,1,77,,54617,6,,,2,70,,54620,6,,,1,100,,54610,6,,,1,100,,54609,6,,,1,45,,54614,6,,,1,100,,54608,6,,,1
6201,'Semaine-12-_26ÉTÉ-1111100-',517,,54634,6,,,2,30,,54628,6,,,2,70,,54644,6,,,1,31,,54639,6,,,2,69,,54624,6,,,2,32,,54625,6,,,2,69,,54629,6,,,2,29,,54638,6,,,1,91,,54630,6,,,1,100,,54626,6,,,2,100,,54635,6,,,2,100,,54642,6,,,2,100,,54645,6,,,2,98,,54636,6,,,1,95,,54646,6,,,1,83,,54641,6,,,1,45,,54627,6,,,1,77,,54640,6,,,2,70,,54643,6,,,1,100,,54633,6,,,1,100,,54632,6,,,1,45,,54637,6,,,1,100,,54631,6,,,1
6201,'Semaine-5-_26ÉTÉ-1111100-',517,,54657,6,,,2,30,,54651,6,,,2,70,,54667,6,,,1,31,,54662,6,,,2,69,,54647,6,,,2,32,,54648,6,,,2,69,,54652,6,,,2,29,,54661,6,,,1,91,,54653,6,,,1,100,,54649,6,,,2,100,,54658,6,,,2,100,,54665,6,,,2,100,,54668,6,,,2,98,,54659,6,,,1,95,,54669,6,,,1,83,,54664,6,,,1,45,,54650,6,,,1,77,,54663,6,,,2,70,,54666,6,,,1,100,,54656,6,,,1,100,,54655,6,,,1,45,,54660,6,,,1,100,,54654,6,,,1
7100,'Samedi-0-_26ÉTÉ-0000010-',806,,57400,6,,,2,100,,57401,6,,,1,100,,57403,6,,,1,103,,57398,6,,,1,100,,57402,6,,,1,100,,57399,6,,,1,100,,57404,6,,,1,100,,57405,6,,,2,100,,57406,6,,,2,100,,57407,6,,,2,100,,57408,6,,,2,98,,57409,6,,,2,100,,57410,6,,,1,100,,57411,6,,,1,100,,57412,6,,,2,100,,57413,6,,,1
7100,'Dimanche-0-_26ÉTÉ-0000001-',806,,57417,6,,,2,100,,57418,6,,,1,100,,57419,6,,,1,103,,57420,6,,,1,100,,57416,6,,,1,100,,57415,6,,,1,100,,57421,6,,,1,100,,57414,6,,,2,100,,57424,6,,,2,100,,57426,6,,,2,100,,57427,6,,,2,98,,57425,6,,,2,100,,57422,6,,,1,100,,57423,6,,,1,100,,57429,6,,,2,100,,57428,6,,,1
7100,'Dimanche-10-_26ÉTÉ-0000001-',806,,57433,6,,,2,100,,57434,6,,,1,100,,57435,6,,,1,103,,57436,6,,,1,100,,57432,6,,,1,100,,57431,6,,,1,100,,57437,6,,,1,100,,57430,6,,,2,100,,57440,6,,,2,100,,57442,6,,,2,100,,57443,6,,,2,98,,57441,6,,,2,100,,57438,6,,,1,100,,57439,6,,,1,100,,57445,6,,,2,100,,57444,6,,,1
7100,'Dimanche-11-_26ÉTÉ-0000001-',806,,57449,6,,,2,100,,57450,6,,,1,100,,57451,6,,,1,103,,57452,6,,,1,100,,57448,6,,,1,100,,57447,6,,,1,100,,57453,6,,,1,100,,57446,6,,,2,100,,57456,6,,,2,100,,57458,6,,,2,100,,57459,6,,,2,98,,57457,6,,,2,100,,57454,6,,,1,100,,57455,6,,,1,100,,57461,6,,,2,100,,57460,6,,,1
7100,'Semaine-1-_26ÉTÉ-1111100-',533,,57495,6,,,2,70,,57478,6,,,1,30,,57496,6,,,2,19,,57499,6,,,2,61,,57469,6,,,1,20,,57473,6,,,2,20,,57472,6,,,2,50,,57494,6,,,1,10,,57470,6,,,1,10,,57485,6,,,2,20,,57462,6,,,2,60,,57488,6,,,1,20,,57493,6,,,1,30,,57484,6,,,1,71,,57489,6,,,1,30,,57490,6,,,2,70,,57504,6,,,2,30,,57465,6,,,1,70,,57491,6,,,1,30,,57503,6,,,1,70,,57464,6,,,1,30,,57466,6,,,1,70,,57474,6,,,2,28,,57497,6,,,1,70,,57468,6,,,2,7,,57498,6,,,2,21,,57501,6,,,2,59,,57500,6,,,2,14,,57481,6,,,2,6,,57476,6,,,2,20,,57477,6,,,2,60,,57467,6,,,2,20,,57486,6,,,1,23,,57463,6,,,2,68,,57487,6,,,2,31,,57502,6,,,1,70,,57475,6,,,2,30,,57479,6,,,1,70,,57482,6,,,1,101,,57480,6,,,1,99,,57492,6,,,1,100,,57471,6,,,2,101,,57483,6,,,1
7100,'Semaine-10-_26ÉTÉ-1111100-',533,,57538,6,,,2,70,,57521,6,,,1,30,,57539,6,,,2,19,,57542,6,,,2,61,,57512,6,,,1,20,,57516,6,,,2,20,,57515,6,,,2,50,,57537,6,,,1,10,,57513,6,,,1,10,,57528,6,,,2,20,,57505,6,,,2,60,,57531,6,,,1,20,,57536,6,,,1,30,,57527,6,,,1,71,,57532,6,,,1,30,,57533,6,,,2,70,,57547,6,,,2,30,,57508,6,,,1,70,,57534,6,,,1,30,,57546,6,,,1,70,,57507,6,,,1,30,,57509,6,,,1,70,,57517,6,,,2,28,,57540,6,,,1,70,,57511,6,,,2,7,,57541,6,,,2,21,,57544,6,,,2,59,,57543,6,,,2,14,,57524,6,,,2,6,,57519,6,,,2,20,,57520,6,,,2,60,,57510,6,,,2,20,,57529,6,,,1,23,,57506,6,,,2,68,,57530,6,,,2,31,,57545,6,,,1,70,,57518,6,,,2,30,,57522,6,,,1,70,,57525,6,,,1,101,,57523,6,,,1,99,,57535,6,,,1,100,,57514,6,,,2,101,,57526,6,,,1
7100,'Semaine-11-_26ÉTÉ-1111100-',533,,57581,6,,,2,70,,57564,6,,,1,30,,57582,6,,,2,19,,57585,6,,,2,61,,57555,6,,,1,20,,57559,6,,,2,20,,57558,6,,,2,50,,57580,6,,,1,10,,57556,6,,,1,10,,57571,6,,,2,20,,57548,6,,,2,60,,57574,6,,,1,20,,57579,6,,,1,30,,57570,6,,,1,71,,57575,6,,,1,30,,57576,6,,,2,70,,57590,6,,,2,30,,57551,6,,,1,70,,57577,6,,,1,30,,57589,6,,,1,70,,57550,6,,,1,30,,57552,6,,,1,70,,57560,6,,,2,28,,57583,6,,,1,70,,57554,6,,,2,7,,57584,6,,,2,21,,57587,6,,,2,59,,57586,6,,,2,14,,57567,6,,,2,6,,57562,6,,,2,20,,57563,6,,,2,60,,57553,6,,,2,20,,57572,6,,,1,23,,57549,6,,,2,68,,57573,6,,,2,31,,57588,6,,,1,70,,57561,6,,,2,30,,57565,6,,,1,70,,57568,6,,,1,101,,57566,6,,,1,99,,57578,6,,,1,100,,57557,6,,,2,101,,57569,6,,,1
7100,'Semaine-12-_26ÉTÉ-1111100-',533,,57624,6,,,2,70,,57607,6,,,1,30,,57625,6,,,2,19,,57628,6,,,2,61,,57598,6,,,1,20,,57602,6,,,2,20,,57601,6,,,2,50,,57623,6,,,1,10,,57599,6,,,1,10,,57614,6,,,2,20,,57591,6,,,2,60,,57617,6,,,1,20,,57622,6,,,1,30,,57613,6,,,1,71,,57618,6,,,1,30,,57619,6,,,2,70,,57633,6,,,2,30,,57594,6,,,1,70,,57620,6,,,1,30,,57632,6,,,1,70,,57593,6,,,1,30,,57595,6,,,1,70,,57603,6,,,2,28,,57626,6,,,1,70,,57597,6,,,2,7,,57627,6,,,2,21,,57630,6,,,2,59,,57629,6,,,2,14,,57610,6,,,2,6,,57605,6,,,2,20,,57606,6,,,2,60,,57596,6,,,2,20,,57615,6,,,1,23,,57592,6,,,2,68,,57616,6,,,2,31,,57631,6,,,1,70,,57604,6,,,2,30,,57608,6,,,1,70,,57611,6,,,1,101,,57609,6,,,1,99,,57621,6,,,1,100,,57600,6,,,2,101,,57612,6,,,1
7100,'Semaine-5-_26ÉTÉ-1111100-',533,,57667,6,,,2,70,,57650,6,,,1,30,,57668,6,,,2,19,,57671,6,,,2,61,,57641,6,,,1,20,,57645,6,,,2,20,,57644,6,,,2,50,,57666,6,,,1,10,,57642,6,,,1,10,,57657,6,,,2,20,,57634,6,,,2,60,,57660,6,,,1,20,,57665,6,,,1,30,,57656,6,,,1,71,,57661,6,,,1,30,,57662,6,,,2,70,,57676,6,,,2,30,,57637,6,,,1,70,,57663,6,,,1,30,,57675,6,,,1,70,,57636,6,,,1,30,,57638,6,,,1,70,,57646,6,,,2,28,,57669,6,,,1,70,,57640,6,,,2,7,,57670,6,,,2,21,,57673,6,,,2,59,,57672,6,,,2,14,,57653,6,,,2,6,,57648,6,,,2,20,,57649,6,,,2,60,,57639,6,,,2,20,,57658,6,,,1,23,,57635,6,,,2,68,,57659,6,,,2,31,,57674,6,,,1,70,,57647,6,,,2,30,,57651,6,,,1,70,,57654,6,,,1,101,,57652,6,,,1,99,,57664,6,,,1,100,,57643,6,,,2,101,,57655,6,,,1
7300,'Semaine-1-_26ÉTÉ-1111100-',616,,58116,6,,,1,30,,58114,6,,,2,71,,58117,6,,,2,29,,58124,6,,,1,70,,58118,6,,,1,29,,58119,6,,,2,101,,58121,6,,,1,100,,58105,6,,,1,100,,58102,6,,,1,100,,58103,6,,,2,100,,58104,6,,,2,101,,58106,6,,,2,67,,58107,6,,,1,29,,58125,6,,,1,76,,58122,6,,,2,24,,58123,6,,,2,73,,58120,6,,,1,29,,58108,6,,,1,70,,58109,6,,,1,31,,58110,6,,,1,100,,58111,6,,,1,105,,58112,6,,,2,100,,58113,6,,,1,100,,58115,6,,,2
7300,'Semaine-10-_26ÉTÉ-1111100-',616,,58140,6,,,1,30,,58138,6,,,2,71,,58141,6,,,2,29,,58148,6,,,1,70,,58142,6,,,1,29,,58143,6,,,2,101,,58145,6,,,1,100,,58129,6,,,1,100,,58126,6,,,1,100,,58127,6,,,2,100,,58128,6,,,2,101,,58130,6,,,2,67,,58131,6,,,1,29,,58149,6,,,1,76,,58146,6,,,2,24,,58147,6,,,2,73,,58144,6,,,1,29,,58132,6,,,1,70,,58133,6,,,1,31,,58134,6,,,1,100,,58135,6,,,1,105,,58136,6,,,2,100,,58137,6,,,1,100,,58139,6,,,2
7300,'Semaine-11-_26ÉTÉ-1111100-',616,,58164,6,,,1,30,,58162,6,,,2,71,,58165,6,,,2,29,,58172,6,,,1,70,,58166,6,,,1,29,,58167,6,,,2,101,,58169,6,,,1,100,,58153,6,,,1,100,,58150,6,,,1,100,,58151,6,,,2,100,,58152,6,,,2,101,,58154,6,,,2,67,,58155,6,,,1,29,,58173,6,,,1,76,,58170,6,,,2,24,,58171,6,,,2,73,,58168,6,,,1,29,,58156,6,,,1,70,,58157,6,,,1,31,,58158,6,,,1,100,,58159,6,,,1,105,,58160,6,,,2,100,,58161,6,,,1,100,,58163,6,,,2
7300,'Semaine-12-_26ÉTÉ-1111100-',616,,58188,6,,,1,30,,58186,6,,,2,71,,58189,6,,,2,29,,58196,6,,,1,70,,58190,6,,,1,29,,58191,6,,,2,101,,58193,6,,,1,100,,58177,6,,,1,100,,58174,6,,,1,100,,58175,6,,,2,100,,58176,6,,,2,101,,58178,6,,,2,67,,58179,6,,,1,29,,58197,6,,,1,76,,58194,6,,,2,24,,58195,6,,,2,73,,58192,6,,,1,29,,58180,6,,,1,70,,58181,6,,,1,31,,58182,6,,,1,100,,58183,6,,,1,105,,58184,6,,,2,100,,58185,6,,,1,100,,58187,6,,,2
7300,'Semaine-5-_26ÉTÉ-1111100-',616,,58212,6,,,1,30,,58210,6,,,2,71,,58213,6,,,2,29,,58220,6,,,1,70,,58214,6,,,1,29,,58215,6,,,2,101,,58217,6,,,1,100,,58201,6,,,1,100,,58198,6,,,1,100,,58199,6,,,2,100,,58200,6,,,2,101,,58202,6,,,2,67,,58203,6,,,1,29,,58221,6,,,1,76,,58218,6,,,2,24,,58219,6,,,2,73,,58216,6,,,1,29,,58204,6,,,1,70,,58205,6,,,1,31,,58206,6,,,1,100,,58207,6,,,1,105,,58208,6,,,2,100,,58209,6,,,1,100,,58211,6,,,2
