9500,'Semaine-4',1524,,33970,24,,,1,16,,33973,24,,,1,15,,33969,24,,,1,58,,33964,24,,,2,15,,33968,24,,,1,17,,33965,24,,,1,14,,33966,24,,,1,55,,33971,24,,,1,25,,33972,24,,,2,64,,33967,24,,,1
9500,'Semaine-2-_26ÉTÉ-1111100-',1524,,45358,24,,,1,15,,45361,24,,,2,15,,45357,24,,,1,59,,45352,24,,,1,15,,45356,24,,,2,16,,45353,24,,,1,15,,45354,24,,,2,55,,45359,24,,,1,25,,45360,24,,,1,65,,45355,24,,,1
9500,'Semaine-3-_26ÉTÉ-1111100-',1524,,45368,24,,,1,15,,45371,24,,,2,15,,45367,24,,,1,59,,45362,24,,,1,15,,45366,24,,,2,16,,45363,24,,,1,15,,45364,24,,,2,55,,45369,24,,,1,25,,45370,24,,,1,65,,45365,24,,,1
9500,'Semaine-4-_26ÉTÉ-1111100-',1524,,45378,24,,,1,15,,45381,24,,,2,15,,45377,24,,,1,59,,45372,24,,,1,15,,45376,24,,,2,16,,45373,24,,,1,15,,45374,24,,,2,55,,45379,24,,,1,25,,45380,24,,,1,65,,45375,24,,,1
9700,'Samedi-3',842,,33984,36,,,2,100,,33987,36,,,2,100,,33982,36,,,1,100,,33983,36,,,1,100,,33986,36,,,2,100,,33985,36,,,2,100,,33988,36,,,1,100,,33989,36,,,2,100,,33990,36,,,2,101,,33991,36,,,1,100,,33996,36,,,1,100,,33992,36,,,1,100,,33993,36,,,1,100,,33994,36,,,1,99,,33995,36,,,2,100,,33997,36,,,1,100,,33998,36,,,1
9700,'Samedi-4',842,,37848,36,,,2,100,,37851,36,,,2,100,,37846,36,,,1,100,,37847,36,,,1,100,,37850,36,,,2,100,,37849,36,,,2,100,,37852,36,,,1,100,,37853,36,,,2,100,,37854,36,,,2,101,,37855,36,,,1,100,,37860,36,,,1,100,,37856,36,,,1,100,,37857,36,,,1,100,,37858,36,,,1,99,,37859,36,,,2,100,,37861,36,,,1,100,,37862,36,,,1
9700,'Dimanche-3',842,,34002,36,,,2,100,,34004,36,,,2,100,,34001,36,,,1,100,,34000,36,,,1,100,,33999,36,,,2,100,,34003,36,,,2,100,,34006,36,,,1,100,,34005,36,,,2,100,,34011,36,,,2,101,,34013,36,,,1,100,,34015,36,,,1,100,,34007,36,,,1,100,,34008,36,,,1,100,,34009,36,,,1,99,,34010,36,,,2,100,,34014,36,,,1,100,,34012,36,,,1
9700,'Semaine-4',714,,34034,36,,,1,27,,34035,36,,,1,96,,34024,36,,,2,99,,34020,36,,,2,98,,34033,36,,,1,101,,34028,36,,,2,99,,34025,36,,,1,100,,34030,36,,,1,102,,34016,36,,,2,95,,34021,36,,,2,101,,34029,36,,,1,98,,34031,40,,,1,103,,34022,40,,,1,73,,34017,40,,,1,20,,34026,36,,,2,102,,34018,36,,,1,98,,34027,36,,,1,100,,34023,36,,,1,101,,34019,36,,,1,111,,34032,36,,,1
9700,'Samedi-10-_26ÉTÉ-0000010-',842,,45408,36,,,2,100,,45411,36,,,2,100,,45406,36,,,1,100,,45407,36,,,1,100,,45410,36,,,2,100,,45409,36,,,2,100,,45412,36,,,1,100,,45413,36,,,2,100,,45414,36,,,2,101,,45415,36,,,1,100,,45420,36,,,1,100,,45416,36,,,1,100,,45417,36,,,1,100,,45418,36,,,1,99,,45419,36,,,2,100,,45421,36,,,1,100,,45422,36,,,1
9700,'Semaine-2-_26ÉTÉ-1111100-',714,,45441,36,,,1,27,,45442,36,,,1,96,,45431,36,,,2,101,,45427,36,,,1,96,,45440,36,,,2,99,,45435,36,,,2,101,,45432,36,,,1,100,,45437,36,,,2,102,,45423,36,,,1,94,,45428,36,,,1,104,,45436,36,,,1,96,,45438,40,,,2,103,,45429,40,,,2,73,,45424,40,,,2,20,,45433,36,,,1,102,,45425,36,,,2,98,,45434,36,,,1,100,,45430,36,,,1,102,,45426,36,,,2,110,,45439,36,,,1
9700,'Semaine-3-_26ÉTÉ-1111100-',714,,45461,36,,,1,27,,45462,36,,,1,96,,45451,36,,,2,101,,45447,36,,,1,96,,45460,36,,,2,99,,45455,36,,,2,101,,45452,36,,,1,100,,45457,36,,,2,102,,45443,36,,,1,94,,45448,36,,,1,104,,45456,36,,,1,96,,45458,40,,,2,103,,45449,40,,,2,73,,45444,40,,,2,20,,45453,36,,,1,102,,45445,36,,,2,98,,45454,36,,,1,100,,45450,36,,,1,102,,45446,36,,,2,110,,45459,36,,,1
9700,'Semaine-4-_26ÉTÉ-1111100-',714,,45481,36,,,1,27,,45482,36,,,1,96,,45471,36,,,2,101,,45467,36,,,1,96,,45480,36,,,2,99,,45475,36,,,2,101,,45472,36,,,1,100,,45477,36,,,2,102,,45463,36,,,1,94,,45468,36,,,1,104,,45476,36,,,1,96,,45478,40,,,2,103,,45469,40,,,2,73,,45464,40,,,2,20,,45473,36,,,1,102,,45465,36,,,2,98,,45474,36,,,1,100,,45470,36,,,1,102,,45466,36,,,2,110,,45479,36,,,1
29700,'Semaine-4',743,,34179,32,0,19,2,2,,34180,32,0,19,2
29700,'Semaine-2-_26ÉTÉ-1111100-',745,,45832,32,0,19,2
29700,'Semaine-3-_26ÉTÉ-1111100-',745,,45833,32,0,19,2
29700,'Semaine-4-_26ÉTÉ-1111100-',745,,45834,32,0,19,2
