2800,'Semaine-2-_26ÉTÉ-1111100-',1603,,38820,23,,,2,38,,38821,23,,,2,95,,38822,23,,,1
2800,'Semaine-3-_26ÉTÉ-1111100-',1603,,38823,23,,,2,38,,38824,23,,,2,95,,38825,23,,,1
2800,'Semaine-4-_26ÉTÉ-1111100-',1603,,38826,23,,,2,38,,38827,23,,,2,95,,38828,23,,,1
2900,'Semaine-2-_26ÉTÉ-1111100-',1559,,38841,28,,,2,72,,38840,28,,,2,74,,38838,28,,,1,24,,38842,28,,,2,71,,38839,28,,,2
2900,'Semaine-3-_26ÉTÉ-1111100-',1559,,38846,28,,,2,72,,38845,28,,,2,74,,38843,28,,,1,24,,38847,28,,,2,71,,38844,28,,,2
2900,'Semaine-4-_26ÉTÉ-1111100-',1559,,38851,28,,,2,72,,38850,28,,,2,74,,38848,28,,,1,24,,38852,28,,,2,71,,38849,28,,,2
3400,'Samedi-10-_26ÉTÉ-0000010-',740,,39763,29,,,1,104,,39768,29,,,1,70,,39764,29,,,2,31,,39770,29,,,1,70,,39771,29,,,1,31,,39765,29,,,1,70,,39766,29,,,2,30,,39767,29,,,1,70,,39769,29,,,2,31,,39772,29,,,1,70,,39774,29,,,1,31,,39773,29,,,2,70,,39775,29,,,1,30,,39776,29,,,1,70,,39777,29,,,2,29,,39778,29,,,1,70,,39779,29,,,1,31,,39780,29,,,1,70,,39781,29,,,1,30,,39782,29,,,1,70,,39783,29,,,1,29,,39784,29,,,1,68,,39785,29,,,2,30,,39786,29,,,1,70,,39787,29,,,1,30,,39788,29,,,1,70,,39789,29,,,1,30,,39790,29,,,1,70,,39791,29,,,1,29,,39793,29,,,1,71,,39792,29,,,1,29,,39795,29,,,1,70,,39794,29,,,1,27,,39796,29,,,1
3400,'Semaine-2-_26ÉTÉ-1111100-',622,,39827,29,,,1,31,,39812,29,,,1,73,,39806,29,,,1,31,,39810,29,,,1,71,,39801,29,,,1,31,,39821,29,,,1,68,,39807,29,,,1,27,,39797,29,,,1,70,,39802,29,,,2,30,,39803,29,,,2,70,,39808,29,,,1,30,,39798,29,,,1,71,,39828,29,,,1,30,,39804,29,,,1,70,,39809,29,,,1,30,,39799,29,,,1,72,,39825,29,,,2,30,,39800,29,,,1,66,,39826,29,,,1,305,,39824,29,,,2,20,,39813,29,,,1,68,,39805,29,,,2,30,,39817,29,,,1,70,,39823,29,,,1,30,,39814,29,,,1,69,,39816,29,,,1,30,,39818,29,,,1,70,,39811,29,,,1,30,,39820,29,,,1,70,,39815,29,,,1,28,,39819,29,,,1,70,,39822,29,,,1
3400,'Semaine-3-_26ÉTÉ-1111100-',622,,39859,29,,,1,31,,39844,29,,,1,73,,39838,29,,,1,31,,39842,29,,,1,71,,39833,29,,,1,31,,39853,29,,,1,68,,39839,29,,,1,27,,39829,29,,,1,70,,39834,29,,,2,30,,39835,29,,,2,70,,39840,29,,,1,30,,39830,29,,,1,71,,39860,29,,,1,30,,39836,29,,,1,70,,39841,29,,,1,30,,39831,29,,,1,72,,39857,29,,,2,30,,39832,29,,,1,66,,39858,29,,,1,305,,39856,29,,,2,20,,39845,29,,,1,68,,39837,29,,,2,30,,39849,29,,,1,70,,39855,29,,,1,30,,39846,29,,,1,69,,39848,29,,,1,30,,39850,29,,,1,70,,39843,29,,,1,30,,39852,29,,,1,70,,39847,29,,,1,28,,39851,29,,,1,70,,39854,29,,,1
3400,'Semaine-4-_26ÉTÉ-1111100-',622,,39891,29,,,1,31,,39876,29,,,1,73,,39870,29,,,1,31,,39874,29,,,1,71,,39865,29,,,1,31,,39885,29,,,1,68,,39871,29,,,1,27,,39861,29,,,1,70,,39866,29,,,2,30,,39867,29,,,2,70,,39872,29,,,1,30,,39862,29,,,1,71,,39892,29,,,1,30,,39868,29,,,1,70,,39873,29,,,1,30,,39863,29,,,1,72,,39889,29,,,2,30,,39864,29,,,1,66,,39890,29,,,1,305,,39888,29,,,2,20,,39877,29,,,1,68,,39869,29,,,2,30,,39881,29,,,1,70,,39887,29,,,1,30,,39878,29,,,1,69,,39880,29,,,1,30,,39882,29,,,1,70,,39875,29,,,1,30,,39884,29,,,1,70,,39879,29,,,1,28,,39883,29,,,1,70,,39886,29,,,1
5600,'Semaine-2-_26ÉTÉ-1111100-',659,,41959,41,,,2,61,,41957,41,,,1,5,,41961,41,,,2,30,,41960,41,,,2,73,,41954,41,,,2,105,,41953,41,,,2,102,,41955,41,,,1,98,,41958,41,,,2,100,,41956,41,,,1
5600,'Semaine-3-_26ÉTÉ-1111100-',659,,41968,41,,,2,61,,41966,41,,,1,5,,41970,41,,,2,30,,41969,41,,,2,73,,41963,41,,,2,105,,41962,41,,,2,102,,41964,41,,,1,98,,41967,41,,,2,100,,41965,41,,,1
5600,'Semaine-4-_26ÉTÉ-1111100-',659,,41977,41,,,2,61,,41975,41,,,1,5,,41979,41,,,2,30,,41978,41,,,2,73,,41972,41,,,2,105,,41971,41,,,2,102,,41973,41,,,1,98,,41976,41,,,2,100,,41974,41,,,1
32900,'Semaine-2-_26ÉTÉ-1111100-',819,,45844,21,0,7 8,1
32900,'Semaine-3-_26ÉTÉ-1111100-',819,,45845,21,0,7 8,1
32900,'Semaine-4-_26ÉTÉ-1111100-',819,,45846,21,0,7 8,1
42900,'Semaine-2-_26ÉTÉ-1111100-',717,,46749,14,,,1
42900,'Semaine-3-_26ÉTÉ-1111100-',717,,46750,14,,,1
42900,'Semaine-4-_26ÉTÉ-1111100-',717,,46751,14,,,1
55400,'Semaine-2-_26ÉTÉ-1111100-',717,,46764,31,,,1
55400,'Semaine-3-_26ÉTÉ-1111100-',717,,46765,31,,,1
55400,'Semaine-4-_26ÉTÉ-1111100-',717,,46766,31,,,1
