4000,'Semaine-3',1539,,26130,35,,,1,70,,26126,35,,,2,35,,26129,35,,,1,67,,26128,35,,,2,28,,26127,35,,,1,66,,26131,35,,,1
4100,'Semaine-3',1550,,26139,35,,,1,71,,26141,35,,,1,33,,26140,35,,,1,66,,26138,35,,,1,29,,26142,35,,,1
4901,'Samedi-11',748,,26266,43,,,1,100,,26265,43,,,1,100,,26267,43,,,1,102,,26263,43,,,1,100,,26268,43,,,1,102,,26264,43,,,1,98,,26269,43,,,1,103,,26270,43,,,1,99,,26271,43,,,1,100,,26272,43,,,1,100,,26273,43,,,1,95,,26274,43,,,1,102,,26275,43,,,1,100,,26276,43,,,1,100,,26277,43,,,1,99,,26278,43,,,1,99,,26279,43,,,1
4901,'Samedi-2',748,,26283,43,,,1,100,,26282,43,,,1,100,,26284,43,,,1,102,,26280,43,,,1,100,,26285,43,,,1,102,,26281,43,,,1,98,,26286,43,,,1,103,,26287,43,,,1,99,,26288,43,,,1,100,,26289,43,,,1,100,,26290,43,,,1,95,,26291,43,,,1,102,,26292,43,,,1,100,,26293,43,,,1,100,,26294,43,,,1,99,,26295,43,,,1,99,,26296,43,,,1
4901,'Dimanche-2',748,,26301,43,,,1,100,,26297,43,,,1,100,,26300,43,,,1,102,,26302,43,,,1,100,,26299,43,,,1,102,,26298,43,,,1,98,,26304,43,,,1,103,,26305,43,,,1,99,,26303,43,,,1,100,,26309,43,,,1,100,,26313,43,,,1,95,,26306,43,,,1,102,,26307,43,,,1,100,,26308,43,,,1,99,,26310,43,,,1,100,,26311,43,,,1,99,,26312,43,,,1
4901,'Semaine-3',632,,26320,43,,,1,89,,26325,43,,,1,31,,26341,43,,,1,75,,26337,43,,,1,28,,26335,43,,,1,67,,26345,43,,,1,27,,26327,43,,,1,69,,26343,43,,,1,29,,26339,43,,,1,72,,26314,43,,,1,30,,26336,43,,,1,70,,26315,43,,,1,32,,26321,43,,,1,68,,26323,43,,,1,30,,26328,43,,,1,68,,26344,43,,,1,33,,26326,43,,,1,71,,26346,43,,,1,25,,26342,43,,,1,12,,26329,43,,,1,56,,26316,43,,,1,14,,26332,43,,,1,30,,26322,43,,,1,66,,26324,43,,,1,29,,26340,43,,,1,66,,26334,43,,,1,31,,26338,43,,,1,93,,26317,43,,,1,80,,26333,43,,,1,100,,26331,43,,,1,97,,26318,43,,,1,103,,26330,43,,,1,93,,26319,43,,,1
5500,'Samedi-11',719,,26509,36,,,1,30,,26506,36,,,1,70,,26507,36,,,1,30,,26510,36,,,1,70,,26508,36,,,1,29,,26515,36,,,1,71,,26512,36,,,1,30,,26513,36,,,1,72,,26518,36,,,1,29,,26517,36,,,1,68,,26511,36,,,1,30,,26514,36,,,1,70,,26516,36,,,1,34,,26519,36,,,1,70,,26520,36,,,1,30,,26521,36,,,1,70,,26522,36,,,1,29,,26523,36,,,1,70,,26524,36,,,1,30,,26525,36,,,1,70,,26526,36,,,1,30,,26527,36,,,1,72,,26528,36,,,1,28,,26529,36,,,1,69,,26531,36,,,1,33,,26530,36,,,1,67,,26532,36,,,1,30,,26534,36,,,1,71,,26533,36,,,1,31,,26535,36,,,1,66,,26536,36,,,1,30,,26539,36,,,1,70,,26541,36,,,1,30,,26538,36,,,1,70,,26537,36,,,1,26,,26540,36,,,1
5500,'Samedi-2',719,,26545,36,,,1,30,,26542,36,,,1,70,,26543,36,,,1,30,,26546,36,,,1,70,,26544,36,,,1,29,,26551,36,,,1,71,,26548,36,,,1,30,,26549,36,,,1,72,,26554,36,,,1,29,,26553,36,,,1,68,,26547,36,,,1,30,,26550,36,,,1,70,,26552,36,,,1,34,,26555,36,,,1,70,,26556,36,,,1,30,,26557,36,,,1,70,,26558,36,,,1,29,,26559,36,,,1,70,,26560,36,,,1,30,,26561,36,,,1,70,,26562,36,,,1,30,,26563,36,,,1,72,,26564,36,,,1,28,,26565,36,,,1,69,,26567,36,,,1,33,,26566,36,,,1,67,,26568,36,,,1,30,,26570,36,,,1,71,,26569,36,,,1,31,,26571,36,,,1,66,,26572,36,,,1,30,,26575,36,,,1,70,,26577,36,,,1,30,,26574,36,,,1,70,,26573,36,,,1,26,,26576,36,,,1
5500,'Dimanche-2',719,,26580,36,,,1,30,,26585,36,,,1,70,,26589,36,,,1,30,,26583,36,,,1,70,,26581,36,,,1,29,,26586,36,,,1,71,,26588,36,,,1,30,,26582,36,,,1,72,,26578,36,,,1,29,,26579,36,,,1,68,,26591,36,,,1,30,,26595,36,,,1,70,,26593,36,,,1,34,,26590,36,,,1,70,,26584,36,,,1,30,,26598,36,,,1,70,,26599,36,,,1,29,,26600,36,,,1,70,,26594,36,,,1,30,,26607,36,,,1,70,,26604,36,,,1,30,,26592,36,,,1,72,,26612,36,,,1,28,,26606,36,,,1,69,,26587,36,,,1,33,,26610,36,,,1,67,,26603,36,,,1,30,,26596,36,,,1,71,,26601,36,,,1,31,,26597,36,,,1,66,,26608,36,,,1,30,,26605,36,,,1,70,,26602,36,,,1,30,,26611,36,,,1,70,,26609,36,,,1,27,,26613,36,,,1
5500,'Semaine-3',615,,26616,36,,,1,106,,26632,36,,,1,104,,26615,36,,,1,96,,26651,36,,,1,28,,26652,36,,,1,70,,26621,36,,,1,29,,26631,36,,,1,70,,26635,36,,,1,33,,26657,36,,,1,70,,26617,36,,,1,30,,26656,36,,,1,69,,26634,36,,,1,30,,26649,36,,,1,69,,26643,36,,,1,26,,26650,36,,,1,56,,26636,36,,,1,17,,26614,36,,,1,14,,26655,36,,,1,17,,26625,36,,,1,55,,26658,36,,,1,13,,26646,36,,,1,10,,26618,36,,,1,13,,26629,36,,,1,14,,26661,36,,,1,53,,26654,36,,,1,11,,26620,36,,,1,12,,26637,36,,,1,9,,26630,36,,,1,11,,26659,36,,,1,51,,26644,36,,,1,8,,26624,36,,,1,12,,26619,36,,,1,10,,26660,36,,,1,12,,26628,36,,,1,10,,26623,36,,,1,50,,26633,36,,,1,30,,26648,36,,,1,69,,26653,36,,,1,30,,26640,36,,,1,70,,26626,36,,,1,30,,26647,36,,,1,68,,26638,36,,,1,28,,26641,36,,,1,29,,26627,36,,,1,70,,26642,36,,,1,29,,26639,36,,,1,69,,26622,36,,,1,29,,26645,36,,,1
5800,'Semaine-3',836,,26827,23,,,2,398,,26828,23,,,1,301,,26830,23,,,2,71,,26825,23,,,2,30,,26826,23,,,1,70,,26829,23,,,1,28,,26824,23,,,1,70,,26823,23,,,1
5900,'Samedi-11',734,,26842,36,,,1,70,,26845,36,,,1,30,,26838,36,,,1,70,,26844,36,,,1,30,,26841,36,,,1,70,,26846,36,,,1,30,,26850,36,,,1,70,,26851,36,,,1,30,,26840,36,,,1,70,,26839,36,,,1,31,,26849,36,,,1,71,,26843,36,,,1,30,,26847,36,,,1,71,,26852,36,,,1,30,,26848,36,,,1,70,,26853,36,,,1,30,,26854,36,,,1,69,,26855,36,,,1,30,,26856,36,,,1,73,,26857,36,,,1,28,,26858,36,,,1,70,,26859,36,,,1,29,,26860,36,,,1,70,,26861,36,,,1,30,,26862,36,,,1,68,,26864,36,,,1,30,,26863,36,,,1,70,,26866,36,,,1,30,,26865,36,,,1,70,,26867,36,,,1,29,,26868,36,,,1,70,,26870,36,,,1,30,,26869,36,,,1,70,,26871,36,,,1
5900,'Samedi-2',734,,26876,36,,,1,70,,26879,36,,,1,30,,26872,36,,,1,70,,26878,36,,,1,30,,26875,36,,,1,70,,26880,36,,,1,30,,26884,36,,,1,70,,26885,36,,,1,30,,26874,36,,,1,70,,26873,36,,,1,31,,26883,36,,,1,71,,26877,36,,,1,30,,26881,36,,,1,71,,26886,36,,,1,30,,26882,36,,,1,70,,26887,36,,,1,30,,26888,36,,,1,69,,26889,36,,,1,30,,26890,36,,,1,73,,26891,36,,,1,28,,26892,36,,,1,70,,26893,36,,,1,29,,26894,36,,,1,70,,26895,36,,,1,30,,26896,36,,,1,68,,26898,36,,,1,30,,26897,36,,,1,70,,26900,36,,,1,30,,26899,36,,,1,70,,26901,36,,,1,29,,26902,36,,,1,70,,26904,36,,,1,30,,26903,36,,,1,70,,26905,36,,,1
5900,'Dimanche-2',734,,26912,36,,,1,70,,26907,36,,,1,30,,26910,36,,,1,70,,26915,36,,,1,30,,26919,36,,,1,70,,26908,36,,,1,30,,26911,36,,,1,70,,26917,36,,,1,30,,26918,36,,,1,70,,26906,36,,,1,31,,26909,36,,,1,71,,26914,36,,,1,30,,26916,36,,,1,71,,26913,36,,,1,30,,26921,36,,,1,70,,26926,36,,,1,30,,26920,36,,,1,69,,26931,36,,,1,30,,26932,36,,,1,73,,26923,36,,,1,28,,26927,36,,,1,70,,26938,36,,,1,29,,26922,36,,,1,70,,26928,36,,,1,30,,26924,36,,,1,68,,26929,36,,,1,30,,26934,36,,,1,70,,26935,36,,,1,30,,26925,36,,,1,70,,26939,36,,,1,29,,26933,36,,,1,70,,26930,36,,,1,30,,26937,36,,,1,70,,26936,36,,,1
5900,'Semaine-3',647,,26947,36,,,1,105,,26982,36,,,1,100,,26963,36,,,1,83,,26959,36,,,1,68,,26980,36,,,1,30,,26956,36,,,1,70,,26979,36,,,1,30,,26970,36,,,1,70,,26964,36,,,1,33,,26972,36,,,1,69,,26955,36,,,1,31,,26983,36,,,1,70,,26946,36,,,1,31,,26977,36,,,1,13,,26948,36,,,1,59,,26981,36,,,1,31,,26941,36,,,1,14,,26985,36,,,1,56,,26940,36,,,1,7,,26975,36,,,1,17,,26971,36,,,1,8,,26984,31,,,1,4,,26958,36,,,1,56,,26942,36,,,1,4,,26986,31,,,1,6,,26943,36,,,1,12,,26951,36,,,1,9,,26978,36,,,1,12,,26967,36,,,1,11,,26954,36,,,1,49,,26976,36,,,1,10,,26962,36,,,1,12,,26974,36,,,1,9,,26944,36,,,1,11,,26949,36,,,1,71,,26969,36,,,1,29,,26960,36,,,1,70,,26965,36,,,1,30,,26953,36,,,1,70,,26961,36,,,1,30,,26966,36,,,1,67,,26973,36,,,1,30,,26950,36,,,1,70,,26968,36,,,1,28,,26957,36,,,1,70,,26945,36,,,1,28,,26952,36,,,1
54901,'Semaine-3',1554,,30085,36,,,1
65500,'Semaine-3',723,,30118,29,0,9 10,1
74000,'Semaine-3',1643,,30127,30,0,5 11,1
80001,'Samedi-11',645,,30223,38,,,1,100,,30225,38,,,1,99,,30226,38,,,2,100,,30229,38,,,1,102,,30224,38,,,2,100,,30227,38,,,1,100,,30230,38,,,1,99,,30228,38,,,2,100,,30231,38,,,1,100,,30232,38,,,1,100,,30233,38,,,2,100,,30234,38,,,1,97,,30237,38,,,1,101,,30235,38,,,1,100,,30236,38,,,2,100,,30238,38,,,1,101,,30239,38,,,1
80001,'Samedi-2',645,,30240,38,,,1,100,,30242,38,,,1,99,,30243,38,,,2,100,,30246,38,,,1,102,,30241,38,,,2,100,,30244,38,,,1,100,,30247,38,,,1,99,,30245,38,,,2,100,,30248,38,,,1,100,,30249,38,,,1,100,,30250,38,,,2,100,,30251,38,,,1,97,,30254,38,,,1,101,,30252,38,,,1,100,,30253,38,,,2,100,,30255,38,,,1,101,,30256,38,,,1
80001,'Dimanche-2',645,,30257,38,,,1,100,,30258,38,,,1,99,,30262,38,,,2,100,,30259,38,,,1,102,,30263,38,,,2,100,,30260,38,,,1,100,,30261,38,,,1,99,,30265,38,,,2,100,,30264,38,,,1,100,,30266,38,,,1,100,,30268,38,,,2,100,,30269,38,,,1,97,,30270,38,,,1,101,,30267,38,,,1,100,,30271,38,,,2,100,,30272,38,,,1,101,,30273,38,,,1
80001,'Semaine-3',636,,30296,38,,,1,71,,30282,38,,,1,32,,30302,38,,,2,70,,30286,38,,,1,30,,30276,38,,,1,66,,30293,38,,,1,30,,30290,38,,,1,70,,30298,38,,,1,30,,30303,38,,,1,70,,30289,38,,,2,30,,30297,38,,,1,70,,30279,38,,,1,30,,30307,38,,,1,71,,30306,38,,,1,32,,30277,38,,,1,70,,30300,38,,,1,30,,30288,38,,,2,70,,30294,38,,,1,36,,30304,38,,,2,69,,30291,38,,,1,16,,30301,38,,,1,18,,30308,38,,,1,66,,30299,38,,,2,28,,30292,38,,,1,70,,30280,38,,,2,27,,30284,38,,,1,68,,30274,38,,,1,30,,30305,38,,,1,70,,30281,38,,,1,27,,30283,38,,,1,69,,30287,38,,,1,32,,30275,38,,,1,70,,30295,38,,,1,30,,30278,38,,,1,70,,30285,38,,,1
