6200,'Semaine-1-_26ÉTÉ-1111100-',551,,54440,8,,,2,70,,54456,8,,,2,30,,54441,8,,,1,71,,54453,8,,,2,30,,54452,8,,,2,71,,54451,8,,,1,98,,54442,8,,,1,100,,54447,8,,,2,100,,54444,8,,,1,100,,54454,8,,,2,100,,54457,8,,,2,100,,54460,8,,,2,86,,54461,8,,,1,30,,54449,8,,,2,71,,54455,8,,,1,29,,54443,8,,,1,70,,54462,8,,,2,29,,54458,8,,,1,70,,54450,8,,,1,100,,54459,8,,,1,96,,54445,8,,,1,100,,54448,8,,,1,100,,54446,8,,,2
6200,'Semaine-10-_26ÉTÉ-1111100-',551,,54463,8,,,2,70,,54479,8,,,2,30,,54464,8,,,1,71,,54476,8,,,2,30,,54475,8,,,2,71,,54474,8,,,1,98,,54465,8,,,1,100,,54470,8,,,2,100,,54467,8,,,1,100,,54477,8,,,2,100,,54480,8,,,2,100,,54483,8,,,2,86,,54484,8,,,1,30,,54472,8,,,2,71,,54478,8,,,1,29,,54466,8,,,1,70,,54485,8,,,2,29,,54481,8,,,1,70,,54473,8,,,1,100,,54482,8,,,1,96,,54468,8,,,1,100,,54471,8,,,1,100,,54469,8,,,2
6200,'Semaine-11-_26ÉTÉ-1111100-',551,,54486,8,,,2,70,,54502,8,,,2,30,,54487,8,,,1,71,,54499,8,,,2,30,,54498,8,,,2,71,,54497,8,,,1,98,,54488,8,,,1,100,,54493,8,,,2,100,,54490,8,,,1,100,,54500,8,,,2,100,,54503,8,,,2,100,,54506,8,,,2,86,,54507,8,,,1,30,,54495,8,,,2,71,,54501,8,,,1,29,,54489,8,,,1,70,,54508,8,,,2,29,,54504,8,,,1,70,,54496,8,,,1,100,,54505,8,,,1,96,,54491,8,,,1,100,,54494,8,,,1,100,,54492,8,,,2
6200,'Semaine-12-_26ÉTÉ-1111100-',551,,54509,8,,,2,70,,54525,8,,,2,30,,54510,8,,,1,71,,54522,8,,,2,30,,54521,8,,,2,71,,54520,8,,,1,98,,54511,8,,,1,100,,54516,8,,,2,100,,54513,8,,,1,100,,54523,8,,,2,100,,54526,8,,,2,100,,54529,8,,,2,86,,54530,8,,,1,30,,54518,8,,,2,71,,54524,8,,,1,29,,54512,8,,,1,70,,54531,8,,,2,29,,54527,8,,,1,70,,54519,8,,,1,100,,54528,8,,,1,96,,54514,8,,,1,100,,54517,8,,,1,100,,54515,8,,,2
6600,'Samedi-0-_26ÉTÉ-0000010-',736,,55705,42,,,1,100,,55708,42,,,1,100,,55706,42,,,2,100,,55709,42,,,1,100,,55703,42,,,1,100,,55704,42,,,1,100,,55707,42,,,1,100,,55710,42,,,2,100,,55711,42,,,1,100,,55712,42,,,1,100,,55713,42,,,1,100,,55714,42,,,1,100,,55716,42,,,1,100,,55715,42,,,1,100,,55717,42,,,1,100,,55718,42,,,1,100,,55719,42,,,2
6600,'Dimanche-0-_26ÉTÉ-0000001-',736,,55724,42,,,1,100,,55725,42,,,1,100,,55726,42,,,2,100,,55728,42,,,1,100,,55720,42,,,1,100,,55727,42,,,1,100,,55721,42,,,1,100,,55722,42,,,2,100,,55723,42,,,1,100,,55732,42,,,1,100,,55734,42,,,1,100,,55730,42,,,1,100,,55731,42,,,1,100,,55729,42,,,1,100,,55733,42,,,1,100,,55735,42,,,1,100,,55736,42,,,2
6600,'Dimanche-10-_26ÉTÉ-0000001-',736,,55741,42,,,1,100,,55742,42,,,1,100,,55743,42,,,2,100,,55745,42,,,1,100,,55737,42,,,1,100,,55744,42,,,1,100,,55738,42,,,1,100,,55739,42,,,2,100,,55740,42,,,1,100,,55749,42,,,1,100,,55751,42,,,1,100,,55747,42,,,1,100,,55748,42,,,1,100,,55746,42,,,1,100,,55750,42,,,1,100,,55752,42,,,1,100,,55753,42,,,2
6600,'Dimanche-11-_26ÉTÉ-0000001-',736,,55758,42,,,1,100,,55759,42,,,1,100,,55760,42,,,2,100,,55762,42,,,1,100,,55754,42,,,1,100,,55761,42,,,1,100,,55755,42,,,1,100,,55756,42,,,2,100,,55757,42,,,1,100,,55766,42,,,1,100,,55768,42,,,1,100,,55764,42,,,1,100,,55765,42,,,1,100,,55763,42,,,1,100,,55767,42,,,1,100,,55769,42,,,1,100,,55770,42,,,2
6600,'Semaine-1-_26ÉTÉ-1111100-',623,,55781,42,,,1,20,,55787,42,,,2,60,,55782,42,,,2,20,,55774,42,,,2,20,,55786,42,,,2,60,,55779,42,,,1,20,,55793,42,,,2,20,,55773,42,,,2,60,,55784,42,,,2,20,,55794,42,,,2,100,,55783,42,,,1,100,,55775,42,,,2,100,,55798,42,,,1,100,,55799,42,,,2,101,,55785,42,,,2,99,,55795,42,,,1,21,,55788,42,,,2,60,,55771,42,,,1,20,,55790,42,,,2,20,,55796,42,,,2,61,,55801,42,,,2,19,,55772,42,,,1,20,,55791,42,,,2,60,,55789,42,,,1,20,,55777,42,,,2,20,,55797,42,,,1,100,,55778,42,,,1,100,,55776,42,,,1,95,,55780,42,,,1,100,,55792,42,,,1,100,,55800,42,,,1
6600,'Semaine-10-_26ÉTÉ-1111100-',623,,55812,42,,,1,20,,55818,42,,,2,60,,55813,42,,,2,20,,55805,42,,,2,20,,55817,42,,,2,60,,55810,42,,,1,20,,55824,42,,,2,20,,55804,42,,,2,60,,55815,42,,,2,20,,55825,42,,,2,100,,55814,42,,,1,100,,55806,42,,,2,100,,55829,42,,,1,100,,55830,42,,,2,101,,55816,42,,,2,99,,55826,42,,,1,21,,55819,42,,,2,60,,55802,42,,,1,20,,55821,42,,,2,20,,55827,42,,,2,61,,55832,42,,,2,19,,55803,42,,,1,20,,55822,42,,,2,60,,55820,42,,,1,20,,55808,42,,,2,20,,55828,42,,,1,100,,55809,42,,,1,100,,55807,42,,,1,95,,55811,42,,,1,100,,55823,42,,,1,100,,55831,42,,,1
6600,'Semaine-11-_26ÉTÉ-1111100-',623,,55843,42,,,1,20,,55849,42,,,2,60,,55844,42,,,2,20,,55836,42,,,2,20,,55848,42,,,2,60,,55841,42,,,1,20,,55855,42,,,2,20,,55835,42,,,2,60,,55846,42,,,2,20,,55856,42,,,2,100,,55845,42,,,1,100,,55837,42,,,2,100,,55860,42,,,1,100,,55861,42,,,2,101,,55847,42,,,2,99,,55857,42,,,1,21,,55850,42,,,2,60,,55833,42,,,1,20,,55852,42,,,2,20,,55858,42,,,2,61,,55863,42,,,2,19,,55834,42,,,1,20,,55853,42,,,2,60,,55851,42,,,1,20,,55839,42,,,2,20,,55859,42,,,1,100,,55840,42,,,1,100,,55838,42,,,1,95,,55842,42,,,1,100,,55854,42,,,1,100,,55862,42,,,1
6600,'Semaine-12-_26ÉTÉ-1111100-',623,,55874,42,,,1,20,,55880,42,,,2,60,,55875,42,,,2,20,,55867,42,,,2,20,,55879,42,,,2,60,,55872,42,,,1,20,,55886,42,,,2,20,,55866,42,,,2,60,,55877,42,,,2,20,,55887,42,,,2,100,,55876,42,,,1,100,,55868,42,,,2,100,,55891,42,,,1,100,,55892,42,,,2,101,,55878,42,,,2,99,,55888,42,,,1,21,,55881,42,,,2,60,,55864,42,,,1,20,,55883,42,,,2,20,,55889,42,,,2,61,,55894,42,,,2,19,,55865,42,,,1,20,,55884,42,,,2,60,,55882,42,,,1,20,,55870,42,,,2,20,,55890,42,,,1,100,,55871,42,,,1,100,,55869,42,,,1,95,,55873,42,,,1,100,,55885,42,,,1,100,,55893,42,,,1
