6400,'Samedi-0-_26ÉTÉ-0000010-',730,,54949,1,,,1,100,,54951,1,,,1,100,,54954,1,,,1,100,,54952,1,,,2,100,,54955,1,,,1,100,,54950,1,,,1,100,,54953,1,,,2,100,,54956,1,,,1,100,,54957,1,,,1,100,,54958,1,,,1,100,,54959,1,,,1,100,,54960,1,,,1
6400,'Dimanche-0-_26ÉTÉ-0000001-',730,,54961,1,,,1,100,,54966,1,,,1,100,,54962,1,,,1,100,,54965,1,,,2,100,,54968,1,,,1,100,,54967,1,,,1,100,,54964,1,,,2,100,,54963,1,,,1,100,,54971,1,,,1,100,,54972,1,,,1,100,,54969,1,,,1,100,,54970,1,,,1
6400,'Dimanche-10-_26ÉTÉ-0000001-',730,,54973,1,,,1,100,,54978,1,,,1,100,,54974,1,,,1,100,,54977,1,,,2,100,,54980,1,,,1,100,,54979,1,,,1,100,,54976,1,,,2,100,,54975,1,,,1,100,,54983,1,,,1,100,,54984,1,,,1,100,,54981,1,,,1,100,,54982,1,,,1
6400,'Dimanche-11-_26ÉTÉ-0000001-',730,,54985,1,,,1,100,,54990,1,,,1,100,,54986,1,,,1,100,,54989,1,,,2,100,,54992,1,,,1,100,,54991,1,,,1,100,,54988,1,,,2,100,,54987,1,,,1,100,,54995,1,,,1,100,,54996,1,,,1,100,,54993,1,,,1,100,,54994,1,,,1
6400,'Semaine-1-_26ÉTÉ-1111100-',645,,55005,1,,,1,70,,55002,1,,,2,30,,54997,1,,,2,75,,55001,1,,,2,95,,55003,1,,,2,100,,55008,1,,,2,100,,55007,1,,,1,100,,55000,1,,,2,100,,55013,1,,,1,100,,55009,1,,,1,95,,55010,1,,,1,30,,55015,1,,,1,102,,55014,1,,,1,98,,55011,1,,,2,100,,55012,1,,,1,100,,55004,1,,,1,100,,54998,1,,,1,100,,55006,1,,,1,100,,54999,1,,,1
6400,'Semaine-10-_26ÉTÉ-1111100-',645,,55024,1,,,1,70,,55021,1,,,2,30,,55016,1,,,2,75,,55020,1,,,2,95,,55022,1,,,2,100,,55027,1,,,2,100,,55026,1,,,1,100,,55019,1,,,2,100,,55032,1,,,1,100,,55028,1,,,1,95,,55029,1,,,1,30,,55034,1,,,1,102,,55033,1,,,1,98,,55030,1,,,2,100,,55031,1,,,1,100,,55023,1,,,2,100,,55017,1,,,1,100,,55025,1,,,1,100,,55018,1,,,1
6400,'Semaine-11-_26ÉTÉ-1111100-',645,,55043,1,,,1,70,,55040,1,,,2,30,,55035,1,,,2,75,,55039,1,,,2,95,,55041,1,,,2,100,,55046,1,,,2,100,,55045,1,,,1,100,,55038,1,,,2,100,,55051,1,,,1,100,,55047,1,,,1,95,,55048,1,,,1,30,,55053,1,,,1,102,,55052,1,,,1,98,,55049,1,,,2,100,,55050,1,,,1,100,,55042,1,,,1,100,,55036,1,,,1,100,,55044,1,,,1,100,,55037,1,,,1
6400,'Semaine-12-_26ÉTÉ-1111100-',645,,55062,1,,,1,70,,55059,1,,,2,30,,55054,1,,,2,75,,55058,1,,,2,95,,55060,1,,,2,100,,55065,1,,,2,100,,55064,1,,,1,100,,55057,1,,,2,100,,55070,1,,,1,100,,55066,1,,,1,95,,55067,1,,,1,30,,55072,1,,,1,102,,55071,1,,,1,98,,55068,1,,,2,100,,55069,1,,,1,100,,55061,1,,,1,100,,55055,1,,,1,100,,55063,1,,,1,100,,55056,1,,,1
6600,'Samedi-0-_26ÉTÉ-0000010-',710,,55705,1,,,1,100,,55708,1,,,1,100,,55706,1,,,2,100,,55709,1,,,1,100,,55703,1,,,1,100,,55704,1,,,1,100,,55707,1,,,1,100,,55710,1,,,2,100,,55711,1,,,1,100,,55712,1,,,1,100,,55713,1,,,1,100,,55714,1,,,1,100,,55716,1,,,1,100,,55715,1,,,1,100,,55717,1,,,1,100,,55718,1,,,1,100,,55719,1,,,2
6600,'Dimanche-0-_26ÉTÉ-0000001-',710,,55724,1,,,1,100,,55725,1,,,1,100,,55726,1,,,2,100,,55728,1,,,1,100,,55720,1,,,1,100,,55727,1,,,1,100,,55721,1,,,1,100,,55722,1,,,2,100,,55723,1,,,1,100,,55732,1,,,1,100,,55734,1,,,1,100,,55730,1,,,1,100,,55731,1,,,1,100,,55729,1,,,1,100,,55733,1,,,1,100,,55735,1,,,1,100,,55736,1,,,2
6600,'Dimanche-10-_26ÉTÉ-0000001-',710,,55741,1,,,1,100,,55742,1,,,1,100,,55743,1,,,2,100,,55745,1,,,1,100,,55737,1,,,1,100,,55744,1,,,1,100,,55738,1,,,1,100,,55739,1,,,2,100,,55740,1,,,1,100,,55749,1,,,1,100,,55751,1,,,1,100,,55747,1,,,1,100,,55748,1,,,1,100,,55746,1,,,1,100,,55750,1,,,1,100,,55752,1,,,1,100,,55753,1,,,2
6600,'Dimanche-11-_26ÉTÉ-0000001-',710,,55758,1,,,1,100,,55759,1,,,1,100,,55760,1,,,2,100,,55762,1,,,1,100,,55754,1,,,1,100,,55761,1,,,1,100,,55755,1,,,1,100,,55756,1,,,2,100,,55757,1,,,1,100,,55766,1,,,1,100,,55768,1,,,1,100,,55764,1,,,1,100,,55765,1,,,1,100,,55763,1,,,1,100,,55767,1,,,1,100,,55769,1,,,1,100,,55770,1,,,2
6600,'Semaine-1-_26ÉTÉ-1111100-',555,,55781,1,,,1,60,,55787,1,,,2,20,,55782,1,,,2,20,,55774,1,,,2,60,,55786,1,,,2,20,,55779,1,,,1,20,,55793,1,,,2,60,,55773,1,,,2,20,,55784,1,,,2,20,,55794,1,,,2,100,,55783,1,,,1,100,,55775,1,,,2,100,,55798,1,,,1,100,,55799,1,,,2,100,,55785,1,,,2,99,,55795,1,,,1,61,,55788,1,,,2,20,,55771,1,,,1,20,,55790,1,,,2,60,,55796,1,,,2,21,,55801,1,,,2,19,,55772,1,,,1,60,,55791,1,,,2,20,,55789,1,,,1,20,,55777,1,,,2,60,,55797,1,,,1,100,,55778,1,,,1,100,,55776,1,,,1,100,,55780,1,,,1,100,,55792,1,,,1,100,,55800,1,,,1
6600,'Semaine-10-_26ÉTÉ-1111100-',555,,55812,1,,,1,60,,55818,1,,,2,20,,55813,1,,,2,20,,55805,1,,,2,60,,55817,1,,,2,20,,55810,1,,,1,20,,55824,1,,,2,60,,55804,1,,,2,20,,55815,1,,,2,20,,55825,1,,,2,100,,55814,1,,,1,100,,55806,1,,,2,100,,55829,1,,,1,100,,55830,1,,,2,100,,55816,1,,,2,99,,55826,1,,,1,61,,55819,1,,,2,20,,55802,1,,,1,20,,55821,1,,,2,60,,55827,1,,,2,21,,55832,1,,,2,19,,55803,1,,,1,60,,55822,1,,,2,20,,55820,1,,,1,20,,55808,1,,,2,60,,55828,1,,,1,100,,55809,1,,,1,100,,55807,1,,,1,100,,55811,1,,,1,100,,55823,1,,,1,100,,55831,1,,,1
6600,'Semaine-11-_26ÉTÉ-1111100-',555,,55843,1,,,1,60,,55849,1,,,2,20,,55844,1,,,2,20,,55836,1,,,2,60,,55848,1,,,2,20,,55841,1,,,1,20,,55855,1,,,2,60,,55835,1,,,2,20,,55846,1,,,2,20,,55856,1,,,2,100,,55845,1,,,1,100,,55837,1,,,2,100,,55860,1,,,1,100,,55861,1,,,2,100,,55847,1,,,2,99,,55857,1,,,1,61,,55850,1,,,2,20,,55833,1,,,1,20,,55852,1,,,2,60,,55858,1,,,2,21,,55863,1,,,2,19,,55834,1,,,1,60,,55853,1,,,2,20,,55851,1,,,1,20,,55839,1,,,2,60,,55859,1,,,1,100,,55840,1,,,1,100,,55838,1,,,1,100,,55842,1,,,1,100,,55854,1,,,1,100,,55862,1,,,1
6600,'Semaine-12-_26ÉTÉ-1111100-',555,,55874,1,,,1,60,,55880,1,,,2,20,,55875,1,,,2,20,,55867,1,,,2,60,,55879,1,,,2,20,,55872,1,,,1,20,,55886,1,,,2,60,,55866,1,,,2,20,,55877,1,,,2,20,,55887,1,,,2,100,,55876,1,,,1,100,,55868,1,,,2,100,,55891,1,,,1,100,,55892,1,,,2,100,,55878,1,,,2,99,,55888,1,,,1,61,,55881,1,,,2,20,,55864,1,,,1,20,,55883,1,,,2,60,,55889,1,,,2,21,,55894,1,,,2,19,,55865,1,,,1,60,,55884,1,,,2,20,,55882,1,,,1,20,,55870,1,,,2,60,,55890,1,,,1,100,,55871,1,,,1,100,,55869,1,,,1,100,,55873,1,,,1,100,,55885,1,,,1,100,,55893,1,,,1
