7401,'Semaine-2-_26ÉTÉ-1111100-',615,,44412,12,,,1,30,,44413,12,,,1,73,,44414,12,,,2,30,,44415,12,,,1,67,,44416,12,,,2,28,,44417,12,,,2
7401,'Semaine-3-_26ÉTÉ-1111100-',615,,44418,12,,,1,30,,44419,12,,,1,73,,44420,12,,,2,30,,44421,12,,,1,67,,44422,12,,,2,28,,44423,12,,,2
7401,'Semaine-4-_26ÉTÉ-1111100-',615,,44424,12,,,1,30,,44425,12,,,1,73,,44426,12,,,2,30,,44427,12,,,1,67,,44428,12,,,2,28,,44429,12,,,2
7501,'Samedi-10-_26ÉTÉ-0000010-',632,,44542,7,,,1,97,,44541,7,,,2,100,,44547,7,,,2,100,,44545,7,,,1,100,,44546,7,,,1,101,,44543,7,,,2,100,,44544,7,,,1,99,,44548,7,,,2,99,,44549,7,,,1,100,,44550,7,,,1,100,,44551,7,,,2,101,,44552,7,,,1,100,,44553,7,,,2,100,,44554,7,,,1,100,,44555,7,,,2,100,,44556,7,,,2,100,,44557,7,,,2,103,,44558,7,,,2
7501,'Semaine-2-_26ÉTÉ-1111100-',542,,44582,7,,,1,70,,44576,7,,,1,20,,44563,7,,,1,13,,44589,7,,,2,57,,44564,7,,,2,15,,44587,7,,,2,15,,44578,7,,,2,16,,44577,7,,,2,59,,44588,7,,,2,22,,44579,7,,,2,21,,44574,7,,,2,70,,44559,7,,,1,30,,44569,7,,,2,70,,44560,7,,,2,30,,44570,7,,,1,70,,44590,7,,,1,30,,44575,7,,,1,70,,44584,7,,,1,30,,44591,7,,,2,70,,44585,7,,,1,30,,44565,7,,,1,70,,44583,7,,,1,30,,44571,7,,,1,70,,44586,7,,,2,34,,44572,7,,,1,102,,44573,7,,,1,100,,44561,7,,,2,100,,44562,7,,,1,80,,44566,7,,,1,100,,44567,7,,,1,100,,44581,7,,,1,100,,44580,7,,,1,100,,44568,7,,,1
7501,'Semaine-3-_26ÉTÉ-1111100-',542,,44615,7,,,1,70,,44609,7,,,1,20,,44596,7,,,1,13,,44622,7,,,2,57,,44597,7,,,2,15,,44620,7,,,2,15,,44611,7,,,2,16,,44610,7,,,2,59,,44621,7,,,2,22,,44612,7,,,2,21,,44607,7,,,2,70,,44592,7,,,1,30,,44602,7,,,2,70,,44593,7,,,2,30,,44603,7,,,1,70,,44623,7,,,1,30,,44608,7,,,1,70,,44617,7,,,1,30,,44624,7,,,2,70,,44618,7,,,1,30,,44598,7,,,1,70,,44616,7,,,1,30,,44604,7,,,1,70,,44619,7,,,2,34,,44605,7,,,1,102,,44606,7,,,1,100,,44594,7,,,2,100,,44595,7,,,1,80,,44599,7,,,1,100,,44600,7,,,1,100,,44614,7,,,1,100,,44613,7,,,1,100,,44601,7,,,1
7501,'Semaine-4-_26ÉTÉ-1111100-',542,,44648,7,,,1,70,,44642,7,,,1,20,,44629,7,,,1,13,,44655,7,,,2,57,,44630,7,,,2,15,,44653,7,,,2,15,,44644,7,,,2,16,,44643,7,,,2,59,,44654,7,,,2,22,,44645,7,,,2,21,,44640,7,,,2,70,,44625,7,,,1,30,,44635,7,,,2,70,,44626,7,,,2,30,,44636,7,,,1,70,,44656,7,,,1,30,,44641,7,,,1,70,,44650,7,,,1,30,,44657,7,,,2,70,,44651,7,,,1,30,,44631,7,,,1,70,,44649,7,,,1,30,,44637,7,,,1,70,,44652,7,,,2,34,,44638,7,,,1,102,,44639,7,,,1,100,,44627,7,,,2,100,,44628,7,,,1,80,,44632,7,,,1,100,,44633,7,,,1,100,,44647,7,,,1,100,,44646,7,,,1,100,,44634,7,,,1
7800,'Samedi-10-_26ÉTÉ-0000010-',834,,45015,35,,,1,100,,45014,35,,,2,100,,45012,35,,,2,100,,45017,35,,,1,101,,45013,35,,,1,100,,45016,35,,,1,99,,45018,35,,,1,101,,45019,35,,,1,100,,45020,35,,,1,100,,45021,35,,,1,99,,45022,35,,,1,100,,45023,35,,,2,100,,45024,35,,,1,100,,45025,35,,,1,100,,45026,35,,,1,98,,45027,35,,,2
7800,'Semaine-2-_26ÉTÉ-1111100-',506,,45040,35,,,1,20,,45041,35,,,1,31,,45030,35,,,1,72,,45042,35,,,2,71,,45028,35,,,2,31,,45043,35,,,2,69,,45052,35,,,2,24,,45033,35,,,1,35,,45044,35,,,1,66,,45045,35,,,2,30,,45056,35,,,2,70,,45046,35,,,1,30,,45057,35,,,2,70,,45047,35,,,1,30,,45058,35,,,1,70,,45048,35,,,1,29,,45059,35,,,2,70,,45049,35,,,1,30,,45060,35,,,1,71,,45050,35,,,1,30,,45035,35,,,2,71,,45051,35,,,1,27,,45029,35,,,1,73,,45038,35,,,1,32,,45053,35,,,1,71,,45037,35,,,1,25,,45061,35,,,1,70,,45054,35,,,1,30,,45031,35,,,1,85,,45055,35,,,1,99,,45036,35,,,1,102,,45039,35,,,1,99,,45032,35,,,2,99,,45034,35,,,1
7800,'Semaine-3-_26ÉTÉ-1111100-',506,,45074,35,,,1,20,,45075,35,,,1,31,,45064,35,,,1,72,,45076,35,,,2,71,,45062,35,,,2,31,,45077,35,,,2,69,,45086,35,,,2,24,,45067,35,,,1,35,,45078,35,,,1,66,,45079,35,,,2,30,,45090,35,,,2,70,,45080,35,,,1,30,,45091,35,,,2,70,,45081,35,,,1,30,,45092,35,,,1,70,,45082,35,,,1,29,,45093,35,,,2,70,,45083,35,,,1,30,,45094,35,,,1,71,,45084,35,,,1,30,,45069,35,,,2,71,,45085,35,,,1,27,,45063,35,,,1,73,,45072,35,,,1,32,,45087,35,,,1,71,,45071,35,,,1,25,,45095,35,,,1,70,,45088,35,,,1,30,,45065,35,,,1,85,,45089,35,,,1,99,,45070,35,,,1,102,,45073,35,,,1,99,,45066,35,,,2,99,,45068,35,,,1
7800,'Semaine-4-_26ÉTÉ-1111100-',506,,45108,35,,,1,20,,45109,35,,,1,31,,45098,35,,,1,72,,45110,35,,,2,71,,45096,35,,,2,31,,45111,35,,,2,69,,45120,35,,,2,24,,45101,35,,,1,35,,45112,35,,,1,66,,45113,35,,,2,30,,45124,35,,,2,70,,45114,35,,,1,30,,45125,35,,,2,70,,45115,35,,,1,30,,45126,35,,,1,70,,45116,35,,,1,29,,45127,35,,,2,70,,45117,35,,,1,30,,45128,35,,,1,71,,45118,35,,,1,30,,45103,35,,,2,71,,45119,35,,,1,27,,45097,35,,,1,73,,45106,35,,,1,32,,45121,35,,,1,71,,45105,35,,,1,25,,45129,35,,,1,70,,45122,35,,,1,30,,45099,35,,,1,85,,45123,35,,,1,99,,45104,35,,,1,102,,45107,35,,,1,99,,45100,35,,,2,99,,45102,35,,,1
