2301,'Semaine-3',620,,24584,14,,,1,30,,24581,14,,,2,71,,24585,14,,,1,31,,24583,14,,,2,70,,24582,14,,,2
2501,'Semaine-3',606,,24596,21,,,1,30,,24595,21,,,1,70,,24593,21,,,1,30,,24594,21,,,2,70,,24597,21,,,1,31,,24592,21,,,1
2601,'Semaine-3',558,,24604,15,,,1,71,,24606,15,,,1,71,,24607,15,,,2,33,,24605,15,,,1,72,,24603,15,,,1
2801,'Semaine-3',651,,24621,17,,,2,69,,24622,17,,,1,101,,24620,17,,,1
3401,'Samedi-11',701,,25260,26,,,1,100,,25263,26,,,2,30,,25272,26,,,1,73,,25261,26,,,1,27,,25266,26,,,1,70,,25268,26,,,1,32,,25262,26,,,2,70,,25271,26,,,1,31,,25264,26,,,1,70,,25273,26,,,1,29,,25265,26,,,1,70,,25267,26,,,1,30,,25269,26,,,2,70,,25270,26,,,2,30,,25274,26,,,1,70,,25275,26,,,2,30,,25276,26,,,1,70,,25277,26,,,1,31,,25278,26,,,1,70,,25279,26,,,1,30,,25280,26,,,2,71,,25281,26,,,1,27,,25282,26,,,1,70,,25284,26,,,1,31,,25283,26,,,2,70,,25285,26,,,1,30,,25286,26,,,1,68,,25287,26,,,1,30,,25289,26,,,1,70,,25288,26,,,1,30,,25290,26,,,1,98,,25291,26,,,1
3401,'Samedi-2',701,,25292,26,,,1,100,,25295,26,,,2,30,,25304,26,,,1,73,,25293,26,,,1,27,,25298,26,,,1,70,,25300,26,,,1,32,,25294,26,,,2,70,,25303,26,,,1,31,,25296,26,,,1,70,,25305,26,,,1,29,,25297,26,,,1,70,,25299,26,,,1,30,,25301,26,,,2,70,,25302,26,,,2,30,,25306,26,,,1,70,,25307,26,,,2,30,,25308,26,,,1,70,,25309,26,,,1,31,,25310,26,,,1,70,,25311,26,,,1,30,,25312,26,,,2,71,,25313,26,,,1,27,,25314,26,,,1,70,,25316,26,,,1,31,,25315,26,,,2,70,,25317,26,,,1,30,,25318,26,,,1,68,,25319,26,,,1,30,,25321,26,,,1,70,,25320,26,,,1,30,,25322,26,,,1,98,,25323,26,,,1
3401,'Dimanche-2',701,,25325,26,,,1,100,,25336,26,,,2,30,,25329,26,,,1,73,,25332,26,,,1,27,,25331,26,,,1,70,,25340,26,,,1,32,,25337,26,,,2,70,,25324,26,,,1,31,,25335,26,,,1,70,,25328,26,,,1,29,,25326,26,,,1,70,,25327,26,,,1,30,,25330,26,,,2,70,,25338,26,,,2,30,,25334,26,,,1,70,,25333,26,,,2,30,,25339,26,,,1,70,,25344,26,,,1,31,,25342,26,,,1,70,,25348,26,,,1,30,,25351,26,,,2,71,,25341,26,,,1,27,,25350,26,,,1,70,,25343,26,,,1,31,,25347,26,,,2,70,,25354,26,,,1,30,,25346,26,,,1,68,,25345,26,,,1,30,,25352,26,,,1,70,,25353,26,,,1,30,,25349,26,,,1,98,,25355,26,,,1
3401,'Semaine-3',909,,25381,26,,,1,27,,25361,26,,,1,70,,25365,26,,,1,30,,25385,26,,,1,70,,25358,26,,,1,30,,25362,26,,,1,70,,25366,26,,,1,30,,25356,26,,,1,70,,25359,26,,,1,30,,25363,26,,,1,70,,25367,26,,,1,30,,25360,26,,,1,71,,25382,26,,,1,30,,25357,26,,,1,71,,25383,26,,,1,31,,25384,26,,,2,69,,25378,26,,,1,28,,25374,26,,,1,70,,25364,26,,,1,30,,25371,26,,,1,70,,25380,26,,,1,30,,25368,26,,,1,70,,25370,26,,,1,30,,25372,26,,,1,70,,25376,26,,,1,30,,25369,26,,,1,70,,25375,26,,,1,30,,25373,26,,,1,70,,25377,26,,,1,30,,25379,26,,,1
4900,'Samedi-11',737,,26175,40,,,1,100,,26176,40,,,1,104,,26173,40,,,1,100,,26177,40,,,1,100,,26174,40,,,1,100,,26178,40,,,1,99,,26179,40,,,1,104,,26180,40,,,1,97,,26181,40,,,1,100,,26182,40,,,1,100,,26183,40,,,1,96,,26184,40,,,1,100,,26185,40,,,1,100,,26186,40,,,1,100,,26187,40,,,1,100,,26188,40,,,1,100,,26189,40,,,1
4900,'Samedi-2',737,,26192,40,,,1,100,,26193,40,,,1,104,,26190,40,,,1,100,,26194,40,,,1,100,,26191,40,,,1,100,,26195,40,,,1,99,,26196,40,,,1,104,,26197,40,,,1,97,,26198,40,,,1,100,,26199,40,,,1,100,,26200,40,,,1,96,,26201,40,,,1,100,,26202,40,,,1,100,,26203,40,,,1,100,,26204,40,,,1,100,,26205,40,,,1,100,,26206,40,,,1
4900,'Dimanche-2',737,,26207,40,,,1,100,,26210,40,,,1,104,,26208,40,,,1,100,,26211,40,,,1,100,,26213,40,,,1,100,,26217,40,,,1,99,,26215,40,,,1,104,,26214,40,,,1,97,,26209,40,,,1,100,,26219,40,,,1,100,,26216,40,,,1,96,,26218,40,,,1,100,,26223,40,,,1,100,,26212,40,,,1,100,,26221,40,,,1,100,,26222,40,,,1,100,,26220,40,,,1
4900,'Semaine-3',658,,26251,40,,,1,50,,26246,27,,,1,5,,26258,27,,,1,3,,26234,27,,,1,3,,26262,40,,,1,2,,26257,27,,,1,3,,26259,27,,,1,3,,26261,27,,,1,5,,26260,27,,,1,15,,26254,40,,,1,73,,26255,40,,,1,6,,26250,27,,,1,31,,26249,40,,,1,69,,26244,40,,,1,31,,26236,40,,,1,72,,26256,40,,,1,72,,26252,40,,,1,30,,26247,40,,,1,70,,26224,40,,,1,30,,26245,40,,,1,70,,26226,40,,,1,30,,26231,40,,,1,70,,26233,40,,,1,29,,26237,40,,,1,71,,26253,40,,,1,37,,26235,40,,,1,70,,26238,40,,,1,30,,26229,40,,,1,70,,26241,40,,,1,30,,26232,40,,,1,67,,26230,40,,,1,30,,26248,40,,,1,67,,26242,40,,,1,56,,26225,40,,,1,100,,26243,40,,,1,100,,26240,40,,,1,97,,26227,40,,,1,98,,26239,40,,,1,100,,26228,40,,,1
32501,'Semaine-3',822,,29275,21,0,7 8,1,3,,29276,21,0,7 8,1
42500,'Semaine-3',708,,30062,21,0,9 14,1,2,,30063,21,0,9 14,1
73401,'Semaine-3',813,,30125,30,0,5 11,1
82501,'Semaine-3',750,,30311,21,0,9 12 13,1,1,,30312,21,0,9 12 13,1,1,,30313,21,0,9 12 13,1
