6400,'Samedi-0-_26ÉTÉ-0000010-',735,,54949,6,,,1,100,,54951,6,,,1,100,,54954,6,,,1,100,,54952,6,,,2,100,,54955,6,,,1,100,,54950,6,,,1,100,,54953,6,,,2,100,,54956,6,,,1,99,,54957,6,,,1,100,,54958,6,,,1,100,,54959,6,,,1,100,,54960,6,,,1
6400,'Dimanche-0-_26ÉTÉ-0000001-',735,,54961,6,,,1,100,,54966,6,,,1,100,,54962,6,,,1,100,,54965,6,,,2,100,,54968,6,,,1,100,,54967,6,,,1,100,,54964,6,,,2,100,,54963,6,,,1,99,,54971,6,,,1,100,,54972,6,,,1,100,,54969,6,,,1,100,,54970,6,,,1
6400,'Dimanche-10-_26ÉTÉ-0000001-',735,,54973,6,,,1,100,,54978,6,,,1,100,,54974,6,,,1,100,,54977,6,,,2,100,,54980,6,,,1,100,,54979,6,,,1,100,,54976,6,,,2,100,,54975,6,,,1,99,,54983,6,,,1,100,,54984,6,,,1,100,,54981,6,,,1,100,,54982,6,,,1
6400,'Dimanche-11-_26ÉTÉ-0000001-',735,,54985,6,,,1,100,,54990,6,,,1,100,,54986,6,,,1,100,,54989,6,,,2,100,,54992,6,,,1,100,,54991,6,,,1,100,,54988,6,,,2,100,,54987,6,,,1,99,,54995,6,,,1,100,,54996,6,,,1,100,,54993,6,,,1,100,,54994,6,,,1
6400,'Semaine-1-_26ÉTÉ-1111100-',649,,55005,6,,,1,70,,55002,6,,,2,30,,54997,6,,,2,75,,55001,6,,,2,95,,55003,6,,,2,100,,55008,6,,,2,100,,55007,6,,,1,100,,55000,6,,,2,100,,55013,6,,,1,100,,55009,6,,,1,95,,55010,6,,,1,30,,55015,6,,,1,102,,55014,6,,,1,98,,55011,6,,,2,100,,55012,6,,,1,100,,55004,6,,,1,100,,54998,6,,,1,100,,55006,6,,,1,100,,54999,6,,,1
6400,'Semaine-10-_26ÉTÉ-1111100-',649,,55024,6,,,1,70,,55021,6,,,2,30,,55016,6,,,2,75,,55020,6,,,2,95,,55022,6,,,2,100,,55027,6,,,2,100,,55026,6,,,1,100,,55019,6,,,2,100,,55032,6,,,1,100,,55028,6,,,1,95,,55029,6,,,1,30,,55034,6,,,1,102,,55033,6,,,1,98,,55030,6,,,2,100,,55031,6,,,1,100,,55023,6,,,2,100,,55017,6,,,1,100,,55025,6,,,1,100,,55018,6,,,1
6400,'Semaine-11-_26ÉTÉ-1111100-',649,,55043,6,,,1,70,,55040,6,,,2,30,,55035,6,,,2,75,,55039,6,,,2,95,,55041,6,,,2,100,,55046,6,,,2,100,,55045,6,,,1,100,,55038,6,,,2,100,,55051,6,,,1,100,,55047,6,,,1,95,,55048,6,,,1,30,,55053,6,,,1,102,,55052,6,,,1,98,,55049,6,,,2,100,,55050,6,,,1,100,,55042,6,,,1,100,,55036,6,,,1,100,,55044,6,,,1,100,,55037,6,,,1
6400,'Semaine-12-_26ÉTÉ-1111100-',649,,55062,6,,,1,70,,55059,6,,,2,30,,55054,6,,,2,75,,55058,6,,,2,95,,55060,6,,,2,100,,55065,6,,,2,100,,55064,6,,,1,100,,55057,6,,,2,100,,55070,6,,,1,100,,55066,6,,,1,95,,55067,6,,,1,30,,55072,6,,,1,102,,55071,6,,,1,98,,55068,6,,,2,100,,55069,6,,,1,100,,55061,6,,,1,100,,55055,6,,,1,100,,55063,6,,,1,100,,55056,6,,,1
6600,'Samedi-0-_26ÉTÉ-0000010-',714,,55705,6,,,1,100,,55708,6,,,1,100,,55706,6,,,2,100,,55709,6,,,1,100,,55703,6,,,1,100,,55704,6,,,1,100,,55707,6,,,1,100,,55710,6,,,2,100,,55711,6,,,1,100,,55712,6,,,1,100,,55713,6,,,1,100,,55714,6,,,1,100,,55716,6,,,1,100,,55715,6,,,1,100,,55717,6,,,1,100,,55718,6,,,1,100,,55719,6,,,2
6600,'Dimanche-0-_26ÉTÉ-0000001-',714,,55724,6,,,1,100,,55725,6,,,1,100,,55726,6,,,2,100,,55728,6,,,1,100,,55720,6,,,1,100,,55727,6,,,1,100,,55721,6,,,1,100,,55722,6,,,2,100,,55723,6,,,1,100,,55732,6,,,1,100,,55734,6,,,1,100,,55730,6,,,1,100,,55731,6,,,1,100,,55729,6,,,1,100,,55733,6,,,1,100,,55735,6,,,1,100,,55736,6,,,2
6600,'Dimanche-10-_26ÉTÉ-0000001-',714,,55741,6,,,1,100,,55742,6,,,1,100,,55743,6,,,2,100,,55745,6,,,1,100,,55737,6,,,1,100,,55744,6,,,1,100,,55738,6,,,1,100,,55739,6,,,2,100,,55740,6,,,1,100,,55749,6,,,1,100,,55751,6,,,1,100,,55747,6,,,1,100,,55748,6,,,1,100,,55746,6,,,1,100,,55750,6,,,1,100,,55752,6,,,1,100,,55753,6,,,2
6600,'Dimanche-11-_26ÉTÉ-0000001-',714,,55758,6,,,1,100,,55759,6,,,1,100,,55760,6,,,2,100,,55762,6,,,1,100,,55754,6,,,1,100,,55761,6,,,1,100,,55755,6,,,1,100,,55756,6,,,2,100,,55757,6,,,1,100,,55766,6,,,1,100,,55768,6,,,1,100,,55764,6,,,1,100,,55765,6,,,1,100,,55763,6,,,1,100,,55767,6,,,1,100,,55769,6,,,1,100,,55770,6,,,2
6600,'Semaine-1-_26ÉTÉ-1111100-',558,,55781,6,,,1,60,,55787,6,,,2,20,,55782,6,,,2,20,,55774,6,,,2,60,,55786,6,,,2,20,,55779,6,,,1,20,,55793,6,,,2,60,,55773,6,,,2,20,,55784,6,,,2,20,,55794,6,,,2,100,,55783,6,,,1,100,,55775,6,,,2,100,,55798,6,,,1,100,,55799,6,,,2,101,,55785,6,,,2,99,,55795,6,,,1,61,,55788,6,,,2,20,,55771,6,,,1,20,,55790,6,,,2,60,,55796,6,,,2,21,,55801,6,,,2,19,,55772,6,,,1,60,,55791,6,,,2,20,,55789,6,,,1,20,,55777,6,,,2,60,,55797,6,,,1,100,,55778,6,,,1,100,,55776,6,,,1,99,,55780,6,,,1,100,,55792,6,,,1,100,,55800,6,,,1
6600,'Semaine-10-_26ÉTÉ-1111100-',558,,55812,6,,,1,60,,55818,6,,,2,20,,55813,6,,,2,20,,55805,6,,,2,60,,55817,6,,,2,20,,55810,6,,,1,20,,55824,6,,,2,60,,55804,6,,,2,20,,55815,6,,,2,20,,55825,6,,,2,100,,55814,6,,,1,100,,55806,6,,,2,100,,55829,6,,,1,100,,55830,6,,,2,101,,55816,6,,,2,99,,55826,6,,,1,61,,55819,6,,,2,20,,55802,6,,,1,20,,55821,6,,,2,60,,55827,6,,,2,21,,55832,6,,,2,19,,55803,6,,,1,60,,55822,6,,,2,20,,55820,6,,,1,20,,55808,6,,,2,60,,55828,6,,,1,100,,55809,6,,,1,100,,55807,6,,,1,99,,55811,6,,,1,100,,55823,6,,,1,100,,55831,6,,,1
6600,'Semaine-11-_26ÉTÉ-1111100-',558,,55843,6,,,1,60,,55849,6,,,2,20,,55844,6,,,2,20,,55836,6,,,2,60,,55848,6,,,2,20,,55841,6,,,1,20,,55855,6,,,2,60,,55835,6,,,2,20,,55846,6,,,2,20,,55856,6,,,2,100,,55845,6,,,1,100,,55837,6,,,2,100,,55860,6,,,1,100,,55861,6,,,2,101,,55847,6,,,2,99,,55857,6,,,1,61,,55850,6,,,2,20,,55833,6,,,1,20,,55852,6,,,2,60,,55858,6,,,2,21,,55863,6,,,2,19,,55834,6,,,1,60,,55853,6,,,2,20,,55851,6,,,1,20,,55839,6,,,2,60,,55859,6,,,1,100,,55840,6,,,1,100,,55838,6,,,1,99,,55842,6,,,1,100,,55854,6,,,1,100,,55862,6,,,1
6600,'Semaine-12-_26ÉTÉ-1111100-',558,,55874,6,,,1,60,,55880,6,,,2,20,,55875,6,,,2,20,,55867,6,,,2,60,,55879,6,,,2,20,,55872,6,,,1,20,,55886,6,,,2,60,,55866,6,,,2,20,,55877,6,,,2,20,,55887,6,,,2,100,,55876,6,,,1,100,,55868,6,,,2,100,,55891,6,,,1,100,,55892,6,,,2,101,,55878,6,,,2,99,,55888,6,,,1,61,,55881,6,,,2,20,,55864,6,,,1,20,,55883,6,,,2,60,,55889,6,,,2,21,,55894,6,,,2,19,,55865,6,,,1,60,,55884,6,,,2,20,,55882,6,,,1,20,,55870,6,,,2,60,,55890,6,,,1,100,,55871,6,,,1,100,,55869,6,,,1,99,,55873,6,,,1,100,,55885,6,,,1,100,,55893,6,,,1
