3101,'Samedi-3',648,,30491,7,,,1,94,,30497,7,,,1,99,,30494,7,,,1,97,,30498,7,,,1,97,,30492,7,,,1,100,,30496,7,,,1,100,,30493,7,,,1,100,,30495,7,,,1,103,,30499,7,,,1,97,,30500,7,,,1,100,,30501,7,,,1,100,,30502,7,,,1,102,,30503,7,,,1,102,,30508,7,,,1,100,,30504,7,,,1,100,,30505,7,,,1,102,,30506,7,,,1,100,,30507,7,,,1
3101,'Dimanche-3',648,,30511,7,,,1,94,,30509,7,,,1,99,,30512,7,,,1,97,,30514,7,,,1,97,,30515,7,,,1,100,,30516,7,,,1,100,,30510,7,,,1,100,,30519,7,,,1,103,,30513,7,,,1,97,,30518,7,,,1,100,,30522,7,,,1,100,,30526,7,,,1,102,,30523,7,,,1,102,,30517,7,,,1,100,,30520,7,,,1,100,,30525,7,,,1,102,,30521,7,,,1,100,,30524,7,,,1
3101,'Semaine-4',529,,30530,7,,,1,75,,30564,7,,,1,30,,30544,7,,,1,67,,30531,7,,,1,30,,30567,7,,,1,20,,30527,7,,,1,56,,30541,7,,,1,17,,30542,7,,,1,14,,30561,7,,,1,19,,30532,7,,,1,62,,30534,7,,,1,20,,30559,7,,,1,20,,30551,7,,,1,60,,30560,7,,,1,20,,30533,7,,,1,20,,30535,7,,,1,61,,30555,7,,,1,20,,30565,7,,,1,19,,30554,7,,,1,60,,30536,7,,,1,21,,30528,7,,,1,17,,30558,7,,,1,62,,30568,7,,,1,19,,30553,7,,,1,20,,30537,7,,,1,59,,30556,7,,,1,23,,30557,7,,,1,60,,30566,7,,,1,19,,30552,7,,,1,14,,30538,7,,,1,18,,30549,7,,,1,60,,30550,7,,,1,22,,30539,7,,,1,19,,30545,7,,,1,61,,30529,7,,,1,22,,30562,7,,,1,20,,30570,7,,,1,66,,30540,7,,,1,98,,30563,7,,,1,100,,30546,7,,,1,100,,30543,7,,,1,99,,30547,7,,,1,103,,30548,7,,,1
3101,'Samedi-10-_26ÉTÉ-0000010-',648,,39022,7,,,1,94,,39028,7,,,1,99,,39025,7,,,1,97,,39029,7,,,1,97,,39023,7,,,1,100,,39027,7,,,1,100,,39024,7,,,1,100,,39026,7,,,1,103,,39030,7,,,1,97,,39031,7,,,1,100,,39032,7,,,1,100,,39033,7,,,1,102,,39034,7,,,1,102,,39039,7,,,1,100,,39035,7,,,1,100,,39036,7,,,1,102,,39037,7,,,1,100,,39038,7,,,1
3101,'Semaine-2-_26ÉTÉ-1111100-',529,,39043,7,,,1,75,,39077,7,,,1,30,,39057,7,,,1,67,,39044,7,,,1,29,,39080,7,,,1,21,,39040,7,,,1,56,,39054,7,,,1,17,,39055,7,,,1,14,,39074,7,,,1,19,,39045,7,,,1,62,,39047,7,,,1,20,,39072,7,,,1,20,,39064,7,,,1,60,,39073,7,,,1,20,,39046,7,,,1,20,,39048,7,,,1,61,,39068,7,,,1,20,,39078,7,,,1,60,,39067,7,,,1,20,,39049,7,,,1,20,,39041,7,,,1,17,,39071,7,,,1,62,,39081,7,,,1,19,,39066,7,,,1,20,,39050,7,,,1,59,,39069,7,,,1,23,,39070,7,,,1,60,,39079,7,,,1,19,,39065,7,,,1,14,,39051,7,,,1,18,,39062,7,,,1,60,,39063,7,,,1,22,,39052,7,,,1,19,,39058,7,,,1,61,,39042,7,,,1,22,,39075,7,,,1,20,,39082,7,,,1,66,,39053,7,,,1,97,,39076,7,,,1,101,,39059,7,,,1,100,,39056,7,,,1,100,,39060,7,,,1,102,,39061,7,,,1
3101,'Semaine-3-_26ÉTÉ-1111100-',529,,39087,7,,,1,75,,39121,7,,,1,30,,39101,7,,,1,67,,39088,7,,,1,29,,39124,7,,,1,21,,39084,7,,,1,56,,39098,7,,,1,17,,39099,7,,,1,14,,39118,7,,,1,19,,39089,7,,,1,62,,39091,7,,,1,20,,39116,7,,,1,20,,39108,7,,,1,60,,39117,7,,,1,20,,39090,7,,,1,20,,39092,7,,,1,61,,39112,7,,,1,20,,39122,7,,,1,60,,39111,7,,,1,20,,39093,7,,,1,20,,39085,7,,,1,17,,39115,7,,,1,62,,39125,7,,,1,19,,39110,7,,,1,20,,39094,7,,,1,59,,39113,7,,,1,23,,39114,7,,,1,60,,39123,7,,,1,19,,39109,7,,,1,14,,39095,7,,,1,18,,39106,7,,,1,60,,39107,7,,,1,22,,39096,7,,,1,19,,39102,7,,,1,61,,39086,7,,,1,22,,39119,7,,,1,20,,39126,7,,,1,66,,39097,7,,,1,97,,39120,7,,,1,101,,39103,7,,,1,100,,39100,7,,,1,100,,39104,7,,,1,102,,39105,7,,,1
3101,'Semaine-4-_26ÉTÉ-1111100-',529,,39131,7,,,1,75,,39165,7,,,1,30,,39145,7,,,1,67,,39132,7,,,1,29,,39168,7,,,1,21,,39128,7,,,1,56,,39142,7,,,1,17,,39143,7,,,1,14,,39162,7,,,1,19,,39133,7,,,1,62,,39135,7,,,1,20,,39160,7,,,1,20,,39152,7,,,1,60,,39161,7,,,1,20,,39134,7,,,1,20,,39136,7,,,1,61,,39156,7,,,1,20,,39166,7,,,1,60,,39155,7,,,1,20,,39137,7,,,1,20,,39129,7,,,1,17,,39159,7,,,1,62,,39169,7,,,1,19,,39154,7,,,1,20,,39138,7,,,1,59,,39157,7,,,1,23,,39158,7,,,1,60,,39167,7,,,1,19,,39153,7,,,1,14,,39139,7,,,1,18,,39150,7,,,1,60,,39151,7,,,1,22,,39140,7,,,1,19,,39146,7,,,1,61,,39130,7,,,1,22,,39163,7,,,1,20,,39170,7,,,1,66,,39141,7,,,1,97,,39164,7,,,1,101,,39147,7,,,1,100,,39144,7,,,1,100,,39148,7,,,1,102,,39149,7,,,1
43100,'Semaine-4',1500,,34803,6,0,9 14,1
83101,'Semaine-4',758,,35024,7,0,9 12 13,1,42,,35025,7,0,9 12 13,1
83101,'Semaine-2-_26ÉTÉ-1111100-',800,,47063,7,0,9 12 13,1
83101,'Semaine-3-_26ÉTÉ-1111100-',800,,47064,7,0,9 12 13,1
83101,'Semaine-4-_26ÉTÉ-1111100-',800,,47065,7,0,9 12 13,1
