6700,'Samedi-3',731,,32894,36,,,2,102,,32893,36,,,1,100,,32892,36,,,1,71,,32888,36,,,1,30,,32896,36,,,1,70,,32889,36,,,1,30,,32890,36,,,1,71,,32895,36,,,1,30,,32900,36,,,1,70,,32891,36,,,1,30,,32899,36,,,1,70,,32897,36,,,1,30,,32898,36,,,1,72,,32901,36,,,2,30,,32902,36,,,2,70,,32903,36,,,1,30,,32904,36,,,1,69,,32905,36,,,2,30,,32906,36,,,2,69,,32907,36,,,1,30,,32908,36,,,1,70,,32909,36,,,2,28,,32910,36,,,1,70,,32911,36,,,1,100,,32915,36,,,2,100,,32912,36,,,1,100,,32913,36,,,1,99,,32914,36,,,1
6700,'Samedi-4',731,,36989,36,,,2,102,,36988,36,,,1,100,,36987,36,,,1,71,,36983,36,,,1,30,,36991,36,,,1,70,,36984,36,,,1,30,,36985,36,,,1,71,,36990,36,,,1,30,,36995,36,,,1,70,,36986,36,,,1,30,,36994,36,,,1,70,,36992,36,,,1,30,,36993,36,,,1,72,,36996,36,,,2,30,,36997,36,,,2,70,,36998,36,,,1,30,,36999,36,,,1,69,,37000,36,,,2,30,,37001,36,,,2,69,,37002,36,,,1,30,,37003,36,,,1,70,,37004,36,,,2,28,,37005,36,,,1,70,,37006,36,,,1,100,,37010,36,,,2,100,,37007,36,,,1,100,,37008,36,,,1,99,,37009,36,,,1
6700,'Dimanche-3',731,,32922,36,,,2,102,,32916,36,,,1,100,,32919,36,,,1,71,,32921,36,,,1,30,,32927,36,,,1,70,,32924,36,,,1,30,,32930,36,,,1,71,,32932,36,,,1,30,,32926,36,,,1,70,,32928,36,,,1,30,,32917,36,,,1,70,,32918,36,,,1,30,,32920,36,,,1,72,,32923,36,,,2,30,,32929,36,,,2,70,,32925,36,,,1,30,,32931,36,,,1,69,,32940,36,,,2,30,,32939,36,,,2,69,,32935,36,,,1,30,,32933,36,,,1,70,,32943,36,,,2,28,,32934,36,,,1,70,,32941,36,,,1,100,,32938,36,,,2,100,,32937,36,,,1,100,,32936,36,,,1,99,,32942,36,,,1
6700,'Semaine-4',634,,32952,36,,,1,70,,32946,36,,,1,30,,32954,36,,,1,23,,32963,36,,,1,58,,32947,36,,,2,17,,32972,36,,,1,70,,32957,36,,,1,31,,32965,36,,,1,20,,32955,36,,,1,59,,32975,36,,,1,20,,32973,36,,,1,20,,32960,36,,,1,61,,32976,36,,,2,20,,32966,36,,,1,20,,32969,36,,,1,60,,32977,36,,,1,20,,32974,36,,,1,20,,32961,36,,,1,60,,32978,36,,,1,20,,32967,36,,,1,20,,32970,36,,,1,60,,32979,36,,,1,22,,32959,36,,,1,20,,32962,36,,,1,57,,32980,36,,,1,330,,32982,36,,,1,15,,32956,36,,,2,56,,32981,36,,,2,19,,32964,36,,,1,70,,32944,36,,,2,30,,32968,36,,,1,70,,32948,36,,,2,30,,32971,36,,,1,70,,32945,36,,,2,30,,32953,36,,,1,69,,32949,36,,,1,28,,32958,36,,,2,28,,32951,36,,,1,69,,32950,36,,,1
6700,'Samedi-10-_26ÉTÉ-0000010-',731,,43291,36,,,2,102,,43290,36,,,1,100,,43289,36,,,1,71,,43285,36,,,1,30,,43293,36,,,1,70,,43286,36,,,1,30,,43287,36,,,1,71,,43292,36,,,1,30,,43297,36,,,1,70,,43288,36,,,1,30,,43296,36,,,1,70,,43294,36,,,1,30,,43295,36,,,1,72,,43298,36,,,2,30,,43299,36,,,2,70,,43300,36,,,1,30,,43301,36,,,1,69,,43302,36,,,2,30,,43303,36,,,2,69,,43304,36,,,1,30,,43305,36,,,1,70,,43306,36,,,2,28,,43307,36,,,1,70,,43308,36,,,1,100,,43312,36,,,2,100,,43309,36,,,2,100,,43310,36,,,1,99,,43311,36,,,1
6700,'Semaine-2-_26ÉTÉ-1111100-',633,,43321,36,,,1,71,,43315,36,,,1,30,,43323,36,,,1,21,,43332,36,,,1,60,,43316,36,,,2,17,,43341,36,,,1,70,,43326,36,,,1,31,,43334,36,,,1,20,,43324,36,,,2,59,,43344,36,,,2,20,,43342,36,,,1,21,,43329,36,,,2,60,,43345,36,,,2,20,,43335,36,,,1,20,,43338,36,,,2,60,,43346,36,,,1,20,,43343,36,,,1,20,,43330,36,,,1,60,,43347,36,,,1,20,,43336,36,,,1,20,,43339,36,,,2,60,,43348,36,,,1,22,,43328,36,,,1,20,,43331,36,,,2,57,,43349,36,,,1,330,,43351,36,,,1,15,,43325,36,,,2,56,,43350,36,,,1,19,,43333,36,,,1,70,,43313,36,,,1,30,,43337,36,,,2,70,,43317,36,,,1,30,,43340,36,,,1,71,,43314,36,,,1,28,,43322,36,,,2,70,,43318,36,,,1,28,,43327,36,,,2,28,,43320,36,,,2,69,,43319,36,,,1
6700,'Semaine-3-_26ÉTÉ-1111100-',633,,43360,36,,,1,71,,43354,36,,,1,30,,43362,36,,,1,21,,43371,36,,,1,60,,43355,36,,,2,17,,43380,36,,,1,70,,43365,36,,,1,31,,43373,36,,,1,20,,43363,36,,,2,59,,43383,36,,,2,20,,43381,36,,,1,21,,43368,36,,,2,60,,43384,36,,,2,20,,43374,36,,,1,20,,43377,36,,,2,60,,43385,36,,,1,20,,43382,36,,,1,20,,43369,36,,,1,60,,43386,36,,,1,20,,43375,36,,,1,20,,43378,36,,,2,60,,43387,36,,,1,22,,43367,36,,,1,20,,43370,36,,,2,57,,43388,36,,,1,330,,43390,36,,,1,15,,43364,36,,,2,56,,43389,36,,,1,19,,43372,36,,,1,70,,43352,36,,,1,30,,43376,36,,,2,70,,43356,36,,,1,30,,43379,36,,,1,71,,43353,36,,,1,28,,43361,36,,,2,70,,43357,36,,,1,28,,43366,36,,,2,28,,43359,36,,,2,69,,43358,36,,,1
6700,'Semaine-4-_26ÉTÉ-1111100-',633,,43399,36,,,1,71,,43393,36,,,1,30,,43401,36,,,1,21,,43410,36,,,1,60,,43394,36,,,2,17,,43419,36,,,1,70,,43404,36,,,1,31,,43412,36,,,1,20,,43402,36,,,2,59,,43422,36,,,2,20,,43420,36,,,1,21,,43407,36,,,2,60,,43423,36,,,2,20,,43413,36,,,1,20,,43416,36,,,2,60,,43424,36,,,1,20,,43421,36,,,1,20,,43408,36,,,1,60,,43425,36,,,1,20,,43414,36,,,1,20,,43417,36,,,2,60,,43426,36,,,1,22,,43406,36,,,1,20,,43409,36,,,2,57,,43427,36,,,1,330,,43429,36,,,1,15,,43403,36,,,2,56,,43428,36,,,1,19,,43411,36,,,1,70,,43391,36,,,1,30,,43415,36,,,2,70,,43395,36,,,1,30,,43418,36,,,1,71,,43392,36,,,1,28,,43400,36,,,2,70,,43396,36,,,1,28,,43405,36,,,2,28,,43398,36,,,2,69,,43397,36,,,1
8700,'Semaine-4',1532,,33937,34,,,2,17,,33936,34,,,2,60,,33929,34,,,2,15,,33931,34,,,1,15,,33928,34,,,1,15,,33938,34,,,2,55,,33934,34,,,1,14,,33935,34,,,1,18,,33930,34,,,1,17,,33933,34,,,1,59,,33932,34,,,1
8700,'Semaine-2-_26ÉTÉ-1111100-',1528,,45253,34,,,2,21,,45252,34,,,1,60,,45245,34,,,1,14,,45247,34,,,1,14,,45244,34,,,1,17,,45254,34,,,1,57,,45250,34,,,1,14,,45251,34,,,2,18,,45246,34,,,1,58,,45249,34,,,1,16,,45248,34,,,2
8700,'Semaine-3-_26ÉTÉ-1111100-',1528,,45264,34,,,2,21,,45263,34,,,1,60,,45256,34,,,1,14,,45258,34,,,1,14,,45255,34,,,1,17,,45265,34,,,1,57,,45261,34,,,1,14,,45262,34,,,2,18,,45257,34,,,1,58,,45260,34,,,1,16,,45259,34,,,2
8700,'Semaine-4-_26ÉTÉ-1111100-',1528,,45275,34,,,2,21,,45274,34,,,1,60,,45267,34,,,1,14,,45269,34,,,1,14,,45266,34,,,1,17,,45276,34,,,1,57,,45272,34,,,1,14,,45273,34,,,2,18,,45268,34,,,1,58,,45271,34,,,1,16,,45270,34,,,2
