2800,'Semaine-3',1625,,24617,49,4,,2,79,,24618,49,4,,1,50,,24619,49,4,,2
3101,'Samedi-11',658,,24735,18,,,1,94,,24741,18,,,1,99,,24738,18,,,1,97,,24742,18,,,1,97,,24736,18,,,1,100,,24740,18,,,1,100,,24737,18,,,1,100,,24739,18,,,1,103,,24743,18,,,1,97,,24744,18,,,1,100,,24745,18,,,1,100,,24746,18,,,1,101,,24747,18,,,1,101,,24752,18,,,1,100,,24748,18,,,1,100,,24749,18,,,1,102,,24750,18,,,1,100,,24751,18,,,1
3101,'Samedi-2',658,,24753,18,,,1,94,,24759,18,,,1,99,,24756,18,,,1,97,,24760,18,,,1,97,,24754,18,,,1,100,,24758,18,,,1,100,,24755,18,,,1,100,,24757,18,,,1,103,,24761,18,,,1,97,,24762,18,,,1,100,,24763,18,,,1,100,,24764,18,,,1,101,,24765,18,,,1,101,,24770,18,,,1,100,,24766,18,,,1,100,,24767,18,,,1,102,,24768,18,,,1,100,,24769,18,,,1
3101,'Dimanche-2',658,,24773,18,,,1,94,,24771,18,,,1,99,,24774,18,,,1,97,,24776,18,,,1,97,,24777,18,,,1,100,,24778,18,,,1,100,,24772,18,,,1,100,,24781,18,,,1,103,,24775,18,,,1,97,,24780,18,,,1,100,,24784,18,,,1,100,,24788,18,,,1,101,,24785,18,,,1,101,,24779,18,,,1,100,,24782,18,,,1,100,,24787,18,,,1,102,,24783,18,,,1,100,,24786,18,,,1
3101,'Semaine-3',538,,24792,18,,,1,75,,24826,18,,,1,30,,24806,18,,,1,67,,24793,18,,,1,32,,24829,18,,,1,60,,24789,18,,,1,11,,24831,6,,,1,5,,24803,18,,,1,17,,24804,18,,,1,13,,24823,18,,,1,59,,24794,18,,,1,21,,24796,18,,,1,20,,24821,18,,,1,60,,24813,18,,,1,20,,24822,18,,,1,20,,24795,18,,,1,60,,24797,18,,,1,21,,24817,18,,,1,20,,24827,18,,,1,59,,24816,18,,,1,20,,24798,18,,,1,21,,24790,18,,,1,57,,24820,18,,,1,22,,24830,18,,,1,19,,24815,18,,,1,60,,24799,18,,,1,19,,24818,18,,,1,23,,24819,18,,,1,61,,24828,18,,,1,19,,24814,18,,,1,14,,24800,18,,,1,59,,24811,18,,,1,21,,24812,18,,,1,22,,24801,18,,,1,58,,24807,18,,,1,21,,24791,18,,,1,20,,24824,18,,,1,59,,24832,18,,,1,26,,24802,18,,,1,98,,24825,18,,,1,100,,24808,18,,,1,100,,24805,18,,,1,98,,24809,18,,,1,103,,24810,18,,,1
3301,'Samedi-11',721,,25033,27,,,1,100,,25034,27,,,1,100,,25031,27,,,1,100,,25037,27,,,1,100,,25038,27,,,1,101,,25032,27,,,1,100,,25035,27,,,1,100,,25036,27,,,1,101,,25039,27,,,1,98,,25040,27,,,1,100,,25041,27,,,1,98,,25048,27,,,1,100,,25042,27,,,1,100,,25043,27,,,1,100,,25044,27,,,1,100,,25045,27,,,1,100,,25046,27,,,1,100,,25047,27,,,1
3301,'Samedi-2',721,,25051,27,,,1,100,,25052,27,,,1,100,,25049,27,,,1,100,,25055,27,,,1,100,,25056,27,,,1,101,,25050,27,,,1,100,,25053,27,,,1,100,,25054,27,,,1,101,,25057,27,,,1,98,,25058,27,,,1,100,,25059,27,,,1,98,,25066,27,,,1,100,,25060,27,,,1,100,,25061,27,,,1,100,,25062,27,,,1,100,,25063,27,,,1,100,,25064,27,,,1,100,,25065,27,,,1
3301,'Dimanche-2',721,,25071,27,,,1,100,,25072,27,,,1,100,,25073,27,,,1,100,,25067,27,,,1,100,,25068,27,,,1,101,,25069,27,,,1,100,,25070,27,,,1,100,,25075,27,,,1,101,,25076,27,,,1,98,,25074,27,,,1,100,,25077,27,,,1,98,,25080,27,,,1,100,,25084,27,,,1,100,,25078,27,,,1,100,,25079,27,,,1,100,,25082,27,,,1,100,,25081,27,,,1,100,,25083,27,,,1
3301,'Semaine-3',609,,25108,27,,,1,22,,25116,27,,,2,24,,25093,27,,,1,57,,25113,27,,,1,15,,25109,27,,,1,5,,25104,27,,,1,9,,25124,27,,,1,14,,25122,27,,,1,56,,25111,27,,,1,15,,25099,27,,,1,10,,25115,27,,,2,16,,25089,27,,,1,70,,25101,27,,,2,28,,25107,27,,,1,71,,25097,27,,,1,28,,25118,27,,,1,71,,25102,27,,,1,29,,25094,27,,,1,72,,25096,27,,,1,20,,25114,27,,,1,6,,25123,27,,,1,68,,25105,27,,,1,28,,25095,27,,,1,71,,25100,27,,,1,34,,25103,28,,,1,52,,25125,28,,,2,17,,25106,28,,,1,19,,25098,28,,,2,13,,25110,28,,,1,73,,25091,28,,,1,24,,25121,28,,,2,65,,25088,28,,,2,30,,25085,28,,,2,68,,25119,27,,,1,43,,25092,27,,,2,69,,25087,27,,,2,97,,25090,27,,,1,41,,25112,27,,,2,145,,25117,27,,,1,98,,25086,27,,,2,124,,25120,27,,,1
3501,'Semaine-3',545,,25448,12,,,1,81,,25423,12,,,1,20,,25430,12,,,1,61,,25439,23,,,1,14,,25445,12,,,1,23,,25450,23,,,1,56,,25426,12,,,1,27,,25446,12,,,1,24,,25451,12,,,1,69,,25432,12,,,2,30,,25434,12,,,1,70,,25425,12,,,1,30,,25431,12,,,1,70,,25441,12,,,1,30,,25424,12,,,1,70,,25438,12,,,1,30,,25440,12,,,1,70,,25443,12,,,1,30,,25428,12,,,1,73,,25452,12,,,2,27,,25442,12,,,2,71,,25427,12,,,2,30,,25454,12,,,1,68,,25449,12,,,2,29,,25433,12,,,1,69,,25436,12,,,2,40,,25455,12,,,2,65,,25444,12,,,1,98,,25437,12,,,1,103,,25435,12,,,1,100,,25453,12,,,1,97,,25447,12,,,1,110,,25429,12,,,1
3601,'Semaine-3',857,,25465,27,,,1,90,,25463,27,,,1,100,,25466,27,,,1,100,,25464,27,,,1,100,,25469,27,,,1,100,,25468,27,,,1,100,,25467,27,,,1
3900,'Samedi-11',702,,25911,35,,,1,101,,25912,35,,,1,100,,25916,35,,,1,102,,25915,35,,,1,100,,25918,35,,,1,100,,25917,35,,,1,103,,25913,35,,,1,30,,25914,35,,,1,70,,25919,35,,,1,31,,25920,35,,,2,70,,25921,35,,,1,30,,25922,35,,,1,71,,25923,35,,,2,30,,25924,35,,,1,70,,25925,35,,,1,30,,25926,35,,,1,68,,25927,35,,,1,29,,25928,35,,,1,69,,25929,35,,,1,28,,25930,35,,,1,100,,25931,35,,,1,100,,25932,35,,,1,100,,25933,35,,,1,99,,25934,35,,,1
3900,'Samedi-2',702,,25935,35,,,1,101,,25936,35,,,1,100,,25940,35,,,1,102,,25939,35,,,1,100,,25942,35,,,1,100,,25941,35,,,1,103,,25937,35,,,1,30,,25938,35,,,1,70,,25943,35,,,1,31,,25944,35,,,2,70,,25945,35,,,1,30,,25946,35,,,1,71,,25947,35,,,2,30,,25948,35,,,1,70,,25949,35,,,1,30,,25950,35,,,1,68,,25951,35,,,1,29,,25952,35,,,1,69,,25953,35,,,1,28,,25954,35,,,1,100,,25955,35,,,1,100,,25956,35,,,1,100,,25957,35,,,1,99,,25958,35,,,1
3900,'Dimanche-2',702,,25959,35,,,1,101,,25966,35,,,1,100,,25960,35,,,1,102,,25962,35,,,1,100,,25968,35,,,1,100,,25961,35,,,1,103,,25967,35,,,1,30,,25963,35,,,1,70,,25964,35,,,1,31,,25969,35,,,2,70,,25971,35,,,1,30,,25965,35,,,1,71,,25970,35,,,2,30,,25972,35,,,1,70,,25973,35,,,1,30,,25979,35,,,1,68,,25980,35,,,1,29,,25982,35,,,1,69,,25978,35,,,1,28,,25976,35,,,1,100,,25977,35,,,1,100,,25981,35,,,1,100,,25974,35,,,1,99,,25975,35,,,1
3900,'Semaine-3',640,,26000,35,,,1,65,,25986,35,,,1,35,,26005,35,,,1,68,,25998,35,,,1,31,,25999,35,,,1,70,,25997,35,,,1,32,,25994,35,,,1,70,,26011,35,,,1,30,,26006,35,,,1,71,,26018,35,,,1,30,,26003,35,,,1,70,,26007,35,,,1,30,,25995,35,,,1,71,,25993,35,,,1,30,,26008,35,,,2,69,,25996,35,,,1,30,,25983,35,,,1,75,,26009,35,,,2,31,,25990,35,,,1,72,,25992,35,,,1,31,,26010,35,,,1,72,,25989,35,,,1,28,,25984,35,,,1,69,,26012,35,,,1,25,,25991,35,,,1,71,,25985,35,,,2,29,,26013,35,,,2,72,,25988,35,,,1,25,,26004,35,,,2,66,,26014,35,,,1,30,,25987,35,,,1,70,,26002,35,,,1,29,,26015,35,,,2,70,,26001,35,,,1,30,,26017,35,,,1,70,,26016,35,,,2
4901,'Samedi-11',717,,26266,9,,,1,100,,26265,9,,,1,100,,26267,9,,,1,100,,26263,9,,,1,100,,26268,9,,,1,100,,26264,9,,,1,98,,26269,9,,,1,103,,26270,9,,,1,99,,26271,9,,,1,100,,26272,9,,,1,100,,26273,9,,,1,98,,26274,9,,,1,102,,26275,9,,,1,100,,26276,9,,,1,100,,26277,9,,,1,100,,26278,9,,,1,99,,26279,9,,,1
4901,'Samedi-2',717,,26283,9,,,1,100,,26282,9,,,1,100,,26284,9,,,1,100,,26280,9,,,1,100,,26285,9,,,1,100,,26281,9,,,1,98,,26286,9,,,1,103,,26287,9,,,1,99,,26288,9,,,1,100,,26289,9,,,1,100,,26290,9,,,1,98,,26291,9,,,1,102,,26292,9,,,1,100,,26293,9,,,1,100,,26294,9,,,1,100,,26295,9,,,1,99,,26296,9,,,1
4901,'Dimanche-2',717,,26301,9,,,1,100,,26297,9,,,1,100,,26300,9,,,1,100,,26302,9,,,1,100,,26299,9,,,1,100,,26298,9,,,1,98,,26304,9,,,1,103,,26305,9,,,1,99,,26303,9,,,1,100,,26309,9,,,1,100,,26313,9,,,1,98,,26306,9,,,1,102,,26307,9,,,1,100,,26308,9,,,1,99,,26310,9,,,1,101,,26311,9,,,1,99,,26312,9,,,1
4901,'Semaine-3',558,,26320,9,,,1,87,,26325,9,,,1,70,,26341,9,,,1,33,,26337,9,,,1,67,,26335,9,,,1,30,,26345,9,,,1,69,,26327,9,,,1,30,,26343,9,,,1,70,,26339,9,,,1,30,,26314,9,,,1,70,,26336,9,,,1,30,,26315,9,,,1,72,,26321,9,,,1,28,,26323,9,,,1,70,,26328,9,,,1,28,,26344,9,,,1,72,,26326,9,,,1,30,,26346,9,,,1,62,,26342,9,,,1,10,,26329,9,,,1,16,,26316,9,,,1,14,,26332,9,,,1,70,,26322,9,,,1,30,,26324,9,,,1,68,,26340,9,,,1,30,,26334,9,,,1,71,,26338,9,,,1,94,,26317,9,,,1,40,,26333,9,,,1,100,,26331,9,,,1,100,,26318,9,,,1,103,,26330,9,,,1,95,,26319,9,,,1
32900,'Semaine-3',828,,29279,26,0,7 8,1
33101,'Semaine-3',1651,,29282,46,4,,1
54901,'Semaine-3',1518,,30085,2,,,1
55001,'Semaine-3',1518,,30090,2,0,5 6,1
55401,'Semaine-3',1518,,30094,2,0,5 6,2
57100,'Semaine-3',1518,,30099,2,0,5 6,1
82601,'Semaine-3',758,,30316,29,0,9 12 13,1,1,,30317,29,0,9 12 13,1
83101,'Semaine-3',808,,30328,18,0,9 12 13,1,2,,30329,18,0,9 12 13,1
83301,'Semaine-3',755,,30332,9,0,9 12 13,1
