4000,'Semaine-4',1533,,31617,27,,,1,70,,31613,27,,,2,35,,31616,27,,,1,67,,31615,27,,,2,28,,31614,27,,,1,26,,31618,27,,,1
4000,'Semaine-5',1533,,36025,27,,,1,70,,36021,27,,,2,35,,36024,27,,,1,67,,36023,27,,,2,28,,36022,27,,,1,26,,36026,27,,,1
4100,'Semaine-4',1544,,31626,27,,,1,71,,31628,27,,,1,33,,31627,27,,,1,66,,31625,27,,,1,29,,31629,27,,,1
4100,'Semaine-5',1544,,36034,27,,,1,71,,36036,27,,,1,33,,36035,27,,,1,66,,36033,27,,,1,29,,36037,27,,,1
4700,'Semaine-4',1540,,31651,27,,,1,103,,31653,27,,,2,95,,31652,27,,,2
4700,'Semaine-5',1540,,36059,27,,,1,103,,36061,27,,,2,95,,36060,27,,,2
5500,'Samedi-3',713,,31926,28,,,1,30,,31923,28,,,1,70,,31924,28,,,1,30,,31927,28,,,1,70,,31925,28,,,1,29,,31932,28,,,1,71,,31929,28,,,1,30,,31930,28,,,1,74,,31935,28,,,1,27,,31934,28,,,1,68,,31928,28,,,1,30,,31931,28,,,1,70,,31933,28,,,1,34,,31936,28,,,1,70,,31937,28,,,1,30,,31938,28,,,1,70,,31939,28,,,1,29,,31940,28,,,1,70,,31941,28,,,1,29,,31942,28,,,1,70,,31943,28,,,1,30,,31944,28,,,1,72,,31945,28,,,1,28,,31946,28,,,1,70,,31948,28,,,1,33,,31947,28,,,1,67,,31949,28,,,1,30,,31951,28,,,1,71,,31950,28,,,1,31,,31952,28,,,1,67,,31953,28,,,1,30,,31956,28,,,1,70,,31958,28,,,1,30,,31955,28,,,1,71,,31954,28,,,1,27,,31957,28,,,1
5500,'Samedi-4',713,,36264,28,,,1,30,,36261,28,,,1,70,,36262,28,,,1,30,,36265,28,,,1,70,,36263,28,,,1,29,,36270,28,,,1,71,,36267,28,,,1,30,,36268,28,,,1,74,,36273,28,,,1,27,,36272,28,,,1,68,,36266,28,,,1,30,,36269,28,,,1,70,,36271,28,,,1,34,,36274,28,,,1,70,,36275,28,,,1,30,,36276,28,,,1,70,,36277,28,,,1,29,,36278,28,,,1,70,,36279,28,,,1,29,,36280,28,,,1,70,,36281,28,,,1,30,,36282,28,,,1,72,,36283,28,,,1,28,,36284,28,,,1,70,,36286,28,,,1,33,,36285,28,,,1,67,,36287,28,,,1,30,,36289,28,,,1,71,,36288,28,,,1,31,,36290,28,,,1,67,,36291,28,,,1,30,,36294,28,,,1,70,,36296,28,,,1,30,,36293,28,,,1,71,,36292,28,,,1,27,,36295,28,,,1
5500,'Dimanche-3',713,,31961,28,,,1,30,,31966,28,,,1,70,,31970,28,,,1,30,,31964,28,,,1,70,,31962,28,,,1,29,,31967,28,,,1,71,,31969,28,,,1,30,,31963,28,,,1,74,,31959,28,,,1,27,,31960,28,,,1,68,,31972,28,,,1,30,,31976,28,,,1,70,,31974,28,,,1,34,,31971,28,,,1,70,,31965,28,,,1,30,,31979,28,,,1,70,,31980,28,,,1,29,,31981,28,,,1,70,,31975,28,,,1,29,,31988,28,,,1,70,,31985,28,,,1,30,,31973,28,,,1,72,,31993,28,,,1,28,,31987,28,,,1,70,,31968,28,,,1,33,,31991,28,,,1,67,,31984,28,,,1,30,,31977,28,,,1,71,,31982,28,,,1,31,,31978,28,,,1,67,,31989,28,,,1,30,,31986,28,,,1,70,,31983,28,,,1,30,,31992,28,,,1,71,,31990,28,,,1,28,,31994,28,,,1
5500,'Semaine-4',609,,31997,28,,,1,106,,32013,28,,,1,103,,31996,28,,,1,97,,32032,28,,,1,28,,32033,28,,,1,70,,32002,28,,,1,29,,32012,28,,,1,70,,32016,28,,,1,32,,32038,28,,,1,70,,31998,28,,,1,30,,32037,28,,,1,69,,32015,28,,,1,30,,32030,28,,,1,69,,32024,28,,,1,26,,32031,28,,,1,16,,32017,28,,,1,57,,31995,28,,,1,14,,32036,28,,,1,17,,32006,28,,,1,15,,32039,28,,,1,53,,32027,28,,,1,10,,31999,28,,,1,13,,32010,28,,,1,14,,32042,28,,,1,53,,32035,28,,,1,11,,32001,28,,,1,12,,32018,28,,,1,9,,32011,28,,,1,11,,32040,28,,,1,11,,32025,28,,,1,49,,32005,28,,,1,12,,32000,28,,,1,10,,32041,28,,,1,12,,32009,28,,,1,10,,32004,28,,,1,10,,32014,28,,,1,70,,32029,28,,,1,29,,32034,28,,,1,70,,32021,28,,,1,30,,32007,28,,,1,70,,32028,28,,,1,28,,32019,28,,,1,69,,32022,28,,,1,29,,32008,28,,,1,70,,32023,28,,,1,30,,32020,28,,,1,69,,32003,28,,,1,29,,32026,28,,,1
5500,'Semaine-5',609,,36299,28,,,1,106,,36315,28,,,1,103,,36298,28,,,1,97,,36334,28,,,1,28,,36335,28,,,1,70,,36304,28,,,1,29,,36314,28,,,1,70,,36318,28,,,1,32,,36340,28,,,1,70,,36300,28,,,1,30,,36339,28,,,1,69,,36317,28,,,1,30,,36332,28,,,1,69,,36326,28,,,1,26,,36333,28,,,1,16,,36319,28,,,1,57,,36297,28,,,1,14,,36338,28,,,1,17,,36308,28,,,1,15,,36341,28,,,1,53,,36329,28,,,1,10,,36301,28,,,1,13,,36312,28,,,1,14,,36344,28,,,1,53,,36337,28,,,1,11,,36303,28,,,1,12,,36320,28,,,1,9,,36313,28,,,1,11,,36342,28,,,1,11,,36327,28,,,1,49,,36307,28,,,1,12,,36302,28,,,1,10,,36343,28,,,1,12,,36311,28,,,1,10,,36306,28,,,1,10,,36316,28,,,1,70,,36331,28,,,1,29,,36336,28,,,1,70,,36323,28,,,1,30,,36309,28,,,1,70,,36330,28,,,1,28,,36321,28,,,1,69,,36324,28,,,1,29,,36310,28,,,1,70,,36325,28,,,1,30,,36322,28,,,1,69,,36305,28,,,1,29,,36328,28,,,1
5800,'Semaine-4',829,,32175,15,,,2,399,,32176,15,,,1,300,,32178,15,,,2,31,,32173,15,,,2,70,,32174,15,,,1,30,,32177,15,,,1,68,,32172,15,,,1,30,,32171,15,,,1
5800,'Semaine-5',829,,36444,15,,,2,399,,36445,15,,,1,300,,36447,15,,,2,31,,36442,15,,,2,70,,36443,15,,,1,30,,36446,15,,,1,68,,36441,15,,,1,30,,36440,15,,,1
5900,'Samedi-3',728,,32190,28,,,1,30,,32193,28,,,1,70,,32186,28,,,1,30,,32192,28,,,1,70,,32189,28,,,1,30,,32194,28,,,1,70,,32198,28,,,1,30,,32199,28,,,1,70,,32188,28,,,1,30,,32187,28,,,1,71,,32197,28,,,1,71,,32191,28,,,1,30,,32195,28,,,1,71,,32200,28,,,1,30,,32196,28,,,1,70,,32201,28,,,1,30,,32202,28,,,1,69,,32203,28,,,1,30,,32204,28,,,1,73,,32205,28,,,1,28,,32206,28,,,1,70,,32207,28,,,1,29,,32208,28,,,1,70,,32209,28,,,1,30,,32210,28,,,1,28,,32212,28,,,1,70,,32211,28,,,1,30,,32214,28,,,1,70,,32213,28,,,1,30,,32215,28,,,1,70,,32216,28,,,1,30,,32218,28,,,1,70,,32217,28,,,1,30,,32219,28,,,1
5900,'Samedi-4',728,,36459,28,,,1,30,,36462,28,,,1,70,,36455,28,,,1,30,,36461,28,,,1,70,,36458,28,,,1,30,,36463,28,,,1,70,,36467,28,,,1,30,,36468,28,,,1,70,,36457,28,,,1,30,,36456,28,,,1,71,,36466,28,,,1,71,,36460,28,,,1,30,,36464,28,,,1,71,,36469,28,,,1,30,,36465,28,,,1,70,,36470,28,,,1,30,,36471,28,,,1,69,,36472,28,,,1,30,,36473,28,,,1,73,,36474,28,,,1,28,,36475,28,,,1,70,,36476,28,,,1,29,,36477,28,,,1,70,,36478,28,,,1,30,,36479,28,,,1,28,,36481,28,,,1,70,,36480,28,,,1,30,,36483,28,,,1,70,,36482,28,,,1,30,,36484,28,,,1,70,,36485,28,,,1,30,,36487,28,,,1,70,,36486,28,,,1,30,,36488,28,,,1
5900,'Dimanche-3',728,,32226,28,,,1,30,,32221,28,,,1,70,,32224,28,,,1,30,,32229,28,,,1,70,,32233,28,,,1,30,,32222,28,,,1,70,,32225,28,,,1,30,,32231,28,,,1,70,,32232,28,,,1,30,,32220,28,,,1,71,,32223,28,,,1,71,,32228,28,,,1,30,,32230,28,,,1,71,,32227,28,,,1,30,,32235,28,,,1,70,,32240,28,,,1,30,,32234,28,,,1,69,,32245,28,,,1,30,,32246,28,,,1,73,,32237,28,,,1,28,,32241,28,,,1,70,,32252,28,,,1,29,,32236,28,,,1,70,,32242,28,,,1,30,,32238,28,,,1,28,,32243,28,,,1,70,,32248,28,,,1,30,,32249,28,,,1,70,,32239,28,,,1,30,,32253,28,,,1,70,,32247,28,,,1,30,,32244,28,,,1,70,,32251,28,,,1,30,,32250,28,,,1
5900,'Semaine-4',642,,32261,28,,,1,104,,32296,28,,,1,100,,32277,28,,,1,83,,32273,28,,,1,28,,32294,28,,,1,70,,32270,28,,,1,30,,32293,28,,,1,70,,32284,28,,,1,30,,32278,28,,,1,73,,32286,28,,,1,29,,32269,28,,,1,71,,32297,28,,,1,70,,32260,28,,,1,31,,32291,28,,,1,13,,32262,28,,,1,59,,32295,28,,,1,31,,32255,28,,,1,14,,32299,28,,,1,56,,32254,28,,,1,7,,32289,28,,,1,17,,32285,28,,,1,8,,32298,23,,,1,4,,32272,28,,,1,16,,32256,28,,,1,44,,32300,23,,,1,6,,32257,28,,,1,12,,32265,28,,,1,9,,32292,28,,,1,12,,32281,28,,,1,11,,32268,28,,,1,9,,32290,28,,,1,51,,32276,28,,,1,12,,32288,28,,,1,9,,32258,28,,,1,10,,32263,28,,,1,71,,32283,28,,,1,29,,32274,28,,,1,70,,32279,28,,,1,30,,32267,28,,,1,70,,32275,28,,,1,30,,32280,28,,,1,69,,32287,28,,,1,30,,32264,28,,,1,70,,32282,28,,,1,29,,32271,28,,,1,70,,32259,28,,,1,28,,32266,28,,,1
5900,'Semaine-5',642,,36496,28,,,1,104,,36531,28,,,1,100,,36512,28,,,1,83,,36508,28,,,1,28,,36529,28,,,1,70,,36505,28,,,1,30,,36528,28,,,1,70,,36519,28,,,1,30,,36513,28,,,1,73,,36521,28,,,1,29,,36504,28,,,1,71,,36532,28,,,1,70,,36495,28,,,1,31,,36526,28,,,1,13,,36497,28,,,1,59,,36530,28,,,1,31,,36490,28,,,1,14,,36534,28,,,1,56,,36489,28,,,1,7,,36524,28,,,1,17,,36520,28,,,1,8,,36533,23,,,1,4,,36507,28,,,1,16,,36491,28,,,1,44,,36535,23,,,1,6,,36492,28,,,1,12,,36500,28,,,1,9,,36527,28,,,1,12,,36516,28,,,1,11,,36503,28,,,1,9,,36525,28,,,1,51,,36511,28,,,1,12,,36523,28,,,1,9,,36493,28,,,1,10,,36498,28,,,1,71,,36518,28,,,1,29,,36509,28,,,1,70,,36514,28,,,1,30,,36502,28,,,1,70,,36510,28,,,1,30,,36515,28,,,1,69,,36522,28,,,1,30,,36499,28,,,1,70,,36517,28,,,1,29,,36506,28,,,1,70,,36494,28,,,1,28,,36501,28,,,1
64700,'Semaine-4',711,,34844,4,0,9 10,1
64700,'Semaine-5',711,,38495,4,0,9 10,1
65500,'Semaine-4',717,,34848,21,0,9 10,1
65500,'Semaine-5',717,,38499,21,0,9 10,1
74000,'Semaine-4',1638,,34857,22,0,5 11,1
74000,'Semaine-5',1638,,38508,22,0,5 11,1
80001,'Samedi-3',640,,34936,30,,,1,100,,34938,30,,,1,99,,34939,30,,,2,100,,34942,30,,,1,102,,34937,30,,,2,100,,34940,30,,,1,99,,34943,30,,,1,99,,34941,30,,,2,100,,34944,30,,,1,100,,34945,30,,,1,100,,34946,30,,,2,100,,34947,30,,,1,97,,34950,30,,,1,101,,34948,30,,,1,100,,34949,30,,,2,100,,34951,30,,,1,102,,34952,30,,,1
80001,'Samedi-4',640,,38570,30,,,1,100,,38572,30,,,1,99,,38573,30,,,2,100,,38576,30,,,1,102,,38571,30,,,2,100,,38574,30,,,1,99,,38577,30,,,1,99,,38575,30,,,2,100,,38578,30,,,1,100,,38579,30,,,1,100,,38580,30,,,2,100,,38581,30,,,1,97,,38584,30,,,1,101,,38582,30,,,1,100,,38583,30,,,2,100,,38585,30,,,1,102,,38586,30,,,1
80001,'Dimanche-3',640,,34953,30,,,1,100,,34954,30,,,1,99,,34958,30,,,2,100,,34955,30,,,1,102,,34959,30,,,2,100,,34956,30,,,1,99,,34957,30,,,1,99,,34961,30,,,2,100,,34960,30,,,1,100,,34962,30,,,1,100,,34964,30,,,2,100,,34965,30,,,1,97,,34966,30,,,1,101,,34963,30,,,1,100,,34967,30,,,2,100,,34968,30,,,1,102,,34969,30,,,1
80001,'Semaine-4',630,,34992,30,,,1,72,,34978,30,,,1,30,,34998,30,,,2,71,,34982,30,,,1,30,,34972,30,,,1,67,,34989,30,,,1,30,,34986,30,,,1,70,,34994,30,,,1,30,,34999,30,,,1,70,,34985,30,,,2,30,,34993,30,,,1,70,,34975,30,,,1,30,,35003,30,,,1,71,,35002,30,,,1,31,,34973,30,,,1,70,,34996,30,,,1,30,,34984,30,,,2,70,,34990,30,,,1,35,,35000,30,,,2,69,,34987,30,,,1,16,,34997,30,,,1,18,,35004,30,,,1,67,,34995,30,,,2,28,,34988,30,,,1,70,,34976,30,,,2,27,,34980,30,,,1,69,,34970,30,,,1,30,,35001,30,,,1,70,,34977,30,,,1,27,,34979,30,,,1,28,,34983,30,,,1,72,,34971,30,,,1,30,,34991,30,,,1,70,,34974,30,,,1,30,,34981,30,,,1
80001,'Semaine-5',630,,38609,30,,,1,72,,38595,30,,,1,30,,38615,30,,,2,71,,38599,30,,,1,30,,38589,30,,,1,67,,38606,30,,,1,30,,38603,30,,,1,70,,38611,30,,,1,30,,38616,30,,,1,70,,38602,30,,,2,30,,38610,30,,,1,70,,38592,30,,,1,30,,38620,30,,,1,71,,38619,30,,,1,31,,38590,30,,,1,70,,38613,30,,,1,30,,38601,30,,,2,70,,38607,30,,,1,35,,38617,30,,,2,69,,38604,30,,,1,16,,38614,30,,,1,18,,38621,30,,,1,67,,38612,30,,,2,28,,38605,30,,,1,70,,38593,30,,,2,27,,38597,30,,,1,69,,38587,30,,,1,30,,38618,30,,,1,70,,38594,30,,,1,27,,38596,30,,,1,28,,38600,30,,,1,72,,38588,30,,,1,30,,38608,30,,,1,70,,38591,30,,,1,30,,38598,30,,,1
