3600,'Semaine-2-_26ÉTÉ-1111100-',928,,40226,44,,,1,102,,40227,44,,,1,101,,40225,44,,,1,100,,40228,44,,,1,100,,40230,44,,,1,100,,40231,44,,,1,99,,40229,44,,,1
3600,'Semaine-3-_26ÉTÉ-1111100-',928,,40233,44,,,1,102,,40234,44,,,1,101,,40232,44,,,1,100,,40235,44,,,1,100,,40237,44,,,1,100,,40238,44,,,1,99,,40236,44,,,1
3600,'Semaine-4-_26ÉTÉ-1111100-',928,,40240,44,,,1,102,,40241,44,,,1,101,,40239,44,,,1,100,,40242,44,,,1,100,,40244,44,,,1,100,,40245,44,,,1,99,,40243,44,,,1
3700,'Samedi-10-_26ÉTÉ-0000010-',745,,40267,36,,,1,100,,40268,36,,,1,101,,40270,36,,,1,102,,40271,36,,,1,100,,40269,36,,,1,102,,40272,36,,,1,100,,40273,36,,,1,101,,40274,36,,,1,99,,40275,36,,,1,100,,40276,36,,,1,100,,40277,36,,,1,99,,40278,36,,,1,98,,40279,36,,,1,100,,40280,36,,,1,100,,40281,36,,,1,100,,40282,36,,,1,97,,40283,36,,,1,100,,40284,36,,,1
3700,'Semaine-2-_26ÉTÉ-1111100-',706,,40306,36,,,1,42,,40312,36,,,1,69,,40303,36,,,1,31,,40287,36,,,1,68,,40301,36,,,1,90,,40293,36,,,1,100,,40289,36,,,1,100,,40290,36,,,1,100,,40291,36,,,1,103,,40292,36,,,1,100,,40298,36,,,1,48,,40299,36,,,1,57,,40300,36,,,1,15,,40286,36,,,1,15,,40308,36,,,1,63,,40295,36,,,1,32,,40304,36,,,1,61,,40294,36,,,1,28,,40288,36,,,1,29,,40285,36,,,1,66,,40296,36,,,1,32,,40311,36,,,1,68,,40302,36,,,1,35,,40313,36,,,1,99,,40309,36,,,1,98,,40297,36,,,1,100,,40307,36,,,1,99,,40310,36,,,1,55,,40305,36,,,1
3700,'Semaine-3-_26ÉTÉ-1111100-',706,,40335,36,,,1,42,,40341,36,,,1,69,,40332,36,,,1,31,,40316,36,,,1,68,,40330,36,,,1,90,,40322,36,,,1,100,,40318,36,,,1,100,,40319,36,,,1,100,,40320,36,,,1,103,,40321,36,,,1,100,,40327,36,,,1,48,,40328,36,,,1,57,,40329,36,,,1,15,,40315,36,,,1,15,,40337,36,,,1,63,,40324,36,,,1,32,,40333,36,,,1,61,,40323,36,,,1,28,,40317,36,,,1,29,,40314,36,,,1,66,,40325,36,,,1,32,,40340,36,,,1,68,,40331,36,,,1,35,,40342,36,,,1,99,,40338,36,,,1,98,,40326,36,,,1,100,,40336,36,,,1,99,,40339,36,,,1,55,,40334,36,,,1
3700,'Semaine-4-_26ÉTÉ-1111100-',706,,40364,36,,,1,42,,40370,36,,,1,69,,40361,36,,,1,31,,40345,36,,,1,68,,40359,36,,,1,90,,40351,36,,,1,100,,40347,36,,,1,100,,40348,36,,,1,100,,40349,36,,,1,103,,40350,36,,,1,100,,40356,36,,,1,48,,40357,36,,,1,57,,40358,36,,,1,15,,40344,36,,,1,15,,40366,36,,,1,63,,40353,36,,,1,32,,40362,36,,,1,61,,40352,36,,,1,28,,40346,36,,,1,29,,40343,36,,,1,66,,40354,36,,,1,32,,40369,36,,,1,68,,40360,36,,,1,35,,40371,36,,,1,99,,40367,36,,,1,98,,40355,36,,,1,100,,40365,36,,,1,99,,40368,36,,,1,55,,40363,36,,,1
6400,'Samedi-10-_26ÉTÉ-0000010-',757,,42677,37,0,15 16,1,100,,42679,37,0,15 16,1,100,,42682,37,0,15 16,1,100,,42680,37,0,15 16,2,100,,42683,37,0,15 16,1,100,,42678,37,0,15 16,1,100,,42681,37,0,15 16,2,100,,42684,37,0,15 16,1,98,,42685,37,0,15 16,1,100,,42686,37,0,15 16,1,100,,42687,37,0,15 16,1,100,,42688,37,0,15 16,1
6400,'Semaine-2-_26ÉTÉ-1111100-',714,,42697,37,0,15 16,1,30,,42694,37,0,15 16,2,70,,42689,37,0,15 16,2,35,,42693,37,0,15 16,2,95,,42695,37,0,15 16,2,100,,42700,37,0,15 16,2,100,,42699,37,0,15 16,1,100,,42692,37,0,15 16,2,100,,42705,37,0,15 16,1,100,,42701,37,0,15 16,1,95,,42702,37,0,15 16,1,70,,42707,37,0,15 16,1,102,,42706,37,0,15 16,1,94,,42703,37,0,15 16,2,100,,42704,37,0,15 16,1,100,,42696,37,0,15 16,1,99,,42690,37,0,15 16,1,100,,42698,37,0,15 16,1,100,,42691,37,0,15 16,1
6400,'Semaine-3-_26ÉTÉ-1111100-',714,,42717,37,0,15 16,1,30,,42714,37,0,15 16,2,70,,42709,37,0,15 16,2,35,,42713,37,0,15 16,2,95,,42715,37,0,15 16,2,100,,42720,37,0,15 16,2,100,,42719,37,0,15 16,1,100,,42712,37,0,15 16,2,100,,42725,37,0,15 16,1,100,,42721,37,0,15 16,1,95,,42722,37,0,15 16,1,70,,42727,37,0,15 16,1,102,,42726,37,0,15 16,1,94,,42723,37,0,15 16,2,100,,42724,37,0,15 16,1,100,,42716,37,0,15 16,1,99,,42710,37,0,15 16,1,100,,42718,37,0,15 16,1,100,,42711,37,0,15 16,1
6400,'Semaine-4-_26ÉTÉ-1111100-',714,,42737,37,0,15 16,1,30,,42734,37,0,15 16,2,70,,42729,37,0,15 16,2,35,,42733,37,0,15 16,2,95,,42735,37,0,15 16,2,100,,42740,37,0,15 16,2,100,,42739,37,0,15 16,1,100,,42732,37,0,15 16,2,100,,42745,37,0,15 16,1,100,,42741,37,0,15 16,1,95,,42742,37,0,15 16,1,70,,42747,37,0,15 16,1,102,,42746,37,0,15 16,1,94,,42743,37,0,15 16,2,100,,42744,37,0,15 16,1,100,,42736,37,0,15 16,1,99,,42730,37,0,15 16,1,100,,42738,37,0,15 16,1,100,,42731,37,0,15 16,1
6801,'Semaine-2-_26ÉTÉ-1111100-',627,,43668,14,,,1,20,,43681,14,,,1,60,,43652,14,,,1,20,,43665,14,,,1,5,,43679,14,,,1,5,,43659,14,,,1,6,,43664,14,,,1,61,,43670,14,,,1,18,,43682,14,,,1,20,,43658,14,,,1,59,,43677,14,,,1,21,,43675,14,,,1,20,,43680,14,,,1,70,,43653,14,,,1,29,,43673,14,,,1,70,,43654,14,,,1,30,,43656,14,,,1,70,,43676,14,,,1,30,,43660,14,,,1,70,,43678,14,,,1,31,,43672,14,,,1,70,,43661,14,,,1,30,,43671,14,,,1,69,,43662,14,,,1,31,,43657,14,,,1,68,,43655,14,,,1,32,,43669,14,,,1,70,,43663,14,,,1,29,,43674,14,,,1,70,,43667,14,,,1,30,,43666,14,,,1
6801,'Semaine-3-_26ÉTÉ-1111100-',627,,43699,14,,,1,20,,43712,14,,,1,60,,43683,14,,,1,20,,43696,14,,,1,5,,43710,14,,,1,5,,43690,14,,,1,6,,43695,14,,,1,61,,43701,14,,,1,18,,43713,14,,,1,20,,43689,14,,,1,59,,43708,14,,,1,21,,43706,14,,,1,20,,43711,14,,,1,70,,43684,14,,,1,29,,43704,14,,,1,70,,43685,14,,,1,30,,43687,14,,,1,70,,43707,14,,,1,30,,43691,14,,,1,70,,43709,14,,,1,31,,43703,14,,,1,70,,43692,14,,,1,30,,43702,14,,,1,69,,43693,14,,,1,31,,43688,14,,,1,68,,43686,14,,,1,32,,43700,14,,,1,70,,43694,14,,,1,29,,43705,14,,,1,70,,43698,14,,,1,30,,43697,14,,,1
6801,'Semaine-4-_26ÉTÉ-1111100-',627,,43730,14,,,1,20,,43743,14,,,1,60,,43714,14,,,1,20,,43727,14,,,1,5,,43741,14,,,1,5,,43721,14,,,1,6,,43726,14,,,1,61,,43732,14,,,1,18,,43744,14,,,1,20,,43720,14,,,1,59,,43739,14,,,1,21,,43737,14,,,1,20,,43742,14,,,1,70,,43715,14,,,1,29,,43735,14,,,1,70,,43716,14,,,1,30,,43718,14,,,1,70,,43738,14,,,1,30,,43722,14,,,1,70,,43740,14,,,1,31,,43734,14,,,1,70,,43723,14,,,1,30,,43733,14,,,1,69,,43724,14,,,1,31,,43719,14,,,1,68,,43717,14,,,1,32,,43731,14,,,1,70,,43725,14,,,1,29,,43736,14,,,1,70,,43729,14,,,1,30,,43728,14,,,1
37100,'Samedi-10-_26ÉTÉ-0000010-',816,,45853,37,,,1,102,,45857,37,,,1,99,,45852,37,,,1,102,,45858,37,,,1,100,,45854,37,,,1,100,,45855,37,,,1,100,,45856,37,,,1,103,,45859,37,,,1,100,,45860,37,,,1,100,,45861,37,,,1,99,,45862,37,,,1,98,,45863,37,,,1,100,,45864,37,,,1,98,,45865,37,,,1,100,,45866,37,,,1,100,,45867,37,,,1,98,,45868,37,,,1
37100,'Semaine-2-_26ÉTÉ-1111100-',727,,45882,37,,,1,32,,45879,37,,,1,70,,45875,37,,,1,29,,45870,37,,,1,90,,45889,37,,,1,97,,45874,37,,,1,102,,45876,37,,,1,100,,45888,37,,,1,100,,45883,37,,,1,103,,45872,37,,,1,95,,45884,37,,,1,58,,45893,37,,,1,17,,45873,37,,,1,15,,45894,37,,,1,65,,45869,37,,,1,21,,45878,37,,,1,28,,45885,37,,,1,63,,45891,37,,,1,26,,45890,37,,,1,70,,45880,37,,,1,28,,45892,37,,,1,70,,45895,37,,,1,30,,45881,37,,,1,95,,45877,37,,,1,100,,45887,37,,,1,100,,45886,37,,,1,97,,45871,37,,,1
37100,'Semaine-3-_26ÉTÉ-1111100-',727,,45909,37,,,1,32,,45906,37,,,1,70,,45902,37,,,1,29,,45897,37,,,1,90,,45916,37,,,1,97,,45901,37,,,1,102,,45903,37,,,1,100,,45915,37,,,1,100,,45910,37,,,1,103,,45899,37,,,1,95,,45911,37,,,1,58,,45920,37,,,1,17,,45900,37,,,1,15,,45921,37,,,1,65,,45896,37,,,1,21,,45905,37,,,1,28,,45912,37,,,1,63,,45918,37,,,1,26,,45917,37,,,1,70,,45907,37,,,1,28,,45919,37,,,1,70,,45922,37,,,1,30,,45908,37,,,1,95,,45904,37,,,1,100,,45914,37,,,1,100,,45913,37,,,1,97,,45898,37,,,1
37100,'Semaine-4-_26ÉTÉ-1111100-',727,,45936,37,,,1,32,,45933,37,,,1,70,,45929,37,,,1,29,,45924,37,,,1,90,,45943,37,,,1,97,,45928,37,,,1,102,,45930,37,,,1,100,,45942,37,,,1,100,,45937,37,,,1,103,,45926,37,,,1,95,,45938,37,,,1,58,,45947,37,,,1,17,,45927,37,,,1,15,,45948,37,,,1,65,,45923,37,,,1,21,,45932,37,,,1,28,,45939,37,,,1,63,,45945,37,,,1,26,,45944,37,,,1,70,,45934,37,,,1,28,,45946,37,,,1,70,,45949,37,,,1,30,,45935,37,,,1,95,,45931,37,,,1,100,,45941,37,,,1,100,,45940,37,,,1,97,,45925,37,,,1
43700,'Semaine-2-_26ÉTÉ-1111100-',744,,46755,32,,,1
43700,'Semaine-3-_26ÉTÉ-1111100-',744,,46756,32,,,1
43700,'Semaine-4-_26ÉTÉ-1111100-',744,,46757,32,,,1
