7101,'Samedi-3',739,,33314,7,,,2,100,,33313,7,,,2,100,,33318,7,,,1,100,,33316,7,,,1,100,,33317,7,,,1,100,,33312,7,,,1,102,,33315,7,,,1,99,,33319,7,,,2,99,,33320,7,,,2,100,,33321,7,,,2,100,,33322,7,,,2,100,,33323,7,,,2,100,,33324,7,,,1,100,,33325,7,,,1,100,,33326,7,,,2,100,,33327,7,,,1
7101,'Samedi-4',739,,37308,7,,,2,100,,37307,7,,,2,100,,37312,7,,,1,100,,37310,7,,,1,100,,37311,7,,,1,100,,37306,7,,,1,102,,37309,7,,,1,99,,37313,7,,,2,99,,37314,7,,,2,100,,37315,7,,,2,100,,37316,7,,,2,100,,37317,7,,,2,100,,37318,7,,,1,100,,37319,7,,,1,100,,37320,7,,,2,100,,37321,7,,,1
7101,'Dimanche-3',739,,33333,7,,,2,100,,33332,7,,,2,100,,33334,7,,,1,100,,33335,7,,,1,100,,33330,7,,,1,100,,33329,7,,,1,102,,33331,7,,,1,99,,33328,7,,,2,99,,33338,7,,,2,100,,33339,7,,,2,100,,33340,7,,,2,100,,33341,7,,,2,100,,33336,7,,,1,100,,33337,7,,,1,100,,33343,7,,,2,100,,33342,7,,,1
7101,'Semaine-4',541,,33361,7,,,1,62,,33378,7,,,1,14,,33379,7,,,2,21,,33362,7,,,1,20,,33363,7,,,2,55,,33373,7,,,2,20,,33355,7,,,2,17,,33358,7,,,1,59,,33381,7,,,1,27,,33344,7,,,2,70,,33371,7,,,1,30,,33370,7,,,1,70,,33349,7,,,2,30,,33383,7,,,1,70,,33369,7,,,1,30,,33372,7,,,2,70,,33382,7,,,1,30,,33345,7,,,2,70,,33347,7,,,1,30,,33359,7,,,1,71,,33348,7,,,1,30,,33380,7,,,1,70,,33375,7,,,1,13,,33364,7,,,1,16,,33367,7,,,1,16,,33365,7,,,1,55,,33350,7,,,2,20,,33356,7,,,1,10,,33377,7,,,1,15,,33346,7,,,1,55,,33376,7,,,1,20,,33351,7,,,1,20,,33354,7,,,1,70,,33352,7,,,1,30,,33353,7,,,1,100,,33368,7,,,1,100,,33366,7,,,1,100,,33360,7,,,1,100,,33374,7,,,1,100,,33357,7,,,1
7101,'Samedi-10-_26ÉTÉ-0000010-',739,,44048,7,,,2,100,,44047,7,,,2,100,,44052,7,,,1,100,,44050,7,,,1,100,,44051,7,,,1,100,,44046,7,,,1,102,,44049,7,,,1,99,,44053,7,,,2,99,,44054,7,,,2,100,,44055,7,,,2,100,,44056,7,,,2,100,,44057,7,,,2,100,,44058,7,,,1,100,,44059,7,,,1,100,,44060,7,,,2,100,,44061,7,,,1
7101,'Semaine-2-_26ÉTÉ-1111100-',541,,44079,7,,,2,62,,44096,7,,,2,15,,44097,7,,,2,20,,44080,7,,,1,20,,44081,7,,,1,55,,44091,7,,,1,20,,44073,7,,,1,15,,44076,7,,,2,58,,44099,7,,,2,30,,44062,7,,,1,70,,44089,7,,,1,30,,44088,7,,,1,70,,44067,7,,,1,30,,44101,7,,,2,70,,44087,7,,,1,30,,44090,7,,,1,70,,44100,7,,,2,30,,44063,7,,,1,70,,44065,7,,,2,30,,44077,7,,,2,71,,44066,7,,,1,30,,44098,7,,,2,70,,44093,7,,,2,15,,44082,7,,,2,15,,44085,7,,,1,15,,44083,7,,,1,56,,44068,7,,,1,19,,44074,7,,,1,11,,44095,7,,,1,15,,44064,7,,,2,54,,44094,7,,,1,20,,44069,7,,,2,20,,44072,7,,,2,70,,44070,7,,,1,30,,44071,7,,,2,100,,44086,7,,,1,100,,44084,7,,,1,100,,44078,7,,,1,101,,44092,7,,,2,99,,44075,7,,,1
7101,'Semaine-3-_26ÉTÉ-1111100-',541,,44119,7,,,2,62,,44136,7,,,2,15,,44137,7,,,2,20,,44120,7,,,1,20,,44121,7,,,1,55,,44131,7,,,1,20,,44113,7,,,1,15,,44116,7,,,2,58,,44139,7,,,2,30,,44102,7,,,1,70,,44129,7,,,1,30,,44128,7,,,1,70,,44107,7,,,1,30,,44141,7,,,2,70,,44127,7,,,1,30,,44130,7,,,1,70,,44140,7,,,2,30,,44103,7,,,1,70,,44105,7,,,2,30,,44117,7,,,2,71,,44106,7,,,1,30,,44138,7,,,2,70,,44133,7,,,2,15,,44122,7,,,2,15,,44125,7,,,1,15,,44123,7,,,1,56,,44108,7,,,1,19,,44114,7,,,1,11,,44135,7,,,1,15,,44104,7,,,2,54,,44134,7,,,1,20,,44109,7,,,2,20,,44112,7,,,2,70,,44110,7,,,1,30,,44111,7,,,2,100,,44126,7,,,1,100,,44124,7,,,1,100,,44118,7,,,1,101,,44132,7,,,2,99,,44115,7,,,1
7101,'Semaine-4-_26ÉTÉ-1111100-',541,,44159,7,,,2,62,,44176,7,,,2,15,,44177,7,,,2,20,,44160,7,,,1,20,,44161,7,,,1,55,,44171,7,,,1,20,,44153,7,,,1,15,,44156,7,,,2,58,,44179,7,,,2,30,,44142,7,,,1,70,,44169,7,,,1,30,,44168,7,,,1,70,,44147,7,,,1,30,,44181,7,,,2,70,,44167,7,,,1,30,,44170,7,,,1,70,,44180,7,,,2,30,,44143,7,,,1,70,,44145,7,,,2,30,,44157,7,,,2,71,,44146,7,,,1,30,,44178,7,,,2,70,,44173,7,,,2,15,,44162,7,,,2,15,,44165,7,,,1,15,,44163,7,,,1,56,,44148,7,,,1,19,,44154,7,,,1,11,,44175,7,,,1,15,,44144,7,,,2,54,,44174,7,,,1,20,,44149,7,,,2,20,,44152,7,,,2,70,,44150,7,,,1,30,,44151,7,,,2,100,,44166,7,,,1,100,,44164,7,,,1,100,,44158,7,,,1,101,,44172,7,,,2,99,,44155,7,,,1
57101,'Semaine-4',639,,34830,7,0,5 6,2
57101,'Semaine-2-_26ÉTÉ-1111100-',639,,46773,7,0,5 6,1
57101,'Semaine-3-_26ÉTÉ-1111100-',639,,46774,7,0,5 6,1
57101,'Semaine-4-_26ÉTÉ-1111100-',639,,46775,7,0,5 6,1
