3201,'Semaine-4',520,,30667,17,,,1,21,,30666,17,,,1,59,,30658,17,,,1,20,,30668,17,,,1,9,,30648,17,,,1,9,,30669,17,,,1,10,,30649,17,,,2,10,,30650,17,,,1,49,,30642,17,,,1,9,,30645,17,,,1,7,,30671,17,,,1,9,,30651,17,,,1,9,,30646,17,,,1,9,,30659,17,,,1,8,,30641,17,,,2,46,,30652,17,,,1,8,,30670,17,,,1,9,,30640,17,,,1,11,,30639,17,,,1,11,,30644,17,,,1,6,,30647,17,,,1,10,,30653,17,,,2,61,,30627,17,,,2,30,,30637,17,,,1,70,,30630,17,,,1,30,,30633,17,,,2,70,,30626,17,,,2,30,,30636,17,,,1,70,,30631,17,,,1,30,,30638,17,,,1,71,,30620,17,,,1,29,,30625,17,,,1,71,,30632,17,,,1,30,,30643,17,,,1,70,,30660,17,,,1,30,,30661,17,,,1,70,,30662,17,,,2,30,,30663,17,,,2,71,,30664,17,,,1,29,,30665,17,,,1,70,,30623,17,,,2,30,,30621,17,,,1,69,,30634,17,,,1,30,,30629,17,,,1,70,,30624,17,,,2,30,,30622,17,,,1,70,,30635,17,,,1,29,,30628,17,,,1,70,,30655,17,,,2,30,,30654,17,,,1,70,,30656,17,,,1,30,,30657,17,,,1
3201,'Semaine-5',520,,35326,17,,,1,21,,35325,17,,,1,59,,35317,17,,,1,20,,35327,17,,,1,9,,35307,17,,,1,9,,35328,17,,,1,10,,35308,17,,,2,10,,35309,17,,,1,49,,35301,17,,,1,9,,35304,17,,,1,7,,35330,17,,,1,9,,35310,17,,,1,9,,35305,17,,,1,9,,35318,17,,,1,8,,35300,17,,,2,46,,35311,17,,,1,8,,35329,17,,,1,9,,35299,17,,,1,11,,35298,17,,,1,11,,35303,17,,,1,6,,35306,17,,,1,10,,35312,17,,,2,61,,35286,17,,,2,30,,35296,17,,,1,70,,35289,17,,,1,30,,35292,17,,,2,70,,35285,17,,,2,30,,35295,17,,,1,70,,35290,17,,,1,30,,35297,17,,,1,71,,35279,17,,,1,29,,35284,17,,,1,71,,35291,17,,,1,30,,35302,17,,,1,70,,35319,17,,,1,30,,35320,17,,,1,70,,35321,17,,,2,30,,35322,17,,,2,71,,35323,17,,,1,29,,35324,17,,,1,70,,35282,17,,,2,30,,35280,17,,,1,69,,35293,17,,,1,30,,35288,17,,,1,70,,35283,17,,,2,30,,35281,17,,,1,70,,35294,17,,,1,29,,35287,17,,,1,70,,35314,17,,,2,30,,35313,17,,,1,70,,35315,17,,,1,30,,35316,17,,,1
3900,'Samedi-3',655,,31446,28,,,1,101,,31447,28,,,1,100,,31451,28,,,1,102,,31450,28,,,1,100,,31453,28,,,1,100,,31452,28,,,1,142,,31448,28,,,1,30,,31449,28,,,1,70,,31454,28,,,1,31,,31455,28,,,2,70,,31456,28,,,1,30,,31457,28,,,1,71,,31458,28,,,2,30,,31459,28,,,1,70,,31460,28,,,1,30,,31461,28,,,1,69,,31462,28,,,1,29,,31463,28,,,1,29,,31464,28,,,1,68,,31465,28,,,1,100,,31466,28,,,1,100,,31467,28,,,1,100,,31468,28,,,1,100,,31469,28,,,1
3900,'Samedi-4',655,,35902,28,,,1,101,,35903,28,,,1,100,,35907,28,,,1,102,,35906,28,,,1,100,,35909,28,,,1,100,,35908,28,,,1,142,,35904,28,,,1,30,,35905,28,,,1,70,,35910,28,,,1,31,,35911,28,,,2,70,,35912,28,,,1,30,,35913,28,,,1,71,,35914,28,,,2,30,,35915,28,,,1,70,,35916,28,,,1,30,,35917,28,,,1,69,,35918,28,,,1,29,,35919,28,,,1,29,,35920,28,,,1,68,,35921,28,,,1,100,,35922,28,,,1,100,,35923,28,,,1,100,,35924,28,,,1,100,,35925,28,,,1
3900,'Dimanche-3',655,,31470,28,,,1,101,,31477,28,,,1,100,,31471,28,,,1,102,,31473,28,,,1,100,,31479,28,,,1,100,,31472,28,,,1,142,,31478,28,,,1,30,,31474,28,,,1,70,,31475,28,,,1,31,,31480,28,,,2,70,,31482,28,,,1,30,,31476,28,,,1,71,,31481,28,,,2,30,,31483,28,,,1,70,,31484,28,,,1,30,,31490,28,,,1,69,,31491,28,,,1,29,,31493,28,,,1,29,,31489,28,,,1,68,,31487,28,,,1,100,,31488,28,,,1,100,,31492,28,,,1,100,,31485,28,,,1,100,,31486,28,,,1
3900,'Semaine-4',632,,31511,28,,,1,24,,31497,28,,,1,72,,31516,28,,,1,28,,31509,28,,,1,72,,31510,28,,,1,73,,31508,28,,,1,32,,31505,28,,,1,70,,31522,28,,,1,30,,31517,28,,,1,71,,31529,28,,,1,30,,31514,28,,,1,70,,31518,28,,,1,30,,31506,28,,,1,71,,31504,28,,,1,30,,31519,28,,,2,69,,31507,28,,,1,30,,31494,28,,,1,73,,31520,28,,,2,33,,31501,28,,,1,72,,31503,28,,,1,30,,31521,28,,,1,72,,31500,28,,,1,28,,31495,28,,,1,69,,31523,28,,,1,27,,31502,28,,,1,71,,31496,28,,,2,29,,31524,28,,,2,72,,31499,28,,,1,25,,31515,28,,,2,65,,31525,28,,,1,30,,31498,28,,,1,70,,31513,28,,,1,29,,31526,28,,,2,30,,31512,28,,,1,70,,31528,28,,,1,30,,31527,28,,,2
3900,'Semaine-5',632,,35943,28,,,1,24,,35929,28,,,1,72,,35948,28,,,1,28,,35941,28,,,1,72,,35942,28,,,1,73,,35940,28,,,1,32,,35937,28,,,1,70,,35954,28,,,1,30,,35949,28,,,1,71,,35961,28,,,1,30,,35946,28,,,1,70,,35950,28,,,1,30,,35938,28,,,1,71,,35936,28,,,1,30,,35951,28,,,2,69,,35939,28,,,1,30,,35926,28,,,1,73,,35952,28,,,2,33,,35933,28,,,1,72,,35935,28,,,1,30,,35953,28,,,1,72,,35932,28,,,1,28,,35927,28,,,1,69,,35955,28,,,1,27,,35934,28,,,1,71,,35928,28,,,2,29,,35956,28,,,2,72,,35931,28,,,1,25,,35947,28,,,2,65,,35957,28,,,1,30,,35930,28,,,1,70,,35945,28,,,1,29,,35958,28,,,2,30,,35944,28,,,1,70,,35960,28,,,1,30,,35959,28,,,2
44900,'Semaine-4',723,,34812,26,0,9 14,1
44900,'Semaine-5',723,,38463,26,0,9 14,1
63900,'Semaine-4',1531,,34833,41,0,9 10,1
63900,'Semaine-5',1531,,38484,41,0,9 10,1
