9500,'Semaine-4',1525,,33970,27,,,1,17,,33973,27,,,1,16,,33969,27,,,1,58,,33964,27,,,2,15,,33968,27,,,1,16,,33965,27,,,1,55,,33966,27,,,1,15,,33971,27,,,1,23,,33972,27,,,2,65,,33967,27,,,1
9500,'Semaine-2-_26ÉTÉ-1111100-',1525,,45358,27,,,1,16,,45361,27,,,2,16,,45357,27,,,1,59,,45352,27,,,1,15,,45356,27,,,2,15,,45353,27,,,1,56,,45354,27,,,2,15,,45359,27,,,1,23,,45360,27,,,1,66,,45355,27,,,1
9500,'Semaine-3-_26ÉTÉ-1111100-',1525,,45368,27,,,1,16,,45371,27,,,2,16,,45367,27,,,1,59,,45362,27,,,1,15,,45366,27,,,2,15,,45363,27,,,1,56,,45364,27,,,2,15,,45369,27,,,1,23,,45370,27,,,1,66,,45365,27,,,1
9500,'Semaine-4-_26ÉTÉ-1111100-',1525,,45378,27,,,1,16,,45381,27,,,2,16,,45377,27,,,1,59,,45372,27,,,1,15,,45376,27,,,2,15,,45373,27,,,1,56,,45374,27,,,2,15,,45379,27,,,1,23,,45380,27,,,1,66,,45375,27,,,1
9700,'Samedi-3',843,,33984,39,,,2,100,,33987,39,,,2,100,,33982,39,,,1,100,,33983,39,,,1,100,,33986,39,,,2,100,,33985,39,,,2,100,,33988,39,,,1,101,,33989,39,,,2,100,,33990,39,,,2,101,,33991,39,,,1,100,,33996,39,,,1,100,,33992,39,,,1,100,,33993,39,,,1,100,,33994,39,,,1,99,,33995,39,,,2,100,,33997,39,,,1,100,,33998,39,,,1
9700,'Dimanche-3',843,,34002,39,,,2,100,,34004,39,,,2,100,,34001,39,,,1,100,,34000,39,,,1,100,,33999,39,,,2,100,,34003,39,,,2,100,,34006,39,,,1,101,,34005,39,,,2,100,,34011,39,,,2,101,,34013,39,,,1,100,,34015,39,,,1,100,,34007,39,,,1,100,,34008,39,,,1,100,,34009,39,,,1,99,,34010,39,,,2,100,,34014,39,,,1,100,,34012,39,,,1
9700,'Semaine-4',716,,34034,39,,,1,27,,34035,39,,,1,95,,34024,39,,,2,99,,34020,39,,,2,98,,34033,39,,,1,102,,34028,39,,,2,99,,34025,39,,,1,100,,34030,39,,,1,101,,34016,39,,,2,95,,34021,39,,,2,102,,34029,39,,,1,98,,34031,43,,,1,103,,34022,43,,,1,72,,34017,43,,,1,20,,34026,39,,,2,102,,34018,39,,,1,99,,34027,39,,,1,100,,34023,39,,,1,100,,34019,39,,,1,111,,34032,39,,,1
9700,'Samedi-10-_26ÉTÉ-0000010-',843,,45408,39,,,2,100,,45411,39,,,2,100,,45406,39,,,1,100,,45407,39,,,1,100,,45410,39,,,2,100,,45409,39,,,2,100,,45412,39,,,1,101,,45413,39,,,2,100,,45414,39,,,2,101,,45415,39,,,1,100,,45420,39,,,1,100,,45416,39,,,1,100,,45417,39,,,1,100,,45418,39,,,1,99,,45419,39,,,2,100,,45421,39,,,1,100,,45422,39,,,1
9700,'Semaine-2-_26ÉTÉ-1111100-',716,,45441,39,,,1,27,,45442,39,,,1,95,,45431,39,,,2,101,,45427,39,,,1,96,,45440,39,,,2,100,,45435,39,,,2,101,,45432,39,,,1,100,,45437,39,,,2,101,,45423,39,,,1,94,,45428,39,,,1,105,,45436,39,,,1,96,,45438,43,,,2,103,,45429,43,,,2,72,,45424,43,,,2,20,,45433,39,,,1,102,,45425,39,,,2,99,,45434,39,,,1,100,,45430,39,,,1,101,,45426,39,,,2,110,,45439,39,,,1
9700,'Semaine-3-_26ÉTÉ-1111100-',716,,45461,39,,,1,27,,45462,39,,,1,95,,45451,39,,,2,101,,45447,39,,,1,96,,45460,39,,,2,100,,45455,39,,,2,101,,45452,39,,,1,100,,45457,39,,,2,101,,45443,39,,,1,94,,45448,39,,,1,105,,45456,39,,,1,96,,45458,43,,,2,103,,45449,43,,,2,72,,45444,43,,,2,20,,45453,39,,,1,102,,45445,39,,,2,99,,45454,39,,,1,100,,45450,39,,,1,101,,45446,39,,,2,110,,45459,39,,,1
9700,'Semaine-4-_26ÉTÉ-1111100-',716,,45481,39,,,1,27,,45482,39,,,1,95,,45471,39,,,2,101,,45467,39,,,1,96,,45480,39,,,2,100,,45475,39,,,2,101,,45472,39,,,1,100,,45477,39,,,2,101,,45463,39,,,1,94,,45468,39,,,1,105,,45476,39,,,1,96,,45478,43,,,2,103,,45469,43,,,2,72,,45464,43,,,2,20,,45473,39,,,1,102,,45465,39,,,2,99,,45474,39,,,1,100,,45470,39,,,1,101,,45466,39,,,2,110,,45479,39,,,1
29700,'Semaine-4',745,,34179,35,0,19,2,2,,34180,35,0,19,2
29700,'Semaine-2-_26ÉTÉ-1111100-',747,,45832,35,0,19,2
29700,'Semaine-3-_26ÉTÉ-1111100-',747,,45833,35,0,19,2
29700,'Semaine-4-_26ÉTÉ-1111100-',747,,45834,35,0,19,2
