3900,'Samedi-11',657,,25911,32,,,1,101,,25912,32,,,1,100,,25916,32,,,1,142,,25915,32,,,1,100,,25918,32,,,1,100,,25917,32,,,1,102,,25913,32,,,1,30,,25914,32,,,1,70,,25919,32,,,1,31,,25920,32,,,2,70,,25921,32,,,1,30,,25922,32,,,1,71,,25923,32,,,2,30,,25924,32,,,1,70,,25925,32,,,1,30,,25926,32,,,1,69,,25927,32,,,1,29,,25928,32,,,1,69,,25929,32,,,1,28,,25930,32,,,1,100,,25931,32,,,1,100,,25932,32,,,1,100,,25933,32,,,1,100,,25934,32,,,1
3900,'Samedi-2',657,,25935,32,,,1,101,,25936,32,,,1,100,,25940,32,,,1,142,,25939,32,,,1,100,,25942,32,,,1,100,,25941,32,,,1,102,,25937,32,,,1,30,,25938,32,,,1,70,,25943,32,,,1,31,,25944,32,,,2,70,,25945,32,,,1,30,,25946,32,,,1,71,,25947,32,,,2,30,,25948,32,,,1,70,,25949,32,,,1,30,,25950,32,,,1,69,,25951,32,,,1,29,,25952,32,,,1,69,,25953,32,,,1,28,,25954,32,,,1,100,,25955,32,,,1,100,,25956,32,,,1,100,,25957,32,,,1,100,,25958,32,,,1
3900,'Dimanche-2',657,,25959,32,,,1,101,,25966,32,,,1,100,,25960,32,,,1,142,,25962,32,,,1,100,,25968,32,,,1,100,,25961,32,,,1,102,,25967,32,,,1,30,,25963,32,,,1,70,,25964,32,,,1,31,,25969,32,,,2,70,,25971,32,,,1,30,,25965,32,,,1,71,,25970,32,,,2,30,,25972,32,,,1,70,,25973,32,,,1,30,,25979,32,,,1,69,,25980,32,,,1,29,,25982,32,,,1,69,,25978,32,,,1,28,,25976,32,,,1,100,,25977,32,,,1,100,,25981,32,,,1,100,,25974,32,,,1,100,,25975,32,,,1
3900,'Semaine-3',634,,26000,32,,,1,24,,25986,32,,,1,73,,26005,32,,,1,28,,25998,32,,,1,72,,25999,32,,,1,72,,25997,32,,,1,32,,25994,32,,,1,70,,26011,32,,,1,30,,26006,32,,,1,71,,26018,32,,,1,30,,26003,32,,,1,70,,26007,32,,,1,30,,25995,32,,,1,71,,25993,32,,,1,30,,26008,32,,,2,69,,25996,32,,,1,30,,25983,32,,,1,74,,26009,32,,,2,32,,25990,32,,,1,72,,25992,32,,,1,30,,26010,32,,,1,72,,25989,32,,,1,28,,25984,32,,,1,69,,26012,32,,,1,27,,25991,32,,,1,71,,25985,32,,,2,29,,26013,32,,,2,72,,25988,32,,,1,25,,26004,32,,,2,65,,26014,32,,,1,30,,25987,32,,,1,70,,26002,32,,,1,29,,26015,32,,,2,70,,26001,32,,,1,30,,26017,32,,,1,70,,26016,32,,,2
4900,'Samedi-11',742,,26175,48,,,1,100,,26176,48,,,1,104,,26173,48,,,1,100,,26177,48,,,1,100,,26174,48,,,1,100,,26178,48,,,1,99,,26179,48,,,1,104,,26180,48,,,1,97,,26181,48,,,1,100,,26182,48,,,1,100,,26183,48,,,1,96,,26184,48,,,1,100,,26185,48,,,1,100,,26186,48,,,1,100,,26187,48,,,1,100,,26188,48,,,1,100,,26189,48,,,1
4900,'Samedi-2',742,,26192,48,,,1,100,,26193,48,,,1,104,,26190,48,,,1,100,,26194,48,,,1,100,,26191,48,,,1,100,,26195,48,,,1,99,,26196,48,,,1,104,,26197,48,,,1,97,,26198,48,,,1,100,,26199,48,,,1,100,,26200,48,,,1,96,,26201,48,,,1,100,,26202,48,,,1,100,,26203,48,,,1,100,,26204,48,,,1,100,,26205,48,,,1,100,,26206,48,,,1
4900,'Dimanche-2',742,,26207,48,,,1,100,,26210,48,,,1,104,,26208,48,,,1,100,,26211,48,,,1,100,,26213,48,,,1,100,,26217,48,,,1,99,,26215,48,,,1,104,,26214,48,,,1,97,,26209,48,,,1,100,,26219,48,,,1,100,,26216,48,,,1,96,,26218,48,,,1,100,,26223,48,,,1,100,,26212,48,,,1,100,,26221,48,,,1,100,,26222,48,,,1,100,,26220,48,,,1
4900,'Semaine-3',703,,26251,48,,,1,10,,26246,35,,,1,5,,26258,35,,,1,3,,26234,35,,,1,3,,26262,48,,,1,2,,26257,35,,,1,3,,26259,35,,,1,3,,26261,35,,,1,5,,26260,35,,,1,15,,26254,48,,,1,73,,26255,48,,,1,6,,26250,35,,,1,71,,26249,48,,,1,29,,26244,48,,,1,71,,26236,48,,,1,32,,26256,48,,,1,72,,26252,48,,,1,30,,26247,48,,,1,70,,26224,48,,,1,30,,26245,48,,,1,70,,26226,48,,,1,30,,26231,48,,,1,70,,26233,48,,,1,29,,26237,48,,,1,71,,26253,48,,,1,37,,26235,48,,,1,70,,26238,48,,,1,30,,26229,48,,,1,70,,26241,48,,,1,30,,26232,48,,,1,67,,26230,48,,,1,30,,26248,48,,,1,67,,26242,48,,,1,96,,26225,48,,,1,100,,26243,48,,,1,100,,26240,48,,,1,97,,26227,48,,,1,58,,26239,48,,,1,100,,26228,48,,,1
5600,'Semaine-3',701,,26813,43,,,1,23,,26811,43,,,1,3,,26815,43,,,1,31,,26814,43,,,2,73,,26808,43,,,1,100,,26807,43,,,1,107,,26809,43,,,1,98,,26812,43,,,1,100,,26810,43,,,1
32501,'Semaine-3',827,,29275,29,0,7 8,1,3,,29276,29,0,7 8,1
32900,'Semaine-3',822,,29279,23,0,7 8,1
42500,'Semaine-3',715,,30062,29,0,9 14,1,2,,30063,29,0,9 14,1
42900,'Semaine-3',721,,30068,16,0,9 14,1,2,,30069,16,0,9 14,1
44900,'Semaine-3',726,,30082,30,0,9 14,1
55400,'Semaine-3',720,,30092,33,0,5 6,1
