4100,'Semaine-1-_26ÉTÉ-1111100-',1602,,51789,52,,,2,30,,51791,52,,,1,76,,51790,52,,,2,25,,51788,52,,,1,69,,51792,52,,,1
4100,'Semaine-10-_26ÉTÉ-1111100-',1602,,51794,52,,,2,30,,51796,52,,,1,76,,51795,52,,,2,25,,51793,52,,,1,69,,51797,52,,,1
4100,'Semaine-11-_26ÉTÉ-1111100-',1602,,51799,52,,,2,30,,51801,52,,,1,76,,51800,52,,,2,25,,51798,52,,,1,69,,51802,52,,,1
4100,'Semaine-12-_26ÉTÉ-1111100-',1602,,51804,52,,,2,30,,51806,52,,,1,76,,51805,52,,,2,25,,51803,52,,,1,69,,51807,52,,,1
80001,'Samedi-0-_26ÉTÉ-0000010-',656,,63203,55,,,1,100,,63205,55,,,1,99,,63206,55,,,2,100,,63209,55,,,1,103,,63204,55,,,2,100,,63207,55,,,1,100,,63210,55,,,1,100,,63208,55,,,2,100,,63211,55,,,1,100,,63212,55,,,1,100,,63213,55,,,2,100,,63214,55,,,1,96,,63217,55,,,1,100,,63215,55,,,2,100,,63216,55,,,2,100,,63218,55,,,1,100,,63219,55,,,1
80001,'Dimanche-0-_26ÉTÉ-0000001-',656,,63220,55,,,1,100,,63221,55,,,1,99,,63225,55,,,2,100,,63222,55,,,1,103,,63226,55,,,2,100,,63223,55,,,1,100,,63224,55,,,1,100,,63228,55,,,2,100,,63227,55,,,1,100,,63229,55,,,1,100,,63231,55,,,2,100,,63232,55,,,1,96,,63233,55,,,1,100,,63230,55,,,2,100,,63234,55,,,2,100,,63235,55,,,1,100,,63236,55,,,1
80001,'Dimanche-10-_26ÉTÉ-0000001-',656,,63237,55,,,1,100,,63238,55,,,1,99,,63242,55,,,2,100,,63239,55,,,1,103,,63243,55,,,2,100,,63240,55,,,1,100,,63241,55,,,1,100,,63245,55,,,2,100,,63244,55,,,1,100,,63246,55,,,1,100,,63248,55,,,2,100,,63249,55,,,1,96,,63250,55,,,1,100,,63247,55,,,2,100,,63251,55,,,2,100,,63252,55,,,1,100,,63253,55,,,1
80001,'Dimanche-11-_26ÉTÉ-0000001-',656,,63254,55,,,1,100,,63255,55,,,1,99,,63259,55,,,2,100,,63256,55,,,1,103,,63260,55,,,2,100,,63257,55,,,1,100,,63258,55,,,1,100,,63262,55,,,2,100,,63261,55,,,1,100,,63263,55,,,1,100,,63265,55,,,2,100,,63266,55,,,1,96,,63267,55,,,1,100,,63264,55,,,2,100,,63268,55,,,2,100,,63269,55,,,1,100,,63270,55,,,1
80001,'Semaine-1-_26ÉTÉ-1111100-',647,,63293,55,,,1,70,,63279,55,,,1,36,,63299,55,,,1,67,,63283,55,,,2,31,,63273,55,,,2,65,,63290,55,,,2,29,,63287,55,,,2,70,,63295,55,,,1,30,,63300,55,,,2,70,,63286,55,,,1,30,,63294,55,,,1,70,,63276,55,,,1,30,,63304,55,,,1,70,,63303,55,,,2,34,,63274,55,,,2,70,,63297,55,,,1,30,,63285,55,,,1,71,,63291,55,,,1,34,,63301,55,,,1,69,,63288,55,,,2,18,,63298,55,,,1,60,,63305,55,,,2,28,,63296,55,,,1,26,,63289,55,,,1,69,,63277,55,,,1,25,,63281,55,,,1,67,,63271,55,,,1,30,,63302,55,,,1,70,,63278,55,,,1,27,,63280,55,,,1,69,,63284,55,,,1,30,,63272,55,,,2,70,,63292,55,,,1,31,,63275,55,,,1,70,,63282,55,,,1
80001,'Semaine-10-_26ÉTÉ-1111100-',647,,63328,55,,,1,70,,63314,55,,,1,36,,63334,55,,,1,67,,63318,55,,,2,31,,63308,55,,,2,65,,63325,55,,,2,29,,63322,55,,,2,70,,63330,55,,,1,30,,63335,55,,,2,70,,63321,55,,,1,30,,63329,55,,,1,70,,63311,55,,,1,30,,63339,55,,,1,70,,63338,55,,,2,34,,63309,55,,,2,70,,63332,55,,,1,30,,63320,55,,,1,71,,63326,55,,,1,34,,63336,55,,,1,69,,63323,55,,,2,18,,63333,55,,,1,60,,63340,55,,,2,28,,63331,55,,,1,26,,63324,55,,,1,69,,63312,55,,,1,25,,63316,55,,,1,67,,63306,55,,,1,30,,63337,55,,,1,70,,63313,55,,,1,27,,63315,55,,,1,69,,63319,55,,,1,30,,63307,55,,,2,70,,63327,55,,,1,31,,63310,55,,,1,70,,63317,55,,,1
80001,'Semaine-11-_26ÉTÉ-1111100-',647,,63363,55,,,1,70,,63349,55,,,1,36,,63369,55,,,1,67,,63353,55,,,2,31,,63343,55,,,2,65,,63360,55,,,2,29,,63357,55,,,2,70,,63365,55,,,1,30,,63370,55,,,2,70,,63356,55,,,1,30,,63364,55,,,1,70,,63346,55,,,1,30,,63374,55,,,1,70,,63373,55,,,2,34,,63344,55,,,2,70,,63367,55,,,1,30,,63355,55,,,1,71,,63361,55,,,1,34,,63371,55,,,1,69,,63358,55,,,2,18,,63368,55,,,1,60,,63375,55,,,2,28,,63366,55,,,1,26,,63359,55,,,1,69,,63347,55,,,1,25,,63351,55,,,1,67,,63341,55,,,1,30,,63372,55,,,1,70,,63348,55,,,1,27,,63350,55,,,1,69,,63354,55,,,1,30,,63342,55,,,2,70,,63362,55,,,1,31,,63345,55,,,1,70,,63352,55,,,1
80001,'Semaine-12-_26ÉTÉ-1111100-',647,,63398,55,,,1,70,,63384,55,,,1,36,,63404,55,,,1,67,,63388,55,,,2,31,,63378,55,,,2,65,,63395,55,,,2,29,,63392,55,,,2,70,,63400,55,,,1,30,,63405,55,,,2,70,,63391,55,,,1,30,,63399,55,,,1,70,,63381,55,,,1,30,,63409,55,,,1,70,,63408,55,,,2,34,,63379,55,,,2,70,,63402,55,,,1,30,,63390,55,,,1,71,,63396,55,,,1,34,,63406,55,,,1,69,,63393,55,,,2,18,,63403,55,,,1,60,,63410,55,,,2,28,,63401,55,,,1,26,,63394,55,,,1,69,,63382,55,,,1,25,,63386,55,,,1,67,,63376,55,,,1,30,,63407,55,,,1,70,,63383,55,,,1,27,,63385,55,,,1,69,,63389,55,,,1,30,,63377,55,,,2,70,,63397,55,,,1,31,,63380,55,,,1,70,,63387,55,,,1
