3401,'Samedi-3',644,,30928,6,,,1,100,,30931,6,,,2,70,,30940,6,,,1,33,,30929,6,,,1,66,,30934,6,,,1,30,,30936,6,,,1,72,,30930,6,,,2,30,,30939,6,,,1,71,,30932,6,,,1,30,,30941,6,,,1,68,,30933,6,,,1,30,,30935,6,,,1,70,,30937,6,,,2,30,,30938,6,,,2,70,,30942,6,,,1,30,,30943,6,,,2,70,,30944,6,,,1,30,,30945,6,,,1,71,,30946,6,,,1,31,,30947,6,,,1,70,,30948,6,,,2,31,,30949,6,,,1,67,,30950,6,,,1,30,,30952,6,,,1,72,,30951,6,,,2,30,,30953,6,,,1,70,,30954,6,,,1,28,,30955,6,,,1,70,,30957,6,,,1,30,,30956,6,,,1,70,,30958,6,,,1,100,,30959,6,,,1
3401,'Samedi-4',644,,35517,6,,,1,100,,35520,6,,,2,70,,35529,6,,,1,33,,35518,6,,,1,66,,35523,6,,,1,30,,35525,6,,,1,72,,35519,6,,,2,30,,35528,6,,,1,71,,35521,6,,,1,30,,35530,6,,,1,68,,35522,6,,,1,30,,35524,6,,,1,70,,35526,6,,,2,30,,35527,6,,,2,70,,35531,6,,,1,30,,35532,6,,,2,70,,35533,6,,,1,30,,35534,6,,,1,71,,35535,6,,,1,31,,35536,6,,,1,70,,35537,6,,,2,31,,35538,6,,,1,67,,35539,6,,,1,30,,35541,6,,,1,72,,35540,6,,,2,30,,35542,6,,,1,70,,35543,6,,,1,28,,35544,6,,,1,70,,35546,6,,,1,30,,35545,6,,,1,70,,35547,6,,,1,100,,35548,6,,,1
3401,'Dimanche-3',644,,30961,6,,,1,100,,30972,6,,,2,70,,30965,6,,,1,33,,30968,6,,,1,66,,30967,6,,,1,30,,30976,6,,,1,72,,30973,6,,,2,30,,30960,6,,,1,71,,30971,6,,,1,30,,30964,6,,,1,68,,30962,6,,,1,30,,30963,6,,,1,70,,30966,6,,,2,30,,30974,6,,,2,70,,30970,6,,,1,30,,30969,6,,,2,70,,30975,6,,,1,30,,30980,6,,,1,71,,30978,6,,,1,31,,30984,6,,,1,70,,30987,6,,,2,31,,30977,6,,,1,67,,30986,6,,,1,30,,30979,6,,,1,72,,30983,6,,,2,30,,30990,6,,,1,70,,30982,6,,,1,28,,30981,6,,,1,70,,30988,6,,,1,30,,30989,6,,,1,70,,30985,6,,,1,100,,30991,6,,,1
3401,'Semaine-4',851,,31017,6,,,1,68,,30997,6,,,1,30,,31001,6,,,1,70,,31021,6,,,1,30,,30994,6,,,1,70,,30998,6,,,1,30,,31002,6,,,1,70,,30992,6,,,1,30,,30995,6,,,1,70,,30999,6,,,1,31,,31003,6,,,1,70,,30996,6,,,1,28,,31018,6,,,2,69,,30993,6,,,1,29,,31019,6,,,1,71,,31020,6,,,2,29,,31014,6,,,1,71,,31010,6,,,1,30,,31000,6,,,1,72,,31007,6,,,1,30,,31016,6,,,1,71,,31004,6,,,1,30,,31006,6,,,1,70,,31008,6,,,1,30,,31012,6,,,1,71,,31005,6,,,1,30,,31011,6,,,1,70,,31009,6,,,1,30,,31013,6,,,1,70,,31015,6,,,1
3401,'Semaine-5',851,,35574,6,,,1,68,,35554,6,,,1,30,,35558,6,,,1,70,,35578,6,,,1,30,,35551,6,,,1,70,,35555,6,,,1,30,,35559,6,,,1,70,,35549,6,,,1,30,,35552,6,,,1,70,,35556,6,,,1,31,,35560,6,,,1,70,,35553,6,,,1,28,,35575,6,,,2,69,,35550,6,,,1,29,,35576,6,,,1,71,,35577,6,,,2,29,,35571,6,,,1,71,,35567,6,,,1,30,,35557,6,,,1,72,,35564,6,,,1,30,,35573,6,,,1,71,,35561,6,,,1,30,,35563,6,,,1,70,,35565,6,,,1,30,,35569,6,,,1,71,,35562,6,,,1,30,,35568,6,,,1,70,,35566,6,,,1,30,,35570,6,,,1,70,,35572,6,,,1
5000,'Semaine-4',642,,31803,19,,,1,65,,31801,19,,,1,28,,31804,19,,,2,71,,31800,19,,,1,107,,31805,19,,,1
5000,'Semaine-5',642,,36177,19,,,1,65,,36175,19,,,1,28,,36178,19,,,2,71,,36174,19,,,1,107,,36179,19,,,1
55000,'Semaine-4',657,,34816,19,0,5 6,1,2,,34817,19,0,5 6,1
55000,'Semaine-5',657,,38467,19,0,5 6,1,2,,38468,19,0,5 6,1
63900,'Semaine-4',1505,,34833,6,0,9 10,1
63900,'Semaine-5',1505,,38484,6,0,9 10,1
65400,'Semaine-4',1505,,34846,6,0,9 10,1
65400,'Semaine-5',1505,,38497,6,0,9 10,1
