6500,'Samedi-3',702,,32617,26,,,1,100,,32620,26,,,1,100,,32616,26,,,1,100,,32619,26,,,1,100,,32623,26,,,1,100,,32618,26,,,2,100,,32621,26,,,1,100,,32622,26,,,1,100,,32624,26,,,2,100,,32625,26,,,1,100,,32626,26,,,1,100,,32627,26,,,1,100,,32628,26,,,1,100,,32629,26,,,1,100,,32630,26,,,2,100,,32631,26,,,2,100,,32632,26,,,2
6500,'Samedi-4',702,,36781,26,,,1,100,,36784,26,,,1,100,,36780,26,,,1,100,,36783,26,,,1,100,,36787,26,,,1,100,,36782,26,,,2,100,,36785,26,,,1,100,,36786,26,,,1,100,,36788,26,,,2,100,,36789,26,,,1,100,,36790,26,,,1,100,,36791,26,,,1,100,,36792,26,,,1,100,,36793,26,,,1,100,,36794,26,,,2,100,,36795,26,,,2,100,,36796,26,,,2
6500,'Dimanche-3',702,,32634,26,,,1,100,,32637,26,,,1,100,,32636,26,,,1,100,,32640,26,,,1,100,,32642,26,,,1,100,,32639,26,,,2,100,,32641,26,,,1,100,,32633,26,,,1,100,,32638,26,,,2,100,,32635,26,,,1,100,,32643,26,,,1,100,,32648,26,,,1,100,,32646,26,,,1,100,,32649,26,,,1,100,,32644,26,,,2,100,,32647,26,,,2,100,,32645,26,,,2
6500,'Semaine-4',528,,32670,26,,,1,30,,32671,26,,,1,70,,32659,26,,,1,20,,32683,26,,,1,55,,32651,26,,,1,19,,32664,26,,,1,20,,32684,26,,,1,60,,32666,26,,,1,20,,32672,26,,,2,22,,32660,26,,,1,56,,32680,26,,,1,24,,32653,26,,,2,30,,32681,26,,,2,100,,32652,26,,,1,100,,32661,26,,,1,100,,32655,26,,,1,100,,32682,26,,,1,100,,32674,26,,,2,72,,32665,26,,,2,19,,32656,26,,,1,64,,32663,26,,,1,21,,32677,26,,,2,20,,32654,26,,,1,60,,32679,26,,,1,20,,32657,26,,,1,10,,32678,26,,,1,70,,32650,26,,,1,20,,32658,26,,,1,20,,32673,26,,,1,63,,32667,26,,,1,30,,32676,26,,,1,105,,32675,26,,,1,100,,32668,26,,,2,100,,32662,26,,,2,100,,32669,26,,,1
6500,'Semaine-5',528,,36817,26,,,1,30,,36818,26,,,1,70,,36806,26,,,1,20,,36830,26,,,1,55,,36798,26,,,1,19,,36811,26,,,1,20,,36831,26,,,1,60,,36813,26,,,1,20,,36819,26,,,2,22,,36807,26,,,1,56,,36827,26,,,1,24,,36800,26,,,2,30,,36828,26,,,2,100,,36799,26,,,1,100,,36808,26,,,1,100,,36802,26,,,1,100,,36829,26,,,1,100,,36821,26,,,2,72,,36812,26,,,2,19,,36803,26,,,1,64,,36810,26,,,1,21,,36824,26,,,2,20,,36801,26,,,1,60,,36826,26,,,1,20,,36804,26,,,1,10,,36825,26,,,1,70,,36797,26,,,1,20,,36805,26,,,1,20,,36820,26,,,1,63,,36814,26,,,1,30,,36823,26,,,1,105,,36822,26,,,1,100,,36815,26,,,2,100,,36809,26,,,2,100,,36816,26,,,1
7601,'Samedi-3',718,,33696,21,,,1,100,,33699,21,,,2,100,,33698,21,,,1,100,,33702,21,,,1,100,,33701,21,,,1,100,,33700,21,,,2,100,,33697,21,,,1,100,,33703,21,,,1,100,,33704,21,,,2,100,,33705,21,,,1,100,,33706,21,,,2,100,,33707,21,,,1,100,,33708,21,,,1,100,,33709,21,,,2,100,,33710,21,,,2,100,,33711,21,,,2
7601,'Samedi-4',718,,37608,21,,,1,100,,37611,21,,,2,100,,37610,21,,,1,100,,37614,21,,,1,100,,37613,21,,,1,100,,37612,21,,,2,100,,37609,21,,,1,100,,37615,21,,,1,100,,37616,21,,,2,100,,37617,21,,,1,100,,37618,21,,,2,100,,37619,21,,,1,100,,37620,21,,,1,100,,37621,21,,,2,100,,37622,21,,,2,100,,37623,21,,,2
7601,'Dimanche-3',718,,33714,21,,,1,100,,33717,21,,,2,100,,33715,21,,,1,100,,33716,21,,,1,100,,33719,21,,,1,100,,33712,21,,,2,100,,33718,21,,,1,100,,33713,21,,,1,100,,33721,21,,,2,100,,33725,21,,,1,100,,33722,21,,,2,100,,33727,21,,,1,100,,33720,21,,,1,100,,33723,21,,,2,100,,33726,21,,,2,100,,33724,21,,,2
7601,'Semaine-4',638,,33739,21,,,1,15,,33728,21,,,1,58,,33754,21,,,1,25,,33743,21,,,1,64,,33755,21,,,1,17,,33745,21,,,1,18,,33752,21,,,1,69,,33753,21,,,1,30,,33746,21,,,2,70,,33751,21,,,1,30,,33758,21,,,1,70,,33756,21,,,1,30,,33731,21,,,1,70,,33759,21,,,1,30,,33732,21,,,1,70,,33747,21,,,2,30,,33733,21,,,1,70,,33729,21,,,1,30,,33734,21,,,1,70,,33730,21,,,1,34,,33757,21,,,2,70,,33740,21,,,2,27,,33742,21,,,1,65,,33741,21,,,2,25,,33744,21,,,2,25,,33749,21,,,1,65,,33748,21,,,1,28,,33750,21,,,1,87,,33735,21,,,1,98,,33736,21,,,1,100,,33737,21,,,1,100,,33738,21,,,1
7601,'Semaine-5',638,,37635,21,,,1,15,,37624,21,,,1,58,,37650,21,,,1,25,,37639,21,,,1,64,,37651,21,,,1,17,,37641,21,,,1,18,,37648,21,,,1,69,,37649,21,,,1,30,,37642,21,,,2,70,,37647,21,,,1,30,,37654,21,,,1,70,,37652,21,,,1,30,,37627,21,,,1,70,,37655,21,,,1,30,,37628,21,,,1,70,,37643,21,,,2,30,,37629,21,,,1,70,,37625,21,,,1,30,,37630,21,,,1,70,,37626,21,,,1,34,,37653,21,,,2,70,,37636,21,,,2,27,,37638,21,,,1,65,,37637,21,,,2,25,,37640,21,,,2,25,,37645,21,,,1,65,,37644,21,,,1,28,,37646,21,,,1,87,,37631,21,,,1,98,,37632,21,,,1,100,,37633,21,,,1,100,,37634,21,,,1
57601,'Semaine-4',714,,34832,20,0,5 6,1
57601,'Semaine-5',714,,38483,20,0,5 6,1
