3600,'Semaine-4',922,,31093,32,,,1,100,,31094,32,,,1,102,,31092,32,,,1,100,,31095,32,,,1,99,,31097,32,,,1,100,,31098,32,,,1,99,,31096,32,,,1
3700,'Samedi-3',737,,31106,24,,,1,100,,31107,24,,,1,101,,31109,24,,,1,101,,31110,24,,,1,100,,31108,24,,,1,101,,31111,24,,,1,100,,31112,24,,,1,101,,31113,24,,,1,99,,31114,24,,,1,100,,31115,24,,,1,100,,31116,24,,,1,99,,31117,24,,,1,99,,31118,24,,,1,100,,31119,24,,,1,100,,31120,24,,,1,100,,31121,24,,,1,98,,31122,24,,,1,100,,31123,24,,,1
3700,'Samedi-4',737,,35663,24,,,1,100,,35664,24,,,1,101,,35666,24,,,1,101,,35667,24,,,1,100,,35665,24,,,1,101,,35668,24,,,1,100,,35669,24,,,1,101,,35670,24,,,1,99,,35671,24,,,1,100,,35672,24,,,1,100,,35673,24,,,1,99,,35674,24,,,1,99,,35675,24,,,1,100,,35676,24,,,1,100,,35677,24,,,1,100,,35678,24,,,1,98,,35679,24,,,1,100,,35680,24,,,1
3700,'Dimanche-3',737,,31124,24,,,1,100,,31127,24,,,1,101,,31131,24,,,1,101,,31128,24,,,1,100,,31126,24,,,1,101,,31130,24,,,1,100,,31125,24,,,1,101,,31129,24,,,1,99,,31136,24,,,1,100,,31132,24,,,1,100,,31135,24,,,1,99,,31139,24,,,1,99,,31133,24,,,1,100,,31134,24,,,1,100,,31138,24,,,1,100,,31140,24,,,1,98,,31137,24,,,1,100,,31141,24,,,1
3700,'Semaine-4',657,,31163,24,,,1,80,,31169,24,,,1,70,,31160,24,,,1,33,,31144,24,,,1,68,,31158,24,,,1,50,,31150,24,,,1,100,,31146,24,,,1,100,,31147,24,,,1,98,,31148,24,,,1,103,,31149,24,,,1,100,,31155,24,,,1,90,,31156,24,,,1,55,,31157,24,,,1,15,,31143,24,,,1,15,,31165,24,,,1,23,,31152,24,,,1,70,,31161,24,,,1,23,,31151,24,,,1,68,,31145,24,,,1,29,,31142,24,,,1,66,,31153,24,,,1,30,,31168,24,,,1,70,,31159,24,,,1,35,,31170,24,,,1,99,,31166,24,,,1,99,,31154,24,,,1,100,,31164,24,,,1,99,,31167,24,,,1,13,,31162,24,,,1
3800,'Samedi-3',747,,31237,22,,,1,72,,31230,22,,,1,23,,31231,22,,,1,77,,31242,22,,,1,28,,31234,22,,,1,72,,31232,22,,,1,29,,31243,22,,,1,72,,31235,22,,,1,30,,31241,22,,,1,72,,31233,22,,,1,27,,31236,22,,,1,73,,31240,22,,,1,27,,31238,22,,,1,72,,31239,22,,,1,28,,31244,22,,,1,74,,31245,22,,,1,27,,31246,22,,,1,73,,31247,22,,,1,24,,31248,22,,,1,74,,31249,22,,,1,27,,31250,22,,,1,73,,31251,22,,,1,27,,31252,22,,,1,73,,31253,22,,,1,27,,31254,22,,,1,71,,31255,22,,,1,29,,31257,22,,,1,71,,31256,22,,,1,29,,31259,22,,,1,70,,31258,22,,,1,30,,31260,22,,,1,70,,31261,22,,,1,30,,31262,22,,,1
3800,'Samedi-4',747,,35759,22,,,1,72,,35752,22,,,1,23,,35753,22,,,1,77,,35764,22,,,1,28,,35756,22,,,1,72,,35754,22,,,1,29,,35765,22,,,1,72,,35757,22,,,1,30,,35763,22,,,1,72,,35755,22,,,1,27,,35758,22,,,1,73,,35762,22,,,1,27,,35760,22,,,1,72,,35761,22,,,1,28,,35766,22,,,1,74,,35767,22,,,1,27,,35768,22,,,1,73,,35769,22,,,1,24,,35770,22,,,1,74,,35771,22,,,1,27,,35772,22,,,1,73,,35773,22,,,1,27,,35774,22,,,1,73,,35775,22,,,1,27,,35776,22,,,1,71,,35777,22,,,1,29,,35779,22,,,1,71,,35778,22,,,1,29,,35781,22,,,1,70,,35780,22,,,1,30,,35782,22,,,1,70,,35783,22,,,1,30,,35784,22,,,1
3800,'Dimanche-3',747,,31272,22,,,1,72,,31270,22,,,1,23,,31268,22,,,1,77,,31275,22,,,1,28,,31263,22,,,1,72,,31264,22,,,1,29,,31276,22,,,1,72,,31271,22,,,1,30,,31265,22,,,1,72,,31266,22,,,1,27,,31269,22,,,1,73,,31267,22,,,1,27,,31278,22,,,1,72,,31280,22,,,1,28,,31273,22,,,1,74,,31279,22,,,1,27,,31281,22,,,1,73,,31274,22,,,1,24,,31277,22,,,1,74,,31285,22,,,1,27,,31290,22,,,1,73,,31287,22,,,1,27,,31286,22,,,1,73,,31284,22,,,1,27,,31289,22,,,1,71,,31294,22,,,1,29,,31292,22,,,1,71,,31282,22,,,1,29,,31283,22,,,1,70,,31293,22,,,1,30,,31291,22,,,1,70,,31288,22,,,1,30,,31295,22,,,1
3800,'Semaine-4',702,,31312,22,,,1,20,,31328,22,,,1,32,,31323,22,,,1,69,,31336,22,,,1,30,,31333,22,,,1,70,,31309,22,,,1,20,,31305,22,,,1,60,,31316,22,,,1,20,,31301,22,,,1,20,,31325,22,,,1,60,,31310,22,,,1,22,,31306,22,,,1,20,,31317,22,,,1,60,,31302,22,,,1,20,,31324,22,,,1,20,,31335,22,,,1,60,,31307,22,,,1,20,,31318,22,,,1,20,,31326,22,,,1,60,,31337,22,,,1,20,,31311,22,,,1,21,,31308,22,,,1,62,,31319,22,,,1,29,,31332,22,,,1,73,,31297,22,,,1,32,,31321,22,,,1,72,,31330,22,,,1,25,,31320,22,,,1,64,,31334,22,,,1,30,,31300,22,,,1,69,,31331,22,,,1,30,,31314,22,,,1,70,,31322,22,,,1,28,,31327,22,,,1,70,,31329,22,,,1,30,,31313,22,,,1,70,,31299,22,,,1,30,,31315,22,,,1,70,,31303,22,,,1,30,,31298,22,,,1,70,,31296,22,,,1,27,,31304,22,,,1
32501,'Semaine-4',838,,34185,37,0,7 8,1,3,,34186,37,0,7 8,1
32601,'Semaine-4',836,,34188,34,0,7 8,1
32900,'Semaine-4',839,,34189,37,0,7 8,1
43700,'Semaine-4',736,,34808,20,0,9 14,1,2,,34809,16,0,9 14,1
