2601,'Semaine-3-_26ÉTÉ-1111100-',554,,38784,9,,,1,71,,38786,9,,,1,31,,38787,9,,,1,64,,38785,9,,,1,36,,38783,9,,,2
2601,'Semaine-4-_26ÉTÉ-1111100-',554,,38789,9,,,1,71,,38791,9,,,1,31,,38792,9,,,1,64,,38790,9,,,1,36,,38788,9,,,2
4801,'Semaine-3-_26ÉTÉ-1111100-',737,,41182,33,,,1
4801,'Semaine-4-_26ÉTÉ-1111100-',737,,41183,33,,,1
32601,'Semaine-3-_26ÉTÉ-1111100-',825,,45842,25,,,1
32601,'Semaine-4-_26ÉTÉ-1111100-',825,,45843,25,,,1
42600,'Semaine-3-_26ÉTÉ-1111100-',724,,46747,9,,,1
42600,'Semaine-4-_26ÉTÉ-1111100-',724,,46748,9,,,1
73401,'Semaine-3-_26ÉTÉ-1111100-',756,,46798,9,,,1
73401,'Semaine-4-_26ÉTÉ-1111100-',756,,46799,9,,,1
82601,'Semaine-3-_26ÉTÉ-1111100-',746,,47058,25,,,1
82601,'Semaine-4-_26ÉTÉ-1111100-',746,,47059,25,,,1
