7700,'Samedi-3',753,,33762,17,,,1,100,,33761,17,,,2,100,,33760,17,,,2,100,,33765,17,,,1,100,,33763,17,,,1,100,,33764,17,,,1,100,,33766,17,,,1,102,,33767,17,,,1,98,,33768,17,,,1,100,,33769,17,,,1,100,,33770,17,,,1,100,,33771,17,,,1,100,,33772,17,,,1,100,,33775,17,,,1,100,,33773,17,,,1,100,,33774,17,,,2
7700,'Samedi-4',753,,37658,17,,,1,100,,37657,17,,,2,100,,37656,17,,,2,100,,37661,17,,,1,100,,37659,17,,,1,100,,37660,17,,,1,100,,37662,17,,,1,102,,37663,17,,,1,98,,37664,17,,,1,100,,37665,17,,,1,100,,37666,17,,,1,100,,37667,17,,,1,100,,37668,17,,,1,100,,37671,17,,,1,100,,37669,17,,,1,100,,37670,17,,,2
7700,'Dimanche-3',753,,33776,17,,,1,100,,33780,17,,,2,100,,33782,17,,,2,100,,33777,17,,,1,100,,33781,17,,,1,100,,33783,17,,,1,100,,33778,17,,,1,102,,33779,17,,,1,98,,33784,17,,,1,100,,33785,17,,,1,100,,33788,17,,,1,100,,33790,17,,,1,100,,33789,17,,,1,100,,33791,17,,,1,100,,33786,17,,,1,100,,33787,17,,,2
7700,'Semaine-4',531,,33817,17,,,1,69,,33802,17,,,1,30,,33804,17,,,1,70,,33794,17,,,1,30,,33805,17,,,1,70,,33816,17,,,1,27,,33801,17,,,1,29,,33806,17,,,1,70,,33821,17,,,1,30,,33807,17,,,1,70,,33822,17,,,1,30,,33808,17,,,1,70,,33823,17,,,2,30,,33809,17,,,2,70,,33820,17,,,2,30,,33810,17,,,1,70,,33819,17,,,1,30,,33811,17,,,1,70,,33818,17,,,1,30,,33793,17,,,1,74,,33813,17,,,1,28,,33798,17,,,1,70,,33812,17,,,1,30,,33796,17,,,2,70,,33814,17,,,2,28,,33797,17,,,2,70,,33803,17,,,2,30,,33815,17,,,1,100,,33799,17,,,1,100,,33800,17,,,1,100,,33795,17,,,1,100,,33792,17,,,1
7700,'Semaine-5',531,,37697,17,,,1,69,,37682,17,,,1,30,,37684,17,,,1,70,,37674,17,,,1,30,,37685,17,,,1,70,,37696,17,,,1,27,,37681,17,,,1,29,,37686,17,,,1,70,,37701,17,,,1,30,,37687,17,,,1,70,,37702,17,,,1,30,,37688,17,,,1,70,,37703,17,,,2,30,,37689,17,,,2,70,,37700,17,,,2,30,,37690,17,,,1,70,,37699,17,,,1,30,,37691,17,,,1,70,,37698,17,,,1,30,,37673,17,,,1,74,,37693,17,,,1,28,,37678,17,,,1,70,,37692,17,,,1,30,,37676,17,,,2,70,,37694,17,,,2,28,,37677,17,,,2,70,,37683,17,,,2,30,,37695,17,,,1,100,,37679,17,,,1,100,,37680,17,,,1,100,,37675,17,,,1,100,,37672,17,,,1
7800,'Samedi-3',829,,33827,28,,,1,100,,33826,28,,,2,100,,33824,28,,,2,100,,33829,28,,,1,101,,33825,28,,,1,100,,33828,28,,,1,99,,33830,28,,,1,101,,33831,28,,,1,100,,33832,28,,,1,100,,33833,28,,,1,99,,33834,28,,,1,100,,33835,28,,,2,100,,33836,28,,,1,100,,33837,28,,,1,100,,33838,28,,,1,98,,33839,28,,,2
7800,'Samedi-4',829,,37707,28,,,1,100,,37706,28,,,2,100,,37704,28,,,2,100,,37709,28,,,1,101,,37705,28,,,1,100,,37708,28,,,1,99,,37710,28,,,1,101,,37711,28,,,1,100,,37712,28,,,1,100,,37713,28,,,1,99,,37714,28,,,1,100,,37715,28,,,2,100,,37716,28,,,1,100,,37717,28,,,1,100,,37718,28,,,1,98,,37719,28,,,2
7800,'Dimanche-3',829,,33840,28,,,1,100,,33844,28,,,2,100,,33846,28,,,2,100,,33841,28,,,1,101,,33845,28,,,1,100,,33847,28,,,1,99,,33842,28,,,1,101,,33843,28,,,1,100,,33848,28,,,1,100,,33851,28,,,1,99,,33853,28,,,1,100,,33852,28,,,2,100,,33854,28,,,1,100,,33855,28,,,1,100,,33849,28,,,1,98,,33850,28,,,2
7800,'Semaine-4',501,,33868,28,,,1,20,,33869,28,,,2,31,,33858,28,,,1,71,,33870,28,,,1,29,,33856,28,,,1,71,,33871,28,,,1,29,,33880,28,,,1,69,,33861,28,,,1,30,,33872,28,,,2,69,,33873,28,,,1,29,,33884,28,,,2,70,,33874,28,,,1,32,,33885,28,,,2,68,,33875,28,,,1,30,,33886,28,,,1,70,,33876,28,,,1,30,,33887,28,,,1,70,,33877,28,,,1,30,,33888,28,,,1,74,,33878,28,,,2,27,,33863,28,,,2,71,,33879,28,,,1,27,,33857,28,,,1,76,,33866,28,,,1,28,,33881,28,,,2,69,,33865,28,,,1,27,,33889,28,,,2,71,,33882,28,,,1,30,,33859,28,,,1,84,,33883,28,,,1,101,,33864,28,,,1,100,,33867,28,,,1,100,,33860,28,,,1,99,,33862,28,,,1
7800,'Semaine-5',501,,37732,28,,,1,20,,37733,28,,,2,31,,37722,28,,,1,71,,37734,28,,,1,29,,37720,28,,,1,71,,37735,28,,,1,29,,37744,28,,,1,69,,37725,28,,,1,30,,37736,28,,,2,69,,37737,28,,,1,29,,37748,28,,,2,70,,37738,28,,,1,32,,37749,28,,,2,68,,37739,28,,,1,30,,37750,28,,,1,70,,37740,28,,,1,30,,37751,28,,,1,70,,37741,28,,,1,30,,37752,28,,,1,74,,37742,28,,,2,27,,37727,28,,,2,71,,37743,28,,,1,27,,37721,28,,,1,76,,37730,28,,,1,28,,37745,28,,,2,69,,37729,28,,,1,27,,37753,28,,,2,71,,37746,28,,,1,30,,37723,28,,,1,84,,37747,28,,,1,101,,37728,28,,,1,100,,37731,28,,,1,100,,37724,28,,,1,99,,37726,28,,,1
