6200,'Semaine-1-_26ÉTÉ-1111100-',554,,54440,12,,,2,70,,54456,12,,,2,30,,54441,12,,,1,71,,54453,12,,,2,30,,54452,12,,,2,71,,54451,12,,,1,98,,54442,12,,,1,100,,54447,12,,,2,100,,54444,12,,,1,100,,54454,12,,,2,100,,54457,12,,,2,100,,54460,12,,,2,86,,54461,12,,,1,30,,54449,12,,,2,71,,54455,12,,,1,29,,54443,12,,,1,70,,54462,12,,,2,29,,54458,12,,,1,70,,54450,12,,,1,100,,54459,12,,,1,96,,54445,12,,,1,100,,54448,12,,,1,100,,54446,12,,,2
6200,'Semaine-10-_26ÉTÉ-1111100-',554,,54463,12,,,2,70,,54479,12,,,2,30,,54464,12,,,1,71,,54476,12,,,2,30,,54475,12,,,2,71,,54474,12,,,1,98,,54465,12,,,1,100,,54470,12,,,2,100,,54467,12,,,1,100,,54477,12,,,2,100,,54480,12,,,2,100,,54483,12,,,2,86,,54484,12,,,1,30,,54472,12,,,2,71,,54478,12,,,1,29,,54466,12,,,1,70,,54485,12,,,2,29,,54481,12,,,1,70,,54473,12,,,1,100,,54482,12,,,1,96,,54468,12,,,1,100,,54471,12,,,1,100,,54469,12,,,2
6200,'Semaine-11-_26ÉTÉ-1111100-',554,,54486,12,,,2,70,,54502,12,,,2,30,,54487,12,,,1,71,,54499,12,,,2,30,,54498,12,,,2,71,,54497,12,,,1,98,,54488,12,,,1,100,,54493,12,,,2,100,,54490,12,,,1,100,,54500,12,,,2,100,,54503,12,,,2,100,,54506,12,,,2,86,,54507,12,,,1,30,,54495,12,,,2,71,,54501,12,,,1,29,,54489,12,,,1,70,,54508,12,,,2,29,,54504,12,,,1,70,,54496,12,,,1,100,,54505,12,,,1,96,,54491,12,,,1,100,,54494,12,,,1,100,,54492,12,,,2
6200,'Semaine-12-_26ÉTÉ-1111100-',554,,54509,12,,,2,70,,54525,12,,,2,30,,54510,12,,,1,71,,54522,12,,,2,30,,54521,12,,,2,71,,54520,12,,,1,98,,54511,12,,,1,100,,54516,12,,,2,100,,54513,12,,,1,100,,54523,12,,,2,100,,54526,12,,,2,100,,54529,12,,,2,86,,54530,12,,,1,30,,54518,12,,,2,71,,54524,12,,,1,29,,54512,12,,,1,70,,54531,12,,,2,29,,54527,12,,,1,70,,54519,12,,,1,100,,54528,12,,,1,96,,54514,12,,,1,100,,54517,12,,,1,100,,54515,12,,,2
6200,'Semaine-5-_26ÉTÉ-1111100-',554,,54532,12,,,2,70,,54548,12,,,2,30,,54533,12,,,1,71,,54545,12,,,2,30,,54544,12,,,2,71,,54543,12,,,1,98,,54534,12,,,1,100,,54539,12,,,2,100,,54536,12,,,1,100,,54546,12,,,2,100,,54549,12,,,2,100,,54552,12,,,2,86,,54553,12,,,1,30,,54541,12,,,2,71,,54547,12,,,1,29,,54535,12,,,1,70,,54554,12,,,2,29,,54550,12,,,1,70,,54542,12,,,1,100,,54551,12,,,1,96,,54537,12,,,1,100,,54540,12,,,1,100,,54538,12,,,2
8500,'Semaine-1-_26ÉTÉ-1111100-',1536,,59881,27,,,1,19,,59876,27,,,2,56,,59873,27,,,1,16,,59882,27,,,2,15,,59872,27,,,1,13,,59875,27,,,1,56,,59880,27,,,2,18,,59878,27,,,1,17,,59877,27,,,2,61,,59874,27,,,1,16,,59879,27,,,2
8500,'Semaine-10-_26ÉTÉ-1111100-',1536,,59892,27,,,1,19,,59887,27,,,2,56,,59884,27,,,1,16,,59893,27,,,2,15,,59883,27,,,1,13,,59886,27,,,1,56,,59891,27,,,2,18,,59889,27,,,1,17,,59888,27,,,1,61,,59885,27,,,1,16,,59890,27,,,2
8500,'Semaine-11-_26ÉTÉ-1111100-',1536,,59903,27,,,1,19,,59898,27,,,2,56,,59895,27,,,1,16,,59904,27,,,2,15,,59894,27,,,1,13,,59897,27,,,1,56,,59902,27,,,2,18,,59900,27,,,1,17,,59899,27,,,2,61,,59896,27,,,1,16,,59901,27,,,2
8500,'Semaine-12-_26ÉTÉ-1111100-',1536,,59914,27,,,1,19,,59909,27,,,2,56,,59906,27,,,1,16,,59915,27,,,2,15,,59905,27,,,1,13,,59908,27,,,1,56,,59913,27,,,2,18,,59911,27,,,1,17,,59910,27,,,2,61,,59907,27,,,1,16,,59912,27,,,2
8500,'Semaine-5-_26ÉTÉ-1111100-',1536,,59925,27,,,1,19,,59920,27,,,2,56,,59917,27,,,1,16,,59926,27,,,2,15,,59916,27,,,1,13,,59919,27,,,1,56,,59924,27,,,2,18,,59922,27,,,1,17,,59921,27,,,2,61,,59918,27,,,1,16,,59923,27,,,2
