7601,'Samedi-3',707,,33696,6,,,1,100,,33699,6,,,2,100,,33698,6,,,1,100,,33702,6,,,1,100,,33701,6,,,1,100,,33700,6,,,2,100,,33697,6,,,1,100,,33703,6,,,1,100,,33704,6,,,2,100,,33705,6,,,1,100,,33706,6,,,2,100,,33707,6,,,1,100,,33708,6,,,1,100,,33709,6,,,2,100,,33710,6,,,2,100,,33711,6,,,2
7601,'Samedi-4',707,,37608,6,,,1,100,,37611,6,,,2,100,,37610,6,,,1,100,,37614,6,,,1,100,,37613,6,,,1,100,,37612,6,,,2,100,,37609,6,,,1,100,,37615,6,,,1,100,,37616,6,,,2,100,,37617,6,,,1,100,,37618,6,,,2,100,,37619,6,,,1,100,,37620,6,,,1,100,,37621,6,,,2,100,,37622,6,,,2,100,,37623,6,,,2
7601,'Dimanche-3',707,,33714,6,,,1,100,,33717,6,,,2,100,,33715,6,,,1,100,,33716,6,,,1,100,,33719,6,,,1,100,,33712,6,,,2,100,,33718,6,,,1,100,,33713,6,,,1,100,,33721,6,,,2,100,,33725,6,,,1,100,,33722,6,,,2,100,,33727,6,,,1,100,,33720,6,,,1,100,,33723,6,,,2,100,,33726,6,,,2,100,,33724,6,,,2
7601,'Semaine-4',626,,33739,6,,,1,15,,33728,6,,,1,18,,33754,6,,,1,63,,33743,6,,,1,24,,33755,6,,,1,58,,33745,6,,,1,18,,33752,6,,,1,29,,33753,6,,,1,70,,33746,6,,,2,30,,33751,6,,,1,70,,33758,6,,,1,30,,33756,6,,,1,70,,33731,6,,,1,30,,33759,6,,,1,70,,33732,6,,,1,30,,33747,6,,,2,70,,33733,6,,,1,30,,33729,6,,,1,70,,33734,6,,,1,30,,33730,6,,,1,74,,33757,6,,,2,30,,33740,6,,,2,67,,33742,6,,,1,25,,33741,6,,,2,65,,33744,6,,,2,25,,33749,6,,,1,65,,33748,6,,,1,29,,33750,6,,,1,87,,33735,6,,,1,98,,33736,6,,,1,100,,33737,6,,,1,100,,33738,6,,,1
7601,'Samedi-10-_26ÉTÉ-0000010-',707,,44788,6,,,1,100,,44791,6,,,2,100,,44790,6,,,1,100,,44794,6,,,1,100,,44793,6,,,1,100,,44792,6,,,2,100,,44789,6,,,1,100,,44795,6,,,1,100,,44796,6,,,2,100,,44797,6,,,1,100,,44798,6,,,2,100,,44799,6,,,1,100,,44800,6,,,1,100,,44801,6,,,2,100,,44802,6,,,2,100,,44803,6,,,2
7601,'Semaine-2-_26ÉTÉ-1111100-',626,,44815,6,,,2,15,,44804,6,,,2,59,,44830,6,,,2,23,,44819,6,,,2,20,,44831,6,,,2,60,,44821,6,,,1,18,,44828,6,,,2,30,,44829,6,,,2,70,,44822,6,,,2,30,,44827,6,,,1,70,,44834,6,,,1,30,,44832,6,,,1,70,,44807,6,,,2,30,,44835,6,,,2,70,,44808,6,,,1,30,,44823,6,,,1,70,,44809,6,,,1,30,,44805,6,,,1,70,,44810,6,,,1,30,,44806,6,,,2,73,,44833,6,,,1,28,,44816,6,,,2,70,,44818,6,,,2,25,,44817,6,,,1,67,,44820,6,,,1,23,,44825,6,,,1,65,,44824,6,,,1,29,,44826,6,,,1,85,,44811,6,,,1,100,,44812,6,,,1,100,,44813,6,,,1,100,,44814,6,,,1
7601,'Semaine-3-_26ÉTÉ-1111100-',626,,44847,6,,,2,15,,44836,6,,,2,59,,44862,6,,,2,23,,44851,6,,,2,20,,44863,6,,,2,60,,44853,6,,,1,18,,44860,6,,,2,30,,44861,6,,,2,70,,44854,6,,,2,30,,44859,6,,,1,70,,44866,6,,,1,30,,44864,6,,,1,70,,44839,6,,,2,30,,44867,6,,,2,70,,44840,6,,,1,30,,44855,6,,,1,70,,44841,6,,,1,30,,44837,6,,,1,70,,44842,6,,,1,30,,44838,6,,,2,73,,44865,6,,,1,28,,44848,6,,,2,70,,44850,6,,,2,25,,44849,6,,,1,67,,44852,6,,,1,23,,44857,6,,,1,65,,44856,6,,,1,29,,44858,6,,,1,85,,44843,6,,,1,100,,44844,6,,,1,100,,44845,6,,,1,100,,44846,6,,,1
7601,'Semaine-4-_26ÉTÉ-1111100-',626,,44879,6,,,2,15,,44868,6,,,2,59,,44894,6,,,2,23,,44883,6,,,2,20,,44895,6,,,2,60,,44885,6,,,1,18,,44892,6,,,2,30,,44893,6,,,2,70,,44886,6,,,2,30,,44891,6,,,1,70,,44898,6,,,1,30,,44896,6,,,1,70,,44871,6,,,2,30,,44899,6,,,2,70,,44872,6,,,1,30,,44887,6,,,1,70,,44873,6,,,1,30,,44869,6,,,1,70,,44874,6,,,1,30,,44870,6,,,2,73,,44897,6,,,1,28,,44880,6,,,2,70,,44882,6,,,2,25,,44881,6,,,1,67,,44884,6,,,1,23,,44889,6,,,1,65,,44888,6,,,1,29,,44890,6,,,1,85,,44875,6,,,1,100,,44876,6,,,1,100,,44877,6,,,1,100,,44878,6,,,1
57601,'Semaine-4',705,,34832,8,0,5 6,1
57601,'Semaine-2-_26ÉTÉ-1111100-',705,,46776,8,0,5 6,2
57601,'Semaine-3-_26ÉTÉ-1111100-',705,,46777,8,0,5 6,2
57601,'Semaine-4-_26ÉTÉ-1111100-',705,,46778,8,0,5 6,2
