2301,'Semaine-4',647,,30359,33,,,1,70,,30356,33,,,2,35,,30360,33,,,1,71,,30358,33,,,2,31,,30357,33,,,2
2301,'Semaine-5',647,,35055,33,,,1,70,,35052,33,,,2,35,,35056,33,,,1,71,,35054,33,,,2,31,,35053,33,,,2
2501,'Semaine-4',631,,30371,40,,,1,69,,30370,40,,,1,36,,30368,40,,,1,79,,30369,40,,,2,30,,30372,40,,,1,65,,30367,40,,,1
2501,'Semaine-5',631,,35067,40,,,1,69,,35066,40,,,1,36,,35064,40,,,1,79,,35065,40,,,2,30,,35068,40,,,1,65,,35063,40,,,1
2601,'Semaine-4',631,,30379,38,,,1,71,,30381,38,,,1,32,,30382,38,,,2,73,,30380,38,,,1,33,,30378,38,,,1
2601,'Semaine-5',631,,35075,38,,,1,71,,35077,38,,,1,32,,35078,38,,,2,73,,35076,38,,,1,33,,35074,38,,,1
2901,'Semaine-4',746,,30403,24,,,1,74,,30406,24,,,2,25,,30404,24,,,2,66,,30405,24,,,1
2901,'Semaine-5',746,,35099,24,,,1,74,,35102,24,,,2,25,,35100,24,,,2,66,,35101,24,,,1
4001,'Semaine-4',645,,31622,56,,,1,72,,31621,56,,,1,35,,31624,56,,,2,75,,31620,56,,,2,25,,31619,56,,,1,67,,31623,56,,,1
4001,'Semaine-5',645,,36030,56,,,1,72,,36029,56,,,1,35,,36032,56,,,2,75,,36028,56,,,2,25,,36027,56,,,1,67,,36031,56,,,1
4101,'Semaine-4',712,,31632,47,,,1,32,,31633,47,,,2,72,,31634,47,,,2,30,,31631,47,,,1,68,,31630,47,,,1
4101,'Semaine-5',712,,36040,47,,,1,32,,36041,47,,,2,72,,36042,47,,,2,30,,36039,47,,,1,68,,36038,47,,,1
4501,'Semaine-4',658,,31645,50,,,1,73,,31649,50,,,1,75,,31648,50,,,2,32,,31647,50,,,1,63,,31650,50,,,2,30,,31646,50,,,1
4501,'Semaine-5',658,,36053,50,,,1,73,,36057,50,,,1,75,,36056,50,,,2,32,,36055,50,,,1,63,,36058,50,,,2,30,,36054,50,,,1
4701,'Semaine-4',647,,31656,43,,,2,89,,31657,43,,,1,90,,31654,43,,,2,25,,31655,43,,,1
4701,'Semaine-5',647,,36064,43,,,2,89,,36065,43,,,1,90,,36062,43,,,2,25,,36063,43,,,1
4801,'Semaine-4',804,,31659,44,,,1
4801,'Semaine-5',804,,36067,44,,,1
