3600,'Semaine-3',929,,25457,46,,,1,102,,25458,46,,,1,101,,25456,46,,,1,100,,25459,46,,,1,99,,25461,46,,,1,101,,25462,46,,,1,99,,25460,46,,,1
3700,'Samedi-11',746,,25470,38,,,1,100,,25471,38,,,1,101,,25473,38,,,1,102,,25474,38,,,1,100,,25472,38,,,1,102,,25475,38,,,1,100,,25476,38,,,1,101,,25477,38,,,1,99,,25478,38,,,1,100,,25479,38,,,1,100,,25480,38,,,1,99,,25481,38,,,1,98,,25482,38,,,1,100,,25483,38,,,1,100,,25484,38,,,1,100,,25485,38,,,1,97,,25486,38,,,1,100,,25487,38,,,1
3700,'Samedi-2',746,,25488,38,,,1,100,,25489,38,,,1,101,,25491,38,,,1,102,,25492,38,,,1,100,,25490,38,,,1,102,,25493,38,,,1,100,,25494,38,,,1,101,,25495,38,,,1,99,,25496,38,,,1,100,,25497,38,,,1,100,,25498,38,,,1,99,,25499,38,,,1,98,,25500,38,,,1,100,,25501,38,,,1,100,,25502,38,,,1,100,,25503,38,,,1,97,,25504,38,,,1,100,,25505,38,,,1
3700,'Dimanche-2',746,,25506,38,,,1,100,,25509,38,,,1,101,,25513,38,,,1,102,,25510,38,,,1,100,,25508,38,,,1,102,,25512,38,,,1,100,,25507,38,,,1,101,,25511,38,,,1,99,,25518,38,,,1,100,,25514,38,,,1,100,,25517,38,,,1,99,,25521,38,,,1,98,,25515,38,,,1,100,,25516,38,,,1,100,,25520,38,,,1,100,,25522,38,,,1,97,,25519,38,,,1,100,,25523,38,,,1
3700,'Semaine-3',707,,25545,38,,,1,42,,25551,38,,,1,69,,25542,38,,,1,31,,25526,38,,,1,68,,25540,38,,,1,90,,25532,38,,,1,100,,25528,38,,,1,100,,25529,38,,,1,98,,25530,38,,,1,105,,25531,38,,,1,100,,25537,38,,,1,91,,25538,38,,,1,15,,25539,38,,,1,15,,25525,38,,,1,15,,25547,38,,,1,63,,25534,38,,,1,30,,25543,38,,,1,63,,25533,38,,,1,27,,25527,38,,,1,29,,25524,38,,,1,66,,25535,38,,,1,30,,25550,38,,,1,70,,25541,38,,,1,35,,25552,38,,,1,99,,25548,38,,,1,98,,25536,38,,,1,100,,25546,38,,,1,100,,25549,38,,,1,53,,25544,38,,,1
6400,'Samedi-11',758,,27267,39,0,15 16,1,100,,27269,39,0,15 16,1,100,,27272,39,0,15 16,1,100,,27270,39,0,15 16,2,100,,27273,39,0,15 16,1,100,,27268,39,0,15 16,1,100,,27271,39,0,15 16,2,100,,27274,39,0,15 16,1,98,,27275,39,0,15 16,1,100,,27276,39,0,15 16,1,100,,27277,39,0,15 16,1,100,,27278,39,0,15 16,1
6400,'Samedi-2',758,,27279,39,0,15 16,1,100,,27281,39,0,15 16,1,100,,27284,39,0,15 16,1,100,,27282,39,0,15 16,2,100,,27285,39,0,15 16,1,100,,27280,39,0,15 16,1,100,,27283,39,0,15 16,2,100,,27286,39,0,15 16,1,98,,27287,39,0,15 16,1,100,,27288,39,0,15 16,1,100,,27289,39,0,15 16,1,100,,27290,39,0,15 16,1
6400,'Dimanche-2',758,,27291,39,0,15 16,1,100,,27296,39,0,15 16,1,100,,27292,39,0,15 16,1,100,,27295,39,0,15 16,2,100,,27298,39,0,15 16,1,100,,27297,39,0,15 16,1,100,,27294,39,0,15 16,2,100,,27293,39,0,15 16,1,98,,27301,39,0,15 16,1,100,,27302,39,0,15 16,1,100,,27299,39,0,15 16,1,100,,27300,39,0,15 16,1
6400,'Semaine-3',715,,27311,39,,,2,31,,27308,39,0,15 16,2,71,,27303,39,0,15 16,1,29,,27307,39,0,15 16,1,100,,27309,39,0,15 16,1,100,,27314,39,0,15 16,1,100,,27313,39,0,15 16,1,100,,27306,39,0,15 16,1,100,,27319,39,0,15 16,1,100,,27315,39,0,15 16,1,95,,27316,39,0,15 16,1,70,,27321,39,0,15 16,1,101,,27320,39,0,15 16,1,95,,27317,39,0,15 16,1,100,,27318,39,0,15 16,1,100,,27310,39,0,15 16,1,99,,27304,39,0,15 16,1,100,,27312,39,0,15 16,1,100,,27305,39,0,15 16,1
6801,'Semaine-3',628,,28001,16,,,1,20,,28014,16,,,1,60,,27985,16,,,1,21,,27998,16,,,1,4,,28012,16,,,1,6,,27992,16,,,1,5,,27997,16,,,1,63,,28003,16,,,1,20,,28015,16,,,1,17,,27991,16,,,1,60,,28010,16,,,1,20,,28008,16,,,1,20,,28013,16,,,1,70,,27986,16,,,1,28,,28006,16,,,1,70,,27987,16,,,1,32,,27989,16,,,1,68,,28009,16,,,1,30,,27993,16,,,1,70,,28011,16,,,1,32,,28005,16,,,1,70,,27994,16,,,1,30,,28004,16,,,1,67,,27995,16,,,1,33,,27990,16,,,1,71,,27988,16,,,1,29,,28002,16,,,1,69,,27996,16,,,1,29,,28007,16,,,1,70,,28000,16,,,1,30,,27999,16,,,1
33100,'Semaine-3',819,,29281,10,0,7 8,1
37100,'Samedi-11',817,,29284,39,,,1,102,,29288,39,,,1,99,,29283,39,,,1,103,,29289,39,,,1,100,,29285,39,,,1,100,,29286,39,,,1,100,,29287,39,,,1,104,,29290,39,,,1,100,,29291,39,,,1,100,,29292,39,,,1,98,,29293,39,,,1,98,,29294,39,,,1,100,,29295,39,,,1,98,,29296,39,,,1,100,,29297,39,,,1,99,,29298,39,,,1,98,,29299,39,,,1
37100,'Samedi-2',817,,29301,39,,,1,102,,29305,39,,,1,99,,29300,39,,,1,103,,29306,39,,,1,100,,29302,39,,,1,100,,29303,39,,,1,100,,29304,39,,,1,104,,29307,39,,,1,100,,29308,39,,,1,100,,29309,39,,,1,98,,29310,39,,,1,98,,29311,39,,,1,100,,29312,39,,,1,98,,29313,39,,,1,100,,29314,39,,,1,99,,29315,39,,,1,98,,29316,39,,,1
37100,'Dimanche-2',817,,29317,39,,,1,102,,29323,39,,,1,99,,29324,39,,,1,103,,29325,39,,,1,100,,29318,39,,,1,100,,29320,39,,,1,100,,29319,39,,,1,104,,29321,39,,,1,100,,29322,39,,,1,100,,29327,39,,,1,98,,29332,39,,,1,98,,29326,39,,,1,100,,29328,39,,,1,98,,29333,39,,,1,100,,29331,39,,,1,99,,29329,39,,,1,98,,29330,39,,,1
37100,'Semaine-3',725,,29347,39,,,1,76,,29344,39,,,1,31,,29340,39,,,1,27,,29335,39,,,1,90,,29354,39,,,1,97,,29339,39,,,1,102,,29341,39,,,1,100,,29353,39,,,1,100,,29348,39,,,1,103,,29337,39,,,1,95,,29349,39,,,1,58,,29358,39,,,1,17,,29338,39,,,1,15,,29359,39,,,1,65,,29334,39,,,1,20,,29343,39,,,1,27,,29350,39,,,1,65,,29356,39,,,1,26,,29355,39,,,1,70,,29345,39,,,1,28,,29357,39,,,1,70,,29360,39,,,1,30,,29346,39,,,1,95,,29342,39,,,1,100,,29352,39,,,1,100,,29351,39,,,1,97,,29336,39,,,1
43700,'Semaine-3',746,,30078,34,0,9 14,1,2,,30079,30,0,9 14,1
