3600,'Semaine-3',908,,25457,17,,,1,100,,25458,17,,,1,101,,25456,17,,,1,100,,25459,17,,,1,99,,25461,17,,,1,101,,25462,17,,,1,98,,25460,17,,,1
3700,'Samedi-11',731,,25470,17,,,1,100,,25471,17,,,1,101,,25473,17,,,1,100,,25474,17,,,1,100,,25472,17,,,1,101,,25475,17,,,1,100,,25476,17,,,1,101,,25477,17,,,1,99,,25478,17,,,1,100,,25479,17,,,1,100,,25480,17,,,1,99,,25481,17,,,1,99,,25482,17,,,1,100,,25483,17,,,1,100,,25484,17,,,1,100,,25485,17,,,1,99,,25486,17,,,1,100,,25487,17,,,1
3700,'Samedi-2',731,,25488,17,,,1,100,,25489,17,,,1,101,,25491,17,,,1,100,,25492,17,,,1,100,,25490,17,,,1,101,,25493,17,,,1,100,,25494,17,,,1,101,,25495,17,,,1,99,,25496,17,,,1,100,,25497,17,,,1,100,,25498,17,,,1,99,,25499,17,,,1,99,,25500,17,,,1,100,,25501,17,,,1,100,,25502,17,,,1,100,,25503,17,,,1,99,,25504,17,,,1,100,,25505,17,,,1
3700,'Dimanche-2',731,,25506,17,,,1,100,,25509,17,,,1,101,,25513,17,,,1,100,,25510,17,,,1,100,,25508,17,,,1,101,,25512,17,,,1,100,,25507,17,,,1,101,,25511,17,,,1,99,,25518,17,,,1,100,,25514,17,,,1,100,,25517,17,,,1,99,,25521,17,,,1,99,,25515,17,,,1,100,,25516,17,,,1,100,,25520,17,,,1,100,,25522,17,,,1,99,,25519,17,,,1,100,,25523,17,,,1
3700,'Semaine-3',649,,25545,17,,,1,80,,25551,17,,,1,71,,25542,17,,,1,32,,25526,17,,,1,68,,25540,17,,,1,50,,25532,17,,,1,100,,25528,17,,,1,100,,25529,17,,,1,98,,25530,17,,,1,103,,25531,17,,,1,100,,25537,17,,,1,89,,25538,17,,,1,15,,25539,17,,,1,55,,25525,17,,,1,15,,25547,17,,,1,24,,25534,17,,,1,70,,25543,17,,,1,23,,25533,17,,,1,68,,25527,17,,,1,29,,25524,17,,,1,68,,25535,17,,,1,30,,25550,17,,,1,70,,25541,17,,,1,35,,25552,17,,,1,99,,25548,17,,,1,100,,25536,17,,,1,100,,25546,17,,,1,99,,25549,17,,,1,13,,25544,17,,,1
3800,'Samedi-11',742,,25636,15,,,1,72,,25629,15,,,1,23,,25630,15,,,1,77,,25641,15,,,1,28,,25633,15,,,1,72,,25631,15,,,1,28,,25642,15,,,1,72,,25634,15,,,1,29,,25640,15,,,1,72,,25632,15,,,1,27,,25635,15,,,1,73,,25639,15,,,1,27,,25637,15,,,1,72,,25638,15,,,1,28,,25643,15,,,1,74,,25644,15,,,1,27,,25645,15,,,1,73,,25646,15,,,1,24,,25647,15,,,1,74,,25648,15,,,1,27,,25649,15,,,1,73,,25650,15,,,1,27,,25651,15,,,1,73,,25652,15,,,1,29,,25653,15,,,1,71,,25654,15,,,1,29,,25656,15,,,1,71,,25655,15,,,1,29,,25658,15,,,1,70,,25657,15,,,1,30,,25659,15,,,1,70,,25660,15,,,1,30,,25661,15,,,1
3800,'Samedi-2',742,,25669,15,,,1,72,,25662,15,,,1,23,,25663,15,,,1,77,,25674,15,,,1,28,,25666,15,,,1,72,,25664,15,,,1,28,,25675,15,,,1,72,,25667,15,,,1,29,,25673,15,,,1,72,,25665,15,,,1,27,,25668,15,,,1,73,,25672,15,,,1,27,,25670,15,,,1,72,,25671,15,,,1,28,,25676,15,,,1,74,,25677,15,,,1,27,,25678,15,,,1,73,,25679,15,,,1,24,,25680,15,,,1,74,,25681,15,,,1,27,,25682,15,,,1,73,,25683,15,,,1,27,,25684,15,,,1,73,,25685,15,,,1,29,,25686,15,,,1,71,,25687,15,,,1,29,,25689,15,,,1,71,,25688,15,,,1,29,,25691,15,,,1,70,,25690,15,,,1,30,,25692,15,,,1,70,,25693,15,,,1,30,,25694,15,,,1
3800,'Dimanche-2',742,,25704,15,,,1,72,,25702,15,,,1,23,,25700,15,,,1,77,,25707,15,,,1,28,,25695,15,,,1,72,,25696,15,,,1,28,,25708,15,,,1,72,,25703,15,,,1,29,,25697,15,,,1,72,,25698,15,,,1,27,,25701,15,,,1,73,,25699,15,,,1,27,,25710,15,,,1,72,,25712,15,,,1,28,,25705,15,,,1,74,,25711,15,,,1,27,,25713,15,,,1,73,,25706,15,,,1,24,,25709,15,,,1,74,,25717,15,,,1,27,,25722,15,,,1,73,,25719,15,,,1,27,,25718,15,,,1,73,,25716,15,,,1,29,,25721,15,,,1,71,,25726,15,,,1,29,,25724,15,,,1,71,,25714,15,,,1,29,,25715,15,,,1,70,,25725,15,,,1,30,,25723,15,,,1,70,,25720,15,,,1,30,,25727,15,,,1
3800,'Semaine-3',656,,25744,15,,,1,60,,25760,15,,,1,32,,25755,15,,,1,69,,25768,15,,,1,30,,25765,15,,,1,70,,25741,15,,,1,20,,25737,15,,,1,20,,25748,15,,,1,60,,25733,15,,,1,20,,25757,15,,,1,20,,25742,15,,,1,61,,25738,15,,,1,20,,25749,15,,,1,20,,25734,15,,,1,60,,25756,15,,,1,20,,25767,15,,,1,20,,25739,15,,,1,60,,25750,15,,,1,20,,25758,15,,,1,20,,25769,15,,,1,60,,25743,15,,,1,21,,25740,15,,,1,61,,25751,15,,,1,29,,25764,15,,,1,73,,25729,15,,,1,31,,25753,15,,,1,73,,25762,15,,,1,25,,25752,15,,,1,24,,25766,15,,,1,71,,25732,15,,,1,29,,25763,15,,,1,70,,25746,15,,,1,30,,25754,15,,,1,69,,25759,15,,,1,30,,25761,15,,,1,70,,25745,15,,,1,30,,25731,15,,,1,70,,25747,15,,,1,30,,25735,15,,,1,70,,25730,15,,,1,30,,25728,15,,,1,68,,25736,15,,,1
37100,'Samedi-11',801,,29284,17,,,1,101,,29288,17,,,1,99,,29283,17,,,1,101,,29289,17,,,1,100,,29285,17,,,1,100,,29286,17,,,1,100,,29287,17,,,1,101,,29290,17,,,1,100,,29291,17,,,1,100,,29292,17,,,1,99,,29293,17,,,1,100,,29294,17,,,1,100,,29295,17,,,1,99,,29296,17,,,1,100,,29297,17,,,1,100,,29298,17,,,1,99,,29299,17,,,1
37100,'Samedi-2',801,,29301,17,,,1,101,,29305,17,,,1,99,,29300,17,,,1,101,,29306,17,,,1,100,,29302,17,,,1,100,,29303,17,,,1,100,,29304,17,,,1,101,,29307,17,,,1,100,,29308,17,,,1,100,,29309,17,,,1,99,,29310,17,,,1,100,,29311,17,,,1,100,,29312,17,,,1,99,,29313,17,,,1,100,,29314,17,,,1,100,,29315,17,,,1,99,,29316,17,,,1
37100,'Dimanche-2',801,,29317,17,,,1,101,,29323,17,,,1,99,,29324,17,,,1,101,,29325,17,,,1,100,,29318,17,,,1,100,,29320,17,,,1,100,,29319,17,,,1,101,,29321,17,,,1,100,,29322,17,,,1,100,,29327,17,,,1,99,,29332,17,,,1,100,,29326,17,,,1,100,,29328,17,,,1,99,,29333,17,,,1,100,,29331,17,,,1,100,,29329,17,,,1,99,,29330,17,,,1
37100,'Semaine-3',706,,29347,17,,,1,35,,29344,17,,,1,71,,29340,17,,,1,28,,29335,17,,,1,90,,29354,17,,,1,98,,29339,17,,,1,102,,29341,17,,,1,100,,29353,17,,,1,100,,29348,17,,,1,102,,29337,17,,,1,92,,29349,17,,,1,18,,29358,17,,,1,17,,29338,17,,,1,55,,29359,17,,,1,25,,29334,17,,,1,20,,29343,17,,,1,68,,29350,17,,,1,25,,29356,17,,,1,68,,29355,17,,,1,30,,29345,17,,,1,69,,29357,17,,,1,30,,29360,17,,,1,70,,29346,17,,,1,95,,29342,17,,,1,100,,29352,17,,,1,100,,29351,17,,,1,98,,29336,17,,,1
43700,'Semaine-3',727,,30078,13,0,9 14,1,2,,30079,9,0,9 14,1
