2800,'Semaine-2-_26ÉTÉ-1111100-',1618,,38820,42,,,2,38,,38821,42,,,2,94,,38822,42,,,1
2800,'Semaine-3-_26ÉTÉ-1111100-',1618,,38823,42,,,2,38,,38824,42,,,2,94,,38825,42,,,1
2800,'Semaine-4-_26ÉTÉ-1111100-',1618,,38826,42,,,2,38,,38827,42,,,2,94,,38828,42,,,1
3900,'Samedi-10-_26ÉTÉ-0000010-',649,,40782,20,,,1,101,,40783,20,,,1,100,,40787,20,,,1,101,,40786,20,,,1,100,,40789,20,,,1,100,,40788,20,,,1,102,,40784,20,,,1,70,,40785,20,,,1,30,,40790,20,,,1,71,,40791,20,,,2,30,,40792,20,,,1,70,,40793,20,,,1,31,,40794,20,,,2,70,,40795,20,,,1,30,,40796,20,,,1,70,,40797,20,,,1,30,,40798,20,,,1,69,,40799,20,,,1,29,,40800,20,,,1,68,,40801,20,,,1,100,,40802,20,,,1,100,,40803,20,,,1,100,,40804,20,,,1,100,,40805,20,,,1
3900,'Semaine-2-_26ÉTÉ-1111100-',625,,40823,20,,,2,25,,40809,20,,,1,70,,40828,20,,,2,28,,40821,20,,,1,73,,40822,20,,,1,33,,40820,20,,,1,72,,40817,20,,,1,30,,40834,20,,,1,70,,40829,20,,,1,31,,40841,20,,,1,70,,40826,20,,,2,31,,40830,20,,,1,69,,40818,20,,,1,32,,40816,20,,,2,69,,40831,20,,,1,29,,40819,20,,,1,70,,40806,20,,,2,32,,40832,20,,,1,75,,40813,20,,,2,69,,40815,20,,,1,30,,40833,20,,,2,74,,40812,20,,,1,27,,40807,20,,,1,70,,40835,20,,,1,27,,40814,20,,,1,71,,40808,20,,,1,29,,40836,20,,,2,72,,40811,20,,,1,25,,40827,20,,,2,26,,40837,20,,,1,70,,40810,20,,,1,30,,40825,20,,,1,70,,40838,20,,,1,30,,40824,20,,,1,70,,40840,20,,,1,30,,40839,20,,,1
3900,'Semaine-3-_26ÉTÉ-1111100-',625,,40859,20,,,2,25,,40845,20,,,1,70,,40864,20,,,2,28,,40857,20,,,1,73,,40858,20,,,1,33,,40856,20,,,1,72,,40853,20,,,1,30,,40870,20,,,1,70,,40865,20,,,1,31,,40877,20,,,1,70,,40862,20,,,2,31,,40866,20,,,1,69,,40854,20,,,1,32,,40852,20,,,2,69,,40867,20,,,1,29,,40855,20,,,1,70,,40842,20,,,2,32,,40868,20,,,1,75,,40849,20,,,2,69,,40851,20,,,1,30,,40869,20,,,2,74,,40848,20,,,1,27,,40843,20,,,1,70,,40871,20,,,1,27,,40850,20,,,1,71,,40844,20,,,1,29,,40872,20,,,2,72,,40847,20,,,1,25,,40863,20,,,2,26,,40873,20,,,1,70,,40846,20,,,1,30,,40861,20,,,1,70,,40874,20,,,1,30,,40860,20,,,1,70,,40876,20,,,1,30,,40875,20,,,1
3900,'Semaine-4-_26ÉTÉ-1111100-',625,,40895,20,,,2,25,,40881,20,,,1,70,,40900,20,,,2,28,,40893,20,,,1,73,,40894,20,,,1,33,,40892,20,,,1,72,,40889,20,,,1,30,,40906,20,,,1,70,,40901,20,,,1,31,,40913,20,,,1,70,,40898,20,,,2,31,,40902,20,,,1,69,,40890,20,,,1,32,,40888,20,,,2,69,,40903,20,,,1,29,,40891,20,,,1,70,,40878,20,,,2,32,,40904,20,,,1,75,,40885,20,,,2,69,,40887,20,,,1,30,,40905,20,,,2,74,,40884,20,,,1,27,,40879,20,,,1,70,,40907,20,,,1,27,,40886,20,,,1,71,,40880,20,,,1,29,,40908,20,,,2,72,,40883,20,,,1,25,,40899,20,,,2,26,,40909,20,,,1,70,,40882,20,,,1,30,,40897,20,,,1,70,,40910,20,,,1,30,,40896,20,,,1,70,,40912,20,,,1,30,,40911,20,,,1
5000,'Semaine-2-_26ÉTÉ-1111100-',659,,41418,36,,,2,65,,41417,36,,,1,30,,41419,36,,,1,70,,41416,36,,,1,106,,41420,36,,,1
5000,'Semaine-3-_26ÉTÉ-1111100-',659,,41423,36,,,2,65,,41422,36,,,1,30,,41424,36,,,1,70,,41421,36,,,1,106,,41425,36,,,1
5000,'Semaine-4-_26ÉTÉ-1111100-',659,,41428,36,,,2,65,,41427,36,,,1,30,,41429,36,,,1,70,,41426,36,,,1,106,,41430,36,,,1
55000,'Semaine-2-_26ÉTÉ-1111100-',717,,46761,36,,,1
55000,'Semaine-3-_26ÉTÉ-1111100-',717,,46762,36,,,1
55000,'Semaine-4-_26ÉTÉ-1111100-',717,,46763,36,,,1
