3100,'Samedi-11',753,,24633,48,,,1,70,,24634,48,,,1,104,,24635,48,,,1,102,,24632,48,,,1,102,,24638,48,,,1,102,,24639,48,,,1,101,,24636,48,,,1,100,,24637,48,,,1,100,,24640,48,,,1,102,,24641,48,,,1,98,,24642,48,,,1,100,,24643,48,,,1,91,,24649,48,,,1,100,,24644,48,,,1,100,,24645,48,,,1,100,,24646,48,,,1,100,,24647,48,,,1,100,,24648,48,,,1,94,,24650,48,,,1
3100,'Samedi-2',753,,24652,48,,,1,70,,24653,48,,,1,104,,24654,48,,,1,102,,24651,48,,,1,102,,24657,48,,,1,102,,24658,48,,,1,101,,24655,48,,,1,100,,24656,48,,,1,100,,24659,48,,,1,102,,24660,48,,,1,98,,24661,48,,,1,100,,24662,48,,,1,91,,24668,48,,,1,100,,24663,48,,,1,100,,24664,48,,,1,100,,24665,48,,,1,100,,24666,48,,,1,100,,24667,48,,,1,94,,24669,48,,,1
3100,'Dimanche-2',753,,24674,48,,,1,70,,24675,48,,,1,104,,24676,48,,,1,102,,24677,48,,,1,102,,24670,48,,,1,102,,24671,48,,,1,101,,24672,48,,,1,100,,24673,48,,,1,100,,24679,48,,,1,102,,24680,48,,,1,98,,24678,48,,,1,100,,24681,48,,,1,91,,24684,48,,,1,100,,24688,48,,,1,100,,24682,48,,,1,100,,24683,48,,,1,100,,24686,48,,,1,100,,24685,48,,,1,94,,24687,48,,,1
3100,'Semaine-3',640,,24693,46,,,1,75,,24728,46,,,1,32,,24706,46,,,1,72,,24694,46,,,1,20,,24734,46,,,1,14,,24731,46,,,1,60,,24690,46,,,1,16,,24703,46,,,1,17,,24704,46,,,1,12,,24720,46,,,1,59,,24695,46,,,1,21,,24697,46,,,1,20,,24714,46,,,1,60,,24715,46,,,1,20,,24721,46,,,1,20,,24696,46,,,1,60,,24701,46,,,1,21,,24722,46,,,1,20,,24729,46,,,1,59,,24717,46,,,1,20,,24698,46,,,1,21,,24691,46,,,1,57,,24727,46,,,1,22,,24732,46,,,1,19,,24716,46,,,1,59,,24699,46,,,1,19,,24719,46,,,1,72,,24723,46,,,1,21,,24730,46,,,1,16,,24718,46,,,1,14,,24700,46,,,1,61,,24711,46,,,1,20,,24713,46,,,1,62,,24702,46,,,1,3,,24689,39,,,1,13,,24707,46,,,1,21,,24692,46,,,1,13,,24725,46,,,1,58,,24733,46,,,1,26,,24708,48,,,1,98,,24726,48,,,1,99,,24709,48,,,1,100,,24705,48,,,1,99,,24710,48,,,1,102,,24712,48,,,1,103,,24724,48,,,1
3301,'Samedi-11',711,,25033,17,,,1,100,,25034,17,,,1,100,,25031,17,,,1,100,,25037,17,,,1,99,,25038,17,,,1,101,,25032,17,,,1,100,,25035,17,,,1,100,,25036,17,,,1,101,,25039,17,,,1,99,,25040,17,,,1,100,,25041,17,,,1,99,,25048,17,,,1,100,,25042,17,,,1,100,,25043,17,,,1,100,,25044,17,,,1,100,,25045,17,,,1,100,,25046,17,,,1,100,,25047,17,,,1
3301,'Samedi-2',711,,25051,17,,,1,100,,25052,17,,,1,100,,25049,17,,,1,100,,25055,17,,,1,99,,25056,17,,,1,101,,25050,17,,,1,100,,25053,17,,,1,100,,25054,17,,,1,101,,25057,17,,,1,99,,25058,17,,,1,100,,25059,17,,,1,99,,25066,17,,,1,100,,25060,17,,,1,100,,25061,17,,,1,100,,25062,17,,,1,100,,25063,17,,,1,100,,25064,17,,,1,100,,25065,17,,,1
3301,'Dimanche-2',711,,25071,17,,,1,100,,25072,17,,,1,100,,25073,17,,,1,100,,25067,17,,,1,99,,25068,17,,,1,101,,25069,17,,,1,100,,25070,17,,,1,100,,25075,17,,,1,101,,25076,17,,,1,99,,25074,17,,,1,100,,25077,17,,,1,99,,25080,17,,,1,100,,25084,17,,,1,100,,25078,17,,,1,100,,25079,17,,,1,100,,25082,17,,,1,100,,25081,17,,,1,100,,25083,17,,,1
3301,'Semaine-3',557,,25108,17,,,1,62,,25116,17,,,2,24,,25093,17,,,1,57,,25113,17,,,1,15,,25109,17,,,1,5,,25104,17,,,1,9,,25124,17,,,1,13,,25122,17,,,1,16,,25111,17,,,1,57,,25099,17,,,1,10,,25115,17,,,2,16,,25089,17,,,1,70,,25101,17,,,2,29,,25107,17,,,1,71,,25097,17,,,1,28,,25118,17,,,1,71,,25102,17,,,1,29,,25094,17,,,1,72,,25096,17,,,1,19,,25114,17,,,1,6,,25123,17,,,1,67,,25105,17,,,1,30,,25095,17,,,1,71,,25100,17,,,1,31,,25103,17,,,1,12,,25125,17,,,2,57,,25106,17,,,1,17,,25098,17,,,2,13,,25110,17,,,1,73,,25091,17,,,1,23,,25121,17,,,2,25,,25088,17,,,2,71,,25085,17,,,2,32,,25119,17,,,1,83,,25092,17,,,2,69,,25087,17,,,2,97,,25090,17,,,1,41,,25112,17,,,2,105,,25117,17,,,1,98,,25086,17,,,2,164,,25120,17,,,1
3501,'Semaine-3',652,,25439,10,,,1,77,,25450,10,,,1
33101,'Semaine-3',1638,,29282,31,0,7 8,1
43101,'Semaine-3',748,,30074,25,0,9 14,1
43301,'Semaine-3',743,,30077,26,0,9 14,1
56601,'Semaine-3',718,,30096,42,0,5 6,1
56901,'Semaine-3',718,,30098,25,0,5 6,1
83100,'Semaine-3',1544,,30327,24,0,9 12 13,1
