3201,'Semaine-3',551,,24929,40,4,,1,61,,24928,40,4,,1,19,,24920,40,4,,1,20,,24930,40,4,,1,49,,24910,40,4,,1,9,,24931,40,4,,1,13,,24911,40,4,,2,10,,24912,40,4,,1,13,,24904,40,4,,1,9,,24907,40,4,,1,47,,24933,40,4,,1,9,,24913,40,4,,1,9,,24908,40,4,,1,9,,24921,40,4,,1,8,,24903,40,4,,2,6,,24914,40,4,,1,8,,24932,40,4,,1,8,,24902,40,4,,1,51,,24901,40,4,,1,11,,24906,40,4,,1,2,,24909,40,4,,1,10,,24915,40,4,,2,19,,24889,40,4,,2,70,,24899,41,4,,1,30,,24892,41,4,,1,70,,24895,41,4,,2,30,,24888,41,4,,2,70,,24898,41,4,,1,30,,24893,41,4,,1,70,,24900,41,4,,1,31,,24882,41,4,,1,69,,24887,41,4,,1,31,,24894,41,4,,1,75,,24905,41,4,,1,30,,24922,41,4,,1,70,,24923,41,4,,1,30,,24924,41,4,,2,66,,24925,41,4,,2,31,,24926,41,4,,1,69,,24927,41,4,,1,28,,24885,41,4,,2,69,,24883,41,4,,1,36,,24896,41,4,,1,62,,24891,41,4,,1,30,,24886,41,4,,2,70,,24884,41,4,,1,30,,24897,41,4,,1,68,,24890,41,4,,1,30,,24917,41,4,,2,70,,24916,41,4,,1,30,,24918,41,4,,1,73,,24919,41,4,,1
3401,'Samedi-11',737,,25260,62,4,,1,100,,25263,62,4,,2,70,,25272,62,4,,1,33,,25261,62,4,,1,70,,25266,62,4,,1,30,,25268,62,4,,1,70,,25262,62,4,,2,30,,25271,62,4,,1,73,,25264,62,4,,1,30,,25273,62,4,,1,70,,25265,62,4,,1,30,,25267,62,4,,1,70,,25269,62,4,,2,30,,25270,62,4,,2,70,,25274,62,4,,1,32,,25275,62,4,,2,70,,25276,62,4,,1,30,,25277,62,4,,1,69,,25278,62,4,,1,29,,25279,62,4,,1,70,,25280,62,4,,2,29,,25281,62,4,,1,67,,25282,62,4,,1,30,,25284,62,4,,1,70,,25283,62,4,,2,30,,25285,62,4,,1,70,,25286,62,4,,1,28,,25287,62,4,,1,70,,25289,62,4,,1,30,,25288,62,4,,1,70,,25290,62,4,,1,95,,25291,62,4,,1
3401,'Samedi-2',737,,25292,62,4,,1,100,,25295,62,4,,2,70,,25304,62,4,,1,33,,25293,62,4,,1,70,,25298,62,4,,1,30,,25300,62,4,,1,70,,25294,62,4,,2,30,,25303,62,4,,1,73,,25296,62,4,,1,30,,25305,62,4,,1,70,,25297,62,4,,1,30,,25299,62,4,,1,70,,25301,62,4,,2,30,,25302,62,4,,2,70,,25306,62,4,,1,32,,25307,62,4,,2,70,,25308,62,4,,1,30,,25309,62,4,,1,69,,25310,62,4,,1,29,,25311,62,4,,1,70,,25312,62,4,,2,29,,25313,62,4,,1,67,,25314,62,4,,1,30,,25316,62,4,,1,70,,25315,62,4,,2,30,,25317,62,4,,1,70,,25318,62,4,,1,28,,25319,62,4,,1,70,,25321,62,4,,1,30,,25320,62,4,,1,70,,25322,62,4,,1,95,,25323,62,4,,1
3401,'Dimanche-2',737,,25325,62,4,,1,100,,25336,62,4,,2,70,,25329,62,4,,1,33,,25332,62,4,,1,70,,25331,62,4,,1,30,,25340,62,4,,1,70,,25337,62,4,,2,30,,25324,62,4,,1,73,,25335,62,4,,1,30,,25328,62,4,,1,70,,25326,62,4,,1,30,,25327,62,4,,1,70,,25330,62,4,,2,30,,25338,62,4,,2,70,,25334,62,4,,1,32,,25333,62,4,,2,70,,25339,62,4,,1,30,,25344,62,4,,1,69,,25342,62,4,,1,29,,25348,62,4,,1,70,,25351,62,4,,2,29,,25341,62,4,,1,67,,25350,62,4,,1,30,,25343,62,4,,1,70,,25347,62,4,,2,30,,25354,62,4,,1,70,,25346,62,4,,1,28,,25345,62,4,,1,70,,25352,62,4,,1,30,,25353,62,4,,1,70,,25349,62,4,,1,95,,25355,62,4,,1
3401,'Semaine-3',951,,25381,61,4,,1,65,,25361,61,4,,1,30,,25365,62,4,,1,70,,25385,62,4,,1,30,,25358,62,4,,1,70,,25362,62,4,,1,30,,25366,62,4,,1,70,,25356,62,4,,1,30,,25359,62,4,,1,70,,25363,62,4,,1,34,,25367,62,4,,1,70,,25360,62,4,,1,32,,25382,62,4,,1,73,,25357,62,4,,1,31,,25383,62,4,,1,71,,25384,62,4,,2,26,,25378,62,4,,1,67,,25374,62,4,,1,26,,25364,62,4,,1,69,,25371,62,4,,1,29,,25380,62,4,,1,69,,25368,62,4,,1,30,,25370,62,4,,1,70,,25372,62,4,,1,30,,25376,62,4,,1,70,,25369,62,4,,1,30,,25375,62,4,,1,68,,25373,62,4,,1,30,,25377,62,4,,1,70,,25379,62,4,,1
3601,'Semaine-3',929,,25465,50,4,,1,90,,25463,51,4,,1,98,,25466,51,4,,1,102,,25464,51,4,,1,99,,25469,51,4,,1,100,,25468,51,4,,1,101,,25467,51,4,,1
3701,'Samedi-11',723,,25554,43,4,,1,100,,25559,43,4,,1,100,,25553,43,4,,1,103,,25558,43,4,,1,101,,25555,43,4,,1,99,,25556,43,4,,1,100,,25560,43,4,,1,104,,25557,43,4,,1,100,,25561,43,4,,1,100,,25562,43,4,,1,100,,25563,43,4,,1,95,,25564,43,4,,1,100,,25565,43,4,,1,102,,25566,43,4,,1,98,,25567,43,4,,1,96,,25568,43,4,,1,98,,25569,43,4,,1
3701,'Samedi-2',723,,25571,43,4,,1,100,,25576,43,4,,1,100,,25570,43,4,,1,103,,25575,43,4,,1,101,,25572,43,4,,1,99,,25573,43,4,,1,100,,25577,43,4,,1,104,,25574,43,4,,1,100,,25578,43,4,,1,100,,25579,43,4,,1,100,,25580,43,4,,1,95,,25581,43,4,,1,100,,25582,43,4,,1,102,,25583,43,4,,1,98,,25584,43,4,,1,96,,25585,43,4,,1,98,,25586,43,4,,1
3701,'Dimanche-2',723,,25587,43,4,,1,100,,25591,43,4,,1,100,,25592,43,4,,1,103,,25594,43,4,,1,101,,25593,43,4,,1,99,,25589,43,4,,1,100,,25588,43,4,,1,104,,25590,43,4,,1,100,,25595,43,4,,1,100,,25599,43,4,,1,100,,25602,43,4,,1,95,,25596,43,4,,1,100,,25597,43,4,,1,102,,25603,43,4,,1,98,,25601,43,4,,1,96,,25598,43,4,,1,98,,25600,43,4,,1
3701,'Semaine-3',550,,25617,42,4,,1,72,,25615,42,4,,1,35,,25619,42,4,,1,66,,25609,42,4,,1,78,,25626,42,4,,1,21,,25606,42,4,,1,12,,25627,42,4,,1,66,,25608,42,4,,1,100,,25625,42,4,,1,58,,25613,43,4,,1,142,,25607,43,4,,1,100,,25605,43,4,,1,100,,25610,43,4,,1,101,,25621,43,4,,1,102,,25604,43,4,,1,33,,25620,43,4,,1,70,,25623,43,4,,1,29,,25618,43,4,,1,67,,25624,43,4,,1,26,,25628,43,4,,1,85,,25612,43,4,,1,97,,25622,43,4,,1,100,,25614,43,4,,1,100,,25611,43,4,,1,95,,25616,43,4,,1
3801,'Samedi-11',736,,25774,30,4,,1,70,,25770,30,4,,1,30,,25782,30,4,,1,71,,25775,30,4,,1,29,,25771,30,4,,1,72,,25783,30,4,,1,28,,25776,30,4,,1,73,,25780,30,4,,1,27,,25772,30,4,,1,74,,25777,30,4,,1,30,,25781,30,4,,1,70,,25773,30,4,,1,30,,25778,30,4,,1,72,,25779,30,4,,1,28,,25784,30,4,,1,72,,25785,30,4,,1,28,,25786,30,4,,1,72,,25787,30,4,,1,28,,25788,30,4,,1,71,,25789,30,4,,1,29,,25790,30,4,,1,70,,25791,30,4,,1,26,,25792,30,4,,1,71,,25794,30,4,,1,29,,25793,30,4,,1,71,,25796,30,4,,1,29,,25795,30,4,,1,71,,25797,30,4,,1,29,,25798,30,4,,1,70,,25802,30,4,,1,30,,25799,30,4,,1,70,,25800,30,4,,1,30,,25801,30,4,,1
3801,'Samedi-2',736,,25807,30,4,,1,70,,25803,30,4,,1,30,,25815,30,4,,1,71,,25808,30,4,,1,29,,25804,30,4,,1,72,,25816,30,4,,1,28,,25809,30,4,,1,73,,25813,30,4,,1,27,,25805,30,4,,1,74,,25810,30,4,,1,30,,25814,30,4,,1,70,,25806,30,4,,1,30,,25811,30,4,,1,72,,25812,30,4,,1,28,,25817,30,4,,1,72,,25818,30,4,,1,28,,25819,30,4,,1,72,,25820,30,4,,1,28,,25821,30,4,,1,71,,25822,30,4,,1,29,,25823,30,4,,1,70,,25824,30,4,,1,26,,25825,30,4,,1,71,,25827,30,4,,1,29,,25826,30,4,,1,71,,25829,30,4,,1,29,,25828,30,4,,1,71,,25830,30,4,,1,29,,25831,30,4,,1,70,,25835,30,4,,1,30,,25832,30,4,,1,70,,25833,30,4,,1,30,,25834,30,4,,1
3801,'Dimanche-2',736,,25843,30,4,,1,70,,25839,30,4,,1,30,,25850,30,4,,1,71,,25842,30,4,,1,29,,25836,30,4,,1,72,,25851,30,4,,1,28,,25845,30,4,,1,73,,25837,30,4,,1,27,,25849,30,4,,1,74,,25844,30,4,,1,30,,25838,30,4,,1,70,,25840,30,4,,1,30,,25841,30,4,,1,72,,25847,30,4,,1,28,,25853,30,4,,1,72,,25854,30,4,,1,28,,25848,30,4,,1,72,,25852,30,4,,1,28,,25858,30,4,,1,71,,25863,30,4,,1,29,,25864,30,4,,1,70,,25859,30,4,,1,26,,25846,30,4,,1,71,,25861,30,4,,1,29,,25856,30,4,,1,71,,25857,30,4,,1,29,,25860,30,4,,1,71,,25862,30,4,,1,29,,25866,30,4,,1,70,,25865,30,4,,1,30,,25855,30,4,,1,70,,25867,30,4,,1,30,,25868,30,4,,1
3801,'Semaine-3',645,,25897,31,4,,1,72,,25869,31,4,,1,30,,25896,31,4,,1,59,,25907,31,4,,1,21,,25903,31,4,,1,27,,25885,31,4,,1,67,,25905,31,4,,1,29,,25892,30,4,,1,59,,25875,30,4,,1,20,,25901,30,4,,1,20,,25886,30,4,,1,60,,25878,30,4,,1,22,,25893,30,4,,1,20,,25876,30,4,,1,60,,25900,30,4,,1,21,,25906,30,4,,1,22,,25879,30,4,,1,60,,25908,30,4,,1,22,,25894,30,4,,1,18,,25899,30,4,,1,58,,25887,30,4,,1,20,,25880,30,4,,1,19,,25895,30,4,,1,61,,25909,30,4,,1,23,,25882,30,4,,1,22,,25888,30,4,,1,70,,25902,30,4,,1,31,,25877,30,4,,1,69,,25884,30,4,,1,28,,25874,30,4,,1,70,,25910,30,4,,1,17,,25871,30,4,,1,61,,25904,30,4,,1,29,,25873,30,4,,1,70,,25883,30,4,,1,30,,25891,30,4,,1,70,,25898,30,4,,1,30,,25881,30,4,,1,70,,25889,30,4,,1,29,,25890,30,4,,1,69,,25870,30,4,,1,45,,25872,30,4,,1
5501,'Samedi-11',735,,26662,60,4,,1,70,,26665,60,4,,1,30,,26664,60,4,,1,70,,26674,60,4,,1,30,,26663,60,4,,1,72,,26666,60,4,,1,30,,26667,60,4,,1,70,,26673,60,4,,1,33,,26669,60,4,,1,70,,26670,60,4,,1,31,,26668,60,4,,1,68,,26676,60,4,,1,30,,26675,60,4,,1,70,,26671,60,4,,1,30,,26672,60,4,,1,70,,26677,60,4,,1,30,,26678,60,4,,1,70,,26679,60,4,,1,30,,26680,60,4,,1,70,,26681,60,4,,1,30,,26682,60,4,,1,70,,26683,60,4,,1,30,,26684,60,4,,1,67,,26685,60,4,,1,30,,26686,60,4,,1,70,,26687,60,4,,1,30,,26688,60,4,,1,66,,26689,60,4,,1,30,,26690,60,4,,1,70,,26692,60,4,,1,28,,26691,60,4,,1,72,,26694,60,4,,1,28,,26693,60,4,,1
5501,'Samedi-2',735,,26695,60,4,,1,70,,26698,60,4,,1,30,,26697,60,4,,1,70,,26707,60,4,,1,30,,26696,60,4,,1,72,,26699,60,4,,1,30,,26700,60,4,,1,70,,26706,60,4,,1,33,,26702,60,4,,1,70,,26703,60,4,,1,31,,26701,60,4,,1,68,,26709,60,4,,1,30,,26708,60,4,,1,70,,26704,60,4,,1,30,,26705,60,4,,1,70,,26710,60,4,,1,30,,26711,60,4,,1,70,,26712,60,4,,1,30,,26713,60,4,,1,70,,26714,60,4,,1,30,,26715,60,4,,1,70,,26716,60,4,,1,30,,26717,60,4,,1,67,,26718,60,4,,1,30,,26719,60,4,,1,70,,26720,60,4,,1,30,,26721,60,4,,1,66,,26722,60,4,,1,30,,26723,60,4,,1,70,,26725,60,4,,1,28,,26724,60,4,,1,72,,26727,60,4,,1,28,,26726,60,4,,1
5501,'Dimanche-2',735,,26729,60,4,,1,70,,26734,60,4,,1,30,,26730,60,4,,1,70,,26738,60,4,,1,30,,26741,60,4,,1,72,,26733,60,4,,1,30,,26745,60,4,,1,70,,26739,60,4,,1,33,,26740,60,4,,1,70,,26731,60,4,,1,31,,26728,60,4,,1,68,,26735,60,4,,1,30,,26742,60,4,,1,70,,26732,60,4,,1,30,,26743,60,4,,1,70,,26737,60,4,,1,30,,26736,60,4,,1,70,,26746,60,4,,1,30,,26750,60,4,,1,70,,26744,60,4,,1,30,,26747,60,4,,1,70,,26757,60,4,,1,30,,26754,60,4,,1,67,,26759,60,4,,1,30,,26760,60,4,,1,70,,26748,60,4,,1,30,,26751,60,4,,1,66,,26749,60,4,,1,30,,26752,60,4,,1,70,,26753,60,4,,1,28,,26756,60,4,,1,71,,26758,60,4,,1,29,,26755,60,4,,1
5501,'Semaine-3',551,,26774,60,4,,1,55,,26781,60,4,,1,14,,26780,58,4,,1,18,,26764,58,4,,1,16,,26802,58,4,,1,61,,26801,58,4,,1,9,,26761,58,4,,1,18,,26806,58,4,,1,15,,26787,58,4,,1,56,,26795,58,4,,1,15,,26765,58,4,,1,9,,26769,58,4,,1,12,,26767,58,4,,1,9,,26796,58,4,,1,44,,26798,58,4,,1,12,,26775,58,4,,1,28,,26779,58,4,,1,10,,26766,58,4,,1,51,,26800,58,4,,1,30,,26793,60,4,,1,23,,26805,27,4,,1,48,,26797,60,4,,1,29,,26763,60,4,,1,67,,26770,60,4,,1,31,,26783,60,4,,1,69,,26794,60,4,,1,31,,26790,60,4,,1,70,,26771,60,4,,1,30,,26803,60,4,,1,70,,26762,60,4,,1,38,,26768,60,4,,1,93,,26772,60,4,,1,93,,26777,60,4,,1,99,,26782,60,4,,1,96,,26799,60,4,,1,19,,26788,60,4,,1,70,,26776,60,4,,1,30,,26792,60,4,,1,70,,26785,60,4,,1,30,,26804,60,4,,1,70,,26778,60,4,,1,30,,26784,60,4,,1,67,,26786,60,4,,1,30,,26773,60,4,,1,68,,26791,60,4,,1,30,,26789,60,4,,1
5901,'Samedi-11',745,,26987,49,4,,1,70,,26994,49,4,,1,33,,26991,49,4,,1,70,,26996,49,4,,1,31,,26988,49,4,,1,70,,26993,49,4,,1,31,,26992,49,4,,1,70,,26995,49,4,,1,30,,26999,49,4,,1,71,,27000,49,4,,1,30,,26989,49,4,,1,70,,26990,49,4,,1,30,,26998,49,4,,1,70,,26997,49,4,,1,30,,27001,49,4,,1,70,,27002,49,4,,1,30,,27003,49,4,,1,70,,27004,49,4,,1,30,,27005,49,4,,1,70,,27006,49,4,,1,30,,27007,49,4,,1,70,,27008,49,4,,1,30,,27009,49,4,,1,66,,27010,49,4,,1,30,,27011,49,4,,1,71,,27013,49,4,,1,30,,27012,49,4,,1,68,,27014,49,4,,1,30,,27015,49,4,,1,70,,27016,49,4,,1,30,,27018,49,4,,1,66,,27017,49,4,,1
5901,'Samedi-2',745,,27019,49,4,,1,70,,27026,49,4,,1,33,,27023,49,4,,1,70,,27028,49,4,,1,31,,27020,49,4,,1,70,,27025,49,4,,1,31,,27024,49,4,,1,70,,27027,49,4,,1,30,,27031,49,4,,1,71,,27032,49,4,,1,30,,27021,49,4,,1,70,,27022,49,4,,1,30,,27030,49,4,,1,70,,27029,49,4,,1,30,,27033,49,4,,1,70,,27034,49,4,,1,30,,27035,49,4,,1,70,,27036,49,4,,1,30,,27037,49,4,,1,70,,27038,49,4,,1,30,,27039,49,4,,1,70,,27040,49,4,,1,30,,27041,49,4,,1,66,,27042,49,4,,1,30,,27043,49,4,,1,71,,27045,49,4,,1,30,,27044,49,4,,1,68,,27046,49,4,,1,30,,27047,49,4,,1,70,,27048,49,4,,1,30,,27050,49,4,,1,66,,27049,49,4,,1
5901,'Dimanche-2',745,,27057,49,4,,1,70,,27060,49,4,,1,33,,27062,49,4,,1,70,,27053,49,4,,1,31,,27056,49,4,,1,70,,27059,49,4,,1,31,,27063,49,4,,1,70,,27051,49,4,,1,30,,27054,49,4,,1,71,,27068,49,4,,1,30,,27061,49,4,,1,70,,27052,49,4,,1,30,,27055,49,4,,1,70,,27058,49,4,,1,30,,27065,49,4,,1,70,,27064,49,4,,1,30,,27067,49,4,,1,70,,27069,49,4,,1,30,,27066,49,4,,1,70,,27075,49,4,,1,30,,27076,49,4,,1,70,,27072,49,4,,1,30,,27071,49,4,,1,66,,27081,49,4,,1,30,,27078,49,4,,1,71,,27079,49,4,,1,30,,27070,49,4,,1,68,,27073,49,4,,1,30,,27077,49,4,,1,70,,27074,49,4,,1,30,,27080,49,4,,1,66,,27082,49,4,,1
5901,'Semaine-3',544,,27087,49,4,,1,13,,27123,49,4,,1,56,,27096,49,4,,1,15,,27117,47,4,,1,19,,27097,47,4,,1,55,,27086,47,4,,1,6,,27088,47,4,,1,25,,27091,47,4,,1,7,,27126,25,4,,1,15,,27127,25,4,,1,49,,27094,47,4,,1,5,,27128,25,4,,1,13,,27095,47,4,,1,14,,27090,47,4,,1,10,,27119,47,4,,1,9,,27105,47,4,,1,46,,27110,47,4,,1,13,,27084,47,4,,1,12,,27100,47,4,,1,6,,27085,47,4,,1,12,,27103,47,4,,1,72,,27129,47,4,,1,29,,27124,49,4,,1,70,,27111,49,4,,1,30,,27093,49,4,,1,72,,27104,49,4,,1,30,,27107,49,4,,1,70,,27092,49,4,,1,31,,27121,49,4,,1,69,,27083,49,4,,1,30,,27125,49,4,,1,70,,27115,49,4,,1,84,,27118,49,4,,1,100,,27122,49,4,,1,54,,27102,49,4,,1,97,,27109,49,4,,1,72,,27114,49,4,,1,30,,27101,49,4,,1,70,,27108,49,4,,1,30,,27113,49,4,,1,69,,27120,49,4,,1,30,,27098,49,4,,1,70,,27116,49,4,,1,29,,27106,49,4,,1,70,,27089,49,4,,1,30,,27099,49,4,,1,70,,27112,49,4,,1
6701,'Samedi-11',702,,27837,38,4,,1,100,,27843,38,4,,1,101,,27839,38,4,,1,101,,27838,38,4,,1,31,,27841,38,4,,1,70,,27846,38,4,,1,32,,27847,38,4,,2,70,,27840,38,4,,1,30,,27842,38,4,,1,70,,27845,38,4,,1,30,,27848,38,4,,1,70,,27849,38,4,,1,30,,27844,38,4,,1,71,,27850,38,4,,1,30,,27851,38,4,,1,71,,27852,38,4,,2,31,,27853,38,4,,2,66,,27854,38,4,,1,33,,27855,38,4,,1,69,,27856,38,4,,1,30,,27857,38,4,,2,65,,27858,38,4,,1,32,,27859,38,4,,2,100,,27860,38,4,,1,100,,27861,38,4,,1,100,,27863,38,4,,1,98,,27862,38,4,,1
6701,'Samedi-2',702,,27864,38,4,,1,100,,27870,38,4,,1,101,,27866,38,4,,1,101,,27865,38,4,,1,31,,27868,38,4,,1,70,,27873,38,4,,1,32,,27874,38,4,,2,70,,27867,38,4,,1,30,,27869,38,4,,1,70,,27872,38,4,,1,30,,27875,38,4,,1,70,,27876,38,4,,1,30,,27871,38,4,,1,71,,27877,38,4,,1,30,,27878,38,4,,1,71,,27879,38,4,,2,31,,27880,38,4,,2,66,,27881,38,4,,1,33,,27882,38,4,,1,69,,27883,38,4,,1,30,,27884,38,4,,2,65,,27885,38,4,,1,32,,27886,38,4,,2,100,,27887,38,4,,1,100,,27888,38,4,,1,100,,27890,38,4,,1,98,,27889,38,4,,1
6701,'Dimanche-2',702,,27891,38,4,,1,100,,27896,38,4,,1,101,,27899,38,4,,1,101,,27894,38,4,,1,31,,27892,38,4,,1,70,,27893,38,4,,1,32,,27895,38,4,,2,70,,27903,38,4,,1,30,,27897,38,4,,1,70,,27901,38,4,,1,30,,27898,38,4,,1,70,,27906,38,4,,1,30,,27907,38,4,,1,71,,27904,38,4,,1,30,,27909,38,4,,1,71,,27900,38,4,,2,31,,27912,38,4,,2,66,,27905,38,4,,1,33,,27902,38,4,,1,69,,27910,38,4,,1,30,,27913,38,4,,2,65,,27917,38,4,,1,32,,27916,38,4,,2,100,,27908,38,4,,1,100,,27914,38,4,,1,100,,27911,38,4,,1,98,,27915,38,4,,1
6701,'Semaine-3',944,,27938,38,4,,1,58,,27927,38,4,,1,20,,27945,38,4,,2,20,,27931,38,4,,1,60,,27925,38,4,,1,20,,27946,38,4,,1,20,,27939,38,4,,1,60,,27928,38,4,,1,20,,27947,38,4,,1,20,,27932,38,4,,1,59,,27935,38,4,,1,20,,27948,38,4,,1,20,,27934,38,4,,1,60,,27929,38,4,,1,22,,27949,38,4,,1,20,,27940,38,4,,1,60,,27942,38,4,,1,24,,27944,38,4,,1,20,,27936,38,4,,1,74,,27920,38,4,,1,30,,27943,38,4,,1,66,,27923,38,4,,2,35,,27941,38,4,,1,64,,27937,38,4,,1,28,,27930,38,4,,1,68,,27918,38,4,,2,28,,27933,38,4,,1,69,,27921,38,4,,2,30,,27950,38,4,,1,70,,27919,38,4,,2,30,,27952,38,4,,1,69,,27922,38,4,,1,30,,27953,38,4,,2,68,,27924,38,4,,1,29,,27951,38,4,,1,70,,27926,38,4,,1
8501,'Semaine-3',556,,28975,40,4,,1,72,,28977,40,4,,1,24,,28980,40,4,,1,58,,28979,40,4,,1,16,,28984,40,4,,2,23,,28976,40,4,,1,54,,28982,40,4,,1,15,,28978,40,4,,1,17,,28983,40,4,,1,19,,28981,40,4,,1
8701,'Semaine-3',540,,29004,36,4,,1,70,,28997,36,4,,1,32,,29002,36,4,,1,60,,29000,36,4,,1,16,,28998,36,4,,1,17,,29007,36,4,,1,15,,29003,36,4,,1,61,,28999,36,4,,1,15,,29006,36,4,,1,17,,29005,36,4,,1,62,,29001,36,4,,1,16,,28996,36,4,,1
20001,'Semaine-3',645,,29240,15,4,,1,3,,29241,17,4,,1,10,,29242,15,4,,1,42,,29243,17,4,,1,7,,29244,15,4,,1,7,,29266,17,4,,1,5,,29245,15,4,,1,7,,29246,17,4,,1,7,,29263,15,4,,1,5,,29247,17,4,,1,6,,29262,15,4,,1,4,,29249,17,4,,1,4,,29258,15,4,,1,3,,29248,15,4,,1,3,,29239,17,4,,1,44,,29265,15,4,,1,3,,29254,15,4,,1,3,,29250,17,4,,1,4,,29252,15,4,,1,4,,29264,15,4,,1,2,,29251,17,4,,1,9,,29255,15,4,,1,5,,29253,17,4,,1,1,,29257,15,4,,1,7,,29256,17,4,,1,6,,29267,15,4,,1,7,,29259,17,4,,1,6,,29260,15,4,,1,43,,29261,17,4,,1,6,,29268,15,4,,1
37101,'Samedi-11',754,,29362,44,4,,1,99,,29361,44,4,,1,105,,29365,44,4,,1,100,,29364,44,4,,1,99,,29366,44,4,,1,102,,29363,44,4,,1,142,,29367,44,4,,1,100,,29368,44,4,,1,57,,29369,44,4,,1,100,,29370,44,4,,1,99,,29371,44,4,,1,100,,29372,44,4,,1,99,,29373,44,4,,1,98,,29374,44,4,,1,100,,29375,44,4,,1,97,,29376,44,4,,1,100,,29377,44,4,,1
37101,'Samedi-2',754,,29379,44,4,,1,99,,29378,44,4,,1,105,,29382,44,4,,1,100,,29381,44,4,,1,99,,29383,44,4,,1,102,,29380,44,4,,1,142,,29384,44,4,,1,100,,29385,44,4,,1,57,,29386,44,4,,1,100,,29387,44,4,,1,99,,29388,44,4,,1,100,,29389,44,4,,1,99,,29390,44,4,,1,98,,29391,44,4,,1,100,,29392,44,4,,1,97,,29393,44,4,,1,100,,29394,44,4,,1
37101,'Dimanche-2',754,,29398,44,4,,1,99,,29395,44,4,,1,105,,29399,44,4,,1,100,,29396,44,4,,1,99,,29402,44,4,,1,102,,29397,44,4,,1,142,,29400,44,4,,1,100,,29405,44,4,,1,57,,29401,44,4,,1,100,,29406,44,4,,1,99,,29411,44,4,,1,100,,29403,44,4,,1,99,,29404,44,4,,1,98,,29408,44,4,,1,100,,29410,44,4,,1,97,,29407,44,4,,1,100,,29409,44,4,,1
37101,'Semaine-3',603,,29428,44,4,,1,31,,29431,43,4,,1,73,,29424,43,4,,1,31,,29426,43,4,,1,75,,29436,43,4,,1,30,,29435,43,4,,1,66,,29430,43,4,,1,30,,29414,43,4,,1,99,,29421,44,4,,1,101,,29419,44,4,,1,100,,29420,44,4,,1,100,,29434,44,4,,1,104,,29417,44,4,,1,105,,29418,44,4,,1,72,,29415,44,4,,1,30,,29422,44,4,,1,66,,29432,44,4,,1,26,,29433,44,4,,1,70,,29412,44,4,,1,40,,29416,44,4,,1,91,,29427,44,4,,1,100,,29429,44,4,,1,100,,29413,44,4,,1,96,,29423,44,4,,1,185,,29425,44,4,,1
40001,'Samedi-11',656,,29749,22,4,,1,55,,29752,22,4,,1,15,,29754,22,4,,1,15,,29750,22,4,,1,15,,29751,22,4,,1,55,,29753,22,4,,1,16,,29759,22,4,,1,15,,29766,22,4,,1,15,,29757,22,4,,1,55,,29777,22,4,,1,15,,29755,22,4,,1,15,,29756,22,4,,1,16,,29765,22,4,,1,56,,29758,22,4,,1,15,,29760,22,4,,1,15,,29768,22,4,,1,15,,29769,22,4,,1,55,,29770,22,4,,1,15,,29776,22,4,,1,16,,29775,22,4,,1,55,,29779,22,4,,1,15,,29762,22,4,,1,15,,29761,22,4,,1,15,,29764,22,4,,1,55,,29767,22,4,,1,15,,29763,22,4,,1,15,,29772,22,4,,1,15,,29774,22,4,,1,56,,29780,22,4,,1,15,,29771,22,4,,1,15,,29773,22,4,,1,15,,29778,22,4,,1,55,,29781,22,4,,1,15,,29782,22,4,,1,15,,29783,22,4,,1,15,,29784,22,4,,1,55,,29785,22,4,,1,15,,29786,22,4,,1,15,,29787,22,4,,1,15,,29788,22,4,,1,55,,29789,22,4,,1,15,,29790,22,4,,1,15,,29791,22,4,,1,15,,29792,22,4,,1,55,,29793,22,4,,1,15,,29794,22,4,,1,15,,29795,22,4,,1,15,,29798,22,4,,1,56,,29796,22,4,,1,14,,29797,22,4,,1,12,,29800,22,4,,1,16,,29799,22,4,,1,14,,29804,22,4,,1,56,,29802,22,4,,1,15,,29803,22,4,,1,15,,29801,22,4,,1,15,,29805,22,4,,1,55,,29807,22,4,,1,15,,29808,22,4,,1,15,,29809,22,4,,1,15,,29806,22,4,,1,56,,29812,22,4,,1,13,,29811,22,4,,1,15,,29810,22,4,,1,15,,29813,22,4,,1,55,,29814,22,4,,1,15,,29815,22,4,,1,15,,29816,22,4,,1,14,,29818,22,4,,1,55,,29817,22,4,,1,16,,29820,22,4,,1,15,,29819,22,4,,1,15,,29821,22,4,,1
40001,'Samedi-2',656,,29822,22,4,,1,55,,29825,22,4,,1,15,,29827,22,4,,1,15,,29823,22,4,,1,15,,29824,22,4,,1,55,,29826,22,4,,1,16,,29832,22,4,,1,15,,29839,22,4,,1,15,,29830,22,4,,1,55,,29850,22,4,,1,15,,29828,22,4,,1,15,,29829,22,4,,1,16,,29838,22,4,,1,56,,29831,22,4,,1,15,,29833,22,4,,1,15,,29841,22,4,,1,15,,29842,22,4,,1,55,,29843,22,4,,1,15,,29849,22,4,,1,16,,29848,22,4,,1,55,,29852,22,4,,1,15,,29835,22,4,,1,15,,29834,22,4,,1,15,,29837,22,4,,1,55,,29840,22,4,,1,15,,29836,22,4,,1,15,,29845,22,4,,1,15,,29847,22,4,,1,56,,29853,22,4,,1,15,,29844,22,4,,1,15,,29846,22,4,,1,15,,29851,22,4,,1,55,,29854,22,4,,1,15,,29855,22,4,,1,15,,29856,22,4,,1,15,,29857,22,4,,1,55,,29858,22,4,,1,15,,29859,22,4,,1,15,,29860,22,4,,1,15,,29861,22,4,,1,55,,29862,22,4,,1,15,,29863,22,4,,1,15,,29864,22,4,,1,15,,29865,22,4,,1,55,,29866,22,4,,1,15,,29867,22,4,,1,15,,29868,22,4,,1,15,,29871,22,4,,1,56,,29869,22,4,,1,14,,29870,22,4,,1,12,,29873,22,4,,1,16,,29872,22,4,,1,14,,29877,22,4,,1,56,,29875,22,4,,1,15,,29876,22,4,,1,15,,29874,22,4,,1,15,,29878,22,4,,1,55,,29880,22,4,,1,15,,29881,22,4,,1,15,,29882,22,4,,1,15,,29879,22,4,,1,56,,29885,22,4,,1,13,,29884,22,4,,1,15,,29883,22,4,,1,15,,29886,22,4,,1,55,,29887,22,4,,1,15,,29888,22,4,,1,15,,29889,22,4,,1,14,,29891,22,4,,1,55,,29890,22,4,,1,16,,29893,22,4,,1,15,,29892,22,4,,1,15,,29894,22,4,,1
40001,'Dimanche-2',656,,29895,22,4,,1,55,,29898,22,4,,1,15,,29906,22,4,,1,15,,29911,22,4,,1,15,,29896,22,4,,1,55,,29901,22,4,,1,16,,29907,22,4,,1,15,,29917,22,4,,1,15,,29897,22,4,,1,55,,29899,22,4,,1,15,,29905,22,4,,1,15,,29910,22,4,,1,16,,29913,22,4,,1,56,,29902,22,4,,1,15,,29926,22,4,,1,15,,29918,22,4,,1,15,,29908,22,4,,1,55,,29919,22,4,,1,15,,29922,22,4,,1,16,,29931,22,4,,1,55,,29900,22,4,,1,15,,29928,22,4,,1,15,,29927,22,4,,1,15,,29929,22,4,,1,55,,29909,22,4,,1,15,,29903,22,4,,1,15,,29932,22,4,,1,15,,29930,22,4,,1,56,,29915,22,4,,1,15,,29912,22,4,,1,15,,29920,22,4,,1,15,,29925,22,4,,1,55,,29936,22,4,,1,15,,29904,22,4,,1,15,,29933,22,4,,1,15,,29923,22,4,,1,55,,29916,22,4,,1,15,,29914,22,4,,1,15,,29921,22,4,,1,15,,29924,22,4,,1,55,,29943,22,4,,1,15,,29947,22,4,,1,15,,29939,22,4,,1,15,,29956,22,4,,1,55,,29935,22,4,,1,15,,29950,22,4,,1,15,,29940,22,4,,1,15,,29957,22,4,,1,56,,29944,22,4,,1,14,,29948,22,4,,1,12,,29963,22,4,,1,16,,29955,22,4,,1,14,,29934,22,4,,1,56,,29949,22,4,,1,15,,29954,22,4,,1,15,,29958,22,4,,1,15,,29937,22,4,,1,55,,29942,22,4,,1,15,,29946,22,4,,1,15,,29952,22,4,,1,15,,29967,22,4,,1,55,,29960,22,4,,1,14,,29953,22,4,,1,15,,29962,22,4,,1,15,,29965,22,4,,1,55,,29941,22,4,,1,15,,29945,22,4,,1,15,,29951,22,4,,1,15,,29966,22,4,,1,54,,29959,22,4,,1,16,,29938,22,4,,1,15,,29961,22,4,,1,15,,29964,22,4,,1
40001,'Semaine-3',529,,30038,22,4,,1,10,,30039,22,4,,1,10,,30040,22,4,,1,52,,30041,22,4,,1,10,,30042,22,4,,1,10,,30043,22,4,,1,5,,30044,22,4,,1,5,,30045,22,4,,1,5,,30046,22,4,,1,5,,30052,22,4,,1,273,,30047,22,4,,1,8,,30048,20,4,,1,6,,30049,22,4,,1,10,,30050,22,4,,1,11,,30051,22,4,,1,10,,29997,22,4,,1,50,,29982,22,4,,1,10,,30007,22,4,,1,10,,30008,22,4,,1,10,,30054,22,4,,1,10,,29972,22,4,,1,51,,30055,22,4,,1,9,,29970,22,4,,1,12,,30004,22,4,,1,8,,30024,22,4,,1,10,,29991,22,4,,1,9,,29999,22,4,,1,11,,29996,22,4,,1,50,,29974,22,4,,1,10,,30035,22,4,,1,10,,30009,22,4,,1,10,,30021,22,4,,1,10,,29973,22,4,,1,10,,29983,22,4,,1,50,,29976,22,4,,1,10,,29992,22,4,,1,10,,30025,22,4,,1,10,,30006,22,4,,1,10,,30000,22,4,,1,53,,29995,22,4,,1,7,,29988,22,4,,1,10,,30031,22,4,,1,10,,30010,22,4,,1,10,,30022,22,4,,1,10,,30037,22,4,,1,10,,29985,22,4,,1,56,,29968,22,4,,1,10,,30027,22,4,,1,9,,30026,22,4,,1,10,,30011,22,4,,1,10,,30001,22,4,,1,5,,29993,18,4,,1,47,,29978,22,4,,1,12,,30029,22,4,,1,13,,30036,22,4,,1,5,,30053,18,4,,1,9,,30023,22,4,,1,9,,30058,22,4,,1,52,,30003,22,4,,1,12,,30032,22,4,,1,12,,30056,22,4,,1,12,,30016,22,4,,1,9,,29994,22,4,,1,51,,29979,22,4,,1,12,,29984,22,4,,1,12,,30057,22,4,,1,12,,29986,22,4,,1,12,,30012,22,4,,1,52,,30002,22,4,,1,9,,30033,22,4,,1,12,,30019,22,4,,1,15,,29998,22,4,,1,10,,29980,22,4,,1,11,,30020,22,4,,1,52,,30060,22,4,,1,10,,30059,22,4,,1,12,,29987,22,4,,1,12,,30013,22,4,,1,12,,29990,22,4,,1,52,,30034,22,4,,1,12,,30017,22,4,,1,13,,29975,22,4,,1,15,,30061,22,4,,1,55,,29981,22,4,,1,15,,29977,22,4,,1,15,,30028,22,4,,1,11,,30014,22,4,,1,13,,29989,22,4,,1,57,,30018,22,4,,1,15,,30030,22,4,,1,15,,29971,22,4,,1,55,,29969,22,4,,1,15,,30005,22,4,,1,30,,30015,22,4,,1
