6701,'Samedi-3',641,,32983,23,,,1,101,,32989,23,,,1,99,,32985,23,,,1,101,,32984,23,,,1,71,,32987,23,,,1,28,,32992,23,,,1,73,,32993,23,,,2,30,,32986,23,,,1,70,,32988,23,,,1,30,,32991,23,,,1,70,,32994,23,,,1,30,,32995,23,,,1,70,,32990,23,,,1,30,,32996,23,,,1,71,,32997,23,,,1,30,,32998,23,,,2,70,,32999,23,,,2,28,,33000,23,,,1,72,,33001,23,,,1,29,,33002,23,,,1,70,,33003,23,,,2,28,,33004,23,,,1,71,,33005,23,,,2,100,,33006,23,,,1,100,,33007,23,,,1,100,,33009,23,,,1,99,,33008,23,,,1
6701,'Samedi-4',641,,37050,23,,,1,101,,37056,23,,,1,99,,37052,23,,,1,101,,37051,23,,,1,71,,37054,23,,,1,28,,37059,23,,,1,73,,37060,23,,,2,30,,37053,23,,,1,70,,37055,23,,,1,30,,37058,23,,,1,70,,37061,23,,,1,30,,37062,23,,,1,70,,37057,23,,,1,30,,37063,23,,,1,71,,37064,23,,,1,30,,37065,23,,,2,70,,37066,23,,,2,28,,37067,23,,,1,72,,37068,23,,,1,29,,37069,23,,,1,70,,37070,23,,,2,28,,37071,23,,,1,71,,37072,23,,,2,100,,37073,23,,,1,100,,37074,23,,,1,100,,37076,23,,,1,99,,37075,23,,,1
6701,'Dimanche-3',641,,33010,23,,,1,101,,33015,23,,,1,99,,33018,23,,,1,101,,33013,23,,,1,71,,33011,23,,,1,28,,33012,23,,,1,73,,33014,23,,,2,30,,33022,23,,,1,70,,33016,23,,,1,30,,33020,23,,,1,70,,33017,23,,,1,30,,33025,23,,,1,70,,33026,23,,,1,30,,33023,23,,,1,71,,33028,23,,,1,30,,33019,23,,,2,70,,33031,23,,,2,28,,33024,23,,,1,72,,33021,23,,,1,29,,33029,23,,,1,70,,33032,23,,,2,28,,33036,23,,,1,71,,33035,23,,,2,100,,33027,23,,,1,100,,33033,23,,,1,100,,33030,23,,,1,99,,33034,23,,,1
6701,'Semaine-4',919,,33057,23,,,1,20,,33046,23,,,1,20,,33064,23,,,2,60,,33050,23,,,1,20,,33044,23,,,1,20,,33065,23,,,1,60,,33058,23,,,1,20,,33047,23,,,1,20,,33066,23,,,1,60,,33051,23,,,1,20,,33054,23,,,1,20,,33067,23,,,1,60,,33053,23,,,1,20,,33048,23,,,1,20,,33068,23,,,1,60,,33059,23,,,1,20,,33061,23,,,1,20,,33063,23,,,1,60,,33055,23,,,1,33,,33039,23,,,1,70,,33062,23,,,1,29,,33042,23,,,2,75,,33060,23,,,1,25,,33056,23,,,1,69,,33049,23,,,1,30,,33037,23,,,2,68,,33052,23,,,1,30,,33040,23,,,2,70,,33069,23,,,1,30,,33038,23,,,2,70,,33071,23,,,1,29,,33041,23,,,1,70,,33072,23,,,2,29,,33043,23,,,1,69,,33070,23,,,1,30,,33045,23,,,1
6701,'Semaine-5',919,,37097,23,,,1,20,,37086,23,,,1,20,,37104,23,,,2,60,,37090,23,,,1,20,,37084,23,,,1,20,,37105,23,,,1,60,,37098,23,,,1,20,,37087,23,,,1,20,,37106,23,,,1,60,,37091,23,,,1,20,,37094,23,,,1,20,,37107,23,,,1,60,,37093,23,,,1,20,,37088,23,,,1,20,,37108,23,,,1,60,,37099,23,,,1,20,,37101,23,,,1,20,,37103,23,,,1,60,,37095,23,,,1,33,,37079,23,,,1,70,,37102,23,,,1,29,,37082,23,,,2,75,,37100,23,,,1,25,,37096,23,,,1,69,,37089,23,,,1,30,,37077,23,,,2,68,,37092,23,,,1,30,,37080,23,,,2,70,,37109,23,,,1,30,,37078,23,,,2,70,,37111,23,,,1,29,,37081,23,,,1,70,,37112,23,,,2,29,,37083,23,,,1,69,,37110,23,,,1,30,,37085,23,,,1
8501,'Semaine-4',538,,33918,27,,,1,71,,33920,27,,,1,24,,33923,27,,,1,16,,33922,27,,,1,55,,33927,27,,,2,22,,33919,27,,,1,12,,33925,27,,,1,15,,33921,27,,,1,57,,33926,27,,,1,19,,33924,27,,,1
8501,'Semaine-5',538,,37782,27,,,1,71,,37784,27,,,1,24,,37787,27,,,1,16,,37786,27,,,1,55,,37791,27,,,2,22,,37783,27,,,1,12,,37789,27,,,1,15,,37785,27,,,1,57,,37790,27,,,1,19,,37788,27,,,1
8701,'Semaine-4',522,,33947,23,,,1,30,,33940,23,,,1,72,,33945,23,,,1,20,,33943,23,,,1,13,,33941,23,,,1,57,,33950,23,,,1,15,,33946,23,,,1,18,,33942,23,,,1,55,,33949,23,,,1,17,,33948,23,,,1,22,,33944,23,,,1,17,,33939,23,,,1
8701,'Semaine-5',522,,37811,23,,,1,30,,37804,23,,,1,72,,37809,23,,,1,20,,37807,23,,,1,13,,37805,23,,,1,57,,37814,23,,,1,15,,37810,23,,,1,18,,37806,23,,,1,55,,37813,23,,,1,17,,37812,23,,,1,22,,37808,23,,,1,17,,37803,23,,,1
57101,'Semaine-4',713,,34830,50,0,5 6,2
57101,'Semaine-5',713,,38481,50,0,5 6,2
