1500,'Semaine-4',1644,,30335,6,,,2
1500,'Semaine-2-_26ÉTÉ-1111100-',1647,,38649,6,,,1
1500,'Semaine-3-_26ÉTÉ-1111100-',1647,,38650,6,,,1
1500,'Semaine-4-_26ÉTÉ-1111100-',1647,,38651,6,,,1
6900,'Samedi-3',850,,33136,12,,,1,100,,33135,12,,,1,100,,33137,12,,,1,100,,33139,12,,,1,100,,33138,12,,,1,100,,33140,12,,,1,101,,33141,12,,,1,99,,33142,12,,,1,100,,33143,12,,,1,100,,33144,12,,,1,100,,33145,12,,,1,100,,33146,12,,,2,100,,33147,12,,,2,100,,33148,12,,,2,100,,33149,12,,,2
6900,'Samedi-4',850,,37176,12,,,1,100,,37175,12,,,1,100,,37177,12,,,1,100,,37179,12,,,1,100,,37178,12,,,1,100,,37180,12,,,1,101,,37181,12,,,1,99,,37182,12,,,1,100,,37183,12,,,1,100,,37184,12,,,1,100,,37185,12,,,1,100,,37186,12,,,2,100,,37187,12,,,2,100,,37188,12,,,2,100,,37189,12,,,2
6900,'Dimanche-3',850,,33152,12,,,1,100,,33153,12,,,1,100,,33150,12,,,1,100,,33151,12,,,1,100,,33154,12,,,1,100,,33155,12,,,1,101,,33158,12,,,1,99,,33159,12,,,1,100,,33156,12,,,1,100,,33157,12,,,1,100,,33164,12,,,1,100,,33162,12,,,2,100,,33163,12,,,2,100,,33160,12,,,2,100,,33161,12,,,2
6900,'Semaine-4',843,,33174,12,,,1,101,,33175,12,,,2,100,,33176,12,,,2,100,,33177,12,,,2,95,,33178,12,,,2,100,,33179,12,,,2,100,,33183,12,,,2,70,,33170,12,,,1,30,,33167,12,,,2,70,,33165,12,,,1,30,,33180,12,,,1,70,,33171,12,,,1,30,,33181,12,,,1,70,,33184,12,,,1,29,,33182,12,,,1,81,,33173,12,,,1,100,,33172,12,,,1,100,,33166,12,,,1,100,,33169,12,,,1,98,,33168,12,,,1
6900,'Samedi-10-_26ÉTÉ-0000010-',850,,43746,12,,,1,100,,43745,12,,,1,100,,43747,12,,,1,100,,43749,12,,,1,100,,43748,12,,,1,100,,43750,12,,,1,101,,43751,12,,,1,99,,43752,12,,,1,100,,43753,12,,,1,100,,43754,12,,,1,100,,43755,12,,,1,100,,43756,12,,,2,100,,43757,12,,,2,100,,43758,12,,,2,100,,43759,12,,,2
6900,'Semaine-2-_26ÉTÉ-1111100-',843,,43769,12,,,1,101,,43770,12,,,2,100,,43771,12,,,2,100,,43772,12,,,2,95,,43773,12,,,2,100,,43774,12,,,1,100,,43778,12,,,2,70,,43765,12,,,1,30,,43762,12,,,2,71,,43760,12,,,1,29,,43775,12,,,2,72,,43766,12,,,2,28,,43776,12,,,2,70,,43779,12,,,2,30,,43777,12,,,2,80,,43768,12,,,2,100,,43767,12,,,2,100,,43761,12,,,1,100,,43764,12,,,1,100,,43763,12,,,1
6900,'Semaine-3-_26ÉTÉ-1111100-',843,,43789,12,,,1,101,,43790,12,,,2,100,,43791,12,,,2,100,,43792,12,,,2,95,,43793,12,,,2,100,,43794,12,,,1,100,,43798,12,,,2,70,,43785,12,,,1,30,,43782,12,,,2,71,,43780,12,,,1,29,,43795,12,,,2,72,,43786,12,,,2,28,,43796,12,,,2,70,,43799,12,,,2,30,,43797,12,,,2,80,,43788,12,,,2,100,,43787,12,,,2,100,,43781,12,,,1,100,,43784,12,,,1,100,,43783,12,,,1
6900,'Semaine-4-_26ÉTÉ-1111100-',843,,43809,12,,,1,101,,43810,12,,,2,100,,43811,12,,,2,100,,43812,12,,,2,95,,43813,12,,,2,100,,43814,12,,,1,100,,43818,12,,,2,70,,43805,12,,,1,30,,43802,12,,,2,71,,43800,12,,,1,29,,43815,12,,,2,72,,43806,12,,,2,28,,43816,12,,,2,70,,43819,12,,,2,30,,43817,12,,,2,80,,43808,12,,,2,100,,43807,12,,,2,100,,43801,12,,,1,100,,43804,12,,,1,100,,43803,12,,,1
