2500,'Semaine-4',1555,,30361,39,,,1,70,,30364,39,,,1,31,,30362,39,,,1,71,,30366,39,,,1,27,,30363,39,,,1,64,,30365,39,,,1
2500,'Semaine-2-_26ÉTÉ-1111100-',1554,,38727,39,,,1,71,,38730,39,,,1,31,,38728,39,,,1,73,,38732,39,,,1,27,,38729,39,,,1,65,,38731,39,,,1
2500,'Semaine-3-_26ÉTÉ-1111100-',1554,,38733,39,,,1,71,,38736,39,,,1,31,,38734,39,,,1,73,,38738,39,,,1,27,,38735,39,,,1,65,,38737,39,,,1
2500,'Semaine-4-_26ÉTÉ-1111100-',1554,,38739,39,,,1,71,,38742,39,,,1,31,,38740,39,,,1,73,,38744,39,,,1,27,,38741,39,,,1,65,,38743,39,,,1
32500,'Semaine-4',1651,,34184,47,0,7 8,1
32500,'Semaine-2-_26ÉTÉ-1111100-',1651,,45835,47,0,7 8,1
32500,'Semaine-3-_26ÉTÉ-1111100-',1651,,45836,47,0,7 8,1
42501,'Semaine-4',1521,,34794,33,0,9 14,1
73401,'Semaine-4',804,,34855,17,0,5 11,1
73401,'Semaine-2-_26ÉTÉ-1111100-',804,,46797,17,0,5 11,1
73401,'Semaine-3-_26ÉTÉ-1111100-',804,,46798,17,0,5 11,1
73401,'Semaine-4-_26ÉTÉ-1111100-',804,,46799,17,0,5 11,1
82500,'Semaine-4',1553,,35006,31,0,9 12 13,1
