4000,'Semaine-3-_26ÉTÉ-1111100-',1530,,41053,23,,,2,29,,41049,23,,,2,76,,41052,23,,,1,67,,41051,23,,,1,31,,41050,23,,,1,25,,41054,23,,,2
4000,'Semaine-4-_26ÉTÉ-1111100-',1530,,41059,23,,,2,29,,41055,23,,,2,76,,41058,23,,,1,67,,41057,23,,,1,31,,41056,23,,,1,25,,41060,23,,,2
4100,'Semaine-3-_26ÉTÉ-1111100-',1541,,41085,23,,,2,69,,41087,23,,,1,35,,41086,23,,,2,66,,41084,23,,,1,29,,41088,23,,,1
4100,'Semaine-4-_26ÉTÉ-1111100-',1541,,41090,23,,,2,69,,41092,23,,,1,35,,41091,23,,,2,66,,41089,23,,,1,29,,41093,23,,,1
4500,'Semaine-3-_26ÉTÉ-1111100-',1515,,41132,23,,,1,34,,41127,23,,,2,72,,41128,23,,,2,30,,41130,23,,,1,69,,41131,23,,,1,26,,41129,23,,,2
4500,'Semaine-4-_26ÉTÉ-1111100-',1515,,41138,23,,,1,34,,41133,23,,,2,72,,41134,23,,,2,30,,41136,23,,,1,69,,41137,23,,,1,26,,41135,23,,,2
4700,'Semaine-3-_26ÉTÉ-1111100-',1537,,41160,23,,,2,101,,41162,23,,,2,100,,41161,23,,,2
4700,'Semaine-4-_26ÉTÉ-1111100-',1537,,41163,23,,,2,101,,41165,23,,,2,100,,41164,23,,,2
5500,'Samedi-10-_26ÉTÉ-0000010-',710,,41605,24,,,1,30,,41602,24,,,1,70,,41603,24,,,1,30,,41606,24,,,1,70,,41604,24,,,1,29,,41611,24,,,1,70,,41608,24,,,1,29,,41609,24,,,1,75,,41614,24,,,1,26,,41613,24,,,1,68,,41607,24,,,1,30,,41610,24,,,1,70,,41612,24,,,1,34,,41615,24,,,1,70,,41616,24,,,1,30,,41617,24,,,1,70,,41618,24,,,1,29,,41619,24,,,1,70,,41620,24,,,1,29,,41621,24,,,1,70,,41622,24,,,1,30,,41623,24,,,1,72,,41624,24,,,1,28,,41625,24,,,1,70,,41627,24,,,1,33,,41626,24,,,1,67,,41628,24,,,1,30,,41630,24,,,1,71,,41629,24,,,1,31,,41631,24,,,1,68,,41632,24,,,1,30,,41635,24,,,1,70,,41637,24,,,1,30,,41634,24,,,1,71,,41633,24,,,1,28,,41636,24,,,1
5500,'Semaine-3-_26ÉTÉ-1111100-',606,,41688,24,,,1,104,,41704,24,,,1,102,,41687,24,,,1,99,,41723,24,,,1,28,,41724,24,,,1,69,,41693,24,,,1,30,,41703,24,,,1,69,,41707,24,,,1,32,,41729,24,,,1,70,,41689,24,,,1,30,,41728,24,,,1,69,,41706,24,,,1,30,,41721,24,,,1,70,,41715,24,,,1,24,,41722,24,,,1,16,,41708,24,,,1,57,,41686,24,,,1,14,,41727,24,,,1,17,,41697,24,,,1,15,,41730,24,,,1,53,,41718,24,,,1,10,,41690,24,,,1,13,,41701,24,,,1,14,,41733,24,,,1,13,,41726,24,,,1,51,,41692,24,,,1,11,,41709,24,,,1,12,,41702,24,,,1,9,,41731,24,,,1,11,,41716,24,,,1,9,,41696,24,,,1,52,,41691,24,,,1,10,,41732,24,,,1,12,,41700,24,,,1,11,,41695,24,,,1,10,,41705,24,,,1,70,,41720,24,,,1,29,,41725,24,,,1,71,,41712,24,,,1,29,,41698,24,,,1,70,,41719,24,,,1,28,,41710,24,,,1,71,,41713,24,,,1,29,,41699,24,,,1,70,,41714,24,,,1,30,,41711,24,,,1,69,,41694,24,,,1,30,,41717,24,,,1
5500,'Semaine-4-_26ÉTÉ-1111100-',606,,41736,24,,,1,104,,41752,24,,,1,102,,41735,24,,,1,99,,41771,24,,,1,28,,41772,24,,,1,69,,41741,24,,,1,30,,41751,24,,,1,69,,41755,24,,,1,32,,41777,24,,,1,70,,41737,24,,,1,30,,41776,24,,,1,69,,41754,24,,,1,30,,41769,24,,,1,70,,41763,24,,,1,24,,41770,24,,,1,16,,41756,24,,,1,57,,41734,24,,,1,14,,41775,24,,,1,17,,41745,24,,,1,15,,41778,24,,,1,53,,41766,24,,,1,10,,41738,24,,,1,13,,41749,24,,,1,14,,41781,24,,,1,13,,41774,24,,,1,51,,41740,24,,,1,11,,41757,24,,,1,12,,41750,24,,,1,9,,41779,24,,,1,11,,41764,24,,,1,9,,41744,24,,,1,52,,41739,24,,,1,10,,41780,24,,,1,12,,41748,24,,,1,11,,41743,24,,,1,10,,41753,24,,,1,70,,41768,24,,,1,29,,41773,24,,,1,71,,41760,24,,,1,29,,41746,24,,,1,70,,41767,24,,,1,28,,41758,24,,,1,71,,41761,24,,,1,29,,41747,24,,,1,70,,41762,24,,,1,30,,41759,24,,,1,69,,41742,24,,,1,30,,41765,24,,,1
5601,'Semaine-3-_26ÉTÉ-1111100-',1233,,41991,26,,,2,102,,41988,26,,,1,100,,41987,26,,,1,99,,41990,26,,,1,106,,41989,26,,,1,98,,41992,26,,,2,95,,41993,26,,,1
5601,'Semaine-4-_26ÉTÉ-1111100-',1233,,41998,26,,,2,102,,41995,26,,,1,100,,41994,26,,,1,99,,41997,26,,,1,106,,41996,26,,,1,98,,41999,26,,,2,95,,42000,26,,,1
5800,'Semaine-3-_26ÉTÉ-1111100-',825,,42013,11,,,1,398,,42014,11,,,1,300,,42016,11,,,1,31,,42011,11,,,1,70,,42012,11,,,1,30,,42015,11,,,2,69,,42010,11,,,1,30,,42009,11,,,2
5800,'Semaine-4-_26ÉTÉ-1111100-',825,,42021,11,,,1,398,,42022,11,,,1,300,,42024,11,,,1,31,,42019,11,,,1,70,,42020,11,,,1,30,,42023,11,,,2,69,,42018,11,,,1,30,,42017,11,,,2
5900,'Samedi-10-_26ÉTÉ-0000010-',724,,42050,24,,,1,30,,42053,24,,,1,70,,42046,24,,,1,30,,42052,24,,,1,70,,42049,24,,,1,30,,42054,24,,,1,70,,42058,24,,,1,30,,42059,24,,,1,70,,42048,24,,,1,30,,42047,24,,,1,71,,42057,24,,,1,30,,42051,24,,,1,70,,42055,24,,,1,31,,42060,24,,,1,70,,42056,24,,,1,30,,42061,24,,,1,70,,42062,24,,,1,29,,42063,24,,,1,70,,42064,24,,,1,32,,42065,24,,,1,69,,42066,24,,,1,30,,42067,24,,,1,69,,42068,24,,,1,30,,42069,24,,,1,70,,42070,24,,,1,29,,42072,24,,,1,70,,42071,24,,,1,30,,42074,24,,,1,70,,42073,24,,,1,30,,42075,24,,,1,70,,42076,24,,,1,30,,42078,24,,,1,70,,42077,24,,,1,31,,42079,24,,,1
5900,'Semaine-3-_26ÉTÉ-1111100-',638,,42134,24,,,1,104,,42169,24,,,1,100,,42150,24,,,1,83,,42146,24,,,1,29,,42167,24,,,1,70,,42143,24,,,1,30,,42166,24,,,1,70,,42157,24,,,1,30,,42151,24,,,1,71,,42159,24,,,1,30,,42142,24,,,1,70,,42170,24,,,1,30,,42133,24,,,1,71,,42164,24,,,1,14,,42135,24,,,1,17,,42168,24,,,1,71,,42128,24,,,1,14,,42172,24,,,1,16,,42127,24,,,1,48,,42162,24,,,1,17,,42158,24,,,1,7,,42171,19,,,1,6,,42145,24,,,1,13,,42129,24,,,1,6,,42173,19,,,1,48,,42130,24,,,1,10,,42138,24,,,1,7,,42165,24,,,1,17,,42154,24,,,1,9,,42141,24,,,1,8,,42163,24,,,1,52,,42149,24,,,1,12,,42161,24,,,1,9,,42131,24,,,1,10,,42136,24,,,1,71,,42156,24,,,1,29,,42147,24,,,1,70,,42152,24,,,1,29,,42140,24,,,1,70,,42148,24,,,1,30,,42153,24,,,1,70,,42160,24,,,1,30,,42137,24,,,1,70,,42155,24,,,1,29,,42144,24,,,1,71,,42132,24,,,1,27,,42139,24,,,1
5900,'Semaine-4-_26ÉTÉ-1111100-',638,,42181,24,,,1,104,,42216,24,,,1,100,,42197,24,,,1,83,,42193,24,,,1,29,,42214,24,,,1,70,,42190,24,,,1,30,,42213,24,,,1,70,,42204,24,,,1,30,,42198,24,,,1,71,,42206,24,,,1,30,,42189,24,,,1,70,,42217,24,,,1,30,,42180,24,,,1,71,,42211,24,,,1,14,,42182,24,,,1,17,,42215,24,,,1,71,,42175,24,,,1,14,,42219,24,,,1,16,,42174,24,,,1,48,,42209,24,,,1,17,,42205,24,,,1,7,,42218,19,,,1,6,,42192,24,,,1,13,,42176,24,,,1,6,,42220,19,,,1,48,,42177,24,,,1,10,,42185,24,,,1,7,,42212,24,,,1,17,,42201,24,,,1,9,,42188,24,,,1,8,,42210,24,,,1,52,,42196,24,,,1,12,,42208,24,,,1,9,,42178,24,,,1,10,,42183,24,,,1,71,,42203,24,,,1,29,,42194,24,,,1,70,,42199,24,,,1,29,,42187,24,,,1,70,,42195,24,,,1,30,,42200,24,,,1,70,,42207,24,,,1,30,,42184,24,,,1,70,,42202,24,,,1,29,,42191,24,,,1,71,,42179,24,,,1,27,,42186,24,,,1
80001,'Samedi-10-_26ÉTÉ-0000010-',636,,46931,26,,,1,100,,46933,26,,,1,99,,46934,26,,,2,100,,46937,26,,,1,102,,46932,26,,,2,100,,46935,26,,,1,99,,46938,26,,,1,99,,46936,26,,,2,100,,46939,26,,,1,100,,46940,26,,,1,100,,46941,26,,,2,100,,46942,26,,,1,97,,46945,26,,,1,101,,46943,26,,,2,100,,46944,26,,,2,100,,46946,26,,,1,102,,46947,26,,,1
80001,'Semaine-3-_26ÉTÉ-1111100-',625,,47005,26,,,1,30,,46991,26,,,1,70,,47011,26,,,1,30,,46995,26,,,2,74,,46985,26,,,2,26,,47002,26,,,2,68,,46999,26,,,2,30,,47007,26,,,1,70,,47012,26,,,2,30,,46998,26,,,1,70,,47006,26,,,1,30,,46988,26,,,1,71,,47016,26,,,1,29,,47015,26,,,2,74,,46986,26,,,2,30,,47009,26,,,1,70,,46997,26,,,1,31,,47003,26,,,1,71,,47013,26,,,1,29,,47000,26,,,2,58,,47010,26,,,1,20,,47017,26,,,2,68,,47008,26,,,1,26,,47001,26,,,1,29,,46989,26,,,1,68,,46993,26,,,1,27,,46983,26,,,1,70,,47014,26,,,1,31,,46990,26,,,1,67,,46992,26,,,1,29,,46996,26,,,1,70,,46984,26,,,2,30,,47004,26,,,1,74,,46987,26,,,1,30,,46994,26,,,1
80001,'Semaine-4-_26ÉTÉ-1111100-',625,,47040,26,,,1,30,,47026,26,,,1,70,,47046,26,,,1,30,,47030,26,,,2,74,,47020,26,,,2,26,,47037,26,,,2,68,,47034,26,,,2,30,,47042,26,,,1,70,,47047,26,,,2,30,,47033,26,,,1,70,,47041,26,,,1,30,,47023,26,,,1,71,,47051,26,,,1,29,,47050,26,,,2,74,,47021,26,,,2,30,,47044,26,,,1,70,,47032,26,,,1,31,,47038,26,,,1,71,,47048,26,,,1,29,,47035,26,,,2,58,,47045,26,,,1,20,,47052,26,,,2,68,,47043,26,,,1,26,,47036,26,,,1,29,,47024,26,,,1,68,,47028,26,,,1,27,,47018,26,,,1,70,,47049,26,,,1,31,,47025,26,,,1,67,,47027,26,,,1,29,,47031,26,,,1,70,,47019,26,,,2,30,,47039,26,,,1,74,,47022,26,,,1,30,,47029,26,,,1
