3101,'Samedi-10-_26ÉTÉ-0000010-',659,,39022,20,,,1,94,,39028,20,,,1,99,,39025,20,,,1,97,,39029,20,,,1,97,,39023,20,,,1,100,,39027,20,,,1,100,,39024,20,,,1,100,,39026,20,,,1,103,,39030,20,,,1,97,,39031,20,,,1,100,,39032,20,,,1,100,,39033,20,,,1,101,,39034,20,,,1,101,,39039,20,,,1,100,,39035,20,,,1,100,,39036,20,,,1,102,,39037,20,,,1,100,,39038,20,,,1
3101,'Semaine-2-_26ÉTÉ-1111100-',539,,39043,20,,,1,75,,39077,20,,,1,30,,39057,20,,,1,67,,39044,20,,,1,31,,39080,20,,,1,61,,39040,20,,,1,11,,39083,8,,,1,5,,39054,20,,,1,17,,39055,20,,,1,13,,39074,20,,,1,59,,39045,20,,,1,21,,39047,20,,,1,20,,39072,20,,,1,60,,39064,20,,,1,20,,39073,20,,,1,20,,39046,20,,,1,60,,39048,20,,,1,21,,39068,20,,,1,20,,39078,20,,,1,60,,39067,20,,,1,20,,39049,20,,,1,20,,39041,20,,,1,57,,39071,20,,,1,22,,39081,20,,,1,19,,39066,20,,,1,60,,39050,20,,,1,19,,39069,20,,,1,23,,39070,20,,,1,61,,39079,20,,,1,19,,39065,20,,,1,14,,39051,20,,,1,59,,39062,20,,,1,21,,39063,20,,,1,22,,39052,20,,,1,58,,39058,20,,,1,21,,39042,20,,,1,20,,39075,20,,,1,59,,39082,20,,,1,26,,39053,20,,,1,97,,39076,20,,,1,101,,39059,20,,,1,100,,39056,20,,,1,99,,39060,20,,,1,102,,39061,20,,,1
3101,'Semaine-3-_26ÉTÉ-1111100-',539,,39087,20,,,1,75,,39121,20,,,1,30,,39101,20,,,1,67,,39088,20,,,1,31,,39124,20,,,1,61,,39084,20,,,1,11,,39127,8,,,1,5,,39098,20,,,1,17,,39099,20,,,1,13,,39118,20,,,1,59,,39089,20,,,1,21,,39091,20,,,1,20,,39116,20,,,1,60,,39108,20,,,1,20,,39117,20,,,1,20,,39090,20,,,1,60,,39092,20,,,1,21,,39112,20,,,1,20,,39122,20,,,1,60,,39111,20,,,1,20,,39093,20,,,1,20,,39085,20,,,1,57,,39115,20,,,1,22,,39125,20,,,1,19,,39110,20,,,1,60,,39094,20,,,1,19,,39113,20,,,1,23,,39114,20,,,1,61,,39123,20,,,1,19,,39109,20,,,1,14,,39095,20,,,1,59,,39106,20,,,1,21,,39107,20,,,1,22,,39096,20,,,1,58,,39102,20,,,1,21,,39086,20,,,1,20,,39119,20,,,1,59,,39126,20,,,1,26,,39097,20,,,1,97,,39120,20,,,1,101,,39103,20,,,1,100,,39100,20,,,1,99,,39104,20,,,1,102,,39105,20,,,1
3101,'Semaine-4-_26ÉTÉ-1111100-',539,,39131,20,,,1,75,,39165,20,,,1,30,,39145,20,,,1,67,,39132,20,,,1,31,,39168,20,,,1,61,,39128,20,,,1,11,,39171,8,,,1,5,,39142,20,,,1,17,,39143,20,,,1,13,,39162,20,,,1,59,,39133,20,,,1,21,,39135,20,,,1,20,,39160,20,,,1,60,,39152,20,,,1,20,,39161,20,,,1,20,,39134,20,,,1,60,,39136,20,,,1,21,,39156,20,,,1,20,,39166,20,,,1,60,,39155,20,,,1,20,,39137,20,,,1,20,,39129,20,,,1,57,,39159,20,,,1,22,,39169,20,,,1,19,,39154,20,,,1,60,,39138,20,,,1,19,,39157,20,,,1,23,,39158,20,,,1,61,,39167,20,,,1,19,,39153,20,,,1,14,,39139,20,,,1,59,,39150,20,,,1,21,,39151,20,,,1,22,,39140,20,,,1,58,,39146,20,,,1,21,,39130,20,,,1,20,,39163,20,,,1,59,,39170,20,,,1,26,,39141,20,,,1,97,,39164,20,,,1,101,,39147,20,,,1,100,,39144,20,,,1,99,,39148,20,,,1,102,,39149,20,,,1
3900,'Samedi-10-_26ÉTÉ-0000010-',703,,40782,37,,,1,101,,40783,37,,,1,100,,40787,37,,,1,102,,40786,37,,,1,100,,40789,37,,,1,100,,40788,37,,,1,103,,40784,37,,,1,30,,40785,37,,,1,70,,40790,37,,,1,31,,40791,37,,,2,70,,40792,37,,,1,30,,40793,37,,,1,71,,40794,37,,,2,30,,40795,37,,,1,70,,40796,37,,,1,30,,40797,37,,,1,68,,40798,37,,,1,29,,40799,37,,,1,69,,40800,37,,,1,28,,40801,37,,,1,100,,40802,37,,,1,100,,40803,37,,,1,100,,40804,37,,,1,99,,40805,37,,,1
3900,'Semaine-2-_26ÉTÉ-1111100-',641,,40823,37,,,2,67,,40809,37,,,1,33,,40828,37,,,2,68,,40821,37,,,1,31,,40822,37,,,1,70,,40820,37,,,1,32,,40817,37,,,1,70,,40834,37,,,1,30,,40829,37,,,1,71,,40841,37,,,1,30,,40826,37,,,2,71,,40830,37,,,1,29,,40818,37,,,1,72,,40816,37,,,2,29,,40831,37,,,1,69,,40819,37,,,1,30,,40806,37,,,2,74,,40832,37,,,1,33,,40813,37,,,2,70,,40815,37,,,1,31,,40833,37,,,2,74,,40812,37,,,1,27,,40807,37,,,1,70,,40835,37,,,1,24,,40814,37,,,1,71,,40808,37,,,1,29,,40836,37,,,2,72,,40811,37,,,1,25,,40827,37,,,2,66,,40837,37,,,1,30,,40810,37,,,1,70,,40825,37,,,1,30,,40838,37,,,1,70,,40824,37,,,1,30,,40840,37,,,1,70,,40839,37,,,1
3900,'Semaine-3-_26ÉTÉ-1111100-',641,,40859,37,,,2,67,,40845,37,,,1,33,,40864,37,,,2,68,,40857,37,,,1,31,,40858,37,,,1,70,,40856,37,,,1,32,,40853,37,,,1,70,,40870,37,,,1,30,,40865,37,,,1,71,,40877,37,,,1,30,,40862,37,,,2,71,,40866,37,,,1,29,,40854,37,,,1,72,,40852,37,,,2,29,,40867,37,,,1,69,,40855,37,,,1,30,,40842,37,,,2,74,,40868,37,,,1,33,,40849,37,,,2,70,,40851,37,,,1,31,,40869,37,,,2,74,,40848,37,,,1,27,,40843,37,,,1,70,,40871,37,,,1,24,,40850,37,,,1,71,,40844,37,,,1,29,,40872,37,,,2,72,,40847,37,,,1,25,,40863,37,,,2,66,,40873,37,,,1,30,,40846,37,,,1,70,,40861,37,,,1,30,,40874,37,,,1,70,,40860,37,,,1,30,,40876,37,,,1,70,,40875,37,,,1
3900,'Semaine-4-_26ÉTÉ-1111100-',641,,40895,37,,,2,67,,40881,37,,,1,33,,40900,37,,,2,68,,40893,37,,,1,31,,40894,37,,,1,70,,40892,37,,,1,32,,40889,37,,,1,70,,40906,37,,,1,30,,40901,37,,,1,71,,40913,37,,,1,30,,40898,37,,,2,71,,40902,37,,,1,29,,40890,37,,,1,72,,40888,37,,,2,29,,40903,37,,,1,69,,40891,37,,,1,30,,40878,37,,,2,74,,40904,37,,,1,33,,40885,37,,,2,70,,40887,37,,,1,31,,40905,37,,,2,74,,40884,37,,,1,27,,40879,37,,,1,70,,40907,37,,,1,24,,40886,37,,,1,71,,40880,37,,,1,29,,40908,37,,,2,72,,40883,37,,,1,25,,40899,37,,,2,66,,40909,37,,,1,30,,40882,37,,,1,70,,40897,37,,,1,30,,40910,37,,,1,70,,40896,37,,,1,30,,40912,37,,,1,70,,40911,37,,,1
32900,'Semaine-2-_26ÉTÉ-1111100-',829,,45844,28,0,7 8,1
32900,'Semaine-3-_26ÉTÉ-1111100-',829,,45845,28,0,7 8,1
32900,'Semaine-4-_26ÉTÉ-1111100-',829,,45846,28,0,7 8,1
82601,'Semaine-2-_26ÉTÉ-1111100-',800,,47057,31,,,1
82601,'Semaine-3-_26ÉTÉ-1111100-',800,,47058,31,,,1
82601,'Semaine-4-_26ÉTÉ-1111100-',800,,47059,31,,,1
83101,'Semaine-2-_26ÉTÉ-1111100-',811,,47063,20,,,1
83101,'Semaine-3-_26ÉTÉ-1111100-',811,,47064,20,,,1
83101,'Semaine-4-_26ÉTÉ-1111100-',811,,47065,20,,,1
