9501,'Semaine-1-_26ÉTÉ-1111100-',536,,60211,13,,,1,15,,60207,13,,,1,55,,60209,13,,,1,15,,60214,13,,,2,15,,60210,13,,,2,15,,60212,13,,,2,57,,60213,13,,,1,13,,60208,13,,,2
9501,'Semaine-10-_26ÉTÉ-1111100-',536,,60219,13,,,1,15,,60215,13,,,1,55,,60217,13,,,1,15,,60222,13,,,2,15,,60218,13,,,2,15,,60220,13,,,2,57,,60221,13,,,1,13,,60216,13,,,2
9501,'Semaine-11-_26ÉTÉ-1111100-',536,,60227,13,,,1,15,,60223,13,,,1,55,,60225,13,,,1,15,,60230,13,,,2,15,,60226,13,,,2,15,,60228,13,,,2,57,,60229,13,,,1,13,,60224,13,,,2
9501,'Semaine-12-_26ÉTÉ-1111100-',536,,60235,13,,,1,15,,60231,13,,,1,55,,60233,13,,,1,15,,60238,13,,,2,15,,60234,13,,,2,15,,60236,13,,,2,57,,60237,13,,,1,13,,60232,13,,,2
9501,'Semaine-5-_26ÉTÉ-1111100-',536,,60243,13,,,1,15,,60239,13,,,1,55,,60241,13,,,1,15,,60246,13,,,2,15,,60242,13,,,2,15,,60244,13,,,2,57,,60245,13,,,1,13,,60240,13,,,2
9801,'Semaine-1-_26ÉTÉ-1111100-',507,,60564,13,,,1,10,,60565,13,,,1,10,,60566,13,,,1
9801,'Semaine-10-_26ÉTÉ-1111100-',507,,60567,13,,,1,10,,60568,13,,,1,10,,60569,13,,,1
9801,'Semaine-11-_26ÉTÉ-1111100-',507,,60570,13,,,1,10,,60571,13,,,1,10,,60572,13,,,1
9801,'Semaine-12-_26ÉTÉ-1111100-',507,,60573,13,,,1,10,,60574,13,,,1,10,,60575,13,,,1
9801,'Semaine-5-_26ÉTÉ-1111100-',507,,60576,13,,,1,10,,60577,13,,,1,10,,60578,13,,,1
