4501,'Semaine-4',632,,31645,25,,,1,70,,31649,25,,,1,32,,31648,25,,,2,71,,31647,25,,,1,27,,31650,25,,,2,70,,31646,25,,,1
4501,'Semaine-2-_26ÉTÉ-1111100-',632,,41139,25,,,2,75,,41143,25,,,1,27,,41142,25,,,2,71,,41141,25,,,1,27,,41144,25,,,1,70,,41140,25,,,2
4501,'Semaine-3-_26ÉTÉ-1111100-',632,,41145,25,,,2,75,,41149,25,,,1,27,,41148,25,,,2,71,,41147,25,,,1,27,,41150,25,,,1,70,,41146,25,,,2
4501,'Semaine-4-_26ÉTÉ-1111100-',632,,41151,25,,,2,75,,41155,25,,,1,27,,41154,25,,,2,71,,41153,25,,,1,27,,41156,25,,,1,70,,41152,25,,,2
5201,'Samedi-3',702,,31863,49,,,2,100,,31864,49,,,1,101,,31865,49,,,2,100,,31866,49,,,1,102,,31868,49,,,1,100,,31867,49,,,1,100,,31869,49,,,1,100,,31870,49,,,1,101,,31871,49,,,1,99,,31872,49,,,1,100,,31873,49,,,1,100,,31874,49,,,1,99,,31877,49,,,1,100,,31875,49,,,1,97,,31879,49,,,2,101,,31876,49,,,1,100,,31878,49,,,1,100,,31880,49,,,1
5201,'Dimanche-3',702,,31881,49,,,2,100,,31882,49,,,1,101,,31883,49,,,2,100,,31884,49,,,1,102,,31889,49,,,1,100,,31885,49,,,1,100,,31886,49,,,1,100,,31890,49,,,1,101,,31887,49,,,1,99,,31888,49,,,1,100,,31891,49,,,1,100,,31894,49,,,1,99,,31892,49,,,1,100,,31898,49,,,1,97,,31893,49,,,2,101,,31895,49,,,1,100,,31896,49,,,1,100,,31897,49,,,1
5201,'Semaine-4',633,,31914,49,,,1,102,,31916,49,,,1,100,,31915,49,,,2,99,,31899,49,,,1,101,,31905,49,,,2,100,,31902,49,,,1,102,,31909,49,,,2,98,,31900,49,,,1,100,,31904,49,,,1,100,,31903,49,,,1,102,,31913,49,,,1,100,,31912,49,,,1,98,,31906,49,,,1,97,,31907,49,,,1,100,,31911,49,,,2,100,,31908,49,,,1,100,,31910,49,,,1,100,,31901,49,,,1
5201,'Samedi-10-_26ÉTÉ-0000010-',702,,41512,49,,,2,100,,41513,49,,,1,101,,41514,49,,,2,100,,41515,49,,,1,102,,41517,49,,,1,100,,41516,49,,,1,100,,41518,49,,,2,100,,41519,49,,,1,101,,41520,49,,,2,99,,41521,49,,,1,100,,41522,49,,,1,100,,41523,49,,,1,99,,41526,49,,,1,100,,41524,49,,,1,97,,41528,49,,,2,101,,41525,49,,,1,100,,41527,49,,,1,100,,41529,49,,,1
5201,'Semaine-2-_26ÉTÉ-1111100-',633,,41545,49,,,1,102,,41547,49,,,1,99,,41546,49,,,1,100,,41530,49,,,1,101,,41536,49,,,1,100,,41533,49,,,2,100,,41540,49,,,1,100,,41531,49,,,1,100,,41535,49,,,1,102,,41534,49,,,1,100,,41544,49,,,1,100,,41543,49,,,1,98,,41537,49,,,1,97,,41538,49,,,1,100,,41542,49,,,1,100,,41539,49,,,1,100,,41541,49,,,1,100,,41532,49,,,1
5201,'Semaine-3-_26ÉTÉ-1111100-',633,,41563,49,,,1,102,,41565,49,,,1,99,,41564,49,,,1,100,,41548,49,,,1,101,,41554,49,,,1,100,,41551,49,,,2,100,,41558,49,,,1,100,,41549,49,,,1,100,,41553,49,,,1,102,,41552,49,,,1,100,,41562,49,,,1,100,,41561,49,,,1,98,,41555,49,,,1,97,,41556,49,,,1,100,,41560,49,,,1,100,,41557,49,,,1,100,,41559,49,,,1,100,,41550,49,,,1
5201,'Semaine-4-_26ÉTÉ-1111100-',633,,41581,49,,,1,102,,41583,49,,,1,99,,41582,49,,,1,100,,41566,49,,,1,101,,41572,49,,,1,100,,41569,49,,,2,100,,41576,49,,,1,100,,41567,49,,,1,100,,41571,49,,,1,102,,41570,49,,,1,100,,41580,49,,,1,100,,41579,49,,,1,98,,41573,49,,,1,97,,41574,49,,,1,100,,41578,49,,,1,100,,41575,49,,,1,100,,41577,49,,,1,100,,41568,49,,,1
5600,'Semaine-4',638,,32161,16,,,1,62,,32159,16,,,1,3,,32163,16,,,1,34,,32162,16,,,2,71,,32156,16,,,1,100,,32155,16,,,1,109,,32157,16,,,1,98,,32160,16,,,1,100,,32158,16,,,1
5600,'Semaine-2-_26ÉTÉ-1111100-',639,,41959,16,,,2,61,,41957,16,,,1,5,,41961,16,,,2,32,,41960,16,,,2,71,,41954,16,,,2,105,,41953,16,,,2,104,,41955,16,,,1,98,,41958,16,,,2,100,,41956,16,,,1
5600,'Semaine-3-_26ÉTÉ-1111100-',639,,41968,16,,,2,61,,41966,16,,,1,5,,41970,16,,,2,32,,41969,16,,,2,71,,41963,16,,,2,105,,41962,16,,,2,104,,41964,16,,,1,98,,41967,16,,,2,100,,41965,16,,,1
5600,'Semaine-4-_26ÉTÉ-1111100-',639,,41977,16,,,2,61,,41975,16,,,1,5,,41979,16,,,2,32,,41978,16,,,2,71,,41972,16,,,2,105,,41971,16,,,2,104,,41973,16,,,1,98,,41976,16,,,2,100,,41974,16,,,1
64501,'Semaine-4',1526,,34843,34,0,9 10,1
75200,'Semaine-4',723,,34860,12,0,9 18,1
75200,'Semaine-2-_26ÉTÉ-1111100-',723,,46803,12,0,9 18,1
75200,'Semaine-3-_26ÉTÉ-1111100-',723,,46804,12,0,9 18,1
75200,'Semaine-4-_26ÉTÉ-1111100-',723,,46805,12,0,9 18,1
