5401,'Semaine-2-_26ÉTÉ-1111100-',648,,41594,1,,,1,100,,41593,1,,,1,100,,41595,1,,,1
5401,'Semaine-3-_26ÉTÉ-1111100-',648,,41597,1,,,1,100,,41596,1,,,1,100,,41598,1,,,1
5401,'Semaine-4-_26ÉTÉ-1111100-',648,,41600,1,,,1,100,,41599,1,,,1,100,,41601,1,,,1
55400,'Semaine-2-_26ÉTÉ-1111100-',644,,46764,1,,,1
55400,'Semaine-3-_26ÉTÉ-1111100-',644,,46765,1,,,1
55400,'Semaine-4-_26ÉTÉ-1111100-',644,,46766,1,,,1
65401,'Semaine-2-_26ÉTÉ-1111100-',701,,46794,1,,,1
65401,'Semaine-3-_26ÉTÉ-1111100-',701,,46795,1,,,1
65401,'Semaine-4-_26ÉTÉ-1111100-',701,,46796,1,,,1
75401,'Semaine-2-_26ÉTÉ-1111100-',702,,46806,1,,,1
75401,'Semaine-3-_26ÉTÉ-1111100-',702,,46807,1,,,1
75401,'Semaine-4-_26ÉTÉ-1111100-',702,,46808,1,,,1
