3100,'Samedi-3',745,,30408,36,,,1,70,,30409,36,,,1,104,,30410,36,,,1,101,,30407,36,,,1,102,,30413,36,,,1,102,,30414,36,,,1,101,,30411,36,,,1,100,,30412,36,,,1,100,,30415,36,,,1,102,,30416,36,,,1,98,,30417,36,,,1,100,,30418,36,,,1,91,,30424,36,,,1,100,,30419,36,,,1,99,,30420,36,,,1,100,,30421,36,,,1,100,,30422,36,,,1,100,,30423,36,,,1,96,,30425,36,,,1
3100,'Samedi-4',745,,35104,36,,,1,70,,35105,36,,,1,104,,35106,36,,,1,101,,35103,36,,,1,102,,35109,36,,,1,102,,35110,36,,,1,101,,35107,36,,,1,100,,35108,36,,,1,100,,35111,36,,,1,102,,35112,36,,,1,98,,35113,36,,,1,100,,35114,36,,,1,91,,35120,36,,,1,100,,35115,36,,,1,99,,35116,36,,,1,100,,35117,36,,,1,100,,35118,36,,,1,100,,35119,36,,,1,96,,35121,36,,,1
3100,'Dimanche-3',745,,30430,36,,,1,70,,30431,36,,,1,104,,30432,36,,,1,101,,30433,36,,,1,102,,30426,36,,,1,102,,30427,36,,,1,101,,30428,36,,,1,100,,30429,36,,,1,100,,30435,36,,,1,102,,30436,36,,,1,98,,30434,36,,,1,100,,30437,36,,,1,91,,30440,36,,,1,100,,30444,36,,,1,99,,30438,36,,,1,100,,30439,36,,,1,100,,30442,36,,,1,100,,30441,36,,,1,96,,30443,36,,,1
3100,'Semaine-4',633,,30449,34,,,1,75,,30484,34,,,1,32,,30462,34,,,1,71,,30450,34,,,1,20,,30490,34,,,1,14,,30487,34,,,1,60,,30446,34,,,1,16,,30459,34,,,1,17,,30460,34,,,1,12,,30476,34,,,1,59,,30451,34,,,1,21,,30453,34,,,1,20,,30470,34,,,1,60,,30471,34,,,1,20,,30477,34,,,1,20,,30452,34,,,1,60,,30457,34,,,1,21,,30478,34,,,1,20,,30485,34,,,1,59,,30473,34,,,1,20,,30454,34,,,1,21,,30447,34,,,1,57,,30483,34,,,1,22,,30488,34,,,1,19,,30472,34,,,1,60,,30455,34,,,1,19,,30475,34,,,1,27,,30479,34,,,1,61,,30486,34,,,1,17,,30474,34,,,1,14,,30456,34,,,1,61,,30467,34,,,1,20,,30469,34,,,1,22,,30458,34,,,1,5,,30445,27,,,1,53,,30463,34,,,1,21,,30448,34,,,1,13,,30481,34,,,1,17,,30489,34,,,1,67,,30464,36,,,1,98,,30482,36,,,1,99,,30465,36,,,1,100,,30461,36,,,1,99,,30466,36,,,1,102,,30468,36,,,1,103,,30480,36,,,1
3100,'Samedi-10-_26ÉTÉ-0000010-',745,,38866,36,,,1,70,,38867,36,,,1,104,,38868,36,,,1,101,,38865,36,,,1,102,,38871,36,,,1,102,,38872,36,,,1,101,,38869,36,,,1,100,,38870,36,,,1,100,,38873,36,,,1,102,,38874,36,,,1,98,,38875,36,,,1,100,,38876,36,,,1,91,,38882,36,,,1,100,,38877,36,,,1,99,,38878,36,,,1,100,,38879,36,,,1,100,,38880,36,,,1,100,,38881,36,,,1,96,,38883,36,,,1
3100,'Semaine-2-_26ÉTÉ-1111100-',633,,38888,34,,,1,75,,38923,34,,,1,32,,38901,34,,,1,71,,38889,34,,,1,20,,38929,34,,,1,13,,38926,34,,,1,61,,38885,34,,,1,16,,38898,34,,,1,17,,38899,34,,,1,12,,38915,34,,,1,59,,38890,34,,,1,21,,38892,34,,,1,20,,38909,34,,,1,60,,38910,34,,,1,20,,38916,34,,,1,20,,38891,34,,,1,60,,38896,34,,,1,21,,38917,34,,,1,20,,38924,34,,,1,60,,38912,34,,,1,20,,38893,34,,,1,20,,38886,34,,,1,57,,38922,34,,,1,22,,38927,34,,,1,19,,38911,34,,,1,60,,38894,34,,,1,19,,38914,34,,,1,27,,38918,34,,,1,61,,38925,34,,,1,17,,38913,34,,,1,14,,38895,34,,,1,61,,38906,34,,,1,20,,38908,34,,,1,22,,38897,34,,,1,4,,38884,27,,,1,54,,38902,34,,,1,21,,38887,34,,,1,13,,38920,34,,,1,17,,38928,34,,,1,67,,38903,36,,,1,97,,38921,36,,,1,100,,38904,36,,,1,100,,38900,36,,,1,99,,38905,36,,,1,102,,38907,36,,,1,103,,38919,36,,,1
3100,'Semaine-3-_26ÉTÉ-1111100-',633,,38934,34,,,1,75,,38969,34,,,1,32,,38947,34,,,1,71,,38935,34,,,1,20,,38975,34,,,1,13,,38972,34,,,1,61,,38931,34,,,1,16,,38944,34,,,1,17,,38945,34,,,1,12,,38961,34,,,1,59,,38936,34,,,1,21,,38938,34,,,1,20,,38955,34,,,1,60,,38956,34,,,1,20,,38962,34,,,1,20,,38937,34,,,1,60,,38942,34,,,1,21,,38963,34,,,1,20,,38970,34,,,1,60,,38958,34,,,1,20,,38939,34,,,1,20,,38932,34,,,1,57,,38968,34,,,1,22,,38973,34,,,1,19,,38957,34,,,1,60,,38940,34,,,1,19,,38960,34,,,1,27,,38964,34,,,1,61,,38971,34,,,1,17,,38959,34,,,1,14,,38941,34,,,1,61,,38952,34,,,1,20,,38954,34,,,1,22,,38943,34,,,1,4,,38930,27,,,1,54,,38948,34,,,1,21,,38933,34,,,1,13,,38966,34,,,1,17,,38974,34,,,1,67,,38949,36,,,1,97,,38967,36,,,1,100,,38950,36,,,1,100,,38946,36,,,1,99,,38951,36,,,1,102,,38953,36,,,1,103,,38965,36,,,1
3100,'Semaine-4-_26ÉTÉ-1111100-',633,,38980,34,,,1,75,,39015,34,,,1,32,,38993,34,,,1,71,,38981,34,,,1,20,,39021,34,,,1,13,,39018,34,,,1,61,,38977,34,,,1,16,,38990,34,,,1,17,,38991,34,,,1,12,,39007,34,,,1,59,,38982,34,,,1,21,,38984,34,,,1,20,,39001,34,,,1,60,,39002,34,,,1,20,,39008,34,,,1,20,,38983,34,,,1,60,,38988,34,,,1,21,,39009,34,,,1,20,,39016,34,,,1,60,,39004,34,,,1,20,,38985,34,,,1,20,,38978,34,,,1,57,,39014,34,,,1,22,,39019,34,,,1,19,,39003,34,,,1,60,,38986,34,,,1,19,,39006,34,,,1,27,,39010,34,,,1,61,,39017,34,,,1,17,,39005,34,,,1,14,,38987,34,,,1,61,,38998,34,,,1,20,,39000,34,,,1,22,,38989,34,,,1,4,,38976,27,,,1,54,,38994,34,,,1,21,,38979,34,,,1,13,,39012,34,,,1,17,,39020,34,,,1,67,,38995,36,,,1,97,,39013,36,,,1,100,,38996,36,,,1,100,,38992,36,,,1,99,,38997,36,,,1,102,,38999,36,,,1,103,,39011,36,,,1
33100,'Semaine-4',814,,34191,3,0,7 8,1
33100,'Semaine-2-_26ÉTÉ-1111100-',814,,45848,3,0,7 8,1
33100,'Semaine-3-_26ÉTÉ-1111100-',814,,45849,3,0,7 8,1
33100,'Semaine-4-_26ÉTÉ-1111100-',814,,45850,3,0,7 8,1
43101,'Semaine-4',738,,34804,13,0,9 14,1
43101,'Semaine-2-_26ÉTÉ-1111100-',738,,46752,13,0,9 14,1
43101,'Semaine-3-_26ÉTÉ-1111100-',738,,46753,13,0,9 14,1
43101,'Semaine-4-_26ÉTÉ-1111100-',738,,46754,13,0,9 14,1
83100,'Semaine-4',1534,,35023,12,0,9 12 13,1
