1800,'Semaine-4',1316,,30338,23,,,1,238,,30337,23,,,1,99,,30340,23,,,1,71,,30339,23,,,1
1800,'Semaine-5',1316,,35034,23,,,1,238,,35033,23,,,1,99,,35036,23,,,1,71,,35035,23,,,1
6800,'Semaine-4',629,,33082,22,,,1,30,,33092,22,,,1,68,,33090,22,,,1,74,,33099,22,,,1,28,,33096,22,,,1,30,,33073,22,,,1,70,,33097,22,,,1,30,,33074,22,,,1,70,,33079,22,,,1,30,,33098,22,,,1,70,,33084,22,,,1,30,,33077,22,,,1,75,,33094,22,,,1,75,,33085,22,,,1,30,,33093,22,,,1,70,,33086,22,,,1,31,,33080,22,,,1,69,,33083,22,,,1,20,,33091,22,,,1,21,,33101,22,,,1,66,,33087,22,,,1,18,,33095,22,,,1,19,,33089,22,,,1,60,,33103,22,,,1,16,,33100,22,,,1,10,,33088,22,,,1,10,,33102,22,,,1,60,,33076,22,,,1,30,,33081,22,,,1,70,,33078,22,,,1
6800,'Semaine-5',629,,37122,22,,,1,30,,37132,22,,,1,68,,37130,22,,,1,74,,37139,22,,,1,28,,37136,22,,,1,30,,37113,22,,,1,70,,37137,22,,,1,30,,37114,22,,,1,70,,37119,22,,,1,30,,37138,22,,,1,70,,37124,22,,,1,30,,37117,22,,,1,75,,37134,22,,,1,75,,37125,22,,,1,30,,37133,22,,,1,70,,37126,22,,,1,31,,37120,22,,,1,69,,37123,22,,,1,20,,37131,22,,,1,21,,37141,22,,,1,66,,37127,22,,,1,18,,37135,22,,,1,19,,37129,22,,,1,60,,37143,22,,,1,16,,37140,22,,,1,10,,37128,22,,,1,10,,37142,22,,,1,60,,37116,22,,,1,30,,37121,22,,,1,70,,37118,22,,,1
9700,'Semaine-4',1654,,34031,3,,,1,103,,34022,3,,,1,75,,34017,3,,,1
9700,'Semaine-5',1654,,37878,3,,,1,103,,37869,3,,,1,75,,37864,3,,,1
10000,'Semaine-4',1545,,34101,19,,,1,8,,34103,19,,,1,49,,34088,19,,,1,8,,34089,19,,,1,8,,34090,19,,,1,9,,34102,19,,,1,9,,34091,19,,,1,11,,34092,19,,,1,7,,34093,19,,,1,49,,34094,19,,,1,10,,34095,19,,,1,9,,34096,19,,,1,12,,34097,19,,,1,10,,34098,19,,,1,8,,34099,19,,,1,51,,34100,19,,,1
10000,'Semaine-5',1545,,37932,19,,,1,8,,37934,19,,,1,49,,37919,19,,,1,8,,37920,19,,,1,8,,37921,19,,,1,9,,37933,19,,,1,9,,37922,19,,,1,11,,37923,19,,,1,7,,37924,19,,,1,49,,37925,19,,,1,10,,37926,19,,,1,9,,37927,19,,,1,12,,37928,19,,,1,10,,37929,19,,,1,8,,37930,19,,,1,51,,37931,19,,,1
20000,'Semaine-4',1544,,34119,15,,,1,6,,34120,15,,,1,5,,34143,15,,,1,45,,34121,15,,,1,5,,34122,15,,,1,5,,34148,15,,,1,5,,34123,15,,,1,5,,34125,15,,,1,6,,34126,15,,,1,4,,34127,15,,,1,5,,34129,15,,,1,5,,34130,15,,,1,5,,34124,15,,,1,5,,34147,15,,,1,5,,34128,15,,,1,46,,34131,15,,,1,4,,34132,15,,,1,5,,34133,15,,,1,5,,34134,15,,,1,5,,34146,15,,,1,5,,34135,15,,,1,5,,34144,15,,,1,5,,34136,15,,,1,5,,34137,15,,,1,5,,34139,15,,,1,5,,34138,15,,,1,5,,34140,15,,,1,3,,34141,15,,,1,45,,34142,15,,,1,5,,34145,15,,,1
20000,'Semaine-5',1544,,37950,15,,,1,6,,37951,15,,,1,5,,37974,15,,,1,45,,37952,15,,,1,5,,37953,15,,,1,5,,37979,15,,,1,5,,37954,15,,,1,5,,37956,15,,,1,6,,37957,15,,,1,4,,37958,15,,,1,5,,37960,15,,,1,5,,37961,15,,,1,5,,37955,15,,,1,5,,37978,15,,,1,5,,37959,15,,,1,46,,37962,15,,,1,4,,37963,15,,,1,5,,37964,15,,,1,5,,37965,15,,,1,5,,37977,15,,,1,5,,37966,15,,,1,5,,37975,15,,,1,5,,37967,15,,,1,5,,37968,15,,,1,5,,37970,15,,,1,5,,37969,15,,,1,5,,37971,15,,,1,3,,37972,15,,,1,45,,37973,15,,,1,5,,37976,15,,,1
40000,'Samedi-3',634,,34313,19,,,1,20,,34314,19,,,1,55,,34317,19,,,1,15,,34322,19,,,1,15,,34331,19,,,1,15,,34332,19,,,1,55,,34315,19,,,1,15,,34319,19,,,1,15,,34316,19,,,1,15,,34340,19,,,1,55,,34318,19,,,1,15,,34321,19,,,1,15,,34320,19,,,1,15,,34323,19,,,1,55,,34341,19,,,1,15,,34339,19,,,1,15,,34342,19,,,1,16,,34324,19,,,1,54,,34326,19,,,1,15,,34329,19,,,1,15,,34330,19,,,1,15,,34325,19,,,1,55,,34336,19,,,1,15,,34338,19,,,1,15,,34343,19,,,1,15,,34328,19,,,1,55,,34327,19,,,1,15,,34333,19,,,1,17,,34334,19,,,1,15,,34335,19,,,1,55,,34344,19,,,1,15,,34337,19,,,1,15,,34345,19,,,1,15,,34346,19,,,1,55,,34347,19,,,1,15,,34348,19,,,1,15,,34349,19,,,1,15,,34350,19,,,1,55,,34351,19,,,1,15,,34352,19,,,1,15,,34353,19,,,1,15,,34354,19,,,1,55,,34355,19,,,1,15,,34356,19,,,1,14,,34357,19,,,1,14,,34358,19,,,1,56,,34359,19,,,1,15,,34360,19,,,1,15,,34366,19,,,1,15,,34361,19,,,1,55,,34362,19,,,1,15,,34363,19,,,1,14,,34364,19,,,1,15,,34365,19,,,1,55,,34369,19,,,1,16,,34367,19,,,1,14,,34368,19,,,1,16,,34373,19,,,1,54,,34372,19,,,1,15,,34371,19,,,1,15,,34370,19,,,1,15,,34377,19,,,1,55,,34374,19,,,1,15,,34375,19,,,1,15,,34376,19,,,1,15,,34384,19,,,1,55,,34379,19,,,1,15,,34378,19,,,1,14,,34380,19,,,1,15,,34381,19,,,1,54,,34382,19,,,1,15,,34383,19,,,1,12,,34385,19,,,1
40000,'Samedi-4',634,,38110,19,,,1,20,,38111,19,,,1,55,,38114,19,,,1,15,,38119,19,,,1,15,,38128,19,,,1,15,,38129,19,,,1,55,,38112,19,,,1,15,,38116,19,,,1,15,,38113,19,,,1,15,,38137,19,,,1,55,,38115,19,,,1,15,,38118,19,,,1,15,,38117,19,,,1,15,,38120,19,,,1,55,,38138,19,,,1,15,,38136,19,,,1,15,,38139,19,,,1,16,,38121,19,,,1,54,,38123,19,,,1,15,,38126,19,,,1,15,,38127,19,,,1,15,,38122,19,,,1,55,,38133,19,,,1,15,,38135,19,,,1,15,,38140,19,,,1,15,,38125,19,,,1,55,,38124,19,,,1,15,,38130,19,,,1,17,,38131,19,,,1,15,,38132,19,,,1,55,,38141,19,,,1,15,,38134,19,,,1,15,,38142,19,,,1,15,,38143,19,,,1,55,,38144,19,,,1,15,,38145,19,,,1,15,,38146,19,,,1,15,,38147,19,,,1,55,,38148,19,,,1,15,,38149,19,,,1,15,,38150,19,,,1,15,,38151,19,,,1,55,,38152,19,,,1,15,,38153,19,,,1,14,,38154,19,,,1,14,,38155,19,,,1,56,,38156,19,,,1,15,,38157,19,,,1,15,,38163,19,,,1,15,,38158,19,,,1,55,,38159,19,,,1,15,,38160,19,,,1,14,,38161,19,,,1,15,,38162,19,,,1,55,,38166,19,,,1,16,,38164,19,,,1,14,,38165,19,,,1,16,,38170,19,,,1,54,,38169,19,,,1,15,,38168,19,,,1,15,,38167,19,,,1,15,,38174,19,,,1,55,,38171,19,,,1,15,,38172,19,,,1,15,,38173,19,,,1,15,,38181,19,,,1,55,,38176,19,,,1,15,,38175,19,,,1,14,,38177,19,,,1,15,,38178,19,,,1,54,,38179,19,,,1,15,,38180,19,,,1,12,,38182,19,,,1
40000,'Dimanche-3',634,,34386,19,,,1,20,,34388,19,,,1,55,,34393,19,,,1,15,,34399,19,,,1,15,,34401,19,,,1,15,,34387,19,,,1,55,,34390,19,,,1,15,,34397,19,,,1,15,,34404,19,,,1,15,,34408,19,,,1,55,,34392,19,,,1,15,,34400,19,,,1,15,,34411,19,,,1,15,,34389,19,,,1,55,,34391,19,,,1,15,,34398,19,,,1,15,,34405,19,,,1,16,,34406,19,,,1,54,,34422,19,,,1,15,,34421,19,,,1,15,,34412,19,,,1,15,,34403,19,,,1,55,,34413,19,,,1,15,,34416,19,,,1,15,,34425,19,,,1,15,,34394,19,,,1,55,,34423,19,,,1,15,,34420,19,,,1,17,,34424,19,,,1,15,,34402,19,,,1,55,,34395,19,,,1,15,,34426,19,,,1,15,,34417,19,,,1,15,,34409,19,,,1,55,,34407,19,,,1,15,,34414,19,,,1,15,,34419,19,,,1,15,,34429,19,,,1,55,,34396,19,,,1,15,,34431,19,,,1,15,,34418,19,,,1,15,,34410,19,,,1,55,,34441,19,,,1,15,,34415,19,,,1,14,,34450,19,,,1,14,,34436,19,,,1,56,,34440,19,,,1,15,,34456,19,,,1,15,,34447,19,,,1,15,,34428,19,,,1,55,,34442,19,,,1,15,,34432,19,,,1,14,,34449,19,,,1,15,,34435,19,,,1,55,,34439,19,,,1,16,,34455,19,,,1,14,,34448,19,,,1,16,,34427,19,,,1,53,,34452,19,,,1,16,,34446,19,,,1,15,,34454,19,,,1,15,,34430,19,,,1,55,,34434,19,,,1,15,,34438,19,,,1,15,,34444,19,,,1,15,,34458,19,,,1,55,,34451,19,,,1,15,,34445,19,,,1,14,,34453,19,,,1,15,,34457,19,,,1,54,,34433,19,,,1,15,,34437,19,,,1,12,,34443,19,,,1
40000,'Semaine-4',608,,34459,19,,,1,15,,34465,19,,,1,17,,34488,19,,,1,15,,34503,19,,,1,55,,34493,19,,,1,15,,34551,19,,,1,10,,34523,19,,,1,10,,34475,19,,,1,14,,34522,19,,,1,55,,34517,19,,,1,11,,34518,19,,,1,11,,34473,19,,,1,12,,34495,19,,,1,10,,34497,19,,,1,52,,34544,19,,,1,12,,34514,19,,,1,12,,34468,19,,,1,15,,34477,19,,,1,7,,34463,19,,,1,50,,34466,19,,,1,10,,34519,19,,,1,10,,34485,19,,,1,10,,34498,19,,,1,10,,34491,19,,,1,10,,34492,19,,,1,50,,34524,19,,,1,10,,34504,19,,,1,10,,34515,19,,,1,10,,34469,19,,,1,10,,34478,19,,,1,10,,34467,19,,,1,51,,34545,19,,,1,12,,34520,19,,,1,7,,34486,19,,,1,10,,34499,19,,,1,10,,34490,19,,,1,10,,34482,19,,,1,50,,34511,19,,,1,11,,34494,19,,,1,2,,34505,19,,,1,7,,34516,19,,,1,11,,34470,19,,,1,10,,34480,19,,,1,10,,34472,19,,,1,50,,34462,19,,,1,10,,34521,19,,,1,10,,34502,19,,,1,11,,34500,19,,,1,6,,34512,19,,,1,6,,34489,19,,,1,6,,34481,19,,,1,46,,34529,19,,,1,8,,34530,19,,,1,3,,34531,19,,,1,5,,34532,19,,,1,6,,34533,19,,,1,8,,34543,19,,,1,4,,34549,19,,,1,4,,34534,19,,,1,273,,34535,19,,,1,4,,34536,19,,,1,5,,34537,19,,,1,6,,34538,19,,,1,5,,34550,19,,,1,5,,34539,19,,,1,6,,34540,19,,,1,8,,34541,19,,,1,52,,34542,19,,,1,12,,34506,19,,,1,12,,34507,19,,,1,12,,34501,19,,,1,12,,34527,19,,,1,52,,34510,19,,,1,12,,34496,19,,,1,12,,34474,19,,,1,12,,34546,19,,,1,12,,34479,19,,,1,52,,34547,19,,,1,10,,34487,19,,,1,12,,34508,19,,,1,12,,34548,19,,,1,14,,34484,19,,,1,55,,34528,19,,,1,15,,34526,19,,,1,15,,34471,19,,,1,15,,34460,19,,,1,55,,34476,19,,,1,15,,34509,19,,,1,15,,34483,19,,,1,13,,34513,19,,,1,55,,34525,19,,,1,13,,34464,19,,,1,17,,34461,19,,,1
40000,'Semaine-5',608,,38183,19,,,1,15,,38189,19,,,1,17,,38212,19,,,1,15,,38227,19,,,1,55,,38217,19,,,1,15,,38275,19,,,1,10,,38247,19,,,1,10,,38199,19,,,1,14,,38246,19,,,1,55,,38241,19,,,1,11,,38242,19,,,1,11,,38197,19,,,1,12,,38219,19,,,1,10,,38221,19,,,1,52,,38268,19,,,1,12,,38238,19,,,1,12,,38192,19,,,1,15,,38201,19,,,1,7,,38187,19,,,1,50,,38190,19,,,1,10,,38243,19,,,1,10,,38209,19,,,1,10,,38222,19,,,1,10,,38215,19,,,1,10,,38216,19,,,1,50,,38248,19,,,1,10,,38228,19,,,1,10,,38239,19,,,1,10,,38193,19,,,1,10,,38202,19,,,1,10,,38191,19,,,1,51,,38269,19,,,1,12,,38244,19,,,1,7,,38210,19,,,1,10,,38223,19,,,1,10,,38214,19,,,1,10,,38206,19,,,1,50,,38235,19,,,1,11,,38218,19,,,1,2,,38229,19,,,1,7,,38240,19,,,1,11,,38194,19,,,1,10,,38204,19,,,1,10,,38196,19,,,1,50,,38186,19,,,1,10,,38245,19,,,1,10,,38226,19,,,1,11,,38224,19,,,1,6,,38236,19,,,1,6,,38213,19,,,1,6,,38205,19,,,1,46,,38253,19,,,1,8,,38254,19,,,1,3,,38255,19,,,1,5,,38256,19,,,1,6,,38257,19,,,1,8,,38267,19,,,1,4,,38273,19,,,1,4,,38258,19,,,1,273,,38259,19,,,1,4,,38260,19,,,1,5,,38261,19,,,1,6,,38262,19,,,1,5,,38274,19,,,1,5,,38263,19,,,1,6,,38264,19,,,1,8,,38265,19,,,1,52,,38266,19,,,1,12,,38230,19,,,1,12,,38231,19,,,1,12,,38225,19,,,1,12,,38251,19,,,1,52,,38234,19,,,1,12,,38220,19,,,1,12,,38198,19,,,1,12,,38270,19,,,1,12,,38203,19,,,1,52,,38271,19,,,1,10,,38211,19,,,1,12,,38232,19,,,1,12,,38272,19,,,1,14,,38208,19,,,1,55,,38252,19,,,1,15,,38250,19,,,1,15,,38195,19,,,1,15,,38184,19,,,1,55,,38200,19,,,1,15,,38233,19,,,1,15,,38207,19,,,1,13,,38237,19,,,1,55,,38249,19,,,1,13,,38188,19,,,1,17,,38185,19,,,1
80000,'Samedi-3',757,,34866,52,,,2,102,,34867,52,,,1,100,,34868,52,,,2,141,,34870,52,,,1,100,,34871,52,,,2,100,,34869,52,,,2,100,,34872,52,,,1,102,,34873,52,,,2,100,,34874,52,,,1,100,,34875,52,,,1,99,,34876,52,,,2,99,,34877,52,,,1,100,,34880,52,,,1,58,,34878,52,,,1,100,,34879,52,,,2,98,,34881,52,,,1,100,,34882,52,,,1
80000,'Samedi-4',757,,38517,52,,,2,102,,38518,52,,,1,100,,38519,52,,,2,141,,38521,52,,,1,100,,38522,52,,,2,100,,38520,52,,,2,100,,38523,52,,,1,102,,38524,52,,,2,100,,38525,52,,,1,100,,38526,52,,,1,99,,38527,52,,,2,99,,38528,52,,,1,100,,38531,52,,,1,58,,38529,52,,,1,100,,38530,52,,,2,98,,38532,52,,,1,100,,38533,52,,,1
80000,'Dimanche-3',757,,34887,52,,,2,102,,34883,52,,,1,100,,34888,52,,,2,141,,34884,52,,,1,100,,34885,52,,,2,100,,34889,52,,,2,100,,34886,52,,,1,102,,34891,52,,,2,100,,34890,52,,,1,100,,34892,52,,,1,99,,34895,52,,,2,99,,34893,52,,,1,100,,34894,52,,,1,58,,34896,52,,,1,100,,34897,52,,,2,98,,34899,52,,,1,100,,34898,52,,,1
80000,'Semaine-4',638,,34931,51,,,1,70,,34913,51,,,1,31,,34903,51,,,1,14,,34906,51,,,1,57,,34926,51,,,1,33,,34914,51,,,1,58,,34902,51,,,1,25,,34928,51,,,1,30,,34905,52,,,2,70,,34923,52,,,1,29,,34917,52,,,1,71,,34935,52,,,1,31,,34904,52,,,1,70,,34921,52,,,2,28,,34919,52,,,1,70,,34934,52,,,1,30,,34916,52,,,1,70,,34929,52,,,1,34,,34918,52,,,1,71,,34925,52,,,1,72,,34924,52,,,2,32,,34920,52,,,1,70,,34932,52,,,2,31,,34907,52,,,1,68,,34915,52,,,1,28,,34909,52,,,1,69,,34930,52,,,1,29,,34908,52,,,1,30,,34912,52,,,1,70,,34900,52,,,1,28,,34933,52,,,1,69,,34910,52,,,1,27,,34911,52,,,1,70,,34927,52,,,1,28,,34901,52,,,1,68,,34922,52,,,1
80000,'Semaine-5',638,,38565,51,,,1,70,,38547,51,,,1,31,,38537,51,,,1,14,,38540,51,,,1,57,,38560,51,,,1,33,,38548,51,,,1,58,,38536,51,,,1,25,,38562,51,,,1,30,,38539,52,,,2,70,,38557,52,,,1,29,,38551,52,,,1,71,,38569,52,,,1,31,,38538,52,,,1,70,,38555,52,,,2,28,,38553,52,,,1,70,,38568,52,,,1,30,,38550,52,,,1,70,,38563,52,,,1,34,,38552,52,,,1,71,,38559,52,,,1,72,,38558,52,,,2,32,,38554,52,,,1,70,,38566,52,,,2,31,,38541,52,,,1,68,,38549,52,,,1,28,,38543,52,,,1,69,,38564,52,,,1,29,,38542,52,,,1,30,,38546,52,,,1,70,,38534,52,,,1,28,,38567,52,,,1,69,,38544,52,,,1,27,,38545,52,,,1,70,,38561,52,,,1,28,,38535,52,,,1,68,,38556,52,,,1
