4000,'Semaine-4',1544,,31617,41,,,1,70,,31613,41,,,2,35,,31616,41,,,1,67,,31615,41,,,2,28,,31614,41,,,1,65,,31618,41,,,1
4000,'Semaine-2-_26ÉTÉ-1111100-',1544,,41047,41,,,2,69,,41043,41,,,2,36,,41046,41,,,1,67,,41045,41,,,1,31,,41044,41,,,1,64,,41048,41,,,2
4000,'Semaine-3-_26ÉTÉ-1111100-',1544,,41053,41,,,2,69,,41049,41,,,2,36,,41052,41,,,1,67,,41051,41,,,1,31,,41050,41,,,1,64,,41054,41,,,2
4000,'Semaine-4-_26ÉTÉ-1111100-',1544,,41059,41,,,2,69,,41055,41,,,2,36,,41058,41,,,1,67,,41057,41,,,1,31,,41056,41,,,1,64,,41060,41,,,2
5200,'Samedi-3',654,,31809,40,,,1,100,,31810,40,,,2,101,,31811,40,,,1,100,,31812,40,,,2,100,,31813,40,,,1,102,,31814,40,,,1,100,,31815,40,,,2,100,,31816,40,,,1,99,,31817,40,,,1,101,,31818,40,,,1,100,,31819,40,,,1,99,,31820,40,,,1,99,,31821,40,,,1,100,,31824,40,,,1,100,,31822,40,,,1,99,,31823,40,,,2,98,,31825,40,,,2,100,,31826,40,,,1
5200,'Dimanche-3',654,,31828,40,,,1,100,,31827,40,,,2,101,,31829,40,,,1,100,,31830,40,,,2,100,,31832,40,,,1,102,,31837,40,,,1,100,,31831,40,,,2,100,,31834,40,,,1,99,,31835,40,,,1,101,,31833,40,,,1,100,,31836,40,,,1,99,,31843,40,,,1,99,,31842,40,,,1,100,,31838,40,,,1,100,,31844,40,,,1,99,,31841,40,,,2,98,,31840,40,,,2,100,,31839,40,,,1
5200,'Semaine-4',625,,31848,40,,,1,99,,31850,40,,,1,110,,31845,40,,,1,94,,31861,40,,,2,98,,31859,40,,,1,101,,31846,40,,,2,100,,31853,40,,,1,100,,31852,40,,,1,100,,31849,40,,,1,102,,31847,40,,,1,108,,31851,40,,,1,99,,31862,40,,,1,106,,31860,40,,,1,100,,31854,40,,,1,83,,31858,40,,,1,100,,31857,40,,,2,99,,31855,40,,,1,100,,31856,40,,,1
5200,'Samedi-10-_26ÉTÉ-0000010-',654,,41440,40,,,1,100,,41441,40,,,2,101,,41442,40,,,1,100,,41443,40,,,2,100,,41444,40,,,1,102,,41445,40,,,1,100,,41446,40,,,2,100,,41447,40,,,2,99,,41448,40,,,1,101,,41449,40,,,2,100,,41450,40,,,1,99,,41451,40,,,1,99,,41452,40,,,1,100,,41455,40,,,1,100,,41453,40,,,1,99,,41454,40,,,2,98,,41456,40,,,2,100,,41457,40,,,1
5200,'Semaine-2-_26ÉTÉ-1111100-',625,,41461,40,,,1,99,,41463,40,,,1,110,,41458,40,,,1,96,,41474,40,,,1,97,,41472,40,,,2,100,,41459,40,,,1,100,,41466,40,,,1,100,,41465,40,,,1,100,,41462,40,,,1,101,,41460,40,,,1,108,,41464,40,,,1,102,,41475,40,,,1,104,,41473,40,,,1,100,,41467,40,,,1,83,,41471,40,,,1,100,,41470,40,,,1,99,,41468,40,,,1,100,,41469,40,,,1
5200,'Semaine-3-_26ÉTÉ-1111100-',625,,41479,40,,,1,99,,41481,40,,,1,110,,41476,40,,,1,96,,41492,40,,,1,97,,41490,40,,,2,100,,41477,40,,,1,100,,41484,40,,,1,100,,41483,40,,,1,100,,41480,40,,,1,101,,41478,40,,,1,108,,41482,40,,,1,102,,41493,40,,,1,104,,41491,40,,,1,100,,41485,40,,,1,83,,41489,40,,,1,100,,41488,40,,,1,99,,41486,40,,,1,100,,41487,40,,,1
5200,'Semaine-4-_26ÉTÉ-1111100-',625,,41497,40,,,1,99,,41499,40,,,1,110,,41494,40,,,1,96,,41510,40,,,1,97,,41508,40,,,2,100,,41495,40,,,1,100,,41502,40,,,1,100,,41501,40,,,1,100,,41498,40,,,1,101,,41496,40,,,1,108,,41500,40,,,1,102,,41511,40,,,1,104,,41509,40,,,1,100,,41503,40,,,1,83,,41507,40,,,1,100,,41506,40,,,1,99,,41504,40,,,1,100,,41505,40,,,1
74000,'Semaine-4',1647,,34857,36,0,5 11,1
