2000,'Semaine-3',646,,24571,7,,,1,101,,24570,7,,,2,97,,24569,7,,,1
2300,'Semaine-3',1539,,24580,10,,,1,70,,24578,10,,,1,30,,24576,10,,,2,69,,24577,10,,,1,27,,24579,10,,,1,69,,24575,10,,,1
2500,'Semaine-3',1524,,24586,9,,,1,30,,24589,9,,,1,70,,24587,9,,,1,31,,24591,9,,,1,68,,24588,9,,,1,27,,24590,9,,,1
3500,'Semaine-3',637,,25412,17,0,15 16,1,77,,25386,17,0,15 16,1,33,,25397,17,0,15 16,1,57,,25415,17,0,15 16,1,33,,25421,17,0,15 16,1,11,,25419,17,0,15 16,1,4,,25405,17,0,15 16,1,7,,25417,17,0,15 16,1,59,,25410,17,0,15 16,1,21,,25416,17,0,15 16,1,70,,25394,17,0,15 16,2,27,,25408,17,0,15 16,1,74,,25388,17,0,15 16,1,30,,25392,17,0,15 16,1,70,,25403,17,0,15 16,1,30,,25387,17,0,15 16,1,70,,25398,17,0,15 16,1,30,,25420,17,0,15 16,1,70,,25406,17,0,15 16,1,30,,25389,17,0,15 16,1,74,,25402,17,,,2,28,,25404,17,0,15 16,2,63,,25395,10,0,15 16,1,15,,25407,17,,,2,13,,25401,10,0,15 16,1,16,,25411,17,,,1,67,,25413,17,0,15 16,2,30,,25393,17,,,1,65,,25391,17,0,15 16,2,15,,25399,10,0,15 16,1,21,,25422,17,,,2,61,,25409,17,0,15 16,1,35,,25396,17,,,2,63,,25400,17,,,1,103,,25414,17,,,1,100,,25418,17,,,1,97,,25390,17,0,15 16,1
3800,'Samedi-11',738,,25636,10,,,1,71,,25629,10,,,1,23,,25630,10,,,1,77,,25641,10,,,1,28,,25633,10,,,1,72,,25631,10,,,1,28,,25642,10,,,1,72,,25634,10,,,1,28,,25640,10,,,1,72,,25632,10,,,1,27,,25635,10,,,1,74,,25639,10,,,1,27,,25637,10,,,1,72,,25638,10,,,1,28,,25643,10,,,1,73,,25644,10,,,1,27,,25645,10,,,1,73,,25646,10,,,1,24,,25647,10,,,1,75,,25648,10,,,1,27,,25649,10,,,1,73,,25650,10,,,1,27,,25651,10,,,1,73,,25652,10,,,1,29,,25653,10,,,1,71,,25654,10,,,1,29,,25656,10,,,1,71,,25655,10,,,1,30,,25658,10,,,1,70,,25657,10,,,1,30,,25659,10,,,1,70,,25660,10,,,1,30,,25661,10,,,1
3800,'Samedi-2',738,,25669,10,,,1,71,,25662,10,,,1,23,,25663,10,,,1,77,,25674,10,,,1,28,,25666,10,,,1,72,,25664,10,,,1,28,,25675,10,,,1,72,,25667,10,,,1,28,,25673,10,,,1,72,,25665,10,,,1,27,,25668,10,,,1,74,,25672,10,,,1,27,,25670,10,,,1,72,,25671,10,,,1,28,,25676,10,,,1,73,,25677,10,,,1,27,,25678,10,,,1,73,,25679,10,,,1,24,,25680,10,,,1,75,,25681,10,,,1,27,,25682,10,,,1,73,,25683,10,,,1,27,,25684,10,,,1,73,,25685,10,,,1,29,,25686,10,,,1,71,,25687,10,,,1,29,,25689,10,,,1,71,,25688,10,,,1,30,,25691,10,,,1,70,,25690,10,,,1,30,,25692,10,,,1,70,,25693,10,,,1,30,,25694,10,,,1
3800,'Dimanche-2',738,,25704,10,,,1,71,,25702,10,,,1,23,,25700,10,,,1,77,,25707,10,,,1,28,,25695,10,,,1,72,,25696,10,,,1,28,,25708,10,,,1,72,,25703,10,,,1,28,,25697,10,,,1,72,,25698,10,,,1,27,,25701,10,,,1,74,,25699,10,,,1,27,,25710,10,,,1,72,,25712,10,,,1,28,,25705,10,,,1,73,,25711,10,,,1,27,,25713,10,,,1,73,,25706,10,,,1,24,,25709,10,,,1,75,,25717,10,,,1,27,,25722,10,,,1,73,,25719,10,,,1,27,,25718,10,,,1,73,,25716,10,,,1,29,,25721,10,,,1,71,,25726,10,,,1,29,,25724,10,,,1,71,,25714,10,,,1,30,,25715,10,,,1,70,,25725,10,,,1,30,,25723,10,,,1,70,,25720,10,,,1,30,,25727,10,,,1
3800,'Semaine-3',650,,25744,10,,,1,60,,25760,10,,,1,32,,25755,10,,,1,70,,25768,10,,,1,30,,25765,10,,,1,70,,25741,10,,,1,19,,25737,10,,,1,20,,25748,10,,,1,60,,25733,10,,,1,20,,25757,10,,,1,20,,25742,10,,,1,60,,25738,10,,,1,20,,25749,10,,,1,20,,25734,10,,,1,60,,25756,10,,,1,20,,25767,10,,,1,20,,25739,10,,,1,60,,25750,10,,,1,21,,25758,10,,,1,20,,25769,10,,,1,60,,25743,10,,,1,20,,25740,10,,,1,21,,25751,10,,,1,69,,25764,10,,,1,32,,25729,10,,,1,72,,25753,10,,,1,33,,25762,10,,,1,65,,25752,10,,,1,25,,25766,10,,,1,71,,25732,10,,,1,30,,25763,10,,,1,70,,25746,10,,,1,30,,25754,10,,,1,70,,25759,10,,,1,30,,25761,10,,,1,70,,25745,10,,,1,30,,25731,10,,,1,70,,25747,10,,,1,30,,25735,10,,,1,70,,25730,10,,,1,30,,25728,10,,,1,68,,25736,10,,,1
10000,'Semaine-3',1519,,29191,10,,,1,8,,29193,10,,,1,9,,29178,10,,,1,8,,29179,10,,,1,8,,29180,10,,,1,49,,29192,10,,,1,9,,29181,10,,,1,11,,29182,10,,,1,7,,29183,10,,,1,9,,29184,10,,,1,10,,29185,10,,,1,10,,29186,10,,,1,52,,29187,10,,,1,10,,29188,10,,,1,8,,29189,10,,,1,11,,29190,10,,,1
40000,'Samedi-11',609,,29437,10,,,1,20,,29438,10,,,1,15,,29441,10,,,1,15,,29446,10,,,1,55,,29455,10,,,1,15,,29456,10,,,1,15,,29439,10,,,1,15,,29443,10,,,1,55,,29440,10,,,1,15,,29464,10,,,1,15,,29442,10,,,1,15,,29445,10,,,1,55,,29444,10,,,1,15,,29447,10,,,1,15,,29465,10,,,1,15,,29463,10,,,1,55,,29466,10,,,1,16,,29448,10,,,1,14,,29450,10,,,1,15,,29453,10,,,1,55,,29454,10,,,1,15,,29449,10,,,1,15,,29460,10,,,1,15,,29462,10,,,1,55,,29467,10,,,1,15,,29452,10,,,1,15,,29451,10,,,1,15,,29457,10,,,1,56,,29458,10,,,1,15,,29459,10,,,1,15,,29468,10,,,1,55,,29461,10,,,1,15,,29469,10,,,1,15,,29470,10,,,1,15,,29471,10,,,1,55,,29472,10,,,1,15,,29473,10,,,1,15,,29474,10,,,1,15,,29475,10,,,1,55,,29476,10,,,1,15,,29477,10,,,1,15,,29478,10,,,1,15,,29479,10,,,1,55,,29480,10,,,1,15,,29481,10,,,1,14,,29482,10,,,1,16,,29483,10,,,1,55,,29484,10,,,1,15,,29490,10,,,1,15,,29485,10,,,1,15,,29486,10,,,1,55,,29487,10,,,1,14,,29488,10,,,1,15,,29489,10,,,1,15,,29493,10,,,1,56,,29491,10,,,1,14,,29492,10,,,1,16,,29497,10,,,1,14,,29496,10,,,1,15,,29495,10,,,1,55,,29494,10,,,1,15,,29501,10,,,1,15,,29498,10,,,1,15,,29499,10,,,1,55,,29500,10,,,1,15,,29508,10,,,1,15,,29503,10,,,1,15,,29502,10,,,1,55,,29504,10,,,1,15,,29505,10,,,1,14,,29506,10,,,1,15,,29507,10,,,1,54,,29509,10,,,1
40000,'Samedi-2',609,,29510,10,,,1,20,,29511,10,,,1,15,,29514,10,,,1,15,,29519,10,,,1,55,,29528,10,,,1,15,,29529,10,,,1,15,,29512,10,,,1,15,,29516,10,,,1,55,,29513,10,,,1,15,,29537,10,,,1,15,,29515,10,,,1,15,,29518,10,,,1,55,,29517,10,,,1,15,,29520,10,,,1,15,,29538,10,,,1,15,,29536,10,,,1,55,,29539,10,,,1,16,,29521,10,,,1,14,,29523,10,,,1,15,,29526,10,,,1,55,,29527,10,,,1,15,,29522,10,,,1,15,,29533,10,,,1,15,,29535,10,,,1,55,,29540,10,,,1,15,,29525,10,,,1,15,,29524,10,,,1,15,,29530,10,,,1,56,,29531,10,,,1,15,,29532,10,,,1,15,,29541,10,,,1,55,,29534,10,,,1,15,,29542,10,,,1,15,,29543,10,,,1,15,,29544,10,,,1,55,,29545,10,,,1,15,,29546,10,,,1,15,,29547,10,,,1,15,,29548,10,,,1,55,,29549,10,,,1,15,,29550,10,,,1,15,,29551,10,,,1,15,,29552,10,,,1,55,,29553,10,,,1,15,,29554,10,,,1,14,,29555,10,,,1,16,,29556,10,,,1,55,,29557,10,,,1,15,,29563,10,,,1,15,,29558,10,,,1,15,,29559,10,,,1,55,,29560,10,,,1,14,,29561,10,,,1,15,,29562,10,,,1,15,,29566,10,,,1,56,,29564,10,,,1,14,,29565,10,,,1,16,,29570,10,,,1,14,,29569,10,,,1,15,,29568,10,,,1,55,,29567,10,,,1,15,,29574,10,,,1,15,,29571,10,,,1,15,,29572,10,,,1,55,,29573,10,,,1,15,,29581,10,,,1,15,,29576,10,,,1,15,,29575,10,,,1,55,,29577,10,,,1,15,,29578,10,,,1,14,,29579,10,,,1,15,,29580,10,,,1,54,,29582,10,,,1
40000,'Dimanche-2',609,,29583,10,,,1,20,,29585,10,,,1,15,,29590,10,,,1,15,,29596,10,,,1,55,,29598,10,,,1,15,,29584,10,,,1,15,,29587,10,,,1,15,,29594,10,,,1,55,,29601,10,,,1,15,,29605,10,,,1,15,,29589,10,,,1,15,,29597,10,,,1,55,,29608,10,,,1,15,,29586,10,,,1,15,,29588,10,,,1,15,,29595,10,,,1,55,,29602,10,,,1,16,,29603,10,,,1,14,,29619,10,,,1,15,,29618,10,,,1,55,,29609,10,,,1,15,,29600,10,,,1,15,,29610,10,,,1,15,,29613,10,,,1,55,,29622,10,,,1,15,,29591,10,,,1,15,,29620,10,,,1,15,,29617,10,,,1,56,,29621,10,,,1,15,,29599,10,,,1,15,,29592,10,,,1,55,,29623,10,,,1,15,,29614,10,,,1,15,,29606,10,,,1,15,,29604,10,,,1,55,,29611,10,,,1,15,,29616,10,,,1,15,,29626,10,,,1,15,,29593,10,,,1,55,,29628,10,,,1,15,,29615,10,,,1,15,,29607,10,,,1,15,,29638,10,,,1,55,,29612,10,,,1,15,,29647,10,,,1,14,,29633,10,,,1,16,,29637,10,,,1,55,,29653,10,,,1,15,,29644,10,,,1,15,,29625,10,,,1,15,,29639,10,,,1,55,,29629,10,,,1,14,,29646,10,,,1,15,,29632,10,,,1,15,,29636,10,,,1,56,,29652,10,,,1,14,,29645,10,,,1,16,,29624,10,,,1,13,,29649,10,,,1,16,,29643,10,,,1,55,,29651,10,,,1,15,,29627,10,,,1,15,,29631,10,,,1,15,,29635,10,,,1,55,,29641,10,,,1,15,,29655,10,,,1,15,,29648,10,,,1,15,,29642,10,,,1,55,,29650,10,,,1,15,,29654,10,,,1,14,,29630,10,,,1,15,,29634,10,,,1,54,,29640,10,,,1
40000,'Semaine-3',544,,29656,10,,,1,15,,29662,10,,,1,56,,29685,10,,,1,15,,29700,10,,,1,15,,29690,10,,,1,55,,29748,10,,,1,10,,29720,10,,,1,10,,29672,10,,,1,14,,29719,10,,,1,15,,29714,10,,,1,51,,29715,10,,,1,11,,29670,10,,,1,12,,29692,10,,,1,11,,29694,10,,,1,12,,29741,10,,,1,12,,29711,10,,,1,52,,29665,10,,,1,15,,29674,10,,,1,7,,29660,10,,,1,10,,29663,10,,,1,10,,29716,10,,,1,50,,29682,10,,,1,10,,29695,10,,,1,10,,29688,10,,,1,10,,29689,10,,,1,10,,29721,10,,,1,10,,29701,10,,,1,50,,29712,10,,,1,10,,29666,10,,,1,10,,29675,10,,,1,10,,29664,10,,,1,11,,29742,10,,,1,12,,29717,10,,,1,47,,29683,10,,,1,10,,29696,10,,,1,10,,29687,10,,,1,10,,29679,10,,,1,10,,29708,10,,,1,11,,29691,10,,,1,2,,29702,10,,,1,47,,29713,10,,,1,11,,29667,10,,,1,10,,29677,10,,,1,10,,29669,10,,,1,10,,29659,10,,,1,10,,29718,10,,,1,50,,29699,10,,,1,10,,29697,10,,,1,6,,29709,10,,,1,6,,29686,10,,,1,6,,29678,10,,,1,6,,29726,10,,,1,8,,29727,10,,,1,3,,29728,10,,,1,5,,29729,10,,,1,6,,29730,10,,,1,47,,29740,10,,,1,4,,29746,10,,,1,4,,29731,10,,,1,234,,29732,10,,,1,4,,29733,10,,,1,5,,29734,10,,,1,46,,29735,10,,,1,5,,29747,10,,,1,5,,29736,10,,,1,6,,29737,10,,,1,8,,29738,10,,,1,12,,29739,10,,,1,12,,29703,10,,,1,52,,29704,10,,,1,12,,29698,10,,,1,12,,29724,10,,,1,12,,29707,10,,,1,12,,29693,10,,,1,52,,29671,10,,,1,12,,29743,10,,,1,12,,29676,10,,,1,12,,29744,10,,,1,11,,29684,10,,,1,52,,29705,10,,,1,12,,29745,10,,,1,14,,29681,10,,,1,15,,29725,10,,,1,15,,29723,10,,,1,55,,29668,10,,,1,15,,29657,10,,,1,15,,29673,10,,,1,15,,29706,10,,,1,55,,29680,10,,,1,14,,29710,10,,,1,15,,29722,10,,,1,13,,29661,10,,,1,57,,29658,10,,,1
