6701,'Samedi-3',634,,32983,14,,,1,100,,32989,14,,,1,99,,32985,14,,,1,101,,32984,14,,,1,71,,32987,14,,,1,28,,32992,14,,,1,72,,32993,14,,,2,30,,32986,14,,,1,70,,32988,14,,,1,30,,32991,14,,,1,70,,32994,14,,,1,30,,32995,14,,,1,70,,32990,14,,,1,30,,32996,14,,,1,70,,32997,14,,,1,30,,32998,14,,,2,70,,32999,14,,,2,30,,33000,14,,,1,71,,33001,14,,,1,29,,33002,14,,,1,70,,33003,14,,,2,29,,33004,14,,,1,70,,33005,14,,,2,100,,33006,14,,,1,100,,33007,14,,,1,100,,33009,14,,,1,100,,33008,14,,,1
6701,'Dimanche-3',634,,33010,14,,,1,100,,33015,14,,,1,99,,33018,14,,,1,101,,33013,14,,,1,71,,33011,14,,,1,28,,33012,14,,,1,72,,33014,14,,,2,30,,33022,14,,,1,70,,33016,14,,,1,30,,33020,14,,,1,70,,33017,14,,,1,30,,33025,14,,,1,70,,33026,14,,,1,30,,33023,14,,,1,70,,33028,14,,,1,30,,33019,14,,,2,70,,33031,14,,,2,30,,33024,14,,,1,71,,33021,14,,,1,29,,33029,14,,,1,70,,33032,14,,,2,29,,33036,14,,,1,70,,33035,14,,,2,100,,33027,14,,,1,100,,33033,14,,,1,100,,33030,14,,,1,100,,33034,14,,,1
6701,'Semaine-4',910,,33057,14,,,1,20,,33046,14,,,1,20,,33064,14,,,2,60,,33050,14,,,1,20,,33044,14,,,1,20,,33065,14,,,1,60,,33058,14,,,1,20,,33047,14,,,1,20,,33066,14,,,1,60,,33051,14,,,1,20,,33054,14,,,1,20,,33067,14,,,1,60,,33053,14,,,1,20,,33048,14,,,1,20,,33068,14,,,1,60,,33059,14,,,1,20,,33061,14,,,1,20,,33063,14,,,1,60,,33055,14,,,1,32,,33039,14,,,1,70,,33062,14,,,1,29,,33042,14,,,2,75,,33060,14,,,1,25,,33056,14,,,1,69,,33049,14,,,1,30,,33037,14,,,2,69,,33052,14,,,1,30,,33040,14,,,2,70,,33069,14,,,1,30,,33038,14,,,2,70,,33071,14,,,1,30,,33041,14,,,1,70,,33072,14,,,2,30,,33043,14,,,1,70,,33070,14,,,1,30,,33045,14,,,1
6701,'Samedi-10-_26ÉTÉ-0000010-',634,,43430,14,,,1,100,,43436,14,,,1,99,,43432,14,,,1,101,,43431,14,,,1,71,,43434,14,,,1,28,,43439,14,,,1,72,,43440,14,,,2,30,,43433,14,,,1,70,,43435,14,,,1,30,,43438,14,,,1,70,,43441,14,,,1,30,,43442,14,,,1,70,,43437,14,,,1,30,,43443,14,,,1,70,,43444,14,,,1,30,,43445,14,,,2,70,,43446,14,,,2,30,,43447,14,,,1,71,,43448,14,,,1,29,,43449,14,,,1,70,,43450,14,,,2,29,,43451,14,,,1,70,,43452,14,,,2,100,,43453,14,,,1,100,,43454,14,,,1,100,,43456,14,,,1,100,,43455,14,,,1
6701,'Semaine-2-_26ÉTÉ-1111100-',910,,43477,14,,,1,20,,43466,14,,,1,20,,43484,14,,,2,60,,43470,14,,,1,20,,43464,14,,,2,20,,43485,14,,,1,60,,43478,14,,,1,20,,43467,14,,,1,20,,43486,14,,,2,60,,43471,14,,,1,20,,43474,14,,,2,21,,43487,14,,,1,59,,43473,14,,,1,20,,43468,14,,,2,20,,43488,14,,,1,60,,43479,14,,,1,20,,43481,14,,,1,20,,43483,14,,,1,60,,43475,14,,,2,32,,43459,14,,,1,70,,43482,14,,,2,29,,43462,14,,,1,70,,43480,14,,,1,30,,43476,14,,,1,69,,43469,14,,,1,30,,43457,14,,,1,69,,43472,14,,,1,30,,43460,14,,,1,70,,43489,14,,,1,30,,43458,14,,,1,70,,43491,14,,,1,30,,43461,14,,,1,70,,43492,14,,,1,30,,43463,14,,,2,70,,43490,14,,,1,30,,43465,14,,,2
6701,'Semaine-3-_26ÉTÉ-1111100-',910,,43513,14,,,1,20,,43502,14,,,1,20,,43520,14,,,2,60,,43506,14,,,1,20,,43500,14,,,2,20,,43521,14,,,1,60,,43514,14,,,1,20,,43503,14,,,1,20,,43522,14,,,2,60,,43507,14,,,1,20,,43510,14,,,2,21,,43523,14,,,1,59,,43509,14,,,1,20,,43504,14,,,2,20,,43524,14,,,1,60,,43515,14,,,1,20,,43517,14,,,1,20,,43519,14,,,1,60,,43511,14,,,2,32,,43495,14,,,1,70,,43518,14,,,2,29,,43498,14,,,1,70,,43516,14,,,1,30,,43512,14,,,1,69,,43505,14,,,1,30,,43493,14,,,1,69,,43508,14,,,1,30,,43496,14,,,1,70,,43525,14,,,1,30,,43494,14,,,1,70,,43527,14,,,1,30,,43497,14,,,1,70,,43528,14,,,1,30,,43499,14,,,2,70,,43526,14,,,1,30,,43501,14,,,2
6701,'Semaine-4-_26ÉTÉ-1111100-',910,,43549,14,,,1,20,,43538,14,,,1,20,,43556,14,,,2,60,,43542,14,,,1,20,,43536,14,,,2,20,,43557,14,,,1,60,,43550,14,,,1,20,,43539,14,,,1,20,,43558,14,,,2,60,,43543,14,,,1,20,,43546,14,,,2,21,,43559,14,,,1,59,,43545,14,,,1,20,,43540,14,,,2,20,,43560,14,,,1,60,,43551,14,,,1,20,,43553,14,,,1,20,,43555,14,,,1,60,,43547,14,,,2,32,,43531,14,,,1,70,,43554,14,,,2,29,,43534,14,,,1,70,,43552,14,,,1,30,,43548,14,,,1,69,,43541,14,,,1,30,,43529,14,,,1,69,,43544,14,,,1,30,,43532,14,,,1,70,,43561,14,,,1,30,,43530,14,,,1,70,,43563,14,,,1,30,,43533,14,,,1,70,,43564,14,,,1,30,,43535,14,,,2,70,,43562,14,,,1,30,,43537,14,,,2
8701,'Semaine-4',515,,33947,14,,,1,30,,33940,14,,,1,71,,33945,14,,,1,20,,33943,14,,,1,13,,33941,14,,,1,57,,33950,14,,,1,15,,33946,14,,,1,18,,33942,14,,,1,15,,33949,14,,,1,57,,33948,14,,,1,22,,33944,14,,,1,17,,33939,14,,,1
8701,'Semaine-2-_26ÉTÉ-1111100-',514,,45285,14,,,1,31,,45278,14,,,1,68,,45283,14,,,2,20,,45281,14,,,2,18,,45279,14,,,1,55,,45288,14,,,2,13,,45284,14,,,2,17,,45280,14,,,2,15,,45287,14,,,1,59,,45286,14,,,2,20,,45282,14,,,2,20,,45277,14,,,2
8701,'Semaine-3-_26ÉTÉ-1111100-',514,,45297,14,,,1,31,,45290,14,,,1,68,,45295,14,,,2,20,,45293,14,,,2,18,,45291,14,,,1,55,,45300,14,,,2,13,,45296,14,,,2,17,,45292,14,,,2,15,,45299,14,,,1,59,,45298,14,,,2,20,,45294,14,,,2,20,,45289,14,,,2
8701,'Semaine-4-_26ÉTÉ-1111100-',514,,45309,14,,,1,31,,45302,14,,,1,68,,45307,14,,,2,20,,45305,14,,,2,18,,45303,14,,,1,55,,45312,14,,,2,13,,45308,14,,,2,17,,45304,14,,,2,15,,45311,14,,,1,59,,45310,14,,,2,20,,45306,14,,,2,20,,45301,14,,,2
