7300,'Semaine-1-_26ÉTÉ-1111100-',627,,58116,22,,,1,30,,58114,22,,,2,73,,58117,22,,,2,29,,58124,22,,,1,70,,58118,22,,,1,28,,58119,22,,,2,100,,58121,22,,,1,100,,58105,22,,,1,100,,58102,22,,,1,100,,58103,22,,,2,100,,58104,22,,,2,101,,58106,22,,,2,69,,58107,22,,,1,30,,58125,22,,,1,76,,58122,22,,,2,24,,58123,22,,,2,70,,58120,22,,,1,30,,58108,22,,,1,70,,58109,22,,,1,28,,58110,22,,,1,100,,58111,22,,,1,145,,58112,22,,,2,100,,58113,22,,,1,100,,58115,22,,,2
7300,'Semaine-10-_26ÉTÉ-1111100-',627,,58140,22,,,1,30,,58138,22,,,2,73,,58141,22,,,2,29,,58148,22,,,1,70,,58142,22,,,1,28,,58143,22,,,2,100,,58145,22,,,1,100,,58129,22,,,1,100,,58126,22,,,1,100,,58127,22,,,2,100,,58128,22,,,2,101,,58130,22,,,2,69,,58131,22,,,1,30,,58149,22,,,1,76,,58146,22,,,2,24,,58147,22,,,2,70,,58144,22,,,1,30,,58132,22,,,1,70,,58133,22,,,1,28,,58134,22,,,1,100,,58135,22,,,1,145,,58136,22,,,2,100,,58137,22,,,1,100,,58139,22,,,2
7300,'Semaine-11-_26ÉTÉ-1111100-',627,,58164,22,,,1,30,,58162,22,,,2,73,,58165,22,,,2,29,,58172,22,,,1,70,,58166,22,,,1,28,,58167,22,,,2,100,,58169,22,,,1,100,,58153,22,,,1,100,,58150,22,,,1,100,,58151,22,,,2,100,,58152,22,,,2,101,,58154,22,,,2,69,,58155,22,,,1,30,,58173,22,,,1,76,,58170,22,,,2,24,,58171,22,,,2,70,,58168,22,,,1,30,,58156,22,,,1,70,,58157,22,,,1,28,,58158,22,,,1,100,,58159,22,,,1,145,,58160,22,,,2,100,,58161,22,,,1,100,,58163,22,,,2
7300,'Semaine-12-_26ÉTÉ-1111100-',627,,58188,22,,,1,30,,58186,22,,,2,73,,58189,22,,,2,29,,58196,22,,,1,70,,58190,22,,,1,28,,58191,22,,,2,100,,58193,22,,,1,100,,58177,22,,,1,100,,58174,22,,,1,100,,58175,22,,,2,100,,58176,22,,,2,101,,58178,22,,,2,69,,58179,22,,,1,30,,58197,22,,,1,76,,58194,22,,,2,24,,58195,22,,,2,70,,58192,22,,,1,30,,58180,22,,,1,70,,58181,22,,,1,28,,58182,22,,,1,100,,58183,22,,,1,145,,58184,22,,,2,100,,58185,22,,,1,100,,58187,22,,,2
7501,'Samedi-0-_26ÉTÉ-0000010-',641,,58615,19,,,1,97,,58614,19,,,2,100,,58620,19,,,2,100,,58618,19,,,1,100,,58619,19,,,1,101,,58616,19,,,2,100,,58617,19,,,1,99,,58621,19,,,2,99,,58622,19,,,1,100,,58623,19,,,1,100,,58624,19,,,2,101,,58625,19,,,1,100,,58626,19,,,2,100,,58627,19,,,1,100,,58628,19,,,2,100,,58629,19,,,2,100,,58630,19,,,2,102,,58631,19,,,2
7501,'Dimanche-0-_26ÉTÉ-0000001-',641,,58632,19,,,1,97,,58636,19,,,2,100,,58637,19,,,2,100,,58640,19,,,1,100,,58642,19,,,1,101,,58635,19,,,2,100,,58639,19,,,1,99,,58634,19,,,2,99,,58638,19,,,1,100,,58633,19,,,1,100,,58643,19,,,2,101,,58641,19,,,1,100,,58644,19,,,2,100,,58649,19,,,1,100,,58648,19,,,2,100,,58645,19,,,2,100,,58646,19,,,2,102,,58647,19,,,2
7501,'Dimanche-10-_26ÉTÉ-0000001-',641,,58650,19,,,1,97,,58654,19,,,2,100,,58655,19,,,2,100,,58658,19,,,1,100,,58660,19,,,1,101,,58653,19,,,2,100,,58657,19,,,1,99,,58652,19,,,2,99,,58656,19,,,1,100,,58651,19,,,1,100,,58661,19,,,2,101,,58659,19,,,1,100,,58662,19,,,2,100,,58667,19,,,1,100,,58666,19,,,2,100,,58663,19,,,2,100,,58664,19,,,2,102,,58665,19,,,2
7501,'Dimanche-11-_26ÉTÉ-0000001-',641,,58668,19,,,1,97,,58672,19,,,2,100,,58673,19,,,2,100,,58676,19,,,1,100,,58678,19,,,1,101,,58671,19,,,2,100,,58675,19,,,1,99,,58670,19,,,2,99,,58674,19,,,1,100,,58669,19,,,1,100,,58679,19,,,2,101,,58677,19,,,1,100,,58680,19,,,2,100,,58685,19,,,1,100,,58684,19,,,2,100,,58681,19,,,2,100,,58682,19,,,2,102,,58683,19,,,2
7501,'Semaine-1-_26ÉTÉ-1111100-',550,,58709,19,,,1,70,,58703,19,,,1,20,,58690,19,,,1,14,,58716,19,,,2,57,,58691,19,,,2,15,,58714,19,,,2,15,,58705,19,,,2,16,,58704,19,,,2,59,,58715,19,,,2,22,,58706,19,,,2,20,,58701,19,,,2,70,,58686,19,,,1,30,,58696,19,,,2,70,,58687,19,,,2,30,,58697,19,,,1,70,,58717,19,,,1,30,,58702,19,,,1,70,,58711,19,,,1,30,,58718,19,,,2,70,,58712,19,,,1,30,,58692,19,,,1,70,,58710,19,,,1,30,,58698,19,,,1,70,,58713,19,,,2,74,,58699,19,,,1,102,,58700,19,,,1,100,,58688,19,,,2,100,,58689,19,,,1,40,,58693,19,,,1,100,,58694,19,,,1,100,,58708,19,,,1,100,,58707,19,,,1,100,,58695,19,,,1
7501,'Semaine-10-_26ÉTÉ-1111100-',550,,58742,19,,,1,70,,58736,19,,,1,20,,58723,19,,,1,14,,58749,19,,,2,57,,58724,19,,,2,15,,58747,19,,,2,15,,58738,19,,,2,16,,58737,19,,,2,59,,58748,19,,,2,22,,58739,19,,,2,20,,58734,19,,,2,70,,58719,19,,,1,30,,58729,19,,,2,70,,58720,19,,,2,30,,58730,19,,,1,70,,58750,19,,,1,30,,58735,19,,,1,70,,58744,19,,,1,30,,58751,19,,,2,70,,58745,19,,,1,30,,58725,19,,,1,70,,58743,19,,,1,30,,58731,19,,,1,70,,58746,19,,,1,74,,58732,19,,,1,102,,58733,19,,,1,100,,58721,19,,,2,100,,58722,19,,,1,40,,58726,19,,,1,100,,58727,19,,,1,100,,58741,19,,,1,100,,58740,19,,,1,100,,58728,19,,,1
7501,'Semaine-11-_26ÉTÉ-1111100-',550,,58775,19,,,1,70,,58769,19,,,1,20,,58756,19,,,1,14,,58782,19,,,2,57,,58757,19,,,2,15,,58780,19,,,2,15,,58771,19,,,2,16,,58770,19,,,2,59,,58781,19,,,2,22,,58772,19,,,2,20,,58767,19,,,2,70,,58752,19,,,1,30,,58762,19,,,2,70,,58753,19,,,2,30,,58763,19,,,1,70,,58783,19,,,1,30,,58768,19,,,1,70,,58777,19,,,1,30,,58784,19,,,2,70,,58778,19,,,1,30,,58758,19,,,1,70,,58776,19,,,1,30,,58764,19,,,1,70,,58779,19,,,2,74,,58765,19,,,1,102,,58766,19,,,1,100,,58754,19,,,2,100,,58755,19,,,1,40,,58759,19,,,1,100,,58760,19,,,1,100,,58774,19,,,1,100,,58773,19,,,1,100,,58761,19,,,1
7501,'Semaine-12-_26ÉTÉ-1111100-',550,,58808,19,,,1,70,,58802,19,,,1,20,,58789,19,,,1,14,,58815,19,,,2,57,,58790,19,,,2,15,,58813,19,,,2,15,,58804,19,,,2,16,,58803,19,,,2,59,,58814,19,,,2,22,,58805,19,,,2,20,,58800,19,,,2,70,,58785,19,,,1,30,,58795,19,,,2,70,,58786,19,,,2,30,,58796,19,,,1,70,,58816,19,,,1,30,,58801,19,,,1,70,,58810,19,,,1,30,,58817,19,,,2,70,,58811,19,,,1,30,,58791,19,,,1,70,,58809,19,,,1,30,,58797,19,,,1,70,,58812,19,,,2,74,,58798,19,,,1,102,,58799,19,,,1,100,,58787,19,,,2,100,,58788,19,,,1,40,,58792,19,,,1,100,,58793,19,,,1,100,,58807,19,,,1,100,,58806,19,,,1,100,,58794,19,,,1
