3800,'Samedi-11',751,,25636,26,,,1,72,,25629,26,,,1,23,,25630,26,,,1,77,,25641,26,,,1,28,,25633,26,,,1,72,,25631,26,,,1,29,,25642,26,,,1,72,,25634,26,,,1,30,,25640,26,,,1,72,,25632,26,,,1,27,,25635,26,,,1,73,,25639,26,,,1,27,,25637,26,,,1,72,,25638,26,,,1,28,,25643,26,,,1,74,,25644,26,,,1,27,,25645,26,,,1,73,,25646,26,,,1,24,,25647,26,,,1,74,,25648,26,,,1,27,,25649,26,,,1,73,,25650,26,,,1,27,,25651,26,,,1,73,,25652,26,,,1,27,,25653,26,,,1,71,,25654,26,,,1,29,,25656,26,,,1,71,,25655,26,,,1,29,,25658,26,,,1,70,,25657,26,,,1,30,,25659,26,,,1,70,,25660,26,,,1,30,,25661,26,,,1
3800,'Samedi-2',751,,25669,26,,,1,72,,25662,26,,,1,23,,25663,26,,,1,77,,25674,26,,,1,28,,25666,26,,,1,72,,25664,26,,,1,29,,25675,26,,,1,72,,25667,26,,,1,30,,25673,26,,,1,72,,25665,26,,,1,27,,25668,26,,,1,73,,25672,26,,,1,27,,25670,26,,,1,72,,25671,26,,,1,28,,25676,26,,,1,74,,25677,26,,,1,27,,25678,26,,,1,73,,25679,26,,,1,24,,25680,26,,,1,74,,25681,26,,,1,27,,25682,26,,,1,73,,25683,26,,,1,27,,25684,26,,,1,73,,25685,26,,,1,27,,25686,26,,,1,71,,25687,26,,,1,29,,25689,26,,,1,71,,25688,26,,,1,29,,25691,26,,,1,70,,25690,26,,,1,30,,25692,26,,,1,70,,25693,26,,,1,30,,25694,26,,,1
3800,'Dimanche-2',751,,25704,26,,,1,72,,25702,26,,,1,23,,25700,26,,,1,77,,25707,26,,,1,28,,25695,26,,,1,72,,25696,26,,,1,29,,25708,26,,,1,72,,25703,26,,,1,30,,25697,26,,,1,72,,25698,26,,,1,27,,25701,26,,,1,73,,25699,26,,,1,27,,25710,26,,,1,72,,25712,26,,,1,28,,25705,26,,,1,74,,25711,26,,,1,27,,25713,26,,,1,73,,25706,26,,,1,24,,25709,26,,,1,74,,25717,26,,,1,27,,25722,26,,,1,73,,25719,26,,,1,27,,25718,26,,,1,73,,25716,26,,,1,27,,25721,26,,,1,71,,25726,26,,,1,29,,25724,26,,,1,71,,25714,26,,,1,29,,25715,26,,,1,70,,25725,26,,,1,30,,25723,26,,,1,70,,25720,26,,,1,30,,25727,26,,,1
3800,'Semaine-3',706,,25744,26,,,1,20,,25760,26,,,1,32,,25755,26,,,1,69,,25768,26,,,1,30,,25765,26,,,1,70,,25741,26,,,1,20,,25737,26,,,1,60,,25748,26,,,1,20,,25733,26,,,1,20,,25757,26,,,1,60,,25742,26,,,1,22,,25738,26,,,1,20,,25749,26,,,1,60,,25734,26,,,1,20,,25756,26,,,1,20,,25767,26,,,1,60,,25739,26,,,1,20,,25750,26,,,1,20,,25758,26,,,1,60,,25769,26,,,1,20,,25743,26,,,1,22,,25740,26,,,1,62,,25751,26,,,1,29,,25764,26,,,1,74,,25729,26,,,1,31,,25753,26,,,1,72,,25762,26,,,1,25,,25752,26,,,1,63,,25766,26,,,1,30,,25732,26,,,1,69,,25763,26,,,1,30,,25746,26,,,1,70,,25754,26,,,1,28,,25759,26,,,1,70,,25761,26,,,1,30,,25745,26,,,1,70,,25731,26,,,1,30,,25747,26,,,1,70,,25735,26,,,1,30,,25730,26,,,1,70,,25728,26,,,1,26,,25736,26,,,1
6401,'Samedi-11',718,,27325,10,,,1,100,,27322,10,,,1,100,,27324,10,,,1,100,,27327,10,,,1,100,,27323,10,,,2,100,,27328,10,,,1,100,,27326,10,,,1,100,,27329,10,,,2,100,,27330,10,,,1,100,,27331,10,,,1,100,,27332,10,,,1
6401,'Samedi-2',718,,27336,10,,,1,100,,27333,10,,,1,100,,27335,10,,,1,100,,27338,10,,,1,100,,27334,10,,,2,100,,27339,10,,,1,100,,27337,10,,,1,100,,27340,10,,,2,100,,27341,10,,,1,100,,27342,10,,,1,100,,27343,10,,,1
6401,'Dimanche-2',718,,27348,10,,,1,100,,27346,10,,,1,100,,27351,10,,,1,100,,27344,10,,,1,100,,27350,10,,,2,100,,27352,10,,,1,100,,27345,10,,,1,100,,27349,10,,,2,100,,27347,10,,,1,100,,27353,10,,,1,100,,27354,10,,,1
6401,'Semaine-3',517,,27355,10,,,1,108,,27365,10,,,1,100,,27367,10,,,1,100,,27364,10,,,1,94,,27372,10,,,1,99,,27359,10,,,1,101,,27358,10,,,1,100,,27370,10,,,1,100,,27366,10,,,1,99,,27368,10,,,1,117,,27369,19,,,2,85,,27360,10,,,2,97,,27356,10,,,1,101,,27357,10,,,2,99,,27363,10,,,1,100,,27361,10,,,1,100,,27362,10,,,1,100,,27371,10,,,1
6800,'Semaine-3',608,,27963,10,,,1,30,,27973,10,,,1,68,,27971,10,,,1,34,,27980,10,,,1,68,,27977,10,,,1,30,,27954,10,,,1,70,,27978,10,,,1,30,,27955,10,,,1,70,,27960,10,,,1,30,,27979,10,,,1,70,,27965,10,,,1,30,,27958,10,,,1,75,,27975,10,,,1,29,,27956,10,0,17,1,6,,27966,10,,,1,70,,27974,10,,,1,30,,27967,10,,,1,71,,27961,10,,,1,29,,27964,10,,,1,60,,27972,10,,,1,21,,27982,10,,,1,23,,27968,10,,,1,58,,27976,10,,,1,19,,27970,10,,,1,20,,27984,10,,,1,58,,27981,10,,,1,10,,27969,10,,,1,10,,27983,10,,,1,20,,27957,10,,,1,70,,27962,10,,,1,30,,27959,10,,,1
32501,'Semaine-3',841,,29275,41,0,7 8,1,3,,29276,41,0,7 8,1
32601,'Semaine-3',841,,29278,38,0,7 8,1
32900,'Semaine-3',844,,29279,41,0,7 8,1
