6601,'Samedi-0-_26ÉTÉ-0000010-',641,,55926,2,,,1,100,,55928,2,,,1,100,,55932,2,,,1,100,,55929,2,,,2,100,,55933,2,,,1,100,,55927,2,,,1,100,,55930,2,,,1,100,,55931,2,,,1,100,,55934,2,,,2,100,,55935,2,,,1,100,,55936,2,,,1,100,,55937,2,,,1,100,,55938,2,,,1,100,,55940,2,,,1,100,,55939,2,,,1,100,,55941,2,,,1,100,,55942,2,,,1,100,,55943,2,,,2
6601,'Dimanche-0-_26ÉTÉ-0000001-',641,,55945,2,,,1,100,,55949,2,,,1,100,,55950,2,,,1,100,,55951,2,,,2,100,,55953,2,,,1,100,,55944,2,,,1,100,,55952,2,,,1,100,,55946,2,,,1,100,,55947,2,,,2,100,,55948,2,,,1,100,,55957,2,,,1,100,,55959,2,,,1,100,,55955,2,,,1,100,,55956,2,,,1,100,,55954,2,,,1,100,,55958,2,,,1,100,,55960,2,,,1,100,,55961,2,,,2
6601,'Dimanche-10-_26ÉTÉ-0000001-',641,,55963,2,,,1,100,,55967,2,,,1,100,,55968,2,,,1,100,,55969,2,,,2,100,,55971,2,,,1,100,,55962,2,,,1,100,,55970,2,,,1,100,,55964,2,,,1,100,,55965,2,,,2,100,,55966,2,,,1,100,,55975,2,,,1,100,,55977,2,,,1,100,,55973,2,,,1,100,,55974,2,,,1,100,,55972,2,,,1,100,,55976,2,,,1,100,,55978,2,,,1,100,,55979,2,,,2
6601,'Dimanche-11-_26ÉTÉ-0000001-',641,,55981,2,,,1,100,,55985,2,,,1,100,,55986,2,,,1,100,,55987,2,,,2,100,,55989,2,,,1,100,,55980,2,,,1,100,,55988,2,,,1,100,,55982,2,,,1,100,,55983,2,,,2,100,,55984,2,,,1,100,,55993,2,,,1,100,,55995,2,,,1,100,,55991,2,,,1,100,,55992,2,,,1,100,,55990,2,,,1,100,,55994,2,,,1,100,,55996,2,,,1,100,,55997,2,,,2
6601,'Semaine-1-_26ÉTÉ-1111100-',532,,56007,2,,,2,20,,56000,2,,,2,60,,56009,2,,,2,16,,56015,2,,,1,20,,56010,2,,,2,60,,56001,2,,,2,20,,56013,2,,,2,20,,56006,2,,,2,60,,56022,2,,,1,20,,55999,2,,,2,20,,56012,2,,,2,60,,56023,2,,,2,20,,56031,2,,,2,100,,56011,2,,,1,100,,56003,2,,,2,100,,56027,2,,,1,100,,56028,2,,,2,101,,56014,2,,,2,23,,56002,2,,,2,59,,56019,2,,,2,17,,56016,2,,,1,21,,56029,2,,,2,60,,55998,2,,,1,20,,56024,2,,,2,20,,56017,2,,,2,61,,56030,2,,,2,19,,56020,2,,,1,20,,56025,2,,,2,60,,56018,2,,,1,20,,56026,2,,,2,19,,56032,2,,,1,100,,56005,2,,,1,100,,56004,2,,,1,95,,56008,2,,,1,100,,56021,2,,,1
6601,'Semaine-10-_26ÉTÉ-1111100-',532,,56042,2,,,2,20,,56035,2,,,2,60,,56044,2,,,2,16,,56050,2,,,1,20,,56045,2,,,2,60,,56036,2,,,2,20,,56048,2,,,2,20,,56041,2,,,2,60,,56057,2,,,1,20,,56034,2,,,2,20,,56047,2,,,2,60,,56058,2,,,2,20,,56066,2,,,2,100,,56046,2,,,1,100,,56038,2,,,2,100,,56062,2,,,1,100,,56063,2,,,2,101,,56049,2,,,2,23,,56037,2,,,2,59,,56054,2,,,2,17,,56051,2,,,1,21,,56064,2,,,2,60,,56033,2,,,1,20,,56059,2,,,2,20,,56052,2,,,2,61,,56065,2,,,2,19,,56055,2,,,1,20,,56060,2,,,2,60,,56053,2,,,1,20,,56061,2,,,2,19,,56067,2,,,1,100,,56040,2,,,1,100,,56039,2,,,1,95,,56043,2,,,1,100,,56056,2,,,1
6601,'Semaine-11-_26ÉTÉ-1111100-',532,,56077,2,,,2,20,,56070,2,,,2,60,,56079,2,,,2,16,,56085,2,,,1,20,,56080,2,,,2,60,,56071,2,,,2,20,,56083,2,,,2,20,,56076,2,,,2,60,,56092,2,,,1,20,,56069,2,,,2,20,,56082,2,,,2,60,,56093,2,,,2,20,,56101,2,,,2,100,,56081,2,,,1,100,,56073,2,,,2,100,,56097,2,,,1,100,,56098,2,,,2,101,,56084,2,,,2,23,,56072,2,,,2,59,,56089,2,,,2,17,,56086,2,,,1,21,,56099,2,,,2,60,,56068,2,,,1,20,,56094,2,,,2,20,,56087,2,,,2,61,,56100,2,,,2,19,,56090,2,,,1,20,,56095,2,,,2,60,,56088,2,,,1,20,,56096,2,,,2,19,,56102,2,,,1,100,,56075,2,,,1,100,,56074,2,,,1,95,,56078,2,,,1,100,,56091,2,,,1
6601,'Semaine-12-_26ÉTÉ-1111100-',532,,56112,2,,,2,20,,56105,2,,,2,60,,56114,2,,,2,16,,56120,2,,,1,20,,56115,2,,,2,60,,56106,2,,,2,20,,56118,2,,,2,20,,56111,2,,,2,60,,56127,2,,,1,20,,56104,2,,,2,20,,56117,2,,,2,60,,56128,2,,,2,20,,56136,2,,,2,100,,56116,2,,,1,100,,56108,2,,,2,100,,56132,2,,,1,100,,56133,2,,,2,101,,56119,2,,,2,23,,56107,2,,,2,59,,56124,2,,,2,17,,56121,2,,,1,21,,56134,2,,,2,60,,56103,2,,,1,20,,56129,2,,,2,20,,56122,2,,,2,61,,56135,2,,,2,19,,56125,2,,,1,20,,56130,2,,,2,60,,56123,2,,,1,20,,56131,2,,,2,19,,56137,2,,,1,100,,56110,2,,,1,100,,56109,2,,,1,95,,56113,2,,,1,100,,56126,2,,,1
6601,'Semaine-5-_26ÉTÉ-1111100-',532,,56147,2,,,2,20,,56140,2,,,2,60,,56149,2,,,2,16,,56155,2,,,1,20,,56150,2,,,2,60,,56141,2,,,2,20,,56153,2,,,2,20,,56146,2,,,2,60,,56162,2,,,1,20,,56139,2,,,2,20,,56152,2,,,2,60,,56163,2,,,2,20,,56171,2,,,2,100,,56151,2,,,1,100,,56143,2,,,2,100,,56167,2,,,1,100,,56168,2,,,2,101,,56154,2,,,2,23,,56142,2,,,2,59,,56159,2,,,2,17,,56156,2,,,1,21,,56169,2,,,2,60,,56138,2,,,1,20,,56164,2,,,2,20,,56157,2,,,2,61,,56170,2,,,2,19,,56160,2,,,1,20,,56165,2,,,2,60,,56158,2,,,1,20,,56166,2,,,2,19,,56172,2,,,1,100,,56145,2,,,1,100,,56144,2,,,1,95,,56148,2,,,1,100,,56161,2,,,1
8500,'Semaine-1-_26ÉTÉ-1111100-',1530,,59881,22,,,1,20,,59876,22,,,2,56,,59873,22,,,1,16,,59882,22,,,2,15,,59872,22,,,1,14,,59875,22,,,1,56,,59880,22,,,2,19,,59878,22,,,1,17,,59877,22,,,2,61,,59874,22,,,1,16,,59879,22,,,2
8500,'Semaine-10-_26ÉTÉ-1111100-',1530,,59892,22,,,1,20,,59887,22,,,2,56,,59884,22,,,1,16,,59893,22,,,2,15,,59883,22,,,1,14,,59886,22,,,1,56,,59891,22,,,2,19,,59889,22,,,1,17,,59888,22,,,1,61,,59885,22,,,1,16,,59890,22,,,2
8500,'Semaine-11-_26ÉTÉ-1111100-',1530,,59903,22,,,1,20,,59898,22,,,2,56,,59895,22,,,1,16,,59904,22,,,2,15,,59894,22,,,1,14,,59897,22,,,1,56,,59902,22,,,2,19,,59900,22,,,1,17,,59899,22,,,2,61,,59896,22,,,1,16,,59901,22,,,2
8500,'Semaine-12-_26ÉTÉ-1111100-',1530,,59914,22,,,1,20,,59909,22,,,2,56,,59906,22,,,1,16,,59915,22,,,2,15,,59905,22,,,1,14,,59908,22,,,1,56,,59913,22,,,2,19,,59911,22,,,1,17,,59910,22,,,2,61,,59907,22,,,1,16,,59912,22,,,2
8500,'Semaine-5-_26ÉTÉ-1111100-',1530,,59925,22,,,1,20,,59920,22,,,2,56,,59917,22,,,1,16,,59926,22,,,2,15,,59916,22,,,1,14,,59919,22,,,1,56,,59924,22,,,2,19,,59922,22,,,1,17,,59921,22,,,2,61,,59918,22,,,1,16,,59923,22,,,2
