9501,'Semaine-2-_26ÉTÉ-1111100-',531,,45386,2,,,1,15,,45382,2,,,1,55,,45384,2,,,1,15,,45389,2,,,2,15,,45385,2,,,2,15,,45387,2,,,2,57,,45388,2,,,1,13,,45383,2,,,2
9501,'Semaine-3-_26ÉTÉ-1111100-',531,,45394,2,,,1,15,,45390,2,,,1,55,,45392,2,,,1,15,,45397,2,,,2,15,,45393,2,,,2,15,,45395,2,,,2,57,,45396,2,,,1,13,,45391,2,,,2
9501,'Semaine-4-_26ÉTÉ-1111100-',531,,45402,2,,,1,15,,45398,2,,,1,55,,45400,2,,,1,15,,45405,2,,,2,15,,45401,2,,,2,15,,45403,2,,,2,57,,45404,2,,,1,13,,45399,2,,,2
9700,'Samedi-10-_26ÉTÉ-0000010-',859,,45408,62,,,2,100,,45411,62,,,2,100,,45406,62,,,1,100,,45407,62,,,1,100,,45410,62,,,2,100,,45409,62,,,2,100,,45412,62,,,1,141,,45413,62,,,2,100,,45414,62,,,2,101,,45415,62,,,1,100,,45420,62,,,1,100,,45416,62,,,1,100,,45417,62,,,1,100,,45418,62,,,1,99,,45419,62,,,2,58,,45421,62,,,1,100,,45422,62,,,1
9700,'Semaine-2-_26ÉTÉ-1111100-',732,,45441,62,,,1,72,,45442,62,,,1,51,,45431,62,,,2,101,,45427,62,,,1,96,,45440,62,,,2,100,,45435,62,,,2,100,,45432,62,,,1,100,,45437,62,,,2,101,,45423,62,,,1,94,,45428,62,,,1,105,,45436,62,,,1,96,,45438,66,,,2,101,,45429,66,,,2,72,,45424,66,,,2,21,,45433,62,,,1,101,,45425,62,,,2,99,,45434,62,,,1,100,,45430,62,,,1,100,,45426,62,,,2,110,,45439,62,,,1
9700,'Semaine-3-_26ÉTÉ-1111100-',732,,45461,62,,,1,72,,45462,62,,,1,51,,45451,62,,,2,101,,45447,62,,,1,96,,45460,62,,,2,100,,45455,62,,,2,100,,45452,62,,,1,100,,45457,62,,,2,101,,45443,62,,,1,94,,45448,62,,,1,105,,45456,62,,,1,96,,45458,66,,,2,101,,45449,66,,,2,72,,45444,66,,,2,21,,45453,62,,,1,101,,45445,62,,,2,99,,45454,62,,,1,100,,45450,62,,,1,100,,45446,62,,,2,110,,45459,62,,,1
9700,'Semaine-4-_26ÉTÉ-1111100-',732,,45481,62,,,1,72,,45482,62,,,1,51,,45471,62,,,2,101,,45467,62,,,1,96,,45480,62,,,2,100,,45475,62,,,2,100,,45472,62,,,1,100,,45477,62,,,2,101,,45463,62,,,1,94,,45468,62,,,1,105,,45476,62,,,1,96,,45478,66,,,2,101,,45469,66,,,2,72,,45464,66,,,2,21,,45473,62,,,1,101,,45465,62,,,2,99,,45474,62,,,1,100,,45470,62,,,1,100,,45466,62,,,2,110,,45479,62,,,1
9801,'Semaine-2-_26ÉTÉ-1111100-',501,,45550,2,,,1,10,,45551,2,,,1,10,,45552,2,,,1
9801,'Semaine-3-_26ÉTÉ-1111100-',501,,45553,2,,,1,10,,45554,2,,,1,10,,45555,2,,,1
9801,'Semaine-4-_26ÉTÉ-1111100-',501,,45556,2,,,1,10,,45557,2,,,1,10,,45558,2,,,1
