3300,'Samedi-0-_26ÉTÉ-0000010-',708,,48529,27,,,1,133,,48534,27,,,1,99,,48531,27,,,1,99,,48535,27,,,1,101,,48530,27,,,1,100,,48533,27,,,1,100,,48532,27,,,1,100,,48536,27,,,1,103,,48537,27,,,1,97,,48538,27,,,1,100,,48539,27,,,1,99,,48540,27,,,1,96,,48541,27,,,1,100,,48545,27,,,1,100,,48542,27,,,1,100,,48543,27,,,1,100,,48544,27,,,1,99,,48546,27,,,1
3300,'Dimanche-0-_26ÉTÉ-0000001-',708,,48548,27,,,1,133,,48547,27,,,1,99,,48550,27,,,1,99,,48552,27,,,1,101,,48553,27,,,1,100,,48554,27,,,1,100,,48549,27,,,1,100,,48556,27,,,1,103,,48551,27,,,1,97,,48557,27,,,1,100,,48560,27,,,1,99,,48564,27,,,1,96,,48561,27,,,1,100,,48555,27,,,1,100,,48558,27,,,1,100,,48563,27,,,1,100,,48559,27,,,1,99,,48562,27,,,1
3300,'Dimanche-10-_26ÉTÉ-0000001-',708,,48566,27,,,1,133,,48565,27,,,1,99,,48568,27,,,1,99,,48570,27,,,1,101,,48571,27,,,1,100,,48572,27,,,1,100,,48567,27,,,1,100,,48574,27,,,1,103,,48569,27,,,1,97,,48575,27,,,1,100,,48578,27,,,1,99,,48582,27,,,1,96,,48579,27,,,1,100,,48573,27,,,1,100,,48576,27,,,1,100,,48581,27,,,1,100,,48577,27,,,1,99,,48580,27,,,1
3300,'Dimanche-11-_26ÉTÉ-0000001-',708,,48584,27,,,1,133,,48583,27,,,1,99,,48586,27,,,1,99,,48588,27,,,1,101,,48589,27,,,1,100,,48590,27,,,1,100,,48585,27,,,1,100,,48592,27,,,1,103,,48587,27,,,1,97,,48593,27,,,1,100,,48596,27,,,1,99,,48600,27,,,1,96,,48597,27,,,1,100,,48591,27,,,1,100,,48594,27,,,1,100,,48599,27,,,1,100,,48595,27,,,1,99,,48598,27,,,1
3300,'Semaine-1-_26ÉTÉ-1111100-',634,,48628,20,,,1,76,,48627,27,,,2,22,,48633,27,,,2,15,,48606,27,,,2,62,,48621,27,,,2,23,,48629,27,,,2,4,,48640,27,,,1,9,,48641,27,,,1,73,,48634,27,,,2,12,,48616,27,,,1,10,,48619,27,,,2,13,,48636,27,,,1,70,,48622,27,,,1,27,,48611,27,,,1,71,,48617,27,,,2,28,,48601,27,,,1,71,,48624,27,,,1,29,,48612,27,,,1,72,,48620,27,,,1,20,,48639,27,,,1,6,,48623,27,,,1,68,,48626,27,,,1,30,,48613,27,,,1,55,,48635,20,,,1,16,,48631,27,,,1,37,,48625,27,,,1,52,,48603,27,,,1,19,,48615,27,,,1,19,,48638,27,,,2,13,,48637,27,,,2,52,,48632,20,,,1,21,,48610,27,,,1,27,,48609,27,,,1,61,,48614,27,,,2,25,,48602,27,,,2,67,,48607,27,,,1,32,,48642,20,,,1,80,,48618,27,,,1,95,,48608,27,,,1,40,,48604,27,,,1,145,,48630,27,,,1,57,,48643,27,,,1,65,,48605,27,,,1
3300,'Semaine-10-_26ÉTÉ-1111100-',634,,48671,20,,,1,76,,48670,27,,,2,22,,48676,27,,,2,15,,48649,27,,,2,62,,48664,27,,,2,23,,48672,27,,,2,4,,48683,27,,,1,9,,48684,27,,,1,73,,48677,27,,,2,12,,48659,27,,,1,10,,48662,27,,,2,13,,48679,27,,,1,70,,48665,27,,,1,27,,48654,27,,,1,71,,48660,27,,,2,28,,48644,27,,,1,71,,48667,27,,,1,29,,48655,27,,,1,72,,48663,27,,,1,20,,48682,27,,,1,6,,48666,27,,,1,68,,48669,27,,,1,30,,48656,27,,,1,55,,48678,20,,,1,16,,48674,27,,,1,37,,48668,27,,,1,52,,48646,27,,,1,19,,48658,27,,,1,19,,48681,27,,,2,13,,48680,27,,,2,52,,48675,20,,,1,21,,48653,27,,,1,27,,48652,27,,,1,61,,48657,27,,,2,25,,48645,27,,,2,67,,48650,27,,,1,32,,48685,20,,,1,80,,48661,27,,,1,95,,48651,27,,,1,40,,48647,27,,,1,145,,48673,27,,,1,57,,48686,27,,,1,65,,48648,27,,,1
3300,'Semaine-11-_26ÉTÉ-1111100-',634,,48714,20,,,1,76,,48713,27,,,2,22,,48719,27,,,2,15,,48692,27,,,2,62,,48707,27,,,2,23,,48715,27,,,2,4,,48726,27,,,1,9,,48727,27,,,1,73,,48720,27,,,2,12,,48702,27,,,1,10,,48705,27,,,2,13,,48722,27,,,1,70,,48708,27,,,1,27,,48697,27,,,1,71,,48703,27,,,2,28,,48687,27,,,1,71,,48710,27,,,1,29,,48698,27,,,1,72,,48706,27,,,1,20,,48725,27,,,1,6,,48709,27,,,1,68,,48712,27,,,1,30,,48699,27,,,1,55,,48721,20,,,1,16,,48717,27,,,1,37,,48711,27,,,1,52,,48689,27,,,1,19,,48701,27,,,1,19,,48724,27,,,2,13,,48723,27,,,2,52,,48718,20,,,1,21,,48696,27,,,1,27,,48695,27,,,1,61,,48700,27,,,2,25,,48688,27,,,2,67,,48693,27,,,1,32,,48728,20,,,1,80,,48704,27,,,1,95,,48694,27,,,1,40,,48690,27,,,1,145,,48716,27,,,1,57,,48729,27,,,1,65,,48691,27,,,1
3300,'Semaine-12-_26ÉTÉ-1111100-',634,,48757,20,,,1,76,,48756,27,,,2,22,,48762,27,,,2,15,,48735,27,,,2,62,,48750,27,,,2,23,,48758,27,,,2,4,,48769,27,,,1,9,,48770,27,,,1,73,,48763,27,,,2,12,,48745,27,,,1,10,,48748,27,,,2,13,,48765,27,,,1,70,,48751,27,,,1,27,,48740,27,,,1,71,,48746,27,,,2,28,,48730,27,,,1,71,,48753,27,,,1,29,,48741,27,,,1,72,,48749,27,,,1,20,,48768,27,,,1,6,,48752,27,,,1,68,,48755,27,,,1,30,,48742,27,,,1,55,,48764,20,,,1,16,,48760,27,,,1,37,,48754,27,,,1,52,,48732,27,,,1,19,,48744,27,,,1,19,,48767,27,,,2,13,,48766,27,,,2,52,,48761,20,,,1,21,,48739,27,,,1,27,,48738,27,,,1,61,,48743,27,,,2,25,,48731,27,,,2,67,,48736,27,,,1,32,,48771,20,,,1,80,,48747,27,,,1,95,,48737,27,,,1,40,,48733,27,,,1,145,,48759,27,,,1,57,,48772,27,,,1,65,,48734,27,,,1
3300,'Semaine-5-_26ÉTÉ-1111100-',634,,48800,20,,,1,76,,48799,27,,,2,22,,48805,27,,,2,15,,48778,27,,,2,62,,48793,27,,,2,23,,48801,27,,,2,4,,48812,27,,,1,9,,48813,27,,,1,73,,48806,27,,,2,12,,48788,27,,,1,10,,48791,27,,,2,13,,48808,27,,,1,70,,48794,27,,,1,27,,48783,27,,,1,71,,48789,27,,,2,28,,48773,27,,,1,71,,48796,27,,,1,29,,48784,27,,,1,72,,48792,27,,,1,20,,48811,27,,,1,6,,48795,27,,,1,68,,48798,27,,,1,30,,48785,27,,,1,55,,48807,20,,,1,16,,48803,27,,,1,37,,48797,27,,,1,52,,48775,27,,,1,19,,48787,27,,,1,19,,48810,27,,,2,13,,48809,27,,,2,52,,48804,20,,,1,21,,48782,27,,,1,27,,48781,27,,,1,61,,48786,27,,,2,25,,48774,27,,,2,67,,48779,27,,,1,32,,48814,20,,,1,80,,48790,27,,,1,95,,48780,27,,,1,40,,48776,27,,,1,145,,48802,27,,,1,57,,48815,27,,,1,65,,48777,27,,,1
3600,'Semaine-1-_26ÉTÉ-1111100-',912,,50018,22,,,1,100,,50019,22,,,1,102,,50017,22,,,1,100,,50020,22,,,1,100,,50022,22,,,1,100,,50023,22,,,1,98,,50021,22,,,1
3600,'Semaine-10-_26ÉTÉ-1111100-',912,,50025,22,,,1,100,,50026,22,,,1,102,,50024,22,,,1,100,,50027,22,,,1,100,,50029,22,,,1,100,,50030,22,,,1,98,,50028,22,,,1
3600,'Semaine-11-_26ÉTÉ-1111100-',912,,50032,22,,,1,100,,50033,22,,,1,102,,50031,22,,,1,100,,50034,22,,,1,100,,50036,22,,,1,100,,50037,22,,,1,98,,50035,22,,,1
3600,'Semaine-12-_26ÉTÉ-1111100-',912,,50039,22,,,1,100,,50040,22,,,1,102,,50038,22,,,1,100,,50041,22,,,1,100,,50043,22,,,1,100,,50044,22,,,1,98,,50042,22,,,1
3600,'Semaine-5-_26ÉTÉ-1111100-',912,,50046,22,,,1,100,,50047,22,,,1,102,,50045,22,,,1,100,,50048,22,,,1,100,,50050,22,,,1,100,,50051,22,,,1,98,,50049,22,,,1
