7700,'Samedi-3',748,,33762,11,,,1,100,,33761,11,,,2,100,,33760,11,,,2,100,,33765,11,,,1,100,,33763,11,,,1,100,,33764,11,,,1,100,,33766,11,,,1,102,,33767,11,,,1,98,,33768,11,,,1,100,,33769,11,,,1,100,,33770,11,,,1,100,,33771,11,,,1,100,,33772,11,,,1,100,,33775,11,,,1,100,,33773,11,,,1,100,,33774,11,,,2
7700,'Samedi-4',748,,37658,11,,,1,100,,37657,11,,,2,100,,37656,11,,,2,100,,37661,11,,,1,100,,37659,11,,,1,100,,37660,11,,,1,100,,37662,11,,,1,102,,37663,11,,,1,98,,37664,11,,,1,100,,37665,11,,,1,100,,37666,11,,,1,100,,37667,11,,,1,100,,37668,11,,,1,100,,37671,11,,,1,100,,37669,11,,,1,100,,37670,11,,,2
7700,'Dimanche-3',748,,33776,11,,,1,100,,33780,11,,,2,100,,33782,11,,,2,100,,33777,11,,,1,100,,33781,11,,,1,100,,33783,11,,,1,100,,33778,11,,,1,102,,33779,11,,,1,98,,33784,11,,,1,100,,33785,11,,,1,100,,33788,11,,,1,100,,33790,11,,,1,100,,33789,11,,,1,100,,33791,11,,,1,100,,33786,11,,,1,100,,33787,11,,,2
7700,'Semaine-4',527,,33817,11,,,1,29,,33802,11,,,1,70,,33804,11,,,1,30,,33794,11,,,1,70,,33805,11,,,1,30,,33816,11,,,1,67,,33801,11,,,1,29,,33806,11,,,1,70,,33821,11,,,1,30,,33807,11,,,1,70,,33822,11,,,1,30,,33808,11,,,1,70,,33823,11,,,2,30,,33809,11,,,2,70,,33820,11,,,2,30,,33810,11,,,1,70,,33819,11,,,1,30,,33811,11,,,1,70,,33818,11,,,1,30,,33793,11,,,1,73,,33813,11,,,1,28,,33798,11,,,1,70,,33812,11,,,1,30,,33796,11,,,2,70,,33814,11,,,2,29,,33797,11,,,2,70,,33803,11,,,2,30,,33815,11,,,1,100,,33799,11,,,1,100,,33800,11,,,1,100,,33795,11,,,1,100,,33792,11,,,1
7700,'Samedi-10-_26ÉTÉ-0000010-',748,,44902,11,,,1,100,,44901,11,,,2,100,,44900,11,,,2,100,,44905,11,,,1,100,,44903,11,,,1,100,,44904,11,,,1,100,,44906,11,,,1,102,,44907,11,,,1,98,,44908,11,,,1,100,,44909,11,,,1,100,,44910,11,,,1,100,,44911,11,,,1,100,,44912,11,,,1,100,,44915,11,,,1,100,,44913,11,,,1,100,,44914,11,,,2
7700,'Semaine-2-_26ÉTÉ-1111100-',527,,44941,11,,,1,29,,44926,11,,,1,70,,44928,11,,,1,30,,44918,11,,,1,72,,44929,11,,,2,28,,44940,11,,,2,67,,44925,11,,,2,29,,44930,11,,,2,70,,44945,11,,,2,30,,44931,11,,,2,70,,44946,11,,,1,30,,44932,11,,,1,70,,44947,11,,,1,30,,44933,11,,,1,70,,44944,11,,,1,30,,44934,11,,,1,70,,44943,11,,,1,30,,44935,11,,,1,72,,44942,11,,,2,28,,44917,11,,,2,71,,44937,11,,,1,30,,44922,11,,,2,70,,44936,11,,,2,30,,44920,11,,,1,70,,44938,11,,,1,29,,44921,11,,,1,70,,44927,11,,,1,30,,44939,11,,,1,100,,44923,11,,,2,100,,44924,11,,,2,100,,44919,11,,,2,100,,44916,11,,,1
7700,'Semaine-3-_26ÉTÉ-1111100-',527,,44973,11,,,1,29,,44958,11,,,1,70,,44960,11,,,1,30,,44950,11,,,1,72,,44961,11,,,2,28,,44972,11,,,2,67,,44957,11,,,2,29,,44962,11,,,2,70,,44977,11,,,2,30,,44963,11,,,2,70,,44978,11,,,1,30,,44964,11,,,1,70,,44979,11,,,1,30,,44965,11,,,1,70,,44976,11,,,1,30,,44966,11,,,1,70,,44975,11,,,1,30,,44967,11,,,1,72,,44974,11,,,2,28,,44949,11,,,2,71,,44969,11,,,1,30,,44954,11,,,2,70,,44968,11,,,2,30,,44952,11,,,1,70,,44970,11,,,1,29,,44953,11,,,1,70,,44959,11,,,1,30,,44971,11,,,1,100,,44955,11,,,2,100,,44956,11,,,2,100,,44951,11,,,2,100,,44948,11,,,1
7700,'Semaine-4-_26ÉTÉ-1111100-',527,,45005,11,,,1,29,,44990,11,,,1,70,,44992,11,,,1,30,,44982,11,,,1,72,,44993,11,,,2,28,,45004,11,,,2,67,,44989,11,,,2,29,,44994,11,,,2,70,,45009,11,,,2,30,,44995,11,,,2,70,,45010,11,,,1,30,,44996,11,,,1,70,,45011,11,,,1,30,,44997,11,,,1,70,,45008,11,,,1,30,,44998,11,,,1,70,,45007,11,,,1,30,,44999,11,,,1,72,,45006,11,,,2,28,,44981,11,,,2,71,,45001,11,,,1,30,,44986,11,,,2,70,,45000,11,,,2,30,,44984,11,,,1,70,,45002,11,,,1,29,,44985,11,,,1,70,,44991,11,,,1,30,,45003,11,,,1,100,,44987,11,,,2,100,,44988,11,,,2,100,,44983,11,,,2,100,,44980,11,,,1
7800,'Samedi-3',818,,33827,11,,,1,100,,33826,11,,,2,100,,33824,11,,,2,100,,33829,11,,,1,101,,33825,11,,,1,100,,33828,11,,,1,99,,33830,11,,,1,101,,33831,11,,,1,100,,33832,11,,,1,100,,33833,11,,,1,99,,33834,11,,,1,100,,33835,11,,,2,100,,33836,11,,,1,100,,33837,11,,,1,100,,33838,11,,,1,100,,33839,11,,,2
7800,'Samedi-4',818,,37707,11,,,1,100,,37706,11,,,2,100,,37704,11,,,2,100,,37709,11,,,1,101,,37705,11,,,1,100,,37708,11,,,1,99,,37710,11,,,1,101,,37711,11,,,1,100,,37712,11,,,1,100,,37713,11,,,1,99,,37714,11,,,1,100,,37715,11,,,2,100,,37716,11,,,1,100,,37717,11,,,1,100,,37718,11,,,1,100,,37719,11,,,2
7800,'Dimanche-3',818,,33840,11,,,1,100,,33844,11,,,2,100,,33846,11,,,2,100,,33841,11,,,1,101,,33845,11,,,1,100,,33847,11,,,1,99,,33842,11,,,1,101,,33843,11,,,1,100,,33848,11,,,1,100,,33851,11,,,1,99,,33853,11,,,1,100,,33852,11,,,2,100,,33854,11,,,1,100,,33855,11,,,1,100,,33849,11,,,1,100,,33850,11,,,2
7800,'Semaine-4',449,,33868,11,,,1,60,,33869,11,,,2,31,,33858,11,,,1,70,,33870,11,,,1,29,,33856,11,,,1,71,,33871,11,,,1,29,,33880,11,,,1,69,,33861,11,,,1,30,,33872,11,,,2,70,,33873,11,,,1,29,,33884,11,,,2,70,,33874,11,,,1,32,,33885,11,,,2,68,,33875,11,,,1,30,,33886,11,,,1,70,,33876,11,,,1,30,,33887,11,,,1,70,,33877,11,,,1,30,,33888,11,,,1,73,,33878,11,,,2,27,,33863,11,,,2,71,,33879,11,,,1,28,,33857,11,,,1,74,,33866,11,,,1,28,,33881,11,,,2,70,,33865,11,,,1,29,,33889,11,,,2,71,,33882,11,,,1,30,,33859,11,,,1,84,,33883,11,,,1,101,,33864,11,,,1,100,,33867,11,,,1,100,,33860,11,,,1,99,,33862,11,,,1
7800,'Samedi-10-_26ÉTÉ-0000010-',818,,45015,11,,,1,100,,45014,11,,,2,100,,45012,11,,,2,100,,45017,11,,,1,101,,45013,11,,,1,100,,45016,11,,,1,99,,45018,11,,,1,101,,45019,11,,,1,100,,45020,11,,,1,100,,45021,11,,,1,99,,45022,11,,,1,100,,45023,11,,,2,100,,45024,11,,,1,100,,45025,11,,,1,100,,45026,11,,,1,100,,45027,11,,,2
7800,'Semaine-2-_26ÉTÉ-1111100-',449,,45040,11,,,1,60,,45041,11,,,1,30,,45030,11,,,1,71,,45042,11,,,2,30,,45028,11,,,2,71,,45043,11,,,2,30,,45052,11,,,2,65,,45033,11,,,1,34,,45044,11,,,1,68,,45045,11,,,2,29,,45056,11,,,2,70,,45046,11,,,1,30,,45057,11,,,2,70,,45047,11,,,1,30,,45058,11,,,1,70,,45048,11,,,1,30,,45059,11,,,2,70,,45049,11,,,1,30,,45060,11,,,1,70,,45050,11,,,1,30,,45035,11,,,2,71,,45051,11,,,1,28,,45029,11,,,1,70,,45038,11,,,1,32,,45053,11,,,1,72,,45037,11,,,1,27,,45061,11,,,1,71,,45054,11,,,1,30,,45031,11,,,1,85,,45055,11,,,1,98,,45036,11,,,1,102,,45039,11,,,1,100,,45032,11,,,2,99,,45034,11,,,1
7800,'Semaine-3-_26ÉTÉ-1111100-',449,,45074,11,,,1,60,,45075,11,,,1,30,,45064,11,,,1,71,,45076,11,,,2,30,,45062,11,,,2,71,,45077,11,,,2,30,,45086,11,,,2,65,,45067,11,,,1,34,,45078,11,,,1,68,,45079,11,,,2,29,,45090,11,,,2,70,,45080,11,,,1,30,,45091,11,,,2,70,,45081,11,,,1,30,,45092,11,,,1,70,,45082,11,,,1,30,,45093,11,,,2,70,,45083,11,,,1,30,,45094,11,,,1,70,,45084,11,,,1,30,,45069,11,,,2,71,,45085,11,,,1,28,,45063,11,,,1,70,,45072,11,,,1,32,,45087,11,,,1,72,,45071,11,,,1,27,,45095,11,,,1,71,,45088,11,,,1,30,,45065,11,,,1,85,,45089,11,,,1,98,,45070,11,,,1,102,,45073,11,,,1,100,,45066,11,,,2,99,,45068,11,,,1
7800,'Semaine-4-_26ÉTÉ-1111100-',449,,45108,11,,,1,60,,45109,11,,,1,30,,45098,11,,,1,71,,45110,11,,,2,30,,45096,11,,,2,71,,45111,11,,,2,30,,45120,11,,,2,65,,45101,11,,,1,34,,45112,11,,,1,68,,45113,11,,,2,29,,45124,11,,,2,70,,45114,11,,,1,30,,45125,11,,,2,70,,45115,11,,,1,30,,45126,11,,,1,70,,45116,11,,,1,30,,45127,11,,,2,70,,45117,11,,,1,30,,45128,11,,,1,70,,45118,11,,,1,30,,45103,11,,,2,71,,45119,11,,,1,28,,45097,11,,,1,70,,45106,11,,,1,32,,45121,11,,,1,72,,45105,11,,,1,27,,45129,11,,,1,71,,45122,11,,,1,30,,45099,11,,,1,85,,45123,11,,,1,98,,45104,11,,,1,102,,45107,11,,,1,100,,45100,11,,,2,99,,45102,11,,,1
