3300,'Samedi-0-_26ÉTÉ-0000010-',718,,48529,40,,,1,133,,48534,40,,,1,99,,48531,40,,,1,99,,48535,40,,,1,102,,48530,40,,,1,100,,48533,40,,,1,100,,48532,40,,,1,100,,48536,40,,,1,103,,48537,40,,,1,97,,48538,40,,,1,100,,48539,40,,,1,99,,48540,40,,,1,96,,48541,40,,,1,100,,48545,40,,,1,100,,48542,40,,,1,100,,48543,40,,,1,100,,48544,40,,,1,98,,48546,40,,,1
3300,'Dimanche-0-_26ÉTÉ-0000001-',718,,48548,40,,,1,133,,48547,40,,,1,99,,48550,40,,,1,99,,48552,40,,,1,102,,48553,40,,,1,100,,48554,40,,,1,100,,48549,40,,,1,100,,48556,40,,,1,103,,48551,40,,,1,97,,48557,40,,,1,100,,48560,40,,,1,99,,48564,40,,,1,96,,48561,40,,,1,100,,48555,40,,,1,100,,48558,40,,,1,100,,48563,40,,,1,100,,48559,40,,,1,98,,48562,40,,,1
3300,'Dimanche-10-_26ÉTÉ-0000001-',718,,48566,40,,,1,133,,48565,40,,,1,99,,48568,40,,,1,99,,48570,40,,,1,102,,48571,40,,,1,100,,48572,40,,,1,100,,48567,40,,,1,100,,48574,40,,,1,103,,48569,40,,,1,97,,48575,40,,,1,100,,48578,40,,,1,99,,48582,40,,,1,96,,48579,40,,,1,100,,48573,40,,,1,100,,48576,40,,,1,100,,48581,40,,,1,100,,48577,40,,,1,98,,48580,40,,,1
3300,'Dimanche-11-_26ÉTÉ-0000001-',718,,48584,40,,,1,133,,48583,40,,,1,99,,48586,40,,,1,99,,48588,40,,,1,102,,48589,40,,,1,100,,48590,40,,,1,100,,48585,40,,,1,100,,48592,40,,,1,103,,48587,40,,,1,97,,48593,40,,,1,100,,48596,40,,,1,99,,48600,40,,,1,96,,48597,40,,,1,100,,48591,40,,,1,100,,48594,40,,,1,100,,48599,40,,,1,100,,48595,40,,,1,98,,48598,40,,,1
3300,'Semaine-1-_26ÉTÉ-1111100-',652,,48628,34,,,1,76,,48627,41,,,2,22,,48633,41,,,2,55,,48606,41,,,2,22,,48621,41,,,2,23,,48629,41,,,2,4,,48640,41,,,1,49,,48641,41,,,1,33,,48634,41,,,2,12,,48616,41,,,1,10,,48619,41,,,2,48,,48636,40,,,1,29,,48622,40,,,1,67,,48611,40,,,1,31,,48617,40,,,2,68,,48601,40,,,1,31,,48624,40,,,1,69,,48612,40,,,1,32,,48620,40,,,1,20,,48639,40,,,1,6,,48623,40,,,1,68,,48626,40,,,1,30,,48613,40,,,1,55,,48635,33,,,1,16,,48631,40,,,1,79,,48625,40,,,1,12,,48603,40,,,1,19,,48615,40,,,1,17,,48638,40,,,2,53,,48637,40,,,2,12,,48632,33,,,1,21,,48610,40,,,1,67,,48609,40,,,1,21,,48614,40,,,2,25,,48602,40,,,2,67,,48607,40,,,1,32,,48642,33,,,1,80,,48618,40,,,1,95,,48608,40,,,1,80,,48604,40,,,1,105,,48630,40,,,1,97,,48643,40,,,1,25,,48605,40,,,1
3300,'Semaine-10-_26ÉTÉ-1111100-',652,,48671,34,,,1,76,,48670,41,,,2,22,,48676,41,,,2,55,,48649,41,,,2,22,,48664,41,,,2,23,,48672,41,,,2,4,,48683,41,,,1,49,,48684,41,,,1,33,,48677,41,,,2,12,,48659,41,,,1,10,,48662,41,,,2,48,,48679,40,,,1,29,,48665,40,,,1,67,,48654,40,,,1,31,,48660,40,,,2,68,,48644,40,,,1,31,,48667,40,,,1,69,,48655,40,,,1,32,,48663,40,,,1,20,,48682,40,,,1,6,,48666,40,,,1,68,,48669,40,,,1,30,,48656,40,,,1,55,,48678,33,,,1,16,,48674,40,,,1,79,,48668,40,,,1,12,,48646,40,,,1,19,,48658,40,,,1,17,,48681,40,,,2,53,,48680,40,,,2,12,,48675,33,,,1,21,,48653,40,,,1,67,,48652,40,,,1,21,,48657,40,,,2,25,,48645,40,,,2,67,,48650,40,,,1,32,,48685,33,,,1,80,,48661,40,,,1,95,,48651,40,,,1,80,,48647,40,,,1,105,,48673,40,,,1,97,,48686,40,,,1,25,,48648,40,,,1
3300,'Semaine-11-_26ÉTÉ-1111100-',652,,48714,34,,,1,76,,48713,41,,,2,22,,48719,41,,,2,55,,48692,41,,,2,22,,48707,41,,,2,23,,48715,41,,,2,4,,48726,41,,,1,49,,48727,41,,,1,33,,48720,41,,,2,12,,48702,41,,,1,10,,48705,41,,,2,48,,48722,40,,,1,29,,48708,40,,,1,67,,48697,40,,,1,31,,48703,40,,,2,68,,48687,40,,,1,31,,48710,40,,,1,69,,48698,40,,,1,32,,48706,40,,,1,20,,48725,40,,,1,6,,48709,40,,,1,68,,48712,40,,,1,30,,48699,40,,,1,55,,48721,33,,,1,16,,48717,40,,,1,79,,48711,40,,,1,12,,48689,40,,,1,19,,48701,40,,,1,17,,48724,40,,,2,53,,48723,40,,,2,12,,48718,33,,,1,21,,48696,40,,,1,67,,48695,40,,,1,21,,48700,40,,,2,25,,48688,40,,,2,67,,48693,40,,,1,32,,48728,33,,,1,80,,48704,40,,,1,95,,48694,40,,,1,80,,48690,40,,,1,105,,48716,40,,,1,97,,48729,40,,,1,25,,48691,40,,,1
3300,'Semaine-12-_26ÉTÉ-1111100-',652,,48757,34,,,1,76,,48756,41,,,2,22,,48762,41,,,2,55,,48735,41,,,2,22,,48750,41,,,2,23,,48758,41,,,2,4,,48769,41,,,1,49,,48770,41,,,1,33,,48763,41,,,2,12,,48745,41,,,1,10,,48748,41,,,2,48,,48765,40,,,1,29,,48751,40,,,1,67,,48740,40,,,1,31,,48746,40,,,2,68,,48730,40,,,1,31,,48753,40,,,1,69,,48741,40,,,1,32,,48749,40,,,1,20,,48768,40,,,1,6,,48752,40,,,1,68,,48755,40,,,1,30,,48742,40,,,1,55,,48764,33,,,1,16,,48760,40,,,1,79,,48754,40,,,1,12,,48732,40,,,1,19,,48744,40,,,1,17,,48767,40,,,2,53,,48766,40,,,2,12,,48761,33,,,1,21,,48739,40,,,1,67,,48738,40,,,1,21,,48743,40,,,2,25,,48731,40,,,2,67,,48736,40,,,1,32,,48771,33,,,1,80,,48747,40,,,1,95,,48737,40,,,1,80,,48733,40,,,1,105,,48759,40,,,1,97,,48772,40,,,1,25,,48734,40,,,1
3300,'Semaine-5-_26ÉTÉ-1111100-',652,,48800,34,,,1,76,,48799,41,,,2,22,,48805,41,,,2,55,,48778,41,,,2,22,,48793,41,,,2,23,,48801,41,,,2,4,,48812,41,,,1,49,,48813,41,,,1,33,,48806,41,,,2,12,,48788,41,,,1,10,,48791,41,,,2,48,,48808,40,,,1,29,,48794,40,,,1,67,,48783,40,,,1,31,,48789,40,,,2,68,,48773,40,,,1,31,,48796,40,,,1,69,,48784,40,,,1,32,,48792,40,,,1,20,,48811,40,,,1,6,,48795,40,,,1,68,,48798,40,,,1,30,,48785,40,,,1,55,,48807,33,,,1,16,,48803,40,,,1,79,,48797,40,,,1,12,,48775,40,,,1,19,,48787,40,,,1,17,,48810,40,,,2,53,,48809,40,,,2,12,,48804,33,,,1,21,,48782,40,,,1,67,,48781,40,,,1,21,,48786,40,,,2,25,,48774,40,,,2,67,,48779,40,,,1,32,,48814,33,,,1,80,,48790,40,,,1,95,,48780,40,,,1,80,,48776,40,,,1,105,,48802,40,,,1,97,,48815,40,,,1,25,,48777,40,,,1
3500,'Semaine-1-_26ÉTÉ-1111100-',1538,,49683,42,,,2,110,,49688,42,,,2,68,,49692,42,,,1,93,,49674,42,,,1,101,,49703,42,,,2,95,,49677,42,,,1,24,,49681,42,,,1,103,,49695,42,,,1,100,,49699,42,,,2
3500,'Semaine-10-_26ÉTÉ-1111100-',1538,,49720,42,,,2,110,,49725,42,,,2,68,,49729,42,,,1,93,,49711,42,,,1,101,,49740,42,,,2,95,,49714,42,,,1,24,,49718,42,,,1,103,,49732,42,,,1,100,,49736,42,,,2
3500,'Semaine-11-_26ÉTÉ-1111100-',1538,,49757,42,,,2,110,,49762,42,,,2,68,,49766,42,,,1,93,,49748,42,,,1,101,,49777,42,,,2,95,,49751,42,,,1,24,,49755,42,,,1,103,,49769,42,,,1,100,,49773,42,,,2
3500,'Semaine-12-_26ÉTÉ-1111100-',1538,,49794,42,,,2,110,,49799,42,,,2,68,,49803,42,,,1,93,,49785,42,,,1,101,,49814,42,,,2,95,,49788,42,,,1,24,,49792,42,,,1,103,,49806,42,,,1,100,,49810,42,,,2
3500,'Semaine-5-_26ÉTÉ-1111100-',1538,,49831,42,,,2,110,,49836,42,,,2,68,,49840,42,,,1,93,,49822,42,,,1,101,,49851,42,,,2,95,,49825,42,,,1,24,,49829,42,,,1,103,,49843,42,,,1,100,,49847,42,,,2
