2001,'Semaine-1-_26ÉTÉ-1111100-',1535,,47130,6,,,1,100,,47131,6,,,1,99,,47132,6,,,2
2001,'Semaine-10-_26ÉTÉ-1111100-',1535,,47133,6,,,1,100,,47134,6,,,1,99,,47135,6,,,2
2001,'Semaine-11-_26ÉTÉ-1111100-',1535,,47136,6,,,1,100,,47137,6,,,1,99,,47138,6,,,2
2001,'Semaine-12-_26ÉTÉ-1111100-',1535,,47139,6,,,1,100,,47140,6,,,1,99,,47141,6,,,2
2701,'Semaine-1-_26ÉTÉ-1111100-',623,,47337,22,,,1,87,,47338,22,,,1,46,,47335,22,,,1,69,,47336,22,,,1
2701,'Semaine-10-_26ÉTÉ-1111100-',623,,47341,22,,,1,87,,47342,22,,,1,46,,47339,22,,,1,69,,47340,22,,,1
2701,'Semaine-11-_26ÉTÉ-1111100-',623,,47345,22,,,1,87,,47346,22,,,1,46,,47343,22,,,1,69,,47344,22,,,1
2701,'Semaine-12-_26ÉTÉ-1111100-',623,,47349,22,,,1,87,,47350,22,,,1,46,,47347,22,,,1,69,,47348,22,,,1
3901,'Samedi-0-_26ÉTÉ-0000010-',609,,51457,6,,,1,100,,51459,6,,,1,100,,51463,6,,,1,101,,51462,6,,,1,100,,51465,6,,,1,100,,51464,6,,,1,100,,51460,6,,,1,30,,51458,6,,,1,70,,51466,6,,,1,30,,51461,6,,,2,70,,51467,6,,,1,30,,51468,6,,,1,70,,51469,6,,,2,30,,51470,6,,,1,70,,51471,6,,,1,30,,51472,6,,,1,70,,51473,6,,,1,30,,51474,6,,,1,70,,51475,6,,,1,30,,51476,6,,,1,100,,51477,6,,,1,100,,51478,6,,,1,100,,51479,6,,,1,100,,51480,6,,,1
3901,'Dimanche-0-_26ÉTÉ-0000001-',609,,51481,6,,,1,100,,51488,6,,,1,100,,51482,6,,,1,101,,51485,6,,,1,100,,51490,6,,,1,100,,51483,6,,,1,100,,51489,6,,,1,30,,51484,6,,,1,70,,51486,6,,,1,30,,51491,6,,,2,70,,51493,6,,,1,30,,51487,6,,,1,70,,51492,6,,,2,30,,51494,6,,,1,70,,51495,6,,,1,30,,51500,6,,,1,70,,51502,6,,,1,30,,51504,6,,,1,70,,51501,6,,,1,30,,51498,6,,,1,100,,51499,6,,,1,100,,51503,6,,,1,100,,51496,6,,,1,100,,51497,6,,,1
3901,'Dimanche-10-_26ÉTÉ-0000001-',609,,51505,6,,,1,100,,51512,6,,,1,100,,51506,6,,,1,101,,51509,6,,,1,100,,51514,6,,,1,100,,51507,6,,,1,100,,51513,6,,,1,30,,51508,6,,,1,70,,51510,6,,,1,30,,51515,6,,,2,70,,51517,6,,,1,30,,51511,6,,,1,70,,51516,6,,,2,30,,51518,6,,,1,70,,51519,6,,,1,30,,51524,6,,,1,70,,51526,6,,,1,30,,51528,6,,,1,70,,51525,6,,,1,30,,51522,6,,,1,100,,51523,6,,,1,100,,51527,6,,,1,100,,51520,6,,,1,100,,51521,6,,,1
3901,'Dimanche-11-_26ÉTÉ-0000001-',609,,51529,6,,,1,100,,51536,6,,,1,100,,51530,6,,,1,101,,51533,6,,,1,100,,51538,6,,,1,100,,51531,6,,,1,100,,51537,6,,,1,30,,51532,6,,,1,70,,51534,6,,,1,30,,51539,6,,,2,70,,51541,6,,,1,30,,51535,6,,,1,70,,51540,6,,,2,30,,51542,6,,,1,70,,51543,6,,,1,30,,51548,6,,,1,70,,51550,6,,,1,30,,51552,6,,,1,70,,51549,6,,,1,30,,51546,6,,,1,100,,51547,6,,,1,100,,51551,6,,,1,100,,51544,6,,,1,100,,51545,6,,,1
3901,'Semaine-1-_26ÉTÉ-1111100-',630,,51575,6,,,2,26,,51564,6,,,1,76,,51565,6,,,1,74,,51561,6,,,1,33,,51567,6,,,1,70,,51569,6,,,1,30,,51576,6,,,1,70,,51587,6,,,1,30,,51582,6,,,2,70,,51577,6,,,1,30,,51562,6,,,1,70,,51571,6,,,2,30,,51578,6,,,1,70,,51563,6,,,1,30,,51560,6,,,2,71,,51579,6,,,1,29,,51572,6,,,2,70,,51553,6,,,1,31,,51580,6,,,2,70,,51558,6,,,1,30,,51555,6,,,1,71,,51583,6,,,1,28,,51568,6,,,1,72,,51574,6,,,1,32,,51559,6,,,2,72,,51581,6,,,1,25,,51554,6,,,2,66,,51584,6,,,1,30,,51557,6,,,1,70,,51573,6,,,1,32,,51585,6,,,1,70,,51556,6,,,1,30,,51566,6,,,1,73,,51586,6,,,1,30,,51570,6,,,1
3901,'Semaine-10-_26ÉTÉ-1111100-',630,,51610,6,,,2,26,,51599,6,,,1,76,,51600,6,,,1,74,,51596,6,,,1,33,,51602,6,,,1,70,,51604,6,,,1,30,,51611,6,,,1,70,,51622,6,,,1,30,,51617,6,,,2,70,,51612,6,,,1,30,,51597,6,,,1,70,,51606,6,,,2,30,,51613,6,,,1,70,,51598,6,,,1,30,,51595,6,,,2,71,,51614,6,,,1,29,,51607,6,,,2,70,,51588,6,,,1,31,,51615,6,,,2,70,,51593,6,,,1,30,,51590,6,,,1,71,,51618,6,,,1,28,,51603,6,,,1,72,,51609,6,,,1,32,,51594,6,,,2,72,,51616,6,,,1,25,,51589,6,,,2,66,,51619,6,,,1,30,,51592,6,,,1,70,,51608,6,,,1,32,,51620,6,,,1,70,,51591,6,,,1,30,,51601,6,,,1,73,,51621,6,,,1,30,,51605,6,,,1
3901,'Semaine-11-_26ÉTÉ-1111100-',630,,51645,6,,,2,26,,51634,6,,,1,76,,51635,6,,,1,74,,51631,6,,,1,33,,51637,6,,,1,70,,51639,6,,,1,30,,51646,6,,,1,70,,51657,6,,,1,30,,51652,6,,,2,70,,51647,6,,,1,30,,51632,6,,,1,70,,51641,6,,,2,30,,51648,6,,,1,70,,51633,6,,,1,30,,51630,6,,,2,71,,51649,6,,,1,29,,51642,6,,,2,70,,51623,6,,,1,31,,51650,6,,,2,70,,51628,6,,,1,30,,51625,6,,,1,71,,51653,6,,,1,28,,51638,6,,,1,72,,51644,6,,,1,32,,51629,6,,,2,72,,51651,6,,,1,25,,51624,6,,,2,66,,51654,6,,,1,30,,51627,6,,,1,70,,51643,6,,,1,32,,51655,6,,,1,70,,51626,6,,,1,30,,51636,6,,,1,73,,51656,6,,,1,30,,51640,6,,,1
3901,'Semaine-12-_26ÉTÉ-1111100-',630,,51680,6,,,2,26,,51669,6,,,1,76,,51670,6,,,1,74,,51666,6,,,1,33,,51672,6,,,1,70,,51674,6,,,1,30,,51681,6,,,1,70,,51692,6,,,1,30,,51687,6,,,2,70,,51682,6,,,1,30,,51667,6,,,1,70,,51676,6,,,2,30,,51683,6,,,1,70,,51668,6,,,1,30,,51665,6,,,2,71,,51684,6,,,1,29,,51677,6,,,2,70,,51658,6,,,1,31,,51685,6,,,2,70,,51663,6,,,1,30,,51660,6,,,1,71,,51688,6,,,1,28,,51673,6,,,1,72,,51679,6,,,1,32,,51664,6,,,2,72,,51686,6,,,1,25,,51659,6,,,2,66,,51689,6,,,1,30,,51662,6,,,1,70,,51678,6,,,1,32,,51690,6,,,1,70,,51661,6,,,1,30,,51671,6,,,1,73,,51691,6,,,1,30,,51675,6,,,1
6800,'Semaine-1-_26ÉTÉ-1111100-',611,,56776,14,,,1,30,,56785,14,,,1,70,,56783,14,,,1,30,,56792,14,,,1,70,,56789,14,,,1,30,,56768,14,,,1,70,,56790,14,,,1,30,,56769,14,,,1,70,,56773,14,,,1,30,,56791,14,,,1,70,,56778,14,,,1,30,,56771,14,,,1,74,,56787,14,,,1,36,,56779,14,,,1,70,,56786,14,,,1,30,,56780,14,,,1,70,,56774,14,,,1,30,,56777,14,,,1,60,,56784,14,,,1,18,,56794,14,,,1,24,,56781,14,,,1,60,,56788,14,,,1,22,,56782,14,,,1,18,,56796,14,,,1,57,,56793,14,,,1,20,,56795,14,,,1,20,,56770,14,,,1,70,,56775,14,,,1,30,,56772,14,,,1
6800,'Semaine-10-_26ÉTÉ-1111100-',611,,56805,14,,,1,30,,56814,14,,,1,70,,56812,14,,,1,30,,56821,14,,,1,70,,56818,14,,,1,30,,56797,14,,,1,70,,56819,14,,,1,30,,56798,14,,,1,70,,56802,14,,,1,30,,56820,14,,,1,70,,56807,14,,,1,30,,56800,14,,,1,74,,56816,14,,,1,36,,56808,14,,,1,70,,56815,14,,,1,30,,56809,14,,,1,70,,56803,14,,,1,30,,56806,14,,,1,60,,56813,14,,,1,18,,56823,14,,,1,24,,56810,14,,,1,60,,56817,14,,,1,22,,56811,14,,,1,18,,56825,14,,,1,57,,56822,14,,,1,20,,56824,14,,,1,20,,56799,14,,,1,70,,56804,14,,,1,30,,56801,14,,,1
6800,'Semaine-11-_26ÉTÉ-1111100-',611,,56834,14,,,1,30,,56843,14,,,1,70,,56841,14,,,1,30,,56850,14,,,1,70,,56847,14,,,1,30,,56826,14,,,1,70,,56848,14,,,1,30,,56827,14,,,1,70,,56831,14,,,1,30,,56849,14,,,1,70,,56836,14,,,1,30,,56829,14,,,1,74,,56845,14,,,1,36,,56837,14,,,1,70,,56844,14,,,1,30,,56838,14,,,1,70,,56832,14,,,1,30,,56835,14,,,1,60,,56842,14,,,1,18,,56852,14,,,1,24,,56839,14,,,1,60,,56846,14,,,1,22,,56840,14,,,1,18,,56854,14,,,1,57,,56851,14,,,1,20,,56853,14,,,1,20,,56828,14,,,1,70,,56833,14,,,1,30,,56830,14,,,1
6800,'Semaine-12-_26ÉTÉ-1111100-',611,,56863,14,,,1,30,,56872,14,,,1,70,,56870,14,,,1,30,,56879,14,,,1,70,,56876,14,,,1,30,,56855,14,,,1,70,,56877,14,,,1,30,,56856,14,,,1,70,,56860,14,,,1,30,,56878,14,,,1,70,,56865,14,,,1,30,,56858,14,,,1,74,,56874,14,,,1,36,,56866,14,,,1,70,,56873,14,,,1,30,,56867,14,,,1,70,,56861,14,,,1,30,,56864,14,,,1,60,,56871,14,,,1,18,,56881,14,,,1,24,,56868,14,,,1,60,,56875,14,,,1,22,,56869,14,,,1,18,,56883,14,,,1,57,,56880,14,,,1,20,,56882,14,,,1,20,,56857,14,,,1,70,,56862,14,,,1,30,,56859,14,,,1
