2300,'Semaine-4',1544,,30355,15,,,1,70,,30353,15,,,1,30,,30351,15,,,2,69,,30352,15,,,1,26,,30354,15,,,1,69,,30350,15,,,1
2300,'Semaine-2-_26ÉTÉ-1111100-',1544,,38699,15,,,1,68,,38697,15,,,1,30,,38695,15,,,1,71,,38696,15,,,2,29,,38698,15,,,2,65,,38694,15,,,2
2300,'Semaine-3-_26ÉTÉ-1111100-',1544,,38705,15,,,1,68,,38703,15,,,1,30,,38701,15,,,1,71,,38702,15,,,2,29,,38704,15,,,2,65,,38700,15,,,2
2300,'Semaine-4-_26ÉTÉ-1111100-',1544,,38711,15,,,1,68,,38709,15,,,1,30,,38707,15,,,1,71,,38708,15,,,2,29,,38710,15,,,2,65,,38706,15,,,2
2500,'Semaine-4',1530,,30361,14,,,1,70,,30364,14,,,1,30,,30362,14,,,1,71,,30366,14,,,1,28,,30363,14,,,1,26,,30365,14,,,1
2500,'Semaine-2-_26ÉTÉ-1111100-',1529,,38727,14,,,1,71,,38730,14,,,1,30,,38728,14,,,1,73,,38732,14,,,1,28,,38729,14,,,1,27,,38731,14,,,1
2500,'Semaine-3-_26ÉTÉ-1111100-',1529,,38733,14,,,1,71,,38736,14,,,1,30,,38734,14,,,1,73,,38738,14,,,1,28,,38735,14,,,1,27,,38737,14,,,1
2500,'Semaine-4-_26ÉTÉ-1111100-',1529,,38739,14,,,1,71,,38742,14,,,1,30,,38740,14,,,1,73,,38744,14,,,1,28,,38741,14,,,1,27,,38743,14,,,1
3500,'Semaine-4',641,,31048,22,0,15 16,1,78,,31022,22,0,15 16,1,33,,31033,22,0,15 16,1,57,,31051,22,0,15 16,1,33,,31057,22,0,15 16,1,11,,31055,22,0,15 16,1,4,,31041,22,0,15 16,1,47,,31053,22,0,15 16,1,19,,31046,22,0,15 16,1,21,,31052,22,0,15 16,1,70,,31030,22,0,15 16,2,26,,31044,22,0,15 16,1,74,,31024,22,0,15 16,1,30,,31028,22,0,15 16,1,70,,31039,22,0,15 16,1,30,,31023,22,0,15 16,1,70,,31034,22,0,15 16,1,30,,31056,22,0,15 16,1,70,,31042,22,0,15 16,1,30,,31025,22,0,15 16,1,76,,31038,22,,,2,30,,31040,22,0,15 16,2,63,,31031,15,0,15 16,1,15,,31043,22,,,2,13,,31037,15,0,15 16,1,16,,31047,22,,,1,67,,31049,22,0,15 16,2,28,,31029,22,,,1,64,,31027,22,0,15 16,2,15,,31035,15,0,15 16,1,21,,31058,22,,,2,61,,31045,22,0,15 16,1,35,,31032,22,,,2,63,,31036,22,,,1,103,,31050,22,,,1,100,,31054,22,,,1,97,,31026,22,0,15 16,1
3500,'Semaine-2-_26ÉTÉ-1111100-',641,,40041,22,0,15 16,1,78,,40015,22,0,15 16,2,33,,40026,22,0,15 16,1,57,,40044,22,0,15 16,1,32,,40050,22,0,15 16,1,10,,40048,22,0,15 16,2,4,,40034,22,0,15 16,1,49,,40046,22,0,15 16,1,19,,40039,22,0,15 16,1,21,,40045,22,0,15 16,1,69,,40023,22,0,15 16,1,27,,40037,22,0,15 16,1,74,,40017,22,0,15 16,1,30,,40021,22,0,15 16,2,70,,40032,22,0,15 16,1,30,,40016,22,0,15 16,1,70,,40027,22,0,15 16,2,30,,40049,22,0,15 16,1,70,,40035,22,0,15 16,2,30,,40018,22,0,15 16,2,76,,40031,22,,,2,30,,40033,22,0,15 16,1,63,,40024,15,0,15 16,1,15,,40036,22,,,2,13,,40030,15,0,15 16,1,16,,40040,22,,,1,67,,40042,22,0,15 16,2,28,,40022,22,,,1,64,,40020,22,0,15 16,2,15,,40028,15,0,15 16,1,21,,40051,22,,,2,61,,40038,22,0,15 16,2,34,,40025,22,,,1,64,,40029,22,,,1,103,,40043,22,,,1,100,,40047,22,,,2,97,,40019,22,0,15 16,1
3500,'Semaine-3-_26ÉTÉ-1111100-',641,,40078,22,0,15 16,1,78,,40052,22,0,15 16,2,33,,40063,22,0,15 16,1,57,,40081,22,0,15 16,1,32,,40087,22,0,15 16,1,10,,40085,22,0,15 16,2,4,,40071,22,0,15 16,1,49,,40083,22,0,15 16,1,19,,40076,22,0,15 16,1,21,,40082,22,0,15 16,1,69,,40060,22,0,15 16,1,27,,40074,22,0,15 16,1,74,,40054,22,0,15 16,1,30,,40058,22,0,15 16,2,70,,40069,22,0,15 16,1,30,,40053,22,0,15 16,1,70,,40064,22,0,15 16,2,30,,40086,22,0,15 16,1,70,,40072,22,0,15 16,2,30,,40055,22,0,15 16,2,76,,40068,22,,,2,30,,40070,22,0,15 16,1,63,,40061,15,0,15 16,1,15,,40073,22,,,2,13,,40067,15,0,15 16,1,16,,40077,22,,,1,67,,40079,22,0,15 16,2,28,,40059,22,,,1,64,,40057,22,0,15 16,2,15,,40065,15,0,15 16,1,21,,40088,22,,,2,61,,40075,22,0,15 16,2,34,,40062,22,,,1,64,,40066,22,,,1,103,,40080,22,,,1,100,,40084,22,,,2,97,,40056,22,0,15 16,1
3500,'Semaine-4-_26ÉTÉ-1111100-',641,,40115,22,0,15 16,1,78,,40089,22,0,15 16,2,33,,40100,22,0,15 16,1,57,,40118,22,0,15 16,1,32,,40124,22,0,15 16,1,10,,40122,22,0,15 16,2,4,,40108,22,0,15 16,1,49,,40120,22,0,15 16,1,19,,40113,22,0,15 16,1,21,,40119,22,0,15 16,1,69,,40097,22,0,15 16,1,27,,40111,22,0,15 16,1,74,,40091,22,0,15 16,1,30,,40095,22,0,15 16,2,70,,40106,22,0,15 16,1,30,,40090,22,0,15 16,1,70,,40101,22,0,15 16,2,30,,40123,22,0,15 16,1,70,,40109,22,0,15 16,2,30,,40092,22,0,15 16,2,76,,40105,22,,,2,30,,40107,22,0,15 16,1,63,,40098,15,0,15 16,1,15,,40110,22,,,2,13,,40104,15,0,15 16,1,16,,40114,22,,,1,67,,40116,22,0,15 16,2,28,,40096,22,,,1,64,,40094,22,0,15 16,2,15,,40102,15,0,15 16,1,21,,40125,22,,,2,61,,40112,22,0,15 16,2,34,,40099,22,,,1,64,,40103,22,,,1,103,,40117,22,,,1,100,,40121,22,,,2,97,,40093,22,0,15 16,1
82500,'Semaine-4',1526,,35006,6,0,9 12 13,1
