1500,'Semaine-4',1637,,30335,1,,,2
1500,'Semaine-2-_26ÉTÉ-1111100-',1640,,38649,1,,,1
1500,'Semaine-3-_26ÉTÉ-1111100-',1640,,38650,1,,,1
1500,'Semaine-4-_26ÉTÉ-1111100-',1640,,38651,1,,,1
6200,'Semaine-4',545,,32412,1,,,1,69,,32428,1,,,1,31,,32413,1,,,1,70,,32425,1,,,2,31,,32424,1,,,1,70,,32423,1,,,2,99,,32414,1,,,1,100,,32419,1,,,1,100,,32416,1,,,1,100,,32426,1,,,1,100,,32429,1,,,1,100,,32432,1,,,1,85,,32433,1,,,2,30,,32421,1,,,1,71,,32427,1,,,1,29,,32415,1,,,1,70,,32434,1,,,2,30,,32430,1,,,2,70,,32422,1,,,1,100,,32431,1,,,1,56,,32417,1,,,1,100,,32420,1,,,1,100,,32418,1,,,1
6200,'Semaine-2-_26ÉTÉ-1111100-',545,,42394,1,,,2,70,,42410,1,,,2,30,,42395,1,,,1,71,,42407,1,,,2,30,,42406,1,,,2,71,,42405,1,,,1,98,,42396,1,,,1,100,,42401,1,,,2,100,,42398,1,,,1,100,,42408,1,,,2,100,,42411,1,,,2,100,,42414,1,,,2,85,,42415,1,,,1,30,,42403,1,,,2,71,,42409,1,,,1,29,,42397,1,,,1,70,,42416,1,,,2,30,,42412,1,,,1,70,,42404,1,,,1,100,,42413,1,,,1,56,,42399,1,,,1,100,,42402,1,,,1,100,,42400,1,,,2
6200,'Semaine-3-_26ÉTÉ-1111100-',545,,42417,1,,,2,70,,42433,1,,,2,30,,42418,1,,,1,71,,42430,1,,,2,30,,42429,1,,,2,71,,42428,1,,,1,98,,42419,1,,,1,100,,42424,1,,,2,100,,42421,1,,,1,100,,42431,1,,,2,100,,42434,1,,,2,100,,42437,1,,,2,85,,42438,1,,,1,30,,42426,1,,,2,71,,42432,1,,,1,29,,42420,1,,,1,70,,42439,1,,,2,30,,42435,1,,,1,70,,42427,1,,,1,100,,42436,1,,,1,56,,42422,1,,,1,100,,42425,1,,,1,100,,42423,1,,,2
6200,'Semaine-4-_26ÉTÉ-1111100-',545,,42440,1,,,2,70,,42456,1,,,2,30,,42441,1,,,1,71,,42453,1,,,2,30,,42452,1,,,2,71,,42451,1,,,1,98,,42442,1,,,1,100,,42447,1,,,2,100,,42444,1,,,1,100,,42454,1,,,2,100,,42457,1,,,2,100,,42460,1,,,2,85,,42461,1,,,1,30,,42449,1,,,2,71,,42455,1,,,1,29,,42443,1,,,1,70,,42462,1,,,2,30,,42458,1,,,1,70,,42450,1,,,1,100,,42459,1,,,1,56,,42445,1,,,1,100,,42448,1,,,1,100,,42446,1,,,2
6300,'Samedi-3',1040,,32458,1,,,1,100,,32460,1,,,1,100,,32461,1,,,1,100,,32459,1,,,1,100,,32462,1,,,1,100,,32463,1,,,1,100,,32464,1,,,1,100,,32465,1,,,2
6300,'Samedi-4',1040,,36661,1,,,1,100,,36663,1,,,1,100,,36664,1,,,1,100,,36662,1,,,1,100,,36665,1,,,1,100,,36666,1,,,1,100,,36667,1,,,1,100,,36668,1,,,2
6300,'Dimanche-3',1040,,32468,1,,,1,100,,32466,1,,,1,100,,32470,1,,,1,100,,32467,1,,,1,100,,32469,1,,,1,100,,32471,1,,,1,100,,32473,1,,,1,100,,32472,1,,,2
6300,'Semaine-4',620,,32481,1,,,1,39,,32482,1,,,1,70,,32491,1,,,1,72,,32475,1,,,1,29,,32487,1,,,1,70,,32483,1,,,1,57,,32490,1,,,1,100,,32492,1,,,1,100,,32493,1,,,1,100,,32474,1,,,1,100,,32488,1,,,1,100,,32477,1,,,1,70,,32494,1,,,1,30,,32485,1,,,1,70,,32479,1,,,2,30,,32480,1,,,2,70,,32476,1,,,1,83,,32478,1,,,2,100,,32486,1,,,1,100,,32489,1,,,1,100,,32484,1,,,2
6300,'Samedi-10-_26ÉTÉ-0000010-',1040,,42532,1,,,1,100,,42534,1,,,1,100,,42535,1,,,1,100,,42533,1,,,1,100,,42536,1,,,1,100,,42537,1,,,1,100,,42538,1,,,1,100,,42539,1,,,2
6300,'Semaine-2-_26ÉTÉ-1111100-',620,,42547,1,,,2,80,,42548,1,,,1,29,,42557,1,,,2,71,,42541,1,,,2,30,,42553,1,,,1,70,,42549,1,,,1,57,,42556,1,,,2,100,,42558,1,,,1,100,,42559,1,,,2,100,,42540,1,,,1,100,,42554,1,,,1,99,,42543,1,,,1,71,,42560,1,,,2,30,,42551,1,,,2,70,,42545,1,,,2,30,,42546,1,,,1,70,,42542,1,,,1,83,,42544,1,,,1,100,,42552,1,,,1,100,,42555,1,,,1,100,,42550,1,,,1
6300,'Semaine-3-_26ÉTÉ-1111100-',620,,42568,1,,,2,80,,42569,1,,,1,29,,42578,1,,,2,71,,42562,1,,,2,30,,42574,1,,,1,70,,42570,1,,,1,57,,42577,1,,,2,100,,42579,1,,,1,100,,42580,1,,,2,100,,42561,1,,,1,100,,42575,1,,,1,99,,42564,1,,,1,71,,42581,1,,,2,30,,42572,1,,,2,70,,42566,1,,,2,30,,42567,1,,,1,70,,42563,1,,,1,83,,42565,1,,,1,100,,42573,1,,,1,100,,42576,1,,,1,100,,42571,1,,,1
6300,'Semaine-4-_26ÉTÉ-1111100-',620,,42589,1,,,2,80,,42590,1,,,1,29,,42599,1,,,2,71,,42583,1,,,2,30,,42595,1,,,1,70,,42591,1,,,1,57,,42598,1,,,2,100,,42600,1,,,1,100,,42601,1,,,2,100,,42582,1,,,1,100,,42596,1,,,1,99,,42585,1,,,1,71,,42602,1,,,2,30,,42593,1,,,2,70,,42587,1,,,2,30,,42588,1,,,1,70,,42584,1,,,1,83,,42586,1,,,1,100,,42594,1,,,1,100,,42597,1,,,1,100,,42592,1,,,1
