2700,'Semaine-4',1554,,30385,6,,,2,70,,30383,6,,,1,28,,30387,6,,,1,70,,30384,6,,,1,29,,30386,6,,,2
2700,'Semaine-2-_26ÉTÉ-1111100-',1554,,38795,6,,,1,70,,38793,6,,,2,28,,38797,6,,,1,71,,38794,6,,,1,28,,38796,6,,,2
2700,'Semaine-3-_26ÉTÉ-1111100-',1554,,38800,6,,,1,70,,38798,6,,,2,28,,38802,6,,,1,71,,38799,6,,,1,28,,38801,6,,,2
2700,'Semaine-4-_26ÉTÉ-1111100-',1554,,38805,6,,,1,70,,38803,6,,,2,28,,38807,6,,,1,71,,38804,6,,,1,28,,38806,6,,,2
3300,'Samedi-3',659,,30672,16,,,1,172,,30677,16,,,1,99,,30674,16,,,1,97,,30678,16,,,1,101,,30673,16,,,1,100,,30676,16,,,1,100,,30675,16,,,1,100,,30679,16,,,1,103,,30680,16,,,1,97,,30681,16,,,1,100,,30682,16,,,1,100,,30683,16,,,1,98,,30684,16,,,1,100,,30688,16,,,1,100,,30685,16,,,1,100,,30686,16,,,1,100,,30687,16,,,1,99,,30689,16,,,1
3300,'Dimanche-3',659,,30691,16,,,1,172,,30690,16,,,1,99,,30693,16,,,1,97,,30695,16,,,1,101,,30696,16,,,1,100,,30697,16,,,1,100,,30692,16,,,1,100,,30699,16,,,1,103,,30694,16,,,1,97,,30700,16,,,1,100,,30703,16,,,1,100,,30707,16,,,1,98,,30704,16,,,1,100,,30698,16,,,1,100,,30701,16,,,1,100,,30706,16,,,1,100,,30702,16,,,1,99,,30705,16,,,1
3300,'Semaine-4',624,,30735,9,,,1,35,,30734,16,,,1,62,,30740,16,,,2,15,,30713,16,,,1,23,,30728,16,,,1,60,,30736,16,,,1,5,,30747,16,,,1,9,,30748,16,,,1,70,,30741,16,,,1,15,,30723,16,,,1,10,,30726,16,,,2,14,,30743,16,,,1,70,,30729,16,,,2,27,,30718,16,,,1,71,,30724,16,,,1,28,,30708,16,,,1,71,,30731,16,,,1,29,,30719,16,,,1,73,,30727,16,,,1,19,,30746,16,,,1,6,,30730,16,,,1,68,,30733,16,,,1,30,,30720,16,,,1,15,,30742,9,,,1,56,,30738,16,,,1,36,,30732,16,,,1,13,,30710,16,,,2,57,,30722,16,,,1,20,,30745,16,,,2,13,,30744,16,,,1,12,,30739,9,,,1,61,,30717,16,,,1,24,,30716,16,,,2,63,,30721,16,,,2,27,,30709,16,,,2,27,,30714,16,,,1,72,,30749,9,,,1,80,,30725,16,,,2,96,,30715,16,,,1,40,,30711,16,,,2,104,,30737,16,,,1,98,,30750,16,,,2,65,,30712,16,,,1
3300,'Samedi-10-_26ÉTÉ-0000010-',659,,39475,16,,,1,172,,39480,16,,,1,99,,39477,16,,,1,97,,39481,16,,,1,101,,39476,16,,,1,100,,39479,16,,,1,100,,39478,16,,,1,100,,39482,16,,,1,103,,39483,16,,,1,97,,39484,16,,,1,100,,39485,16,,,1,100,,39486,16,,,1,98,,39487,16,,,1,100,,39491,16,,,1,100,,39488,16,,,1,100,,39489,16,,,1,100,,39490,16,,,1,99,,39492,16,,,1
3300,'Semaine-2-_26ÉTÉ-1111100-',624,,39520,9,,,1,35,,39519,16,,,2,62,,39525,16,,,2,15,,39498,16,,,2,22,,39513,16,,,2,62,,39521,16,,,2,4,,39532,16,,,1,9,,39533,16,,,1,73,,39526,16,,,2,12,,39508,16,,,1,10,,39511,16,,,2,14,,39528,16,,,1,70,,39514,16,,,1,27,,39503,16,,,1,71,,39509,16,,,2,28,,39493,16,,,1,71,,39516,16,,,1,29,,39504,16,,,1,72,,39512,16,,,1,20,,39531,16,,,1,6,,39515,16,,,1,68,,39518,16,,,1,30,,39505,16,,,1,15,,39527,9,,,1,56,,39523,16,,,1,36,,39517,16,,,1,12,,39495,16,,,1,59,,39507,16,,,1,19,,39530,16,,,2,13,,39529,16,,,2,12,,39524,9,,,1,61,,39502,16,,,1,28,,39501,16,,,1,61,,39506,16,,,2,25,,39494,16,,,2,27,,39499,16,,,1,72,,39534,9,,,1,80,,39510,16,,,1,96,,39500,16,,,1,40,,39496,16,,,1,105,,39522,16,,,1,97,,39535,16,,,1,65,,39497,16,,,1
3300,'Semaine-3-_26ÉTÉ-1111100-',624,,39563,9,,,1,35,,39562,16,,,2,62,,39568,16,,,2,15,,39541,16,,,2,22,,39556,16,,,2,62,,39564,16,,,2,4,,39575,16,,,1,9,,39576,16,,,1,73,,39569,16,,,2,12,,39551,16,,,1,10,,39554,16,,,2,14,,39571,16,,,1,70,,39557,16,,,1,27,,39546,16,,,1,71,,39552,16,,,2,28,,39536,16,,,1,71,,39559,16,,,1,29,,39547,16,,,1,72,,39555,16,,,1,20,,39574,16,,,1,6,,39558,16,,,1,68,,39561,16,,,1,30,,39548,16,,,1,15,,39570,9,,,1,56,,39566,16,,,1,36,,39560,16,,,1,12,,39538,16,,,1,59,,39550,16,,,1,19,,39573,16,,,2,13,,39572,16,,,2,12,,39567,9,,,1,61,,39545,16,,,1,28,,39544,16,,,1,61,,39549,16,,,2,25,,39537,16,,,2,27,,39542,16,,,1,72,,39577,9,,,1,80,,39553,16,,,1,96,,39543,16,,,1,40,,39539,16,,,1,105,,39565,16,,,1,97,,39578,16,,,1,65,,39540,16,,,1
3300,'Semaine-4-_26ÉTÉ-1111100-',624,,39606,9,,,1,35,,39605,16,,,2,62,,39611,16,,,2,15,,39584,16,,,2,22,,39599,16,,,2,62,,39607,16,,,2,4,,39618,16,,,1,9,,39619,16,,,1,73,,39612,16,,,2,12,,39594,16,,,1,10,,39597,16,,,2,14,,39614,16,,,1,70,,39600,16,,,1,27,,39589,16,,,1,71,,39595,16,,,2,28,,39579,16,,,1,71,,39602,16,,,1,29,,39590,16,,,1,72,,39598,16,,,1,20,,39617,16,,,1,6,,39601,16,,,1,68,,39604,16,,,1,30,,39591,16,,,1,15,,39613,9,,,1,56,,39609,16,,,1,36,,39603,16,,,1,12,,39581,16,,,1,59,,39593,16,,,1,19,,39616,16,,,2,13,,39615,16,,,2,12,,39610,9,,,1,61,,39588,16,,,1,28,,39587,16,,,1,61,,39592,16,,,2,25,,39580,16,,,2,27,,39585,16,,,1,72,,39620,9,,,1,80,,39596,16,,,1,96,,39586,16,,,1,40,,39582,16,,,1,105,,39608,16,,,1,97,,39621,16,,,1,65,,39583,16,,,1
73300,'Semaine-4',1616,,34851,6,,,1
