6401,'Samedi-0-_26ÉTÉ-0000010-',739,,55096,41,,,1,100,,55093,41,,,1,100,,55095,41,,,1,100,,55098,41,,,1,100,,55094,41,,,2,100,,55099,41,,,1,100,,55097,41,,,1,100,,55100,41,,,2,100,,55101,41,,,1,100,,55102,41,,,1,100,,55103,41,,,1
6401,'Dimanche-0-_26ÉTÉ-0000001-',739,,55108,41,,,1,100,,55106,41,,,1,100,,55111,41,,,1,100,,55104,41,,,1,100,,55110,41,,,2,100,,55112,41,,,1,100,,55105,41,,,1,100,,55109,41,,,2,100,,55107,41,,,1,100,,55113,41,,,1,100,,55114,41,,,1
6401,'Dimanche-10-_26ÉTÉ-0000001-',739,,55119,41,,,1,100,,55117,41,,,1,100,,55122,41,,,1,100,,55115,41,,,1,100,,55121,41,,,2,100,,55123,41,,,1,100,,55116,41,,,1,100,,55120,41,,,2,100,,55118,41,,,1,100,,55124,41,,,1,100,,55125,41,,,1
6401,'Dimanche-11-_26ÉTÉ-0000001-',739,,55130,41,,,1,100,,55128,41,,,1,100,,55133,41,,,1,100,,55126,41,,,1,100,,55132,41,,,2,100,,55134,41,,,1,100,,55127,41,,,1,100,,55131,41,,,2,100,,55129,41,,,1,100,,55135,41,,,1,100,,55136,41,,,1
6401,'Semaine-1-_26ÉTÉ-1111100-',538,,55137,41,,,1,108,,55147,41,,,2,100,,55149,41,,,2,100,,55146,41,,,2,97,,55154,41,,,2,100,,55141,41,,,2,100,,55140,41,,,2,100,,55152,41,,,1,100,,55148,41,,,1,100,,55150,41,,,1,115,,55151,41,,,1,87,,55142,41,,,1,98,,55138,41,,,1,100,,55139,41,,,1,97,,55145,41,,,1,100,,55143,41,,,1,100,,55144,41,,,1,100,,55153,41,,,1
6401,'Semaine-10-_26ÉTÉ-1111100-',538,,55155,41,,,1,108,,55165,41,,,2,100,,55167,41,,,2,100,,55164,41,,,2,97,,55172,41,,,2,100,,55159,41,,,2,100,,55158,41,,,2,100,,55170,41,,,1,100,,55166,41,,,1,100,,55168,41,,,1,115,,55169,41,,,1,87,,55160,41,,,1,98,,55156,41,,,1,100,,55157,41,,,1,97,,55163,41,,,1,100,,55161,41,,,1,100,,55162,41,,,1,100,,55171,41,,,1
6401,'Semaine-11-_26ÉTÉ-1111100-',538,,55173,41,,,1,108,,55183,41,,,2,100,,55185,41,,,2,100,,55182,41,,,2,97,,55190,41,,,2,100,,55177,41,,,2,100,,55176,41,,,2,100,,55188,41,,,1,100,,55184,41,,,1,100,,55186,41,,,1,115,,55187,41,,,1,87,,55178,41,,,1,98,,55174,41,,,1,100,,55175,41,,,1,97,,55181,41,,,1,100,,55179,41,,,1,100,,55180,41,,,1,100,,55189,41,,,1
6401,'Semaine-12-_26ÉTÉ-1111100-',538,,55191,41,,,1,108,,55201,41,,,2,100,,55203,41,,,2,100,,55200,41,,,2,97,,55208,41,,,2,100,,55195,41,,,2,100,,55194,41,,,2,100,,55206,41,,,1,100,,55202,41,,,1,100,,55204,41,,,1,115,,55205,41,,,1,87,,55196,41,,,1,98,,55192,41,,,1,100,,55193,41,,,1,97,,55199,41,,,1,100,,55197,41,,,1,100,,55198,41,,,1,100,,55207,41,,,1
6401,'Semaine-5-_26ÉTÉ-1111100-',538,,55209,41,,,1,108,,55219,41,,,2,100,,55221,41,,,2,100,,55218,41,,,2,97,,55226,41,,,2,100,,55213,41,,,2,100,,55212,41,,,2,100,,55224,41,,,1,100,,55220,41,,,1,100,,55222,41,,,1,115,,55223,41,,,1,87,,55214,41,,,1,98,,55210,41,,,1,100,,55211,41,,,1,97,,55217,41,,,1,100,,55215,41,,,1,100,,55216,41,,,1,100,,55225,41,,,1
6601,'Samedi-0-_26ÉTÉ-0000010-',705,,55926,41,,,1,100,,55928,41,,,1,100,,55932,41,,,1,100,,55929,41,,,2,100,,55933,41,,,1,100,,55927,41,,,1,100,,55930,41,,,1,100,,55931,41,,,1,100,,55934,41,,,2,100,,55935,41,,,1,100,,55936,41,,,1,100,,55937,41,,,1,100,,55938,41,,,1,100,,55940,41,,,1,100,,55939,41,,,1,100,,55941,41,,,1,100,,55942,41,,,1,100,,55943,41,,,2
6601,'Dimanche-0-_26ÉTÉ-0000001-',705,,55945,41,,,1,100,,55949,41,,,1,100,,55950,41,,,1,100,,55951,41,,,2,100,,55953,41,,,1,100,,55944,41,,,1,100,,55952,41,,,1,100,,55946,41,,,1,100,,55947,41,,,2,100,,55948,41,,,1,100,,55957,41,,,1,100,,55959,41,,,1,100,,55955,41,,,1,100,,55956,41,,,1,100,,55954,41,,,1,100,,55958,41,,,1,100,,55960,41,,,1,100,,55961,41,,,2
6601,'Dimanche-10-_26ÉTÉ-0000001-',705,,55963,41,,,1,100,,55967,41,,,1,100,,55968,41,,,1,100,,55969,41,,,2,100,,55971,41,,,1,100,,55962,41,,,1,100,,55970,41,,,1,100,,55964,41,,,1,100,,55965,41,,,2,100,,55966,41,,,1,100,,55975,41,,,1,100,,55977,41,,,1,100,,55973,41,,,1,100,,55974,41,,,1,100,,55972,41,,,1,100,,55976,41,,,1,100,,55978,41,,,1,100,,55979,41,,,2
6601,'Dimanche-11-_26ÉTÉ-0000001-',705,,55981,41,,,1,100,,55985,41,,,1,100,,55986,41,,,1,100,,55987,41,,,2,100,,55989,41,,,1,100,,55980,41,,,1,100,,55988,41,,,1,100,,55982,41,,,1,100,,55983,41,,,2,100,,55984,41,,,1,100,,55993,41,,,1,100,,55995,41,,,1,100,,55991,41,,,1,100,,55992,41,,,1,100,,55990,41,,,1,100,,55994,41,,,1,100,,55996,41,,,1,100,,55997,41,,,2
6601,'Semaine-1-_26ÉTÉ-1111100-',556,,56007,41,,,2,60,,56000,41,,,2,20,,56009,41,,,2,16,,56015,41,,,1,60,,56010,41,,,2,20,,56001,41,,,2,20,,56013,41,,,2,60,,56006,41,,,2,20,,56022,41,,,1,20,,55999,41,,,2,60,,56012,41,,,2,20,,56023,41,,,2,20,,56031,41,,,2,102,,56011,41,,,1,100,,56003,41,,,2,100,,56027,41,,,1,100,,56028,41,,,2,101,,56014,41,,,2,63,,56002,41,,,2,19,,56019,41,,,2,17,,56016,41,,,1,61,,56029,41,,,2,20,,55998,41,,,1,20,,56024,41,,,2,60,,56017,41,,,2,21,,56030,41,,,2,19,,56020,41,,,1,60,,56025,41,,,2,20,,56018,41,,,1,20,,56026,41,,,2,57,,56032,41,,,1,100,,56005,41,,,1,100,,56004,41,,,1,95,,56008,41,,,1,100,,56021,41,,,1
6601,'Semaine-10-_26ÉTÉ-1111100-',556,,56042,41,,,2,60,,56035,41,,,2,20,,56044,41,,,2,16,,56050,41,,,1,60,,56045,41,,,2,20,,56036,41,,,2,20,,56048,41,,,2,60,,56041,41,,,2,20,,56057,41,,,1,20,,56034,41,,,2,60,,56047,41,,,2,20,,56058,41,,,2,20,,56066,41,,,2,102,,56046,41,,,1,100,,56038,41,,,2,100,,56062,41,,,1,100,,56063,41,,,2,101,,56049,41,,,2,63,,56037,41,,,2,19,,56054,41,,,2,17,,56051,41,,,1,61,,56064,41,,,2,20,,56033,41,,,1,20,,56059,41,,,2,60,,56052,41,,,2,21,,56065,41,,,2,19,,56055,41,,,1,60,,56060,41,,,2,20,,56053,41,,,1,20,,56061,41,,,2,57,,56067,41,,,1,100,,56040,41,,,1,100,,56039,41,,,1,95,,56043,41,,,1,100,,56056,41,,,1
6601,'Semaine-11-_26ÉTÉ-1111100-',556,,56077,41,,,2,60,,56070,41,,,2,20,,56079,41,,,2,16,,56085,41,,,1,60,,56080,41,,,2,20,,56071,41,,,2,20,,56083,41,,,2,60,,56076,41,,,2,20,,56092,41,,,1,20,,56069,41,,,2,60,,56082,41,,,2,20,,56093,41,,,2,20,,56101,41,,,2,102,,56081,41,,,1,100,,56073,41,,,2,100,,56097,41,,,1,100,,56098,41,,,2,101,,56084,41,,,2,63,,56072,41,,,2,19,,56089,41,,,2,17,,56086,41,,,1,61,,56099,41,,,2,20,,56068,41,,,1,20,,56094,41,,,2,60,,56087,41,,,2,21,,56100,41,,,2,19,,56090,41,,,1,60,,56095,41,,,2,20,,56088,41,,,1,20,,56096,41,,,2,57,,56102,41,,,1,100,,56075,41,,,1,100,,56074,41,,,1,95,,56078,41,,,1,100,,56091,41,,,1
6601,'Semaine-12-_26ÉTÉ-1111100-',556,,56112,41,,,2,60,,56105,41,,,2,20,,56114,41,,,2,16,,56120,41,,,1,60,,56115,41,,,2,20,,56106,41,,,2,20,,56118,41,,,2,60,,56111,41,,,2,20,,56127,41,,,1,20,,56104,41,,,2,60,,56117,41,,,2,20,,56128,41,,,2,20,,56136,41,,,2,102,,56116,41,,,1,100,,56108,41,,,2,100,,56132,41,,,1,100,,56133,41,,,2,101,,56119,41,,,2,63,,56107,41,,,2,19,,56124,41,,,2,17,,56121,41,,,1,61,,56134,41,,,2,20,,56103,41,,,1,20,,56129,41,,,2,60,,56122,41,,,2,21,,56135,41,,,2,19,,56125,41,,,1,60,,56130,41,,,2,20,,56123,41,,,1,20,,56131,41,,,2,57,,56137,41,,,1,100,,56110,41,,,1,100,,56109,41,,,1,95,,56113,41,,,1,100,,56126,41,,,1
6601,'Semaine-5-_26ÉTÉ-1111100-',556,,56147,41,,,2,60,,56140,41,,,2,20,,56149,41,,,2,16,,56155,41,,,1,60,,56150,41,,,2,20,,56141,41,,,2,20,,56153,41,,,2,60,,56146,41,,,2,20,,56162,41,,,1,20,,56139,41,,,2,60,,56152,41,,,2,20,,56163,41,,,2,20,,56171,41,,,2,102,,56151,41,,,1,100,,56143,41,,,2,100,,56167,41,,,1,100,,56168,41,,,2,101,,56154,41,,,2,63,,56142,41,,,2,19,,56159,41,,,2,17,,56156,41,,,1,61,,56169,41,,,2,20,,56138,41,,,1,20,,56164,41,,,2,60,,56157,41,,,2,21,,56170,41,,,2,19,,56160,41,,,1,60,,56165,41,,,2,20,,56158,41,,,1,20,,56166,41,,,2,57,,56172,41,,,1,100,,56145,41,,,1,100,,56144,41,,,1,95,,56148,41,,,1,100,,56161,41,,,1
