4200,'Semaine-3',619,,26148,6,,,1,101,,26149,6,,,1,902,,26150,6,,,1,100,,26151,6,,,1
5201,'Samedi-11',709,,26428,59,,,2,100,,26429,59,,,1,100,,26430,59,,,2,100,,26431,59,,,1,102,,26433,59,,,1,100,,26432,59,,,1,100,,26434,59,,,1,100,,26435,59,,,1,101,,26436,59,,,1,99,,26437,59,,,1,100,,26438,59,,,1,100,,26439,59,,,1,99,,26442,59,,,1,100,,26440,59,,,1,96,,26444,59,,,2,101,,26441,59,,,1,100,,26443,59,,,1,100,,26445,59,,,1
5201,'Samedi-2',709,,26446,59,,,2,100,,26447,59,,,1,100,,26448,59,,,2,100,,26449,59,,,1,102,,26451,59,,,1,100,,26450,59,,,1,100,,26452,59,,,1,100,,26453,59,,,1,101,,26454,59,,,1,99,,26455,59,,,1,100,,26456,59,,,1,100,,26457,59,,,1,99,,26460,59,,,1,100,,26458,59,,,1,96,,26462,59,,,2,101,,26459,59,,,1,100,,26461,59,,,1,100,,26463,59,,,1
5201,'Dimanche-2',709,,26464,59,,,2,100,,26465,59,,,1,100,,26466,59,,,2,100,,26467,59,,,1,102,,26472,59,,,1,100,,26468,59,,,1,100,,26469,59,,,1,100,,26473,59,,,1,101,,26470,59,,,1,99,,26471,59,,,1,100,,26474,59,,,1,100,,26477,59,,,1,99,,26475,59,,,1,100,,26481,59,,,1,96,,26476,59,,,2,101,,26478,59,,,1,100,,26479,59,,,1,100,,26480,59,,,1
5201,'Semaine-3',641,,26497,59,,,1,104,,26499,59,,,1,100,,26498,59,,,2,99,,26482,59,,,1,101,,26488,59,,,2,100,,26485,59,,,1,102,,26492,59,,,2,98,,26483,59,,,1,100,,26487,59,,,1,101,,26486,59,,,1,102,,26496,59,,,1,98,,26495,59,,,1,98,,26489,59,,,1,96,,26490,59,,,1,100,,26494,59,,,2,100,,26491,59,,,1,100,,26493,59,,,1,100,,26484,59,,,1
44900,'Semaine-3',708,,30082,6,0,9 14,1
55400,'Semaine-3',654,,30092,7,0,5 6,1
55401,'Semaine-3',1601,,30094,34,0,5 6,2
65401,'Semaine-3',714,,30117,10,0,9 10,1
75401,'Semaine-3',716,,30135,10,0,9 18,1
