6601,'Samedi-3',652,,32817,17,,,1,100,,32819,17,,,1,100,,32823,17,,,1,100,,32820,17,,,2,100,,32824,17,,,1,100,,32818,17,,,1,100,,32821,17,,,1,100,,32822,17,,,1,100,,32825,17,,,2,100,,32826,17,,,1,100,,32827,17,,,1,100,,32828,17,,,1,100,,32829,17,,,1,100,,32831,17,,,1,100,,32830,17,,,1,100,,32832,17,,,1,100,,32833,17,,,1,100,,32834,17,,,2
6601,'Samedi-4',652,,36930,17,,,1,100,,36932,17,,,1,100,,36936,17,,,1,100,,36933,17,,,2,100,,36937,17,,,1,100,,36931,17,,,1,100,,36934,17,,,1,100,,36935,17,,,1,100,,36938,17,,,2,100,,36939,17,,,1,100,,36940,17,,,1,100,,36941,17,,,1,100,,36942,17,,,1,100,,36944,17,,,1,100,,36943,17,,,1,100,,36945,17,,,1,100,,36946,17,,,1,100,,36947,17,,,2
6601,'Dimanche-3',652,,32836,17,,,1,100,,32840,17,,,1,100,,32841,17,,,1,100,,32842,17,,,2,100,,32844,17,,,1,100,,32835,17,,,1,100,,32843,17,,,1,100,,32837,17,,,1,100,,32838,17,,,2,100,,32839,17,,,1,100,,32848,17,,,1,100,,32850,17,,,1,100,,32846,17,,,1,100,,32847,17,,,1,100,,32845,17,,,1,100,,32849,17,,,1,100,,32851,17,,,1,100,,32852,17,,,2
6601,'Semaine-4',542,,32862,17,,,1,60,,32855,17,,,1,20,,32864,17,,,2,18,,32870,17,,,1,60,,32865,17,,,1,20,,32856,17,,,1,22,,32868,17,,,1,60,,32861,17,,,1,18,,32877,17,,,2,20,,32854,17,,,1,60,,32867,17,,,1,18,,32878,17,,,1,19,,32886,17,,,1,103,,32866,17,,,1,99,,32858,17,,,1,101,,32882,17,,,1,98,,32883,17,,,1,101,,32869,17,,,1,65,,32857,17,,,1,19,,32874,17,,,1,18,,32871,17,,,1,63,,32884,17,,,1,18,,32853,17,,,1,20,,32879,17,,,1,62,,32872,17,,,1,18,,32885,17,,,2,20,,32875,17,,,1,62,,32880,17,,,1,17,,32873,17,,,2,22,,32881,17,,,1,59,,32887,17,,,1,52,,32860,17,,,1,100,,32859,17,,,1,98,,32863,17,,,1,100,,32876,17,,,1
6601,'Samedi-10-_26ÉTÉ-0000010-',652,,43162,17,,,1,100,,43164,17,,,1,100,,43168,17,,,1,100,,43165,17,,,2,100,,43169,17,,,1,100,,43163,17,,,1,100,,43166,17,,,1,100,,43167,17,,,1,100,,43170,17,,,2,100,,43171,17,,,1,100,,43172,17,,,1,100,,43173,17,,,1,100,,43174,17,,,1,100,,43176,17,,,1,100,,43175,17,,,1,100,,43177,17,,,1,100,,43178,17,,,1,100,,43179,17,,,2
6601,'Semaine-2-_26ÉTÉ-1111100-',542,,43189,17,,,2,60,,43182,17,,,2,20,,43191,17,,,2,16,,43197,17,,,1,20,,43192,17,,,2,60,,43183,17,,,2,20,,43195,17,,,2,20,,43188,17,,,2,60,,43204,17,,,1,20,,43181,17,,,2,20,,43194,17,,,2,60,,43205,17,,,2,20,,43213,17,,,2,102,,43193,17,,,1,100,,43185,17,,,2,100,,43209,17,,,1,100,,43210,17,,,2,101,,43196,17,,,2,63,,43184,17,,,2,19,,43201,17,,,2,17,,43198,17,,,1,61,,43211,17,,,2,20,,43180,17,,,1,20,,43206,17,,,2,60,,43199,17,,,2,21,,43212,17,,,2,19,,43202,17,,,1,60,,43207,17,,,2,20,,43200,17,,,1,20,,43208,17,,,2,18,,43214,17,,,1,100,,43187,17,,,1,100,,43186,17,,,1,95,,43190,17,,,1,100,,43203,17,,,1
6601,'Semaine-3-_26ÉTÉ-1111100-',542,,43224,17,,,2,60,,43217,17,,,2,20,,43226,17,,,2,16,,43232,17,,,1,20,,43227,17,,,2,60,,43218,17,,,2,20,,43230,17,,,2,20,,43223,17,,,2,60,,43239,17,,,1,20,,43216,17,,,2,20,,43229,17,,,2,60,,43240,17,,,2,20,,43248,17,,,2,102,,43228,17,,,1,100,,43220,17,,,2,100,,43244,17,,,1,100,,43245,17,,,2,101,,43231,17,,,2,63,,43219,17,,,2,19,,43236,17,,,2,17,,43233,17,,,1,61,,43246,17,,,2,20,,43215,17,,,1,20,,43241,17,,,2,60,,43234,17,,,2,21,,43247,17,,,2,19,,43237,17,,,1,60,,43242,17,,,2,20,,43235,17,,,1,20,,43243,17,,,2,18,,43249,17,,,1,100,,43222,17,,,1,100,,43221,17,,,1,95,,43225,17,,,1,100,,43238,17,,,1
6601,'Semaine-4-_26ÉTÉ-1111100-',542,,43259,17,,,2,60,,43252,17,,,2,20,,43261,17,,,2,16,,43267,17,,,1,20,,43262,17,,,2,60,,43253,17,,,2,20,,43265,17,,,2,20,,43258,17,,,2,60,,43274,17,,,1,20,,43251,17,,,2,20,,43264,17,,,2,60,,43275,17,,,2,20,,43283,17,,,2,102,,43263,17,,,1,100,,43255,17,,,2,100,,43279,17,,,1,100,,43280,17,,,2,101,,43266,17,,,2,63,,43254,17,,,2,19,,43271,17,,,2,17,,43268,17,,,1,61,,43281,17,,,2,20,,43250,17,,,1,20,,43276,17,,,2,60,,43269,17,,,2,21,,43282,17,,,2,19,,43272,17,,,1,60,,43277,17,,,2,20,,43270,17,,,1,20,,43278,17,,,2,18,,43284,17,,,1,100,,43257,17,,,1,100,,43256,17,,,1,95,,43260,17,,,1,100,,43273,17,,,1
56601,'Semaine-4',649,,34826,6,0,5 6,1
56601,'Semaine-2-_26ÉTÉ-1111100-',649,,46767,6,0,5 6,1
56601,'Semaine-3-_26ÉTÉ-1111100-',649,,46768,6,0,5 6,1
56601,'Semaine-4-_26ÉTÉ-1111100-',649,,46769,6,0,5 6,1
