2300,'Semaine-4',1602,,30355,29,,,1,30,,30353,29,,,1,70,,30351,29,,,2,29,,30352,29,,,1,23,,30354,29,,,1,68,,30350,29,,,1
2300,'Semaine-5',1602,,35051,29,,,1,30,,35049,29,,,1,70,,35047,29,,,2,29,,35048,29,,,1,23,,35050,29,,,1,68,,35046,29,,,1
2500,'Semaine-4',1544,,30361,28,,,1,70,,30364,28,,,1,32,,30362,28,,,1,71,,30366,28,,,1,27,,30363,28,,,1,64,,30365,28,,,1
2500,'Semaine-5',1544,,35057,28,,,1,70,,35060,28,,,1,32,,35058,28,,,1,71,,35062,28,,,1,27,,35059,28,,,1,64,,35061,28,,,1
2800,'Semaine-4',1615,,30392,38,,,2,39,,30393,38,,,1,93,,30394,38,,,2
2800,'Semaine-5',1615,,35088,38,,,2,39,,35089,38,,,1,93,,35090,38,,,2
3200,'Semaine-4',646,,30614,32,,,1,70,,30613,32,,,1,30,,30609,32,,,1,72,,30611,32,,,1,29,,30610,32,,,1,70,,30612,32,,,1,30,,30585,32,,,1,70,,30580,32,,,2,30,,30581,32,,,2,70,,30592,32,,,1,30,,30586,32,,,1,68,,30572,32,,,1,31,,30573,32,,,1,71,,30584,32,,,1,30,,30587,32,,,1,69,,30593,32,,,1,31,,30574,32,,,1,70,,30619,32,,,1,17,,30571,32,,,2,10,,30601,32,,,1,12,,30591,32,,,1,50,,30597,32,,,1,10,,30598,32,,,1,10,,30616,32,,,1,10,,30617,32,,,1,10,,30618,32,,,1,10,,30615,32,,,2,50,,30588,32,,,2,10,,30599,32,,,1,10,,30607,32,,,1,10,,30600,32,,,2,9,,30577,32,,,2,9,,30608,32,,,2,51,,30594,32,,,1,10,,30596,32,,,2,10,,30595,32,,,2,19,,30589,32,,,1,65,,30583,32,,,1,30,,30578,32,,,2,70,,30575,32,,,1,30,,30590,32,,,1,68,,30582,32,,,1,32,,30579,32,,,2,70,,30576,32,,,1,30,,30602,32,,,1,70,,30603,32,,,1,25,,30604,32,,,2,70,,30605,32,,,1,30,,30606,32,,,1
3200,'Semaine-5',646,,35273,32,,,1,70,,35272,32,,,1,30,,35268,32,,,1,72,,35270,32,,,1,29,,35269,32,,,1,70,,35271,32,,,1,30,,35244,32,,,1,70,,35239,32,,,2,30,,35240,32,,,2,70,,35251,32,,,1,30,,35245,32,,,1,68,,35231,32,,,1,31,,35232,32,,,1,71,,35243,32,,,1,30,,35246,32,,,1,69,,35252,32,,,1,31,,35233,32,,,1,70,,35278,32,,,1,17,,35230,32,,,2,10,,35260,32,,,1,12,,35250,32,,,1,50,,35256,32,,,1,10,,35257,32,,,1,10,,35275,32,,,1,10,,35276,32,,,1,10,,35277,32,,,1,10,,35274,32,,,2,50,,35247,32,,,2,10,,35258,32,,,1,10,,35266,32,,,1,10,,35259,32,,,2,9,,35236,32,,,2,9,,35267,32,,,2,51,,35253,32,,,1,10,,35255,32,,,2,10,,35254,32,,,2,19,,35248,32,,,1,65,,35242,32,,,1,30,,35237,32,,,2,70,,35234,32,,,1,30,,35249,32,,,1,68,,35241,32,,,1,32,,35238,32,,,2,70,,35235,32,,,1,30,,35261,32,,,1,70,,35262,32,,,1,25,,35263,32,,,2,70,,35264,32,,,1,30,,35265,32,,,1
3400,'Samedi-3',754,,30828,46,,,1,104,,30833,46,,,1,70,,30829,46,,,2,31,,30835,46,,,1,70,,30836,46,,,1,71,,30830,46,,,1,30,,30831,46,,,1,70,,30832,46,,,1,30,,30834,46,,,2,72,,30837,46,,,1,30,,30839,46,,,1,71,,30838,46,,,2,30,,30840,46,,,1,70,,30841,46,,,1,30,,30842,46,,,1,69,,30843,46,,,1,30,,30844,46,,,1,71,,30845,46,,,1,30,,30846,46,,,1,70,,30847,46,,,1,30,,30848,46,,,1,68,,30849,46,,,1,28,,30850,46,,,2,30,,30851,46,,,1,70,,30852,46,,,1,30,,30853,46,,,1,70,,30854,46,,,1,30,,30855,46,,,1,70,,30856,46,,,1,29,,30858,46,,,1,71,,30857,46,,,1,29,,30860,46,,,1,70,,30859,46,,,1,26,,30861,46,,,1
3400,'Samedi-4',754,,35451,46,,,1,104,,35456,46,,,1,70,,35452,46,,,2,31,,35458,46,,,1,70,,35459,46,,,1,71,,35453,46,,,1,30,,35454,46,,,1,70,,35455,46,,,1,30,,35457,46,,,2,72,,35460,46,,,1,30,,35462,46,,,1,71,,35461,46,,,2,30,,35463,46,,,1,70,,35464,46,,,1,30,,35465,46,,,1,69,,35466,46,,,1,30,,35467,46,,,1,71,,35468,46,,,1,30,,35469,46,,,1,70,,35470,46,,,1,30,,35471,46,,,1,68,,35472,46,,,1,28,,35473,46,,,2,30,,35474,46,,,1,70,,35475,46,,,1,30,,35476,46,,,1,70,,35477,46,,,1,30,,35478,46,,,1,70,,35479,46,,,1,29,,35481,46,,,1,71,,35480,46,,,1,29,,35483,46,,,1,70,,35482,46,,,1,26,,35484,46,,,1
3400,'Dimanche-3',754,,30866,46,,,1,104,,30870,46,,,1,70,,30868,46,,,2,31,,30863,46,,,1,70,,30871,46,,,1,71,,30874,46,,,1,30,,30873,46,,,1,70,,30862,46,,,1,30,,30864,46,,,2,72,,30875,46,,,1,30,,30865,46,,,1,71,,30867,46,,,2,30,,30869,46,,,1,70,,30878,46,,,1,30,,30872,46,,,1,69,,30876,46,,,1,30,,30879,46,,,1,71,,30883,46,,,1,30,,30888,46,,,1,70,,30880,46,,,1,30,,30881,46,,,1,68,,30891,46,,,1,28,,30882,46,,,2,30,,30887,46,,,1,70,,30877,46,,,1,30,,30884,46,,,1,70,,30886,46,,,1,30,,30889,46,,,1,70,,30895,46,,,1,29,,30890,46,,,1,71,,30892,46,,,1,29,,30885,46,,,1,70,,30893,46,,,1,26,,30894,46,,,1
3400,'Semaine-4',636,,30926,46,,,1,69,,30911,46,,,1,33,,30905,46,,,1,77,,30909,46,,,1,27,,30900,46,,,1,69,,30920,46,,,1,30,,30906,46,,,1,67,,30896,46,,,1,30,,30901,46,,,1,70,,30902,46,,,1,30,,30907,46,,,1,70,,30897,46,,,1,31,,30927,46,,,1,70,,30903,46,,,1,30,,30908,46,,,1,70,,30898,46,,,1,33,,30924,46,,,1,70,,30899,46,,,1,26,,30925,46,,,2,305,,30923,46,,,2,60,,30912,46,,,1,27,,30904,46,,,1,70,,30916,46,,,1,30,,30922,46,,,1,70,,30913,46,,,2,29,,30915,46,,,1,30,,30917,46,,,1,70,,30910,46,,,1,30,,30919,46,,,1,69,,30914,46,,,1,28,,30918,46,,,1,70,,30921,46,,,1
3400,'Semaine-5',636,,35515,46,,,1,69,,35500,46,,,1,33,,35494,46,,,1,77,,35498,46,,,1,27,,35489,46,,,1,69,,35509,46,,,1,30,,35495,46,,,1,67,,35485,46,,,1,30,,35490,46,,,1,70,,35491,46,,,1,30,,35496,46,,,1,70,,35486,46,,,1,31,,35516,46,,,1,70,,35492,46,,,1,30,,35497,46,,,1,70,,35487,46,,,1,33,,35513,46,,,1,70,,35488,46,,,1,26,,35514,46,,,2,305,,35512,46,,,2,60,,35501,46,,,1,27,,35493,46,,,1,70,,35505,46,,,1,30,,35511,46,,,1,70,,35502,46,,,2,29,,35504,46,,,1,30,,35506,46,,,1,70,,35499,46,,,1,30,,35508,46,,,1,69,,35503,46,,,1,28,,35507,46,,,1,70,,35510,46,,,1
4901,'Samedi-3',730,,31736,26,,,1,100,,31735,26,,,1,100,,31737,26,,,1,100,,31733,26,,,1,100,,31738,26,,,1,101,,31734,26,,,1,98,,31739,26,,,1,103,,31740,26,,,1,99,,31741,26,,,1,100,,31742,26,,,1,100,,31743,26,,,1,97,,31744,26,,,1,102,,31745,26,,,1,100,,31746,26,,,1,100,,31747,26,,,1,100,,31748,26,,,1,99,,31749,26,,,1
4901,'Samedi-4',730,,36127,26,,,1,100,,36126,26,,,1,100,,36128,26,,,1,100,,36124,26,,,1,100,,36129,26,,,1,101,,36125,26,,,1,98,,36130,26,,,1,103,,36131,26,,,1,99,,36132,26,,,1,100,,36133,26,,,1,100,,36134,26,,,1,97,,36135,26,,,1,102,,36136,26,,,1,100,,36137,26,,,1,100,,36138,26,,,1,100,,36139,26,,,1,99,,36140,26,,,1
4901,'Dimanche-3',730,,31754,26,,,1,100,,31750,26,,,1,100,,31753,26,,,1,100,,31755,26,,,1,100,,31752,26,,,1,101,,31751,26,,,1,98,,31757,26,,,1,103,,31758,26,,,1,99,,31756,26,,,1,100,,31762,26,,,1,100,,31766,26,,,1,97,,31759,26,,,1,102,,31760,26,,,1,100,,31761,26,,,1,99,,31763,26,,,1,101,,31764,26,,,1,99,,31765,26,,,1
4901,'Semaine-4',613,,31773,26,,,1,88,,31778,26,,,1,31,,31794,26,,,1,73,,31790,26,,,1,26,,31788,26,,,1,69,,31798,26,,,1,29,,31780,26,,,1,30,,31796,26,,,1,68,,31792,26,,,1,32,,31767,26,,,1,70,,31789,26,,,1,30,,31768,26,,,1,72,,31774,26,,,1,28,,31776,26,,,1,70,,31781,26,,,1,28,,31797,26,,,1,72,,31779,26,,,1,72,,31799,26,,,1,22,,31795,26,,,1,11,,31782,26,,,1,16,,31769,26,,,1,54,,31785,26,,,1,30,,31775,26,,,1,67,,31777,26,,,1,29,,31793,26,,,1,29,,31787,26,,,1,71,,31791,26,,,1,93,,31770,26,,,1,80,,31786,26,,,1,100,,31784,26,,,1,100,,31771,26,,,1,103,,31783,26,,,1,94,,31772,26,,,1
4901,'Semaine-5',613,,36147,26,,,1,88,,36152,26,,,1,31,,36168,26,,,1,73,,36164,26,,,1,26,,36162,26,,,1,69,,36172,26,,,1,29,,36154,26,,,1,30,,36170,26,,,1,68,,36166,26,,,1,32,,36141,26,,,1,70,,36163,26,,,1,30,,36142,26,,,1,72,,36148,26,,,1,28,,36150,26,,,1,70,,36155,26,,,1,28,,36171,26,,,1,72,,36153,26,,,1,72,,36173,26,,,1,22,,36169,26,,,1,11,,36156,26,,,1,16,,36143,26,,,1,54,,36159,26,,,1,30,,36149,26,,,1,67,,36151,26,,,1,29,,36167,26,,,1,29,,36161,26,,,1,71,,36165,26,,,1,93,,36144,26,,,1,80,,36160,26,,,1,100,,36158,26,,,1,100,,36145,26,,,1,103,,36157,26,,,1,94,,36146,26,,,1
32500,'Semaine-4',1643,,34184,36,0,7 8,1
32500,'Semaine-5',1643,,38015,36,0,7 8,1
32600,'Semaine-4',1646,,34187,42,0,7 8,1
32600,'Semaine-5',1646,,38018,42,0,7 8,1
42501,'Semaine-4',1514,,34794,22,0,9 14,1
42501,'Semaine-5',1514,,38445,22,0,9 14,1
44901,'Semaine-4',1513,,34813,18,0,9 14,1
44901,'Semaine-5',1513,,38464,18,0,9 14,1
54901,'Semaine-4',1534,,34815,19,,,1
54901,'Semaine-5',1534,,38466,19,,,1
73400,'Semaine-4',1650,,34853,40,0,5 11,1
73400,'Semaine-5',1650,,38504,40,0,5 11,1
82500,'Semaine-4',1544,,35006,20,0,9 12 13,1
82500,'Semaine-5',1544,,38625,20,0,9 12 13,1
82600,'Semaine-4',1548,,35011,32,0,9 12 13,1
82600,'Semaine-5',1548,,38630,32,0,9 12 13,1
