1801,'Semaine-1-_26ÉTÉ-1111100-',623,,47100,8,,,1,86,,47102,8,,,1,45,,47101,8,,,2
1801,'Semaine-10-_26ÉTÉ-1111100-',623,,47103,8,,,1,86,,47105,8,,,1,45,,47104,8,,,2
1801,'Semaine-11-_26ÉTÉ-1111100-',623,,47106,8,,,1,86,,47108,8,,,1,45,,47107,8,,,2
1801,'Semaine-12-_26ÉTÉ-1111100-',623,,47109,8,,,1,86,,47111,8,,,1,45,,47110,8,,,2
1801,'Semaine-5-_26ÉTÉ-1111100-',623,,47112,8,,,1,86,,47114,8,,,1,45,,47113,8,,,2
9301,'Semaine-1-_26ÉTÉ-1111100-',639,,60130,46,,,1,20,,60128,46,,,1,62,,60127,46,,,1,34,,60131,46,,,2,70,,60129,46,,,1
9301,'Semaine-10-_26ÉTÉ-1111100-',639,,60135,46,,,1,20,,60133,46,,,1,62,,60132,46,,,1,34,,60136,46,,,2,70,,60134,46,,,1
9301,'Semaine-11-_26ÉTÉ-1111100-',639,,60140,46,,,1,20,,60138,46,,,1,62,,60137,46,,,1,34,,60141,46,,,2,70,,60139,46,,,1
9301,'Semaine-12-_26ÉTÉ-1111100-',639,,60145,46,,,1,20,,60143,46,,,1,62,,60142,46,,,1,34,,60146,46,,,2,70,,60144,46,,,1
9301,'Semaine-5-_26ÉTÉ-1111100-',639,,60150,46,,,1,20,,60148,46,,,1,62,,60147,46,,,1,34,,60151,46,,,2,70,,60149,46,,,1
9501,'Semaine-1-_26ÉTÉ-1111100-',631,,60211,59,,,1,15,,60207,59,,,1,57,,60209,59,,,1,16,,60214,59,,,2,18,,60210,59,,,2,16,,60212,59,,,2,57,,60213,59,,,1,13,,60208,59,,,2
9501,'Semaine-10-_26ÉTÉ-1111100-',631,,60219,59,,,1,15,,60215,59,,,1,57,,60217,59,,,1,16,,60222,59,,,2,18,,60218,59,,,2,16,,60220,59,,,2,57,,60221,59,,,1,13,,60216,59,,,2
9501,'Semaine-11-_26ÉTÉ-1111100-',631,,60227,59,,,1,15,,60223,59,,,1,57,,60225,59,,,1,16,,60230,59,,,2,18,,60226,59,,,2,16,,60228,59,,,2,57,,60229,59,,,1,13,,60224,59,,,2
9501,'Semaine-12-_26ÉTÉ-1111100-',631,,60235,59,,,1,15,,60231,59,,,1,57,,60233,59,,,1,16,,60238,59,,,2,18,,60234,59,,,2,16,,60236,59,,,2,57,,60237,59,,,1,13,,60232,59,,,2
9501,'Semaine-5-_26ÉTÉ-1111100-',631,,60243,59,,,1,15,,60239,59,,,1,57,,60241,59,,,1,16,,60246,59,,,2,18,,60242,59,,,2,16,,60244,59,,,2,57,,60245,59,,,1,13,,60240,59,,,2
10001,'Semaine-1-_26ÉTÉ-1111100-',624,,60663,8,,,1,10,,60661,8,,,1,10,,60660,8,,,1,10,,60659,8,,,1,50,,60662,8,,,1,10,,60664,8,,,1,10,,60665,8,,,1,10,,60666,8,,,1,10,,60667,8,,,1,10,,60668,8,,,1,49,,60669,8,,,1,10,,60670,8,,,1,10,,60671,8,,,1,10,,60672,8,,,1,10,,60673,8,,,1
10001,'Semaine-10-_26ÉTÉ-1111100-',624,,60678,8,,,1,10,,60676,8,,,1,10,,60675,8,,,1,10,,60674,8,,,1,50,,60677,8,,,1,10,,60679,8,,,1,10,,60680,8,,,1,10,,60681,8,,,1,10,,60682,8,,,1,10,,60683,8,,,1,49,,60684,8,,,1,10,,60685,8,,,1,10,,60686,8,,,1,10,,60687,8,,,1,10,,60688,8,,,1
10001,'Semaine-11-_26ÉTÉ-1111100-',624,,60693,8,,,1,10,,60691,8,,,1,10,,60690,8,,,1,10,,60689,8,,,1,50,,60692,8,,,1,10,,60694,8,,,1,10,,60695,8,,,1,10,,60696,8,,,1,10,,60697,8,,,1,10,,60698,8,,,1,49,,60699,8,,,1,10,,60700,8,,,1,10,,60701,8,,,1,10,,60702,8,,,1,10,,60703,8,,,1
10001,'Semaine-12-_26ÉTÉ-1111100-',624,,60708,8,,,1,10,,60706,8,,,1,10,,60705,8,,,1,10,,60704,8,,,1,50,,60707,8,,,1,10,,60709,8,,,1,10,,60710,8,,,1,10,,60711,8,,,1,10,,60712,8,,,1,10,,60713,8,,,1,49,,60714,8,,,1,10,,60715,8,,,1,10,,60716,8,,,1,10,,60717,8,,,1,10,,60718,8,,,1
10001,'Semaine-5-_26ÉTÉ-1111100-',624,,60723,8,,,1,10,,60721,8,,,1,10,,60720,8,,,1,10,,60719,8,,,1,50,,60722,8,,,1,10,,60724,8,,,1,10,,60725,8,,,1,10,,60726,8,,,1,10,,60727,8,,,1,10,,60728,8,,,1,49,,60729,8,,,1,10,,60730,8,,,1,10,,60731,8,,,1,10,,60732,8,,,1,10,,60733,8,,,1
20001,'Semaine-1-_26ÉTÉ-1111100-',624,,60885,6,,,1,6,,60886,8,,,1,6,,60887,6,,,1,5,,60888,8,,,1,5,,60889,6,,,1,6,,60911,8,,,1,6,,60890,6,,,1,46,,60891,8,,,1,6,,60908,6,,,1,6,,60892,8,,,1,5,,60907,6,,,1,4,,60894,8,,,1,4,,60903,6,,,1,3,,60893,6,,,1,3,,60884,8,,,1,4,,60910,6,,,1,3,,60899,6,,,1,3,,60895,8,,,1,4,,60897,6,,,1,3,,60909,6,,,1,3,,60896,8,,,1,46,,60900,6,,,1,5,,60898,8,,,1,4,,60902,6,,,1,5,,60901,8,,,1,6,,60912,6,,,1,6,,60904,8,,,1,6,,60905,6,,,1,5,,60906,8,,,1,7,,60913,6,,,1
20001,'Semaine-10-_26ÉTÉ-1111100-',624,,60915,6,,,1,6,,60916,8,,,1,6,,60917,6,,,1,5,,60918,8,,,1,5,,60919,6,,,1,6,,60941,8,,,1,6,,60920,6,,,1,46,,60921,8,,,1,6,,60938,6,,,1,6,,60922,8,,,1,5,,60937,6,,,1,4,,60924,8,,,1,4,,60933,6,,,1,3,,60923,6,,,1,3,,60914,8,,,1,4,,60940,6,,,1,3,,60929,6,,,1,3,,60925,8,,,1,4,,60927,6,,,1,3,,60939,6,,,1,3,,60926,8,,,1,46,,60930,6,,,1,5,,60928,8,,,1,4,,60932,6,,,1,5,,60931,8,,,1,6,,60942,6,,,1,6,,60934,8,,,1,6,,60935,6,,,1,5,,60936,8,,,1,7,,60943,6,,,1
20001,'Semaine-11-_26ÉTÉ-1111100-',624,,60945,6,,,1,6,,60946,8,,,1,6,,60947,6,,,1,5,,60948,8,,,1,5,,60949,6,,,1,6,,60971,8,,,1,6,,60950,6,,,1,46,,60951,8,,,1,6,,60968,6,,,1,6,,60952,8,,,1,5,,60967,6,,,1,4,,60954,8,,,1,4,,60963,6,,,1,3,,60953,6,,,1,3,,60944,8,,,1,4,,60970,6,,,1,3,,60959,6,,,1,3,,60955,8,,,1,4,,60957,6,,,1,3,,60969,6,,,1,3,,60956,8,,,1,46,,60960,6,,,1,5,,60958,8,,,1,4,,60962,6,,,1,5,,60961,8,,,1,6,,60972,6,,,1,6,,60964,8,,,1,6,,60965,6,,,1,5,,60966,8,,,1,7,,60973,6,,,1
20001,'Semaine-12-_26ÉTÉ-1111100-',624,,60975,6,,,1,6,,60976,8,,,1,6,,60977,6,,,1,5,,60978,8,,,1,5,,60979,6,,,1,6,,61001,8,,,1,6,,60980,6,,,1,46,,60981,8,,,1,6,,60998,6,,,1,6,,60982,8,,,1,5,,60997,6,,,1,4,,60984,8,,,1,4,,60993,6,,,1,3,,60983,6,,,1,3,,60974,8,,,1,4,,61000,6,,,1,3,,60989,6,,,1,3,,60985,8,,,1,4,,60987,6,,,1,3,,60999,6,,,1,3,,60986,8,,,1,46,,60990,6,,,1,5,,60988,8,,,1,4,,60992,6,,,1,5,,60991,8,,,1,6,,61002,6,,,1,6,,60994,8,,,1,6,,60995,6,,,1,5,,60996,8,,,1,7,,61003,6,,,1
20001,'Semaine-5-_26ÉTÉ-1111100-',624,,61005,6,,,1,6,,61006,8,,,1,6,,61007,6,,,1,5,,61008,8,,,1,5,,61009,6,,,1,6,,61031,8,,,1,6,,61010,6,,,1,46,,61011,8,,,1,6,,61028,6,,,1,6,,61012,8,,,1,5,,61027,6,,,1,4,,61014,8,,,1,4,,61023,6,,,1,3,,61013,6,,,1,3,,61004,8,,,1,4,,61030,6,,,1,3,,61019,6,,,1,3,,61015,8,,,1,4,,61017,6,,,1,3,,61029,6,,,1,3,,61016,8,,,1,46,,61020,6,,,1,5,,61018,8,,,1,4,,61022,6,,,1,5,,61021,8,,,1,6,,61032,6,,,1,6,,61024,8,,,1,6,,61025,6,,,1,5,,61026,8,,,1,7,,61033,6,,,1
40001,'Samedi-0-_26ÉTÉ-0000010-',634,,62188,8,,,1,15,,62191,8,,,1,55,,62193,8,,,1,15,,62189,8,,,1,15,,62190,8,,,1,15,,62192,8,,,1,56,,62198,8,,,1,15,,62205,8,,,1,15,,62196,8,,,1,14,,62216,8,,,1,55,,62194,8,,,1,14,,62195,8,,,1,15,,62204,8,,,1,16,,62197,8,,,1,55,,62199,8,,,1,15,,62207,8,,,1,15,,62208,8,,,1,15,,62209,8,,,1,55,,62215,8,,,1,16,,62214,8,,,1,15,,62218,8,,,1,15,,62201,8,,,1,53,,62200,8,,,1,15,,62203,8,,,1,15,,62206,8,,,1,15,,62202,8,,,1,55,,62211,8,,,1,15,,62213,8,,,1,16,,62219,8,,,1,15,,62210,8,,,1,55,,62212,8,,,1,15,,62217,8,,,1,15,,62220,8,,,1,15,,62221,8,,,1,55,,62222,8,,,1,15,,62223,8,,,1,15,,62224,8,,,1,15,,62225,8,,,1,55,,62226,8,,,1,15,,62227,8,,,1,15,,62228,8,,,1,15,,62229,8,,,1,55,,62230,8,,,1,15,,62231,8,,,1,15,,62232,8,,,1,15,,62233,8,,,1,55,,62234,8,,,1,16,,62237,8,,,1,18,,62235,8,,,1,14,,62236,8,,,1,52,,62239,8,,,1,16,,62238,8,,,1,14,,62243,8,,,1,16,,62241,8,,,1,55,,62242,8,,,1,15,,62240,8,,,1,15,,62244,8,,,1,15,,62246,8,,,1,55,,62247,8,,,1,15,,62248,8,,,1,15,,62245,8,,,1,16,,62251,8,,,1,53,,62250,8,,,1,15,,62249,8,,,1,15,,62252,8,,,1,15,,62253,8,,,1,55,,62254,8,,,1,15,,62255,8,,,1,15,,62257,8,,,1,14,,62256,8,,,1,56,,62259,8,,,1,15,,62258,8,,,1,15,,62260,8,,,1
40001,'Dimanche-0-_26ÉTÉ-0000001-',634,,62261,8,,,1,15,,62264,8,,,1,55,,62272,8,,,1,15,,62277,8,,,1,15,,62262,8,,,1,15,,62267,8,,,1,56,,62273,8,,,1,15,,62283,8,,,1,15,,62263,8,,,1,14,,62265,8,,,1,55,,62271,8,,,1,14,,62276,8,,,1,15,,62279,8,,,1,16,,62268,8,,,1,55,,62292,8,,,1,15,,62284,8,,,1,15,,62274,8,,,1,15,,62285,8,,,1,55,,62288,8,,,1,16,,62297,8,,,1,15,,62266,8,,,1,15,,62294,8,,,1,53,,62293,8,,,1,15,,62295,8,,,1,15,,62275,8,,,1,15,,62269,8,,,1,55,,62298,8,,,1,15,,62296,8,,,1,16,,62281,8,,,1,15,,62278,8,,,1,55,,62286,8,,,1,15,,62291,8,,,1,15,,62302,8,,,1,15,,62270,8,,,1,55,,62299,8,,,1,15,,62289,8,,,1,15,,62282,8,,,1,15,,62280,8,,,1,55,,62287,8,,,1,15,,62290,8,,,1,15,,62309,8,,,1,15,,62313,8,,,1,55,,62305,8,,,1,15,,62322,8,,,1,15,,62301,8,,,1,15,,62316,8,,,1,55,,62306,8,,,1,16,,62323,8,,,1,18,,62310,8,,,1,14,,62314,8,,,1,52,,62329,8,,,1,16,,62321,8,,,1,14,,62300,8,,,1,16,,62315,8,,,1,55,,62320,8,,,1,15,,62324,8,,,1,15,,62303,8,,,1,15,,62308,8,,,1,55,,62312,8,,,1,15,,62318,8,,,1,15,,62333,8,,,1,16,,62326,8,,,1,53,,62319,8,,,1,15,,62328,8,,,1,15,,62331,8,,,1,15,,62307,8,,,1,55,,62311,8,,,1,15,,62317,8,,,1,15,,62332,8,,,1,14,,62325,8,,,1,56,,62304,8,,,1,15,,62327,8,,,1,15,,62330,8,,,1
40001,'Dimanche-10-_26ÉTÉ-0000001-',634,,62334,8,,,1,15,,62337,8,,,1,55,,62345,8,,,1,15,,62350,8,,,1,15,,62335,8,,,1,15,,62340,8,,,1,56,,62346,8,,,1,15,,62356,8,,,1,15,,62336,8,,,1,14,,62338,8,,,1,55,,62344,8,,,1,14,,62349,8,,,1,15,,62352,8,,,1,16,,62341,8,,,1,55,,62365,8,,,1,15,,62357,8,,,1,15,,62347,8,,,1,15,,62358,8,,,1,55,,62361,8,,,1,16,,62370,8,,,1,15,,62339,8,,,1,15,,62367,8,,,1,53,,62366,8,,,1,15,,62368,8,,,1,15,,62348,8,,,1,15,,62342,8,,,1,55,,62371,8,,,1,15,,62369,8,,,1,16,,62354,8,,,1,15,,62351,8,,,1,55,,62359,8,,,1,15,,62364,8,,,1,15,,62375,8,,,1,15,,62343,8,,,1,55,,62372,8,,,1,15,,62362,8,,,1,15,,62355,8,,,1,15,,62353,8,,,1,55,,62360,8,,,1,15,,62363,8,,,1,15,,62382,8,,,1,15,,62386,8,,,1,55,,62378,8,,,1,15,,62395,8,,,1,15,,62374,8,,,1,15,,62389,8,,,1,55,,62379,8,,,1,16,,62396,8,,,1,18,,62383,8,,,1,14,,62387,8,,,1,52,,62402,8,,,1,16,,62394,8,,,1,14,,62373,8,,,1,16,,62388,8,,,1,55,,62393,8,,,1,15,,62397,8,,,1,15,,62376,8,,,1,15,,62381,8,,,1,55,,62385,8,,,1,15,,62391,8,,,1,15,,62406,8,,,1,16,,62399,8,,,1,53,,62392,8,,,1,15,,62401,8,,,1,15,,62404,8,,,1,15,,62380,8,,,1,55,,62384,8,,,1,15,,62390,8,,,1,15,,62405,8,,,1,14,,62398,8,,,1,56,,62377,8,,,1,15,,62400,8,,,1,15,,62403,8,,,1
40001,'Dimanche-11-_26ÉTÉ-0000001-',634,,62407,8,,,1,15,,62410,8,,,1,55,,62418,8,,,1,15,,62423,8,,,1,15,,62408,8,,,1,15,,62413,8,,,1,56,,62419,8,,,1,15,,62429,8,,,1,15,,62409,8,,,1,14,,62411,8,,,1,55,,62417,8,,,1,14,,62422,8,,,1,15,,62425,8,,,1,16,,62414,8,,,1,55,,62438,8,,,1,15,,62430,8,,,1,15,,62420,8,,,1,15,,62431,8,,,1,55,,62434,8,,,1,16,,62443,8,,,1,15,,62412,8,,,1,15,,62440,8,,,1,53,,62439,8,,,1,15,,62441,8,,,1,15,,62421,8,,,1,15,,62415,8,,,1,55,,62444,8,,,1,15,,62442,8,,,1,16,,62427,8,,,1,15,,62424,8,,,1,55,,62432,8,,,1,15,,62437,8,,,1,15,,62448,8,,,1,15,,62416,8,,,1,55,,62445,8,,,1,15,,62435,8,,,1,15,,62428,8,,,1,15,,62426,8,,,1,55,,62433,8,,,1,15,,62436,8,,,1,15,,62455,8,,,1,15,,62459,8,,,1,55,,62451,8,,,1,15,,62468,8,,,1,15,,62447,8,,,1,15,,62462,8,,,1,55,,62452,8,,,1,16,,62469,8,,,1,18,,62456,8,,,1,14,,62460,8,,,1,52,,62475,8,,,1,16,,62467,8,,,1,14,,62446,8,,,1,16,,62461,8,,,1,55,,62466,8,,,1,15,,62470,8,,,1,15,,62449,8,,,1,15,,62454,8,,,1,55,,62458,8,,,1,15,,62464,8,,,1,15,,62479,8,,,1,16,,62472,8,,,1,53,,62465,8,,,1,15,,62474,8,,,1,15,,62477,8,,,1,15,,62453,8,,,1,55,,62457,8,,,1,15,,62463,8,,,1,15,,62478,8,,,1,14,,62471,8,,,1,56,,62450,8,,,1,15,,62473,8,,,1,15,,62476,8,,,1
40001,'Semaine-1-_26ÉTÉ-1111100-',506,,62549,8,,,1,12,,62550,8,,,1,8,,62551,8,,,1,12,,62552,8,,,1,10,,62553,8,,,1,10,,62554,8,,,1,44,,62555,8,,,1,5,,62556,8,,,1,5,,62557,8,,,1,5,,62563,8,,,1,230,,62558,8,,,1,9,,62559,6,,,1,46,,62560,8,,,1,11,,62561,8,,,1,11,,62562,8,,,1,10,,62508,8,,,1,10,,62494,8,,,1,10,,62518,8,,,1,51,,62519,8,,,1,9,,62564,8,,,1,10,,62484,8,,,1,10,,62565,8,,,1,10,,62482,8,,,1,10,,62515,8,,,1,50,,62535,8,,,1,9,,62503,8,,,1,11,,62510,8,,,1,10,,62507,8,,,1,10,,62486,8,,,1,10,,62546,8,,,1,50,,62520,8,,,1,10,,62532,8,,,1,10,,62485,8,,,1,10,,62495,8,,,1,10,,62488,8,,,1,10,,62504,8,,,1,50,,62536,8,,,1,10,,62517,8,,,1,10,,62511,8,,,1,10,,62506,8,,,1,10,,62500,8,,,1,10,,62542,8,,,1,50,,62521,8,,,1,10,,62533,8,,,1,10,,62548,8,,,1,9,,62497,8,,,1,14,,62480,8,,,1,10,,62538,8,,,1,47,,62537,8,,,1,10,,62522,8,,,1,9,,62512,8,,,1,12,,62490,8,,,1,11,,62540,8,,,1,13,,62547,8,,,1,51,,62534,8,,,1,11,,62568,8,,,1,15,,62514,8,,,1,15,,62543,8,,,1,50,,62566,8,,,1,11,,62527,8,,,1,13,,62505,8,,,1,11,,62491,8,,,1,12,,62496,8,,,1,52,,62567,8,,,1,12,,62498,8,,,1,12,,62523,8,,,1,11,,62513,8,,,1,12,,62544,8,,,1,12,,62530,8,,,1,52,,62509,8,,,1,12,,62492,8,,,1,14,,62531,8,,,1,12,,62570,8,,,1,10,,62569,8,,,1,52,,62499,8,,,1,12,,62524,8,,,1,12,,62502,8,,,1,12,,62545,8,,,1,12,,62528,8,,,1,53,,62487,8,,,1,13,,62571,8,,,1,17,,62493,8,,,1,15,,62489,8,,,1,55,,62539,8,,,1,12,,62525,8,,,1,14,,62501,8,,,1,16,,62529,8,,,1,55,,62541,8,,,1,15,,62483,8,,,1,15,,62481,8,,,1,15,,62516,8,,,1,69,,62526,8,,,1
40001,'Semaine-10-_26ÉTÉ-1111100-',506,,62641,8,,,1,12,,62642,8,,,1,8,,62643,8,,,1,12,,62644,8,,,1,10,,62645,8,,,1,10,,62646,8,,,1,44,,62647,8,,,1,5,,62648,8,,,1,5,,62649,8,,,1,5,,62655,8,,,1,230,,62650,8,,,1,9,,62651,6,,,1,46,,62652,8,,,1,11,,62653,8,,,1,11,,62654,8,,,1,10,,62600,8,,,1,10,,62586,8,,,1,10,,62610,8,,,1,51,,62611,8,,,1,9,,62656,8,,,1,10,,62576,8,,,1,10,,62657,8,,,1,10,,62574,8,,,1,10,,62607,8,,,1,50,,62627,8,,,1,9,,62595,8,,,1,11,,62602,8,,,1,10,,62599,8,,,1,10,,62578,8,,,1,10,,62638,8,,,1,50,,62612,8,,,1,10,,62624,8,,,1,10,,62577,8,,,1,10,,62587,8,,,1,10,,62580,8,,,1,10,,62596,8,,,1,50,,62628,8,,,1,10,,62609,8,,,1,10,,62603,8,,,1,10,,62598,8,,,1,10,,62592,8,,,1,10,,62634,8,,,1,50,,62613,8,,,1,10,,62625,8,,,1,10,,62640,8,,,1,9,,62589,8,,,1,14,,62572,8,,,1,10,,62630,8,,,1,47,,62629,8,,,1,10,,62614,8,,,1,9,,62604,8,,,1,12,,62582,8,,,1,11,,62632,8,,,1,13,,62639,8,,,1,51,,62626,8,,,1,11,,62660,8,,,1,15,,62606,8,,,1,15,,62635,8,,,1,50,,62658,8,,,1,11,,62619,8,,,1,13,,62597,8,,,1,11,,62583,8,,,1,12,,62588,8,,,1,52,,62659,8,,,1,12,,62590,8,,,1,12,,62615,8,,,1,11,,62605,8,,,1,12,,62636,8,,,1,12,,62622,8,,,1,52,,62601,8,,,1,12,,62584,8,,,1,14,,62623,8,,,1,12,,62662,8,,,1,10,,62661,8,,,1,52,,62591,8,,,1,12,,62616,8,,,1,12,,62594,8,,,1,12,,62637,8,,,1,12,,62620,8,,,1,53,,62579,8,,,1,13,,62663,8,,,1,17,,62585,8,,,1,15,,62581,8,,,1,55,,62631,8,,,1,12,,62617,8,,,1,14,,62593,8,,,1,16,,62621,8,,,1,55,,62633,8,,,1,15,,62575,8,,,1,15,,62573,8,,,1,15,,62608,8,,,1,69,,62618,8,,,1
40001,'Semaine-11-_26ÉTÉ-1111100-',506,,62733,8,,,1,12,,62734,8,,,1,8,,62735,8,,,1,12,,62736,8,,,1,10,,62737,8,,,1,10,,62738,8,,,1,44,,62739,8,,,1,5,,62740,8,,,1,5,,62741,8,,,1,5,,62747,8,,,1,230,,62742,8,,,1,9,,62743,6,,,1,46,,62744,8,,,1,11,,62745,8,,,1,11,,62746,8,,,1,10,,62692,8,,,1,10,,62678,8,,,1,10,,62702,8,,,1,51,,62703,8,,,1,9,,62748,8,,,1,10,,62668,8,,,1,10,,62749,8,,,1,10,,62666,8,,,1,10,,62699,8,,,1,50,,62719,8,,,1,9,,62687,8,,,1,11,,62694,8,,,1,10,,62691,8,,,1,10,,62670,8,,,1,10,,62730,8,,,1,50,,62704,8,,,1,10,,62716,8,,,1,10,,62669,8,,,1,10,,62679,8,,,1,10,,62672,8,,,1,10,,62688,8,,,1,50,,62720,8,,,1,10,,62701,8,,,1,10,,62695,8,,,1,10,,62690,8,,,1,10,,62684,8,,,1,10,,62726,8,,,1,50,,62705,8,,,1,10,,62717,8,,,1,10,,62732,8,,,1,9,,62681,8,,,1,14,,62664,8,,,1,10,,62722,8,,,1,47,,62721,8,,,1,10,,62706,8,,,1,9,,62696,8,,,1,12,,62674,8,,,1,11,,62724,8,,,1,13,,62731,8,,,1,51,,62718,8,,,1,11,,62752,8,,,1,15,,62698,8,,,1,15,,62727,8,,,1,50,,62750,8,,,1,11,,62711,8,,,1,13,,62689,8,,,1,11,,62675,8,,,1,12,,62680,8,,,1,52,,62751,8,,,1,12,,62682,8,,,1,12,,62707,8,,,1,11,,62697,8,,,1,12,,62728,8,,,1,12,,62714,8,,,1,52,,62693,8,,,1,12,,62676,8,,,1,14,,62715,8,,,1,12,,62754,8,,,1,10,,62753,8,,,1,52,,62683,8,,,1,12,,62708,8,,,1,12,,62686,8,,,1,12,,62729,8,,,1,12,,62712,8,,,1,53,,62671,8,,,1,13,,62755,8,,,1,17,,62677,8,,,1,15,,62673,8,,,1,55,,62723,8,,,1,12,,62709,8,,,1,14,,62685,8,,,1,16,,62713,8,,,1,55,,62725,8,,,1,15,,62667,8,,,1,15,,62665,8,,,1,15,,62700,8,,,1,69,,62710,8,,,1
40001,'Semaine-12-_26ÉTÉ-1111100-',506,,62825,8,,,1,12,,62826,8,,,1,8,,62827,8,,,1,12,,62828,8,,,1,10,,62829,8,,,1,10,,62830,8,,,1,44,,62831,8,,,1,5,,62832,8,,,1,5,,62833,8,,,1,5,,62839,8,,,1,230,,62834,8,,,1,9,,62835,6,,,1,46,,62836,8,,,1,11,,62837,8,,,1,11,,62838,8,,,1,10,,62784,8,,,1,10,,62770,8,,,1,10,,62794,8,,,1,51,,62795,8,,,1,9,,62840,8,,,1,10,,62760,8,,,1,10,,62841,8,,,1,10,,62758,8,,,1,10,,62791,8,,,1,50,,62811,8,,,1,9,,62779,8,,,1,11,,62786,8,,,1,10,,62783,8,,,1,10,,62762,8,,,1,10,,62822,8,,,1,50,,62796,8,,,1,10,,62808,8,,,1,10,,62761,8,,,1,10,,62771,8,,,1,10,,62764,8,,,1,10,,62780,8,,,1,50,,62812,8,,,1,10,,62793,8,,,1,10,,62787,8,,,1,10,,62782,8,,,1,10,,62776,8,,,1,10,,62818,8,,,1,50,,62797,8,,,1,10,,62809,8,,,1,10,,62824,8,,,1,9,,62773,8,,,1,14,,62756,8,,,1,10,,62814,8,,,1,47,,62813,8,,,1,10,,62798,8,,,1,9,,62788,8,,,1,12,,62766,8,,,1,11,,62816,8,,,1,13,,62823,8,,,1,51,,62810,8,,,1,11,,62844,8,,,1,15,,62790,8,,,1,15,,62819,8,,,1,50,,62842,8,,,1,11,,62803,8,,,1,13,,62781,8,,,1,11,,62767,8,,,1,12,,62772,8,,,1,52,,62843,8,,,1,12,,62774,8,,,1,12,,62799,8,,,1,11,,62789,8,,,1,12,,62820,8,,,1,12,,62806,8,,,1,52,,62785,8,,,1,12,,62768,8,,,1,14,,62807,8,,,1,12,,62846,8,,,1,10,,62845,8,,,1,52,,62775,8,,,1,12,,62800,8,,,1,12,,62778,8,,,1,12,,62821,8,,,1,12,,62804,8,,,1,53,,62763,8,,,1,13,,62847,8,,,1,17,,62769,8,,,1,15,,62765,8,,,1,55,,62815,8,,,1,12,,62801,8,,,1,14,,62777,8,,,1,16,,62805,8,,,1,55,,62817,8,,,1,15,,62759,8,,,1,15,,62757,8,,,1,15,,62792,8,,,1,69,,62802,8,,,1
40001,'Semaine-5-_26ÉTÉ-1111100-',506,,62917,8,,,1,12,,62918,8,,,1,8,,62919,8,,,1,12,,62920,8,,,1,10,,62921,8,,,1,10,,62922,8,,,1,44,,62923,8,,,1,5,,62924,8,,,1,5,,62925,8,,,1,5,,62931,8,,,1,230,,62926,8,,,1,9,,62927,6,,,1,46,,62928,8,,,1,11,,62929,8,,,1,11,,62930,8,,,1,10,,62876,8,,,1,10,,62862,8,,,1,10,,62886,8,,,1,51,,62887,8,,,1,9,,62932,8,,,1,10,,62852,8,,,1,10,,62933,8,,,1,10,,62850,8,,,1,10,,62883,8,,,1,50,,62903,8,,,1,9,,62871,8,,,1,11,,62878,8,,,1,10,,62875,8,,,1,10,,62854,8,,,1,10,,62914,8,,,1,50,,62888,8,,,1,10,,62900,8,,,1,10,,62853,8,,,1,10,,62863,8,,,1,10,,62856,8,,,1,10,,62872,8,,,1,50,,62904,8,,,1,10,,62885,8,,,1,10,,62879,8,,,1,10,,62874,8,,,1,10,,62868,8,,,1,10,,62910,8,,,1,50,,62889,8,,,1,10,,62901,8,,,1,10,,62916,8,,,1,9,,62865,8,,,1,14,,62848,8,,,1,10,,62906,8,,,1,47,,62905,8,,,1,10,,62890,8,,,1,9,,62880,8,,,1,12,,62858,8,,,1,11,,62908,8,,,1,13,,62915,8,,,1,51,,62902,8,,,1,11,,62936,8,,,1,15,,62882,8,,,1,15,,62911,8,,,1,50,,62934,8,,,1,11,,62895,8,,,1,13,,62873,8,,,1,11,,62859,8,,,1,12,,62864,8,,,1,52,,62935,8,,,1,12,,62866,8,,,1,12,,62891,8,,,1,11,,62881,8,,,1,12,,62912,8,,,1,12,,62898,8,,,1,52,,62877,8,,,1,12,,62860,8,,,1,14,,62899,8,,,1,12,,62938,8,,,1,10,,62937,8,,,1,52,,62867,8,,,1,12,,62892,8,,,1,12,,62870,8,,,1,12,,62913,8,,,1,12,,62896,8,,,1,53,,62855,8,,,1,13,,62939,8,,,1,17,,62861,8,,,1,15,,62857,8,,,1,55,,62907,8,,,1,12,,62893,8,,,1,14,,62869,8,,,1,16,,62897,8,,,1,55,,62909,8,,,1,15,,62851,8,,,1,15,,62849,8,,,1,15,,62884,8,,,1,69,,62894,8,,,1
57601,'Semaine-5-_26ÉTÉ-1111100-',728,,62951,25,,,2
80001,'Samedi-0-_26ÉTÉ-0000010-',620,,63203,8,,,1,100,,63205,8,,,1,99,,63206,8,,,2,100,,63209,8,,,1,101,,63204,8,,,2,100,,63207,8,,,1,99,,63210,8,,,1,99,,63208,8,,,2,100,,63211,8,,,1,100,,63212,8,,,1,100,,63213,8,,,2,99,,63214,8,,,1,98,,63217,8,,,1,101,,63215,8,,,2,100,,63216,8,,,2,100,,63218,8,,,1,103,,63219,8,,,1
80001,'Dimanche-0-_26ÉTÉ-0000001-',620,,63220,8,,,1,100,,63221,8,,,1,99,,63225,8,,,2,100,,63222,8,,,1,101,,63226,8,,,2,100,,63223,8,,,1,99,,63224,8,,,1,99,,63228,8,,,2,100,,63227,8,,,1,100,,63229,8,,,1,100,,63231,8,,,2,99,,63232,8,,,1,98,,63233,8,,,1,101,,63230,8,,,2,100,,63234,8,,,2,100,,63235,8,,,1,103,,63236,8,,,1
80001,'Dimanche-10-_26ÉTÉ-0000001-',620,,63237,8,,,1,100,,63238,8,,,1,99,,63242,8,,,2,100,,63239,8,,,1,101,,63243,8,,,2,100,,63240,8,,,1,99,,63241,8,,,1,99,,63245,8,,,2,100,,63244,8,,,1,100,,63246,8,,,1,100,,63248,8,,,2,99,,63249,8,,,1,98,,63250,8,,,1,101,,63247,8,,,2,100,,63251,8,,,2,100,,63252,8,,,1,103,,63253,8,,,1
80001,'Dimanche-11-_26ÉTÉ-0000001-',620,,63254,8,,,1,100,,63255,8,,,1,99,,63259,8,,,2,100,,63256,8,,,1,101,,63260,8,,,2,100,,63257,8,,,1,99,,63258,8,,,1,99,,63262,8,,,2,100,,63261,8,,,1,100,,63263,8,,,1,100,,63265,8,,,2,99,,63266,8,,,1,98,,63267,8,,,1,101,,63264,8,,,2,100,,63268,8,,,2,100,,63269,8,,,1,103,,63270,8,,,1
80001,'Semaine-1-_26ÉTÉ-1111100-',607,,63293,8,,,1,29,,63279,8,,,1,70,,63299,8,,,1,28,,63283,8,,,2,74,,63273,8,,,2,28,,63290,8,,,2,69,,63287,8,,,2,31,,63295,8,,,1,70,,63300,8,,,2,30,,63286,8,,,1,70,,63294,8,,,1,30,,63276,8,,,1,70,,63304,8,,,1,29,,63303,8,,,2,74,,63274,8,,,2,29,,63297,8,,,1,71,,63285,8,,,1,31,,63291,8,,,1,70,,63301,8,,,1,27,,63288,8,,,2,18,,63298,8,,,1,61,,63305,8,,,2,28,,63296,8,,,1,66,,63289,8,,,1,28,,63277,8,,,1,71,,63281,8,,,1,28,,63271,8,,,1,69,,63302,8,,,1,32,,63278,8,,,1,66,,63280,8,,,1,29,,63284,8,,,1,70,,63272,8,,,2,30,,63292,8,,,1,74,,63275,8,,,1,32,,63282,8,,,1
80001,'Semaine-10-_26ÉTÉ-1111100-',607,,63328,8,,,1,29,,63314,8,,,1,70,,63334,8,,,1,28,,63318,8,,,2,74,,63308,8,,,2,28,,63325,8,,,2,69,,63322,8,,,2,31,,63330,8,,,1,70,,63335,8,,,2,30,,63321,8,,,1,70,,63329,8,,,1,30,,63311,8,,,1,70,,63339,8,,,1,29,,63338,8,,,2,74,,63309,8,,,2,29,,63332,8,,,1,71,,63320,8,,,1,31,,63326,8,,,1,70,,63336,8,,,1,27,,63323,8,,,2,18,,63333,8,,,1,61,,63340,8,,,2,28,,63331,8,,,1,66,,63324,8,,,1,28,,63312,8,,,1,71,,63316,8,,,1,28,,63306,8,,,1,69,,63337,8,,,1,32,,63313,8,,,1,66,,63315,8,,,1,29,,63319,8,,,1,70,,63307,8,,,2,30,,63327,8,,,1,74,,63310,8,,,1,32,,63317,8,,,1
80001,'Semaine-11-_26ÉTÉ-1111100-',607,,63363,8,,,1,29,,63349,8,,,1,70,,63369,8,,,1,28,,63353,8,,,2,74,,63343,8,,,2,28,,63360,8,,,2,69,,63357,8,,,2,31,,63365,8,,,1,70,,63370,8,,,2,30,,63356,8,,,1,70,,63364,8,,,1,30,,63346,8,,,1,70,,63374,8,,,1,29,,63373,8,,,2,74,,63344,8,,,2,29,,63367,8,,,1,71,,63355,8,,,1,31,,63361,8,,,1,70,,63371,8,,,1,27,,63358,8,,,2,18,,63368,8,,,1,61,,63375,8,,,2,28,,63366,8,,,1,66,,63359,8,,,1,28,,63347,8,,,1,71,,63351,8,,,1,28,,63341,8,,,1,69,,63372,8,,,1,32,,63348,8,,,1,66,,63350,8,,,1,29,,63354,8,,,1,70,,63342,8,,,2,30,,63362,8,,,1,74,,63345,8,,,1,32,,63352,8,,,1
80001,'Semaine-12-_26ÉTÉ-1111100-',607,,63398,8,,,1,29,,63384,8,,,1,70,,63404,8,,,1,28,,63388,8,,,2,74,,63378,8,,,2,28,,63395,8,,,2,69,,63392,8,,,2,31,,63400,8,,,1,70,,63405,8,,,2,30,,63391,8,,,1,70,,63399,8,,,1,30,,63381,8,,,1,70,,63409,8,,,1,29,,63408,8,,,2,74,,63379,8,,,2,29,,63402,8,,,1,71,,63390,8,,,1,31,,63396,8,,,1,70,,63406,8,,,1,27,,63393,8,,,2,18,,63403,8,,,1,61,,63410,8,,,2,28,,63401,8,,,1,66,,63394,8,,,1,28,,63382,8,,,1,71,,63386,8,,,1,28,,63376,8,,,1,69,,63407,8,,,1,32,,63383,8,,,1,66,,63385,8,,,1,29,,63389,8,,,1,70,,63377,8,,,2,30,,63397,8,,,1,74,,63380,8,,,1,32,,63387,8,,,1
80001,'Semaine-5-_26ÉTÉ-1111100-',607,,63433,8,,,1,29,,63419,8,,,1,70,,63439,8,,,1,28,,63423,8,,,2,74,,63413,8,,,2,28,,63430,8,,,2,69,,63427,8,,,2,31,,63435,8,,,1,70,,63440,8,,,2,30,,63426,8,,,1,70,,63434,8,,,1,30,,63416,8,,,1,70,,63444,8,,,1,29,,63443,8,,,2,74,,63414,8,,,2,29,,63437,8,,,1,71,,63425,8,,,1,31,,63431,8,,,1,70,,63441,8,,,1,27,,63428,8,,,2,18,,63438,8,,,1,61,,63445,8,,,2,28,,63436,8,,,1,66,,63429,8,,,1,28,,63417,8,,,1,71,,63421,8,,,1,28,,63411,8,,,1,69,,63442,8,,,1,32,,63418,8,,,1,66,,63420,8,,,1,29,,63424,8,,,1,70,,63412,8,,,2,30,,63432,8,,,1,74,,63415,8,,,1,32,,63422,8,,,1
80401,'Dimanche-11-_26ÉTÉ-0000001-',1751,,63446,7,,,1
80401,'Semaine-11-_26ÉTÉ-1111100-',1821,,63447,7,,,1
80401,'Semaine-12-_26ÉTÉ-1111100-',1821,,63448,7,,,1
