2300,'Semaine-4',1601,,30355,28,,,1,30,,30353,28,,,1,70,,30351,28,,,2,29,,30352,28,,,1,23,,30354,28,,,1,68,,30350,28,,,1
2300,'Semaine-2-_26ÉTÉ-1111100-',1601,,38699,28,,,1,28,,38697,28,,,1,30,,38695,28,,,1,71,,38696,28,,,2,26,,38698,28,,,2,64,,38694,28,,,2
2300,'Semaine-3-_26ÉTÉ-1111100-',1601,,38705,28,,,1,28,,38703,28,,,1,30,,38701,28,,,1,71,,38702,28,,,2,26,,38704,28,,,2,64,,38700,28,,,2
2300,'Semaine-4-_26ÉTÉ-1111100-',1601,,38711,28,,,1,28,,38709,28,,,1,30,,38707,28,,,1,71,,38708,28,,,2,26,,38710,28,,,2,64,,38706,28,,,2
2500,'Semaine-4',1543,,30361,27,,,1,70,,30364,27,,,1,32,,30362,27,,,1,71,,30366,27,,,1,27,,30363,27,,,1,64,,30365,27,,,1
2500,'Semaine-2-_26ÉTÉ-1111100-',1542,,38727,27,,,1,71,,38730,27,,,1,32,,38728,27,,,1,73,,38732,27,,,1,27,,38729,27,,,1,65,,38731,27,,,1
2500,'Semaine-3-_26ÉTÉ-1111100-',1542,,38733,27,,,1,71,,38736,27,,,1,32,,38734,27,,,1,73,,38738,27,,,1,27,,38735,27,,,1,65,,38737,27,,,1
2500,'Semaine-4-_26ÉTÉ-1111100-',1542,,38739,27,,,1,71,,38742,27,,,1,32,,38740,27,,,1,73,,38744,27,,,1,27,,38741,27,,,1,65,,38743,27,,,1
2800,'Semaine-4',1615,,30392,37,,,2,39,,30393,37,,,1,93,,30394,37,,,2
2800,'Semaine-2-_26ÉTÉ-1111100-',1615,,38820,37,,,2,38,,38821,37,,,2,94,,38822,37,,,1
2800,'Semaine-3-_26ÉTÉ-1111100-',1615,,38823,37,,,2,38,,38824,37,,,2,94,,38825,37,,,1
2800,'Semaine-4-_26ÉTÉ-1111100-',1615,,38826,37,,,2,38,,38827,37,,,2,94,,38828,37,,,1
3200,'Semaine-4',645,,30614,31,,,1,70,,30613,31,,,1,30,,30609,31,,,1,72,,30611,31,,,1,29,,30610,31,,,1,70,,30612,31,,,1,30,,30585,31,,,1,70,,30580,31,,,2,30,,30581,31,,,2,70,,30592,31,,,1,30,,30586,31,,,1,68,,30572,31,,,1,31,,30573,31,,,1,71,,30584,31,,,1,30,,30587,31,,,1,69,,30593,31,,,1,31,,30574,31,,,1,70,,30619,31,,,1,17,,30571,31,,,2,10,,30601,31,,,1,12,,30591,31,,,1,50,,30597,31,,,1,10,,30598,31,,,1,10,,30616,31,,,1,10,,30617,31,,,1,10,,30618,31,,,1,10,,30615,31,,,2,50,,30588,31,,,2,10,,30599,31,,,1,10,,30607,31,,,1,10,,30600,31,,,2,9,,30577,31,,,2,9,,30608,31,,,2,51,,30594,31,,,1,10,,30596,31,,,2,10,,30595,31,,,2,19,,30589,31,,,1,65,,30583,31,,,1,30,,30578,31,,,2,70,,30575,31,,,1,30,,30590,31,,,1,68,,30582,31,,,1,32,,30579,31,,,2,70,,30576,31,,,1,30,,30602,31,,,1,70,,30603,31,,,1,25,,30604,31,,,2,70,,30605,31,,,1,30,,30606,31,,,1
3200,'Semaine-2-_26ÉTÉ-1111100-',642,,39215,31,,,1,71,,39214,31,,,2,32,,39210,31,,,2,73,,39212,31,,,2,28,,39211,31,,,1,70,,39213,31,,,2,28,,39186,31,,,1,70,,39181,31,,,2,30,,39182,31,,,1,70,,39193,31,,,2,30,,39187,31,,,1,72,,39173,31,,,1,30,,39174,31,,,1,69,,39185,31,,,2,30,,39188,31,,,1,70,,39194,31,,,1,31,,39175,31,,,1,71,,39220,31,,,2,17,,39172,31,,,2,14,,39202,31,,,1,8,,39192,31,,,1,52,,39198,31,,,2,10,,39199,31,,,1,10,,39217,31,,,1,10,,39218,31,,,2,10,,39219,31,,,1,10,,39216,31,,,1,51,,39189,31,,,1,11,,39200,31,,,1,8,,39208,31,,,2,10,,39201,31,,,2,9,,39178,31,,,1,8,,39209,31,,,2,50,,39195,31,,,1,8,,39197,31,,,1,10,,39196,31,,,1,19,,39190,31,,,1,65,,39184,31,,,1,30,,39179,31,,,1,70,,39176,31,,,1,29,,39191,31,,,1,70,,39183,31,,,1,30,,39180,31,,,1,69,,39177,31,,,1,30,,39203,31,,,1,67,,39204,31,,,1,29,,39205,31,,,2,70,,39206,31,,,1,30,,39207,31,,,1
3200,'Semaine-3-_26ÉTÉ-1111100-',642,,39264,31,,,1,71,,39263,31,,,2,32,,39259,31,,,2,73,,39261,31,,,2,28,,39260,31,,,1,70,,39262,31,,,2,28,,39235,31,,,1,70,,39230,31,,,2,30,,39231,31,,,1,70,,39242,31,,,2,30,,39236,31,,,1,72,,39222,31,,,1,30,,39223,31,,,1,69,,39234,31,,,2,30,,39237,31,,,1,70,,39243,31,,,1,31,,39224,31,,,1,71,,39269,31,,,2,17,,39221,31,,,2,14,,39251,31,,,1,8,,39241,31,,,1,52,,39247,31,,,2,10,,39248,31,,,1,10,,39266,31,,,1,10,,39267,31,,,2,10,,39268,31,,,1,10,,39265,31,,,1,51,,39238,31,,,1,11,,39249,31,,,1,8,,39257,31,,,2,10,,39250,31,,,2,9,,39227,31,,,1,8,,39258,31,,,2,50,,39244,31,,,1,8,,39246,31,,,1,10,,39245,31,,,1,19,,39239,31,,,1,65,,39233,31,,,1,30,,39228,31,,,1,70,,39225,31,,,1,29,,39240,31,,,1,70,,39232,31,,,1,30,,39229,31,,,1,69,,39226,31,,,1,30,,39252,31,,,1,67,,39253,31,,,1,29,,39254,31,,,2,70,,39255,31,,,1,30,,39256,31,,,1
3200,'Semaine-4-_26ÉTÉ-1111100-',642,,39313,31,,,1,71,,39312,31,,,2,32,,39308,31,,,2,73,,39310,31,,,2,28,,39309,31,,,1,70,,39311,31,,,2,28,,39284,31,,,1,70,,39279,31,,,2,30,,39280,31,,,1,70,,39291,31,,,2,30,,39285,31,,,1,72,,39271,31,,,1,30,,39272,31,,,1,69,,39283,31,,,2,30,,39286,31,,,1,70,,39292,31,,,1,31,,39273,31,,,1,71,,39318,31,,,2,17,,39270,31,,,2,14,,39300,31,,,1,8,,39290,31,,,1,52,,39296,31,,,2,10,,39297,31,,,1,10,,39315,31,,,1,10,,39316,31,,,2,10,,39317,31,,,1,10,,39314,31,,,1,51,,39287,31,,,1,11,,39298,31,,,1,8,,39306,31,,,2,10,,39299,31,,,2,9,,39276,31,,,1,8,,39307,31,,,2,50,,39293,31,,,1,8,,39295,31,,,1,10,,39294,31,,,1,19,,39288,31,,,1,65,,39282,31,,,1,30,,39277,31,,,1,70,,39274,31,,,1,29,,39289,31,,,1,70,,39281,31,,,1,30,,39278,31,,,1,69,,39275,31,,,1,30,,39301,31,,,1,67,,39302,31,,,1,29,,39303,31,,,2,70,,39304,31,,,1,30,,39305,31,,,1
3400,'Samedi-3',754,,30828,45,,,1,104,,30833,45,,,1,70,,30829,45,,,2,31,,30835,45,,,1,70,,30836,45,,,1,71,,30830,45,,,1,30,,30831,45,,,1,70,,30832,45,,,1,30,,30834,45,,,2,71,,30837,45,,,1,30,,30839,45,,,1,71,,30838,45,,,2,30,,30840,45,,,1,70,,30841,45,,,1,30,,30842,45,,,1,69,,30843,45,,,1,30,,30844,45,,,1,71,,30845,45,,,1,30,,30846,45,,,1,70,,30847,45,,,1,30,,30848,45,,,1,68,,30849,45,,,1,28,,30850,45,,,2,30,,30851,45,,,1,70,,30852,45,,,1,30,,30853,45,,,1,70,,30854,45,,,1,30,,30855,45,,,1,70,,30856,45,,,1,29,,30858,45,,,1,71,,30857,45,,,1,29,,30860,45,,,1,70,,30859,45,,,1,27,,30861,45,,,1
3400,'Samedi-4',754,,35451,45,,,1,104,,35456,45,,,1,70,,35452,45,,,2,31,,35458,45,,,1,70,,35459,45,,,1,71,,35453,45,,,1,30,,35454,45,,,1,70,,35455,45,,,1,30,,35457,45,,,2,71,,35460,45,,,1,30,,35462,45,,,1,71,,35461,45,,,2,30,,35463,45,,,1,70,,35464,45,,,1,30,,35465,45,,,1,69,,35466,45,,,1,30,,35467,45,,,1,71,,35468,45,,,1,30,,35469,45,,,1,70,,35470,45,,,1,30,,35471,45,,,1,68,,35472,45,,,1,28,,35473,45,,,2,30,,35474,45,,,1,70,,35475,45,,,1,30,,35476,45,,,1,70,,35477,45,,,1,30,,35478,45,,,1,70,,35479,45,,,1,29,,35481,45,,,1,71,,35480,45,,,1,29,,35483,45,,,1,70,,35482,45,,,1,27,,35484,45,,,1
3400,'Dimanche-3',754,,30866,45,,,1,104,,30870,45,,,1,70,,30868,45,,,2,31,,30863,45,,,1,70,,30871,45,,,1,71,,30874,45,,,1,30,,30873,45,,,1,70,,30862,45,,,1,30,,30864,45,,,2,71,,30875,45,,,1,30,,30865,45,,,1,71,,30867,45,,,2,30,,30869,45,,,1,70,,30878,45,,,1,30,,30872,45,,,1,69,,30876,45,,,1,30,,30879,45,,,1,71,,30883,45,,,1,30,,30888,45,,,1,70,,30880,45,,,1,30,,30881,45,,,1,68,,30891,45,,,1,28,,30882,45,,,2,30,,30887,45,,,1,70,,30877,45,,,1,30,,30884,45,,,1,70,,30886,45,,,1,30,,30889,45,,,1,70,,30895,45,,,1,29,,30890,45,,,1,71,,30892,45,,,1,29,,30885,45,,,1,70,,30893,45,,,1,27,,30894,45,,,1
3400,'Semaine-4',635,,30926,45,,,1,69,,30911,45,,,1,33,,30905,45,,,1,77,,30909,45,,,1,27,,30900,45,,,1,69,,30920,45,,,1,30,,30906,45,,,1,67,,30896,45,,,1,30,,30901,45,,,1,70,,30902,45,,,1,30,,30907,45,,,1,70,,30897,45,,,1,31,,30927,45,,,1,70,,30903,45,,,1,30,,30908,45,,,1,70,,30898,45,,,1,33,,30924,45,,,1,70,,30899,45,,,1,26,,30925,45,,,2,305,,30923,45,,,2,60,,30912,45,,,1,27,,30904,45,,,1,30,,30916,45,,,1,70,,30922,45,,,1,30,,30913,45,,,2,69,,30915,45,,,1,30,,30917,45,,,1,70,,30910,45,,,1,30,,30919,45,,,1,69,,30914,45,,,1,28,,30918,45,,,1,70,,30921,45,,,1
3400,'Samedi-10-_26ÉTÉ-0000010-',754,,39763,45,,,1,104,,39768,45,,,1,70,,39764,45,,,2,31,,39770,45,,,1,70,,39771,45,,,1,71,,39765,45,,,1,30,,39766,45,,,2,70,,39767,45,,,1,30,,39769,45,,,2,71,,39772,45,,,1,30,,39774,45,,,1,71,,39773,45,,,2,30,,39775,45,,,1,70,,39776,45,,,1,30,,39777,45,,,2,69,,39778,45,,,1,30,,39779,45,,,1,71,,39780,45,,,1,30,,39781,45,,,1,70,,39782,45,,,1,30,,39783,45,,,1,68,,39784,45,,,1,28,,39785,45,,,2,30,,39786,45,,,1,70,,39787,45,,,1,30,,39788,45,,,1,70,,39789,45,,,1,30,,39790,45,,,1,70,,39791,45,,,1,29,,39793,45,,,1,71,,39792,45,,,1,29,,39795,45,,,1,70,,39794,45,,,1,27,,39796,45,,,1
3400,'Semaine-2-_26ÉTÉ-1111100-',635,,39827,45,,,1,71,,39812,45,,,1,33,,39806,45,,,1,72,,39810,45,,,1,30,,39801,45,,,1,71,,39821,45,,,1,28,,39807,45,,,1,67,,39797,45,,,1,30,,39802,45,,,2,70,,39803,45,,,2,30,,39808,45,,,1,70,,39798,45,,,1,31,,39828,45,,,1,70,,39804,45,,,1,30,,39809,45,,,1,70,,39799,45,,,1,33,,39825,45,,,2,70,,39800,45,,,1,27,,39826,45,,,1,304,,39824,45,,,2,60,,39813,45,,,1,27,,39805,45,,,2,30,,39817,45,,,1,70,,39823,45,,,1,30,,39814,45,,,1,69,,39816,45,,,1,30,,39818,45,,,1,70,,39811,45,,,1,30,,39820,45,,,1,69,,39815,45,,,1,28,,39819,45,,,1,70,,39822,45,,,1
3400,'Semaine-3-_26ÉTÉ-1111100-',635,,39859,45,,,1,71,,39844,45,,,1,33,,39838,45,,,1,72,,39842,45,,,1,30,,39833,45,,,1,71,,39853,45,,,1,28,,39839,45,,,1,67,,39829,45,,,1,30,,39834,45,,,2,70,,39835,45,,,2,30,,39840,45,,,1,70,,39830,45,,,1,31,,39860,45,,,1,70,,39836,45,,,1,30,,39841,45,,,1,70,,39831,45,,,1,33,,39857,45,,,2,70,,39832,45,,,1,27,,39858,45,,,1,304,,39856,45,,,2,60,,39845,45,,,1,27,,39837,45,,,2,30,,39849,45,,,1,70,,39855,45,,,1,30,,39846,45,,,1,69,,39848,45,,,1,30,,39850,45,,,1,70,,39843,45,,,1,30,,39852,45,,,1,69,,39847,45,,,1,28,,39851,45,,,1,70,,39854,45,,,1
3400,'Semaine-4-_26ÉTÉ-1111100-',635,,39891,45,,,1,71,,39876,45,,,1,33,,39870,45,,,1,72,,39874,45,,,1,30,,39865,45,,,1,71,,39885,45,,,1,28,,39871,45,,,1,67,,39861,45,,,1,30,,39866,45,,,2,70,,39867,45,,,2,30,,39872,45,,,1,70,,39862,45,,,1,31,,39892,45,,,1,70,,39868,45,,,1,30,,39873,45,,,1,70,,39863,45,,,1,33,,39889,45,,,2,70,,39864,45,,,1,27,,39890,45,,,1,304,,39888,45,,,2,60,,39877,45,,,1,27,,39869,45,,,2,30,,39881,45,,,1,70,,39887,45,,,1,30,,39878,45,,,1,69,,39880,45,,,1,30,,39882,45,,,1,70,,39875,45,,,1,30,,39884,45,,,1,69,,39879,45,,,1,28,,39883,45,,,1,70,,39886,45,,,1
4901,'Samedi-3',729,,31736,25,,,1,100,,31735,25,,,1,100,,31737,25,,,1,100,,31733,25,,,1,100,,31738,25,,,1,101,,31734,25,,,1,98,,31739,25,,,1,103,,31740,25,,,1,99,,31741,25,,,1,100,,31742,25,,,1,100,,31743,25,,,1,97,,31744,25,,,1,102,,31745,25,,,1,100,,31746,25,,,1,100,,31747,25,,,1,100,,31748,25,,,1,99,,31749,25,,,1
4901,'Samedi-4',729,,36127,25,,,1,100,,36126,25,,,1,100,,36128,25,,,1,100,,36124,25,,,1,100,,36129,25,,,1,101,,36125,25,,,1,98,,36130,25,,,1,103,,36131,25,,,1,99,,36132,25,,,1,100,,36133,25,,,1,100,,36134,25,,,1,97,,36135,25,,,1,102,,36136,25,,,1,100,,36137,25,,,1,100,,36138,25,,,1,100,,36139,25,,,1,99,,36140,25,,,1
4901,'Dimanche-3',729,,31754,25,,,1,100,,31750,25,,,1,100,,31753,25,,,1,100,,31755,25,,,1,100,,31752,25,,,1,101,,31751,25,,,1,98,,31757,25,,,1,103,,31758,25,,,1,99,,31756,25,,,1,100,,31762,25,,,1,100,,31766,25,,,1,97,,31759,25,,,1,102,,31760,25,,,1,100,,31761,25,,,1,99,,31763,25,,,1,101,,31764,25,,,1,99,,31765,25,,,1
4901,'Semaine-4',612,,31773,25,,,1,88,,31778,25,,,1,31,,31794,25,,,1,73,,31790,25,,,1,26,,31788,25,,,1,29,,31798,25,,,1,69,,31780,25,,,1,30,,31796,25,,,1,68,,31792,25,,,1,32,,31767,25,,,1,70,,31789,25,,,1,30,,31768,25,,,1,72,,31774,25,,,1,28,,31776,25,,,1,70,,31781,25,,,1,28,,31797,25,,,1,72,,31779,25,,,1,72,,31799,25,,,1,22,,31795,25,,,1,11,,31782,25,,,1,16,,31769,25,,,1,54,,31785,25,,,1,31,,31775,25,,,1,66,,31777,25,,,1,30,,31793,25,,,1,28,,31787,25,,,1,71,,31791,25,,,1,93,,31770,25,,,1,80,,31786,25,,,1,100,,31784,25,,,1,100,,31771,25,,,1,103,,31783,25,,,1,95,,31772,25,,,1
4901,'Samedi-10-_26ÉTÉ-0000010-',729,,41303,25,,,1,100,,41302,25,,,1,100,,41304,25,,,1,100,,41300,25,,,1,100,,41305,25,,,1,101,,41301,25,,,1,98,,41306,25,,,1,103,,41307,25,,,1,99,,41308,25,,,1,100,,41309,25,,,1,100,,41310,25,,,1,97,,41311,25,,,1,102,,41312,25,,,1,100,,41313,25,,,1,100,,41314,25,,,1,100,,41315,25,,,1,99,,41316,25,,,1
4901,'Semaine-2-_26ÉTÉ-1111100-',612,,41322,25,,,1,88,,41327,25,,,1,31,,41343,25,,,1,71,,41339,25,,,1,28,,41337,25,,,1,28,,41346,25,,,1,70,,41329,25,,,1,30,,41344,25,,,1,68,,41341,25,,,1,32,,41317,25,,,1,70,,41338,25,,,1,30,,41318,25,,,1,72,,41323,25,,,1,28,,41325,25,,,1,68,,41330,25,,,1,31,,41345,25,,,1,71,,41328,25,,,1,72,,41347,25,,,1,31,,41331,25,,,1,12,,41348,25,,,1,10,,41349,25,,,1,50,,41334,25,,,1,31,,41324,25,,,1,66,,41326,25,,,1,30,,41342,25,,,1,28,,41336,25,,,1,70,,41340,25,,,1,94,,41319,25,,,1,80,,41335,25,,,1,100,,41333,25,,,1,100,,41320,25,,,1,100,,41332,25,,,1,98,,41321,25,,,1
4901,'Semaine-3-_26ÉTÉ-1111100-',612,,41355,25,,,1,88,,41360,25,,,1,31,,41376,25,,,1,71,,41372,25,,,1,28,,41370,25,,,1,28,,41379,25,,,1,70,,41362,25,,,1,30,,41377,25,,,1,68,,41374,25,,,1,32,,41350,25,,,1,70,,41371,25,,,1,30,,41351,25,,,1,72,,41356,25,,,1,28,,41358,25,,,1,68,,41363,25,,,1,31,,41378,25,,,1,71,,41361,25,,,1,72,,41380,25,,,1,31,,41364,25,,,1,12,,41381,25,,,1,10,,41382,25,,,1,50,,41367,25,,,1,31,,41357,25,,,1,66,,41359,25,,,1,30,,41375,25,,,1,28,,41369,25,,,1,70,,41373,25,,,1,94,,41352,25,,,1,80,,41368,25,,,1,100,,41366,25,,,1,100,,41353,25,,,1,100,,41365,25,,,1,98,,41354,25,,,1
4901,'Semaine-4-_26ÉTÉ-1111100-',612,,41388,25,,,1,88,,41393,25,,,1,31,,41409,25,,,1,71,,41405,25,,,1,28,,41403,25,,,1,28,,41412,25,,,1,70,,41395,25,,,1,30,,41410,25,,,1,68,,41407,25,,,1,32,,41383,25,,,1,70,,41404,25,,,1,30,,41384,25,,,1,72,,41389,25,,,1,28,,41391,25,,,1,68,,41396,25,,,1,31,,41411,25,,,1,71,,41394,25,,,1,72,,41413,25,,,1,31,,41397,25,,,1,12,,41414,25,,,1,10,,41415,25,,,1,50,,41400,25,,,1,31,,41390,25,,,1,66,,41392,25,,,1,30,,41408,25,,,1,28,,41402,25,,,1,70,,41406,25,,,1,94,,41385,25,,,1,80,,41401,25,,,1,100,,41399,25,,,1,100,,41386,25,,,1,100,,41398,25,,,1,98,,41387,25,,,1
32500,'Semaine-4',1642,,34184,35,0,7 8,1
32500,'Semaine-2-_26ÉTÉ-1111100-',1642,,45835,35,0,7 8,1
32500,'Semaine-3-_26ÉTÉ-1111100-',1642,,45836,35,0,7 8,1
32600,'Semaine-4',1646,,34187,41,0,7 8,1
32600,'Semaine-2-_26ÉTÉ-1111100-',1646,,45840,41,0,7 8,1
42501,'Semaine-4',1513,,34794,21,0,9 14,1
44901,'Semaine-4',1513,,34813,17,0,9 14,1
54901,'Semaine-4',1533,,34815,18,,,1
73400,'Semaine-4',1650,,34853,39,0,5 11,1
82500,'Semaine-4',1543,,35006,19,0,9 12 13,1
82600,'Semaine-4',1548,,35011,31,0,9 12 13,1
