2001,'Semaine-4',1548,,30347,18,,,1,101,,30348,18,,,1,100,,30349,18,,,1
2001,'Semaine-5',1548,,35043,18,,,1,101,,35044,18,,,1,100,,35045,18,,,1
3501,'Semaine-4',555,,31084,25,,,1,80,,31059,25,,,1,22,,31066,25,,,1,63,,31075,36,,,1,14,,31081,25,,,1,23,,31086,36,,,1,56,,31062,25,,,1,25,,31082,25,,,1,63,,31087,25,,,1,29,,31068,25,,,2,70,,31070,25,,,1,30,,31061,25,,,1,70,,31067,25,,,1,30,,31077,25,,,1,70,,31060,25,,,1,30,,31074,25,,,1,70,,31076,25,,,1,30,,31079,25,,,1,70,,31064,25,,,1,33,,31088,25,,,2,26,,31078,25,,,2,76,,31063,25,,,2,70,,31090,25,,,1,28,,31085,25,,,2,70,,31069,25,,,1,27,,31072,25,,,2,79,,31091,25,,,2,22,,31080,25,,,1,98,,31073,25,,,1,103,,31071,25,,,1,100,,31089,25,,,1,97,,31083,25,,,1,108,,31065,25,,,1
3501,'Semaine-5',555,,35641,25,,,1,80,,35616,25,,,1,22,,35623,25,,,1,63,,35632,36,,,1,14,,35638,25,,,1,23,,35643,36,,,1,56,,35619,25,,,1,25,,35639,25,,,1,63,,35644,25,,,1,29,,35625,25,,,2,70,,35627,25,,,1,30,,35618,25,,,1,70,,35624,25,,,1,30,,35634,25,,,1,70,,35617,25,,,1,30,,35631,25,,,1,70,,35633,25,,,1,30,,35636,25,,,1,70,,35621,25,,,1,33,,35645,25,,,2,26,,35635,25,,,2,76,,35620,25,,,2,70,,35647,25,,,1,28,,35642,25,,,2,70,,35626,25,,,1,27,,35629,25,,,2,79,,35648,25,,,2,22,,35637,25,,,1,98,,35630,25,,,1,103,,35628,25,,,1,100,,35646,25,,,1,97,,35640,25,,,1,108,,35622,25,,,1
3801,'Samedi-3',722,,31342,21,,,1,30,,31338,21,,,1,70,,31350,21,,,1,31,,31343,21,,,1,69,,31339,21,,,1,32,,31351,21,,,1,68,,31344,21,,,1,33,,31348,21,,,1,66,,31340,21,,,1,34,,31345,21,,,1,70,,31349,21,,,1,30,,31341,21,,,1,70,,31346,21,,,1,32,,31347,21,,,1,68,,31352,21,,,1,32,,31353,21,,,1,68,,31354,21,,,1,32,,31355,21,,,1,68,,31356,21,,,1,31,,31357,21,,,1,69,,31358,21,,,1,30,,31359,21,,,1,66,,31360,21,,,1,32,,31362,21,,,1,69,,31361,21,,,1,31,,31364,21,,,1,69,,31363,21,,,1,31,,31365,21,,,1,69,,31366,21,,,1,30,,31370,21,,,1,70,,31367,21,,,1,30,,31368,21,,,1,71,,31369,21,,,1
3801,'Samedi-4',722,,35831,21,,,1,30,,35827,21,,,1,70,,35839,21,,,1,31,,35832,21,,,1,69,,35828,21,,,1,32,,35840,21,,,1,68,,35833,21,,,1,33,,35837,21,,,1,66,,35829,21,,,1,34,,35834,21,,,1,70,,35838,21,,,1,30,,35830,21,,,1,70,,35835,21,,,1,32,,35836,21,,,1,68,,35841,21,,,1,32,,35842,21,,,1,68,,35843,21,,,1,32,,35844,21,,,1,68,,35845,21,,,1,31,,35846,21,,,1,69,,35847,21,,,1,30,,35848,21,,,1,66,,35849,21,,,1,32,,35851,21,,,1,69,,35850,21,,,1,31,,35853,21,,,1,69,,35852,21,,,1,31,,35854,21,,,1,69,,35855,21,,,1,30,,35859,21,,,1,70,,35856,21,,,1,30,,35857,21,,,1,71,,35858,21,,,1
3801,'Dimanche-3',722,,31378,21,,,1,30,,31374,21,,,1,70,,31385,21,,,1,31,,31377,21,,,1,69,,31371,21,,,1,32,,31386,21,,,1,68,,31380,21,,,1,33,,31372,21,,,1,66,,31384,21,,,1,34,,31379,21,,,1,70,,31373,21,,,1,30,,31375,21,,,1,70,,31376,21,,,1,32,,31382,21,,,1,68,,31388,21,,,1,32,,31389,21,,,1,68,,31383,21,,,1,32,,31387,21,,,1,68,,31393,21,,,1,31,,31398,21,,,1,69,,31399,21,,,1,30,,31394,21,,,1,66,,31381,21,,,1,32,,31396,21,,,1,69,,31391,21,,,1,31,,31392,21,,,1,69,,31395,21,,,1,31,,31397,21,,,1,69,,31401,21,,,1,30,,31400,21,,,1,70,,31390,21,,,1,30,,31402,21,,,1,71,,31403,21,,,1
3801,'Semaine-4',628,,31432,21,,,1,30,,31404,21,,,1,70,,31431,21,,,1,16,,31442,21,,,1,61,,31438,21,,,1,27,,31420,21,,,1,27,,31440,21,,,1,71,,31427,21,,,1,19,,31410,21,,,1,60,,31436,21,,,1,20,,31421,21,,,1,20,,31413,21,,,1,61,,31428,21,,,1,20,,31411,21,,,1,20,,31435,21,,,1,60,,31441,21,,,1,22,,31414,21,,,1,20,,31443,21,,,1,62,,31429,21,,,1,18,,31434,21,,,1,18,,31422,21,,,1,60,,31415,21,,,1,20,,31430,21,,,1,21,,31444,21,,,1,62,,31417,21,,,1,21,,31423,21,,,1,70,,31437,21,,,1,31,,31412,21,,,1,69,,31419,21,,,1,28,,31409,21,,,1,70,,31445,21,,,1,17,,31406,21,,,1,22,,31439,21,,,1,69,,31408,21,,,1,30,,31418,21,,,1,70,,31426,21,,,1,30,,31433,21,,,1,70,,31416,21,,,1,30,,31424,21,,,1,69,,31425,21,,,1,29,,31405,21,,,1,85,,31407,21,,,1
3801,'Semaine-5',628,,35888,21,,,1,30,,35860,21,,,1,70,,35887,21,,,1,16,,35898,21,,,1,61,,35894,21,,,1,27,,35876,21,,,1,27,,35896,21,,,1,71,,35883,21,,,1,19,,35866,21,,,1,60,,35892,21,,,1,20,,35877,21,,,1,20,,35869,21,,,1,61,,35884,21,,,1,20,,35867,21,,,1,20,,35891,21,,,1,60,,35897,21,,,1,22,,35870,21,,,1,20,,35899,21,,,1,62,,35885,21,,,1,18,,35890,21,,,1,18,,35878,21,,,1,60,,35871,21,,,1,20,,35886,21,,,1,21,,35900,21,,,1,62,,35873,21,,,1,21,,35879,21,,,1,70,,35893,21,,,1,31,,35868,21,,,1,69,,35875,21,,,1,28,,35865,21,,,1,70,,35901,21,,,1,17,,35862,21,,,1,22,,35895,21,,,1,69,,35864,21,,,1,30,,35874,21,,,1,70,,35882,21,,,1,30,,35889,21,,,1,70,,35872,21,,,1,30,,35880,21,,,1,69,,35881,21,,,1,29,,35861,21,,,1,85,,35863,21,,,1
40001,'Samedi-3',642,,34552,13,,,1,15,,34555,13,,,1,55,,34557,13,,,1,15,,34553,13,,,1,15,,34554,13,,,1,15,,34556,13,,,1,56,,34562,13,,,1,15,,34569,13,,,1,15,,34560,13,,,1,14,,34580,13,,,1,55,,34558,13,,,1,15,,34559,13,,,1,15,,34568,13,,,1,16,,34561,13,,,1,55,,34563,13,,,1,15,,34571,13,,,1,15,,34572,13,,,1,15,,34573,13,,,1,55,,34579,13,,,1,16,,34578,13,,,1,15,,34582,13,,,1,15,,34565,13,,,1,54,,34564,13,,,1,15,,34567,13,,,1,15,,34570,13,,,1,15,,34566,13,,,1,55,,34575,13,,,1,15,,34577,13,,,1,16,,34583,13,,,1,15,,34574,13,,,1,55,,34576,13,,,1,15,,34581,13,,,1,15,,34584,13,,,1,15,,34585,13,,,1,55,,34586,13,,,1,15,,34587,13,,,1,15,,34588,13,,,1,15,,34589,13,,,1,55,,34590,13,,,1,15,,34591,13,,,1,15,,34592,13,,,1,15,,34593,13,,,1,55,,34594,13,,,1,15,,34595,13,,,1,15,,34596,13,,,1,15,,34597,13,,,1,55,,34598,13,,,1,16,,34601,13,,,1,17,,34599,13,,,1,54,,34600,13,,,1,12,,34603,13,,,1,16,,34602,13,,,1,14,,34607,13,,,1,16,,34605,13,,,1,55,,34606,13,,,1,15,,34604,13,,,1,15,,34608,13,,,1,15,,34610,13,,,1,55,,34611,13,,,1,15,,34612,13,,,1,15,,34609,13,,,1,56,,34615,13,,,1,13,,34614,13,,,1,15,,34613,13,,,1,15,,34616,13,,,1,15,,34617,13,,,1,55,,34618,13,,,1,15,,34619,13,,,1,14,,34621,13,,,1,15,,34620,13,,,1,56,,34623,13,,,1,15,,34622,13,,,1,15,,34624,13,,,1
40001,'Samedi-4',642,,38276,13,,,1,15,,38279,13,,,1,55,,38281,13,,,1,15,,38277,13,,,1,15,,38278,13,,,1,15,,38280,13,,,1,56,,38286,13,,,1,15,,38293,13,,,1,15,,38284,13,,,1,14,,38304,13,,,1,55,,38282,13,,,1,15,,38283,13,,,1,15,,38292,13,,,1,16,,38285,13,,,1,55,,38287,13,,,1,15,,38295,13,,,1,15,,38296,13,,,1,15,,38297,13,,,1,55,,38303,13,,,1,16,,38302,13,,,1,15,,38306,13,,,1,15,,38289,13,,,1,54,,38288,13,,,1,15,,38291,13,,,1,15,,38294,13,,,1,15,,38290,13,,,1,55,,38299,13,,,1,15,,38301,13,,,1,16,,38307,13,,,1,15,,38298,13,,,1,55,,38300,13,,,1,15,,38305,13,,,1,15,,38308,13,,,1,15,,38309,13,,,1,55,,38310,13,,,1,15,,38311,13,,,1,15,,38312,13,,,1,15,,38313,13,,,1,55,,38314,13,,,1,15,,38315,13,,,1,15,,38316,13,,,1,15,,38317,13,,,1,55,,38318,13,,,1,15,,38319,13,,,1,15,,38320,13,,,1,15,,38321,13,,,1,55,,38322,13,,,1,16,,38325,13,,,1,17,,38323,13,,,1,54,,38324,13,,,1,12,,38327,13,,,1,16,,38326,13,,,1,14,,38331,13,,,1,16,,38329,13,,,1,55,,38330,13,,,1,15,,38328,13,,,1,15,,38332,13,,,1,15,,38334,13,,,1,55,,38335,13,,,1,15,,38336,13,,,1,15,,38333,13,,,1,56,,38339,13,,,1,13,,38338,13,,,1,15,,38337,13,,,1,15,,38340,13,,,1,15,,38341,13,,,1,55,,38342,13,,,1,15,,38343,13,,,1,14,,38345,13,,,1,15,,38344,13,,,1,56,,38347,13,,,1,15,,38346,13,,,1,15,,38348,13,,,1
40001,'Dimanche-3',642,,34625,13,,,1,15,,34628,13,,,1,55,,34636,13,,,1,15,,34641,13,,,1,15,,34626,13,,,1,15,,34631,13,,,1,56,,34637,13,,,1,15,,34647,13,,,1,15,,34627,13,,,1,14,,34629,13,,,1,55,,34635,13,,,1,15,,34640,13,,,1,15,,34643,13,,,1,16,,34632,13,,,1,55,,34656,13,,,1,15,,34648,13,,,1,15,,34638,13,,,1,15,,34649,13,,,1,55,,34652,13,,,1,16,,34661,13,,,1,15,,34630,13,,,1,15,,34658,13,,,1,54,,34657,13,,,1,15,,34659,13,,,1,15,,34639,13,,,1,15,,34633,13,,,1,55,,34662,13,,,1,15,,34660,13,,,1,16,,34645,13,,,1,15,,34642,13,,,1,55,,34650,13,,,1,15,,34655,13,,,1,15,,34666,13,,,1,15,,34634,13,,,1,55,,34663,13,,,1,15,,34653,13,,,1,15,,34646,13,,,1,15,,34644,13,,,1,55,,34651,13,,,1,15,,34654,13,,,1,15,,34673,13,,,1,15,,34677,13,,,1,55,,34669,13,,,1,15,,34686,13,,,1,15,,34665,13,,,1,15,,34680,13,,,1,55,,34670,13,,,1,16,,34687,13,,,1,17,,34674,13,,,1,54,,34678,13,,,1,12,,34693,13,,,1,16,,34685,13,,,1,14,,34664,13,,,1,16,,34679,13,,,1,55,,34684,13,,,1,15,,34688,13,,,1,15,,34667,13,,,1,15,,34672,13,,,1,55,,34676,13,,,1,15,,34682,13,,,1,15,,34697,13,,,1,15,,34690,13,,,1,54,,34683,13,,,1,15,,34692,13,,,1,15,,34695,13,,,1,15,,34671,13,,,1,55,,34675,13,,,1,15,,34681,13,,,1,15,,34696,13,,,1,14,,34689,13,,,1,56,,34668,13,,,1,15,,34691,13,,,1,15,,34694,13,,,1
40001,'Semaine-4',515,,34768,13,,,1,10,,34769,13,,,1,10,,34770,13,,,1,10,,34771,13,,,1,10,,34772,13,,,1,50,,34773,13,,,1,5,,34774,13,,,1,5,,34775,13,,,1,5,,34776,13,,,1,5,,34782,13,,,1,232,,34777,13,,,1,48,,34778,11,,,1,6,,34779,13,,,1,10,,34780,13,,,1,11,,34781,13,,,1,10,,34727,13,,,1,10,,34712,13,,,1,50,,34737,13,,,1,10,,34738,13,,,1,10,,34784,13,,,1,10,,34702,13,,,1,12,,34785,13,,,1,9,,34700,13,,,1,52,,34734,13,,,1,8,,34754,13,,,1,10,,34721,13,,,1,9,,34729,13,,,1,11,,34726,13,,,1,10,,34704,13,,,1,50,,34765,13,,,1,10,,34739,13,,,1,10,,34751,13,,,1,10,,34703,13,,,1,10,,34713,13,,,1,10,,34706,13,,,1,50,,34722,13,,,1,10,,34755,13,,,1,10,,34736,13,,,1,10,,34730,13,,,1,13,,34725,13,,,1,7,,34718,13,,,1,50,,34761,13,,,1,9,,34740,13,,,1,10,,34752,13,,,1,10,,34767,13,,,1,10,,34715,13,,,1,13,,34698,13,,,1,50,,34757,13,,,1,9,,34756,13,,,1,10,,34741,13,,,1,10,,34731,13,,,1,5,,34723,9,,,1,7,,34708,13,,,1,12,,34759,13,,,1,53,,34766,13,,,1,5,,34783,9,,,1,9,,34753,13,,,1,9,,34788,13,,,1,12,,34733,13,,,1,12,,34762,13,,,1,52,,34786,13,,,1,12,,34746,13,,,1,13,,34724,13,,,1,11,,34709,13,,,1,12,,34714,13,,,1,52,,34787,13,,,1,12,,34716,13,,,1,12,,34742,13,,,1,12,,34732,13,,,1,10,,34763,13,,,1,52,,34749,13,,,1,15,,34728,13,,,1,10,,34710,13,,,1,11,,34750,13,,,1,12,,34790,13,,,1,50,,34789,13,,,1,12,,34717,13,,,1,12,,34743,13,,,1,12,,34720,13,,,1,12,,34764,13,,,1,52,,34747,13,,,1,13,,34705,13,,,1,15,,34791,13,,,1,15,,34711,13,,,1,55,,34707,13,,,1,15,,34758,13,,,1,14,,34744,13,,,1,13,,34719,13,,,1,57,,34748,13,,,1,15,,34760,13,,,1,15,,34701,13,,,1,15,,34699,13,,,1,55,,34735,13,,,1,30,,34745,13,,,1
40001,'Semaine-5',515,,38419,13,,,1,10,,38420,13,,,1,10,,38421,13,,,1,10,,38422,13,,,1,10,,38423,13,,,1,50,,38424,13,,,1,5,,38425,13,,,1,5,,38426,13,,,1,5,,38427,13,,,1,5,,38433,13,,,1,232,,38428,13,,,1,48,,38429,11,,,1,6,,38430,13,,,1,10,,38431,13,,,1,11,,38432,13,,,1,10,,38378,13,,,1,10,,38363,13,,,1,50,,38388,13,,,1,10,,38389,13,,,1,10,,38435,13,,,1,10,,38353,13,,,1,12,,38436,13,,,1,9,,38351,13,,,1,52,,38385,13,,,1,8,,38405,13,,,1,10,,38372,13,,,1,9,,38380,13,,,1,11,,38377,13,,,1,10,,38355,13,,,1,50,,38416,13,,,1,10,,38390,13,,,1,10,,38402,13,,,1,10,,38354,13,,,1,10,,38364,13,,,1,10,,38357,13,,,1,50,,38373,13,,,1,10,,38406,13,,,1,10,,38387,13,,,1,10,,38381,13,,,1,13,,38376,13,,,1,7,,38369,13,,,1,50,,38412,13,,,1,9,,38391,13,,,1,10,,38403,13,,,1,10,,38418,13,,,1,10,,38366,13,,,1,13,,38349,13,,,1,50,,38408,13,,,1,9,,38407,13,,,1,10,,38392,13,,,1,10,,38382,13,,,1,5,,38374,9,,,1,7,,38359,13,,,1,12,,38410,13,,,1,53,,38417,13,,,1,5,,38434,9,,,1,9,,38404,13,,,1,9,,38439,13,,,1,12,,38384,13,,,1,12,,38413,13,,,1,52,,38437,13,,,1,12,,38397,13,,,1,13,,38375,13,,,1,11,,38360,13,,,1,12,,38365,13,,,1,52,,38438,13,,,1,12,,38367,13,,,1,12,,38393,13,,,1,12,,38383,13,,,1,10,,38414,13,,,1,52,,38400,13,,,1,15,,38379,13,,,1,10,,38361,13,,,1,11,,38401,13,,,1,12,,38441,13,,,1,50,,38440,13,,,1,12,,38368,13,,,1,12,,38394,13,,,1,12,,38371,13,,,1,12,,38415,13,,,1,52,,38398,13,,,1,13,,38356,13,,,1,15,,38442,13,,,1,15,,38362,13,,,1,55,,38358,13,,,1,15,,38409,13,,,1,14,,38395,13,,,1,13,,38370,13,,,1,57,,38399,13,,,1,15,,38411,13,,,1,15,,38352,13,,,1,15,,38350,13,,,1,55,,38386,13,,,1,30,,38396,13,,,1
