9301,'Semaine-4',553,,33961,13,,,1,60,,33959,13,,,1,21,,33958,13,,,1,71,,33962,13,,,2,30,,33960,13,,,1
9301,'Semaine-5',553,,37825,13,,,1,60,,37823,13,,,1,21,,37822,13,,,1,71,,37826,13,,,2,30,,37824,13,,,1
9401,'Semaine-4',535,,33963,13,,,1
9401,'Semaine-5',535,,37827,13,,,1
9701,'Samedi-3',758,,34038,59,,,2,100,,34041,59,,,2,101,,34039,59,,,2,100,,34042,59,,,2,100,,34036,59,,,1,100,,34037,59,,,1,141,,34040,59,,,2,100,,34043,59,,,2,100,,34044,59,,,1,100,,34045,59,,,2,100,,34046,59,,,2,100,,34047,59,,,1,100,,34051,59,,,1,100,,34048,59,,,1,59,,34049,59,,,1,100,,34050,59,,,1
9701,'Samedi-4',758,,37885,59,,,2,100,,37888,59,,,2,101,,37886,59,,,2,100,,37889,59,,,2,100,,37883,59,,,1,100,,37884,59,,,1,141,,37887,59,,,2,100,,37890,59,,,2,100,,37891,59,,,1,100,,37892,59,,,2,100,,37893,59,,,2,100,,37894,59,,,1,100,,37898,59,,,1,100,,37895,59,,,1,59,,37896,59,,,1,100,,37897,59,,,1
9701,'Dimanche-3',758,,34058,59,,,2,100,,34055,59,,,2,101,,34056,59,,,2,100,,34059,59,,,2,100,,34054,59,,,1,100,,34053,59,,,1,141,,34052,59,,,2,100,,34057,59,,,2,100,,34061,59,,,1,100,,34060,59,,,2,100,,34065,59,,,2,100,,34066,59,,,1,100,,34067,59,,,1,100,,34062,59,,,1,59,,34063,59,,,1,100,,34064,59,,,1
9701,'Semaine-4',640,,34082,59,,,1,99,,34075,59,,,2,111,,34084,59,,,1,103,,34073,59,,,2,99,,34070,59,,,2,100,,34083,59,,,1,100,,34078,59,,,2,99,,34074,59,,,1,101,,34080,59,,,1,104,,34068,59,,,2,96,,34071,59,,,2,99,,34079,59,,,1,97,,34081,59,,,1,95,,34072,59,,,1,97,,34076,59,,,2,100,,34069,59,,,1,100,,34077,59,,,1
9701,'Semaine-5',640,,37913,59,,,1,99,,37906,59,,,2,111,,37915,59,,,1,103,,37904,59,,,2,99,,37901,59,,,2,100,,37914,59,,,1,100,,37909,59,,,2,99,,37905,59,,,1,101,,37911,59,,,1,104,,37899,59,,,2,96,,37902,59,,,2,99,,37910,59,,,1,97,,37912,59,,,1,95,,37903,59,,,1,97,,37907,59,,,2,100,,37900,59,,,1,100,,37908,59,,,1
29701,'Semaine-4',1526,,34182,35,0,19,2
29701,'Semaine-5',1526,,38013,35,0,19,2
