6401,'Samedi-3',724,,32579,16,,,1,100,,32576,16,,,1,100,,32578,16,,,1,100,,32581,16,,,1,100,,32577,16,,,2,100,,32582,16,,,1,100,,32580,16,,,1,100,,32583,16,,,2,100,,32584,16,,,1,100,,32585,16,,,1,100,,32586,16,,,1
6401,'Samedi-4',724,,36754,16,,,1,100,,36751,16,,,1,100,,36753,16,,,1,100,,36756,16,,,1,100,,36752,16,,,2,100,,36757,16,,,1,100,,36755,16,,,1,100,,36758,16,,,2,100,,36759,16,,,1,100,,36760,16,,,1,100,,36761,16,,,1
6401,'Dimanche-3',724,,32591,16,,,1,100,,32589,16,,,1,100,,32594,16,,,1,100,,32587,16,,,1,100,,32593,16,,,2,100,,32595,16,,,1,100,,32588,16,,,1,100,,32592,16,,,2,100,,32590,16,,,1,100,,32596,16,,,1,100,,32597,16,,,1
6401,'Semaine-4',524,,32598,16,,,1,108,,32608,16,,,1,100,,32610,16,,,1,100,,32607,16,,,1,94,,32615,16,,,1,99,,32602,16,,,1,101,,32601,16,,,1,100,,32613,16,,,1,100,,32609,16,,,1,99,,32611,16,,,1,117,,32612,25,,,2,85,,32603,16,,,2,97,,32599,16,,,1,101,,32600,16,,,2,99,,32606,16,,,1,100,,32604,16,,,1,100,,32605,16,,,1,100,,32614,16,,,1
6401,'Semaine-5',524,,36762,16,,,1,108,,36772,16,,,1,100,,36774,16,,,1,100,,36771,16,,,1,94,,36779,16,,,1,99,,36766,16,,,1,101,,36765,16,,,1,100,,36777,16,,,1,100,,36773,16,,,1,99,,36775,16,,,1,117,,36776,25,,,2,85,,36767,16,,,2,97,,36763,16,,,1,101,,36764,16,,,2,99,,36770,16,,,1,100,,36768,16,,,1,100,,36769,16,,,1,100,,36778,16,,,1
32501,'Semaine-4',847,,34185,46,0,7 8,1,3,,34186,46,0,7 8,1
32501,'Semaine-5',847,,38016,46,0,7 8,1,3,,38017,46,0,7 8,1
32601,'Semaine-4',845,,34188,43,0,7 8,1
32601,'Semaine-5',845,,38019,43,0,7 8,1
32900,'Semaine-4',848,,34189,46,0,7 8,1
32900,'Semaine-5',848,,38020,46,0,7 8,1
33100,'Semaine-4',845,,34191,42,0,7 8,1
33100,'Semaine-5',845,,38022,42,0,7 8,1
56600,'Semaine-4',1542,,34825,30,0,5 6,1
56600,'Semaine-5',1542,,38476,30,0,5 6,1
56900,'Semaine-4',1542,,34827,30,0,5 6,2
56900,'Semaine-5',1542,,38478,30,0,5 6,2
