3100,'Samedi-3',748,,30408,41,,,1,70,,30409,41,,,1,104,,30410,41,,,1,101,,30407,41,,,1,102,,30413,41,,,1,102,,30414,41,,,1,101,,30411,41,,,1,100,,30412,41,,,1,100,,30415,41,,,1,102,,30416,41,,,1,98,,30417,41,,,1,100,,30418,41,,,1,91,,30424,41,,,1,100,,30419,41,,,1,100,,30420,41,,,1,100,,30421,41,,,1,100,,30422,41,,,1,100,,30423,41,,,1,95,,30425,41,,,1
3100,'Samedi-4',748,,35104,41,,,1,70,,35105,41,,,1,104,,35106,41,,,1,101,,35103,41,,,1,102,,35109,41,,,1,102,,35110,41,,,1,101,,35107,41,,,1,100,,35108,41,,,1,100,,35111,41,,,1,102,,35112,41,,,1,98,,35113,41,,,1,100,,35114,41,,,1,91,,35120,41,,,1,100,,35115,41,,,1,100,,35116,41,,,1,100,,35117,41,,,1,100,,35118,41,,,1,100,,35119,41,,,1,95,,35121,41,,,1
3100,'Dimanche-3',748,,30430,41,,,1,70,,30431,41,,,1,104,,30432,41,,,1,101,,30433,41,,,1,102,,30426,41,,,1,102,,30427,41,,,1,101,,30428,41,,,1,100,,30429,41,,,1,100,,30435,41,,,1,102,,30436,41,,,1,98,,30434,41,,,1,100,,30437,41,,,1,91,,30440,41,,,1,100,,30444,41,,,1,100,,30438,41,,,1,100,,30439,41,,,1,100,,30442,41,,,1,100,,30441,41,,,1,95,,30443,41,,,1
3100,'Semaine-4',635,,30449,39,,,1,75,,30484,39,,,1,32,,30462,39,,,1,72,,30450,39,,,1,20,,30490,39,,,1,14,,30487,39,,,1,60,,30446,39,,,1,16,,30459,39,,,1,17,,30460,39,,,1,12,,30476,39,,,1,59,,30451,39,,,1,21,,30453,39,,,1,20,,30470,39,,,1,60,,30471,39,,,1,20,,30477,39,,,1,20,,30452,39,,,1,60,,30457,39,,,1,21,,30478,39,,,1,20,,30485,39,,,1,59,,30473,39,,,1,20,,30454,39,,,1,21,,30447,39,,,1,57,,30483,39,,,1,22,,30488,39,,,1,19,,30472,39,,,1,59,,30455,39,,,1,19,,30475,39,,,1,29,,30479,39,,,1,61,,30486,39,,,1,17,,30474,39,,,1,14,,30456,39,,,1,61,,30467,39,,,1,20,,30469,39,,,1,22,,30458,39,,,1,5,,30445,32,,,1,53,,30463,39,,,1,21,,30448,39,,,1,13,,30481,39,,,1,57,,30489,39,,,1,26,,30464,41,,,1,98,,30482,41,,,1,99,,30465,41,,,1,100,,30461,41,,,1,99,,30466,41,,,1,102,,30468,41,,,1,103,,30480,41,,,1
3100,'Semaine-5',635,,35126,39,,,1,75,,35161,39,,,1,32,,35139,39,,,1,72,,35127,39,,,1,20,,35167,39,,,1,14,,35164,39,,,1,60,,35123,39,,,1,16,,35136,39,,,1,17,,35137,39,,,1,12,,35153,39,,,1,59,,35128,39,,,1,21,,35130,39,,,1,20,,35147,39,,,1,60,,35148,39,,,1,20,,35154,39,,,1,20,,35129,39,,,1,60,,35134,39,,,1,21,,35155,39,,,1,20,,35162,39,,,1,59,,35150,39,,,1,20,,35131,39,,,1,21,,35124,39,,,1,57,,35160,39,,,1,22,,35165,39,,,1,19,,35149,39,,,1,59,,35132,39,,,1,19,,35152,39,,,1,29,,35156,39,,,1,61,,35163,39,,,1,17,,35151,39,,,1,14,,35133,39,,,1,61,,35144,39,,,1,20,,35146,39,,,1,22,,35135,39,,,1,5,,35122,32,,,1,53,,35140,39,,,1,21,,35125,39,,,1,13,,35158,39,,,1,57,,35166,39,,,1,26,,35141,41,,,1,98,,35159,41,,,1,99,,35142,41,,,1,100,,35138,41,,,1,99,,35143,41,,,1,102,,35145,41,,,1,103,,35157,41,,,1
33100,'Semaine-4',818,,34191,8,0,7 8,1
33100,'Semaine-5',818,,38022,8,0,7 8,1
43101,'Semaine-4',742,,34804,18,0,9 14,1
43101,'Semaine-5',742,,38455,18,0,9 14,1
83100,'Semaine-4',1538,,35023,17,0,9 12 13,1
83100,'Semaine-5',1538,,38642,17,0,9 12 13,1
