9500,'Semaine-1-_26ÉTÉ-1111100-',1538,,60163,44,,,1,16,,60166,44,,,2,56,,60162,44,,,1,19,,60157,44,,,1,15,,60161,44,,,2,56,,60158,44,,,1,15,,60159,44,,,2,15,,60164,44,,,1,22,,60165,44,,,1,65,,60160,44,,,1
9500,'Semaine-10-_26ÉTÉ-1111100-',1538,,60173,44,,,1,16,,60176,44,,,2,56,,60172,44,,,1,19,,60167,44,,,1,15,,60171,44,,,2,56,,60168,44,,,1,15,,60169,44,,,2,15,,60174,44,,,1,22,,60175,44,,,2,65,,60170,44,,,1
9500,'Semaine-11-_26ÉTÉ-1111100-',1538,,60183,44,,,1,16,,60186,44,,,2,56,,60182,44,,,1,19,,60177,44,,,1,15,,60181,44,,,2,56,,60178,44,,,1,15,,60179,44,,,2,15,,60184,44,,,1,22,,60185,44,,,1,65,,60180,44,,,1
9500,'Semaine-12-_26ÉTÉ-1111100-',1538,,60193,44,,,1,16,,60196,44,,,2,56,,60192,44,,,1,19,,60187,44,,,1,15,,60191,44,,,2,56,,60188,44,,,1,15,,60189,44,,,2,15,,60194,44,,,1,22,,60195,44,,,1,65,,60190,44,,,1
9500,'Semaine-5-_26ÉTÉ-1111100-',1538,,60203,44,,,1,16,,60206,44,,,2,56,,60202,44,,,1,19,,60197,44,,,1,15,,60201,44,,,2,56,,60198,44,,,1,15,,60199,44,,,2,15,,60204,44,,,1,22,,60205,44,,,1,65,,60200,44,,,1
9700,'Samedi-0-_26ÉTÉ-0000010-',856,,60249,56,,,2,100,,60252,56,,,2,100,,60247,56,,,1,100,,60248,56,,,1,100,,60251,56,,,2,100,,60250,56,,,2,100,,60253,56,,,1,101,,60254,56,,,2,100,,60255,56,,,2,101,,60256,56,,,1,100,,60261,56,,,1,100,,60257,56,,,1,100,,60258,56,,,1,100,,60259,56,,,1,99,,60260,56,,,2,98,,60262,56,,,1,100,,60263,56,,,1
9700,'Dimanche-0-_26ÉTÉ-0000001-',856,,60267,56,,,2,100,,60269,56,,,2,100,,60266,56,,,1,100,,60265,56,,,1,100,,60264,56,,,2,100,,60268,56,,,2,100,,60271,56,,,1,101,,60270,56,,,2,100,,60276,56,,,2,101,,60278,56,,,1,100,,60280,56,,,1,100,,60272,56,,,1,100,,60273,56,,,1,100,,60274,56,,,1,99,,60275,56,,,2,98,,60279,56,,,1,100,,60277,56,,,1
9700,'Dimanche-10-_26ÉTÉ-0000001-',856,,60284,56,,,2,100,,60286,56,,,2,100,,60283,56,,,1,100,,60282,56,,,1,100,,60281,56,,,2,100,,60285,56,,,2,100,,60288,56,,,1,101,,60287,56,,,2,100,,60293,56,,,2,101,,60295,56,,,1,100,,60297,56,,,1,100,,60289,56,,,1,100,,60290,56,,,1,100,,60291,56,,,1,99,,60292,56,,,2,98,,60296,56,,,1,100,,60294,56,,,1
9700,'Dimanche-11-_26ÉTÉ-0000001-',856,,60301,56,,,2,100,,60303,56,,,2,100,,60300,56,,,1,100,,60299,56,,,1,100,,60298,56,,,2,100,,60302,56,,,2,100,,60305,56,,,1,101,,60304,56,,,2,100,,60310,56,,,2,101,,60312,56,,,1,100,,60314,56,,,1,100,,60306,56,,,1,100,,60307,56,,,1,100,,60308,56,,,1,99,,60309,56,,,2,98,,60313,56,,,1,100,,60311,56,,,1
9700,'Semaine-1-_26ÉTÉ-1111100-',728,,60333,56,,,1,72,,60334,56,,,1,51,,60323,56,,,2,101,,60319,56,,,1,96,,60332,56,,,2,100,,60327,56,,,2,100,,60324,56,,,1,100,,60329,56,,,2,101,,60315,56,,,1,94,,60320,56,,,1,105,,60328,56,,,1,96,,60330,60,,,2,102,,60321,60,,,2,72,,60316,60,,,2,20,,60325,56,,,1,102,,60317,56,,,2,99,,60326,56,,,1,100,,60322,56,,,1,100,,60318,56,,,2,110,,60331,56,,,1
9700,'Semaine-10-_26ÉTÉ-1111100-',728,,60353,56,,,1,72,,60354,56,,,1,51,,60343,56,,,2,101,,60339,56,,,1,96,,60352,56,,,2,100,,60347,56,,,2,100,,60344,56,,,1,100,,60349,56,,,2,101,,60335,56,,,1,94,,60340,56,,,1,105,,60348,56,,,1,96,,60350,60,,,2,102,,60341,60,,,2,72,,60336,60,,,2,20,,60345,56,,,1,102,,60337,56,,,2,99,,60346,56,,,1,100,,60342,56,,,1,100,,60338,56,,,2,110,,60351,56,,,1
9700,'Semaine-11-_26ÉTÉ-1111100-',728,,60373,56,,,1,72,,60374,56,,,1,51,,60363,56,,,2,101,,60359,56,,,1,96,,60372,56,,,2,100,,60367,56,,,2,100,,60364,56,,,1,100,,60369,56,,,2,101,,60355,56,,,1,94,,60360,56,,,1,105,,60368,56,,,1,96,,60370,60,,,2,102,,60361,60,,,2,72,,60356,60,,,2,20,,60365,56,,,1,102,,60357,56,,,2,99,,60366,56,,,1,100,,60362,56,,,1,100,,60358,56,,,2,110,,60371,56,,,1
9700,'Semaine-12-_26ÉTÉ-1111100-',728,,60393,56,,,1,72,,60394,56,,,1,51,,60383,56,,,2,101,,60379,56,,,1,96,,60392,56,,,2,100,,60387,56,,,2,100,,60384,56,,,1,100,,60389,56,,,2,101,,60375,56,,,1,94,,60380,56,,,1,105,,60388,56,,,1,96,,60390,60,,,2,102,,60381,60,,,2,72,,60376,60,,,2,20,,60385,56,,,1,102,,60377,56,,,2,99,,60386,56,,,1,100,,60382,56,,,1,100,,60378,56,,,2,110,,60391,56,,,1
9700,'Semaine-5-_26ÉTÉ-1111100-',728,,60413,56,,,1,72,,60414,56,,,1,51,,60403,56,,,2,101,,60399,56,,,1,96,,60412,56,,,2,100,,60407,56,,,2,100,,60404,56,,,1,100,,60409,56,,,2,101,,60395,56,,,1,94,,60400,56,,,1,105,,60408,56,,,1,96,,60410,60,,,2,102,,60401,60,,,2,72,,60396,60,,,2,20,,60405,56,,,1,102,,60397,56,,,2,99,,60406,56,,,1,100,,60402,56,,,1,100,,60398,56,,,2,110,,60411,56,,,1
29700,'Semaine-5-_26ÉTÉ-1111100-',757,,61034,46,,,2
