4000,'Semaine-4',1545,,31617,42,,,1,70,,31613,42,,,2,35,,31616,42,,,1,67,,31615,42,,,2,28,,31614,42,,,1,65,,31618,42,,,1
4000,'Semaine-2-_26ÉTÉ-1111100-',1545,,41047,42,,,2,69,,41043,42,,,2,36,,41046,42,,,1,67,,41045,42,,,1,31,,41044,42,,,1,64,,41048,42,,,2
4000,'Semaine-3-_26ÉTÉ-1111100-',1545,,41053,42,,,2,69,,41049,42,,,2,36,,41052,42,,,1,67,,41051,42,,,1,31,,41050,42,,,1,64,,41054,42,,,2
4000,'Semaine-4-_26ÉTÉ-1111100-',1545,,41059,42,,,2,69,,41055,42,,,2,36,,41058,42,,,1,67,,41057,42,,,1,31,,41056,42,,,1,64,,41060,42,,,2
5200,'Samedi-3',655,,31809,41,,,1,100,,31810,41,,,2,101,,31811,41,,,1,100,,31812,41,,,2,100,,31813,41,,,1,102,,31814,41,,,1,100,,31815,41,,,2,100,,31816,41,,,1,99,,31817,41,,,1,101,,31818,41,,,1,100,,31819,41,,,1,99,,31820,41,,,1,99,,31821,41,,,1,100,,31824,41,,,1,100,,31822,41,,,1,99,,31823,41,,,2,98,,31825,41,,,2,100,,31826,41,,,1
5200,'Dimanche-3',655,,31828,41,,,1,100,,31827,41,,,2,101,,31829,41,,,1,100,,31830,41,,,2,100,,31832,41,,,1,102,,31837,41,,,1,100,,31831,41,,,2,100,,31834,41,,,1,99,,31835,41,,,1,101,,31833,41,,,1,100,,31836,41,,,1,99,,31843,41,,,1,99,,31842,41,,,1,100,,31838,41,,,1,100,,31844,41,,,1,99,,31841,41,,,2,98,,31840,41,,,2,100,,31839,41,,,1
5200,'Semaine-4',626,,31848,41,,,1,99,,31850,41,,,1,110,,31845,41,,,1,94,,31861,41,,,2,98,,31859,41,,,1,101,,31846,41,,,2,100,,31853,41,,,1,100,,31852,41,,,1,100,,31849,41,,,1,102,,31847,41,,,1,108,,31851,41,,,1,99,,31862,41,,,1,106,,31860,41,,,1,100,,31854,41,,,1,83,,31858,41,,,1,100,,31857,41,,,2,99,,31855,41,,,1,100,,31856,41,,,1
5200,'Samedi-10-_26ÉTÉ-0000010-',655,,41440,41,,,1,100,,41441,41,,,2,101,,41442,41,,,1,100,,41443,41,,,2,100,,41444,41,,,1,102,,41445,41,,,1,100,,41446,41,,,2,100,,41447,41,,,2,99,,41448,41,,,1,101,,41449,41,,,2,100,,41450,41,,,1,99,,41451,41,,,1,99,,41452,41,,,1,100,,41455,41,,,1,100,,41453,41,,,1,99,,41454,41,,,2,98,,41456,41,,,2,100,,41457,41,,,1
5200,'Semaine-2-_26ÉTÉ-1111100-',626,,41461,41,,,1,99,,41463,41,,,1,110,,41458,41,,,1,96,,41474,41,,,1,97,,41472,41,,,2,100,,41459,41,,,1,100,,41466,41,,,1,100,,41465,41,,,1,100,,41462,41,,,1,101,,41460,41,,,1,108,,41464,41,,,1,102,,41475,41,,,1,104,,41473,41,,,1,100,,41467,41,,,1,83,,41471,41,,,1,100,,41470,41,,,1,99,,41468,41,,,1,100,,41469,41,,,1
5200,'Semaine-3-_26ÉTÉ-1111100-',626,,41479,41,,,1,99,,41481,41,,,1,110,,41476,41,,,1,96,,41492,41,,,1,97,,41490,41,,,2,100,,41477,41,,,1,100,,41484,41,,,1,100,,41483,41,,,1,100,,41480,41,,,1,101,,41478,41,,,1,108,,41482,41,,,1,102,,41493,41,,,1,104,,41491,41,,,1,100,,41485,41,,,1,83,,41489,41,,,1,100,,41488,41,,,1,99,,41486,41,,,1,100,,41487,41,,,1
5200,'Semaine-4-_26ÉTÉ-1111100-',626,,41497,41,,,1,99,,41499,41,,,1,110,,41494,41,,,1,96,,41510,41,,,1,97,,41508,41,,,2,100,,41495,41,,,1,100,,41502,41,,,1,100,,41501,41,,,1,100,,41498,41,,,1,101,,41496,41,,,1,108,,41500,41,,,1,102,,41511,41,,,1,104,,41509,41,,,1,100,,41503,41,,,1,83,,41507,41,,,1,100,,41506,41,,,1,99,,41504,41,,,1,100,,41505,41,,,1
74000,'Semaine-4',1648,,34857,37,0,5 11,1
