7101,'Samedi-3',742,,33314,14,,,2,100,,33313,14,,,2,100,,33318,14,,,1,100,,33316,14,,,1,100,,33317,14,,,1,100,,33312,14,,,1,102,,33315,14,,,1,99,,33319,14,,,2,99,,33320,14,,,2,100,,33321,14,,,2,100,,33322,14,,,2,100,,33323,14,,,2,100,,33324,14,,,1,100,,33325,14,,,1,100,,33326,14,,,2,100,,33327,14,,,1
7101,'Dimanche-3',742,,33333,14,,,2,100,,33332,14,,,2,100,,33334,14,,,1,100,,33335,14,,,1,100,,33330,14,,,1,100,,33329,14,,,1,102,,33331,14,,,1,99,,33328,14,,,2,99,,33338,14,,,2,100,,33339,14,,,2,100,,33340,14,,,2,100,,33341,14,,,2,100,,33336,14,,,1,100,,33337,14,,,1,100,,33343,14,,,2,100,,33342,14,,,1
7101,'Semaine-4',545,,33361,14,,,1,62,,33378,14,,,1,15,,33379,14,,,2,21,,33362,14,,,1,60,,33363,14,,,2,15,,33373,14,,,2,20,,33355,14,,,2,17,,33358,14,,,1,59,,33381,14,,,1,27,,33344,14,,,2,70,,33371,14,,,1,30,,33370,14,,,1,70,,33349,14,,,2,30,,33383,14,,,1,70,,33369,14,,,1,30,,33372,14,,,2,70,,33382,14,,,1,30,,33345,14,,,2,70,,33347,14,,,1,30,,33359,14,,,1,71,,33348,14,,,1,30,,33380,14,,,1,70,,33375,14,,,1,13,,33364,14,,,1,16,,33367,14,,,1,16,,33365,14,,,1,55,,33350,14,,,2,20,,33356,14,,,1,10,,33377,14,,,1,15,,33346,14,,,1,55,,33376,14,,,1,20,,33351,14,,,1,20,,33354,14,,,1,69,,33352,14,,,1,30,,33353,14,,,1,100,,33368,14,,,1,100,,33366,14,,,1,100,,33360,14,,,1,100,,33374,14,,,1,100,,33357,14,,,1
7101,'Samedi-10-_26ÉTÉ-0000010-',742,,44048,14,,,2,100,,44047,14,,,2,100,,44052,14,,,1,100,,44050,14,,,1,100,,44051,14,,,1,100,,44046,14,,,1,102,,44049,14,,,1,99,,44053,14,,,2,99,,44054,14,,,2,100,,44055,14,,,2,100,,44056,14,,,2,100,,44057,14,,,2,100,,44058,14,,,1,100,,44059,14,,,1,100,,44060,14,,,2,100,,44061,14,,,1
7101,'Semaine-2-_26ÉTÉ-1111100-',545,,44079,14,,,2,62,,44096,14,,,2,16,,44097,14,,,2,20,,44080,14,,,1,60,,44081,14,,,1,15,,44091,14,,,1,20,,44073,14,,,1,15,,44076,14,,,2,58,,44099,14,,,2,30,,44062,14,,,1,70,,44089,14,,,1,30,,44088,14,,,1,70,,44067,14,,,1,30,,44101,14,,,2,70,,44087,14,,,1,30,,44090,14,,,1,70,,44100,14,,,2,30,,44063,14,,,1,70,,44065,14,,,2,30,,44077,14,,,2,71,,44066,14,,,1,30,,44098,14,,,2,70,,44093,14,,,2,15,,44082,14,,,2,15,,44085,14,,,1,15,,44083,14,,,1,56,,44068,14,,,1,19,,44074,14,,,1,11,,44095,14,,,1,15,,44064,14,,,2,54,,44094,14,,,1,20,,44069,14,,,2,20,,44072,14,,,2,69,,44070,14,,,1,30,,44071,14,,,2,100,,44086,14,,,1,100,,44084,14,,,1,100,,44078,14,,,1,101,,44092,14,,,2,99,,44075,14,,,1
7101,'Semaine-3-_26ÉTÉ-1111100-',545,,44119,14,,,2,62,,44136,14,,,2,16,,44137,14,,,2,20,,44120,14,,,1,60,,44121,14,,,1,15,,44131,14,,,1,20,,44113,14,,,1,15,,44116,14,,,2,58,,44139,14,,,2,30,,44102,14,,,1,70,,44129,14,,,1,30,,44128,14,,,1,70,,44107,14,,,1,30,,44141,14,,,2,70,,44127,14,,,1,30,,44130,14,,,1,70,,44140,14,,,2,30,,44103,14,,,1,70,,44105,14,,,2,30,,44117,14,,,2,71,,44106,14,,,1,30,,44138,14,,,2,70,,44133,14,,,2,15,,44122,14,,,2,15,,44125,14,,,1,15,,44123,14,,,1,56,,44108,14,,,1,19,,44114,14,,,1,11,,44135,14,,,1,15,,44104,14,,,2,54,,44134,14,,,1,20,,44109,14,,,2,20,,44112,14,,,2,69,,44110,14,,,1,30,,44111,14,,,2,100,,44126,14,,,1,100,,44124,14,,,1,100,,44118,14,,,1,101,,44132,14,,,2,99,,44115,14,,,1
7101,'Semaine-4-_26ÉTÉ-1111100-',545,,44159,14,,,2,62,,44176,14,,,2,16,,44177,14,,,2,20,,44160,14,,,1,60,,44161,14,,,1,15,,44171,14,,,1,20,,44153,14,,,1,15,,44156,14,,,2,58,,44179,14,,,2,30,,44142,14,,,1,70,,44169,14,,,1,30,,44168,14,,,1,70,,44147,14,,,1,30,,44181,14,,,2,70,,44167,14,,,1,30,,44170,14,,,1,70,,44180,14,,,2,30,,44143,14,,,1,70,,44145,14,,,2,30,,44157,14,,,2,71,,44146,14,,,1,30,,44178,14,,,2,70,,44173,14,,,2,15,,44162,14,,,2,15,,44165,14,,,1,15,,44163,14,,,1,56,,44148,14,,,1,19,,44154,14,,,1,11,,44175,14,,,1,15,,44144,14,,,2,54,,44174,14,,,1,20,,44149,14,,,2,20,,44152,14,,,2,69,,44150,14,,,1,30,,44151,14,,,2,100,,44166,14,,,1,100,,44164,14,,,1,100,,44158,14,,,1,101,,44172,14,,,2,99,,44155,14,,,1
57101,'Semaine-4',643,,34830,14,0,5 6,2
57101,'Semaine-2-_26ÉTÉ-1111100-',643,,46773,14,0,5 6,1
57101,'Semaine-3-_26ÉTÉ-1111100-',643,,46774,14,0,5 6,1
57101,'Semaine-4-_26ÉTÉ-1111100-',643,,46775,14,0,5 6,1
