2000,'Semaine-3',645,,24571,6,,,1,101,,24570,6,,,2,97,,24569,6,,,1
2300,'Semaine-3',1538,,24580,9,,,1,70,,24578,9,,,1,30,,24576,9,,,2,69,,24577,9,,,1,27,,24579,9,,,1,69,,24575,9,,,1
2500,'Semaine-3',1523,,24586,8,,,1,30,,24589,8,,,1,70,,24587,8,,,1,31,,24591,8,,,1,68,,24588,8,,,1,27,,24590,8,,,1
3500,'Semaine-3',636,,25412,16,0,15 16,1,77,,25386,16,0,15 16,1,33,,25397,16,0,15 16,1,57,,25415,16,0,15 16,1,33,,25421,16,0,15 16,1,11,,25419,16,0,15 16,1,4,,25405,16,0,15 16,1,7,,25417,16,0,15 16,1,59,,25410,16,0,15 16,1,21,,25416,16,0,15 16,1,70,,25394,16,0,15 16,2,27,,25408,16,0,15 16,1,74,,25388,16,0,15 16,1,30,,25392,16,0,15 16,1,70,,25403,16,0,15 16,1,30,,25387,16,0,15 16,1,70,,25398,16,0,15 16,1,30,,25420,16,0,15 16,1,70,,25406,16,0,15 16,1,30,,25389,16,0,15 16,1,74,,25402,16,,,2,28,,25404,16,0,15 16,2,63,,25395,9,0,15 16,1,15,,25407,16,,,2,13,,25401,9,0,15 16,1,16,,25411,16,,,1,67,,25413,16,0,15 16,2,30,,25393,16,,,1,65,,25391,16,0,15 16,2,15,,25399,9,0,15 16,1,21,,25422,16,,,2,61,,25409,16,0,15 16,1,35,,25396,16,,,2,63,,25400,16,,,1,103,,25414,16,,,1,100,,25418,16,,,1,97,,25390,16,0,15 16,1
3800,'Samedi-11',737,,25636,9,,,1,71,,25629,9,,,1,23,,25630,9,,,1,77,,25641,9,,,1,28,,25633,9,,,1,72,,25631,9,,,1,28,,25642,9,,,1,72,,25634,9,,,1,28,,25640,9,,,1,72,,25632,9,,,1,27,,25635,9,,,1,74,,25639,9,,,1,27,,25637,9,,,1,72,,25638,9,,,1,28,,25643,9,,,1,73,,25644,9,,,1,27,,25645,9,,,1,73,,25646,9,,,1,24,,25647,9,,,1,75,,25648,9,,,1,27,,25649,9,,,1,73,,25650,9,,,1,27,,25651,9,,,1,73,,25652,9,,,1,29,,25653,9,,,1,71,,25654,9,,,1,29,,25656,9,,,1,71,,25655,9,,,1,30,,25658,9,,,1,70,,25657,9,,,1,30,,25659,9,,,1,70,,25660,9,,,1,30,,25661,9,,,1
3800,'Samedi-2',737,,25669,9,,,1,71,,25662,9,,,1,23,,25663,9,,,1,77,,25674,9,,,1,28,,25666,9,,,1,72,,25664,9,,,1,28,,25675,9,,,1,72,,25667,9,,,1,28,,25673,9,,,1,72,,25665,9,,,1,27,,25668,9,,,1,74,,25672,9,,,1,27,,25670,9,,,1,72,,25671,9,,,1,28,,25676,9,,,1,73,,25677,9,,,1,27,,25678,9,,,1,73,,25679,9,,,1,24,,25680,9,,,1,75,,25681,9,,,1,27,,25682,9,,,1,73,,25683,9,,,1,27,,25684,9,,,1,73,,25685,9,,,1,29,,25686,9,,,1,71,,25687,9,,,1,29,,25689,9,,,1,71,,25688,9,,,1,30,,25691,9,,,1,70,,25690,9,,,1,30,,25692,9,,,1,70,,25693,9,,,1,30,,25694,9,,,1
3800,'Dimanche-2',737,,25704,9,,,1,71,,25702,9,,,1,23,,25700,9,,,1,77,,25707,9,,,1,28,,25695,9,,,1,72,,25696,9,,,1,28,,25708,9,,,1,72,,25703,9,,,1,28,,25697,9,,,1,72,,25698,9,,,1,27,,25701,9,,,1,74,,25699,9,,,1,27,,25710,9,,,1,72,,25712,9,,,1,28,,25705,9,,,1,73,,25711,9,,,1,27,,25713,9,,,1,73,,25706,9,,,1,24,,25709,9,,,1,75,,25717,9,,,1,27,,25722,9,,,1,73,,25719,9,,,1,27,,25718,9,,,1,73,,25716,9,,,1,29,,25721,9,,,1,71,,25726,9,,,1,29,,25724,9,,,1,71,,25714,9,,,1,30,,25715,9,,,1,70,,25725,9,,,1,30,,25723,9,,,1,70,,25720,9,,,1,30,,25727,9,,,1
3800,'Semaine-3',649,,25744,9,,,1,60,,25760,9,,,1,32,,25755,9,,,1,70,,25768,9,,,1,30,,25765,9,,,1,70,,25741,9,,,1,19,,25737,9,,,1,20,,25748,9,,,1,60,,25733,9,,,1,20,,25757,9,,,1,20,,25742,9,,,1,60,,25738,9,,,1,20,,25749,9,,,1,20,,25734,9,,,1,60,,25756,9,,,1,20,,25767,9,,,1,20,,25739,9,,,1,60,,25750,9,,,1,21,,25758,9,,,1,20,,25769,9,,,1,60,,25743,9,,,1,20,,25740,9,,,1,21,,25751,9,,,1,69,,25764,9,,,1,32,,25729,9,,,1,72,,25753,9,,,1,33,,25762,9,,,1,65,,25752,9,,,1,25,,25766,9,,,1,71,,25732,9,,,1,30,,25763,9,,,1,70,,25746,9,,,1,30,,25754,9,,,1,70,,25759,9,,,1,30,,25761,9,,,1,70,,25745,9,,,1,30,,25731,9,,,1,70,,25747,9,,,1,30,,25735,9,,,1,70,,25730,9,,,1,30,,25728,9,,,1,68,,25736,9,,,1
10000,'Semaine-3',1518,,29191,9,,,1,8,,29193,9,,,1,9,,29178,9,,,1,8,,29179,9,,,1,8,,29180,9,,,1,49,,29192,9,,,1,9,,29181,9,,,1,11,,29182,9,,,1,7,,29183,9,,,1,9,,29184,9,,,1,10,,29185,9,,,1,10,,29186,9,,,1,52,,29187,9,,,1,10,,29188,9,,,1,8,,29189,9,,,1,11,,29190,9,,,1
40000,'Samedi-11',608,,29437,9,,,1,20,,29438,9,,,1,15,,29441,9,,,1,15,,29446,9,,,1,55,,29455,9,,,1,15,,29456,9,,,1,15,,29439,9,,,1,15,,29443,9,,,1,55,,29440,9,,,1,15,,29464,9,,,1,15,,29442,9,,,1,15,,29445,9,,,1,55,,29444,9,,,1,15,,29447,9,,,1,15,,29465,9,,,1,15,,29463,9,,,1,55,,29466,9,,,1,16,,29448,9,,,1,14,,29450,9,,,1,15,,29453,9,,,1,55,,29454,9,,,1,15,,29449,9,,,1,15,,29460,9,,,1,15,,29462,9,,,1,55,,29467,9,,,1,15,,29452,9,,,1,15,,29451,9,,,1,15,,29457,9,,,1,56,,29458,9,,,1,15,,29459,9,,,1,15,,29468,9,,,1,15,,29461,9,,,1,55,,29469,9,,,1,15,,29470,9,,,1,15,,29471,9,,,1,15,,29472,9,,,1,55,,29473,9,,,1,15,,29474,9,,,1,15,,29475,9,,,1,15,,29476,9,,,1,55,,29477,9,,,1,15,,29478,9,,,1,15,,29479,9,,,1,15,,29480,9,,,1,55,,29481,9,,,1,14,,29482,9,,,1,16,,29483,9,,,1,15,,29484,9,,,1,55,,29490,9,,,1,15,,29485,9,,,1,15,,29486,9,,,1,15,,29487,9,,,1,54,,29488,9,,,1,15,,29489,9,,,1,15,,29493,9,,,1,16,,29491,9,,,1,54,,29492,9,,,1,16,,29497,9,,,1,14,,29496,9,,,1,15,,29495,9,,,1,55,,29494,9,,,1,15,,29501,9,,,1,15,,29498,9,,,1,15,,29499,9,,,1,55,,29500,9,,,1,15,,29508,9,,,1,15,,29503,9,,,1,15,,29502,9,,,1,55,,29504,9,,,1,15,,29505,9,,,1,14,,29506,9,,,1,15,,29507,9,,,1,55,,29509,9,,,1
40000,'Samedi-2',608,,29510,9,,,1,20,,29511,9,,,1,15,,29514,9,,,1,15,,29519,9,,,1,55,,29528,9,,,1,15,,29529,9,,,1,15,,29512,9,,,1,15,,29516,9,,,1,55,,29513,9,,,1,15,,29537,9,,,1,15,,29515,9,,,1,15,,29518,9,,,1,55,,29517,9,,,1,15,,29520,9,,,1,15,,29538,9,,,1,15,,29536,9,,,1,55,,29539,9,,,1,16,,29521,9,,,1,14,,29523,9,,,1,15,,29526,9,,,1,55,,29527,9,,,1,15,,29522,9,,,1,15,,29533,9,,,1,15,,29535,9,,,1,55,,29540,9,,,1,15,,29525,9,,,1,15,,29524,9,,,1,15,,29530,9,,,1,56,,29531,9,,,1,15,,29532,9,,,1,15,,29541,9,,,1,15,,29534,9,,,1,55,,29542,9,,,1,15,,29543,9,,,1,15,,29544,9,,,1,15,,29545,9,,,1,55,,29546,9,,,1,15,,29547,9,,,1,15,,29548,9,,,1,15,,29549,9,,,1,55,,29550,9,,,1,15,,29551,9,,,1,15,,29552,9,,,1,15,,29553,9,,,1,55,,29554,9,,,1,14,,29555,9,,,1,16,,29556,9,,,1,15,,29557,9,,,1,55,,29563,9,,,1,15,,29558,9,,,1,15,,29559,9,,,1,15,,29560,9,,,1,54,,29561,9,,,1,15,,29562,9,,,1,15,,29566,9,,,1,16,,29564,9,,,1,54,,29565,9,,,1,16,,29570,9,,,1,14,,29569,9,,,1,15,,29568,9,,,1,55,,29567,9,,,1,15,,29574,9,,,1,15,,29571,9,,,1,15,,29572,9,,,1,55,,29573,9,,,1,15,,29581,9,,,1,15,,29576,9,,,1,15,,29575,9,,,1,55,,29577,9,,,1,15,,29578,9,,,1,14,,29579,9,,,1,15,,29580,9,,,1,55,,29582,9,,,1
40000,'Dimanche-2',608,,29583,9,,,1,20,,29585,9,,,1,15,,29590,9,,,1,15,,29596,9,,,1,55,,29598,9,,,1,15,,29584,9,,,1,15,,29587,9,,,1,15,,29594,9,,,1,55,,29601,9,,,1,15,,29605,9,,,1,15,,29589,9,,,1,15,,29597,9,,,1,55,,29608,9,,,1,15,,29586,9,,,1,15,,29588,9,,,1,15,,29595,9,,,1,55,,29602,9,,,1,16,,29603,9,,,1,14,,29619,9,,,1,15,,29618,9,,,1,55,,29609,9,,,1,15,,29600,9,,,1,15,,29610,9,,,1,15,,29613,9,,,1,55,,29622,9,,,1,15,,29591,9,,,1,15,,29620,9,,,1,15,,29617,9,,,1,56,,29621,9,,,1,15,,29599,9,,,1,15,,29592,9,,,1,15,,29623,9,,,1,55,,29614,9,,,1,15,,29606,9,,,1,15,,29604,9,,,1,15,,29611,9,,,1,55,,29616,9,,,1,15,,29626,9,,,1,15,,29593,9,,,1,15,,29628,9,,,1,55,,29615,9,,,1,15,,29607,9,,,1,15,,29638,9,,,1,15,,29612,9,,,1,55,,29647,9,,,1,14,,29633,9,,,1,16,,29637,9,,,1,15,,29653,9,,,1,55,,29644,9,,,1,15,,29625,9,,,1,15,,29639,9,,,1,15,,29629,9,,,1,54,,29646,9,,,1,15,,29632,9,,,1,15,,29636,9,,,1,16,,29652,9,,,1,54,,29645,9,,,1,16,,29624,9,,,1,13,,29649,9,,,1,16,,29643,9,,,1,55,,29651,9,,,1,15,,29627,9,,,1,15,,29631,9,,,1,15,,29635,9,,,1,55,,29641,9,,,1,15,,29655,9,,,1,15,,29648,9,,,1,15,,29642,9,,,1,55,,29650,9,,,1,15,,29654,9,,,1,14,,29630,9,,,1,15,,29634,9,,,1,55,,29640,9,,,1
40000,'Semaine-3',543,,29656,9,,,1,15,,29662,9,,,1,56,,29685,9,,,1,15,,29700,9,,,1,15,,29690,9,,,1,15,,29748,9,,,1,50,,29720,9,,,1,10,,29672,9,,,1,14,,29719,9,,,1,15,,29714,9,,,1,11,,29715,9,,,1,51,,29670,9,,,1,12,,29692,9,,,1,11,,29694,9,,,1,12,,29741,9,,,1,12,,29711,9,,,1,52,,29665,9,,,1,15,,29674,9,,,1,7,,29660,9,,,1,10,,29663,9,,,1,10,,29716,9,,,1,50,,29682,9,,,1,10,,29695,9,,,1,10,,29688,9,,,1,10,,29689,9,,,1,10,,29721,9,,,1,10,,29701,9,,,1,50,,29712,9,,,1,10,,29666,9,,,1,10,,29675,9,,,1,10,,29664,9,,,1,11,,29742,9,,,1,12,,29717,9,,,1,47,,29683,9,,,1,10,,29696,9,,,1,10,,29687,9,,,1,10,,29679,9,,,1,10,,29708,9,,,1,11,,29691,9,,,1,2,,29702,9,,,1,47,,29713,9,,,1,11,,29667,9,,,1,10,,29677,9,,,1,10,,29669,9,,,1,10,,29659,9,,,1,10,,29718,9,,,1,50,,29699,9,,,1,10,,29697,9,,,1,6,,29709,9,,,1,6,,29686,9,,,1,6,,29678,9,,,1,6,,29726,9,,,1,8,,29727,9,,,1,3,,29728,9,,,1,5,,29729,9,,,1,6,,29730,9,,,1,47,,29740,9,,,1,4,,29746,9,,,1,4,,29731,9,,,1,234,,29732,9,,,1,4,,29733,9,,,1,5,,29734,9,,,1,46,,29735,9,,,1,5,,29747,9,,,1,5,,29736,9,,,1,6,,29737,9,,,1,9,,29738,9,,,1,12,,29739,9,,,1,12,,29703,9,,,1,52,,29704,9,,,1,12,,29698,9,,,1,12,,29724,9,,,1,12,,29707,9,,,1,12,,29693,9,,,1,52,,29671,9,,,1,12,,29743,9,,,1,12,,29676,9,,,1,12,,29744,9,,,1,11,,29684,9,,,1,52,,29705,9,,,1,12,,29745,9,,,1,14,,29681,9,,,1,15,,29725,9,,,1,15,,29723,9,,,1,55,,29668,9,,,1,15,,29657,9,,,1,15,,29673,9,,,1,15,,29706,9,,,1,55,,29680,9,,,1,14,,29710,9,,,1,15,,29722,9,,,1,13,,29661,9,,,1,57,,29658,9,,,1
