3201,'Semaine-3',548,,24929,38,,,1,61,,24928,38,,,1,19,,24920,38,,,1,20,,24930,38,,,1,9,,24910,38,,,1,49,,24931,38,,,1,12,,24911,38,,,2,10,,24912,38,,,1,13,,24904,38,,,1,9,,24907,38,,,1,7,,24933,38,,,1,49,,24913,38,,,1,9,,24908,38,,,1,9,,24921,38,,,1,8,,24903,38,,,2,6,,24914,38,,,1,8,,24932,38,,,1,8,,24902,38,,,1,51,,24901,38,,,1,11,,24906,38,,,1,2,,24909,38,,,1,10,,24915,38,,,2,20,,24889,38,,,2,70,,24899,39,,,1,30,,24892,39,,,1,70,,24895,39,,,2,30,,24888,39,,,2,70,,24898,39,,,1,30,,24893,39,,,1,70,,24900,39,,,1,31,,24882,39,,,1,69,,24887,39,,,1,31,,24894,39,,,1,74,,24905,39,,,1,30,,24922,39,,,1,70,,24923,39,,,1,30,,24924,39,,,2,67,,24925,39,,,2,31,,24926,39,,,1,69,,24927,39,,,1,28,,24885,39,,,2,69,,24883,39,,,1,36,,24896,39,,,1,62,,24891,39,,,1,30,,24886,39,,,2,70,,24884,39,,,1,30,,24897,39,,,1,68,,24890,39,,,1,30,,24917,39,,,2,70,,24916,39,,,1,30,,24918,39,,,1,73,,24919,39,,,1
3401,'Samedi-11',734,,25260,60,,,1,100,,25263,60,,,2,70,,25272,60,,,1,33,,25261,60,,,1,70,,25266,60,,,1,30,,25268,60,,,1,70,,25262,60,,,2,30,,25271,60,,,1,73,,25264,60,,,1,30,,25273,60,,,1,70,,25265,60,,,1,30,,25267,60,,,1,70,,25269,60,,,2,30,,25270,60,,,2,70,,25274,60,,,1,31,,25275,60,,,2,70,,25276,60,,,1,30,,25277,60,,,1,70,,25278,60,,,1,29,,25279,60,,,1,70,,25280,60,,,2,29,,25281,60,,,1,67,,25282,60,,,1,30,,25284,60,,,1,70,,25283,60,,,2,30,,25285,60,,,1,70,,25286,60,,,1,28,,25287,60,,,1,70,,25289,60,,,1,30,,25288,60,,,1,70,,25290,60,,,1,55,,25291,60,,,1
3401,'Samedi-2',734,,25292,60,,,1,100,,25295,60,,,2,70,,25304,60,,,1,33,,25293,60,,,1,70,,25298,60,,,1,30,,25300,60,,,1,70,,25294,60,,,2,30,,25303,60,,,1,73,,25296,60,,,1,30,,25305,60,,,1,70,,25297,60,,,1,30,,25299,60,,,1,70,,25301,60,,,2,30,,25302,60,,,2,70,,25306,60,,,1,31,,25307,60,,,2,70,,25308,60,,,1,30,,25309,60,,,1,70,,25310,60,,,1,29,,25311,60,,,1,70,,25312,60,,,2,29,,25313,60,,,1,67,,25314,60,,,1,30,,25316,60,,,1,70,,25315,60,,,2,30,,25317,60,,,1,70,,25318,60,,,1,28,,25319,60,,,1,70,,25321,60,,,1,30,,25320,60,,,1,70,,25322,60,,,1,55,,25323,60,,,1
3401,'Dimanche-2',734,,25325,60,,,1,100,,25336,60,,,2,70,,25329,60,,,1,33,,25332,60,,,1,70,,25331,60,,,1,30,,25340,60,,,1,70,,25337,60,,,2,30,,25324,60,,,1,73,,25335,60,,,1,30,,25328,60,,,1,70,,25326,60,,,1,30,,25327,60,,,1,70,,25330,60,,,2,30,,25338,60,,,2,70,,25334,60,,,1,31,,25333,60,,,2,70,,25339,60,,,1,30,,25344,60,,,1,70,,25342,60,,,1,29,,25348,60,,,1,70,,25351,60,,,2,29,,25341,60,,,1,67,,25350,60,,,1,30,,25343,60,,,1,70,,25347,60,,,2,30,,25354,60,,,1,70,,25346,60,,,1,28,,25345,60,,,1,70,,25352,60,,,1,30,,25353,60,,,1,70,,25349,60,,,1,55,,25355,60,,,1
3401,'Semaine-3',947,,25381,59,,,1,66,,25361,59,,,1,30,,25365,60,,,1,70,,25385,60,,,1,30,,25358,60,,,1,70,,25362,60,,,1,30,,25366,60,,,1,70,,25356,60,,,1,30,,25359,60,,,1,70,,25363,60,,,1,33,,25367,60,,,1,70,,25360,60,,,1,32,,25382,60,,,1,73,,25357,60,,,1,31,,25383,60,,,1,71,,25384,60,,,2,26,,25378,60,,,1,68,,25374,60,,,1,26,,25364,60,,,1,69,,25371,60,,,1,29,,25380,60,,,1,69,,25368,60,,,1,30,,25370,60,,,1,70,,25372,60,,,1,30,,25376,60,,,1,70,,25369,60,,,1,30,,25375,60,,,1,68,,25373,60,,,1,30,,25377,60,,,1,70,,25379,60,,,1
3601,'Semaine-3',925,,25465,48,,,1,90,,25463,49,,,1,99,,25466,49,,,1,102,,25464,49,,,1,99,,25469,49,,,1,100,,25468,49,,,1,101,,25467,49,,,1
3701,'Samedi-11',720,,25554,41,,,1,100,,25559,41,,,1,100,,25553,41,,,1,103,,25558,41,,,1,101,,25555,41,,,1,99,,25556,41,,,1,100,,25560,41,,,1,104,,25557,41,,,1,100,,25561,41,,,1,100,,25562,41,,,1,100,,25563,41,,,1,95,,25564,41,,,1,100,,25565,41,,,1,102,,25566,41,,,1,98,,25567,41,,,1,96,,25568,41,,,1,98,,25569,41,,,1
3701,'Samedi-2',720,,25571,41,,,1,100,,25576,41,,,1,100,,25570,41,,,1,103,,25575,41,,,1,101,,25572,41,,,1,99,,25573,41,,,1,100,,25577,41,,,1,104,,25574,41,,,1,100,,25578,41,,,1,100,,25579,41,,,1,100,,25580,41,,,1,95,,25581,41,,,1,100,,25582,41,,,1,102,,25583,41,,,1,98,,25584,41,,,1,96,,25585,41,,,1,98,,25586,41,,,1
3701,'Dimanche-2',720,,25587,41,,,1,100,,25591,41,,,1,100,,25592,41,,,1,103,,25594,41,,,1,101,,25593,41,,,1,99,,25589,41,,,1,100,,25588,41,,,1,104,,25590,41,,,1,100,,25595,41,,,1,100,,25599,41,,,1,100,,25602,41,,,1,95,,25596,41,,,1,100,,25597,41,,,1,102,,25603,41,,,1,98,,25601,41,,,1,96,,25598,41,,,1,98,,25600,41,,,1
3701,'Semaine-3',547,,25617,40,,,1,72,,25615,40,,,1,35,,25619,40,,,1,66,,25609,40,,,1,37,,25626,40,,,1,61,,25606,40,,,1,12,,25627,40,,,1,26,,25608,40,,,1,101,,25625,40,,,1,98,,25613,41,,,1,102,,25607,41,,,1,100,,25605,41,,,1,100,,25610,41,,,1,101,,25621,41,,,1,101,,25604,41,,,1,73,,25620,41,,,1,70,,25623,41,,,1,29,,25618,41,,,1,28,,25624,41,,,1,66,,25628,41,,,1,85,,25612,41,,,1,98,,25622,41,,,1,100,,25614,41,,,1,100,,25611,41,,,1,95,,25616,41,,,1
3801,'Samedi-11',733,,25774,28,,,1,70,,25770,28,,,1,30,,25782,28,,,1,71,,25775,28,,,1,29,,25771,28,,,1,72,,25783,28,,,1,28,,25776,28,,,1,73,,25780,28,,,1,27,,25772,28,,,1,74,,25777,28,,,1,30,,25781,28,,,1,70,,25773,28,,,1,30,,25778,28,,,1,72,,25779,28,,,1,28,,25784,28,,,1,72,,25785,28,,,1,28,,25786,28,,,1,72,,25787,28,,,1,28,,25788,28,,,1,71,,25789,28,,,1,29,,25790,28,,,1,70,,25791,28,,,1,26,,25792,28,,,1,71,,25794,28,,,1,29,,25793,28,,,1,71,,25796,28,,,1,29,,25795,28,,,1,71,,25797,28,,,1,29,,25798,28,,,1,70,,25802,28,,,1,30,,25799,28,,,1,70,,25800,28,,,1,31,,25801,28,,,1
3801,'Samedi-2',733,,25807,28,,,1,70,,25803,28,,,1,30,,25815,28,,,1,71,,25808,28,,,1,29,,25804,28,,,1,72,,25816,28,,,1,28,,25809,28,,,1,73,,25813,28,,,1,27,,25805,28,,,1,74,,25810,28,,,1,30,,25814,28,,,1,70,,25806,28,,,1,30,,25811,28,,,1,72,,25812,28,,,1,28,,25817,28,,,1,72,,25818,28,,,1,28,,25819,28,,,1,72,,25820,28,,,1,28,,25821,28,,,1,71,,25822,28,,,1,29,,25823,28,,,1,70,,25824,28,,,1,26,,25825,28,,,1,71,,25827,28,,,1,29,,25826,28,,,1,71,,25829,28,,,1,29,,25828,28,,,1,71,,25830,28,,,1,29,,25831,28,,,1,70,,25835,28,,,1,30,,25832,28,,,1,70,,25833,28,,,1,31,,25834,28,,,1
3801,'Dimanche-2',733,,25843,28,,,1,70,,25839,28,,,1,30,,25850,28,,,1,71,,25842,28,,,1,29,,25836,28,,,1,72,,25851,28,,,1,28,,25845,28,,,1,73,,25837,28,,,1,27,,25849,28,,,1,74,,25844,28,,,1,30,,25838,28,,,1,70,,25840,28,,,1,30,,25841,28,,,1,72,,25847,28,,,1,28,,25853,28,,,1,72,,25854,28,,,1,28,,25848,28,,,1,72,,25852,28,,,1,28,,25858,28,,,1,71,,25863,28,,,1,29,,25864,28,,,1,70,,25859,28,,,1,26,,25846,28,,,1,71,,25861,28,,,1,29,,25856,28,,,1,71,,25857,28,,,1,29,,25860,28,,,1,71,,25862,28,,,1,29,,25866,28,,,1,70,,25865,28,,,1,30,,25855,28,,,1,70,,25867,28,,,1,31,,25868,28,,,1
3801,'Semaine-3',642,,25897,29,,,1,72,,25869,29,,,1,30,,25896,29,,,1,58,,25907,29,,,1,21,,25903,29,,,1,27,,25885,29,,,1,67,,25905,29,,,1,29,,25892,28,,,1,59,,25875,28,,,1,20,,25901,28,,,1,20,,25886,28,,,1,60,,25878,28,,,1,22,,25893,28,,,1,20,,25876,28,,,1,60,,25900,28,,,1,21,,25906,28,,,1,22,,25879,28,,,1,60,,25908,28,,,1,22,,25894,28,,,1,18,,25899,28,,,1,58,,25887,28,,,1,20,,25880,28,,,1,19,,25895,28,,,1,61,,25909,28,,,1,23,,25882,28,,,1,22,,25888,28,,,1,70,,25902,28,,,1,31,,25877,28,,,1,69,,25884,28,,,1,28,,25874,28,,,1,70,,25910,28,,,1,17,,25871,28,,,1,21,,25904,28,,,1,69,,25873,28,,,1,30,,25883,28,,,1,70,,25891,28,,,1,30,,25898,28,,,1,70,,25881,28,,,1,30,,25889,28,,,1,69,,25890,28,,,1,29,,25870,28,,,1,85,,25872,28,,,1
5501,'Samedi-11',732,,26662,58,,,1,70,,26665,58,,,1,30,,26664,58,,,1,70,,26674,58,,,1,30,,26663,58,,,1,72,,26666,58,,,1,30,,26667,58,,,1,70,,26673,58,,,1,33,,26669,58,,,1,70,,26670,58,,,1,31,,26668,58,,,1,68,,26676,58,,,1,30,,26675,58,,,1,70,,26671,58,,,1,30,,26672,58,,,1,70,,26677,58,,,1,30,,26678,58,,,1,70,,26679,58,,,1,30,,26680,58,,,1,70,,26681,58,,,1,30,,26682,58,,,1,70,,26683,58,,,1,30,,26684,58,,,1,67,,26685,58,,,1,30,,26686,58,,,1,70,,26687,58,,,1,30,,26688,58,,,1,26,,26689,58,,,1,70,,26690,58,,,1,30,,26692,58,,,1,68,,26691,58,,,1,32,,26694,58,,,1,68,,26693,58,,,1
5501,'Samedi-2',732,,26695,58,,,1,70,,26698,58,,,1,30,,26697,58,,,1,70,,26707,58,,,1,30,,26696,58,,,1,72,,26699,58,,,1,30,,26700,58,,,1,70,,26706,58,,,1,33,,26702,58,,,1,70,,26703,58,,,1,31,,26701,58,,,1,68,,26709,58,,,1,30,,26708,58,,,1,70,,26704,58,,,1,30,,26705,58,,,1,70,,26710,58,,,1,30,,26711,58,,,1,70,,26712,58,,,1,30,,26713,58,,,1,70,,26714,58,,,1,30,,26715,58,,,1,70,,26716,58,,,1,30,,26717,58,,,1,67,,26718,58,,,1,30,,26719,58,,,1,70,,26720,58,,,1,30,,26721,58,,,1,26,,26722,58,,,1,70,,26723,58,,,1,30,,26725,58,,,1,68,,26724,58,,,1,32,,26727,58,,,1,68,,26726,58,,,1
5501,'Dimanche-2',732,,26729,58,,,1,70,,26734,58,,,1,30,,26730,58,,,1,70,,26738,58,,,1,30,,26741,58,,,1,72,,26733,58,,,1,30,,26745,58,,,1,70,,26739,58,,,1,33,,26740,58,,,1,70,,26731,58,,,1,31,,26728,58,,,1,68,,26735,58,,,1,30,,26742,58,,,1,70,,26732,58,,,1,30,,26743,58,,,1,70,,26737,58,,,1,30,,26736,58,,,1,70,,26746,58,,,1,30,,26750,58,,,1,70,,26744,58,,,1,30,,26747,58,,,1,70,,26757,58,,,1,30,,26754,58,,,1,67,,26759,58,,,1,30,,26760,58,,,1,70,,26748,58,,,1,30,,26751,58,,,1,26,,26749,58,,,1,70,,26752,58,,,1,30,,26753,58,,,1,68,,26756,58,,,1,31,,26758,58,,,1,69,,26755,58,,,1
5501,'Semaine-3',548,,26774,58,,,1,55,,26781,58,,,1,14,,26780,56,,,1,18,,26764,56,,,1,16,,26802,56,,,1,61,,26801,56,,,1,9,,26761,56,,,1,18,,26806,56,,,1,15,,26787,56,,,1,55,,26795,56,,,1,15,,26765,56,,,1,9,,26769,56,,,1,12,,26767,56,,,1,9,,26796,56,,,1,4,,26798,56,,,1,52,,26775,56,,,1,29,,26779,56,,,1,10,,26766,56,,,1,51,,26800,56,,,1,30,,26793,58,,,1,23,,26805,25,,,1,48,,26797,58,,,1,29,,26763,58,,,1,27,,26770,58,,,1,71,,26783,58,,,1,29,,26794,58,,,1,71,,26790,58,,,1,30,,26771,58,,,1,70,,26803,58,,,1,30,,26762,58,,,1,77,,26768,58,,,1,93,,26772,58,,,1,93,,26777,58,,,1,99,,26782,58,,,1,97,,26799,58,,,1,19,,26788,58,,,1,70,,26776,58,,,1,30,,26792,58,,,1,70,,26785,58,,,1,30,,26804,58,,,1,70,,26778,58,,,1,30,,26784,58,,,1,68,,26786,58,,,1,30,,26773,58,,,1,68,,26791,58,,,1,30,,26789,58,,,1
5901,'Samedi-11',742,,26987,47,,,1,70,,26994,47,,,1,33,,26991,47,,,1,70,,26996,47,,,1,31,,26988,47,,,1,70,,26993,47,,,1,31,,26992,47,,,1,70,,26995,47,,,1,30,,26999,47,,,1,71,,27000,47,,,1,30,,26989,47,,,1,70,,26990,47,,,1,30,,26998,47,,,1,70,,26997,47,,,1,30,,27001,47,,,1,70,,27002,47,,,1,30,,27003,47,,,1,70,,27004,47,,,1,30,,27005,47,,,1,70,,27006,47,,,1,30,,27007,47,,,1,70,,27008,47,,,1,30,,27009,47,,,1,66,,27010,47,,,1,30,,27011,47,,,1,71,,27013,47,,,1,30,,27012,47,,,1,68,,27014,47,,,1,30,,27015,47,,,1,70,,27016,47,,,1,30,,27018,47,,,1,67,,27017,47,,,1
5901,'Samedi-2',742,,27019,47,,,1,70,,27026,47,,,1,33,,27023,47,,,1,70,,27028,47,,,1,31,,27020,47,,,1,70,,27025,47,,,1,31,,27024,47,,,1,70,,27027,47,,,1,30,,27031,47,,,1,71,,27032,47,,,1,30,,27021,47,,,1,70,,27022,47,,,1,30,,27030,47,,,1,70,,27029,47,,,1,30,,27033,47,,,1,70,,27034,47,,,1,30,,27035,47,,,1,70,,27036,47,,,1,30,,27037,47,,,1,70,,27038,47,,,1,30,,27039,47,,,1,70,,27040,47,,,1,30,,27041,47,,,1,66,,27042,47,,,1,30,,27043,47,,,1,71,,27045,47,,,1,30,,27044,47,,,1,68,,27046,47,,,1,30,,27047,47,,,1,70,,27048,47,,,1,30,,27050,47,,,1,67,,27049,47,,,1
5901,'Dimanche-2',742,,27057,47,,,1,70,,27060,47,,,1,33,,27062,47,,,1,70,,27053,47,,,1,31,,27056,47,,,1,70,,27059,47,,,1,31,,27063,47,,,1,70,,27051,47,,,1,30,,27054,47,,,1,71,,27068,47,,,1,30,,27061,47,,,1,70,,27052,47,,,1,30,,27055,47,,,1,70,,27058,47,,,1,30,,27065,47,,,1,70,,27064,47,,,1,30,,27067,47,,,1,70,,27069,47,,,1,30,,27066,47,,,1,70,,27075,47,,,1,30,,27076,47,,,1,70,,27072,47,,,1,30,,27071,47,,,1,66,,27081,47,,,1,30,,27078,47,,,1,71,,27079,47,,,1,30,,27070,47,,,1,68,,27073,47,,,1,30,,27077,47,,,1,70,,27074,47,,,1,30,,27080,47,,,1,67,,27082,47,,,1
5901,'Semaine-3',541,,27087,47,,,1,13,,27123,47,,,1,56,,27096,47,,,1,15,,27117,45,,,1,19,,27097,45,,,1,15,,27086,45,,,1,46,,27088,45,,,1,24,,27091,45,,,1,7,,27126,23,,,1,14,,27127,23,,,1,9,,27094,45,,,1,45,,27128,23,,,1,13,,27095,45,,,1,14,,27090,45,,,1,10,,27119,45,,,1,9,,27105,45,,,1,6,,27110,45,,,1,53,,27084,45,,,1,12,,27100,45,,,1,8,,27085,45,,,1,12,,27103,45,,,1,72,,27129,45,,,1,29,,27124,47,,,1,70,,27111,47,,,1,30,,27093,47,,,1,72,,27104,47,,,1,30,,27107,47,,,1,70,,27092,47,,,1,31,,27121,47,,,1,69,,27083,47,,,1,30,,27125,47,,,1,70,,27115,47,,,1,42,,27118,47,,,1,100,,27122,47,,,1,96,,27102,47,,,1,97,,27109,47,,,1,72,,27114,47,,,1,30,,27101,47,,,1,70,,27108,47,,,1,30,,27113,47,,,1,69,,27120,47,,,1,30,,27098,47,,,1,70,,27116,47,,,1,29,,27106,47,,,1,70,,27089,47,,,1,30,,27099,47,,,1,70,,27112,47,,,1
6701,'Samedi-11',659,,27837,36,,,1,100,,27843,36,,,1,141,,27839,36,,,1,101,,27838,36,,,1,31,,27841,36,,,1,70,,27846,36,,,1,32,,27847,36,,,2,70,,27840,36,,,1,30,,27842,36,,,1,70,,27845,36,,,1,30,,27848,36,,,1,70,,27849,36,,,1,30,,27844,36,,,1,71,,27850,36,,,1,30,,27851,36,,,1,71,,27852,36,,,2,31,,27853,36,,,2,66,,27854,36,,,1,33,,27855,36,,,1,69,,27856,36,,,1,30,,27857,36,,,2,65,,27858,36,,,1,32,,27859,36,,,2,100,,27860,36,,,1,100,,27861,36,,,1,100,,27863,36,,,1,98,,27862,36,,,1
6701,'Samedi-2',659,,27864,36,,,1,100,,27870,36,,,1,141,,27866,36,,,1,101,,27865,36,,,1,31,,27868,36,,,1,70,,27873,36,,,1,32,,27874,36,,,2,70,,27867,36,,,1,30,,27869,36,,,1,70,,27872,36,,,1,30,,27875,36,,,1,70,,27876,36,,,1,30,,27871,36,,,1,71,,27877,36,,,1,30,,27878,36,,,1,71,,27879,36,,,2,31,,27880,36,,,2,66,,27881,36,,,1,33,,27882,36,,,1,69,,27883,36,,,1,30,,27884,36,,,2,65,,27885,36,,,1,32,,27886,36,,,2,100,,27887,36,,,1,100,,27888,36,,,1,100,,27890,36,,,1,98,,27889,36,,,1
6701,'Dimanche-2',659,,27891,36,,,1,100,,27896,36,,,1,141,,27899,36,,,1,101,,27894,36,,,1,31,,27892,36,,,1,70,,27893,36,,,1,32,,27895,36,,,2,70,,27903,36,,,1,30,,27897,36,,,1,70,,27901,36,,,1,30,,27898,36,,,1,70,,27906,36,,,1,30,,27907,36,,,1,71,,27904,36,,,1,30,,27909,36,,,1,71,,27900,36,,,2,31,,27912,36,,,2,66,,27905,36,,,1,33,,27902,36,,,1,69,,27910,36,,,1,30,,27913,36,,,2,65,,27917,36,,,1,32,,27916,36,,,2,100,,27908,36,,,1,100,,27914,36,,,1,100,,27911,36,,,1,98,,27915,36,,,1
6701,'Semaine-3',940,,27938,36,,,1,19,,27927,36,,,1,60,,27945,36,,,2,20,,27931,36,,,1,20,,27925,36,,,1,60,,27946,36,,,1,20,,27939,36,,,1,20,,27928,36,,,1,60,,27947,36,,,1,20,,27932,36,,,1,19,,27935,36,,,1,60,,27948,36,,,1,20,,27934,36,,,1,20,,27929,36,,,1,62,,27949,36,,,1,20,,27940,36,,,1,60,,27942,36,,,1,23,,27944,36,,,1,20,,27936,36,,,1,74,,27920,36,,,1,30,,27943,36,,,1,66,,27923,36,,,2,35,,27941,36,,,1,65,,27937,36,,,1,28,,27930,36,,,1,68,,27918,36,,,2,28,,27933,36,,,1,69,,27921,36,,,2,30,,27950,36,,,1,70,,27919,36,,,2,30,,27952,36,,,1,69,,27922,36,,,1,30,,27953,36,,,2,68,,27924,36,,,1,29,,27951,36,,,1,70,,27926,36,,,1
8501,'Semaine-3',553,,28975,38,,,1,72,,28977,38,,,1,24,,28980,38,,,1,58,,28979,38,,,1,16,,28984,38,,,2,22,,28976,38,,,1,14,,28982,38,,,1,55,,28978,38,,,1,17,,28983,38,,,1,19,,28981,38,,,1
8701,'Semaine-3',537,,29004,34,,,1,70,,28997,34,,,1,32,,29002,34,,,1,20,,29000,34,,,1,56,,28998,34,,,1,17,,29007,34,,,1,15,,29003,34,,,1,60,,28999,34,,,1,15,,29006,34,,,1,17,,29005,34,,,1,62,,29001,34,,,1,16,,28996,34,,,1
20001,'Semaine-3',642,,29240,13,,,1,3,,29241,15,,,1,10,,29242,13,,,1,2,,29243,15,,,1,47,,29244,13,,,1,7,,29266,15,,,1,5,,29245,13,,,1,7,,29246,15,,,1,7,,29263,13,,,1,5,,29247,15,,,1,6,,29262,13,,,1,4,,29249,15,,,1,4,,29258,13,,,1,3,,29248,13,,,1,3,,29239,15,,,1,4,,29265,13,,,1,43,,29254,13,,,1,3,,29250,15,,,1,4,,29252,13,,,1,4,,29264,13,,,1,2,,29251,15,,,1,9,,29255,13,,,1,5,,29253,15,,,1,1,,29257,13,,,1,7,,29256,15,,,1,6,,29267,13,,,1,7,,29259,15,,,1,6,,29260,13,,,1,3,,29261,15,,,1,46,,29268,13,,,1
37101,'Samedi-11',751,,29362,42,,,1,99,,29361,42,,,1,105,,29365,42,,,1,100,,29364,42,,,1,99,,29366,42,,,1,102,,29363,42,,,1,102,,29367,42,,,1,100,,29368,42,,,1,97,,29369,42,,,1,100,,29370,42,,,1,99,,29371,42,,,1,100,,29372,42,,,1,99,,29373,42,,,1,98,,29374,42,,,1,100,,29375,42,,,1,97,,29376,42,,,1,100,,29377,42,,,1
37101,'Samedi-2',751,,29379,42,,,1,99,,29378,42,,,1,105,,29382,42,,,1,100,,29381,42,,,1,99,,29383,42,,,1,102,,29380,42,,,1,102,,29384,42,,,1,100,,29385,42,,,1,97,,29386,42,,,1,100,,29387,42,,,1,99,,29388,42,,,1,100,,29389,42,,,1,99,,29390,42,,,1,98,,29391,42,,,1,100,,29392,42,,,1,97,,29393,42,,,1,100,,29394,42,,,1
37101,'Dimanche-2',751,,29398,42,,,1,99,,29395,42,,,1,105,,29399,42,,,1,100,,29396,42,,,1,99,,29402,42,,,1,102,,29397,42,,,1,102,,29400,42,,,1,100,,29405,42,,,1,97,,29401,42,,,1,100,,29406,42,,,1,99,,29411,42,,,1,100,,29403,42,,,1,99,,29404,42,,,1,98,,29408,42,,,1,100,,29410,42,,,1,97,,29407,42,,,1,100,,29409,42,,,1
37101,'Semaine-3',600,,29428,42,,,1,31,,29431,41,,,1,73,,29424,41,,,1,31,,29426,41,,,1,74,,29436,41,,,1,30,,29435,41,,,1,67,,29430,41,,,1,30,,29414,41,,,1,99,,29421,42,,,1,101,,29419,42,,,1,100,,29420,42,,,1,100,,29434,42,,,1,104,,29417,42,,,1,104,,29418,42,,,1,72,,29415,42,,,1,30,,29422,42,,,1,66,,29432,42,,,1,27,,29433,42,,,1,70,,29412,42,,,1,40,,29416,42,,,1,91,,29427,42,,,1,100,,29429,42,,,1,100,,29413,42,,,1,97,,29423,42,,,1,184,,29425,42,,,1
40001,'Samedi-11',654,,29749,20,,,1,55,,29752,20,,,1,15,,29754,20,,,1,15,,29750,20,,,1,15,,29751,20,,,1,55,,29753,20,,,1,16,,29759,20,,,1,15,,29766,20,,,1,15,,29757,20,,,1,54,,29777,20,,,1,15,,29755,20,,,1,15,,29756,20,,,1,16,,29765,20,,,1,56,,29758,20,,,1,15,,29760,20,,,1,15,,29768,20,,,1,15,,29769,20,,,1,55,,29770,20,,,1,15,,29776,20,,,1,16,,29775,20,,,1,15,,29779,20,,,1,55,,29762,20,,,1,15,,29761,20,,,1,15,,29764,20,,,1,15,,29767,20,,,1,55,,29763,20,,,1,15,,29772,20,,,1,15,,29774,20,,,1,16,,29780,20,,,1,55,,29771,20,,,1,15,,29773,20,,,1,15,,29778,20,,,1,15,,29781,20,,,1,55,,29782,20,,,1,15,,29783,20,,,1,15,,29784,20,,,1,15,,29785,20,,,1,55,,29786,20,,,1,15,,29787,20,,,1,15,,29788,20,,,1,15,,29789,20,,,1,55,,29790,20,,,1,15,,29791,20,,,1,15,,29792,20,,,1,15,,29793,20,,,1,55,,29794,20,,,1,15,,29795,20,,,1,15,,29798,20,,,1,16,,29796,20,,,1,54,,29797,20,,,1,12,,29800,20,,,1,16,,29799,20,,,1,14,,29804,20,,,1,56,,29802,20,,,1,15,,29803,20,,,1,15,,29801,20,,,1,15,,29805,20,,,1,55,,29807,20,,,1,15,,29808,20,,,1,15,,29809,20,,,1,15,,29806,20,,,1,56,,29812,20,,,1,13,,29811,20,,,1,15,,29810,20,,,1,15,,29813,20,,,1,55,,29814,20,,,1,15,,29815,20,,,1,15,,29816,20,,,1,14,,29818,20,,,1,55,,29817,20,,,1,16,,29820,20,,,1,15,,29819,20,,,1,15,,29821,20,,,1
40001,'Samedi-2',654,,29822,20,,,1,55,,29825,20,,,1,15,,29827,20,,,1,15,,29823,20,,,1,15,,29824,20,,,1,55,,29826,20,,,1,16,,29832,20,,,1,15,,29839,20,,,1,15,,29830,20,,,1,54,,29850,20,,,1,15,,29828,20,,,1,15,,29829,20,,,1,16,,29838,20,,,1,56,,29831,20,,,1,15,,29833,20,,,1,15,,29841,20,,,1,15,,29842,20,,,1,55,,29843,20,,,1,15,,29849,20,,,1,16,,29848,20,,,1,15,,29852,20,,,1,55,,29835,20,,,1,15,,29834,20,,,1,15,,29837,20,,,1,15,,29840,20,,,1,55,,29836,20,,,1,15,,29845,20,,,1,15,,29847,20,,,1,16,,29853,20,,,1,55,,29844,20,,,1,15,,29846,20,,,1,15,,29851,20,,,1,15,,29854,20,,,1,55,,29855,20,,,1,15,,29856,20,,,1,15,,29857,20,,,1,15,,29858,20,,,1,55,,29859,20,,,1,15,,29860,20,,,1,15,,29861,20,,,1,15,,29862,20,,,1,55,,29863,20,,,1,15,,29864,20,,,1,15,,29865,20,,,1,15,,29866,20,,,1,55,,29867,20,,,1,15,,29868,20,,,1,15,,29871,20,,,1,16,,29869,20,,,1,54,,29870,20,,,1,12,,29873,20,,,1,16,,29872,20,,,1,14,,29877,20,,,1,56,,29875,20,,,1,15,,29876,20,,,1,15,,29874,20,,,1,15,,29878,20,,,1,55,,29880,20,,,1,15,,29881,20,,,1,15,,29882,20,,,1,15,,29879,20,,,1,56,,29885,20,,,1,13,,29884,20,,,1,15,,29883,20,,,1,15,,29886,20,,,1,55,,29887,20,,,1,15,,29888,20,,,1,15,,29889,20,,,1,14,,29891,20,,,1,55,,29890,20,,,1,16,,29893,20,,,1,15,,29892,20,,,1,15,,29894,20,,,1
40001,'Dimanche-2',654,,29895,20,,,1,55,,29898,20,,,1,15,,29906,20,,,1,15,,29911,20,,,1,15,,29896,20,,,1,55,,29901,20,,,1,16,,29907,20,,,1,15,,29917,20,,,1,15,,29897,20,,,1,54,,29899,20,,,1,15,,29905,20,,,1,15,,29910,20,,,1,16,,29913,20,,,1,56,,29902,20,,,1,15,,29926,20,,,1,15,,29918,20,,,1,15,,29908,20,,,1,55,,29919,20,,,1,15,,29922,20,,,1,16,,29931,20,,,1,15,,29900,20,,,1,55,,29928,20,,,1,15,,29927,20,,,1,15,,29929,20,,,1,15,,29909,20,,,1,55,,29903,20,,,1,15,,29932,20,,,1,15,,29930,20,,,1,16,,29915,20,,,1,55,,29912,20,,,1,15,,29920,20,,,1,15,,29925,20,,,1,15,,29936,20,,,1,55,,29904,20,,,1,15,,29933,20,,,1,15,,29923,20,,,1,15,,29916,20,,,1,55,,29914,20,,,1,15,,29921,20,,,1,15,,29924,20,,,1,15,,29943,20,,,1,55,,29947,20,,,1,15,,29939,20,,,1,15,,29956,20,,,1,15,,29935,20,,,1,55,,29950,20,,,1,15,,29940,20,,,1,15,,29957,20,,,1,16,,29944,20,,,1,54,,29948,20,,,1,12,,29963,20,,,1,16,,29955,20,,,1,14,,29934,20,,,1,56,,29949,20,,,1,15,,29954,20,,,1,15,,29958,20,,,1,15,,29937,20,,,1,55,,29942,20,,,1,15,,29946,20,,,1,15,,29952,20,,,1,15,,29967,20,,,1,55,,29960,20,,,1,14,,29953,20,,,1,15,,29962,20,,,1,15,,29965,20,,,1,55,,29941,20,,,1,15,,29945,20,,,1,15,,29951,20,,,1,15,,29966,20,,,1,54,,29959,20,,,1,16,,29938,20,,,1,15,,29961,20,,,1,15,,29964,20,,,1
40001,'Semaine-3',527,,30038,20,,,1,10,,30039,20,,,1,10,,30040,20,,,1,11,,30041,20,,,1,50,,30042,20,,,1,10,,30043,20,,,1,5,,30044,20,,,1,5,,30045,20,,,1,5,,30046,20,,,1,5,,30052,20,,,1,273,,30047,20,,,1,8,,30048,18,,,1,6,,30049,20,,,1,10,,30050,20,,,1,11,,30051,20,,,1,10,,29997,20,,,1,50,,29982,20,,,1,10,,30007,20,,,1,10,,30008,20,,,1,10,,30054,20,,,1,10,,29972,20,,,1,11,,30055,20,,,1,49,,29970,20,,,1,12,,30004,20,,,1,8,,30024,20,,,1,10,,29991,20,,,1,9,,29999,20,,,1,11,,29996,20,,,1,50,,29974,20,,,1,10,,30035,20,,,1,10,,30009,20,,,1,10,,30021,20,,,1,10,,29973,20,,,1,10,,29983,20,,,1,50,,29976,20,,,1,10,,29992,20,,,1,10,,30025,20,,,1,10,,30006,20,,,1,10,,30000,20,,,1,13,,29995,20,,,1,47,,29988,20,,,1,10,,30031,20,,,1,10,,30010,20,,,1,10,,30022,20,,,1,10,,30037,20,,,1,10,,29985,20,,,1,55,,29968,20,,,1,10,,30027,20,,,1,9,,30026,20,,,1,10,,30011,20,,,1,10,,30001,20,,,1,5,,29993,16,,,1,47,,29978,20,,,1,12,,30029,20,,,1,13,,30036,20,,,1,5,,30053,16,,,1,9,,30023,20,,,1,9,,30058,20,,,1,52,,30003,20,,,1,12,,30032,20,,,1,12,,30056,20,,,1,12,,30016,20,,,1,10,,29994,20,,,1,11,,29979,20,,,1,52,,29984,20,,,1,12,,30057,20,,,1,12,,29986,20,,,1,12,,30012,20,,,1,12,,30002,20,,,1,49,,30033,20,,,1,12,,30019,20,,,1,15,,29998,20,,,1,10,,29980,20,,,1,11,,30020,20,,,1,52,,30060,20,,,1,10,,30059,20,,,1,12,,29987,20,,,1,12,,30013,20,,,1,12,,29990,20,,,1,52,,30034,20,,,1,12,,30017,20,,,1,13,,29975,20,,,1,15,,30061,20,,,1,55,,29981,20,,,1,15,,29977,20,,,1,15,,30028,20,,,1,12,,30014,20,,,1,13,,29989,20,,,1,57,,30018,20,,,1,15,,30030,20,,,1,15,,29971,20,,,1,15,,29969,20,,,1,55,,30005,20,,,1,30,,30015,20,,,1
