6400,'Samedi-3',743,,32533,20,0,15 16,1,100,,32535,20,0,15 16,1,100,,32538,20,0,15 16,1,100,,32536,20,0,15 16,2,100,,32539,20,0,15 16,1,100,,32534,20,0,15 16,1,100,,32537,20,0,15 16,2,100,,32540,20,0,15 16,1,99,,32541,20,0,15 16,1,100,,32542,20,0,15 16,1,100,,32543,20,0,15 16,1,100,,32544,20,0,15 16,1
6400,'Dimanche-3',743,,32545,20,0,15 16,1,100,,32550,20,0,15 16,1,100,,32546,20,0,15 16,1,100,,32549,20,0,15 16,2,100,,32552,20,0,15 16,1,100,,32551,20,0,15 16,1,100,,32548,20,0,15 16,2,100,,32547,20,0,15 16,1,99,,32555,20,0,15 16,1,100,,32556,20,0,15 16,1,100,,32553,20,0,15 16,1,100,,32554,20,0,15 16,1
6400,'Semaine-4',658,,32565,20,,,2,71,,32562,20,0,15 16,2,71,,32557,20,0,15 16,1,29,,32561,20,0,15 16,1,100,,32563,20,0,15 16,1,100,,32568,20,0,15 16,1,100,,32567,20,0,15 16,1,100,,32560,20,0,15 16,1,100,,32573,20,0,15 16,1,100,,32569,20,0,15 16,1,95,,32570,20,0,15 16,1,30,,32575,20,0,15 16,1,101,,32574,20,0,15 16,1,97,,32571,20,0,15 16,1,100,,32572,20,0,15 16,1,100,,32564,20,0,15 16,1,100,,32558,20,0,15 16,1,100,,32566,20,0,15 16,1,100,,32559,20,0,15 16,1
6400,'Samedi-10-_26ÉTÉ-0000010-',743,,42677,20,0,15 16,1,100,,42679,20,0,15 16,1,100,,42682,20,0,15 16,1,100,,42680,20,0,15 16,2,100,,42683,20,0,15 16,1,100,,42678,20,0,15 16,1,100,,42681,20,0,15 16,2,100,,42684,20,0,15 16,1,99,,42685,20,0,15 16,1,100,,42686,20,0,15 16,1,100,,42687,20,0,15 16,1,100,,42688,20,0,15 16,1
6400,'Semaine-2-_26ÉTÉ-1111100-',659,,42697,20,0,15 16,1,70,,42694,20,0,15 16,2,30,,42689,20,0,15 16,2,75,,42693,20,0,15 16,2,95,,42695,20,0,15 16,2,100,,42700,20,0,15 16,2,100,,42699,20,0,15 16,1,100,,42692,20,0,15 16,2,100,,42705,20,0,15 16,1,100,,42701,20,0,15 16,1,95,,42702,20,0,15 16,1,30,,42707,20,0,15 16,1,102,,42706,20,0,15 16,1,96,,42703,20,0,15 16,2,100,,42704,20,0,15 16,1,100,,42696,20,0,15 16,1,100,,42690,20,0,15 16,1,100,,42698,20,0,15 16,1,100,,42691,20,0,15 16,1
6400,'Semaine-3-_26ÉTÉ-1111100-',659,,42717,20,0,15 16,1,70,,42714,20,0,15 16,2,30,,42709,20,0,15 16,2,75,,42713,20,0,15 16,2,95,,42715,20,0,15 16,2,100,,42720,20,0,15 16,2,100,,42719,20,0,15 16,1,100,,42712,20,0,15 16,2,100,,42725,20,0,15 16,1,100,,42721,20,0,15 16,1,95,,42722,20,0,15 16,1,30,,42727,20,0,15 16,1,102,,42726,20,0,15 16,1,96,,42723,20,0,15 16,2,100,,42724,20,0,15 16,1,100,,42716,20,0,15 16,1,100,,42710,20,0,15 16,1,100,,42718,20,0,15 16,1,100,,42711,20,0,15 16,1
6400,'Semaine-4-_26ÉTÉ-1111100-',659,,42737,20,0,15 16,1,70,,42734,20,0,15 16,2,30,,42729,20,0,15 16,2,75,,42733,20,0,15 16,2,95,,42735,20,0,15 16,2,100,,42740,20,0,15 16,2,100,,42739,20,0,15 16,1,100,,42732,20,0,15 16,2,100,,42745,20,0,15 16,1,100,,42741,20,0,15 16,1,95,,42742,20,0,15 16,1,30,,42747,20,0,15 16,1,102,,42746,20,0,15 16,1,96,,42743,20,0,15 16,2,100,,42744,20,0,15 16,1,100,,42736,20,0,15 16,1,100,,42730,20,0,15 16,1,100,,42738,20,0,15 16,1,100,,42731,20,0,15 16,1
6600,'Samedi-3',723,,32754,19,,,1,100,,32757,19,,,1,100,,32755,19,,,2,100,,32758,19,,,1,100,,32752,19,,,1,100,,32753,19,,,1,100,,32756,19,,,1,100,,32759,19,,,2,100,,32760,19,,,1,100,,32761,19,,,1,100,,32762,19,,,1,100,,32763,19,,,1,100,,32765,19,,,1,100,,32764,19,,,1,100,,32766,19,,,1,100,,32767,19,,,1,100,,32768,19,,,2
6600,'Dimanche-3',723,,32773,19,,,1,100,,32774,19,,,1,100,,32775,19,,,2,100,,32777,19,,,1,100,,32769,19,,,1,100,,32776,19,,,1,100,,32770,19,,,1,100,,32771,19,,,2,100,,32772,19,,,1,100,,32781,19,,,1,100,,32783,19,,,1,100,,32779,19,,,1,100,,32780,19,,,1,100,,32778,19,,,1,100,,32782,19,,,1,100,,32784,19,,,1,100,,32785,19,,,2
6600,'Semaine-4',609,,32796,19,,,1,20,,32802,19,,,1,20,,32797,19,,,1,63,,32789,19,,,1,19,,32801,19,,,1,18,,32794,19,,,2,60,,32808,19,,,1,20,,32788,19,,,1,18,,32799,19,,,1,60,,32809,19,,,1,100,,32798,19,,,1,100,,32790,19,,,1,100,,32813,19,,,1,98,,32814,19,,,1,102,,32800,19,,,1,101,,32810,19,,,1,23,,32803,19,,,1,18,,32786,19,,,1,60,,32805,19,,,1,22,,32811,19,,,1,19,,32816,19,,,2,59,,32787,19,,,1,22,,32806,19,,,1,18,,32804,19,,,2,61,,32792,19,,,1,21,,32812,19,,,1,97,,32793,19,,,2,100,,32791,19,,,1,97,,32795,19,,,1,100,,32807,19,,,1,100,,32815,19,,,1
6600,'Samedi-10-_26ÉTÉ-0000010-',723,,43054,19,,,1,100,,43057,19,,,1,100,,43055,19,,,2,100,,43058,19,,,1,100,,43052,19,,,1,100,,43053,19,,,1,100,,43056,19,,,1,100,,43059,19,,,2,100,,43060,19,,,1,100,,43061,19,,,1,100,,43062,19,,,1,100,,43063,19,,,1,100,,43065,19,,,1,100,,43064,19,,,1,100,,43066,19,,,1,100,,43067,19,,,1,100,,43068,19,,,2
6600,'Semaine-2-_26ÉTÉ-1111100-',607,,43079,19,,,1,20,,43085,19,,,2,20,,43080,19,,,2,60,,43072,19,,,2,20,,43084,19,,,2,20,,43077,19,,,1,60,,43091,19,,,2,20,,43071,19,,,2,20,,43082,19,,,2,60,,43092,19,,,2,100,,43081,19,,,1,100,,43073,19,,,2,100,,43096,19,,,1,100,,43097,19,,,2,101,,43083,19,,,2,99,,43093,19,,,1,21,,43086,19,,,2,20,,43069,19,,,1,60,,43088,19,,,2,20,,43094,19,,,2,21,,43099,19,,,2,59,,43070,19,,,1,20,,43089,19,,,2,20,,43087,19,,,1,60,,43075,19,,,2,20,,43095,19,,,1,100,,43076,19,,,1,100,,43074,19,,,1,97,,43078,19,,,1,100,,43090,19,,,1,100,,43098,19,,,1
6600,'Semaine-3-_26ÉTÉ-1111100-',607,,43110,19,,,1,20,,43116,19,,,2,20,,43111,19,,,2,60,,43103,19,,,2,20,,43115,19,,,2,20,,43108,19,,,1,60,,43122,19,,,2,20,,43102,19,,,2,20,,43113,19,,,2,60,,43123,19,,,2,100,,43112,19,,,1,100,,43104,19,,,2,100,,43127,19,,,1,100,,43128,19,,,2,101,,43114,19,,,2,99,,43124,19,,,1,21,,43117,19,,,2,20,,43100,19,,,1,60,,43119,19,,,2,20,,43125,19,,,2,21,,43130,19,,,2,59,,43101,19,,,1,20,,43120,19,,,2,20,,43118,19,,,1,60,,43106,19,,,2,20,,43126,19,,,1,100,,43107,19,,,1,100,,43105,19,,,1,97,,43109,19,,,1,100,,43121,19,,,1,100,,43129,19,,,1
6600,'Semaine-4-_26ÉTÉ-1111100-',607,,43141,19,,,1,20,,43147,19,,,2,20,,43142,19,,,2,60,,43134,19,,,2,20,,43146,19,,,2,20,,43139,19,,,1,60,,43153,19,,,2,20,,43133,19,,,2,20,,43144,19,,,2,60,,43154,19,,,2,100,,43143,19,,,1,100,,43135,19,,,2,100,,43158,19,,,1,100,,43159,19,,,2,101,,43145,19,,,2,99,,43155,19,,,1,21,,43148,19,,,2,20,,43131,19,,,1,60,,43150,19,,,2,20,,43156,19,,,2,21,,43161,19,,,2,59,,43132,19,,,1,20,,43151,19,,,2,20,,43149,19,,,1,60,,43137,19,,,2,20,,43157,19,,,1,100,,43138,19,,,1,100,,43136,19,,,1,97,,43140,19,,,1,100,,43152,19,,,1,100,,43160,19,,,1
