2700,'Semaine-4',1613,,30385,26,,,2,30,,30383,26,,,1,67,,30387,26,,,1,30,,30384,26,,,1,69,,30386,26,,,2
2700,'Semaine-5',1613,,35081,26,,,2,30,,35079,26,,,1,67,,35083,26,,,1,30,,35080,26,,,1,69,,35082,26,,,2
3301,'Samedi-3',702,,30753,2,,,1,100,,30754,2,,,1,100,,30751,2,,,1,100,,30757,2,,,1,100,,30758,2,,,1,100,,30752,2,,,1,100,,30755,2,,,1,100,,30756,2,,,1,100,,30759,2,,,1,100,,30760,2,,,1,100,,30761,2,,,1,100,,30768,2,,,1,100,,30762,2,,,1,100,,30763,2,,,1,100,,30764,2,,,1,100,,30765,2,,,1,100,,30766,2,,,1,100,,30767,2,,,1
3301,'Samedi-4',702,,35394,2,,,1,100,,35395,2,,,1,100,,35392,2,,,1,100,,35398,2,,,1,100,,35399,2,,,1,100,,35393,2,,,1,100,,35396,2,,,1,100,,35397,2,,,1,100,,35400,2,,,1,100,,35401,2,,,1,100,,35402,2,,,1,100,,35409,2,,,1,100,,35403,2,,,1,100,,35404,2,,,1,100,,35405,2,,,1,100,,35406,2,,,1,100,,35407,2,,,1,100,,35408,2,,,1
3301,'Dimanche-3',702,,30773,2,,,1,100,,30774,2,,,1,100,,30775,2,,,1,100,,30769,2,,,1,100,,30770,2,,,1,100,,30771,2,,,1,100,,30772,2,,,1,100,,30777,2,,,1,100,,30778,2,,,1,100,,30776,2,,,1,100,,30779,2,,,1,100,,30782,2,,,1,100,,30786,2,,,1,100,,30780,2,,,1,100,,30781,2,,,1,100,,30784,2,,,1,100,,30783,2,,,1,100,,30785,2,,,1
3301,'Semaine-4',548,,30810,2,,,1,62,,30818,2,,,2,23,,30795,2,,,1,17,,30815,2,,,1,54,,30811,2,,,1,5,,30806,2,,,1,9,,30826,2,,,1,14,,30824,2,,,1,16,,30813,2,,,1,57,,30801,2,,,1,10,,30817,2,,,2,17,,30791,2,,,1,70,,30803,2,,,2,29,,30809,2,,,1,71,,30799,2,,,1,28,,30820,2,,,1,71,,30804,2,,,1,29,,30796,2,,,1,72,,30798,2,,,1,19,,30816,2,,,1,6,,30825,2,,,1,27,,30807,2,,,1,70,,30797,2,,,1,31,,30802,2,,,1,71,,30805,2,,,1,12,,30827,2,,,2,17,,30808,2,,,1,57,,30800,2,,,2,13,,30812,2,,,1,32,,30793,2,,,1,63,,30823,2,,,2,25,,30790,2,,,2,72,,30787,2,,,2,32,,30821,2,,,1,84,,30794,2,,,2,69,,30789,2,,,2,57,,30792,2,,,1,81,,30814,2,,,2,105,,30819,2,,,1,98,,30788,2,,,2,164,,30822,2,,,1
3301,'Semaine-5',548,,35433,2,,,1,62,,35441,2,,,2,23,,35418,2,,,1,17,,35438,2,,,1,54,,35434,2,,,1,5,,35429,2,,,1,9,,35449,2,,,1,14,,35447,2,,,1,16,,35436,2,,,1,57,,35424,2,,,1,10,,35440,2,,,2,17,,35414,2,,,1,70,,35426,2,,,2,29,,35432,2,,,1,71,,35422,2,,,1,28,,35443,2,,,1,71,,35427,2,,,1,29,,35419,2,,,1,72,,35421,2,,,1,19,,35439,2,,,1,6,,35448,2,,,1,27,,35430,2,,,1,70,,35420,2,,,1,31,,35425,2,,,1,71,,35428,2,,,1,12,,35450,2,,,2,17,,35431,2,,,1,57,,35423,2,,,2,13,,35435,2,,,1,32,,35416,2,,,1,63,,35446,2,,,2,25,,35413,2,,,2,72,,35410,2,,,2,32,,35444,2,,,1,84,,35417,2,,,2,69,,35412,2,,,2,57,,35415,2,,,1,81,,35437,2,,,2,105,,35442,2,,,1,98,,35411,2,,,2,164,,35445,2,,,1
33101,'Semaine-4',1618,,34192,8,0,7 8,1
33101,'Semaine-5',1618,,38023,8,0,7 8,1
43301,'Semaine-4',722,,34807,3,0,9 14,1
43301,'Semaine-5',722,,38458,3,0,9 14,1
56601,'Semaine-4',709,,34826,27,0,5 6,1
56601,'Semaine-5',709,,38477,27,0,5 6,1
56901,'Semaine-4',709,,34828,10,0,5 6,1
56901,'Semaine-5',709,,38479,10,0,5 6,1
82700,'Semaine-4',1535,,35014,16,0,9 12 13,1
82700,'Semaine-5',1535,,38633,16,0,9 12 13,1
