2300,'Semaine-3-_26ÉTÉ-1111100-',1552,,38705,18,,,1,68,,38703,18,,,1,30,,38701,18,,,1,71,,38702,18,,,2,28,,38704,18,,,2,65,,38700,18,,,2
2300,'Semaine-4-_26ÉTÉ-1111100-',1552,,38711,18,,,1,68,,38709,18,,,1,30,,38707,18,,,1,71,,38708,18,,,2,28,,38710,18,,,2,65,,38706,18,,,2
2500,'Semaine-3-_26ÉTÉ-1111100-',1536,,38733,17,,,1,71,,38736,17,,,1,30,,38734,17,,,1,73,,38738,17,,,1,28,,38735,17,,,1,67,,38737,17,,,1
2500,'Semaine-4-_26ÉTÉ-1111100-',1536,,38739,17,,,1,71,,38742,17,,,1,30,,38740,17,,,1,73,,38744,17,,,1,28,,38741,17,,,1,67,,38743,17,,,1
2600,'Semaine-3-_26ÉTÉ-1111100-',1605,,38770,24,,,1,32,,38769,24,,,1,69,,38768,24,,,2,31,,38771,24,,,1,65,,38772,24,,,1
2600,'Semaine-4-_26ÉTÉ-1111100-',1605,,38775,24,,,1,32,,38774,24,,,1,69,,38773,24,,,2,31,,38776,24,,,1,65,,38777,24,,,1
2800,'Semaine-3-_26ÉTÉ-1111100-',1608,,38823,27,,,2,38,,38824,27,,,2,95,,38825,27,,,1
2800,'Semaine-4-_26ÉTÉ-1111100-',1608,,38826,27,,,2,38,,38827,27,,,2,95,,38828,27,,,1
3400,'Samedi-10-_26ÉTÉ-0000010-',745,,39763,33,,,1,104,,39768,33,,,1,70,,39764,33,,,2,31,,39770,33,,,1,70,,39771,33,,,1,31,,39765,33,,,1,70,,39766,33,,,2,30,,39767,33,,,1,70,,39769,33,,,2,31,,39772,33,,,1,70,,39774,33,,,1,31,,39773,33,,,2,70,,39775,33,,,1,30,,39776,33,,,1,70,,39777,33,,,2,29,,39778,33,,,1,70,,39779,33,,,1,31,,39780,33,,,1,70,,39781,33,,,1,30,,39782,33,,,1,70,,39783,33,,,1,29,,39784,33,,,1,68,,39785,33,,,2,30,,39786,33,,,1,70,,39787,33,,,1,30,,39788,33,,,1,70,,39789,33,,,1,30,,39790,33,,,1,70,,39791,33,,,1,29,,39793,33,,,1,71,,39792,33,,,1,29,,39795,33,,,1,70,,39794,33,,,1,27,,39796,33,,,1
3400,'Semaine-3-_26ÉTÉ-1111100-',627,,39859,33,,,1,31,,39844,33,,,1,73,,39838,33,,,1,72,,39842,33,,,1,30,,39833,33,,,1,71,,39853,33,,,1,28,,39839,33,,,1,27,,39829,33,,,1,70,,39834,33,,,2,30,,39835,33,,,2,70,,39840,33,,,1,30,,39830,33,,,1,71,,39860,33,,,1,70,,39836,33,,,1,30,,39841,33,,,1,70,,39831,33,,,1,32,,39857,33,,,2,70,,39832,33,,,1,27,,39858,33,,,1,304,,39856,33,,,2,20,,39845,33,,,1,68,,39837,33,,,2,30,,39849,33,,,1,70,,39855,33,,,1,30,,39846,33,,,1,69,,39848,33,,,1,30,,39850,33,,,1,70,,39843,33,,,1,30,,39852,33,,,1,69,,39847,33,,,1,28,,39851,33,,,1,70,,39854,33,,,1
3400,'Semaine-4-_26ÉTÉ-1111100-',627,,39891,33,,,1,31,,39876,33,,,1,73,,39870,33,,,1,72,,39874,33,,,1,30,,39865,33,,,1,71,,39885,33,,,1,28,,39871,33,,,1,27,,39861,33,,,1,70,,39866,33,,,2,30,,39867,33,,,2,70,,39872,33,,,1,30,,39862,33,,,1,71,,39892,33,,,1,70,,39868,33,,,1,30,,39873,33,,,1,70,,39863,33,,,1,32,,39889,33,,,2,70,,39864,33,,,1,27,,39890,33,,,1,304,,39888,33,,,2,20,,39877,33,,,1,68,,39869,33,,,2,30,,39881,33,,,1,70,,39887,33,,,1,30,,39878,33,,,1,69,,39880,33,,,1,30,,39882,33,,,1,70,,39875,33,,,1,30,,39884,33,,,1,69,,39879,33,,,1,28,,39883,33,,,1,70,,39886,33,,,1
4901,'Samedi-10-_26ÉTÉ-0000010-',723,,41303,15,,,1,100,,41302,15,,,1,100,,41304,15,,,1,100,,41300,15,,,1,100,,41305,15,,,1,100,,41301,15,,,1,98,,41306,15,,,1,103,,41307,15,,,1,99,,41308,15,,,1,100,,41309,15,,,1,100,,41310,15,,,1,98,,41311,15,,,1,102,,41312,15,,,1,100,,41313,15,,,1,100,,41314,15,,,1,100,,41315,15,,,1,99,,41316,15,,,1
4901,'Semaine-3-_26ÉTÉ-1111100-',605,,41355,15,,,1,48,,41360,15,,,1,70,,41376,15,,,1,31,,41372,15,,,1,69,,41370,15,,,1,28,,41379,15,,,1,70,,41362,15,,,1,30,,41377,15,,,1,70,,41374,15,,,1,30,,41350,15,,,1,70,,41371,15,,,1,30,,41351,15,,,1,72,,41356,15,,,1,28,,41358,15,,,1,68,,41363,15,,,1,31,,41378,15,,,1,71,,41361,15,,,1,31,,41380,15,,,1,71,,41364,15,,,1,12,,41381,15,,,1,10,,41382,15,,,1,10,,41367,15,,,1,70,,41357,15,,,1,28,,41359,15,,,1,69,,41375,15,,,1,29,,41369,15,,,1,70,,41373,15,,,1,95,,41352,15,,,1,40,,41368,15,,,1,100,,41366,15,,,1,100,,41353,15,,,1,100,,41365,15,,,1,98,,41354,15,,,1
4901,'Semaine-4-_26ÉTÉ-1111100-',605,,41388,15,,,1,48,,41393,15,,,1,70,,41409,15,,,1,31,,41405,15,,,1,69,,41403,15,,,1,28,,41412,15,,,1,70,,41395,15,,,1,30,,41410,15,,,1,70,,41407,15,,,1,30,,41383,15,,,1,70,,41404,15,,,1,30,,41384,15,,,1,72,,41389,15,,,1,28,,41391,15,,,1,68,,41396,15,,,1,31,,41411,15,,,1,71,,41394,15,,,1,31,,41413,15,,,1,71,,41397,15,,,1,12,,41414,15,,,1,10,,41415,15,,,1,10,,41400,15,,,1,70,,41390,15,,,1,28,,41392,15,,,1,69,,41408,15,,,1,29,,41402,15,,,1,70,,41406,15,,,1,95,,41385,15,,,1,40,,41401,15,,,1,100,,41399,15,,,1,100,,41386,15,,,1,100,,41398,15,,,1,98,,41387,15,,,1
32500,'Semaine-3-_26ÉTÉ-1111100-',1636,,45836,25,0,7 8,1
