2800,'Semaine-4',1600,,30392,19,,,2,39,,30393,19,,,1,94,,30394,19,,,2
2800,'Semaine-2-_26ÉTÉ-1111100-',1600,,38820,19,,,2,38,,38821,19,,,2,95,,38822,19,,,1
2800,'Semaine-3-_26ÉTÉ-1111100-',1600,,38823,19,,,2,38,,38824,19,,,2,95,,38825,19,,,1
2800,'Semaine-4-_26ÉTÉ-1111100-',1600,,38826,19,,,2,38,,38827,19,,,2,95,,38828,19,,,1
2900,'Semaine-4',1557,,30401,24,,,2,72,,30400,24,,,1,72,,30398,24,,,1,25,,30402,24,,,2,29,,30399,24,,,1
2900,'Semaine-2-_26ÉTÉ-1111100-',1556,,38841,24,,,2,72,,38840,24,,,2,74,,38838,24,,,1,24,,38842,24,,,2,31,,38839,24,,,2
2900,'Semaine-3-_26ÉTÉ-1111100-',1556,,38846,24,,,2,72,,38845,24,,,2,74,,38843,24,,,1,24,,38847,24,,,2,31,,38844,24,,,2
2900,'Semaine-4-_26ÉTÉ-1111100-',1556,,38851,24,,,2,72,,38850,24,,,2,74,,38848,24,,,1,24,,38852,24,,,2,31,,38849,24,,,2
3400,'Samedi-3',738,,30828,25,,,1,104,,30833,25,,,1,70,,30829,25,,,2,31,,30835,25,,,1,70,,30836,25,,,1,31,,30830,25,,,1,70,,30831,25,,,1,30,,30832,25,,,1,70,,30834,25,,,2,30,,30837,25,,,1,70,,30839,25,,,1,31,,30838,25,,,2,70,,30840,25,,,1,30,,30841,25,,,1,70,,30842,25,,,1,29,,30843,25,,,1,70,,30844,25,,,1,31,,30845,25,,,1,70,,30846,25,,,1,30,,30847,25,,,1,70,,30848,25,,,1,29,,30849,25,,,1,69,,30850,25,,,2,30,,30851,25,,,1,70,,30852,25,,,1,30,,30853,25,,,1,70,,30854,25,,,1,30,,30855,25,,,1,70,,30856,25,,,1,29,,30858,25,,,1,71,,30857,25,,,1,29,,30860,25,,,1,70,,30859,25,,,1,27,,30861,25,,,1
3400,'Dimanche-3',738,,30866,25,,,1,104,,30870,25,,,1,70,,30868,25,,,2,31,,30863,25,,,1,70,,30871,25,,,1,31,,30874,25,,,1,70,,30873,25,,,1,30,,30862,25,,,1,70,,30864,25,,,2,30,,30875,25,,,1,70,,30865,25,,,1,31,,30867,25,,,2,70,,30869,25,,,1,30,,30878,25,,,1,70,,30872,25,,,1,29,,30876,25,,,1,70,,30879,25,,,1,31,,30883,25,,,1,70,,30888,25,,,1,30,,30880,25,,,1,70,,30881,25,,,1,29,,30891,25,,,1,69,,30882,25,,,2,30,,30887,25,,,1,70,,30877,25,,,1,30,,30884,25,,,1,70,,30886,25,,,1,30,,30889,25,,,1,70,,30895,25,,,1,29,,30890,25,,,1,71,,30892,25,,,1,29,,30885,25,,,1,70,,30893,25,,,1,27,,30894,25,,,1
3400,'Semaine-4',620,,30926,25,,,1,29,,30911,25,,,1,72,,30905,25,,,1,37,,30909,25,,,1,68,,30900,25,,,1,29,,30920,25,,,1,70,,30906,25,,,1,27,,30896,25,,,1,70,,30901,25,,,1,30,,30902,25,,,1,70,,30907,25,,,1,30,,30897,25,,,1,71,,30927,25,,,1,30,,30903,25,,,1,70,,30908,25,,,1,30,,30898,25,,,1,72,,30924,25,,,1,30,,30899,25,,,1,65,,30925,25,,,2,306,,30923,25,,,2,20,,30912,25,,,1,68,,30904,25,,,1,30,,30916,25,,,1,70,,30922,25,,,1,30,,30913,25,,,2,69,,30915,25,,,1,30,,30917,25,,,1,70,,30910,25,,,1,30,,30919,25,,,1,70,,30914,25,,,1,28,,30918,25,,,1,70,,30921,25,,,1
3400,'Samedi-10-_26ÉTÉ-0000010-',738,,39763,25,,,1,104,,39768,25,,,1,70,,39764,25,,,2,31,,39770,25,,,1,70,,39771,25,,,1,31,,39765,25,,,1,70,,39766,25,,,2,30,,39767,25,,,1,70,,39769,25,,,2,30,,39772,25,,,1,70,,39774,25,,,1,31,,39773,25,,,2,70,,39775,25,,,1,30,,39776,25,,,1,70,,39777,25,,,2,29,,39778,25,,,1,70,,39779,25,,,1,31,,39780,25,,,1,70,,39781,25,,,1,30,,39782,25,,,1,70,,39783,25,,,1,29,,39784,25,,,1,69,,39785,25,,,2,30,,39786,25,,,1,70,,39787,25,,,1,30,,39788,25,,,1,70,,39789,25,,,1,30,,39790,25,,,1,70,,39791,25,,,1,29,,39793,25,,,1,71,,39792,25,,,1,29,,39795,25,,,1,70,,39794,25,,,1,27,,39796,25,,,1
3400,'Semaine-2-_26ÉTÉ-1111100-',620,,39827,25,,,1,31,,39812,25,,,1,72,,39806,25,,,1,32,,39810,25,,,1,71,,39801,25,,,1,31,,39821,25,,,1,68,,39807,25,,,1,27,,39797,25,,,1,70,,39802,25,,,2,30,,39803,25,,,2,70,,39808,25,,,1,30,,39798,25,,,1,71,,39828,25,,,1,30,,39804,25,,,1,70,,39809,25,,,1,30,,39799,25,,,1,72,,39825,25,,,2,30,,39800,25,,,1,66,,39826,25,,,1,305,,39824,25,,,2,20,,39813,25,,,1,68,,39805,25,,,2,30,,39817,25,,,1,70,,39823,25,,,1,30,,39814,25,,,1,69,,39816,25,,,1,30,,39818,25,,,1,70,,39811,25,,,1,30,,39820,25,,,1,70,,39815,25,,,1,28,,39819,25,,,1,70,,39822,25,,,1
3400,'Semaine-3-_26ÉTÉ-1111100-',620,,39859,25,,,1,31,,39844,25,,,1,72,,39838,25,,,1,32,,39842,25,,,1,71,,39833,25,,,1,31,,39853,25,,,1,68,,39839,25,,,1,27,,39829,25,,,1,70,,39834,25,,,2,30,,39835,25,,,2,70,,39840,25,,,1,30,,39830,25,,,1,71,,39860,25,,,1,30,,39836,25,,,1,70,,39841,25,,,1,30,,39831,25,,,1,72,,39857,25,,,2,30,,39832,25,,,1,66,,39858,25,,,1,305,,39856,25,,,2,20,,39845,25,,,1,68,,39837,25,,,2,30,,39849,25,,,1,70,,39855,25,,,1,30,,39846,25,,,1,69,,39848,25,,,1,30,,39850,25,,,1,70,,39843,25,,,1,30,,39852,25,,,1,70,,39847,25,,,1,28,,39851,25,,,1,70,,39854,25,,,1
3400,'Semaine-4-_26ÉTÉ-1111100-',620,,39891,25,,,1,31,,39876,25,,,1,72,,39870,25,,,1,32,,39874,25,,,1,71,,39865,25,,,1,31,,39885,25,,,1,68,,39871,25,,,1,27,,39861,25,,,1,70,,39866,25,,,2,30,,39867,25,,,2,70,,39872,25,,,1,30,,39862,25,,,1,71,,39892,25,,,1,30,,39868,25,,,1,70,,39873,25,,,1,30,,39863,25,,,1,72,,39889,25,,,2,30,,39864,25,,,1,66,,39890,25,,,1,305,,39888,25,,,2,20,,39877,25,,,1,68,,39869,25,,,2,30,,39881,25,,,1,70,,39887,25,,,1,30,,39878,25,,,1,69,,39880,25,,,1,30,,39882,25,,,1,70,,39875,25,,,1,30,,39884,25,,,1,70,,39879,25,,,1,28,,39883,25,,,1,70,,39886,25,,,1
5600,'Semaine-4',655,,32161,37,,,1,62,,32159,37,,,1,3,,32163,37,,,1,32,,32162,37,,,2,73,,32156,37,,,1,100,,32155,37,,,1,107,,32157,37,,,1,98,,32160,37,,,1,101,,32158,37,,,1
5600,'Semaine-2-_26ÉTÉ-1111100-',656,,41959,37,,,2,61,,41957,37,,,1,5,,41961,37,,,2,30,,41960,37,,,2,73,,41954,37,,,2,105,,41953,37,,,2,102,,41955,37,,,1,98,,41958,37,,,2,101,,41956,37,,,1
5600,'Semaine-3-_26ÉTÉ-1111100-',656,,41968,37,,,2,61,,41966,37,,,1,5,,41970,37,,,2,30,,41969,37,,,2,73,,41963,37,,,2,105,,41962,37,,,2,102,,41964,37,,,1,98,,41967,37,,,2,101,,41965,37,,,1
5600,'Semaine-4-_26ÉTÉ-1111100-',656,,41977,37,,,2,61,,41975,37,,,1,5,,41979,37,,,2,30,,41978,37,,,2,73,,41972,37,,,2,105,,41971,37,,,2,102,,41973,37,,,1,98,,41976,37,,,2,101,,41974,37,,,1
32900,'Semaine-4',817,,34189,17,0,7 8,1
32900,'Semaine-2-_26ÉTÉ-1111100-',817,,45844,17,0,7 8,1
32900,'Semaine-3-_26ÉTÉ-1111100-',817,,45845,17,0,7 8,1
32900,'Semaine-4-_26ÉTÉ-1111100-',817,,45846,17,0,7 8,1
42900,'Semaine-4',713,,34798,10,0,9 14,1,2,,34799,10,0,9 14,1
42900,'Semaine-2-_26ÉTÉ-1111100-',715,,46749,10,0,9 14,1
42900,'Semaine-3-_26ÉTÉ-1111100-',715,,46750,10,0,9 14,1
42900,'Semaine-4-_26ÉTÉ-1111100-',715,,46751,10,0,9 14,1
55400,'Semaine-4',715,,34822,27,0,5 6,1
55400,'Semaine-2-_26ÉTÉ-1111100-',715,,46764,27,0,5 6,1
55400,'Semaine-3-_26ÉTÉ-1111100-',715,,46765,27,0,5 6,1
55400,'Semaine-4-_26ÉTÉ-1111100-',715,,46766,27,0,5 6,1
73400,'Semaine-4',1634,,34853,19,0,5 11,1
82900,'Semaine-4',1542,,35018,22,0,9 12 13,1
