3600,'Semaine-1-_26ÉTÉ-1111100-',919,,50018,28,,,1,100,,50019,28,,,1,102,,50017,28,,,1,100,,50020,28,,,1,100,,50022,28,,,1,99,,50023,28,,,1,98,,50021,28,,,1
3600,'Semaine-10-_26ÉTÉ-1111100-',919,,50025,28,,,1,100,,50026,28,,,1,102,,50024,28,,,1,100,,50027,28,,,1,100,,50029,28,,,1,99,,50030,28,,,1,98,,50028,28,,,1
3600,'Semaine-11-_26ÉTÉ-1111100-',919,,50032,28,,,1,100,,50033,28,,,1,102,,50031,28,,,1,100,,50034,28,,,1,100,,50036,28,,,1,99,,50037,28,,,1,98,,50035,28,,,1
3600,'Semaine-12-_26ÉTÉ-1111100-',919,,50039,28,,,1,100,,50040,28,,,1,102,,50038,28,,,1,100,,50041,28,,,1,100,,50043,28,,,1,99,,50044,28,,,1,98,,50042,28,,,1
3600,'Semaine-5-_26ÉTÉ-1111100-',919,,50046,28,,,1,100,,50047,28,,,1,102,,50045,28,,,1,100,,50048,28,,,1,100,,50050,28,,,1,99,,50051,28,,,1,98,,50049,28,,,1
4801,'Semaine-1-_26ÉTÉ-1111100-',747,,51958,39,,,1
4801,'Semaine-10-_26ÉTÉ-1111100-',747,,51959,39,,,1
4801,'Semaine-11-_26ÉTÉ-1111100-',747,,51960,39,,,1
4801,'Semaine-12-_26ÉTÉ-1111100-',747,,51961,39,,,1
4801,'Semaine-5-_26ÉTÉ-1111100-',747,,51962,39,,,1
