4000,'Semaine-4',1536,,31617,30,,,1,70,,31613,30,,,2,35,,31616,30,,,1,67,,31615,30,,,2,28,,31614,30,,,1,65,,31618,30,,,1
4000,'Semaine-5',1536,,36025,30,,,1,70,,36021,30,,,2,35,,36024,30,,,1,67,,36023,30,,,2,28,,36022,30,,,1,65,,36026,30,,,1
4100,'Semaine-4',1546,,31626,30,,,1,71,,31628,30,,,1,33,,31627,30,,,1,66,,31625,30,,,1,29,,31629,30,,,1
4100,'Semaine-5',1546,,36034,30,,,1,71,,36036,30,,,1,33,,36035,30,,,1,66,,36033,30,,,1,29,,36037,30,,,1
4700,'Semaine-4',1542,,31651,30,,,1,103,,31653,30,,,2,95,,31652,30,,,2
4700,'Semaine-5',1542,,36059,30,,,1,103,,36061,30,,,2,95,,36060,30,,,2
4901,'Samedi-3',744,,31736,38,,,1,100,,31735,38,,,1,100,,31737,38,,,1,102,,31733,38,,,1,100,,31738,38,,,1,102,,31734,38,,,1,98,,31739,38,,,1,103,,31740,38,,,1,99,,31741,38,,,1,100,,31742,38,,,1,100,,31743,38,,,1,95,,31744,38,,,1,102,,31745,38,,,1,100,,31746,38,,,1,100,,31747,38,,,1,100,,31748,38,,,1,99,,31749,38,,,1
4901,'Samedi-4',744,,36127,38,,,1,100,,36126,38,,,1,100,,36128,38,,,1,102,,36124,38,,,1,100,,36129,38,,,1,102,,36125,38,,,1,98,,36130,38,,,1,103,,36131,38,,,1,99,,36132,38,,,1,100,,36133,38,,,1,100,,36134,38,,,1,95,,36135,38,,,1,102,,36136,38,,,1,100,,36137,38,,,1,100,,36138,38,,,1,100,,36139,38,,,1,99,,36140,38,,,1
4901,'Dimanche-3',744,,31754,38,,,1,100,,31750,38,,,1,100,,31753,38,,,1,102,,31755,38,,,1,100,,31752,38,,,1,102,,31751,38,,,1,98,,31757,38,,,1,103,,31758,38,,,1,99,,31756,38,,,1,100,,31762,38,,,1,100,,31766,38,,,1,95,,31759,38,,,1,102,,31760,38,,,1,100,,31761,38,,,1,99,,31763,38,,,1,101,,31764,38,,,1,99,,31765,38,,,1
4901,'Semaine-4',628,,31773,38,,,1,89,,31778,38,,,1,31,,31794,38,,,1,74,,31790,38,,,1,28,,31788,38,,,1,68,,31798,38,,,1,27,,31780,38,,,1,69,,31796,38,,,1,28,,31792,38,,,1,72,,31767,38,,,1,30,,31789,38,,,1,70,,31768,38,,,1,32,,31774,38,,,1,68,,31776,38,,,1,30,,31781,38,,,1,68,,31797,38,,,1,33,,31779,38,,,1,73,,31799,38,,,1,24,,31795,38,,,1,12,,31782,38,,,1,56,,31769,38,,,1,14,,31785,38,,,1,30,,31775,38,,,1,65,,31777,38,,,1,30,,31793,38,,,1,66,,31787,38,,,1,31,,31791,38,,,1,93,,31770,38,,,1,80,,31786,38,,,1,100,,31784,38,,,1,98,,31771,38,,,1,103,,31783,38,,,1,94,,31772,38,,,1
4901,'Semaine-5',628,,36147,38,,,1,89,,36152,38,,,1,31,,36168,38,,,1,74,,36164,38,,,1,28,,36162,38,,,1,68,,36172,38,,,1,27,,36154,38,,,1,69,,36170,38,,,1,28,,36166,38,,,1,72,,36141,38,,,1,30,,36163,38,,,1,70,,36142,38,,,1,32,,36148,38,,,1,68,,36150,38,,,1,30,,36155,38,,,1,68,,36171,38,,,1,33,,36153,38,,,1,73,,36173,38,,,1,24,,36169,38,,,1,12,,36156,38,,,1,56,,36143,38,,,1,14,,36159,38,,,1,30,,36149,38,,,1,65,,36151,38,,,1,30,,36167,38,,,1,66,,36161,38,,,1,31,,36165,38,,,1,93,,36144,38,,,1,80,,36160,38,,,1,100,,36158,38,,,1,98,,36145,38,,,1,103,,36157,38,,,1,94,,36146,38,,,1
5500,'Samedi-3',715,,31926,31,,,1,30,,31923,31,,,1,70,,31924,31,,,1,30,,31927,31,,,1,70,,31925,31,,,1,29,,31932,31,,,1,71,,31929,31,,,1,30,,31930,31,,,1,74,,31935,31,,,1,27,,31934,31,,,1,68,,31928,31,,,1,30,,31931,31,,,1,70,,31933,31,,,1,34,,31936,31,,,1,70,,31937,31,,,1,30,,31938,31,,,1,70,,31939,31,,,1,29,,31940,31,,,1,70,,31941,31,,,1,29,,31942,31,,,1,70,,31943,31,,,1,30,,31944,31,,,1,72,,31945,31,,,1,28,,31946,31,,,1,70,,31948,31,,,1,33,,31947,31,,,1,67,,31949,31,,,1,30,,31951,31,,,1,71,,31950,31,,,1,31,,31952,31,,,1,67,,31953,31,,,1,30,,31956,31,,,1,70,,31958,31,,,1,30,,31955,31,,,1,71,,31954,31,,,1,26,,31957,31,,,1
5500,'Samedi-4',715,,36264,31,,,1,30,,36261,31,,,1,70,,36262,31,,,1,30,,36265,31,,,1,70,,36263,31,,,1,29,,36270,31,,,1,71,,36267,31,,,1,30,,36268,31,,,1,74,,36273,31,,,1,27,,36272,31,,,1,68,,36266,31,,,1,30,,36269,31,,,1,70,,36271,31,,,1,34,,36274,31,,,1,70,,36275,31,,,1,30,,36276,31,,,1,70,,36277,31,,,1,29,,36278,31,,,1,70,,36279,31,,,1,29,,36280,31,,,1,70,,36281,31,,,1,30,,36282,31,,,1,72,,36283,31,,,1,28,,36284,31,,,1,70,,36286,31,,,1,33,,36285,31,,,1,67,,36287,31,,,1,30,,36289,31,,,1,71,,36288,31,,,1,31,,36290,31,,,1,67,,36291,31,,,1,30,,36294,31,,,1,70,,36296,31,,,1,30,,36293,31,,,1,71,,36292,31,,,1,26,,36295,31,,,1
5500,'Dimanche-3',715,,31961,31,,,1,30,,31966,31,,,1,70,,31970,31,,,1,30,,31964,31,,,1,70,,31962,31,,,1,29,,31967,31,,,1,71,,31969,31,,,1,30,,31963,31,,,1,74,,31959,31,,,1,27,,31960,31,,,1,68,,31972,31,,,1,30,,31976,31,,,1,70,,31974,31,,,1,34,,31971,31,,,1,70,,31965,31,,,1,30,,31979,31,,,1,70,,31980,31,,,1,29,,31981,31,,,1,70,,31975,31,,,1,29,,31988,31,,,1,70,,31985,31,,,1,30,,31973,31,,,1,72,,31993,31,,,1,28,,31987,31,,,1,70,,31968,31,,,1,33,,31991,31,,,1,67,,31984,31,,,1,30,,31977,31,,,1,71,,31982,31,,,1,31,,31978,31,,,1,67,,31989,31,,,1,30,,31986,31,,,1,70,,31983,31,,,1,30,,31992,31,,,1,71,,31990,31,,,1,27,,31994,31,,,1
5500,'Semaine-4',611,,31997,31,,,1,106,,32013,31,,,1,103,,31996,31,,,1,97,,32032,31,,,1,28,,32033,31,,,1,70,,32002,31,,,1,29,,32012,31,,,1,70,,32016,31,,,1,32,,32038,31,,,1,70,,31998,31,,,1,30,,32037,31,,,1,69,,32015,31,,,1,30,,32030,31,,,1,69,,32024,31,,,1,26,,32031,31,,,1,16,,32017,31,,,1,57,,31995,31,,,1,14,,32036,31,,,1,17,,32006,31,,,1,15,,32039,31,,,1,53,,32027,31,,,1,10,,31999,31,,,1,13,,32010,31,,,1,14,,32042,31,,,1,53,,32035,31,,,1,11,,32001,31,,,1,12,,32018,31,,,1,9,,32011,31,,,1,11,,32040,31,,,1,11,,32025,31,,,1,49,,32005,31,,,1,12,,32000,31,,,1,10,,32041,31,,,1,12,,32009,31,,,1,10,,32004,31,,,1,10,,32014,31,,,1,70,,32029,31,,,1,29,,32034,31,,,1,70,,32021,31,,,1,30,,32007,31,,,1,70,,32028,31,,,1,28,,32019,31,,,1,69,,32022,31,,,1,29,,32008,31,,,1,70,,32023,31,,,1,30,,32020,31,,,1,69,,32003,31,,,1,29,,32026,31,,,1
5500,'Semaine-5',611,,36299,31,,,1,106,,36315,31,,,1,103,,36298,31,,,1,97,,36334,31,,,1,28,,36335,31,,,1,70,,36304,31,,,1,29,,36314,31,,,1,70,,36318,31,,,1,32,,36340,31,,,1,70,,36300,31,,,1,30,,36339,31,,,1,69,,36317,31,,,1,30,,36332,31,,,1,69,,36326,31,,,1,26,,36333,31,,,1,16,,36319,31,,,1,57,,36297,31,,,1,14,,36338,31,,,1,17,,36308,31,,,1,15,,36341,31,,,1,53,,36329,31,,,1,10,,36301,31,,,1,13,,36312,31,,,1,14,,36344,31,,,1,53,,36337,31,,,1,11,,36303,31,,,1,12,,36320,31,,,1,9,,36313,31,,,1,11,,36342,31,,,1,11,,36327,31,,,1,49,,36307,31,,,1,12,,36302,31,,,1,10,,36343,31,,,1,12,,36311,31,,,1,10,,36306,31,,,1,10,,36316,31,,,1,70,,36331,31,,,1,29,,36336,31,,,1,70,,36323,31,,,1,30,,36309,31,,,1,70,,36330,31,,,1,28,,36321,31,,,1,69,,36324,31,,,1,29,,36310,31,,,1,70,,36325,31,,,1,30,,36322,31,,,1,69,,36305,31,,,1,29,,36328,31,,,1
5800,'Semaine-4',831,,32175,18,,,2,399,,32176,18,,,1,300,,32178,18,,,2,71,,32173,18,,,2,30,,32174,18,,,1,70,,32177,18,,,1,28,,32172,18,,,1,30,,32171,18,,,1
5800,'Semaine-5',831,,36444,18,,,2,399,,36445,18,,,1,300,,36447,18,,,2,71,,36442,18,,,2,30,,36443,18,,,1,70,,36446,18,,,1,28,,36441,18,,,1,30,,36440,18,,,1
5900,'Samedi-3',730,,32190,31,,,1,70,,32193,31,,,1,30,,32186,31,,,1,70,,32192,31,,,1,30,,32189,31,,,1,70,,32194,31,,,1,30,,32198,31,,,1,70,,32199,31,,,1,30,,32188,31,,,1,70,,32187,31,,,1,31,,32197,31,,,1,71,,32191,31,,,1,30,,32195,31,,,1,71,,32200,31,,,1,30,,32196,31,,,1,70,,32201,31,,,1,30,,32202,31,,,1,69,,32203,31,,,1,30,,32204,31,,,1,73,,32205,31,,,1,28,,32206,31,,,1,70,,32207,31,,,1,29,,32208,31,,,1,70,,32209,31,,,1,30,,32210,31,,,1,68,,32212,31,,,1,30,,32211,31,,,1,70,,32214,31,,,1,30,,32213,31,,,1,70,,32215,31,,,1,30,,32216,31,,,1,70,,32218,31,,,1,30,,32217,31,,,1,70,,32219,31,,,1
5900,'Samedi-4',730,,36459,31,,,1,70,,36462,31,,,1,30,,36455,31,,,1,70,,36461,31,,,1,30,,36458,31,,,1,70,,36463,31,,,1,30,,36467,31,,,1,70,,36468,31,,,1,30,,36457,31,,,1,70,,36456,31,,,1,31,,36466,31,,,1,71,,36460,31,,,1,30,,36464,31,,,1,71,,36469,31,,,1,30,,36465,31,,,1,70,,36470,31,,,1,30,,36471,31,,,1,69,,36472,31,,,1,30,,36473,31,,,1,73,,36474,31,,,1,28,,36475,31,,,1,70,,36476,31,,,1,29,,36477,31,,,1,70,,36478,31,,,1,30,,36479,31,,,1,68,,36481,31,,,1,30,,36480,31,,,1,70,,36483,31,,,1,30,,36482,31,,,1,70,,36484,31,,,1,30,,36485,31,,,1,70,,36487,31,,,1,30,,36486,31,,,1,70,,36488,31,,,1
5900,'Dimanche-3',730,,32226,31,,,1,70,,32221,31,,,1,30,,32224,31,,,1,70,,32229,31,,,1,30,,32233,31,,,1,70,,32222,31,,,1,30,,32225,31,,,1,70,,32231,31,,,1,30,,32232,31,,,1,70,,32220,31,,,1,31,,32223,31,,,1,71,,32228,31,,,1,30,,32230,31,,,1,71,,32227,31,,,1,30,,32235,31,,,1,70,,32240,31,,,1,30,,32234,31,,,1,69,,32245,31,,,1,30,,32246,31,,,1,73,,32237,31,,,1,28,,32241,31,,,1,70,,32252,31,,,1,29,,32236,31,,,1,70,,32242,31,,,1,30,,32238,31,,,1,68,,32243,31,,,1,30,,32248,31,,,1,70,,32249,31,,,1,30,,32239,31,,,1,70,,32253,31,,,1,30,,32247,31,,,1,70,,32244,31,,,1,30,,32251,31,,,1,70,,32250,31,,,1
5900,'Semaine-4',644,,32261,31,,,1,104,,32296,31,,,1,100,,32277,31,,,1,83,,32273,31,,,1,28,,32294,31,,,1,70,,32270,31,,,1,30,,32293,31,,,1,70,,32284,31,,,1,30,,32278,31,,,1,73,,32286,31,,,1,69,,32269,31,,,1,31,,32297,31,,,1,70,,32260,31,,,1,31,,32291,31,,,1,13,,32262,31,,,1,59,,32295,31,,,1,31,,32255,31,,,1,14,,32299,31,,,1,56,,32254,31,,,1,7,,32289,31,,,1,17,,32285,31,,,1,8,,32298,26,,,1,4,,32272,31,,,1,16,,32256,31,,,1,44,,32300,26,,,1,6,,32257,31,,,1,12,,32265,31,,,1,9,,32292,31,,,1,12,,32281,31,,,1,11,,32268,31,,,1,49,,32290,31,,,1,11,,32276,31,,,1,12,,32288,31,,,1,9,,32258,31,,,1,10,,32263,31,,,1,71,,32283,31,,,1,29,,32274,31,,,1,70,,32279,31,,,1,30,,32267,31,,,1,70,,32275,31,,,1,30,,32280,31,,,1,69,,32287,31,,,1,30,,32264,31,,,1,70,,32282,31,,,1,28,,32271,31,,,1,70,,32259,31,,,1,28,,32266,31,,,1
5900,'Semaine-5',644,,36496,31,,,1,104,,36531,31,,,1,100,,36512,31,,,1,83,,36508,31,,,1,28,,36529,31,,,1,70,,36505,31,,,1,30,,36528,31,,,1,70,,36519,31,,,1,30,,36513,31,,,1,73,,36521,31,,,1,69,,36504,31,,,1,31,,36532,31,,,1,70,,36495,31,,,1,31,,36526,31,,,1,13,,36497,31,,,1,59,,36530,31,,,1,31,,36490,31,,,1,14,,36534,31,,,1,56,,36489,31,,,1,7,,36524,31,,,1,17,,36520,31,,,1,8,,36533,26,,,1,4,,36507,31,,,1,16,,36491,31,,,1,44,,36535,26,,,1,6,,36492,31,,,1,12,,36500,31,,,1,9,,36527,31,,,1,12,,36516,31,,,1,11,,36503,31,,,1,49,,36525,31,,,1,11,,36511,31,,,1,12,,36523,31,,,1,9,,36493,31,,,1,10,,36498,31,,,1,71,,36518,31,,,1,29,,36509,31,,,1,70,,36514,31,,,1,30,,36502,31,,,1,70,,36510,31,,,1,30,,36515,31,,,1,69,,36522,31,,,1,30,,36499,31,,,1,70,,36517,31,,,1,28,,36506,31,,,1,70,,36494,31,,,1,28,,36501,31,,,1
54901,'Semaine-4',1550,,34815,31,,,1
54901,'Semaine-5',1550,,38466,31,,,1
64700,'Semaine-4',712,,34844,7,0,9 10,1
64700,'Semaine-5',712,,38495,7,0,9 10,1
65500,'Semaine-4',719,,34848,24,0,9 10,1
65500,'Semaine-5',719,,38499,24,0,9 10,1
74000,'Semaine-4',1640,,34857,25,0,5 11,1
74000,'Semaine-5',1640,,38508,25,0,5 11,1
75200,'Semaine-4',726,,34860,17,0,9 18,1
75200,'Semaine-5',726,,38511,17,0,9 18,1
75401,'Semaine-4',724,,34865,14,0,9 18,1
75401,'Semaine-5',724,,38516,14,0,9 18,1
80001,'Samedi-3',641,,34936,33,,,1,100,,34938,33,,,1,99,,34939,33,,,2,100,,34942,33,,,1,102,,34937,33,,,2,100,,34940,33,,,1,100,,34943,33,,,1,99,,34941,33,,,2,100,,34944,33,,,1,100,,34945,33,,,1,100,,34946,33,,,2,100,,34947,33,,,1,97,,34950,33,,,1,101,,34948,33,,,1,100,,34949,33,,,2,100,,34951,33,,,1,101,,34952,33,,,1
80001,'Samedi-4',641,,38570,33,,,1,100,,38572,33,,,1,99,,38573,33,,,2,100,,38576,33,,,1,102,,38571,33,,,2,100,,38574,33,,,1,100,,38577,33,,,1,99,,38575,33,,,2,100,,38578,33,,,1,100,,38579,33,,,1,100,,38580,33,,,2,100,,38581,33,,,1,97,,38584,33,,,1,101,,38582,33,,,1,100,,38583,33,,,2,100,,38585,33,,,1,101,,38586,33,,,1
80001,'Dimanche-3',641,,34953,33,,,1,100,,34954,33,,,1,99,,34958,33,,,2,100,,34955,33,,,1,102,,34959,33,,,2,100,,34956,33,,,1,100,,34957,33,,,1,99,,34961,33,,,2,100,,34960,33,,,1,100,,34962,33,,,1,100,,34964,33,,,2,100,,34965,33,,,1,97,,34966,33,,,1,101,,34963,33,,,1,100,,34967,33,,,2,100,,34968,33,,,1,101,,34969,33,,,1
80001,'Semaine-4',632,,34992,33,,,1,71,,34978,33,,,1,32,,34998,33,,,2,70,,34982,33,,,1,30,,34972,33,,,1,66,,34989,33,,,1,30,,34986,33,,,1,70,,34994,33,,,1,30,,34999,33,,,1,70,,34985,33,,,2,30,,34993,33,,,1,70,,34975,33,,,1,30,,35003,33,,,1,71,,35002,33,,,1,31,,34973,33,,,1,70,,34996,33,,,1,30,,34984,33,,,2,70,,34990,33,,,1,36,,35000,33,,,2,69,,34987,33,,,1,16,,34997,33,,,1,18,,35004,33,,,1,67,,34995,33,,,2,28,,34988,33,,,1,70,,34976,33,,,2,27,,34980,33,,,1,68,,34970,33,,,1,30,,35001,33,,,1,70,,34977,33,,,1,27,,34979,33,,,1,29,,34983,33,,,1,72,,34971,33,,,1,70,,34991,33,,,1,30,,34974,33,,,1,70,,34981,33,,,1
80001,'Semaine-5',632,,38609,33,,,1,71,,38595,33,,,1,32,,38615,33,,,2,70,,38599,33,,,1,30,,38589,33,,,1,66,,38606,33,,,1,30,,38603,33,,,1,70,,38611,33,,,1,30,,38616,33,,,1,70,,38602,33,,,2,30,,38610,33,,,1,70,,38592,33,,,1,30,,38620,33,,,1,71,,38619,33,,,1,31,,38590,33,,,1,70,,38613,33,,,1,30,,38601,33,,,2,70,,38607,33,,,1,36,,38617,33,,,2,69,,38604,33,,,1,16,,38614,33,,,1,18,,38621,33,,,1,67,,38612,33,,,2,28,,38605,33,,,1,70,,38593,33,,,2,27,,38597,33,,,1,68,,38587,33,,,1,30,,38618,33,,,1,70,,38594,33,,,1,27,,38596,33,,,1,29,,38600,33,,,1,72,,38588,33,,,1,70,,38608,33,,,1,30,,38591,33,,,1,70,,38598,33,,,1
