4101,'Semaine-4',625,,31632,2,,,1,32,,31633,2,,,2,70,,31634,2,,,2,30,,31631,2,,,1,71,,31630,2,,,1
4101,'Semaine-2-_26ÉTÉ-1111100-',626,,41096,2,,,2,31,,41097,2,,,2,70,,41098,2,,,2,30,,41095,2,,,1,70,,41094,2,,,2
4101,'Semaine-3-_26ÉTÉ-1111100-',626,,41101,2,,,2,31,,41102,2,,,2,70,,41103,2,,,2,30,,41100,2,,,1,70,,41099,2,,,2
4101,'Semaine-4-_26ÉTÉ-1111100-',626,,41106,2,,,2,31,,41107,2,,,2,70,,41108,2,,,2,30,,41105,2,,,1,70,,41104,2,,,2
64100,'Semaine-4',722,,34840,2,0,9 10,1
64100,'Semaine-2-_26ÉTÉ-1111100-',722,,46785,2,0,9 10,1
64100,'Semaine-3-_26ÉTÉ-1111100-',722,,46786,2,0,9 10,1
64100,'Semaine-4-_26ÉTÉ-1111100-',722,,46787,2,0,9 10,1
80000,'Samedi-3',709,,34866,2,,,2,100,,34867,2,,,1,100,,34868,2,,,2,100,,34870,2,,,1,100,,34871,2,,,2,100,,34869,2,,,2,100,,34872,2,,,1,100,,34873,2,,,2,100,,34874,2,,,1,100,,34875,2,,,1,100,,34876,2,,,2,100,,34877,2,,,1,100,,34880,2,,,1,100,,34878,2,,,1,100,,34879,2,,,2,100,,34881,2,,,1,100,,34882,2,,,1
80000,'Dimanche-3',709,,34887,2,,,2,100,,34883,2,,,1,100,,34888,2,,,2,100,,34884,2,,,1,100,,34885,2,,,2,100,,34889,2,,,2,100,,34886,2,,,1,100,,34891,2,,,2,100,,34890,2,,,1,100,,34892,2,,,1,100,,34895,2,,,2,100,,34893,2,,,1,100,,34894,2,,,1,100,,34896,2,,,1,100,,34897,2,,,2,100,,34899,2,,,1,100,,34898,2,,,1
80000,'Semaine-4',544,,34931,2,,,1,70,,34913,2,,,1,30,,34903,2,,,1,14,,34906,2,,,1,56,,34926,2,,,1,31,,34914,2,,,1,62,,34902,2,,,1,26,,34928,2,,,1,70,,34905,2,,,2,30,,34923,2,,,1,70,,34917,2,,,1,31,,34935,2,,,1,69,,34904,2,,,1,30,,34921,2,,,2,70,,34919,2,,,1,30,,34934,2,,,1,70,,34916,2,,,1,30,,34929,2,,,1,70,,34918,2,,,1,30,,34925,2,,,1,70,,34924,2,,,2,31,,34920,2,,,1,70,,34932,2,,,2,31,,34907,2,,,1,69,,34915,2,,,1,30,,34909,2,,,1,71,,34930,2,,,1,29,,34908,2,,,1,70,,34912,2,,,1,30,,34900,2,,,1,70,,34933,2,,,1,30,,34910,2,,,1,69,,34911,2,,,1,30,,34927,2,,,1,70,,34901,2,,,1,30,,34922,2,,,1
80000,'Samedi-10-_26ÉTÉ-0000010-',709,,46809,2,,,2,100,,46810,2,,,1,100,,46811,2,,,2,100,,46813,2,,,1,100,,46814,2,,,2,100,,46812,2,,,2,100,,46815,2,,,1,100,,46816,2,,,2,100,,46817,2,,,1,100,,46818,2,,,2,100,,46819,2,,,2,100,,46820,2,,,1,100,,46823,2,,,1,100,,46821,2,,,1,100,,46822,2,,,2,100,,46824,2,,,1,100,,46825,2,,,1
80000,'Semaine-2-_26ÉTÉ-1111100-',543,,46856,2,,,1,70,,46838,2,,,2,30,,46829,2,,,1,70,,46851,2,,,1,30,,46839,2,,,1,60,,46828,2,,,1,30,,46853,2,,,2,70,,46831,2,,,2,30,,46848,2,,,2,70,,46842,2,,,2,30,,46860,2,,,1,70,,46830,2,,,1,29,,46846,2,,,2,71,,46844,2,,,1,31,,46859,2,,,1,68,,46841,2,,,1,32,,46854,2,,,2,69,,46843,2,,,2,30,,46850,2,,,1,69,,46849,2,,,1,31,,46845,2,,,1,70,,46857,2,,,1,31,,46832,2,,,2,69,,46840,2,,,1,30,,46834,2,,,2,70,,46855,2,,,1,30,,46833,2,,,1,70,,46837,2,,,1,30,,46826,2,,,1,70,,46858,2,,,1,30,,46835,2,,,1,70,,46836,2,,,1,30,,46852,2,,,1,70,,46827,2,,,1,30,,46847,2,,,1
80000,'Semaine-3-_26ÉTÉ-1111100-',543,,46891,2,,,1,70,,46873,2,,,2,30,,46864,2,,,1,70,,46886,2,,,1,30,,46874,2,,,1,60,,46863,2,,,1,30,,46888,2,,,2,70,,46866,2,,,2,30,,46883,2,,,2,70,,46877,2,,,2,30,,46895,2,,,1,70,,46865,2,,,1,29,,46881,2,,,2,71,,46879,2,,,1,31,,46894,2,,,1,68,,46876,2,,,1,32,,46889,2,,,2,69,,46878,2,,,2,30,,46885,2,,,1,69,,46884,2,,,1,31,,46880,2,,,1,70,,46892,2,,,1,31,,46867,2,,,2,69,,46875,2,,,1,30,,46869,2,,,2,70,,46890,2,,,1,30,,46868,2,,,1,70,,46872,2,,,1,30,,46861,2,,,1,70,,46893,2,,,1,30,,46870,2,,,1,70,,46871,2,,,1,30,,46887,2,,,1,70,,46862,2,,,1,30,,46882,2,,,1
80000,'Semaine-4-_26ÉTÉ-1111100-',543,,46926,2,,,1,70,,46908,2,,,2,30,,46899,2,,,1,70,,46921,2,,,1,30,,46909,2,,,1,60,,46898,2,,,1,30,,46923,2,,,2,70,,46901,2,,,2,30,,46918,2,,,2,70,,46912,2,,,2,30,,46930,2,,,1,70,,46900,2,,,1,29,,46916,2,,,2,71,,46914,2,,,1,31,,46929,2,,,1,68,,46911,2,,,1,32,,46924,2,,,2,69,,46913,2,,,2,30,,46920,2,,,1,69,,46919,2,,,1,31,,46915,2,,,1,70,,46927,2,,,1,31,,46902,2,,,2,69,,46910,2,,,1,30,,46904,2,,,2,70,,46925,2,,,1,30,,46903,2,,,1,70,,46907,2,,,1,30,,46896,2,,,1,70,,46928,2,,,1,30,,46905,2,,,1,70,,46906,2,,,1,30,,46922,2,,,1,70,,46897,2,,,1,30,,46917,2,,,1
