2301,'Semaine-1-_26ÉTÉ-1111100-',631,,47178,22,,,1,70,,47175,22,,,1,32,,47179,22,,,1,71,,47177,22,,,2,29,,47176,22,,,2
2301,'Semaine-10-_26ÉTÉ-1111100-',631,,47183,22,,,1,70,,47180,22,,,1,32,,47184,22,,,1,71,,47182,22,,,2,29,,47181,22,,,2
2301,'Semaine-11-_26ÉTÉ-1111100-',631,,47188,22,,,1,70,,47185,22,,,1,32,,47189,22,,,1,71,,47187,22,,,2,29,,47186,22,,,2
2301,'Semaine-12-_26ÉTÉ-1111100-',631,,47193,22,,,1,70,,47190,22,,,1,32,,47194,22,,,1,71,,47192,22,,,2,29,,47191,22,,,2
2501,'Semaine-1-_26ÉTÉ-1111100-',615,,47234,29,,,1,29,,47233,29,,,1,72,,47231,29,,,2,35,,47232,29,,,2,69,,47235,29,,,1,30,,47230,29,,,1
2501,'Semaine-10-_26ÉTÉ-1111100-',615,,47240,29,,,1,29,,47239,29,,,1,72,,47237,29,,,2,35,,47238,29,,,2,69,,47241,29,,,1,30,,47236,29,,,1
2501,'Semaine-11-_26ÉTÉ-1111100-',615,,47246,29,,,1,29,,47245,29,,,1,72,,47243,29,,,2,35,,47244,29,,,2,69,,47247,29,,,1,30,,47242,29,,,1
2501,'Semaine-12-_26ÉTÉ-1111100-',615,,47252,29,,,1,29,,47251,29,,,1,72,,47249,29,,,2,35,,47250,29,,,2,69,,47253,29,,,1,30,,47248,29,,,1
3501,'Semaine-1-_26ÉTÉ-1111100-',550,,49877,19,,,1,81,,49852,19,,,2,20,,49859,19,,,2,61,,49868,30,,,2,15,,49874,19,,,1,22,,49879,30,,,1,54,,49855,19,,,1,30,,49875,19,,,1,22,,49880,19,,,1,69,,49861,19,,,1,31,,49863,19,,,1,70,,49854,19,,,1,30,,49860,19,,,2,70,,49870,19,,,1,30,,49853,19,,,1,70,,49867,19,,,2,30,,49869,19,,,1,70,,49872,19,,,2,30,,49857,19,,,2,73,,49881,19,,,2,26,,49871,19,,,1,73,,49856,19,,,2,30,,49883,19,,,1,67,,49878,19,,,2,30,,49862,19,,,1,69,,49865,19,,,2,80,,49884,19,,,2,23,,49873,19,,,2,98,,49866,19,,,1,103,,49864,19,,,1,100,,49882,19,,,2,97,,49876,19,,,1,109,,49858,19,,,1
3501,'Semaine-10-_26ÉTÉ-1111100-',550,,49910,19,,,1,81,,49885,19,,,2,20,,49892,19,,,2,61,,49901,30,,,2,15,,49907,19,,,1,22,,49912,30,,,1,54,,49888,19,,,1,30,,49908,19,,,1,22,,49913,19,,,1,69,,49894,19,,,1,31,,49896,19,,,1,70,,49887,19,,,1,30,,49893,19,,,2,70,,49903,19,,,1,30,,49886,19,,,1,70,,49900,19,,,2,30,,49902,19,,,1,70,,49905,19,,,2,30,,49890,19,,,2,73,,49914,19,,,2,26,,49904,19,,,1,73,,49889,19,,,2,30,,49916,19,,,1,67,,49911,19,,,2,30,,49895,19,,,1,69,,49898,19,,,2,80,,49917,19,,,2,23,,49906,19,,,2,98,,49899,19,,,1,103,,49897,19,,,1,100,,49915,19,,,2,97,,49909,19,,,1,109,,49891,19,,,1
3501,'Semaine-11-_26ÉTÉ-1111100-',550,,49943,19,,,1,81,,49918,19,,,2,20,,49925,19,,,2,61,,49934,30,,,2,15,,49940,19,,,1,22,,49945,30,,,1,54,,49921,19,,,1,30,,49941,19,,,1,22,,49946,19,,,1,69,,49927,19,,,1,31,,49929,19,,,1,70,,49920,19,,,1,30,,49926,19,,,2,70,,49936,19,,,1,30,,49919,19,,,1,70,,49933,19,,,2,30,,49935,19,,,1,70,,49938,19,,,2,30,,49923,19,,,2,73,,49947,19,,,2,26,,49937,19,,,1,73,,49922,19,,,2,30,,49949,19,,,1,67,,49944,19,,,2,30,,49928,19,,,1,69,,49931,19,,,2,80,,49950,19,,,2,23,,49939,19,,,2,98,,49932,19,,,1,103,,49930,19,,,1,100,,49948,19,,,2,97,,49942,19,,,1,109,,49924,19,,,1
3501,'Semaine-12-_26ÉTÉ-1111100-',550,,49976,19,,,1,81,,49951,19,,,2,20,,49958,19,,,2,61,,49967,30,,,2,15,,49973,19,,,1,22,,49978,30,,,1,54,,49954,19,,,1,30,,49974,19,,,1,22,,49979,19,,,1,69,,49960,19,,,1,31,,49962,19,,,1,70,,49953,19,,,1,30,,49959,19,,,2,70,,49969,19,,,1,30,,49952,19,,,1,70,,49966,19,,,2,30,,49968,19,,,1,70,,49971,19,,,2,30,,49956,19,,,2,73,,49980,19,,,2,26,,49970,19,,,1,73,,49955,19,,,2,30,,49982,19,,,1,67,,49977,19,,,2,30,,49961,19,,,1,69,,49964,19,,,2,80,,49983,19,,,2,23,,49972,19,,,2,98,,49965,19,,,1,103,,49963,19,,,1,100,,49981,19,,,2,97,,49975,19,,,1,109,,49957,19,,,1
