2700,'Semaine-4',1606,,30385,19,,,2,30,,30383,19,,,1,67,,30387,19,,,1,30,,30384,19,,,1,69,,30386,19,,,2
2700,'Semaine-2-_26ÉTÉ-1111100-',1606,,38795,19,,,1,30,,38793,19,,,2,67,,38797,19,,,1,31,,38794,19,,,1,68,,38796,19,,,2
2700,'Semaine-3-_26ÉTÉ-1111100-',1606,,38800,19,,,1,30,,38798,19,,,2,67,,38802,19,,,1,31,,38799,19,,,1,68,,38801,19,,,2
2700,'Semaine-4-_26ÉTÉ-1111100-',1606,,38805,19,,,1,30,,38803,19,,,2,67,,38807,19,,,1,31,,38804,19,,,1,68,,38806,19,,,2
3900,'Samedi-3',712,,31446,48,,,1,101,,31447,48,,,1,100,,31451,48,,,1,102,,31450,48,,,1,100,,31453,48,,,1,98,,31452,48,,,1,104,,31448,48,,,1,30,,31449,48,,,1,70,,31454,48,,,1,31,,31455,48,,,2,70,,31456,48,,,1,30,,31457,48,,,1,71,,31458,48,,,2,30,,31459,48,,,1,70,,31460,48,,,1,30,,31461,48,,,1,67,,31462,48,,,1,29,,31463,48,,,1,69,,31464,48,,,1,30,,31465,48,,,1,100,,31466,48,,,1,100,,31467,48,,,1,100,,31468,48,,,1,97,,31469,48,,,1
3900,'Samedi-4',712,,35902,48,,,1,101,,35903,48,,,1,100,,35907,48,,,1,102,,35906,48,,,1,100,,35909,48,,,1,98,,35908,48,,,1,104,,35904,48,,,1,30,,35905,48,,,1,70,,35910,48,,,1,31,,35911,48,,,2,70,,35912,48,,,1,30,,35913,48,,,1,71,,35914,48,,,2,30,,35915,48,,,1,70,,35916,48,,,1,30,,35917,48,,,1,67,,35918,48,,,1,29,,35919,48,,,1,69,,35920,48,,,1,30,,35921,48,,,1,100,,35922,48,,,1,100,,35923,48,,,1,100,,35924,48,,,1,97,,35925,48,,,1
3900,'Dimanche-3',712,,31470,48,,,1,101,,31477,48,,,1,100,,31471,48,,,1,102,,31473,48,,,1,100,,31479,48,,,1,98,,31472,48,,,1,104,,31478,48,,,1,30,,31474,48,,,1,70,,31475,48,,,1,31,,31480,48,,,2,70,,31482,48,,,1,30,,31476,48,,,1,71,,31481,48,,,2,30,,31483,48,,,1,70,,31484,48,,,1,30,,31490,48,,,1,67,,31491,48,,,1,29,,31493,48,,,1,69,,31489,48,,,1,30,,31487,48,,,1,100,,31488,48,,,1,100,,31492,48,,,1,100,,31485,48,,,1,97,,31486,48,,,1
3900,'Semaine-4',650,,31511,48,,,1,66,,31497,48,,,1,36,,31516,48,,,1,68,,31509,48,,,1,30,,31510,48,,,1,69,,31508,48,,,1,32,,31505,48,,,1,70,,31522,48,,,1,30,,31517,48,,,1,71,,31529,48,,,1,30,,31514,48,,,1,70,,31518,48,,,1,30,,31506,48,,,1,71,,31504,48,,,1,30,,31519,48,,,2,69,,31507,48,,,1,30,,31494,48,,,1,75,,31520,48,,,2,31,,31501,48,,,1,72,,31503,48,,,1,71,,31521,48,,,1,32,,31500,48,,,1,68,,31495,48,,,1,29,,31523,48,,,1,24,,31502,48,,,1,71,,31496,48,,,2,29,,31524,48,,,2,72,,31499,48,,,1,25,,31515,48,,,2,65,,31525,48,,,1,30,,31498,48,,,1,70,,31513,48,,,1,29,,31526,48,,,2,70,,31512,48,,,1,30,,31528,48,,,1,70,,31527,48,,,2
3900,'Samedi-10-_26ÉTÉ-0000010-',712,,40782,48,,,1,101,,40783,48,,,1,100,,40787,48,,,1,102,,40786,48,,,1,100,,40789,48,,,1,98,,40788,48,,,1,104,,40784,48,,,1,30,,40785,48,,,1,70,,40790,48,,,1,31,,40791,48,,,2,70,,40792,48,,,1,30,,40793,48,,,1,71,,40794,48,,,2,30,,40795,48,,,1,70,,40796,48,,,1,30,,40797,48,,,1,67,,40798,48,,,1,29,,40799,48,,,1,69,,40800,48,,,1,30,,40801,48,,,1,100,,40802,48,,,1,100,,40803,48,,,1,100,,40804,48,,,1,97,,40805,48,,,1
3900,'Semaine-2-_26ÉTÉ-1111100-',650,,40823,48,,,2,68,,40809,48,,,1,34,,40828,48,,,2,68,,40821,48,,,1,30,,40822,48,,,1,69,,40820,48,,,1,32,,40817,48,,,1,70,,40834,48,,,1,30,,40829,48,,,1,71,,40841,48,,,1,30,,40826,48,,,2,71,,40830,48,,,1,29,,40818,48,,,1,72,,40816,48,,,2,29,,40831,48,,,1,69,,40819,48,,,1,30,,40806,48,,,2,74,,40832,48,,,1,33,,40813,48,,,2,70,,40815,48,,,1,71,,40833,48,,,2,34,,40812,48,,,1,67,,40807,48,,,1,30,,40835,48,,,1,23,,40814,48,,,1,71,,40808,48,,,1,29,,40836,48,,,2,72,,40811,48,,,1,25,,40827,48,,,2,65,,40837,48,,,1,30,,40810,48,,,1,70,,40825,48,,,1,30,,40838,48,,,1,70,,40824,48,,,1,30,,40840,48,,,1,70,,40839,48,,,1
3900,'Semaine-3-_26ÉTÉ-1111100-',650,,40859,48,,,2,68,,40845,48,,,1,34,,40864,48,,,2,68,,40857,48,,,1,30,,40858,48,,,1,69,,40856,48,,,1,32,,40853,48,,,1,70,,40870,48,,,1,30,,40865,48,,,1,71,,40877,48,,,1,30,,40862,48,,,2,71,,40866,48,,,1,29,,40854,48,,,1,72,,40852,48,,,2,29,,40867,48,,,1,69,,40855,48,,,1,30,,40842,48,,,2,74,,40868,48,,,1,33,,40849,48,,,2,70,,40851,48,,,1,71,,40869,48,,,2,34,,40848,48,,,1,67,,40843,48,,,1,30,,40871,48,,,1,23,,40850,48,,,1,71,,40844,48,,,1,29,,40872,48,,,2,72,,40847,48,,,1,25,,40863,48,,,2,65,,40873,48,,,1,30,,40846,48,,,1,70,,40861,48,,,1,30,,40874,48,,,1,70,,40860,48,,,1,30,,40876,48,,,1,70,,40875,48,,,1
3900,'Semaine-4-_26ÉTÉ-1111100-',650,,40895,48,,,2,68,,40881,48,,,1,34,,40900,48,,,2,68,,40893,48,,,1,30,,40894,48,,,1,69,,40892,48,,,1,32,,40889,48,,,1,70,,40906,48,,,1,30,,40901,48,,,1,71,,40913,48,,,1,30,,40898,48,,,2,71,,40902,48,,,1,29,,40890,48,,,1,72,,40888,48,,,2,29,,40903,48,,,1,69,,40891,48,,,1,30,,40878,48,,,2,74,,40904,48,,,1,33,,40885,48,,,2,70,,40887,48,,,1,71,,40905,48,,,2,34,,40884,48,,,1,67,,40879,48,,,1,30,,40907,48,,,1,23,,40886,48,,,1,71,,40880,48,,,1,29,,40908,48,,,2,72,,40883,48,,,1,25,,40899,48,,,2,65,,40909,48,,,1,30,,40882,48,,,1,70,,40897,48,,,1,30,,40910,48,,,1,70,,40896,48,,,1,30,,40912,48,,,1,70,,40911,48,,,1
82700,'Semaine-4',1529,,35014,9,0,9 12 13,1
