4100,'Semaine-3',1552,,26139,39,,,1,71,,26141,39,,,1,33,,26140,39,,,1,66,,26138,39,,,1,29,,26142,39,,,1
4901,'Samedi-11',751,,26266,47,,,1,100,,26265,47,,,1,100,,26267,47,,,1,102,,26263,47,,,1,100,,26268,47,,,1,102,,26264,47,,,1,98,,26269,47,,,1,103,,26270,47,,,1,99,,26271,47,,,1,100,,26272,47,,,1,100,,26273,47,,,1,95,,26274,47,,,1,102,,26275,47,,,1,100,,26276,47,,,1,100,,26277,47,,,1,98,,26278,47,,,1,99,,26279,47,,,1
4901,'Samedi-2',751,,26283,47,,,1,100,,26282,47,,,1,100,,26284,47,,,1,102,,26280,47,,,1,100,,26285,47,,,1,102,,26281,47,,,1,98,,26286,47,,,1,103,,26287,47,,,1,99,,26288,47,,,1,100,,26289,47,,,1,100,,26290,47,,,1,95,,26291,47,,,1,102,,26292,47,,,1,100,,26293,47,,,1,100,,26294,47,,,1,98,,26295,47,,,1,99,,26296,47,,,1
4901,'Dimanche-2',751,,26301,47,,,1,100,,26297,47,,,1,100,,26300,47,,,1,102,,26302,47,,,1,100,,26299,47,,,1,102,,26298,47,,,1,98,,26304,47,,,1,103,,26305,47,,,1,99,,26303,47,,,1,100,,26309,47,,,1,100,,26313,47,,,1,95,,26306,47,,,1,102,,26307,47,,,1,100,,26308,47,,,1,99,,26310,47,,,1,99,,26311,47,,,1,99,,26312,47,,,1
4901,'Semaine-3',635,,26320,47,,,1,89,,26325,47,,,1,31,,26341,47,,,1,75,,26337,47,,,1,28,,26335,47,,,1,67,,26345,47,,,1,27,,26327,47,,,1,69,,26343,47,,,1,29,,26339,47,,,1,72,,26314,47,,,1,30,,26336,47,,,1,70,,26315,47,,,1,32,,26321,47,,,1,68,,26323,47,,,1,30,,26328,47,,,1,68,,26344,47,,,1,33,,26326,47,,,1,71,,26346,47,,,1,25,,26342,47,,,1,52,,26329,47,,,1,16,,26316,47,,,1,14,,26332,47,,,1,70,,26322,47,,,1,26,,26324,47,,,1,29,,26340,47,,,1,66,,26334,47,,,1,31,,26338,47,,,1,93,,26317,47,,,1,80,,26333,47,,,1,100,,26331,47,,,1,96,,26318,47,,,1,103,,26330,47,,,1,93,,26319,47,,,1
5900,'Samedi-11',736,,26842,40,,,1,70,,26845,40,,,1,30,,26838,40,,,1,70,,26844,40,,,1,30,,26841,40,,,1,70,,26846,40,,,1,30,,26850,40,,,1,70,,26851,40,,,1,30,,26840,40,,,1,70,,26839,40,,,1,31,,26849,40,,,1,71,,26843,40,,,1,30,,26847,40,,,1,71,,26852,40,,,1,30,,26848,40,,,1,70,,26853,40,,,1,30,,26854,40,,,1,69,,26855,40,,,1,30,,26856,40,,,1,73,,26857,40,,,1,28,,26858,40,,,1,70,,26859,40,,,1,29,,26860,40,,,1,70,,26861,40,,,1,30,,26862,40,,,1,68,,26864,40,,,1,30,,26863,40,,,1,70,,26866,40,,,1,30,,26865,40,,,1,70,,26867,40,,,1,29,,26868,40,,,1,70,,26870,40,,,1,30,,26869,40,,,1,70,,26871,40,,,1
5900,'Samedi-2',736,,26876,40,,,1,70,,26879,40,,,1,30,,26872,40,,,1,70,,26878,40,,,1,30,,26875,40,,,1,70,,26880,40,,,1,30,,26884,40,,,1,70,,26885,40,,,1,30,,26874,40,,,1,70,,26873,40,,,1,31,,26883,40,,,1,71,,26877,40,,,1,30,,26881,40,,,1,71,,26886,40,,,1,30,,26882,40,,,1,70,,26887,40,,,1,30,,26888,40,,,1,69,,26889,40,,,1,30,,26890,40,,,1,73,,26891,40,,,1,28,,26892,40,,,1,70,,26893,40,,,1,29,,26894,40,,,1,70,,26895,40,,,1,30,,26896,40,,,1,68,,26898,40,,,1,30,,26897,40,,,1,70,,26900,40,,,1,30,,26899,40,,,1,70,,26901,40,,,1,29,,26902,40,,,1,70,,26904,40,,,1,30,,26903,40,,,1,70,,26905,40,,,1
5900,'Dimanche-2',736,,26912,40,,,1,70,,26907,40,,,1,30,,26910,40,,,1,70,,26915,40,,,1,30,,26919,40,,,1,70,,26908,40,,,1,30,,26911,40,,,1,70,,26917,40,,,1,30,,26918,40,,,1,70,,26906,40,,,1,31,,26909,40,,,1,71,,26914,40,,,1,30,,26916,40,,,1,71,,26913,40,,,1,30,,26921,40,,,1,70,,26926,40,,,1,30,,26920,40,,,1,69,,26931,40,,,1,30,,26932,40,,,1,73,,26923,40,,,1,28,,26927,40,,,1,70,,26938,40,,,1,29,,26922,40,,,1,70,,26928,40,,,1,30,,26924,40,,,1,68,,26929,40,,,1,30,,26934,40,,,1,70,,26935,40,,,1,30,,26925,40,,,1,70,,26939,40,,,1,29,,26933,40,,,1,70,,26930,40,,,1,30,,26937,40,,,1,70,,26936,40,,,1
5900,'Semaine-3',649,,26947,40,,,1,105,,26982,40,,,1,100,,26963,40,,,1,83,,26959,40,,,1,68,,26980,40,,,1,30,,26956,40,,,1,70,,26979,40,,,1,30,,26970,40,,,1,70,,26964,40,,,1,33,,26972,40,,,1,69,,26955,40,,,1,31,,26983,40,,,1,70,,26946,40,,,1,31,,26977,40,,,1,13,,26948,40,,,1,59,,26981,40,,,1,31,,26941,40,,,1,14,,26985,40,,,1,56,,26940,40,,,1,7,,26975,40,,,1,17,,26971,40,,,1,8,,26984,35,,,1,4,,26958,40,,,1,56,,26942,40,,,1,4,,26986,35,,,1,6,,26943,40,,,1,12,,26951,40,,,1,9,,26978,40,,,1,12,,26967,40,,,1,11,,26954,40,,,1,49,,26976,40,,,1,10,,26962,40,,,1,12,,26974,40,,,1,9,,26944,40,,,1,11,,26949,40,,,1,71,,26969,40,,,1,29,,26960,40,,,1,70,,26965,40,,,1,30,,26953,40,,,1,70,,26961,40,,,1,30,,26966,40,,,1,67,,26973,40,,,1,30,,26950,40,,,1,70,,26968,40,,,1,28,,26957,40,,,1,70,,26945,40,,,1,28,,26952,40,,,1
64101,'Semaine-3',1511,,30111,13,0,9 10,1
80001,'Samedi-11',648,,30223,42,,,1,100,,30225,42,,,1,99,,30226,42,,,2,100,,30229,42,,,1,102,,30224,42,,,2,100,,30227,42,,,1,100,,30230,42,,,1,99,,30228,42,,,2,100,,30231,42,,,1,100,,30232,42,,,1,100,,30233,42,,,2,100,,30234,42,,,1,97,,30237,42,,,1,101,,30235,42,,,1,100,,30236,42,,,2,100,,30238,42,,,1,100,,30239,42,,,1
80001,'Samedi-2',648,,30240,42,,,1,100,,30242,42,,,1,99,,30243,42,,,2,100,,30246,42,,,1,102,,30241,42,,,2,100,,30244,42,,,1,100,,30247,42,,,1,99,,30245,42,,,2,100,,30248,42,,,1,100,,30249,42,,,1,100,,30250,42,,,2,100,,30251,42,,,1,97,,30254,42,,,1,101,,30252,42,,,1,100,,30253,42,,,2,100,,30255,42,,,1,100,,30256,42,,,1
80001,'Dimanche-2',648,,30257,42,,,1,100,,30258,42,,,1,99,,30262,42,,,2,100,,30259,42,,,1,102,,30263,42,,,2,100,,30260,42,,,1,100,,30261,42,,,1,99,,30265,42,,,2,100,,30264,42,,,1,100,,30266,42,,,1,100,,30268,42,,,2,100,,30269,42,,,1,97,,30270,42,,,1,101,,30267,42,,,1,100,,30271,42,,,2,100,,30272,42,,,1,100,,30273,42,,,1
80001,'Semaine-3',638,,30296,42,,,1,71,,30282,42,,,1,33,,30302,42,,,2,70,,30286,42,,,1,30,,30276,42,,,1,66,,30293,42,,,1,30,,30290,42,,,1,70,,30298,42,,,1,30,,30303,42,,,1,70,,30289,42,,,2,30,,30297,42,,,1,70,,30279,42,,,1,30,,30307,42,,,1,71,,30306,42,,,1,32,,30277,42,,,1,70,,30300,42,,,1,30,,30288,42,,,2,70,,30294,42,,,1,36,,30304,42,,,2,69,,30291,42,,,1,16,,30301,42,,,1,18,,30308,42,,,1,66,,30299,42,,,2,28,,30292,42,,,1,70,,30280,42,,,2,27,,30284,42,,,1,68,,30274,42,,,1,30,,30305,42,,,1,70,,30281,42,,,1,27,,30283,42,,,1,69,,30287,42,,,1,31,,30275,42,,,1,70,,30295,42,,,1,30,,30278,42,,,1,70,,30285,42,,,1
