2701,'Semaine-4',611,,30390,6,,,1,45,,30391,6,,,1,85,,30388,6,,,1,70,,30389,6,,,1
3300,'Samedi-3',720,,30672,44,,,1,133,,30677,44,,,1,99,,30674,44,,,1,99,,30678,44,,,1,102,,30673,44,,,1,100,,30676,44,,,1,100,,30675,44,,,1,100,,30679,44,,,1,103,,30680,44,,,1,97,,30681,44,,,1,100,,30682,44,,,1,99,,30683,44,,,1,96,,30684,44,,,1,100,,30688,44,,,1,100,,30685,44,,,1,100,,30686,44,,,1,100,,30687,44,,,1,98,,30689,44,,,1
3300,'Dimanche-3',720,,30691,44,,,1,133,,30690,44,,,1,99,,30693,44,,,1,99,,30695,44,,,1,102,,30696,44,,,1,100,,30697,44,,,1,100,,30692,44,,,1,100,,30699,44,,,1,103,,30694,44,,,1,97,,30700,44,,,1,100,,30703,44,,,1,99,,30707,44,,,1,96,,30704,44,,,1,100,,30698,44,,,1,100,,30701,44,,,1,100,,30706,44,,,1,100,,30702,44,,,1,98,,30705,44,,,1
3300,'Semaine-4',654,,30735,38,,,1,76,,30734,45,,,1,22,,30740,45,,,2,55,,30713,45,,,1,23,,30728,45,,,1,21,,30736,45,,,1,5,,30747,45,,,1,49,,30748,45,,,1,30,,30741,45,,,1,15,,30723,45,,,1,50,,30726,45,,,2,8,,30743,44,,,1,29,,30729,44,,,2,67,,30718,44,,,1,31,,30724,44,,,1,68,,30708,44,,,1,31,,30731,44,,,1,69,,30719,44,,,1,33,,30727,44,,,1,19,,30746,44,,,1,46,,30730,44,,,1,28,,30733,44,,,1,71,,30720,44,,,1,15,,30742,37,,,1,16,,30738,44,,,1,79,,30732,44,,,1,13,,30710,44,,,2,17,,30722,44,,,1,18,,30745,44,,,2,53,,30744,44,,,1,11,,30739,37,,,1,21,,30717,44,,,1,64,,30716,44,,,2,22,,30721,44,,,2,27,,30709,44,,,2,67,,30714,44,,,1,32,,30749,37,,,1,80,,30725,44,,,2,95,,30715,44,,,1,80,,30711,44,,,2,104,,30737,44,,,1,98,,30750,44,,,2,25,,30712,44,,,1
33100,'Semaine-4',834,,34191,28,0,7 8,1
43300,'Semaine-4',1500,,34805,15,0,9 14,1,4,,34806,15,0,9 14,1
56600,'Semaine-4',1531,,34825,16,0,5 6,1
56900,'Semaine-4',1531,,34827,16,0,5 6,2
73300,'Semaine-4',1643,,34851,33,,,1
82701,'Semaine-4',749,,35015,6,0,9 12 13,1
