3400,'Samedi-10-_26ÉTÉ-0000010-',806,,39763,56,,,1,106,,39768,56,,,1,30,,39764,56,,,2,70,,39770,56,,,1,30,,39771,56,,,1,72,,39765,56,,,1,30,,39766,56,,,2,70,,39767,56,,,1,30,,39769,56,,,2,72,,39772,56,,,1,30,,39774,56,,,1,71,,39773,56,,,2,30,,39775,56,,,1,70,,39776,56,,,1,30,,39777,56,,,2,69,,39778,56,,,1,30,,39779,56,,,1,71,,39780,56,,,1,30,,39781,56,,,1,70,,39782,56,,,1,30,,39783,56,,,1,68,,39784,56,,,1,27,,39785,56,,,2,70,,39786,56,,,1,30,,39787,56,,,1,70,,39788,56,,,1,30,,39789,56,,,1,70,,39790,56,,,1,30,,39791,56,,,1,69,,39793,56,,,1,31,,39792,56,,,1,69,,39795,56,,,1,30,,39794,56,,,1,65,,39796,56,,,1
3400,'Semaine-2-_26ÉTÉ-1111100-',650,,39827,56,,,1,71,,39812,56,,,1,34,,39806,56,,,1,73,,39810,56,,,1,30,,39801,56,,,1,68,,39821,56,,,1,28,,39807,56,,,1,67,,39797,56,,,1,30,,39802,56,,,2,70,,39803,56,,,2,30,,39808,56,,,1,70,,39798,56,,,1,31,,39828,56,,,1,70,,39804,56,,,1,30,,39809,56,,,1,70,,39799,56,,,1,35,,39825,56,,,2,68,,39800,56,,,1,26,,39826,56,,,1,307,,39824,56,,,2,60,,39813,56,,,1,27,,39805,56,,,2,70,,39817,56,,,1,30,,39823,56,,,1,70,,39814,56,,,1,28,,39816,56,,,1,70,,39818,56,,,1,30,,39811,56,,,1,70,,39820,56,,,1,27,,39815,56,,,1,68,,39819,56,,,1,30,,39822,56,,,1
3400,'Semaine-3-_26ÉTÉ-1111100-',650,,39859,56,,,1,71,,39844,56,,,1,34,,39838,56,,,1,73,,39842,56,,,1,30,,39833,56,,,1,68,,39853,56,,,1,28,,39839,56,,,1,67,,39829,56,,,1,30,,39834,56,,,2,70,,39835,56,,,2,30,,39840,56,,,1,70,,39830,56,,,1,31,,39860,56,,,1,70,,39836,56,,,1,30,,39841,56,,,1,70,,39831,56,,,1,35,,39857,56,,,2,68,,39832,56,,,1,26,,39858,56,,,1,307,,39856,56,,,2,60,,39845,56,,,1,27,,39837,56,,,2,70,,39849,56,,,1,30,,39855,56,,,1,70,,39846,56,,,1,28,,39848,56,,,1,70,,39850,56,,,1,30,,39843,56,,,1,70,,39852,56,,,1,27,,39847,56,,,1,68,,39851,56,,,1,30,,39854,56,,,1
3400,'Semaine-4-_26ÉTÉ-1111100-',650,,39891,56,,,1,71,,39876,56,,,1,34,,39870,56,,,1,73,,39874,56,,,1,30,,39865,56,,,1,68,,39885,56,,,1,28,,39871,56,,,1,67,,39861,56,,,1,30,,39866,56,,,2,70,,39867,56,,,2,30,,39872,56,,,1,70,,39862,56,,,1,31,,39892,56,,,1,70,,39868,56,,,1,30,,39873,56,,,1,70,,39863,56,,,1,35,,39889,56,,,2,68,,39864,56,,,1,26,,39890,56,,,1,307,,39888,56,,,2,60,,39877,56,,,1,27,,39869,56,,,2,70,,39881,56,,,1,30,,39887,56,,,1,70,,39878,56,,,1,28,,39880,56,,,1,70,,39882,56,,,1,30,,39875,56,,,1,70,,39884,56,,,1,27,,39879,56,,,1,68,,39883,56,,,1,30,,39886,56,,,1
5800,'Semaine-2-_26ÉTÉ-1111100-',841,,42005,33,,,1,398,,42006,33,,,1,303,,42008,33,,,1,71,,42003,33,,,1,30,,42004,33,,,1,70,,42007,33,,,2,29,,42002,33,,,1,68,,42001,33,,,2
5800,'Semaine-3-_26ÉTÉ-1111100-',841,,42013,33,,,1,398,,42014,33,,,1,303,,42016,33,,,1,71,,42011,33,,,1,30,,42012,33,,,1,70,,42015,33,,,2,29,,42010,33,,,1,68,,42009,33,,,2
5800,'Semaine-4-_26ÉTÉ-1111100-',841,,42021,33,,,1,398,,42022,33,,,1,303,,42024,33,,,1,71,,42019,33,,,1,30,,42020,33,,,1,70,,42023,33,,,2,29,,42018,33,,,1,68,,42017,33,,,2
63901,'Semaine-2-_26ÉTÉ-1111100-',726,,46779,39,,,1
63901,'Semaine-3-_26ÉTÉ-1111100-',726,,46780,39,,,1
63901,'Semaine-4-_26ÉTÉ-1111100-',726,,46781,39,,,1
64001,'Semaine-2-_26ÉTÉ-1111100-',726,,46782,18,,,1
64001,'Semaine-3-_26ÉTÉ-1111100-',726,,46783,18,,,1
64001,'Semaine-4-_26ÉTÉ-1111100-',726,,46784,18,,,1
65401,'Semaine-2-_26ÉTÉ-1111100-',721,,46794,14,,,1
65401,'Semaine-3-_26ÉTÉ-1111100-',721,,46795,14,,,1
65401,'Semaine-4-_26ÉTÉ-1111100-',721,,46796,14,,,1
