3800,'Samedi-11',752,,25636,27,,,1,72,,25629,27,,,1,23,,25630,27,,,1,77,,25641,27,,,1,28,,25633,27,,,1,72,,25631,27,,,1,28,,25642,27,,,1,72,,25634,27,,,1,30,,25640,27,,,1,72,,25632,27,,,1,28,,25635,27,,,1,73,,25639,27,,,1,27,,25637,27,,,1,72,,25638,27,,,1,28,,25643,27,,,1,73,,25644,27,,,1,27,,25645,27,,,1,74,,25646,27,,,1,24,,25647,27,,,1,73,,25648,27,,,1,27,,25649,27,,,1,73,,25650,27,,,1,27,,25651,27,,,1,73,,25652,27,,,1,27,,25653,27,,,1,71,,25654,27,,,1,29,,25656,27,,,1,71,,25655,27,,,1,29,,25658,27,,,1,70,,25657,27,,,1,30,,25659,27,,,1,70,,25660,27,,,1,30,,25661,27,,,1
3800,'Samedi-2',752,,25669,27,,,1,72,,25662,27,,,1,23,,25663,27,,,1,77,,25674,27,,,1,28,,25666,27,,,1,72,,25664,27,,,1,28,,25675,27,,,1,72,,25667,27,,,1,30,,25673,27,,,1,72,,25665,27,,,1,28,,25668,27,,,1,73,,25672,27,,,1,27,,25670,27,,,1,72,,25671,27,,,1,28,,25676,27,,,1,73,,25677,27,,,1,27,,25678,27,,,1,74,,25679,27,,,1,24,,25680,27,,,1,73,,25681,27,,,1,27,,25682,27,,,1,73,,25683,27,,,1,27,,25684,27,,,1,73,,25685,27,,,1,27,,25686,27,,,1,71,,25687,27,,,1,29,,25689,27,,,1,71,,25688,27,,,1,29,,25691,27,,,1,70,,25690,27,,,1,30,,25692,27,,,1,70,,25693,27,,,1,30,,25694,27,,,1
3800,'Dimanche-2',752,,25704,27,,,1,72,,25702,27,,,1,23,,25700,27,,,1,77,,25707,27,,,1,28,,25695,27,,,1,72,,25696,27,,,1,28,,25708,27,,,1,72,,25703,27,,,1,30,,25697,27,,,1,72,,25698,27,,,1,28,,25701,27,,,1,73,,25699,27,,,1,27,,25710,27,,,1,72,,25712,27,,,1,28,,25705,27,,,1,73,,25711,27,,,1,27,,25713,27,,,1,74,,25706,27,,,1,24,,25709,27,,,1,73,,25717,27,,,1,27,,25722,27,,,1,73,,25719,27,,,1,27,,25718,27,,,1,73,,25716,27,,,1,27,,25721,27,,,1,71,,25726,27,,,1,29,,25724,27,,,1,71,,25714,27,,,1,29,,25715,27,,,1,70,,25725,27,,,1,30,,25723,27,,,1,70,,25720,27,,,1,30,,25727,27,,,1
3800,'Semaine-3',707,,25744,27,,,1,20,,25760,27,,,1,32,,25755,27,,,1,69,,25768,27,,,1,30,,25765,27,,,1,70,,25741,27,,,1,20,,25737,27,,,1,60,,25748,27,,,1,20,,25733,27,,,1,20,,25757,27,,,1,60,,25742,27,,,1,22,,25738,27,,,1,20,,25749,27,,,1,60,,25734,27,,,1,20,,25756,27,,,1,20,,25767,27,,,1,60,,25739,27,,,1,20,,25750,27,,,1,20,,25758,27,,,1,60,,25769,27,,,1,20,,25743,27,,,1,22,,25740,27,,,1,62,,25751,27,,,1,29,,25764,27,,,1,74,,25729,27,,,1,31,,25753,27,,,1,72,,25762,27,,,1,25,,25752,27,,,1,62,,25766,27,,,1,30,,25732,27,,,1,69,,25763,27,,,1,30,,25746,27,,,1,70,,25754,27,,,1,28,,25759,27,,,1,70,,25761,27,,,1,30,,25745,27,,,1,70,,25731,27,,,1,30,,25747,27,,,1,70,,25735,27,,,1,30,,25730,27,,,1,70,,25728,27,,,1,26,,25736,27,,,1
6401,'Samedi-11',718,,27325,11,,,1,100,,27322,11,,,1,100,,27324,11,,,1,100,,27327,11,,,1,100,,27323,11,,,2,100,,27328,11,,,1,100,,27326,11,,,1,100,,27329,11,,,2,100,,27330,11,,,1,100,,27331,11,,,1,100,,27332,11,,,1
6401,'Samedi-2',718,,27336,11,,,1,100,,27333,11,,,1,100,,27335,11,,,1,100,,27338,11,,,1,100,,27334,11,,,2,100,,27339,11,,,1,100,,27337,11,,,1,100,,27340,11,,,2,100,,27341,11,,,1,100,,27342,11,,,1,100,,27343,11,,,1
6401,'Dimanche-2',718,,27348,11,,,1,100,,27346,11,,,1,100,,27351,11,,,1,100,,27344,11,,,1,100,,27350,11,,,2,100,,27352,11,,,1,100,,27345,11,,,1,100,,27349,11,,,2,100,,27347,11,,,1,100,,27353,11,,,1,100,,27354,11,,,1
6401,'Semaine-3',518,,27355,11,,,1,108,,27365,11,,,1,100,,27367,11,,,1,100,,27364,11,,,1,93,,27372,11,,,1,99,,27359,11,,,1,101,,27358,11,,,1,100,,27370,11,,,1,100,,27366,11,,,1,100,,27368,11,,,1,117,,27369,20,,,2,85,,27360,11,,,2,97,,27356,11,,,1,101,,27357,11,,,2,99,,27363,11,,,1,100,,27361,11,,,1,100,,27362,11,,,1,100,,27371,11,,,1
6800,'Semaine-3',608,,27963,11,,,1,30,,27973,11,,,1,68,,27971,11,,,1,34,,27980,11,,,1,68,,27977,11,,,1,30,,27954,11,,,1,70,,27978,11,,,1,30,,27955,11,,,1,70,,27960,11,,,1,30,,27979,11,,,1,70,,27965,11,,,1,30,,27958,11,,,1,75,,27975,11,,,1,29,,27956,11,0,17,1,6,,27966,11,,,1,70,,27974,11,,,1,30,,27967,11,,,1,71,,27961,11,,,1,29,,27964,11,,,1,60,,27972,11,,,1,21,,27982,11,,,1,24,,27968,11,,,1,58,,27976,11,,,1,19,,27970,11,,,1,20,,27984,11,,,1,58,,27981,11,,,1,10,,27969,11,,,1,10,,27983,11,,,1,20,,27957,11,,,1,70,,27962,11,,,1,30,,27959,11,,,1
32501,'Semaine-3',841,,29275,42,0,7 8,1,3,,29276,42,0,7 8,1
32601,'Semaine-3',841,,29278,39,0,7 8,1
32900,'Semaine-3',844,,29279,42,0,7 8,1
