6201,'Semaine-4',529,,32445,27,,,1,29,,32439,27,,,1,71,,32455,27,,,1,30,,32450,27,,,2,71,,32435,27,,,1,72,,32436,27,,,1,27,,32440,27,,,1,30,,32449,27,,,1,91,,32441,27,,,1,100,,32437,27,,,1,100,,32446,27,,,1,100,,32453,27,,,1,100,,32456,27,,,1,100,,32447,27,,,1,95,,32457,27,,,1,85,,32452,27,,,2,82,,32438,27,,,2,38,,32451,27,,,2,68,,32454,27,,,1,100,,32444,27,,,1,100,,32443,27,,,1,85,,32448,27,,,1,100,,32442,27,,,2
6201,'Semaine-2-_26ÉTÉ-1111100-',529,,42473,27,,,2,30,,42467,27,,,2,70,,42483,27,,,1,71,,42478,27,,,2,29,,42463,27,,,2,72,,42464,27,,,2,29,,42468,27,,,2,29,,42477,27,,,1,91,,42469,27,,,1,100,,42465,27,,,2,100,,42474,27,,,2,100,,42481,27,,,2,100,,42484,27,,,2,100,,42475,27,,,1,95,,42485,27,,,1,83,,42480,27,,,1,85,,42466,27,,,1,37,,42479,27,,,2,68,,42482,27,,,1,100,,42472,27,,,1,100,,42471,27,,,1,85,,42476,27,,,1,100,,42470,27,,,1
6201,'Semaine-3-_26ÉTÉ-1111100-',529,,42496,27,,,2,30,,42490,27,,,2,70,,42506,27,,,1,71,,42501,27,,,2,29,,42486,27,,,2,72,,42487,27,,,2,29,,42491,27,,,2,29,,42500,27,,,1,91,,42492,27,,,1,100,,42488,27,,,2,100,,42497,27,,,2,100,,42504,27,,,2,100,,42507,27,,,2,100,,42498,27,,,1,95,,42508,27,,,1,83,,42503,27,,,1,85,,42489,27,,,1,37,,42502,27,,,2,68,,42505,27,,,1,100,,42495,27,,,1,100,,42494,27,,,1,85,,42499,27,,,1,100,,42493,27,,,1
6201,'Semaine-4-_26ÉTÉ-1111100-',529,,42519,27,,,2,30,,42513,27,,,2,70,,42529,27,,,1,71,,42524,27,,,2,29,,42509,27,,,2,72,,42510,27,,,2,29,,42514,27,,,2,29,,42523,27,,,1,91,,42515,27,,,1,100,,42511,27,,,2,100,,42520,27,,,2,100,,42527,27,,,2,100,,42530,27,,,2,100,,42521,27,,,1,95,,42531,27,,,1,83,,42526,27,,,1,85,,42512,27,,,1,37,,42525,27,,,2,68,,42528,27,,,1,100,,42518,27,,,1,100,,42517,27,,,1,85,,42522,27,,,1,100,,42516,27,,,1
6500,'Samedi-3',653,,32617,9,,,1,100,,32620,9,,,1,100,,32616,9,,,1,100,,32619,9,,,1,100,,32623,9,,,1,100,,32618,9,,,2,100,,32621,9,,,1,100,,32622,9,,,1,100,,32624,9,,,2,100,,32625,9,,,1,100,,32626,9,,,1,100,,32627,9,,,1,100,,32628,9,,,1,100,,32629,9,,,1,100,,32630,9,,,2,100,,32631,9,,,2,100,,32632,9,,,2
6500,'Dimanche-3',653,,32634,9,,,1,100,,32637,9,,,1,100,,32636,9,,,1,100,,32640,9,,,1,100,,32642,9,,,1,100,,32639,9,,,2,100,,32641,9,,,1,100,,32633,9,,,1,100,,32638,9,,,2,100,,32635,9,,,1,100,,32643,9,,,1,100,,32648,9,,,1,100,,32646,9,,,1,100,,32649,9,,,1,100,,32644,9,,,2,100,,32647,9,,,2,100,,32645,9,,,2
6500,'Semaine-4',518,,32670,9,,,1,30,,32671,9,,,1,70,,32659,9,,,1,20,,32683,9,,,1,15,,32651,9,,,1,59,,32664,9,,,1,20,,32684,9,,,1,20,,32666,9,,,1,60,,32672,9,,,2,22,,32660,9,,,1,16,,32680,9,,,1,64,,32653,9,,,2,30,,32681,9,,,2,100,,32652,9,,,1,100,,32661,9,,,1,99,,32655,9,,,1,100,,32682,9,,,1,100,,32674,9,,,2,72,,32665,9,,,2,19,,32656,9,,,1,24,,32663,9,,,1,61,,32677,9,,,2,20,,32654,9,,,1,20,,32679,9,,,1,60,,32657,9,,,1,10,,32678,9,,,1,30,,32650,9,,,1,62,,32658,9,,,1,20,,32673,9,,,1,63,,32667,9,,,1,30,,32676,9,,,1,105,,32675,9,,,1,100,,32668,9,,,2,100,,32662,9,,,2,100,,32669,9,,,1
6500,'Samedi-10-_26ÉTÉ-0000010-',653,,42815,9,,,1,100,,42818,9,,,1,100,,42814,9,,,1,100,,42817,9,,,1,100,,42821,9,,,1,100,,42816,9,,,2,100,,42819,9,,,1,100,,42820,9,,,1,100,,42822,9,,,2,100,,42823,9,,,1,100,,42824,9,,,1,100,,42825,9,,,1,100,,42826,9,,,1,100,,42827,9,,,1,100,,42828,9,,,2,100,,42829,9,,,2,100,,42830,9,,,2
6500,'Semaine-2-_26ÉTÉ-1111100-',519,,42851,9,,,1,31,,42852,9,,,2,68,,42840,9,,,1,20,,42864,9,,,1,15,,42832,9,,,2,60,,42845,9,,,1,19,,42865,9,,,1,20,,42847,9,,,1,60,,42853,9,,,1,22,,42841,9,,,2,15,,42861,9,,,1,65,,42834,9,,,2,30,,42862,9,,,2,100,,42833,9,,,1,100,,42842,9,,,1,99,,42836,9,,,2,100,,42863,9,,,1,100,,42855,9,,,1,70,,42846,9,,,2,20,,42837,9,,,1,26,,42844,9,,,1,62,,42858,9,,,2,18,,42835,9,,,2,62,,42860,9,,,1,20,,42838,9,,,1,8,,42859,9,,,1,30,,42831,9,,,1,62,,42839,9,,,2,20,,42854,9,,,1,63,,42848,9,,,1,30,,42857,9,,,1,105,,42856,9,,,1,100,,42849,9,,,1,100,,42843,9,,,1,100,,42850,9,,,1
6500,'Semaine-3-_26ÉTÉ-1111100-',519,,42886,9,,,1,31,,42887,9,,,2,68,,42875,9,,,1,20,,42899,9,,,1,15,,42867,9,,,2,60,,42880,9,,,1,19,,42900,9,,,1,20,,42882,9,,,1,60,,42888,9,,,1,22,,42876,9,,,2,15,,42896,9,,,1,65,,42869,9,,,2,30,,42897,9,,,2,100,,42868,9,,,1,100,,42877,9,,,1,99,,42871,9,,,2,100,,42898,9,,,1,100,,42890,9,,,1,70,,42881,9,,,2,20,,42872,9,,,1,26,,42879,9,,,1,62,,42893,9,,,2,18,,42870,9,,,2,62,,42895,9,,,1,20,,42873,9,,,1,8,,42894,9,,,1,30,,42866,9,,,1,62,,42874,9,,,2,20,,42889,9,,,1,63,,42883,9,,,1,30,,42892,9,,,1,105,,42891,9,,,1,100,,42884,9,,,1,100,,42878,9,,,1,100,,42885,9,,,1
6500,'Semaine-4-_26ÉTÉ-1111100-',519,,42921,9,,,1,31,,42922,9,,,2,68,,42910,9,,,1,20,,42934,9,,,1,15,,42902,9,,,2,60,,42915,9,,,1,19,,42935,9,,,1,20,,42917,9,,,1,60,,42923,9,,,1,22,,42911,9,,,2,15,,42931,9,,,1,65,,42904,9,,,2,30,,42932,9,,,2,100,,42903,9,,,1,100,,42912,9,,,1,99,,42906,9,,,2,100,,42933,9,,,1,100,,42925,9,,,1,70,,42916,9,,,2,20,,42907,9,,,1,26,,42914,9,,,1,62,,42928,9,,,2,18,,42905,9,,,2,62,,42930,9,,,1,20,,42908,9,,,1,8,,42929,9,,,1,30,,42901,9,,,1,62,,42909,9,,,2,20,,42924,9,,,1,63,,42918,9,,,1,30,,42927,9,,,1,105,,42926,9,,,1,100,,42919,9,,,1,100,,42913,9,,,1,100,,42920,9,,,1
57100,'Semaine-4',1544,,34829,32,0,5 6,1
