6601,'Samedi-3',654,,32817,22,,,1,100,,32819,22,,,1,100,,32823,22,,,1,100,,32820,22,,,2,100,,32824,22,,,1,100,,32818,22,,,1,100,,32821,22,,,1,100,,32822,22,,,1,100,,32825,22,,,2,100,,32826,22,,,1,100,,32827,22,,,1,100,,32828,22,,,1,100,,32829,22,,,1,100,,32831,22,,,1,100,,32830,22,,,1,100,,32832,22,,,1,100,,32833,22,,,1,100,,32834,22,,,2
6601,'Dimanche-3',654,,32836,22,,,1,100,,32840,22,,,1,100,,32841,22,,,1,100,,32842,22,,,2,100,,32844,22,,,1,100,,32835,22,,,1,100,,32843,22,,,1,100,,32837,22,,,1,100,,32838,22,,,2,100,,32839,22,,,1,100,,32848,22,,,1,100,,32850,22,,,1,100,,32846,22,,,1,100,,32847,22,,,1,100,,32845,22,,,1,100,,32849,22,,,1,100,,32851,22,,,1,100,,32852,22,,,2
6601,'Semaine-4',545,,32862,22,,,1,60,,32855,22,,,1,20,,32864,22,,,2,18,,32870,22,,,1,60,,32865,22,,,1,20,,32856,22,,,1,22,,32868,22,,,1,60,,32861,22,,,1,18,,32877,22,,,2,20,,32854,22,,,1,60,,32867,22,,,1,18,,32878,22,,,1,19,,32886,22,,,1,103,,32866,22,,,1,99,,32858,22,,,1,101,,32882,22,,,1,98,,32883,22,,,1,101,,32869,22,,,1,65,,32857,22,,,1,19,,32874,22,,,1,18,,32871,22,,,1,63,,32884,22,,,1,18,,32853,22,,,1,20,,32879,22,,,1,62,,32872,22,,,1,18,,32885,22,,,2,20,,32875,22,,,1,62,,32880,22,,,1,17,,32873,22,,,2,22,,32881,22,,,1,59,,32887,22,,,1,52,,32860,22,,,1,100,,32859,22,,,1,98,,32863,22,,,1,100,,32876,22,,,1
6601,'Samedi-10-_26ÉTÉ-0000010-',654,,43162,22,,,1,100,,43164,22,,,1,100,,43168,22,,,1,100,,43165,22,,,2,100,,43169,22,,,1,100,,43163,22,,,1,100,,43166,22,,,1,100,,43167,22,,,1,100,,43170,22,,,2,100,,43171,22,,,1,100,,43172,22,,,1,100,,43173,22,,,1,100,,43174,22,,,1,100,,43176,22,,,1,100,,43175,22,,,1,100,,43177,22,,,1,100,,43178,22,,,1,100,,43179,22,,,2
6601,'Semaine-2-_26ÉTÉ-1111100-',545,,43189,22,,,2,60,,43182,22,,,2,20,,43191,22,,,2,16,,43197,22,,,1,60,,43192,22,,,2,20,,43183,22,,,2,20,,43195,22,,,2,60,,43188,22,,,2,20,,43204,22,,,1,20,,43181,22,,,2,60,,43194,22,,,2,20,,43205,22,,,2,20,,43213,22,,,2,102,,43193,22,,,1,100,,43185,22,,,2,100,,43209,22,,,1,100,,43210,22,,,2,101,,43196,22,,,2,63,,43184,22,,,2,19,,43201,22,,,2,17,,43198,22,,,1,61,,43211,22,,,2,20,,43180,22,,,1,20,,43206,22,,,2,60,,43199,22,,,2,21,,43212,22,,,2,19,,43202,22,,,1,60,,43207,22,,,2,20,,43200,22,,,1,20,,43208,22,,,2,58,,43214,22,,,1,100,,43187,22,,,1,100,,43186,22,,,1,55,,43190,22,,,1,100,,43203,22,,,1
6601,'Semaine-3-_26ÉTÉ-1111100-',545,,43224,22,,,2,60,,43217,22,,,2,20,,43226,22,,,2,16,,43232,22,,,1,60,,43227,22,,,2,20,,43218,22,,,2,20,,43230,22,,,2,60,,43223,22,,,2,20,,43239,22,,,1,20,,43216,22,,,2,60,,43229,22,,,2,20,,43240,22,,,2,20,,43248,22,,,2,102,,43228,22,,,1,100,,43220,22,,,2,100,,43244,22,,,1,100,,43245,22,,,2,101,,43231,22,,,2,63,,43219,22,,,2,19,,43236,22,,,2,17,,43233,22,,,1,61,,43246,22,,,2,20,,43215,22,,,1,20,,43241,22,,,2,60,,43234,22,,,2,21,,43247,22,,,2,19,,43237,22,,,1,60,,43242,22,,,2,20,,43235,22,,,1,20,,43243,22,,,2,58,,43249,22,,,1,100,,43222,22,,,1,100,,43221,22,,,1,55,,43225,22,,,1,100,,43238,22,,,1
6601,'Semaine-4-_26ÉTÉ-1111100-',545,,43259,22,,,2,60,,43252,22,,,2,20,,43261,22,,,2,16,,43267,22,,,1,60,,43262,22,,,2,20,,43253,22,,,2,20,,43265,22,,,2,60,,43258,22,,,2,20,,43274,22,,,1,20,,43251,22,,,2,60,,43264,22,,,2,20,,43275,22,,,2,20,,43283,22,,,2,102,,43263,22,,,1,100,,43255,22,,,2,100,,43279,22,,,1,100,,43280,22,,,2,101,,43266,22,,,2,63,,43254,22,,,2,19,,43271,22,,,2,17,,43268,22,,,1,61,,43281,22,,,2,20,,43250,22,,,1,20,,43276,22,,,2,60,,43269,22,,,2,21,,43282,22,,,2,19,,43272,22,,,1,60,,43277,22,,,2,20,,43270,22,,,1,20,,43278,22,,,2,58,,43284,22,,,1,100,,43257,22,,,1,100,,43256,22,,,1,55,,43260,22,,,1,100,,43273,22,,,1
56601,'Semaine-4',655,,34826,11,0,5 6,1
56601,'Semaine-2-_26ÉTÉ-1111100-',655,,46767,11,0,5 6,1
56601,'Semaine-3-_26ÉTÉ-1111100-',655,,46768,11,0,5 6,1
56601,'Semaine-4-_26ÉTÉ-1111100-',655,,46769,11,0,5 6,1
