3601,'Semaine-3-_26ÉTÉ-1111100-',901,,40255,33,,,1,50,,40253,33,,,1,100,,40256,33,,,1,100,,40254,33,,,1,100,,40259,33,,,1,100,,40258,33,,,1,100,,40257,33,,,1
3601,'Semaine-4-_26ÉTÉ-1111100-',901,,40262,33,,,1,50,,40260,33,,,1,100,,40263,33,,,1,100,,40261,33,,,1,100,,40266,33,,,1,100,,40265,33,,,1,100,,40264,33,,,1
3701,'Samedi-10-_26ÉTÉ-0000010-',700,,40373,25,,,1,100,,40378,25,,,1,100,,40372,25,,,1,100,,40377,25,,,1,101,,40374,25,,,1,99,,40375,25,,,1,100,,40379,25,,,1,102,,40376,25,,,1,100,,40380,25,,,1,100,,40381,25,,,1,100,,40382,25,,,1,57,,40383,25,,,1,100,,40384,25,,,1,142,,40385,25,,,1,58,,40386,25,,,1,98,,40387,25,,,1,100,,40388,25,,,1
3701,'Semaine-3-_26ÉTÉ-1111100-',527,,40427,25,,,1,29,,40425,25,,,1,75,,40429,25,,,1,70,,40419,25,,,1,30,,40436,25,,,1,20,,40416,25,,,1,50,,40437,25,,,1,31,,40418,25,,,1,100,,40435,25,,,1,100,,40423,25,,,1,100,,40417,25,,,1,101,,40415,25,,,1,99,,40420,25,,,1,100,,40431,25,,,1,98,,40414,25,,,1,71,,40430,25,,,1,30,,40433,25,,,1,70,,40428,25,,,1,30,,40434,25,,,1,70,,40438,25,,,1,45,,40422,25,,,1,100,,40432,25,,,1,101,,40424,25,,,1,99,,40421,25,,,1,100,,40426,25,,,1
3701,'Semaine-4-_26ÉTÉ-1111100-',527,,40452,25,,,1,29,,40450,25,,,1,75,,40454,25,,,1,70,,40444,25,,,1,30,,40461,25,,,1,20,,40441,25,,,1,50,,40462,25,,,1,31,,40443,25,,,1,100,,40460,25,,,1,100,,40448,25,,,1,100,,40442,25,,,1,101,,40440,25,,,1,99,,40445,25,,,1,100,,40456,25,,,1,98,,40439,25,,,1,71,,40455,25,,,1,30,,40458,25,,,1,70,,40453,25,,,1,30,,40459,25,,,1,70,,40463,25,,,1,45,,40447,25,,,1,100,,40457,25,,,1,101,,40449,25,,,1,99,,40446,25,,,1,100,,40451,25,,,1
3801,'Samedi-10-_26ÉTÉ-0000010-',715,,40627,14,,,1,30,,40623,14,,,1,70,,40635,14,,,1,31,,40628,14,,,1,69,,40624,14,,,1,31,,40636,14,,,1,68,,40629,14,,,1,33,,40633,14,,,1,66,,40625,14,,,1,34,,40630,14,,,1,70,,40634,14,,,1,30,,40626,14,,,1,69,,40631,14,,,1,32,,40632,14,,,1,68,,40637,14,,,1,32,,40638,14,,,1,68,,40639,14,,,1,32,,40640,14,,,1,68,,40641,14,,,1,31,,40642,14,,,1,69,,40643,14,,,1,30,,40644,14,,,1,67,,40645,14,,,1,32,,40647,14,,,1,69,,40646,14,,,1,31,,40649,14,,,1,69,,40648,14,,,1,31,,40650,14,,,1,70,,40651,14,,,1,30,,40655,14,,,1,70,,40652,14,,,1,30,,40653,14,,,1,71,,40654,14,,,1
3801,'Semaine-3-_26ÉTÉ-1111100-',621,,40726,14,,,1,30,,40698,14,,,1,73,,40725,14,,,1,12,,40736,14,,,1,21,,40732,14,,,1,67,,40714,14,,,1,27,,40734,14,,,1,70,,40721,14,,,1,20,,40704,14,,,1,60,,40730,14,,,1,20,,40715,14,,,1,20,,40707,14,,,1,60,,40722,14,,,1,20,,40705,14,,,1,20,,40729,14,,,1,60,,40735,14,,,1,21,,40708,14,,,1,21,,40737,14,,,1,59,,40723,14,,,1,20,,40728,14,,,1,20,,40716,14,,,1,60,,40709,14,,,1,20,,40724,14,,,1,20,,40738,14,,,1,60,,40711,14,,,1,20,,40717,14,,,1,30,,40731,14,,,1,68,,40706,14,,,1,32,,40713,14,,,1,71,,40703,14,,,1,29,,40739,14,,,1,60,,40700,14,,,1,20,,40733,14,,,1,70,,40702,14,,,1,30,,40712,14,,,1,70,,40720,14,,,1,30,,40727,14,,,1,70,,40710,14,,,1,30,,40718,14,,,1,70,,40719,14,,,1,29,,40699,14,,,1,85,,40701,14,,,1
3801,'Semaine-4-_26ÉTÉ-1111100-',621,,40768,14,,,1,30,,40740,14,,,1,73,,40767,14,,,1,12,,40778,14,,,1,21,,40774,14,,,1,67,,40756,14,,,1,27,,40776,14,,,1,70,,40763,14,,,1,20,,40746,14,,,1,60,,40772,14,,,1,20,,40757,14,,,1,20,,40749,14,,,1,60,,40764,14,,,1,20,,40747,14,,,1,20,,40771,14,,,1,60,,40777,14,,,1,21,,40750,14,,,1,21,,40779,14,,,1,59,,40765,14,,,1,20,,40770,14,,,1,20,,40758,14,,,1,60,,40751,14,,,1,20,,40766,14,,,1,20,,40780,14,,,1,60,,40753,14,,,1,20,,40759,14,,,1,30,,40773,14,,,1,68,,40748,14,,,1,32,,40755,14,,,1,71,,40745,14,,,1,29,,40781,14,,,1,60,,40742,14,,,1,20,,40775,14,,,1,70,,40744,14,,,1,30,,40754,14,,,1,70,,40762,14,,,1,30,,40769,14,,,1,70,,40752,14,,,1,30,,40760,14,,,1,70,,40761,14,,,1,29,,40741,14,,,1,85,,40743,14,,,1
37101,'Samedi-10-_26ÉTÉ-0000010-',732,,45951,26,,,1,99,,45950,26,,,1,103,,45954,26,,,1,100,,45953,26,,,1,99,,45955,26,,,1,101,,45952,26,,,1,101,,45956,26,,,1,102,,45957,26,,,1,97,,45958,26,,,1,100,,45959,26,,,1,100,,45960,26,,,1,100,,45961,26,,,1,100,,45962,26,,,1,99,,45963,26,,,1,100,,45964,26,,,1,98,,45965,26,,,1,100,,45966,26,,,1
37101,'Semaine-3-_26ÉTÉ-1111100-',541,,46008,26,,,1,70,,46011,26,,,1,29,,46004,26,,,1,72,,46006,26,,,1,30,,46016,26,,,1,70,,46015,26,,,1,29,,46010,26,,,1,70,,45994,26,,,1,100,,46001,26,,,1,100,,45999,26,,,1,99,,46000,26,,,1,102,,46014,26,,,1,100,,45997,26,,,1,100,,45998,26,,,1,30,,45995,26,,,1,68,,46002,26,,,1,32,,46012,26,,,1,70,,46013,26,,,1,30,,45992,26,,,1,80,,45996,26,,,1,94,,46007,26,,,1,100,,46009,26,,,1,100,,45993,26,,,1,100,,46003,26,,,1,185,,46005,26,,,1
37101,'Semaine-4-_26ÉTÉ-1111100-',541,,46033,26,,,1,70,,46036,26,,,1,29,,46029,26,,,1,72,,46031,26,,,1,30,,46041,26,,,1,70,,46040,26,,,1,29,,46035,26,,,1,70,,46019,26,,,1,100,,46026,26,,,1,100,,46024,26,,,1,99,,46025,26,,,1,102,,46039,26,,,1,100,,46022,26,,,1,100,,46023,26,,,1,30,,46020,26,,,1,68,,46027,26,,,1,32,,46037,26,,,1,70,,46038,26,,,1,30,,46017,26,,,1,80,,46021,26,,,1,94,,46032,26,,,1,100,,46034,26,,,1,100,,46018,26,,,1,100,,46028,26,,,1,185,,46030,26,,,1
