2700,'Semaine-4',1626,,30385,43,,,2,30,,30383,43,,,1,67,,30387,43,,,1,28,,30384,43,,,1,69,,30386,43,,,2
2700,'Semaine-2-_26ÉTÉ-1111100-',1626,,38795,43,,,1,30,,38793,43,,,2,67,,38797,43,,,1,29,,38794,43,,,1,68,,38796,43,,,2
2700,'Semaine-3-_26ÉTÉ-1111100-',1626,,38800,43,,,1,30,,38798,43,,,2,67,,38802,43,,,1,29,,38799,43,,,1,68,,38801,43,,,2
2700,'Semaine-4-_26ÉTÉ-1111100-',1626,,38805,43,,,1,30,,38803,43,,,2,67,,38807,43,,,1,29,,38804,43,,,1,68,,38806,43,,,2
3500,'Semaine-4',1542,,31038,52,,,2,110,,31043,52,,,2,68,,31047,52,,,1,93,,31029,52,,,1,101,,31058,52,,,2,96,,31032,52,,,2,23,,31036,52,,,1,103,,31050,52,,,1,100,,31054,52,,,1
3500,'Semaine-2-_26ÉTÉ-1111100-',1542,,40031,52,,,2,110,,40036,52,,,2,68,,40040,52,,,1,93,,40022,52,,,1,101,,40051,52,,,2,95,,40025,52,,,1,24,,40029,52,,,1,103,,40043,52,,,1,100,,40047,52,,,2
3500,'Semaine-3-_26ÉTÉ-1111100-',1542,,40068,52,,,2,110,,40073,52,,,2,68,,40077,52,,,1,93,,40059,52,,,1,101,,40088,52,,,2,95,,40062,52,,,1,24,,40066,52,,,1,103,,40080,52,,,1,100,,40084,52,,,2
3500,'Semaine-4-_26ÉTÉ-1111100-',1542,,40105,52,,,2,110,,40110,52,,,2,68,,40114,52,,,1,93,,40096,52,,,1,101,,40125,52,,,2,95,,40099,52,,,1,24,,40103,52,,,1,103,,40117,52,,,1,100,,40121,52,,,2
33101,'Semaine-4',1632,,34192,25,0,7 8,1
33101,'Semaine-2-_26ÉTÉ-1111100-',1632,,45851,25,0,7 8,1
43301,'Semaine-4',737,,34807,20,0,9 14,1
82700,'Semaine-4',1546,,35014,33,0,9 12 13,1
