2001,'Semaine-4',1530,,30347,1,,,1,100,,30348,1,,,1,100,,30349,1,,,1
2001,'Semaine-2-_26ÉTÉ-1111100-',1530,,38685,1,,,1,100,,38686,1,,,1,99,,38687,1,,,2
2001,'Semaine-3-_26ÉTÉ-1111100-',1530,,38688,1,,,1,100,,38689,1,,,1,99,,38690,1,,,2
2001,'Semaine-4-_26ÉTÉ-1111100-',1530,,38691,1,,,1,100,,38692,1,,,1,99,,38693,1,,,2
2701,'Semaine-4',621,,30390,17,,,1,85,,30391,17,,,1,45,,30388,17,,,1,70,,30389,17,,,1
2701,'Semaine-2-_26ÉTÉ-1111100-',621,,38810,17,,,1,85,,38811,17,,,1,46,,38808,17,,,1,69,,38809,17,,,1
2701,'Semaine-3-_26ÉTÉ-1111100-',621,,38814,17,,,1,85,,38815,17,,,1,46,,38812,17,,,1,69,,38813,17,,,1
2701,'Semaine-4-_26ÉTÉ-1111100-',621,,38818,17,,,1,85,,38819,17,,,1,46,,38816,17,,,1,69,,38817,17,,,1
3801,'Samedi-3',704,,31342,1,,,1,30,,31338,1,,,1,69,,31350,1,,,1,31,,31343,1,,,1,69,,31339,1,,,1,31,,31351,1,,,1,67,,31344,1,,,1,33,,31348,1,,,1,66,,31340,1,,,1,34,,31345,1,,,1,70,,31349,1,,,1,30,,31341,1,,,1,68,,31346,1,,,1,32,,31347,1,,,1,68,,31352,1,,,1,32,,31353,1,,,1,68,,31354,1,,,1,32,,31355,1,,,1,69,,31356,1,,,1,31,,31357,1,,,1,69,,31358,1,,,1,31,,31359,1,,,1,67,,31360,1,,,1,33,,31362,1,,,1,69,,31361,1,,,1,31,,31364,1,,,1,69,,31363,1,,,1,31,,31365,1,,,1,70,,31366,1,,,1,30,,31370,1,,,1,70,,31367,1,,,1,30,,31368,1,,,1,72,,31369,1,,,1
3801,'Dimanche-3',704,,31378,1,,,1,30,,31374,1,,,1,69,,31385,1,,,1,31,,31377,1,,,1,69,,31371,1,,,1,31,,31386,1,,,1,67,,31380,1,,,1,33,,31372,1,,,1,66,,31384,1,,,1,34,,31379,1,,,1,70,,31373,1,,,1,30,,31375,1,,,1,68,,31376,1,,,1,32,,31382,1,,,1,68,,31388,1,,,1,32,,31389,1,,,1,68,,31383,1,,,1,32,,31387,1,,,1,69,,31393,1,,,1,31,,31398,1,,,1,69,,31399,1,,,1,31,,31394,1,,,1,67,,31381,1,,,1,33,,31396,1,,,1,69,,31391,1,,,1,31,,31392,1,,,1,69,,31395,1,,,1,31,,31397,1,,,1,70,,31401,1,,,1,30,,31400,1,,,1,70,,31390,1,,,1,30,,31402,1,,,1,72,,31403,1,,,1
3801,'Semaine-4',610,,31432,1,,,1,28,,31404,1,,,1,69,,31431,1,,,1,15,,31442,1,,,1,21,,31438,1,,,1,67,,31420,1,,,1,27,,31440,1,,,1,70,,31427,1,,,1,21,,31410,1,,,1,20,,31436,1,,,1,60,,31421,1,,,1,20,,31413,1,,,1,20,,31428,1,,,1,60,,31411,1,,,1,20,,31435,1,,,1,20,,31441,1,,,1,60,,31414,1,,,1,20,,31443,1,,,1,22,,31429,1,,,1,58,,31434,1,,,1,20,,31422,1,,,1,20,,31415,1,,,1,60,,31430,1,,,1,20,,31444,1,,,1,19,,31417,1,,,1,60,,31423,1,,,1,30,,31437,1,,,1,71,,31412,1,,,1,29,,31419,1,,,1,70,,31409,1,,,1,31,,31445,1,,,1,17,,31406,1,,,1,63,,31439,1,,,1,32,,31408,1,,,1,70,,31418,1,,,1,30,,31426,1,,,1,70,,31433,1,,,1,30,,31416,1,,,1,70,,31424,1,,,1,30,,31425,1,,,1,70,,31405,1,,,1,85,,31407,1,,,1
3801,'Samedi-10-_26ÉTÉ-0000010-',704,,40627,1,,,1,30,,40623,1,,,1,69,,40635,1,,,1,31,,40628,1,,,1,69,,40624,1,,,1,31,,40636,1,,,1,67,,40629,1,,,1,33,,40633,1,,,1,66,,40625,1,,,1,34,,40630,1,,,1,70,,40634,1,,,1,30,,40626,1,,,1,68,,40631,1,,,1,32,,40632,1,,,1,68,,40637,1,,,1,32,,40638,1,,,1,68,,40639,1,,,1,32,,40640,1,,,1,69,,40641,1,,,1,31,,40642,1,,,1,69,,40643,1,,,1,31,,40644,1,,,1,67,,40645,1,,,1,33,,40647,1,,,1,69,,40646,1,,,1,31,,40649,1,,,1,69,,40648,1,,,1,31,,40650,1,,,1,70,,40651,1,,,1,30,,40655,1,,,1,70,,40652,1,,,1,30,,40653,1,,,1,72,,40654,1,,,1
3801,'Semaine-2-_26ÉTÉ-1111100-',610,,40684,1,,,1,28,,40656,1,,,1,72,,40683,1,,,1,12,,40694,1,,,1,21,,40690,1,,,1,67,,40672,1,,,1,27,,40692,1,,,1,70,,40679,1,,,1,21,,40662,1,,,1,20,,40688,1,,,1,60,,40673,1,,,1,20,,40665,1,,,1,20,,40680,1,,,1,60,,40663,1,,,1,20,,40687,1,,,1,20,,40693,1,,,1,60,,40666,1,,,1,21,,40695,1,,,1,19,,40681,1,,,1,60,,40686,1,,,1,20,,40674,1,,,1,20,,40667,1,,,1,60,,40682,1,,,1,20,,40696,1,,,1,19,,40669,1,,,1,60,,40675,1,,,1,30,,40689,1,,,1,68,,40664,1,,,1,32,,40671,1,,,1,71,,40661,1,,,1,29,,40697,1,,,1,20,,40658,1,,,1,61,,40691,1,,,1,32,,40660,1,,,1,70,,40670,1,,,1,30,,40678,1,,,1,70,,40685,1,,,1,30,,40668,1,,,1,70,,40676,1,,,1,30,,40677,1,,,1,70,,40657,1,,,1,85,,40659,1,,,1
3801,'Semaine-3-_26ÉTÉ-1111100-',610,,40726,1,,,1,28,,40698,1,,,1,72,,40725,1,,,1,12,,40736,1,,,1,21,,40732,1,,,1,67,,40714,1,,,1,27,,40734,1,,,1,70,,40721,1,,,1,21,,40704,1,,,1,20,,40730,1,,,1,60,,40715,1,,,1,20,,40707,1,,,1,20,,40722,1,,,1,60,,40705,1,,,1,20,,40729,1,,,1,20,,40735,1,,,1,60,,40708,1,,,1,21,,40737,1,,,1,19,,40723,1,,,1,60,,40728,1,,,1,20,,40716,1,,,1,20,,40709,1,,,1,60,,40724,1,,,1,20,,40738,1,,,1,19,,40711,1,,,1,60,,40717,1,,,1,30,,40731,1,,,1,68,,40706,1,,,1,32,,40713,1,,,1,71,,40703,1,,,1,29,,40739,1,,,1,20,,40700,1,,,1,61,,40733,1,,,1,32,,40702,1,,,1,70,,40712,1,,,1,30,,40720,1,,,1,70,,40727,1,,,1,30,,40710,1,,,1,70,,40718,1,,,1,30,,40719,1,,,1,70,,40699,1,,,1,85,,40701,1,,,1
3801,'Semaine-4-_26ÉTÉ-1111100-',610,,40768,1,,,1,28,,40740,1,,,1,72,,40767,1,,,1,12,,40778,1,,,1,21,,40774,1,,,1,67,,40756,1,,,1,27,,40776,1,,,1,70,,40763,1,,,1,21,,40746,1,,,1,20,,40772,1,,,1,60,,40757,1,,,1,20,,40749,1,,,1,20,,40764,1,,,1,60,,40747,1,,,1,20,,40771,1,,,1,20,,40777,1,,,1,60,,40750,1,,,1,21,,40779,1,,,1,19,,40765,1,,,1,60,,40770,1,,,1,20,,40758,1,,,1,20,,40751,1,,,1,60,,40766,1,,,1,20,,40780,1,,,1,19,,40753,1,,,1,60,,40759,1,,,1,30,,40773,1,,,1,68,,40748,1,,,1,32,,40755,1,,,1,71,,40745,1,,,1,29,,40781,1,,,1,20,,40742,1,,,1,61,,40775,1,,,1,32,,40744,1,,,1,70,,40754,1,,,1,30,,40762,1,,,1,70,,40769,1,,,1,30,,40752,1,,,1,70,,40760,1,,,1,30,,40761,1,,,1,70,,40741,1,,,1,85,,40743,1,,,1
