9500,'Semaine-4',1528,,33970,31,,,1,17,,33973,31,,,1,56,,33969,31,,,1,18,,33964,31,,,2,15,,33968,31,,,1,16,,33965,31,,,1,55,,33966,31,,,1,15,,33971,31,,,1,23,,33972,31,,,2,64,,33967,31,,,1
9500,'Semaine-2-_26ÉTÉ-1111100-',1528,,45358,31,,,1,16,,45361,31,,,2,56,,45357,31,,,1,19,,45352,31,,,1,15,,45356,31,,,2,15,,45353,31,,,1,56,,45354,31,,,2,15,,45359,31,,,1,23,,45360,31,,,1,65,,45355,31,,,1
9500,'Semaine-3-_26ÉTÉ-1111100-',1528,,45368,31,,,1,16,,45371,31,,,2,56,,45367,31,,,1,19,,45362,31,,,1,15,,45366,31,,,2,15,,45363,31,,,1,56,,45364,31,,,2,15,,45369,31,,,1,23,,45370,31,,,1,65,,45365,31,,,1
9500,'Semaine-4-_26ÉTÉ-1111100-',1528,,45378,31,,,1,16,,45381,31,,,2,56,,45377,31,,,1,19,,45372,31,,,1,15,,45376,31,,,2,15,,45373,31,,,1,56,,45374,31,,,2,15,,45379,31,,,1,23,,45380,31,,,1,65,,45375,31,,,1
9700,'Samedi-3',846,,33984,43,,,2,100,,33987,43,,,2,100,,33982,43,,,1,100,,33983,43,,,1,100,,33986,43,,,2,100,,33985,43,,,2,100,,33988,43,,,1,101,,33989,43,,,2,100,,33990,43,,,2,101,,33991,43,,,1,100,,33996,43,,,1,100,,33992,43,,,1,100,,33993,43,,,1,100,,33994,43,,,1,99,,33995,43,,,2,99,,33997,43,,,1,100,,33998,43,,,1
9700,'Dimanche-3',846,,34002,43,,,2,100,,34004,43,,,2,100,,34001,43,,,1,100,,34000,43,,,1,100,,33999,43,,,2,100,,34003,43,,,2,100,,34006,43,,,1,101,,34005,43,,,2,100,,34011,43,,,2,101,,34013,43,,,1,100,,34015,43,,,1,100,,34007,43,,,1,100,,34008,43,,,1,100,,34009,43,,,1,99,,34010,43,,,2,99,,34014,43,,,1,100,,34012,43,,,1
9700,'Semaine-4',719,,34034,43,,,1,27,,34035,43,,,1,94,,34024,43,,,2,99,,34020,43,,,2,98,,34033,43,,,1,102,,34028,43,,,2,99,,34025,43,,,1,100,,34030,43,,,1,101,,34016,43,,,2,95,,34021,43,,,2,102,,34029,43,,,1,98,,34031,47,,,1,103,,34022,47,,,1,72,,34017,47,,,1,20,,34026,43,,,2,102,,34018,43,,,1,99,,34027,43,,,1,100,,34023,43,,,1,100,,34019,43,,,1,111,,34032,43,,,1
9700,'Samedi-10-_26ÉTÉ-0000010-',846,,45408,43,,,2,100,,45411,43,,,2,100,,45406,43,,,1,100,,45407,43,,,1,100,,45410,43,,,2,100,,45409,43,,,2,100,,45412,43,,,1,101,,45413,43,,,2,100,,45414,43,,,2,101,,45415,43,,,1,100,,45420,43,,,1,100,,45416,43,,,1,100,,45417,43,,,1,100,,45418,43,,,1,99,,45419,43,,,2,99,,45421,43,,,1,100,,45422,43,,,1
9700,'Semaine-2-_26ÉTÉ-1111100-',719,,45441,43,,,1,27,,45442,43,,,1,94,,45431,43,,,2,101,,45427,43,,,1,96,,45440,43,,,2,100,,45435,43,,,2,101,,45432,43,,,1,100,,45437,43,,,2,101,,45423,43,,,1,94,,45428,43,,,1,105,,45436,43,,,1,96,,45438,47,,,2,103,,45429,47,,,2,72,,45424,47,,,2,20,,45433,43,,,1,102,,45425,43,,,2,99,,45434,43,,,1,100,,45430,43,,,1,101,,45426,43,,,2,110,,45439,43,,,1
9700,'Semaine-3-_26ÉTÉ-1111100-',719,,45461,43,,,1,27,,45462,43,,,1,94,,45451,43,,,2,101,,45447,43,,,1,96,,45460,43,,,2,100,,45455,43,,,2,101,,45452,43,,,1,100,,45457,43,,,2,101,,45443,43,,,1,94,,45448,43,,,1,105,,45456,43,,,1,96,,45458,47,,,2,103,,45449,47,,,2,72,,45444,47,,,2,20,,45453,43,,,1,102,,45445,43,,,2,99,,45454,43,,,1,100,,45450,43,,,1,101,,45446,43,,,2,110,,45459,43,,,1
9700,'Semaine-4-_26ÉTÉ-1111100-',719,,45481,43,,,1,27,,45482,43,,,1,94,,45471,43,,,2,101,,45467,43,,,1,96,,45480,43,,,2,100,,45475,43,,,2,101,,45472,43,,,1,100,,45477,43,,,2,101,,45463,43,,,1,94,,45468,43,,,1,105,,45476,43,,,1,96,,45478,47,,,2,103,,45469,47,,,2,72,,45464,47,,,2,20,,45473,43,,,1,102,,45465,43,,,2,99,,45474,43,,,1,100,,45470,43,,,1,101,,45466,43,,,2,110,,45479,43,,,1
29700,'Semaine-4',748,,34179,39,0,19,2,2,,34180,39,0,19,2
29700,'Semaine-2-_26ÉTÉ-1111100-',750,,45832,39,0,19,2
29700,'Semaine-3-_26ÉTÉ-1111100-',750,,45833,39,0,19,2
29700,'Semaine-4-_26ÉTÉ-1111100-',750,,45834,39,0,19,2
