2701,'Semaine-4',618,,30390,14,,,1,85,,30391,14,,,1,45,,30388,14,,,1,70,,30389,14,,,1
2701,'Semaine-5',618,,35086,14,,,1,85,,35087,14,,,1,45,,35084,14,,,1,70,,35085,14,,,1
3300,'Samedi-3',725,,30672,52,,,1,132,,30677,52,,,1,99,,30674,52,,,1,99,,30678,52,,,1,103,,30673,52,,,1,100,,30676,52,,,1,101,,30675,52,,,1,100,,30679,52,,,1,143,,30680,52,,,1,57,,30681,52,,,1,100,,30682,52,,,1,98,,30683,52,,,1,96,,30684,52,,,1,100,,30688,52,,,1,100,,30685,52,,,1,100,,30686,52,,,1,100,,30687,52,,,1,97,,30689,52,,,1
3300,'Samedi-4',725,,35331,52,,,1,132,,35336,52,,,1,99,,35333,52,,,1,99,,35337,52,,,1,103,,35332,52,,,1,100,,35335,52,,,1,101,,35334,52,,,1,100,,35338,52,,,1,143,,35339,52,,,1,57,,35340,52,,,1,100,,35341,52,,,1,98,,35342,52,,,1,96,,35343,52,,,1,100,,35347,52,,,1,100,,35344,52,,,1,100,,35345,52,,,1,100,,35346,52,,,1,97,,35348,52,,,1
3300,'Dimanche-3',725,,30691,52,,,1,132,,30690,52,,,1,99,,30693,52,,,1,99,,30695,52,,,1,103,,30696,52,,,1,100,,30697,52,,,1,101,,30692,52,,,1,100,,30699,52,,,1,143,,30694,52,,,1,57,,30700,52,,,1,100,,30703,52,,,1,98,,30707,52,,,1,96,,30704,52,,,1,100,,30698,52,,,1,100,,30701,52,,,1,100,,30706,52,,,1,100,,30702,52,,,1,97,,30705,52,,,1
3300,'Semaine-4',700,,30735,46,,,1,36,,30734,53,,,1,22,,30740,53,,,2,55,,30713,53,,,1,23,,30728,53,,,1,21,,30736,53,,,1,45,,30747,53,,,1,9,,30748,53,,,1,29,,30741,53,,,1,15,,30723,53,,,1,50,,30726,53,,,2,8,,30743,52,,,1,29,,30729,52,,,2,67,,30718,52,,,1,31,,30724,52,,,1,68,,30708,52,,,1,31,,30731,52,,,1,69,,30719,52,,,1,33,,30727,52,,,1,59,,30746,52,,,1,6,,30730,52,,,1,28,,30733,52,,,1,72,,30720,52,,,1,15,,30742,45,,,1,16,,30738,52,,,1,79,,30732,52,,,1,13,,30710,52,,,2,17,,30722,52,,,1,58,,30745,52,,,2,13,,30744,52,,,1,11,,30739,45,,,1,21,,30717,52,,,1,64,,30716,52,,,2,22,,30721,52,,,2,67,,30709,52,,,2,27,,30714,52,,,1,72,,30749,45,,,1,40,,30725,52,,,2,95,,30715,52,,,1,80,,30711,52,,,2,104,,30737,52,,,1,98,,30750,52,,,2,24,,30712,52,,,1
3300,'Semaine-5',700,,35376,46,,,1,36,,35375,53,,,1,22,,35381,53,,,2,55,,35354,53,,,1,23,,35369,53,,,1,21,,35377,53,,,1,45,,35388,53,,,1,9,,35389,53,,,1,29,,35382,53,,,1,15,,35364,53,,,1,50,,35367,53,,,2,8,,35384,52,,,1,29,,35370,52,,,2,67,,35359,52,,,1,31,,35365,52,,,1,68,,35349,52,,,1,31,,35372,52,,,1,69,,35360,52,,,1,33,,35368,52,,,1,59,,35387,52,,,1,6,,35371,52,,,1,28,,35374,52,,,1,72,,35361,52,,,1,15,,35383,45,,,1,16,,35379,52,,,1,79,,35373,52,,,1,13,,35351,52,,,2,17,,35363,52,,,1,58,,35386,52,,,2,13,,35385,52,,,1,11,,35380,45,,,1,21,,35358,52,,,1,64,,35357,52,,,2,22,,35362,52,,,2,67,,35350,52,,,2,27,,35355,52,,,1,72,,35390,45,,,1,40,,35366,52,,,2,95,,35356,52,,,1,80,,35352,52,,,2,104,,35378,52,,,1,98,,35391,52,,,2,24,,35353,52,,,1
33100,'Semaine-4',840,,34191,36,0,7 8,1
33100,'Semaine-5',840,,38022,36,0,7 8,1
43300,'Semaine-4',1507,,34805,23,0,9 14,1,4,,34806,23,0,9 14,1
43300,'Semaine-5',1507,,38456,23,0,9 14,1,4,,38457,23,0,9 14,1
56600,'Semaine-4',1537,,34825,24,0,5 6,1
56600,'Semaine-5',1537,,38476,24,0,5 6,1
56900,'Semaine-4',1537,,34827,24,0,5 6,2
56900,'Semaine-5',1537,,38478,24,0,5 6,2
73300,'Semaine-4',1649,,34851,41,,,1
73300,'Semaine-5',1649,,38502,41,,,1
82701,'Semaine-4',755,,35015,14,0,9 12 13,1
82701,'Semaine-5',755,,38634,14,0,9 12 13,1
