2001,'Semaine-4',1559,,30347,23,4,,1,142,,30348,23,4,,1,100,,30349,23,4,,1
2001,'Semaine-5',1559,,35043,23,4,,1,142,,35044,23,4,,1,100,,35045,23,4,,1
2701,'Semaine-4',644,,30390,43,4,,1,90,,30391,43,4,,1,85,,30388,43,4,,1,32,,30389,43,4,,1
2701,'Semaine-5',644,,35086,43,4,,1,90,,35087,43,4,,1,85,,35084,43,4,,1,32,,35085,43,4,,1
9301,'Semaine-4',653,,33961,56,4,,1,60,,33959,56,4,,1,23,,33958,56,4,,1,76,,33962,56,4,,2,30,,33960,56,4,,1
9301,'Semaine-5',653,,37825,56,4,,1,60,,37823,56,4,,1,23,,37822,56,4,,1,76,,37826,56,4,,2,30,,37824,56,4,,1
9401,'Semaine-4',614,,33963,46,4,,1
9401,'Semaine-5',614,,37827,46,4,,1
9501,'Semaine-4',645,,33978,70,4,,2,55,,33974,70,4,,1,13,,33976,70,4,,1,22,,33981,70,4,,2,19,,33977,70,4,,2,55,,33979,70,4,,1,15,,33980,70,4,,2,16,,33975,70,4,,2
9501,'Semaine-5',645,,37842,70,4,,2,55,,37838,70,4,,1,13,,37840,70,4,,1,22,,37845,70,4,,2,19,,37841,70,4,,2,55,,37843,70,4,,1,15,,37844,70,4,,2,16,,37839,70,4,,2
9801,'Semaine-4',559,,34085,60,4,,1,50,,34086,60,4,,1,10,,34087,60,4,,1
9801,'Semaine-5',559,,37916,60,4,,1,50,,37917,60,4,,1,10,,37918,60,4,,1
