5500,'Samedi-10-_26ÉTÉ-0000010-',728,,41605,52,,,1,30,,41602,52,,,1,70,,41603,52,,,1,30,,41606,52,,,1,70,,41604,52,,,1,29,,41611,52,,,1,71,,41608,52,,,1,30,,41609,52,,,1,72,,41614,52,,,1,70,,41613,52,,,1,28,,41607,52,,,1,30,,41610,52,,,1,70,,41612,52,,,1,74,,41615,52,,,1,30,,41616,52,,,1,70,,41617,52,,,1,30,,41618,52,,,1,69,,41619,52,,,1,30,,41620,52,,,1,70,,41621,52,,,1,30,,41622,52,,,1,70,,41623,52,,,1,32,,41624,52,,,1,68,,41625,52,,,1,29,,41627,52,,,1,73,,41626,52,,,1,27,,41628,52,,,1,70,,41630,52,,,1,31,,41629,52,,,1,70,,41631,52,,,1,26,,41632,52,,,1,30,,41635,52,,,1,70,,41637,52,,,1,30,,41634,52,,,1,70,,41633,52,,,1,27,,41636,52,,,1
5500,'Semaine-2-_26ÉTÉ-1111100-',625,,41640,52,,,1,106,,41656,52,,,1,103,,41639,52,,,1,97,,41675,52,,,1,27,,41676,52,,,1,70,,41645,52,,,1,30,,41655,52,,,1,70,,41659,52,,,1,72,,41681,52,,,1,30,,41641,52,,,1,70,,41680,52,,,1,30,,41658,52,,,1,70,,41673,52,,,1,30,,41667,52,,,1,26,,41674,52,,,1,56,,41660,52,,,1,17,,41638,52,,,1,14,,41679,52,,,1,58,,41649,52,,,1,15,,41682,52,,,1,13,,41670,52,,,1,10,,41642,52,,,1,13,,41653,52,,,1,54,,41685,52,,,1,13,,41678,52,,,1,11,,41644,52,,,1,11,,41661,52,,,1,11,,41654,52,,,1,49,,41683,52,,,1,10,,41668,52,,,1,8,,41648,52,,,1,12,,41643,52,,,1,10,,41684,52,,,1,12,,41652,52,,,1,51,,41647,52,,,1,10,,41657,52,,,1,30,,41672,52,,,1,69,,41677,52,,,1,31,,41664,52,,,1,69,,41650,52,,,1,30,,41671,52,,,1,67,,41662,52,,,1,28,,41665,52,,,1,69,,41651,52,,,1,30,,41666,52,,,1,67,,41663,52,,,1,29,,41646,52,,,1,70,,41669,52,,,1
5500,'Semaine-3-_26ÉTÉ-1111100-',625,,41688,52,,,1,106,,41704,52,,,1,103,,41687,52,,,1,97,,41723,52,,,1,27,,41724,52,,,1,70,,41693,52,,,1,30,,41703,52,,,1,70,,41707,52,,,1,72,,41729,52,,,1,30,,41689,52,,,1,70,,41728,52,,,1,30,,41706,52,,,1,70,,41721,52,,,1,30,,41715,52,,,1,26,,41722,52,,,1,56,,41708,52,,,1,17,,41686,52,,,1,14,,41727,52,,,1,58,,41697,52,,,1,15,,41730,52,,,1,13,,41718,52,,,1,10,,41690,52,,,1,13,,41701,52,,,1,54,,41733,52,,,1,13,,41726,52,,,1,11,,41692,52,,,1,11,,41709,52,,,1,11,,41702,52,,,1,49,,41731,52,,,1,10,,41716,52,,,1,8,,41696,52,,,1,12,,41691,52,,,1,10,,41732,52,,,1,12,,41700,52,,,1,51,,41695,52,,,1,10,,41705,52,,,1,30,,41720,52,,,1,69,,41725,52,,,1,31,,41712,52,,,1,69,,41698,52,,,1,30,,41719,52,,,1,67,,41710,52,,,1,28,,41713,52,,,1,69,,41699,52,,,1,30,,41714,52,,,1,67,,41711,52,,,1,29,,41694,52,,,1,70,,41717,52,,,1
5500,'Semaine-4-_26ÉTÉ-1111100-',625,,41736,52,,,1,106,,41752,52,,,1,103,,41735,52,,,1,97,,41771,52,,,1,27,,41772,52,,,1,70,,41741,52,,,1,30,,41751,52,,,1,70,,41755,52,,,1,72,,41777,52,,,1,30,,41737,52,,,1,70,,41776,52,,,1,30,,41754,52,,,1,70,,41769,52,,,1,30,,41763,52,,,1,26,,41770,52,,,1,56,,41756,52,,,1,17,,41734,52,,,1,14,,41775,52,,,1,58,,41745,52,,,1,15,,41778,52,,,1,13,,41766,52,,,1,10,,41738,52,,,1,13,,41749,52,,,1,54,,41781,52,,,1,13,,41774,52,,,1,11,,41740,52,,,1,11,,41757,52,,,1,11,,41750,52,,,1,49,,41779,52,,,1,10,,41764,52,,,1,8,,41744,52,,,1,12,,41739,52,,,1,10,,41780,52,,,1,12,,41748,52,,,1,51,,41743,52,,,1,10,,41753,52,,,1,30,,41768,52,,,1,69,,41773,52,,,1,31,,41760,52,,,1,69,,41746,52,,,1,30,,41767,52,,,1,67,,41758,52,,,1,28,,41761,52,,,1,69,,41747,52,,,1,30,,41762,52,,,1,67,,41759,52,,,1,29,,41742,52,,,1,70,,41765,52,,,1
63901,'Semaine-2-_26ÉTÉ-1111100-',728,,46779,41,,,1
63901,'Semaine-3-_26ÉTÉ-1111100-',728,,46780,41,,,1
63901,'Semaine-4-_26ÉTÉ-1111100-',728,,46781,41,,,1
64001,'Semaine-2-_26ÉTÉ-1111100-',729,,46782,20,,,1
64001,'Semaine-3-_26ÉTÉ-1111100-',729,,46783,20,,,1
64001,'Semaine-4-_26ÉTÉ-1111100-',729,,46784,20,,,1
65401,'Semaine-2-_26ÉTÉ-1111100-',723,,46794,16,,,1
65401,'Semaine-3-_26ÉTÉ-1111100-',723,,46795,16,,,1
65401,'Semaine-4-_26ÉTÉ-1111100-',723,,46796,16,,,1
