2700,'Semaine-3',1613,,24610,27,,,2,30,,24608,27,,,1,67,,24612,27,,,1,30,,24609,27,,,1,69,,24611,27,,,2
3301,'Samedi-11',702,,25033,3,,,1,100,,25034,3,,,1,100,,25031,3,,,1,100,,25037,3,,,1,100,,25038,3,,,1,100,,25032,3,,,1,100,,25035,3,,,1,100,,25036,3,,,1,100,,25039,3,,,1,100,,25040,3,,,1,100,,25041,3,,,1,100,,25048,3,,,1,100,,25042,3,,,1,100,,25043,3,,,1,100,,25044,3,,,1,100,,25045,3,,,1,100,,25046,3,,,1,100,,25047,3,,,1
3301,'Samedi-2',702,,25051,3,,,1,100,,25052,3,,,1,100,,25049,3,,,1,100,,25055,3,,,1,100,,25056,3,,,1,100,,25050,3,,,1,100,,25053,3,,,1,100,,25054,3,,,1,100,,25057,3,,,1,100,,25058,3,,,1,100,,25059,3,,,1,100,,25066,3,,,1,100,,25060,3,,,1,100,,25061,3,,,1,100,,25062,3,,,1,100,,25063,3,,,1,100,,25064,3,,,1,100,,25065,3,,,1
3301,'Dimanche-2',702,,25071,3,,,1,100,,25072,3,,,1,100,,25073,3,,,1,100,,25067,3,,,1,100,,25068,3,,,1,100,,25069,3,,,1,100,,25070,3,,,1,100,,25075,3,,,1,100,,25076,3,,,1,100,,25074,3,,,1,100,,25077,3,,,1,100,,25080,3,,,1,100,,25084,3,,,1,100,,25078,3,,,1,100,,25079,3,,,1,100,,25082,3,,,1,100,,25081,3,,,1,100,,25083,3,,,1
3301,'Semaine-3',548,,25108,3,,,1,62,,25116,3,,,2,23,,25093,3,,,1,17,,25113,3,,,1,54,,25109,3,,,1,5,,25104,3,,,1,9,,25124,3,,,1,14,,25122,3,,,1,16,,25111,3,,,1,57,,25099,3,,,1,10,,25115,3,,,2,17,,25089,3,,,1,70,,25101,3,,,2,29,,25107,3,,,1,71,,25097,3,,,1,28,,25118,3,,,1,71,,25102,3,,,1,29,,25094,3,,,1,72,,25096,3,,,1,19,,25114,3,,,1,6,,25123,3,,,1,27,,25105,3,,,1,70,,25095,3,,,1,31,,25100,3,,,1,71,,25103,3,,,1,12,,25125,3,,,2,17,,25106,3,,,1,57,,25098,3,,,2,13,,25110,3,,,1,32,,25091,3,,,1,63,,25121,3,,,2,25,,25088,3,,,2,72,,25085,3,,,2,32,,25119,3,,,1,84,,25092,3,,,2,69,,25087,3,,,2,57,,25090,3,,,1,81,,25112,3,,,2,105,,25117,3,,,1,98,,25086,3,,,2,164,,25120,3,,,1
33101,'Semaine-3',1619,,29282,9,0,7 8,1
43301,'Semaine-3',722,,30077,4,0,9 14,1
56601,'Semaine-3',710,,30096,28,0,5 6,1
56901,'Semaine-3',710,,30098,11,0,5 6,1
82700,'Semaine-3',1535,,30318,17,0,9 12 13,1
