6701,'Samedi-3',640,,32983,22,,,1,101,,32989,22,,,1,99,,32985,22,,,1,101,,32984,22,,,1,71,,32987,22,,,1,28,,32992,22,,,1,73,,32993,22,,,2,30,,32986,22,,,1,70,,32988,22,,,1,30,,32991,22,,,1,70,,32994,22,,,1,30,,32995,22,,,1,70,,32990,22,,,1,30,,32996,22,,,1,71,,32997,22,,,1,30,,32998,22,,,2,70,,32999,22,,,2,28,,33000,22,,,1,72,,33001,22,,,1,29,,33002,22,,,1,70,,33003,22,,,2,28,,33004,22,,,1,71,,33005,22,,,2,100,,33006,22,,,1,100,,33007,22,,,1,100,,33009,22,,,1,99,,33008,22,,,1
6701,'Dimanche-3',640,,33010,22,,,1,101,,33015,22,,,1,99,,33018,22,,,1,101,,33013,22,,,1,71,,33011,22,,,1,28,,33012,22,,,1,73,,33014,22,,,2,30,,33022,22,,,1,70,,33016,22,,,1,30,,33020,22,,,1,70,,33017,22,,,1,30,,33025,22,,,1,70,,33026,22,,,1,30,,33023,22,,,1,71,,33028,22,,,1,30,,33019,22,,,2,70,,33031,22,,,2,28,,33024,22,,,1,72,,33021,22,,,1,29,,33029,22,,,1,70,,33032,22,,,2,28,,33036,22,,,1,71,,33035,22,,,2,100,,33027,22,,,1,100,,33033,22,,,1,100,,33030,22,,,1,99,,33034,22,,,1
6701,'Semaine-4',918,,33057,22,,,1,20,,33046,22,,,1,20,,33064,22,,,2,60,,33050,22,,,1,20,,33044,22,,,1,20,,33065,22,,,1,60,,33058,22,,,1,20,,33047,22,,,1,20,,33066,22,,,1,60,,33051,22,,,1,20,,33054,22,,,1,20,,33067,22,,,1,60,,33053,22,,,1,20,,33048,22,,,1,20,,33068,22,,,1,60,,33059,22,,,1,20,,33061,22,,,1,20,,33063,22,,,1,60,,33055,22,,,1,33,,33039,22,,,1,70,,33062,22,,,1,29,,33042,22,,,2,75,,33060,22,,,1,25,,33056,22,,,1,69,,33049,22,,,1,30,,33037,22,,,2,68,,33052,22,,,1,30,,33040,22,,,2,70,,33069,22,,,1,30,,33038,22,,,2,70,,33071,22,,,1,29,,33041,22,,,1,70,,33072,22,,,2,29,,33043,22,,,1,69,,33070,22,,,1,30,,33045,22,,,1
6701,'Samedi-10-_26ÉTÉ-0000010-',640,,43430,22,,,1,101,,43436,22,,,1,99,,43432,22,,,1,101,,43431,22,,,1,71,,43434,22,,,1,28,,43439,22,,,1,73,,43440,22,,,2,30,,43433,22,,,1,70,,43435,22,,,1,30,,43438,22,,,1,70,,43441,22,,,1,30,,43442,22,,,1,70,,43437,22,,,1,30,,43443,22,,,1,71,,43444,22,,,1,30,,43445,22,,,2,70,,43446,22,,,2,28,,43447,22,,,1,72,,43448,22,,,1,29,,43449,22,,,1,70,,43450,22,,,2,28,,43451,22,,,1,71,,43452,22,,,2,100,,43453,22,,,1,100,,43454,22,,,1,100,,43456,22,,,1,99,,43455,22,,,1
6701,'Semaine-2-_26ÉTÉ-1111100-',918,,43477,22,,,1,20,,43466,22,,,1,20,,43484,22,,,2,60,,43470,22,,,1,20,,43464,22,,,2,20,,43485,22,,,1,60,,43478,22,,,1,20,,43467,22,,,1,20,,43486,22,,,2,60,,43471,22,,,1,20,,43474,22,,,2,21,,43487,22,,,1,59,,43473,22,,,1,20,,43468,22,,,2,20,,43488,22,,,1,60,,43479,22,,,1,20,,43481,22,,,1,20,,43483,22,,,1,60,,43475,22,,,2,33,,43459,22,,,1,70,,43482,22,,,2,29,,43462,22,,,1,70,,43480,22,,,1,30,,43476,22,,,1,69,,43469,22,,,1,30,,43457,22,,,1,68,,43472,22,,,1,30,,43460,22,,,1,70,,43489,22,,,1,30,,43458,22,,,1,70,,43491,22,,,1,29,,43461,22,,,1,70,,43492,22,,,1,29,,43463,22,,,2,69,,43490,22,,,1,30,,43465,22,,,2
6701,'Semaine-3-_26ÉTÉ-1111100-',918,,43513,22,,,1,20,,43502,22,,,1,20,,43520,22,,,2,60,,43506,22,,,1,20,,43500,22,,,2,20,,43521,22,,,1,60,,43514,22,,,1,20,,43503,22,,,1,20,,43522,22,,,2,60,,43507,22,,,1,20,,43510,22,,,2,21,,43523,22,,,1,59,,43509,22,,,1,20,,43504,22,,,2,20,,43524,22,,,1,60,,43515,22,,,1,20,,43517,22,,,1,20,,43519,22,,,1,60,,43511,22,,,2,33,,43495,22,,,1,70,,43518,22,,,2,29,,43498,22,,,1,70,,43516,22,,,1,30,,43512,22,,,1,69,,43505,22,,,1,30,,43493,22,,,1,68,,43508,22,,,1,30,,43496,22,,,1,70,,43525,22,,,1,30,,43494,22,,,1,70,,43527,22,,,1,29,,43497,22,,,1,70,,43528,22,,,1,29,,43499,22,,,2,69,,43526,22,,,1,30,,43501,22,,,2
6701,'Semaine-4-_26ÉTÉ-1111100-',918,,43549,22,,,1,20,,43538,22,,,1,20,,43556,22,,,2,60,,43542,22,,,1,20,,43536,22,,,2,20,,43557,22,,,1,60,,43550,22,,,1,20,,43539,22,,,1,20,,43558,22,,,2,60,,43543,22,,,1,20,,43546,22,,,2,21,,43559,22,,,1,59,,43545,22,,,1,20,,43540,22,,,2,20,,43560,22,,,1,60,,43551,22,,,1,20,,43553,22,,,1,20,,43555,22,,,1,60,,43547,22,,,2,33,,43531,22,,,1,70,,43554,22,,,2,29,,43534,22,,,1,70,,43552,22,,,1,30,,43548,22,,,1,69,,43541,22,,,1,30,,43529,22,,,1,68,,43544,22,,,1,30,,43532,22,,,1,70,,43561,22,,,1,30,,43530,22,,,1,70,,43563,22,,,1,29,,43533,22,,,1,70,,43564,22,,,1,29,,43535,22,,,2,69,,43562,22,,,1,30,,43537,22,,,2
8501,'Semaine-4',537,,33918,26,,,1,71,,33920,26,,,1,24,,33923,26,,,1,16,,33922,26,,,1,55,,33927,26,,,2,22,,33919,26,,,1,12,,33925,26,,,1,15,,33921,26,,,1,57,,33926,26,,,1,19,,33924,26,,,1
8501,'Semaine-2-_26ÉTÉ-1111100-',536,,45214,26,,,1,70,,45216,26,,,1,25,,45219,26,,,1,18,,45218,26,,,2,54,,45223,26,,,2,19,,45215,26,,,2,15,,45221,26,,,1,15,,45217,26,,,2,55,,45222,26,,,1,20,,45220,26,,,1
8501,'Semaine-3-_26ÉTÉ-1111100-',536,,45224,26,,,1,70,,45226,26,,,1,25,,45229,26,,,1,18,,45228,26,,,2,54,,45233,26,,,2,19,,45225,26,,,2,15,,45231,26,,,1,15,,45227,26,,,2,55,,45232,26,,,1,20,,45230,26,,,1
8501,'Semaine-4-_26ÉTÉ-1111100-',536,,45234,26,,,1,70,,45236,26,,,1,25,,45239,26,,,1,18,,45238,26,,,2,54,,45243,26,,,2,19,,45235,26,,,2,15,,45241,26,,,1,15,,45237,26,,,2,55,,45242,26,,,1,20,,45240,26,,,1
8701,'Semaine-4',521,,33947,22,,,1,30,,33940,22,,,1,72,,33945,22,,,1,20,,33943,22,,,1,13,,33941,22,,,1,57,,33950,22,,,1,15,,33946,22,,,1,18,,33942,22,,,1,55,,33949,22,,,1,17,,33948,22,,,1,22,,33944,22,,,1,17,,33939,22,,,1
8701,'Semaine-2-_26ÉTÉ-1111100-',520,,45285,22,,,1,31,,45278,22,,,1,69,,45283,22,,,2,20,,45281,22,,,2,18,,45279,22,,,1,55,,45288,22,,,2,13,,45284,22,,,2,17,,45280,22,,,2,15,,45287,22,,,1,59,,45286,22,,,2,20,,45282,22,,,2,20,,45277,22,,,2
8701,'Semaine-3-_26ÉTÉ-1111100-',520,,45297,22,,,1,31,,45290,22,,,1,69,,45295,22,,,2,20,,45293,22,,,2,18,,45291,22,,,1,55,,45300,22,,,2,13,,45296,22,,,2,17,,45292,22,,,2,15,,45299,22,,,1,59,,45298,22,,,2,20,,45294,22,,,2,20,,45289,22,,,2
8701,'Semaine-4-_26ÉTÉ-1111100-',520,,45309,22,,,1,31,,45302,22,,,1,69,,45307,22,,,2,20,,45305,22,,,2,18,,45303,22,,,1,55,,45312,22,,,2,13,,45308,22,,,2,17,,45304,22,,,2,15,,45311,22,,,1,59,,45310,22,,,2,20,,45306,22,,,2,20,,45301,22,,,2
57101,'Semaine-4',712,,34830,49,0,5 6,2
57101,'Semaine-2-_26ÉTÉ-1111100-',712,,46773,49,0,5 6,1
57101,'Semaine-3-_26ÉTÉ-1111100-',712,,46774,49,0,5 6,1
57101,'Semaine-4-_26ÉTÉ-1111100-',712,,46775,49,0,5 6,1
