2300,'Semaine-1-_26ÉTÉ-1111100-',1525,,47150,3,,,1,28,,47148,3,,,1,70,,47146,3,,,1,32,,47147,3,,,2,71,,47149,3,,,2,26,,47145,3,,,2
2300,'Semaine-10-_26ÉTÉ-1111100-',1525,,47156,3,,,1,28,,47154,3,,,1,70,,47152,3,,,1,32,,47153,3,,,2,71,,47155,3,,,2,26,,47151,3,,,2
2300,'Semaine-11-_26ÉTÉ-1111100-',1525,,47162,3,,,1,28,,47160,3,,,1,70,,47158,3,,,1,32,,47159,3,,,2,71,,47161,3,,,2,26,,47157,3,,,2
2300,'Semaine-12-_26ÉTÉ-1111100-',1525,,47168,3,,,1,28,,47166,3,,,1,70,,47164,3,,,1,32,,47165,3,,,2,71,,47167,3,,,2,26,,47163,3,,,2
2500,'Semaine-1-_26ÉTÉ-1111100-',1507,,47200,3,,,1,31,,47203,3,,,1,70,,47201,3,,,1,33,,47205,3,,,1,70,,47202,3,,,1,30,,47204,3,,,1
2500,'Semaine-10-_26ÉTÉ-1111100-',1507,,47206,3,,,1,31,,47209,3,,,1,70,,47207,3,,,1,33,,47211,3,,,1,70,,47208,3,,,1,30,,47210,3,,,1
2500,'Semaine-11-_26ÉTÉ-1111100-',1507,,47212,3,,,1,31,,47215,3,,,1,70,,47213,3,,,1,33,,47217,3,,,1,70,,47214,3,,,1,30,,47216,3,,,1
2500,'Semaine-12-_26ÉTÉ-1111100-',1507,,47218,3,,,1,31,,47221,3,,,1,70,,47219,3,,,1,33,,47223,3,,,1,70,,47220,3,,,1,30,,47222,3,,,1
2600,'Semaine-1-_26ÉTÉ-1111100-',1531,,47262,3,,,1,71,,47261,3,,,1,30,,47260,3,,,2,72,,47263,3,,,1,29,,47264,3,,,1
2600,'Semaine-10-_26ÉTÉ-1111100-',1531,,47267,3,,,1,71,,47266,3,,,1,30,,47265,3,,,2,72,,47268,3,,,1,29,,47269,3,,,1
2600,'Semaine-11-_26ÉTÉ-1111100-',1531,,47272,3,,,1,71,,47271,3,,,1,30,,47270,3,,,2,72,,47273,3,,,1,29,,47274,3,,,1
2600,'Semaine-12-_26ÉTÉ-1111100-',1531,,47277,3,,,1,71,,47276,3,,,1,30,,47275,3,,,2,72,,47278,3,,,1,29,,47279,3,,,1
2900,'Semaine-1-_26ÉTÉ-1111100-',1524,,47388,3,,,2,30,,47387,3,,,2,74,,47385,3,,,1,27,,47389,3,,,2,75,,47386,3,,,2
2900,'Semaine-10-_26ÉTÉ-1111100-',1524,,47393,3,,,2,30,,47392,3,,,2,74,,47390,3,,,1,27,,47394,3,,,2,75,,47391,3,,,2
2900,'Semaine-11-_26ÉTÉ-1111100-',1524,,47398,3,,,2,30,,47397,3,,,2,74,,47395,3,,,1,27,,47399,3,,,2,75,,47396,3,,,2
2900,'Semaine-12-_26ÉTÉ-1111100-',1524,,47403,3,,,2,30,,47402,3,,,2,74,,47400,3,,,1,27,,47404,3,,,2,75,,47401,3,,,2
4000,'Semaine-1-_26ÉTÉ-1111100-',1503,,51732,3,,,2,29,,51728,3,,,2,71,,51731,3,,,1,30,,51730,3,,,1,73,,51729,3,,,1,29,,51733,3,,,2
4000,'Semaine-10-_26ÉTÉ-1111100-',1503,,51738,3,,,2,29,,51734,3,,,2,71,,51737,3,,,1,30,,51736,3,,,1,73,,51735,3,,,1,29,,51739,3,,,2
4000,'Semaine-11-_26ÉTÉ-1111100-',1503,,51744,3,,,2,29,,51740,3,,,2,71,,51743,3,,,1,30,,51742,3,,,1,73,,51741,3,,,1,29,,51745,3,,,2
4000,'Semaine-12-_26ÉTÉ-1111100-',1503,,51750,3,,,2,29,,51746,3,,,2,71,,51749,3,,,1,30,,51748,3,,,1,73,,51747,3,,,1,29,,51751,3,,,2
4100,'Semaine-1-_26ÉTÉ-1111100-',1513,,51789,3,,,2,28,,51791,3,,,1,72,,51790,3,,,2,30,,51788,3,,,1,70,,51792,3,,,1
4100,'Semaine-10-_26ÉTÉ-1111100-',1513,,51794,3,,,2,28,,51796,3,,,1,72,,51795,3,,,2,30,,51793,3,,,1,70,,51797,3,,,1
4100,'Semaine-11-_26ÉTÉ-1111100-',1513,,51799,3,,,2,28,,51801,3,,,1,72,,51800,3,,,2,30,,51798,3,,,1,70,,51802,3,,,1
4100,'Semaine-12-_26ÉTÉ-1111100-',1513,,51804,3,,,2,28,,51806,3,,,1,72,,51805,3,,,2,30,,51803,3,,,1,70,,51807,3,,,1
4500,'Semaine-1-_26ÉTÉ-1111100-',1451,,51863,3,,,1,70,,51858,3,,,2,32,,51859,3,,,2,71,,51861,3,,,1,29,,51862,3,,,1,70,,51860,3,,,2
4500,'Semaine-10-_26ÉTÉ-1111100-',1451,,51869,3,,,1,70,,51864,3,,,2,32,,51865,3,,,2,71,,51867,3,,,1,29,,51868,3,,,1,70,,51866,3,,,2
4500,'Semaine-11-_26ÉTÉ-1111100-',1451,,51875,3,,,1,70,,51870,3,,,2,32,,51871,3,,,2,71,,51873,3,,,1,29,,51874,3,,,1,70,,51872,3,,,2
4500,'Semaine-12-_26ÉTÉ-1111100-',1451,,51881,3,,,1,70,,51876,3,,,2,32,,51877,3,,,2,71,,51879,3,,,1,29,,51880,3,,,1,70,,51878,3,,,2
4700,'Semaine-1-_26ÉTÉ-1111100-',1509,,51918,3,,,2,100,,51920,3,,,2,102,,51919,3,,,2
4700,'Semaine-10-_26ÉTÉ-1111100-',1509,,51921,3,,,2,100,,51923,3,,,2,102,,51922,3,,,2
4700,'Semaine-11-_26ÉTÉ-1111100-',1509,,51924,3,,,2,100,,51926,3,,,2,102,,51925,3,,,2
4700,'Semaine-12-_26ÉTÉ-1111100-',1509,,51927,3,,,2,100,,51929,3,,,2,102,,51928,3,,,2
4800,'Semaine-1-_26ÉTÉ-1111100-',1702,,51953,3,,,1
4800,'Semaine-10-_26ÉTÉ-1111100-',1702,,51954,3,,,1
4800,'Semaine-11-_26ÉTÉ-1111100-',1702,,51955,3,,,1
4800,'Semaine-12-_26ÉTÉ-1111100-',1702,,51956,3,,,1
