7900,'Semaine-1-_26ÉTÉ-1111100-',1225,,59788,2,,,2,100,,59791,2,,,2,130,,59789,2,,,1,70,,59790,2,,,2,30,,59795,2,,,1,70,,59793,2,,,1,31,,59792,2,,,1,70,,59787,2,,,1,85,,59794,2,,,1,45,,59796,2,,,1
7900,'Semaine-10-_26ÉTÉ-1111100-',1225,,59799,2,,,2,100,,59802,2,,,2,130,,59800,2,,,1,70,,59801,2,,,2,30,,59806,2,,,1,70,,59804,2,,,1,31,,59803,2,,,1,70,,59798,2,,,1,85,,59805,2,,,1,45,,59807,2,,,1
7900,'Semaine-11-_26ÉTÉ-1111100-',1225,,59810,2,,,2,100,,59813,2,,,2,130,,59811,2,,,1,70,,59812,2,,,2,30,,59817,2,,,1,70,,59815,2,,,1,31,,59814,2,,,1,70,,59809,2,,,1,85,,59816,2,,,1,45,,59818,2,,,1
7900,'Semaine-12-_26ÉTÉ-1111100-',1225,,59821,2,,,2,100,,59824,2,,,2,130,,59822,2,,,1,70,,59823,2,,,2,30,,59828,2,,,1,70,,59826,2,,,1,31,,59825,2,,,1,70,,59820,2,,,1,85,,59827,2,,,1,45,,59829,2,,,1
9700,'Samedi-0-_26ÉTÉ-0000010-',814,,60249,2,,,2,100,,60252,2,,,2,100,,60247,2,,,1,100,,60248,2,,,1,100,,60251,2,,,2,100,,60250,2,,,2,100,,60253,2,,,1,100,,60254,2,,,2,100,,60255,2,,,2,100,,60256,2,,,1,100,,60261,2,,,1,100,,60257,2,,,1,100,,60258,2,,,1,100,,60259,2,,,1,100,,60260,2,,,2,100,,60262,2,,,1,100,,60263,2,,,1
9700,'Dimanche-0-_26ÉTÉ-0000001-',814,,60267,2,,,2,100,,60269,2,,,2,100,,60266,2,,,1,100,,60265,2,,,1,100,,60264,2,,,2,100,,60268,2,,,2,100,,60271,2,,,1,100,,60270,2,,,2,100,,60276,2,,,2,100,,60278,2,,,1,100,,60280,2,,,1,100,,60272,2,,,1,100,,60273,2,,,1,100,,60274,2,,,1,100,,60275,2,,,2,100,,60279,2,,,1,100,,60277,2,,,1
9700,'Dimanche-10-_26ÉTÉ-0000001-',814,,60284,2,,,2,100,,60286,2,,,2,100,,60283,2,,,1,100,,60282,2,,,1,100,,60281,2,,,2,100,,60285,2,,,2,100,,60288,2,,,1,100,,60287,2,,,2,100,,60293,2,,,2,100,,60295,2,,,1,100,,60297,2,,,1,100,,60289,2,,,1,100,,60290,2,,,1,100,,60291,2,,,1,100,,60292,2,,,2,100,,60296,2,,,1,100,,60294,2,,,1
9700,'Dimanche-11-_26ÉTÉ-0000001-',814,,60301,2,,,2,100,,60303,2,,,2,100,,60300,2,,,1,100,,60299,2,,,1,100,,60298,2,,,2,100,,60302,2,,,2,100,,60305,2,,,1,100,,60304,2,,,2,100,,60310,2,,,2,100,,60312,2,,,1,100,,60314,2,,,1,100,,60306,2,,,1,100,,60307,2,,,1,100,,60308,2,,,1,100,,60309,2,,,2,100,,60313,2,,,1,100,,60311,2,,,1
9700,'Semaine-1-_26ÉTÉ-1111100-',646,,60333,2,,,1,66,,60334,2,,,1,97,,60323,2,,,2,101,,60319,2,,,1,96,,60332,2,,,2,100,,60327,2,,,2,100,,60324,2,,,1,100,,60329,2,,,2,101,,60315,2,,,1,94,,60320,2,,,1,103,,60328,2,,,1,96,,60330,6,,,2,103,,60321,6,,,2,35,,60316,6,,,2,19,,60325,2,,,1,102,,60317,2,,,2,100,,60326,2,,,1,100,,60322,2,,,1,142,,60318,2,,,2,110,,60331,2,,,1
9700,'Semaine-10-_26ÉTÉ-1111100-',646,,60353,2,,,1,66,,60354,2,,,1,97,,60343,2,,,2,101,,60339,2,,,1,96,,60352,2,,,2,100,,60347,2,,,2,100,,60344,2,,,1,100,,60349,2,,,2,101,,60335,2,,,1,94,,60340,2,,,1,103,,60348,2,,,1,96,,60350,6,,,2,103,,60341,6,,,2,35,,60336,6,,,2,19,,60345,2,,,1,102,,60337,2,,,2,100,,60346,2,,,1,100,,60342,2,,,1,142,,60338,2,,,2,110,,60351,2,,,1
9700,'Semaine-11-_26ÉTÉ-1111100-',646,,60373,2,,,1,66,,60374,2,,,1,97,,60363,2,,,2,101,,60359,2,,,1,96,,60372,2,,,2,100,,60367,2,,,2,100,,60364,2,,,1,100,,60369,2,,,2,101,,60355,2,,,1,94,,60360,2,,,1,103,,60368,2,,,1,96,,60370,6,,,2,103,,60361,6,,,2,35,,60356,6,,,2,19,,60365,2,,,1,102,,60357,2,,,2,100,,60366,2,,,1,100,,60362,2,,,1,142,,60358,2,,,2,110,,60371,2,,,1
9700,'Semaine-12-_26ÉTÉ-1111100-',646,,60393,2,,,1,66,,60394,2,,,1,97,,60383,2,,,2,101,,60379,2,,,1,96,,60392,2,,,2,100,,60387,2,,,2,100,,60384,2,,,1,100,,60389,2,,,2,101,,60375,2,,,1,94,,60380,2,,,1,103,,60388,2,,,1,96,,60390,6,,,2,103,,60381,6,,,2,35,,60376,6,,,2,19,,60385,2,,,1,102,,60377,2,,,2,100,,60386,2,,,1,100,,60382,2,,,1,142,,60378,2,,,2,110,,60391,2,,,1
