4501,'Semaine-4',629,,31645,20,,,1,29,,31649,20,,,1,72,,31648,20,,,2,71,,31647,20,,,1,27,,31650,20,,,2,31,,31646,20,,,1
4501,'Semaine-2-_26ÉTÉ-1111100-',629,,41139,20,,,2,74,,41143,20,,,1,27,,41142,20,,,2,71,,41141,20,,,1,27,,41144,20,,,1,31,,41140,20,,,2
4501,'Semaine-3-_26ÉTÉ-1111100-',629,,41145,20,,,2,74,,41149,20,,,1,27,,41148,20,,,2,71,,41147,20,,,1,27,,41150,20,,,1,31,,41146,20,,,2
4501,'Semaine-4-_26ÉTÉ-1111100-',629,,41151,20,,,2,74,,41155,20,,,1,27,,41154,20,,,2,71,,41153,20,,,1,27,,41156,20,,,1,31,,41152,20,,,2
5201,'Samedi-3',659,,31863,44,,,2,100,,31864,44,,,1,141,,31865,44,,,2,100,,31866,44,,,1,102,,31868,44,,,1,100,,31867,44,,,1,100,,31869,44,,,1,100,,31870,44,,,1,101,,31871,44,,,1,99,,31872,44,,,1,100,,31873,44,,,1,100,,31874,44,,,1,99,,31877,44,,,1,100,,31875,44,,,1,57,,31879,44,,,2,101,,31876,44,,,1,100,,31878,44,,,1,100,,31880,44,,,1
5201,'Samedi-4',659,,36219,44,,,2,100,,36220,44,,,1,141,,36221,44,,,2,100,,36222,44,,,1,102,,36224,44,,,1,100,,36223,44,,,1,100,,36225,44,,,1,100,,36226,44,,,1,101,,36227,44,,,1,99,,36228,44,,,1,100,,36229,44,,,1,100,,36230,44,,,1,99,,36233,44,,,1,100,,36231,44,,,1,57,,36235,44,,,2,101,,36232,44,,,1,100,,36234,44,,,1,100,,36236,44,,,1
5201,'Dimanche-3',659,,31881,44,,,2,100,,31882,44,,,1,141,,31883,44,,,2,100,,31884,44,,,1,102,,31889,44,,,1,100,,31885,44,,,1,100,,31886,44,,,1,100,,31890,44,,,1,101,,31887,44,,,1,99,,31888,44,,,1,100,,31891,44,,,1,100,,31894,44,,,1,99,,31892,44,,,1,100,,31898,44,,,1,57,,31893,44,,,2,101,,31895,44,,,1,100,,31896,44,,,1,100,,31897,44,,,1
5201,'Semaine-4',630,,31914,44,,,1,102,,31916,44,,,1,100,,31915,44,,,2,99,,31899,44,,,1,101,,31905,44,,,2,100,,31902,44,,,1,102,,31909,44,,,2,98,,31900,44,,,1,100,,31904,44,,,1,100,,31903,44,,,1,102,,31913,44,,,1,100,,31912,44,,,1,98,,31906,44,,,1,97,,31907,44,,,1,100,,31911,44,,,2,100,,31908,44,,,1,100,,31910,44,,,1,100,,31901,44,,,1
5201,'Samedi-10-_26ÉTÉ-0000010-',659,,41512,44,,,2,100,,41513,44,,,1,141,,41514,44,,,2,100,,41515,44,,,1,102,,41517,44,,,1,100,,41516,44,,,1,100,,41518,44,,,2,100,,41519,44,,,1,101,,41520,44,,,2,99,,41521,44,,,1,100,,41522,44,,,1,100,,41523,44,,,1,99,,41526,44,,,1,100,,41524,44,,,1,57,,41528,44,,,2,101,,41525,44,,,1,100,,41527,44,,,1,100,,41529,44,,,1
5201,'Semaine-2-_26ÉTÉ-1111100-',630,,41545,44,,,1,102,,41547,44,,,1,99,,41546,44,,,1,100,,41530,44,,,1,101,,41536,44,,,1,100,,41533,44,,,2,100,,41540,44,,,1,100,,41531,44,,,1,100,,41535,44,,,1,102,,41534,44,,,1,100,,41544,44,,,1,100,,41543,44,,,1,98,,41537,44,,,1,97,,41538,44,,,1,100,,41542,44,,,1,100,,41539,44,,,1,100,,41541,44,,,1,100,,41532,44,,,1
5201,'Semaine-3-_26ÉTÉ-1111100-',630,,41563,44,,,1,102,,41565,44,,,1,99,,41564,44,,,1,100,,41548,44,,,1,101,,41554,44,,,1,100,,41551,44,,,2,100,,41558,44,,,1,100,,41549,44,,,1,100,,41553,44,,,1,102,,41552,44,,,1,100,,41562,44,,,1,100,,41561,44,,,1,98,,41555,44,,,1,97,,41556,44,,,1,100,,41560,44,,,1,100,,41557,44,,,1,100,,41559,44,,,1,100,,41550,44,,,1
5201,'Semaine-4-_26ÉTÉ-1111100-',630,,41581,44,,,1,102,,41583,44,,,1,99,,41582,44,,,1,100,,41566,44,,,1,101,,41572,44,,,1,100,,41569,44,,,2,100,,41576,44,,,1,100,,41567,44,,,1,100,,41571,44,,,1,102,,41570,44,,,1,100,,41580,44,,,1,100,,41579,44,,,1,98,,41573,44,,,1,97,,41574,44,,,1,100,,41578,44,,,1,100,,41575,44,,,1,100,,41577,44,,,1,100,,41568,44,,,1
64500,'Semaine-4',713,,34842,14,0,9 10,1
64500,'Semaine-2-_26ÉTÉ-1111100-',713,,46788,14,0,9 10,1
64500,'Semaine-3-_26ÉTÉ-1111100-',713,,46789,14,0,9 10,1
64500,'Semaine-4-_26ÉTÉ-1111100-',713,,46790,14,0,9 10,1
75200,'Semaine-4',719,,34860,7,0,9 18,1
75200,'Semaine-2-_26ÉTÉ-1111100-',719,,46803,7,0,9 18,1
75200,'Semaine-3-_26ÉTÉ-1111100-',719,,46804,7,0,9 18,1
75200,'Semaine-4-_26ÉTÉ-1111100-',719,,46805,7,0,9 18,1
