9500,'Semaine-1-_26ÉTÉ-1111100-',1517,,60163,15,,,1,15,,60166,15,,,2,15,,60162,15,,,1,59,,60157,15,,,1,15,,60161,15,,,2,15,,60158,15,,,1,16,,60159,15,,,2,55,,60164,15,,,1,25,,60165,15,,,1,26,,60160,15,,,1
9500,'Semaine-10-_26ÉTÉ-1111100-',1517,,60173,15,,,1,15,,60176,15,,,2,15,,60172,15,,,1,59,,60167,15,,,1,15,,60171,15,,,2,15,,60168,15,,,1,16,,60169,15,,,2,55,,60174,15,,,1,25,,60175,15,,,2,26,,60170,15,,,1
9500,'Semaine-11-_26ÉTÉ-1111100-',1517,,60183,15,,,1,15,,60186,15,,,2,15,,60182,15,,,1,59,,60177,15,,,1,15,,60181,15,,,2,15,,60178,15,,,1,16,,60179,15,,,2,55,,60184,15,,,1,25,,60185,15,,,1,26,,60180,15,,,1
9500,'Semaine-12-_26ÉTÉ-1111100-',1517,,60193,15,,,1,15,,60196,15,,,2,15,,60192,15,,,1,59,,60187,15,,,1,15,,60191,15,,,2,15,,60188,15,,,1,16,,60189,15,,,2,55,,60194,15,,,1,25,,60195,15,,,1,26,,60190,15,,,1
9500,'Semaine-5-_26ÉTÉ-1111100-',1517,,60203,15,,,1,15,,60206,15,,,2,15,,60202,15,,,1,59,,60197,15,,,1,15,,60201,15,,,2,15,,60198,15,,,1,16,,60199,15,,,2,55,,60204,15,,,1,25,,60205,15,,,1,26,,60200,15,,,1
9700,'Samedi-0-_26ÉTÉ-0000010-',837,,60249,27,,,2,100,,60252,27,,,2,100,,60247,27,,,1,100,,60248,27,,,1,100,,60251,27,,,2,100,,60250,27,,,2,100,,60253,27,,,1,100,,60254,27,,,2,100,,60255,27,,,2,101,,60256,27,,,1,100,,60261,27,,,1,100,,60257,27,,,1,100,,60258,27,,,1,100,,60259,27,,,1,99,,60260,27,,,2,100,,60262,27,,,1,100,,60263,27,,,1
9700,'Dimanche-0-_26ÉTÉ-0000001-',837,,60267,27,,,2,100,,60269,27,,,2,100,,60266,27,,,1,100,,60265,27,,,1,100,,60264,27,,,2,100,,60268,27,,,2,100,,60271,27,,,1,100,,60270,27,,,2,100,,60276,27,,,2,101,,60278,27,,,1,100,,60280,27,,,1,100,,60272,27,,,1,100,,60273,27,,,1,100,,60274,27,,,1,99,,60275,27,,,2,100,,60279,27,,,1,100,,60277,27,,,1
9700,'Dimanche-10-_26ÉTÉ-0000001-',837,,60284,27,,,2,100,,60286,27,,,2,100,,60283,27,,,1,100,,60282,27,,,1,100,,60281,27,,,2,100,,60285,27,,,2,100,,60288,27,,,1,100,,60287,27,,,2,100,,60293,27,,,2,101,,60295,27,,,1,100,,60297,27,,,1,100,,60289,27,,,1,100,,60290,27,,,1,100,,60291,27,,,1,99,,60292,27,,,2,100,,60296,27,,,1,100,,60294,27,,,1
9700,'Dimanche-11-_26ÉTÉ-0000001-',837,,60301,27,,,2,100,,60303,27,,,2,100,,60300,27,,,1,100,,60299,27,,,1,100,,60298,27,,,2,100,,60302,27,,,2,100,,60305,27,,,1,100,,60304,27,,,2,100,,60310,27,,,2,101,,60312,27,,,1,100,,60314,27,,,1,100,,60306,27,,,1,100,,60307,27,,,1,100,,60308,27,,,1,99,,60309,27,,,2,100,,60313,27,,,1,100,,60311,27,,,1
9700,'Semaine-1-_26ÉTÉ-1111100-',709,,60333,27,,,1,27,,60334,27,,,1,96,,60323,27,,,2,101,,60319,27,,,1,96,,60332,27,,,2,99,,60327,27,,,2,101,,60324,27,,,1,100,,60329,27,,,2,102,,60315,27,,,1,94,,60320,27,,,1,104,,60328,27,,,1,96,,60330,31,,,2,103,,60321,31,,,2,74,,60316,31,,,2,19,,60325,27,,,1,102,,60317,27,,,2,98,,60326,27,,,1,100,,60322,27,,,1,102,,60318,27,,,2,110,,60331,27,,,1
9700,'Semaine-10-_26ÉTÉ-1111100-',709,,60353,27,,,1,27,,60354,27,,,1,96,,60343,27,,,2,101,,60339,27,,,1,96,,60352,27,,,2,99,,60347,27,,,2,101,,60344,27,,,1,100,,60349,27,,,2,102,,60335,27,,,1,94,,60340,27,,,1,104,,60348,27,,,1,96,,60350,31,,,2,103,,60341,31,,,2,74,,60336,31,,,2,19,,60345,27,,,1,102,,60337,27,,,2,98,,60346,27,,,1,100,,60342,27,,,1,102,,60338,27,,,2,110,,60351,27,,,1
9700,'Semaine-11-_26ÉTÉ-1111100-',709,,60373,27,,,1,27,,60374,27,,,1,96,,60363,27,,,2,101,,60359,27,,,1,96,,60372,27,,,2,99,,60367,27,,,2,101,,60364,27,,,1,100,,60369,27,,,2,102,,60355,27,,,1,94,,60360,27,,,1,104,,60368,27,,,1,96,,60370,31,,,2,103,,60361,31,,,2,74,,60356,31,,,2,19,,60365,27,,,1,102,,60357,27,,,2,98,,60366,27,,,1,100,,60362,27,,,1,102,,60358,27,,,2,110,,60371,27,,,1
9700,'Semaine-12-_26ÉTÉ-1111100-',709,,60393,27,,,1,27,,60394,27,,,1,96,,60383,27,,,2,101,,60379,27,,,1,96,,60392,27,,,2,99,,60387,27,,,2,101,,60384,27,,,1,100,,60389,27,,,2,102,,60375,27,,,1,94,,60380,27,,,1,104,,60388,27,,,1,96,,60390,31,,,2,103,,60381,31,,,2,74,,60376,31,,,2,19,,60385,27,,,1,102,,60377,27,,,2,98,,60386,27,,,1,100,,60382,27,,,1,102,,60378,27,,,2,110,,60391,27,,,1
9700,'Semaine-5-_26ÉTÉ-1111100-',709,,60413,27,,,1,27,,60414,27,,,1,96,,60403,27,,,2,101,,60399,27,,,1,96,,60412,27,,,2,99,,60407,27,,,2,101,,60404,27,,,1,100,,60409,27,,,2,102,,60395,27,,,1,94,,60400,27,,,1,104,,60408,27,,,1,96,,60410,31,,,2,103,,60401,31,,,2,74,,60396,31,,,2,19,,60405,27,,,1,102,,60397,27,,,2,98,,60406,27,,,1,100,,60402,27,,,1,102,,60398,27,,,2,110,,60411,27,,,1
29700,'Semaine-5-_26ÉTÉ-1111100-',739,,61034,23,,,2
