2000,'Semaine-1-_26ÉTÉ-1111100-',649,,47117,11,,,1,99,,47116,11,,,1,101,,47115,11,,,2
2000,'Semaine-10-_26ÉTÉ-1111100-',649,,47120,11,,,1,99,,47119,11,,,1,101,,47118,11,,,2
2000,'Semaine-11-_26ÉTÉ-1111100-',649,,47123,11,,,1,99,,47122,11,,,1,101,,47121,11,,,2
2000,'Semaine-12-_26ÉTÉ-1111100-',649,,47126,11,,,1,99,,47125,11,,,1,101,,47124,11,,,2
2000,'Semaine-5-_26ÉTÉ-1111100-',649,,47129,11,,,1,99,,47128,11,,,1,101,,47127,11,,,2
2700,'Semaine-1-_26ÉTÉ-1111100-',1603,,47312,15,,,1,30,,47310,15,,,2,67,,47314,15,,,1,31,,47311,15,,,1,28,,47313,15,,,2
2700,'Semaine-10-_26ÉTÉ-1111100-',1603,,47317,15,,,1,30,,47315,15,,,2,67,,47319,15,,,1,31,,47316,15,,,1,28,,47318,15,,,2
2700,'Semaine-11-_26ÉTÉ-1111100-',1603,,47322,15,,,1,30,,47320,15,,,2,67,,47324,15,,,1,31,,47321,15,,,1,28,,47323,15,,,2
2700,'Semaine-12-_26ÉTÉ-1111100-',1603,,47327,15,,,1,30,,47325,15,,,2,67,,47329,15,,,1,31,,47326,15,,,1,28,,47328,15,,,2
2700,'Semaine-5-_26ÉTÉ-1111100-',1603,,47332,15,,,1,30,,47330,15,,,2,67,,47334,15,,,1,31,,47331,15,,,1,28,,47333,15,,,2
3900,'Samedi-0-_26ÉTÉ-0000010-',708,,51181,44,,,1,101,,51182,44,,,1,100,,51186,44,,,1,102,,51185,44,,,1,100,,51188,44,,,1,99,,51187,44,,,1,103,,51183,44,,,1,30,,51184,44,,,1,70,,51189,44,,,1,31,,51190,44,,,2,70,,51191,44,,,1,30,,51192,44,,,1,71,,51193,44,,,2,30,,51194,44,,,1,70,,51195,44,,,1,30,,51196,44,,,1,69,,51197,44,,,1,29,,51198,44,,,1,69,,51199,44,,,1,28,,51200,44,,,1,100,,51201,44,,,1,100,,51202,44,,,1,100,,51203,44,,,1,97,,51204,44,,,1
3900,'Dimanche-0-_26ÉTÉ-0000001-',708,,51205,44,,,1,101,,51212,44,,,1,100,,51206,44,,,1,102,,51208,44,,,1,100,,51214,44,,,1,99,,51207,44,,,1,103,,51213,44,,,1,30,,51209,44,,,1,70,,51210,44,,,1,31,,51215,44,,,2,70,,51217,44,,,1,30,,51211,44,,,1,71,,51216,44,,,2,30,,51218,44,,,1,70,,51219,44,,,1,30,,51225,44,,,1,69,,51226,44,,,1,29,,51228,44,,,1,69,,51224,44,,,1,28,,51222,44,,,1,100,,51223,44,,,1,100,,51227,44,,,1,100,,51220,44,,,1,97,,51221,44,,,1
3900,'Dimanche-10-_26ÉTÉ-0000001-',708,,51229,44,,,1,101,,51236,44,,,1,100,,51230,44,,,1,102,,51232,44,,,1,100,,51238,44,,,1,99,,51231,44,,,1,103,,51237,44,,,1,30,,51233,44,,,1,70,,51234,44,,,1,31,,51239,44,,,2,70,,51241,44,,,1,30,,51235,44,,,1,71,,51240,44,,,2,30,,51242,44,,,1,70,,51243,44,,,1,30,,51249,44,,,1,69,,51250,44,,,1,29,,51252,44,,,1,69,,51248,44,,,1,28,,51246,44,,,1,100,,51247,44,,,1,100,,51251,44,,,1,100,,51244,44,,,1,97,,51245,44,,,1
3900,'Dimanche-11-_26ÉTÉ-0000001-',708,,51253,44,,,1,101,,51260,44,,,1,100,,51254,44,,,1,102,,51256,44,,,1,100,,51262,44,,,1,99,,51255,44,,,1,103,,51261,44,,,1,30,,51257,44,,,1,70,,51258,44,,,1,31,,51263,44,,,2,70,,51265,44,,,1,30,,51259,44,,,1,71,,51264,44,,,2,30,,51266,44,,,1,70,,51267,44,,,1,30,,51273,44,,,1,69,,51274,44,,,1,29,,51276,44,,,1,69,,51272,44,,,1,28,,51270,44,,,1,100,,51271,44,,,1,100,,51275,44,,,1,100,,51268,44,,,1,97,,51269,44,,,1
3900,'Semaine-1-_26ÉTÉ-1111100-',646,,51294,44,,,2,68,,51280,44,,,1,34,,51299,44,,,2,68,,51292,44,,,1,30,,51293,44,,,1,69,,51291,44,,,1,32,,51288,44,,,1,70,,51305,44,,,1,30,,51300,44,,,1,71,,51312,44,,,1,30,,51297,44,,,2,71,,51301,44,,,1,29,,51289,44,,,1,72,,51287,44,,,2,29,,51302,44,,,1,69,,51290,44,,,1,30,,51277,44,,,2,74,,51303,44,,,1,33,,51284,44,,,2,70,,51286,44,,,1,31,,51304,44,,,2,74,,51283,44,,,1,27,,51278,44,,,1,70,,51306,44,,,1,24,,51285,44,,,1,71,,51279,44,,,1,29,,51307,44,,,2,72,,51282,44,,,1,25,,51298,44,,,2,65,,51308,44,,,1,30,,51281,44,,,1,70,,51296,44,,,1,30,,51309,44,,,1,70,,51295,44,,,1,30,,51311,44,,,1,70,,51310,44,,,1
3900,'Semaine-10-_26ÉTÉ-1111100-',646,,51330,44,,,2,68,,51316,44,,,1,34,,51335,44,,,2,68,,51328,44,,,1,30,,51329,44,,,1,69,,51327,44,,,1,32,,51324,44,,,1,70,,51341,44,,,1,30,,51336,44,,,1,71,,51348,44,,,1,30,,51333,44,,,2,71,,51337,44,,,1,29,,51325,44,,,1,72,,51323,44,,,2,29,,51338,44,,,1,69,,51326,44,,,1,30,,51313,44,,,2,74,,51339,44,,,1,33,,51320,44,,,2,70,,51322,44,,,1,31,,51340,44,,,2,74,,51319,44,,,1,27,,51314,44,,,1,70,,51342,44,,,1,24,,51321,44,,,1,71,,51315,44,,,1,29,,51343,44,,,2,72,,51318,44,,,1,25,,51334,44,,,2,65,,51344,44,,,1,30,,51317,44,,,1,70,,51332,44,,,1,30,,51345,44,,,1,70,,51331,44,,,1,30,,51347,44,,,1,70,,51346,44,,,1
3900,'Semaine-11-_26ÉTÉ-1111100-',646,,51366,44,,,2,68,,51352,44,,,1,34,,51371,44,,,2,68,,51364,44,,,1,30,,51365,44,,,1,69,,51363,44,,,1,32,,51360,44,,,1,70,,51377,44,,,1,30,,51372,44,,,1,71,,51384,44,,,1,30,,51369,44,,,2,71,,51373,44,,,1,29,,51361,44,,,1,72,,51359,44,,,2,29,,51374,44,,,1,69,,51362,44,,,1,30,,51349,44,,,2,74,,51375,44,,,1,33,,51356,44,,,2,70,,51358,44,,,1,31,,51376,44,,,2,74,,51355,44,,,1,27,,51350,44,,,1,70,,51378,44,,,1,24,,51357,44,,,1,71,,51351,44,,,1,29,,51379,44,,,2,72,,51354,44,,,1,25,,51370,44,,,2,65,,51380,44,,,1,30,,51353,44,,,1,70,,51368,44,,,1,30,,51381,44,,,1,70,,51367,44,,,1,30,,51383,44,,,1,70,,51382,44,,,1
3900,'Semaine-12-_26ÉTÉ-1111100-',646,,51402,44,,,2,68,,51388,44,,,1,34,,51407,44,,,2,68,,51400,44,,,1,30,,51401,44,,,1,69,,51399,44,,,1,32,,51396,44,,,1,70,,51413,44,,,1,30,,51408,44,,,1,71,,51420,44,,,1,30,,51405,44,,,2,71,,51409,44,,,1,29,,51397,44,,,1,72,,51395,44,,,2,29,,51410,44,,,1,69,,51398,44,,,1,30,,51385,44,,,2,74,,51411,44,,,1,33,,51392,44,,,2,70,,51394,44,,,1,31,,51412,44,,,2,74,,51391,44,,,1,27,,51386,44,,,1,70,,51414,44,,,1,24,,51393,44,,,1,71,,51387,44,,,1,29,,51415,44,,,2,72,,51390,44,,,1,25,,51406,44,,,2,65,,51416,44,,,1,30,,51389,44,,,1,70,,51404,44,,,1,30,,51417,44,,,1,70,,51403,44,,,1,30,,51419,44,,,1,70,,51418,44,,,1
3900,'Semaine-5-_26ÉTÉ-1111100-',646,,51438,44,,,2,68,,51424,44,,,1,34,,51443,44,,,2,68,,51436,44,,,1,30,,51437,44,,,1,69,,51435,44,,,1,32,,51432,44,,,1,70,,51449,44,,,1,30,,51444,44,,,1,71,,51456,44,,,1,30,,51441,44,,,2,71,,51445,44,,,1,29,,51433,44,,,1,72,,51431,44,,,2,29,,51446,44,,,1,69,,51434,44,,,1,30,,51421,44,,,2,74,,51447,44,,,1,33,,51428,44,,,2,70,,51430,44,,,1,31,,51448,44,,,2,74,,51427,44,,,1,27,,51422,44,,,1,70,,51450,44,,,1,24,,51429,44,,,1,71,,51423,44,,,1,29,,51451,44,,,2,72,,51426,44,,,1,25,,51442,44,,,2,65,,51452,44,,,1,30,,51425,44,,,1,70,,51440,44,,,1,30,,51453,44,,,1,70,,51439,44,,,1,30,,51455,44,,,1,70,,51454,44,,,1
