6700,'Samedi-1',721,,21945,21,,,2,101,,21944,21,,,1,100,,21943,21,,,1,31,,21939,21,,,1,70,,21947,21,,,1,30,,21940,21,,,1,70,,21941,21,,,1,31,,21946,21,,,1,70,,21951,21,,,1,30,,21942,21,,,1,70,,21950,21,,,1,30,,21948,21,,,1,70,,21949,21,,,1,31,,21952,21,,,2,70,,21953,21,,,2,30,,21954,21,,,1,70,,21955,21,,,1,29,,21956,21,,,2,70,,21957,21,,,2,30,,21958,21,,,1,70,,21959,21,,,1,29,,21960,21,,,2,70,,21961,21,,,1,30,,21962,21,,,1,100,,21966,21,,,2,100,,21963,21,,,1,100,,21964,21,,,1,99,,21965,21,,,1
6700,'Samedi-10',721,,21973,21,,,2,101,,21972,21,,,1,100,,21971,21,,,1,31,,21967,21,,,1,70,,21975,21,,,1,30,,21968,21,,,1,70,,21969,21,,,1,31,,21974,21,,,1,70,,21979,21,,,1,30,,21970,21,,,1,70,,21978,21,,,1,30,,21976,21,,,1,70,,21977,21,,,1,31,,21980,21,,,2,70,,21981,21,,,2,30,,21982,21,,,1,70,,21983,21,,,1,29,,21984,21,,,2,70,,21985,21,,,2,30,,21986,21,,,1,70,,21987,21,,,1,29,,21988,21,,,2,70,,21989,21,,,1,30,,21990,21,,,1,100,,21994,21,,,2,100,,21991,21,,,1,100,,21992,21,,,1,99,,21993,21,,,1
6700,'Dimanche-1',721,,22001,21,,,2,101,,21995,21,,,1,100,,21998,21,,,1,31,,22000,21,,,1,70,,22006,21,,,1,30,,22003,21,,,1,70,,22009,21,,,1,31,,22011,21,,,1,70,,22005,21,,,1,30,,22007,21,,,1,70,,21996,21,,,1,30,,21997,21,,,1,70,,21999,21,,,1,31,,22002,21,,,2,70,,22008,21,,,2,30,,22004,21,,,1,70,,22010,21,,,1,29,,22019,21,,,2,70,,22018,21,,,2,30,,22014,21,,,1,70,,22012,21,,,1,29,,22022,21,,,2,70,,22013,21,,,1,30,,22020,21,,,1,100,,22017,21,,,2,100,,22016,21,,,1,100,,22015,21,,,1,99,,22021,21,,,1
6700,'Semaine-1',624,,17606,21,,,1,30,,17600,21,,,1,68,,17608,21,,,1,24,,17617,21,,,1,58,,17601,21,,,2,17,,17626,21,,,1,30,,17611,21,,,1,71,,17619,21,,,1,20,,17609,21,,,1,59,,17629,21,,,1,20,,17627,21,,,1,20,,17614,21,,,1,61,,17630,21,,,2,20,,17620,21,,,1,20,,17623,21,,,1,60,,17631,21,,,1,20,,17628,21,,,1,20,,17615,21,,,1,60,,17632,21,,,1,20,,17621,21,,,1,20,,17624,21,,,1,60,,17633,21,,,1,21,,17613,21,,,1,20,,17616,21,,,1,57,,17634,21,,,1,330,,17636,21,,,1,15,,17610,21,,,2,57,,17635,21,,,2,19,,17618,21,,,1,30,,17598,21,,,2,70,,17622,21,,,1,30,,17602,21,,,2,70,,17625,21,,,1,30,,17599,21,,,2,71,,17607,21,,,1,29,,17603,21,,,1,68,,17612,21,,,2,30,,17605,21,,,1,69,,17604,21,,,1
6700,'Semaine-2',624,,22031,21,,,1,30,,22025,21,,,1,68,,22033,21,,,1,24,,22042,21,,,1,58,,22026,21,,,2,17,,22051,21,,,1,30,,22036,21,,,1,71,,22044,21,,,1,20,,22034,21,,,1,59,,22054,21,,,1,20,,22052,21,,,1,20,,22039,21,,,1,61,,22055,21,,,2,20,,22045,21,,,1,20,,22048,21,,,1,60,,22056,21,,,1,20,,22053,21,,,1,20,,22040,21,,,1,60,,22057,21,,,1,20,,22046,21,,,1,20,,22049,21,,,1,60,,22058,21,,,1,21,,22038,21,,,1,20,,22041,21,,,1,57,,22059,21,,,1,330,,22061,21,,,1,15,,22035,21,,,2,57,,22060,21,,,2,19,,22043,21,,,1,30,,22023,21,,,2,70,,22047,21,,,1,30,,22027,21,,,2,70,,22050,21,,,1,30,,22024,21,,,2,71,,22032,21,,,1,29,,22028,21,,,1,68,,22037,21,,,2,30,,22030,21,,,1,69,,22029,21,,,1
8500,'Semaine-1',1524,,18164,15,,,2,18,,18159,15,,,1,17,,18156,15,,,1,56,,18165,15,,,2,15,,18155,15,,,1,16,,18158,15,,,1,54,,18163,15,,,1,17,,18161,15,,,2,18,,18160,15,,,2,20,,18157,15,,,2,58,,18162,15,,,1
8500,'Semaine-2',1524,,23198,15,,,2,18,,23193,15,,,1,17,,23190,15,,,1,56,,23199,15,,,2,15,,23189,15,,,1,16,,23192,15,,,1,54,,23197,15,,,1,17,,23195,15,,,2,18,,23194,15,,,2,20,,23191,15,,,2,58,,23196,15,,,1
8700,'Semaine-1',1517,,18185,19,,,2,17,,18184,19,,,2,20,,18177,19,,,2,55,,18179,19,,,1,16,,18176,19,,,1,15,,18186,19,,,2,15,,18182,19,,,1,54,,18183,19,,,1,18,,18178,19,,,1,19,,18181,19,,,1,59,,18180,19,,,1
8700,'Semaine-2',1517,,23219,19,,,2,17,,23218,19,,,2,20,,23211,19,,,2,55,,23213,19,,,1,16,,23210,19,,,1,15,,23220,19,,,2,15,,23216,19,,,1,54,,23217,19,,,1,18,,23212,19,,,1,19,,23215,19,,,1,59,,23214,19,,,1
57100,'Semaine-1',1534,,18651,19,0,5 6,1
57100,'Semaine-2',1534,,24324,19,0,5 6,1
