4500,'Semaine-1-_26ÉTÉ-1111100-',1525,,51863,36,,,1,75,,51858,36,,,2,32,,51859,36,,,2,70,,51861,36,,,1,29,,51862,36,,,1,25,,51860,36,,,2
4500,'Semaine-10-_26ÉTÉ-1111100-',1525,,51869,36,,,1,75,,51864,36,,,2,32,,51865,36,,,2,70,,51867,36,,,1,29,,51868,36,,,1,25,,51866,36,,,2
4500,'Semaine-11-_26ÉTÉ-1111100-',1525,,51875,36,,,1,75,,51870,36,,,2,32,,51871,36,,,2,70,,51873,36,,,1,29,,51874,36,,,1,25,,51872,36,,,2
4500,'Semaine-12-_26ÉTÉ-1111100-',1525,,51881,36,,,1,75,,51876,36,,,2,32,,51877,36,,,2,70,,51879,36,,,1,29,,51880,36,,,1,25,,51878,36,,,2
4500,'Semaine-5-_26ÉTÉ-1111100-',1525,,51887,36,,,1,75,,51882,36,,,2,32,,51883,36,,,2,70,,51885,36,,,1,29,,51886,36,,,1,25,,51884,36,,,2
5200,'Samedi-0-_26ÉTÉ-0000010-',640,,52451,22,,,1,100,,52452,22,,,2,100,,52453,22,,,1,101,,52454,22,,,2,100,,52455,22,,,1,101,,52456,22,,,1,101,,52457,22,,,2,100,,52458,22,,,2,99,,52459,22,,,1,100,,52460,22,,,2,100,,52461,22,,,1,100,,52462,22,,,1,99,,52463,22,,,1,100,,52466,22,,,1,100,,52464,22,,,1,100,,52465,22,,,2,98,,52467,22,,,2,100,,52468,22,,,1
5200,'Dimanche-0-_26ÉTÉ-0000001-',640,,52470,22,,,1,100,,52469,22,,,2,100,,52471,22,,,1,101,,52472,22,,,2,100,,52474,22,,,1,101,,52479,22,,,1,101,,52473,22,,,2,100,,52476,22,,,2,99,,52477,22,,,1,100,,52475,22,,,2,100,,52478,22,,,1,100,,52485,22,,,1,99,,52484,22,,,1,100,,52480,22,,,1,100,,52486,22,,,1,100,,52483,22,,,2,98,,52482,22,,,2,100,,52481,22,,,1
5200,'Dimanche-10-_26ÉTÉ-0000001-',640,,52488,22,,,1,100,,52487,22,,,2,100,,52489,22,,,1,101,,52490,22,,,2,100,,52492,22,,,1,101,,52497,22,,,1,101,,52491,22,,,2,100,,52494,22,,,2,99,,52495,22,,,1,100,,52493,22,,,2,100,,52496,22,,,1,100,,52503,22,,,1,99,,52502,22,,,1,100,,52498,22,,,1,100,,52504,22,,,1,100,,52501,22,,,2,98,,52500,22,,,2,100,,52499,22,,,1
5200,'Dimanche-11-_26ÉTÉ-0000001-',640,,52506,22,,,1,100,,52505,22,,,2,100,,52507,22,,,1,101,,52508,22,,,2,100,,52510,22,,,1,101,,52515,22,,,1,101,,52509,22,,,2,100,,52512,22,,,2,99,,52513,22,,,1,100,,52511,22,,,2,100,,52514,22,,,1,100,,52521,22,,,1,99,,52520,22,,,1,100,,52516,22,,,1,100,,52522,22,,,1,100,,52519,22,,,2,98,,52518,22,,,2,100,,52517,22,,,1
5200,'Semaine-1-_26ÉTÉ-1111100-',611,,52526,22,,,1,99,,52528,22,,,1,108,,52523,22,,,1,98,,52539,22,,,1,96,,52537,22,,,2,100,,52524,22,,,1,100,,52531,22,,,1,100,,52530,22,,,1,100,,52527,22,,,1,100,,52525,22,,,1,108,,52529,22,,,1,103,,52540,22,,,1,105,,52538,22,,,1,99,,52532,22,,,1,84,,52536,22,,,1,100,,52535,22,,,1,100,,52533,22,,,1,100,,52534,22,,,1
5200,'Semaine-10-_26ÉTÉ-1111100-',611,,52544,22,,,1,99,,52546,22,,,1,108,,52541,22,,,1,98,,52557,22,,,1,96,,52555,22,,,2,100,,52542,22,,,1,100,,52549,22,,,1,100,,52548,22,,,1,100,,52545,22,,,1,100,,52543,22,,,1,108,,52547,22,,,1,103,,52558,22,,,1,105,,52556,22,,,1,99,,52550,22,,,1,84,,52554,22,,,1,100,,52553,22,,,1,100,,52551,22,,,1,100,,52552,22,,,1
5200,'Semaine-11-_26ÉTÉ-1111100-',611,,52562,22,,,1,99,,52564,22,,,1,108,,52559,22,,,1,98,,52575,22,,,1,96,,52573,22,,,2,100,,52560,22,,,1,100,,52567,22,,,1,100,,52566,22,,,1,100,,52563,22,,,1,100,,52561,22,,,1,108,,52565,22,,,1,103,,52576,22,,,1,105,,52574,22,,,1,99,,52568,22,,,1,84,,52572,22,,,1,100,,52571,22,,,1,100,,52569,22,,,1,100,,52570,22,,,1
5200,'Semaine-12-_26ÉTÉ-1111100-',611,,52580,22,,,1,99,,52582,22,,,1,108,,52577,22,,,1,98,,52593,22,,,1,96,,52591,22,,,2,100,,52578,22,,,1,100,,52585,22,,,1,100,,52584,22,,,1,100,,52581,22,,,1,100,,52579,22,,,1,108,,52583,22,,,1,103,,52594,22,,,1,105,,52592,22,,,1,99,,52586,22,,,1,84,,52590,22,,,1,100,,52589,22,,,1,100,,52587,22,,,1,100,,52588,22,,,1
5200,'Semaine-5-_26ÉTÉ-1111100-',611,,52598,22,,,1,99,,52600,22,,,1,108,,52595,22,,,1,98,,52611,22,,,1,96,,52609,22,,,2,100,,52596,22,,,1,100,,52603,22,,,1,100,,52602,22,,,1,100,,52599,22,,,1,100,,52597,22,,,1,108,,52601,22,,,1,103,,52612,22,,,1,105,,52610,22,,,1,99,,52604,22,,,1,84,,52608,22,,,1,100,,52607,22,,,1,100,,52605,22,,,1,100,,52606,22,,,1
