6601,'Samedi-3',653,,32817,21,,,1,100,,32819,21,,,1,100,,32823,21,,,1,100,,32820,21,,,2,100,,32824,21,,,1,100,,32818,21,,,1,100,,32821,21,,,1,100,,32822,21,,,1,100,,32825,21,,,2,100,,32826,21,,,1,100,,32827,21,,,1,100,,32828,21,,,1,100,,32829,21,,,1,100,,32831,21,,,1,100,,32830,21,,,1,100,,32832,21,,,1,100,,32833,21,,,1,100,,32834,21,,,2
6601,'Samedi-4',653,,36930,21,,,1,100,,36932,21,,,1,100,,36936,21,,,1,100,,36933,21,,,2,100,,36937,21,,,1,100,,36931,21,,,1,100,,36934,21,,,1,100,,36935,21,,,1,100,,36938,21,,,2,100,,36939,21,,,1,100,,36940,21,,,1,100,,36941,21,,,1,100,,36942,21,,,1,100,,36944,21,,,1,100,,36943,21,,,1,100,,36945,21,,,1,100,,36946,21,,,1,100,,36947,21,,,2
6601,'Dimanche-3',653,,32836,21,,,1,100,,32840,21,,,1,100,,32841,21,,,1,100,,32842,21,,,2,100,,32844,21,,,1,100,,32835,21,,,1,100,,32843,21,,,1,100,,32837,21,,,1,100,,32838,21,,,2,100,,32839,21,,,1,100,,32848,21,,,1,100,,32850,21,,,1,100,,32846,21,,,1,100,,32847,21,,,1,100,,32845,21,,,1,100,,32849,21,,,1,100,,32851,21,,,1,100,,32852,21,,,2
6601,'Semaine-4',544,,32862,21,,,1,60,,32855,21,,,1,20,,32864,21,,,2,18,,32870,21,,,1,60,,32865,21,,,1,20,,32856,21,,,1,22,,32868,21,,,1,60,,32861,21,,,1,18,,32877,21,,,2,20,,32854,21,,,1,60,,32867,21,,,1,18,,32878,21,,,1,19,,32886,21,,,1,103,,32866,21,,,1,99,,32858,21,,,1,101,,32882,21,,,1,98,,32883,21,,,1,101,,32869,21,,,1,65,,32857,21,,,1,19,,32874,21,,,1,18,,32871,21,,,1,63,,32884,21,,,1,18,,32853,21,,,1,20,,32879,21,,,1,62,,32872,21,,,1,18,,32885,21,,,2,20,,32875,21,,,1,62,,32880,21,,,1,17,,32873,21,,,2,22,,32881,21,,,1,59,,32887,21,,,1,52,,32860,21,,,1,100,,32859,21,,,1,98,,32863,21,,,1,100,,32876,21,,,1
6601,'Samedi-10-_26ÉTÉ-0000010-',653,,43162,21,,,1,100,,43164,21,,,1,100,,43168,21,,,1,100,,43165,21,,,2,100,,43169,21,,,1,100,,43163,21,,,1,100,,43166,21,,,1,100,,43167,21,,,1,100,,43170,21,,,2,100,,43171,21,,,1,100,,43172,21,,,1,100,,43173,21,,,1,100,,43174,21,,,1,100,,43176,21,,,1,100,,43175,21,,,1,100,,43177,21,,,1,100,,43178,21,,,1,100,,43179,21,,,2
6601,'Semaine-2-_26ÉTÉ-1111100-',544,,43189,21,,,2,60,,43182,21,,,2,20,,43191,21,,,2,16,,43197,21,,,1,60,,43192,21,,,2,20,,43183,21,,,2,20,,43195,21,,,2,60,,43188,21,,,2,20,,43204,21,,,1,20,,43181,21,,,2,60,,43194,21,,,2,20,,43205,21,,,2,20,,43213,21,,,2,102,,43193,21,,,1,100,,43185,21,,,2,100,,43209,21,,,1,100,,43210,21,,,2,101,,43196,21,,,2,63,,43184,21,,,2,19,,43201,21,,,2,17,,43198,21,,,1,61,,43211,21,,,2,20,,43180,21,,,1,20,,43206,21,,,2,60,,43199,21,,,2,21,,43212,21,,,2,19,,43202,21,,,1,60,,43207,21,,,2,20,,43200,21,,,1,20,,43208,21,,,2,58,,43214,21,,,1,100,,43187,21,,,1,100,,43186,21,,,1,55,,43190,21,,,1,100,,43203,21,,,1
6601,'Semaine-3-_26ÉTÉ-1111100-',544,,43224,21,,,2,60,,43217,21,,,2,20,,43226,21,,,2,16,,43232,21,,,1,60,,43227,21,,,2,20,,43218,21,,,2,20,,43230,21,,,2,60,,43223,21,,,2,20,,43239,21,,,1,20,,43216,21,,,2,60,,43229,21,,,2,20,,43240,21,,,2,20,,43248,21,,,2,102,,43228,21,,,1,100,,43220,21,,,2,100,,43244,21,,,1,100,,43245,21,,,2,101,,43231,21,,,2,63,,43219,21,,,2,19,,43236,21,,,2,17,,43233,21,,,1,61,,43246,21,,,2,20,,43215,21,,,1,20,,43241,21,,,2,60,,43234,21,,,2,21,,43247,21,,,2,19,,43237,21,,,1,60,,43242,21,,,2,20,,43235,21,,,1,20,,43243,21,,,2,58,,43249,21,,,1,100,,43222,21,,,1,100,,43221,21,,,1,55,,43225,21,,,1,100,,43238,21,,,1
6601,'Semaine-4-_26ÉTÉ-1111100-',544,,43259,21,,,2,60,,43252,21,,,2,20,,43261,21,,,2,16,,43267,21,,,1,60,,43262,21,,,2,20,,43253,21,,,2,20,,43265,21,,,2,60,,43258,21,,,2,20,,43274,21,,,1,20,,43251,21,,,2,60,,43264,21,,,2,20,,43275,21,,,2,20,,43283,21,,,2,102,,43263,21,,,1,100,,43255,21,,,2,100,,43279,21,,,1,100,,43280,21,,,2,101,,43266,21,,,2,63,,43254,21,,,2,19,,43271,21,,,2,17,,43268,21,,,1,61,,43281,21,,,2,20,,43250,21,,,1,20,,43276,21,,,2,60,,43269,21,,,2,21,,43282,21,,,2,19,,43272,21,,,1,60,,43277,21,,,2,20,,43270,21,,,1,20,,43278,21,,,2,58,,43284,21,,,1,100,,43257,21,,,1,100,,43256,21,,,1,55,,43260,21,,,1,100,,43273,21,,,1
56601,'Semaine-4',654,,34826,10,0,5 6,1
56601,'Semaine-2-_26ÉTÉ-1111100-',654,,46767,10,0,5 6,1
56601,'Semaine-3-_26ÉTÉ-1111100-',654,,46768,10,0,5 6,1
56601,'Semaine-4-_26ÉTÉ-1111100-',654,,46769,10,0,5 6,1
