3600,'Semaine-3',906,,25457,14,,,1,100,,25458,14,,,1,101,,25456,14,,,1,100,,25459,14,,,1,99,,25461,14,,,1,101,,25462,14,,,1,98,,25460,14,,,1
3700,'Samedi-11',729,,25470,14,,,1,100,,25471,14,,,1,101,,25473,14,,,1,100,,25474,14,,,1,100,,25472,14,,,1,100,,25475,14,,,1,100,,25476,14,,,1,101,,25477,14,,,1,99,,25478,14,,,1,100,,25479,14,,,1,100,,25480,14,,,1,99,,25481,14,,,1,100,,25482,14,,,1,100,,25483,14,,,1,100,,25484,14,,,1,100,,25485,14,,,1,100,,25486,14,,,1,100,,25487,14,,,1
3700,'Samedi-2',729,,25488,14,,,1,100,,25489,14,,,1,101,,25491,14,,,1,100,,25492,14,,,1,100,,25490,14,,,1,100,,25493,14,,,1,100,,25494,14,,,1,101,,25495,14,,,1,99,,25496,14,,,1,100,,25497,14,,,1,100,,25498,14,,,1,99,,25499,14,,,1,100,,25500,14,,,1,100,,25501,14,,,1,100,,25502,14,,,1,100,,25503,14,,,1,100,,25504,14,,,1,100,,25505,14,,,1
3700,'Dimanche-2',729,,25506,14,,,1,100,,25509,14,,,1,101,,25513,14,,,1,100,,25510,14,,,1,100,,25508,14,,,1,100,,25512,14,,,1,100,,25507,14,,,1,101,,25511,14,,,1,99,,25518,14,,,1,100,,25514,14,,,1,100,,25517,14,,,1,99,,25521,14,,,1,100,,25515,14,,,1,100,,25516,14,,,1,100,,25520,14,,,1,100,,25522,14,,,1,100,,25519,14,,,1,100,,25523,14,,,1
3700,'Semaine-3',647,,25545,14,,,1,80,,25551,14,,,1,31,,25542,14,,,1,72,,25526,14,,,1,28,,25540,14,,,1,90,,25532,14,,,1,100,,25528,14,,,1,100,,25529,14,,,1,98,,25530,14,,,1,102,,25531,14,,,1,100,,25537,14,,,1,89,,25538,14,,,1,15,,25539,14,,,1,55,,25525,14,,,1,15,,25547,14,,,1,25,,25534,14,,,1,70,,25543,14,,,1,23,,25533,14,,,1,68,,25527,14,,,1,29,,25524,14,,,1,68,,25535,14,,,1,30,,25550,14,,,1,70,,25541,14,,,1,35,,25552,14,,,1,99,,25548,14,,,1,100,,25536,14,,,1,100,,25546,14,,,1,100,,25549,14,,,1,13,,25544,14,,,1
37100,'Samedi-11',759,,29284,14,,,1,141,,29288,14,,,1,59,,29283,14,,,1,141,,29289,14,,,1,100,,29285,14,,,1,100,,29286,14,,,1,100,,29287,14,,,1,100,,29290,14,,,1,100,,29291,14,,,1,100,,29292,14,,,1,100,,29293,14,,,1,100,,29294,14,,,1,100,,29295,14,,,1,59,,29296,14,,,1,100,,29297,14,,,1,100,,29298,14,,,1,100,,29299,14,,,1
37100,'Samedi-2',759,,29301,14,,,1,141,,29305,14,,,1,59,,29300,14,,,1,141,,29306,14,,,1,100,,29302,14,,,1,100,,29303,14,,,1,100,,29304,14,,,1,100,,29307,14,,,1,100,,29308,14,,,1,100,,29309,14,,,1,100,,29310,14,,,1,100,,29311,14,,,1,100,,29312,14,,,1,59,,29313,14,,,1,100,,29314,14,,,1,100,,29315,14,,,1,100,,29316,14,,,1
37100,'Dimanche-2',759,,29317,14,,,1,141,,29323,14,,,1,59,,29324,14,,,1,141,,29325,14,,,1,100,,29318,14,,,1,100,,29320,14,,,1,100,,29319,14,,,1,100,,29321,14,,,1,100,,29322,14,,,1,100,,29327,14,,,1,100,,29332,14,,,1,100,,29326,14,,,1,100,,29328,14,,,1,59,,29333,14,,,1,100,,29331,14,,,1,100,,29329,14,,,1,100,,29330,14,,,1
37100,'Semaine-3',704,,29347,14,,,1,35,,29344,14,,,1,71,,29340,14,,,1,28,,29335,14,,,1,90,,29354,14,,,1,98,,29339,14,,,1,101,,29341,14,,,1,100,,29353,14,,,1,100,,29348,14,,,1,103,,29337,14,,,1,91,,29349,14,,,1,18,,29358,14,,,1,17,,29338,14,,,1,55,,29359,14,,,1,26,,29334,14,,,1,20,,29343,14,,,1,68,,29350,14,,,1,25,,29356,14,,,1,68,,29355,14,,,1,30,,29345,14,,,1,69,,29357,14,,,1,30,,29360,14,,,1,70,,29346,14,,,1,95,,29342,14,,,1,100,,29352,14,,,1,100,,29351,14,,,1,98,,29336,14,,,1
43700,'Semaine-3',725,,30078,10,0,9 14,1,2,,30079,6,0,9 14,1
82901,'Semaine-3',806,,30323,22,0,9 12 13,1,1,,30324,22,0,9 12 13,1,1,,30325,22,0,9 12 13,2
