9301,'Semaine-4',552,,33961,11,,,1,60,,33959,11,,,1,21,,33958,11,,,1,71,,33962,11,,,2,30,,33960,11,,,1
9301,'Semaine-5',552,,37825,11,,,1,60,,37823,11,,,1,21,,37822,11,,,1,71,,37826,11,,,2,30,,37824,11,,,1
9401,'Semaine-4',534,,33963,11,,,1
9401,'Semaine-5',534,,37827,11,,,1
9701,'Samedi-3',757,,34038,57,,,2,100,,34041,57,,,2,101,,34039,57,,,2,100,,34042,57,,,2,99,,34036,57,,,1,100,,34037,57,,,1,101,,34040,57,,,2,100,,34043,57,,,2,100,,34044,57,,,1,100,,34045,57,,,2,100,,34046,57,,,2,100,,34047,57,,,1,100,,34051,57,,,1,100,,34048,57,,,1,99,,34049,57,,,1,100,,34050,57,,,1
9701,'Samedi-4',757,,37885,57,,,2,100,,37888,57,,,2,101,,37886,57,,,2,100,,37889,57,,,2,99,,37883,57,,,1,100,,37884,57,,,1,101,,37887,57,,,2,100,,37890,57,,,2,100,,37891,57,,,1,100,,37892,57,,,2,100,,37893,57,,,2,100,,37894,57,,,1,100,,37898,57,,,1,100,,37895,57,,,1,99,,37896,57,,,1,100,,37897,57,,,1
9701,'Dimanche-3',757,,34058,57,,,2,100,,34055,57,,,2,101,,34056,57,,,2,100,,34059,57,,,2,99,,34054,57,,,1,100,,34053,57,,,1,101,,34052,57,,,2,100,,34057,57,,,2,100,,34061,57,,,1,100,,34060,57,,,2,100,,34065,57,,,2,100,,34066,57,,,1,100,,34067,57,,,1,100,,34062,57,,,1,99,,34063,57,,,1,100,,34064,57,,,1
9701,'Semaine-4',639,,34082,57,,,1,99,,34075,57,,,2,111,,34084,57,,,1,103,,34073,57,,,2,99,,34070,57,,,2,100,,34083,57,,,1,100,,34078,57,,,2,99,,34074,57,,,1,101,,34080,57,,,1,104,,34068,57,,,2,96,,34071,57,,,2,99,,34079,57,,,1,97,,34081,57,,,1,95,,34072,57,,,1,97,,34076,57,,,2,100,,34069,57,,,1,100,,34077,57,,,1
9701,'Semaine-5',639,,37913,57,,,1,99,,37906,57,,,2,111,,37915,57,,,1,103,,37904,57,,,2,99,,37901,57,,,2,100,,37914,57,,,1,100,,37909,57,,,2,99,,37905,57,,,1,101,,37911,57,,,1,104,,37899,57,,,2,96,,37902,57,,,2,99,,37910,57,,,1,97,,37912,57,,,1,95,,37903,57,,,1,97,,37907,57,,,2,100,,37900,57,,,1,100,,37908,57,,,1
29701,'Semaine-4',1525,,34182,33,0,19,2
29701,'Semaine-5',1525,,38013,33,0,19,2
