1801,'Semaine-1-_26ÉTÉ-1111100-',647,,47100,23,,,1,87,,47102,23,,,1,85,,47101,23,,,2
1801,'Semaine-10-_26ÉTÉ-1111100-',647,,47103,23,,,1,87,,47105,23,,,1,85,,47104,23,,,2
1801,'Semaine-11-_26ÉTÉ-1111100-',647,,47106,23,,,1,87,,47108,23,,,1,85,,47107,23,,,2
1801,'Semaine-12-_26ÉTÉ-1111100-',647,,47109,23,,,1,87,,47111,23,,,1,85,,47110,23,,,2
2801,'Semaine-1-_26ÉTÉ-1111100-',718,,47371,43,,,1,31,,47372,43,,,1,99,,47370,43,,,2
2801,'Semaine-10-_26ÉTÉ-1111100-',718,,47374,43,,,1,31,,47375,43,,,1,99,,47373,43,,,2
2801,'Semaine-11-_26ÉTÉ-1111100-',718,,47377,43,,,1,31,,47378,43,,,1,99,,47376,43,,,2
2801,'Semaine-12-_26ÉTÉ-1111100-',718,,47380,43,,,1,31,,47381,43,,,1,99,,47379,43,,,2
5801,'Semaine-1-_26ÉTÉ-1111100-',614,,53673,31,,,1,32,,53677,31,,,2,72,,53675,31,,,1,32,,53674,31,,,1,70,,53671,31,,,1,30,,53676,31,,,1,803,,53672,32,,,1
5801,'Semaine-10-_26ÉTÉ-1111100-',614,,53680,31,,,1,32,,53684,31,,,2,72,,53682,31,,,1,32,,53681,31,,,1,70,,53678,31,,,1,30,,53683,31,,,1,803,,53679,32,,,1
5801,'Semaine-11-_26ÉTÉ-1111100-',614,,53687,31,,,1,32,,53691,31,,,2,72,,53689,31,,,1,32,,53688,31,,,1,70,,53685,31,,,1,30,,53690,31,,,1,803,,53686,32,,,1
5801,'Semaine-12-_26ÉTÉ-1111100-',614,,53694,31,,,1,32,,53698,31,,,2,72,,53696,31,,,1,32,,53695,31,,,1,70,,53692,31,,,1,30,,53697,31,,,1,803,,53693,32,,,1
