9500,'Semaine-4',1527,,33970,29,,,1,17,,33973,29,,,1,15,,33969,29,,,1,58,,33964,29,,,2,15,,33968,29,,,1,17,,33965,29,,,1,54,,33966,29,,,1,15,,33971,29,,,1,24,,33972,29,,,2,64,,33967,29,,,1
9500,'Semaine-2-_26ÉTÉ-1111100-',1527,,45358,29,,,1,16,,45361,29,,,2,15,,45357,29,,,1,59,,45352,29,,,1,15,,45356,29,,,2,16,,45353,29,,,1,55,,45354,29,,,2,15,,45359,29,,,1,24,,45360,29,,,1,65,,45355,29,,,1
9500,'Semaine-3-_26ÉTÉ-1111100-',1527,,45368,29,,,1,16,,45371,29,,,2,15,,45367,29,,,1,59,,45362,29,,,1,15,,45366,29,,,2,16,,45363,29,,,1,55,,45364,29,,,2,15,,45369,29,,,1,24,,45370,29,,,1,65,,45365,29,,,1
9500,'Semaine-4-_26ÉTÉ-1111100-',1527,,45378,29,,,1,16,,45381,29,,,2,15,,45377,29,,,1,59,,45372,29,,,1,15,,45376,29,,,2,16,,45373,29,,,1,55,,45374,29,,,2,15,,45379,29,,,1,24,,45380,29,,,1,65,,45375,29,,,1
9700,'Samedi-3',845,,33984,41,,,2,100,,33987,41,,,2,100,,33982,41,,,1,100,,33983,41,,,1,100,,33986,41,,,2,100,,33985,41,,,2,100,,33988,41,,,1,101,,33989,41,,,2,100,,33990,41,,,2,101,,33991,41,,,1,100,,33996,41,,,1,100,,33992,41,,,1,100,,33993,41,,,1,100,,33994,41,,,1,99,,33995,41,,,2,99,,33997,41,,,1,100,,33998,41,,,1
9700,'Dimanche-3',845,,34002,41,,,2,100,,34004,41,,,2,100,,34001,41,,,1,100,,34000,41,,,1,100,,33999,41,,,2,100,,34003,41,,,2,100,,34006,41,,,1,101,,34005,41,,,2,100,,34011,41,,,2,101,,34013,41,,,1,100,,34015,41,,,1,100,,34007,41,,,1,100,,34008,41,,,1,100,,34009,41,,,1,99,,34010,41,,,2,99,,34014,41,,,1,100,,34012,41,,,1
9700,'Semaine-4',718,,34034,41,,,1,27,,34035,41,,,1,94,,34024,41,,,2,99,,34020,41,,,2,98,,34033,41,,,1,102,,34028,41,,,2,99,,34025,41,,,1,100,,34030,41,,,1,101,,34016,41,,,2,95,,34021,41,,,2,102,,34029,41,,,1,98,,34031,45,,,1,103,,34022,45,,,1,72,,34017,45,,,1,20,,34026,41,,,2,102,,34018,41,,,1,99,,34027,41,,,1,100,,34023,41,,,1,100,,34019,41,,,1,111,,34032,41,,,1
9700,'Samedi-10-_26ÉTÉ-0000010-',845,,45408,41,,,2,100,,45411,41,,,2,100,,45406,41,,,1,100,,45407,41,,,1,100,,45410,41,,,2,100,,45409,41,,,2,100,,45412,41,,,1,101,,45413,41,,,2,100,,45414,41,,,2,101,,45415,41,,,1,100,,45420,41,,,1,100,,45416,41,,,1,100,,45417,41,,,1,100,,45418,41,,,1,99,,45419,41,,,2,99,,45421,41,,,1,100,,45422,41,,,1
9700,'Semaine-2-_26ÉTÉ-1111100-',718,,45441,41,,,1,27,,45442,41,,,1,94,,45431,41,,,2,101,,45427,41,,,1,96,,45440,41,,,2,100,,45435,41,,,2,101,,45432,41,,,1,100,,45437,41,,,2,101,,45423,41,,,1,94,,45428,41,,,1,105,,45436,41,,,1,96,,45438,45,,,2,103,,45429,45,,,2,72,,45424,45,,,2,20,,45433,41,,,1,102,,45425,41,,,2,99,,45434,41,,,1,100,,45430,41,,,1,101,,45426,41,,,2,110,,45439,41,,,1
9700,'Semaine-3-_26ÉTÉ-1111100-',718,,45461,41,,,1,27,,45462,41,,,1,94,,45451,41,,,2,101,,45447,41,,,1,96,,45460,41,,,2,100,,45455,41,,,2,101,,45452,41,,,1,100,,45457,41,,,2,101,,45443,41,,,1,94,,45448,41,,,1,105,,45456,41,,,1,96,,45458,45,,,2,103,,45449,45,,,2,72,,45444,45,,,2,20,,45453,41,,,1,102,,45445,41,,,2,99,,45454,41,,,1,100,,45450,41,,,1,101,,45446,41,,,2,110,,45459,41,,,1
9700,'Semaine-4-_26ÉTÉ-1111100-',718,,45481,41,,,1,27,,45482,41,,,1,94,,45471,41,,,2,101,,45467,41,,,1,96,,45480,41,,,2,100,,45475,41,,,2,101,,45472,41,,,1,100,,45477,41,,,2,101,,45463,41,,,1,94,,45468,41,,,1,105,,45476,41,,,1,96,,45478,45,,,2,103,,45469,45,,,2,72,,45464,45,,,2,20,,45473,41,,,1,102,,45465,41,,,2,99,,45474,41,,,1,100,,45470,41,,,1,101,,45466,41,,,2,110,,45479,41,,,1
29700,'Semaine-4',747,,34179,37,0,19,2,2,,34180,37,0,19,2
29700,'Semaine-2-_26ÉTÉ-1111100-',749,,45832,37,0,19,2
29700,'Semaine-3-_26ÉTÉ-1111100-',749,,45833,37,0,19,2
29700,'Semaine-4-_26ÉTÉ-1111100-',749,,45834,37,0,19,2
