6401,'Semaine-4',1518,,32612,1,4,,2
6401,'Semaine-5',1518,,36776,1,4,,2
54901,'Semaine-4',1518,,34815,1,4,,1
54901,'Semaine-5',1518,,38466,1,4,,1
55001,'Semaine-4',1518,,34820,1,4,,1
55001,'Semaine-5',1518,,38471,1,4,,1
55401,'Semaine-4',1518,,34824,1,0,5 6,2
55401,'Semaine-5',1518,,38475,1,0,5 6,2
56600,'Semaine-4',1518,,34825,1,4,,1
56600,'Semaine-5',1518,,38476,1,4,,1
56900,'Semaine-4',1518,,34827,1,4,,2
56900,'Semaine-5',1518,,38478,1,4,,2
57100,'Semaine-4',1518,,34829,1,4,,1
57100,'Semaine-5',1518,,38480,1,4,,1
57600,'Semaine-4',1518,,34831,1,4,,1
57600,'Semaine-5',1518,,38482,1,4,,1
