4100,'Semaine-4',1550,,31626,36,,,1,71,,31628,36,,,1,33,,31627,36,,,1,66,,31625,36,,,1,29,,31629,36,,,1
4901,'Samedi-3',749,,31736,44,,,1,100,,31735,44,,,1,100,,31737,44,,,1,102,,31733,44,,,1,100,,31738,44,,,1,102,,31734,44,,,1,98,,31739,44,,,1,103,,31740,44,,,1,99,,31741,44,,,1,100,,31742,44,,,1,100,,31743,44,,,1,95,,31744,44,,,1,102,,31745,44,,,1,100,,31746,44,,,1,100,,31747,44,,,1,98,,31748,44,,,1,99,,31749,44,,,1
4901,'Samedi-4',749,,36127,44,,,1,100,,36126,44,,,1,100,,36128,44,,,1,102,,36124,44,,,1,100,,36129,44,,,1,102,,36125,44,,,1,98,,36130,44,,,1,103,,36131,44,,,1,99,,36132,44,,,1,100,,36133,44,,,1,100,,36134,44,,,1,95,,36135,44,,,1,102,,36136,44,,,1,100,,36137,44,,,1,100,,36138,44,,,1,98,,36139,44,,,1,99,,36140,44,,,1
4901,'Dimanche-3',749,,31754,44,,,1,100,,31750,44,,,1,100,,31753,44,,,1,102,,31755,44,,,1,100,,31752,44,,,1,102,,31751,44,,,1,98,,31757,44,,,1,103,,31758,44,,,1,99,,31756,44,,,1,100,,31762,44,,,1,100,,31766,44,,,1,95,,31759,44,,,1,102,,31760,44,,,1,100,,31761,44,,,1,99,,31763,44,,,1,99,,31764,44,,,1,99,,31765,44,,,1
4901,'Semaine-4',633,,31773,44,,,1,89,,31778,44,,,1,31,,31794,44,,,1,75,,31790,44,,,1,28,,31788,44,,,1,67,,31798,44,,,1,27,,31780,44,,,1,69,,31796,44,,,1,29,,31792,44,,,1,72,,31767,44,,,1,30,,31789,44,,,1,70,,31768,44,,,1,32,,31774,44,,,1,68,,31776,44,,,1,30,,31781,44,,,1,68,,31797,44,,,1,33,,31779,44,,,1,71,,31799,44,,,1,25,,31795,44,,,1,12,,31782,44,,,1,56,,31769,44,,,1,14,,31785,44,,,1,30,,31775,44,,,1,66,,31777,44,,,1,29,,31793,44,,,1,66,,31787,44,,,1,31,,31791,44,,,1,93,,31770,44,,,1,80,,31786,44,,,1,100,,31784,44,,,1,96,,31771,44,,,1,103,,31783,44,,,1,93,,31772,44,,,1
5201,'Samedi-3',649,,31863,29,,,2,100,,31864,29,,,1,99,,31865,29,,,2,100,,31866,29,,,1,101,,31868,29,,,1,100,,31867,29,,,1,100,,31869,29,,,1,100,,31870,29,,,1,101,,31871,29,,,1,99,,31872,29,,,1,100,,31873,29,,,1,100,,31874,29,,,1,99,,31877,29,,,1,100,,31875,29,,,1,99,,31879,29,,,2,100,,31876,29,,,1,100,,31878,29,,,1,100,,31880,29,,,1
5201,'Samedi-4',649,,36219,29,,,2,100,,36220,29,,,1,99,,36221,29,,,2,100,,36222,29,,,1,101,,36224,29,,,1,100,,36223,29,,,1,100,,36225,29,,,1,100,,36226,29,,,1,101,,36227,29,,,1,99,,36228,29,,,1,100,,36229,29,,,1,100,,36230,29,,,1,99,,36233,29,,,1,100,,36231,29,,,1,99,,36235,29,,,2,100,,36232,29,,,1,100,,36234,29,,,1,100,,36236,29,,,1
5201,'Dimanche-3',649,,31881,29,,,2,100,,31882,29,,,1,99,,31883,29,,,2,100,,31884,29,,,1,101,,31889,29,,,1,100,,31885,29,,,1,100,,31886,29,,,1,100,,31890,29,,,1,101,,31887,29,,,1,99,,31888,29,,,1,100,,31891,29,,,1,100,,31894,29,,,1,99,,31892,29,,,1,100,,31898,29,,,1,99,,31893,29,,,2,100,,31895,29,,,1,100,,31896,29,,,1,100,,31897,29,,,1
5201,'Semaine-4',620,,31914,29,,,1,100,,31916,29,,,1,101,,31915,29,,,2,99,,31899,29,,,1,100,,31905,29,,,2,100,,31902,29,,,1,102,,31909,29,,,2,98,,31900,29,,,1,100,,31904,29,,,1,100,,31903,29,,,1,102,,31913,29,,,1,100,,31912,29,,,1,98,,31906,29,,,1,98,,31907,29,,,1,100,,31911,29,,,2,100,,31908,29,,,1,100,,31910,29,,,1,100,,31901,29,,,1
5500,'Samedi-3',719,,31926,37,,,1,30,,31923,37,,,1,70,,31924,37,,,1,30,,31927,37,,,1,70,,31925,37,,,1,29,,31932,37,,,1,71,,31929,37,,,1,30,,31930,37,,,1,73,,31935,37,,,1,28,,31934,37,,,1,68,,31928,37,,,1,30,,31931,37,,,1,70,,31933,37,,,1,34,,31936,37,,,1,70,,31937,37,,,1,30,,31938,37,,,1,70,,31939,37,,,1,29,,31940,37,,,1,70,,31941,37,,,1,30,,31942,37,,,1,70,,31943,37,,,1,30,,31944,37,,,1,72,,31945,37,,,1,28,,31946,37,,,1,69,,31948,37,,,1,33,,31947,37,,,1,67,,31949,37,,,1,30,,31951,37,,,1,71,,31950,37,,,1,31,,31952,37,,,1,66,,31953,37,,,1,30,,31956,37,,,1,70,,31958,37,,,1,30,,31955,37,,,1,71,,31954,37,,,1,26,,31957,37,,,1
5500,'Samedi-4',719,,36264,37,,,1,30,,36261,37,,,1,70,,36262,37,,,1,30,,36265,37,,,1,70,,36263,37,,,1,29,,36270,37,,,1,71,,36267,37,,,1,30,,36268,37,,,1,73,,36273,37,,,1,28,,36272,37,,,1,68,,36266,37,,,1,30,,36269,37,,,1,70,,36271,37,,,1,34,,36274,37,,,1,70,,36275,37,,,1,30,,36276,37,,,1,70,,36277,37,,,1,29,,36278,37,,,1,70,,36279,37,,,1,30,,36280,37,,,1,70,,36281,37,,,1,30,,36282,37,,,1,72,,36283,37,,,1,28,,36284,37,,,1,69,,36286,37,,,1,33,,36285,37,,,1,67,,36287,37,,,1,30,,36289,37,,,1,71,,36288,37,,,1,31,,36290,37,,,1,66,,36291,37,,,1,30,,36294,37,,,1,70,,36296,37,,,1,30,,36293,37,,,1,71,,36292,37,,,1,26,,36295,37,,,1
5500,'Dimanche-3',719,,31961,37,,,1,30,,31966,37,,,1,70,,31970,37,,,1,30,,31964,37,,,1,70,,31962,37,,,1,29,,31967,37,,,1,71,,31969,37,,,1,30,,31963,37,,,1,73,,31959,37,,,1,28,,31960,37,,,1,68,,31972,37,,,1,30,,31976,37,,,1,70,,31974,37,,,1,34,,31971,37,,,1,70,,31965,37,,,1,30,,31979,37,,,1,70,,31980,37,,,1,29,,31981,37,,,1,70,,31975,37,,,1,30,,31988,37,,,1,70,,31985,37,,,1,30,,31973,37,,,1,72,,31993,37,,,1,28,,31987,37,,,1,69,,31968,37,,,1,33,,31991,37,,,1,67,,31984,37,,,1,30,,31977,37,,,1,71,,31982,37,,,1,31,,31978,37,,,1,66,,31989,37,,,1,30,,31986,37,,,1,70,,31983,37,,,1,30,,31992,37,,,1,71,,31990,37,,,1,27,,31994,37,,,1
5500,'Semaine-4',615,,31997,37,,,1,106,,32013,37,,,1,104,,31996,37,,,1,96,,32032,37,,,1,28,,32033,37,,,1,70,,32002,37,,,1,29,,32012,37,,,1,70,,32016,37,,,1,33,,32038,37,,,1,70,,31998,37,,,1,30,,32037,37,,,1,69,,32015,37,,,1,30,,32030,37,,,1,69,,32024,37,,,1,26,,32031,37,,,1,56,,32017,37,,,1,17,,31995,37,,,1,14,,32036,37,,,1,17,,32006,37,,,1,55,,32039,37,,,1,13,,32027,37,,,1,10,,31999,37,,,1,13,,32010,37,,,1,14,,32042,37,,,1,53,,32035,37,,,1,11,,32001,37,,,1,12,,32018,37,,,1,9,,32011,37,,,1,11,,32040,37,,,1,51,,32025,37,,,1,8,,32005,37,,,1,12,,32000,37,,,1,10,,32041,37,,,1,12,,32009,37,,,1,10,,32004,37,,,1,50,,32014,37,,,1,30,,32029,37,,,1,69,,32034,37,,,1,30,,32021,37,,,1,70,,32007,37,,,1,30,,32028,37,,,1,68,,32019,37,,,1,28,,32022,37,,,1,29,,32008,37,,,1,70,,32023,37,,,1,30,,32020,37,,,1,69,,32003,37,,,1,29,,32026,37,,,1
5800,'Semaine-4',836,,32175,24,,,2,398,,32176,24,,,1,301,,32178,24,,,2,71,,32173,24,,,2,30,,32174,24,,,1,70,,32177,24,,,1,28,,32172,24,,,1,70,,32171,24,,,1
5900,'Samedi-3',734,,32190,37,,,1,70,,32193,37,,,1,30,,32186,37,,,1,70,,32192,37,,,1,30,,32189,37,,,1,70,,32194,37,,,1,30,,32198,37,,,1,70,,32199,37,,,1,30,,32188,37,,,1,70,,32187,37,,,1,31,,32197,37,,,1,71,,32191,37,,,1,30,,32195,37,,,1,71,,32200,37,,,1,30,,32196,37,,,1,70,,32201,37,,,1,30,,32202,37,,,1,69,,32203,37,,,1,30,,32204,37,,,1,73,,32205,37,,,1,28,,32206,37,,,1,70,,32207,37,,,1,29,,32208,37,,,1,70,,32209,37,,,1,30,,32210,37,,,1,68,,32212,37,,,1,30,,32211,37,,,1,70,,32214,37,,,1,30,,32213,37,,,1,70,,32215,37,,,1,29,,32216,37,,,1,70,,32218,37,,,1,30,,32217,37,,,1,70,,32219,37,,,1
5900,'Samedi-4',734,,36459,37,,,1,70,,36462,37,,,1,30,,36455,37,,,1,70,,36461,37,,,1,30,,36458,37,,,1,70,,36463,37,,,1,30,,36467,37,,,1,70,,36468,37,,,1,30,,36457,37,,,1,70,,36456,37,,,1,31,,36466,37,,,1,71,,36460,37,,,1,30,,36464,37,,,1,71,,36469,37,,,1,30,,36465,37,,,1,70,,36470,37,,,1,30,,36471,37,,,1,69,,36472,37,,,1,30,,36473,37,,,1,73,,36474,37,,,1,28,,36475,37,,,1,70,,36476,37,,,1,29,,36477,37,,,1,70,,36478,37,,,1,30,,36479,37,,,1,68,,36481,37,,,1,30,,36480,37,,,1,70,,36483,37,,,1,30,,36482,37,,,1,70,,36484,37,,,1,29,,36485,37,,,1,70,,36487,37,,,1,30,,36486,37,,,1,70,,36488,37,,,1
5900,'Dimanche-3',734,,32226,37,,,1,70,,32221,37,,,1,30,,32224,37,,,1,70,,32229,37,,,1,30,,32233,37,,,1,70,,32222,37,,,1,30,,32225,37,,,1,70,,32231,37,,,1,30,,32232,37,,,1,70,,32220,37,,,1,31,,32223,37,,,1,71,,32228,37,,,1,30,,32230,37,,,1,71,,32227,37,,,1,30,,32235,37,,,1,70,,32240,37,,,1,30,,32234,37,,,1,69,,32245,37,,,1,30,,32246,37,,,1,73,,32237,37,,,1,28,,32241,37,,,1,70,,32252,37,,,1,29,,32236,37,,,1,70,,32242,37,,,1,30,,32238,37,,,1,68,,32243,37,,,1,30,,32248,37,,,1,70,,32249,37,,,1,30,,32239,37,,,1,70,,32253,37,,,1,29,,32247,37,,,1,70,,32244,37,,,1,30,,32251,37,,,1,70,,32250,37,,,1
5900,'Semaine-4',647,,32261,37,,,1,105,,32296,37,,,1,100,,32277,37,,,1,83,,32273,37,,,1,68,,32294,37,,,1,30,,32270,37,,,1,70,,32293,37,,,1,30,,32284,37,,,1,70,,32278,37,,,1,33,,32286,37,,,1,69,,32269,37,,,1,31,,32297,37,,,1,70,,32260,37,,,1,31,,32291,37,,,1,13,,32262,37,,,1,59,,32295,37,,,1,31,,32255,37,,,1,14,,32299,37,,,1,56,,32254,37,,,1,7,,32289,37,,,1,17,,32285,37,,,1,8,,32298,32,,,1,4,,32272,37,,,1,56,,32256,37,,,1,4,,32300,32,,,1,6,,32257,37,,,1,12,,32265,37,,,1,9,,32292,37,,,1,12,,32281,37,,,1,11,,32268,37,,,1,49,,32290,37,,,1,10,,32276,37,,,1,12,,32288,37,,,1,9,,32258,37,,,1,11,,32263,37,,,1,71,,32283,37,,,1,29,,32274,37,,,1,70,,32279,37,,,1,30,,32267,37,,,1,70,,32275,37,,,1,30,,32280,37,,,1,68,,32287,37,,,1,30,,32264,37,,,1,70,,32282,37,,,1,28,,32271,37,,,1,70,,32259,37,,,1,28,,32266,37,,,1
54901,'Semaine-4',1555,,34815,37,,,1
65500,'Semaine-4',723,,34848,30,0,9 10,1
80001,'Samedi-3',646,,34936,39,,,1,100,,34938,39,,,1,99,,34939,39,,,2,100,,34942,39,,,1,102,,34937,39,,,2,100,,34940,39,,,1,100,,34943,39,,,1,99,,34941,39,,,2,100,,34944,39,,,1,100,,34945,39,,,1,100,,34946,39,,,2,100,,34947,39,,,1,97,,34950,39,,,1,101,,34948,39,,,1,100,,34949,39,,,2,100,,34951,39,,,1,100,,34952,39,,,1
80001,'Samedi-4',646,,38570,39,,,1,100,,38572,39,,,1,99,,38573,39,,,2,100,,38576,39,,,1,102,,38571,39,,,2,100,,38574,39,,,1,100,,38577,39,,,1,99,,38575,39,,,2,100,,38578,39,,,1,100,,38579,39,,,1,100,,38580,39,,,2,100,,38581,39,,,1,97,,38584,39,,,1,101,,38582,39,,,1,100,,38583,39,,,2,100,,38585,39,,,1,100,,38586,39,,,1
80001,'Dimanche-3',646,,34953,39,,,1,100,,34954,39,,,1,99,,34958,39,,,2,100,,34955,39,,,1,102,,34959,39,,,2,100,,34956,39,,,1,100,,34957,39,,,1,99,,34961,39,,,2,100,,34960,39,,,1,100,,34962,39,,,1,100,,34964,39,,,2,100,,34965,39,,,1,97,,34966,39,,,1,101,,34963,39,,,1,100,,34967,39,,,2,100,,34968,39,,,1,100,,34969,39,,,1
80001,'Semaine-4',636,,34992,39,,,1,71,,34978,39,,,1,33,,34998,39,,,2,70,,34982,39,,,1,30,,34972,39,,,1,66,,34989,39,,,1,30,,34986,39,,,1,70,,34994,39,,,1,30,,34999,39,,,1,70,,34985,39,,,2,30,,34993,39,,,1,70,,34975,39,,,1,30,,35003,39,,,1,71,,35002,39,,,1,32,,34973,39,,,1,70,,34996,39,,,1,30,,34984,39,,,2,70,,34990,39,,,1,36,,35000,39,,,2,69,,34987,39,,,1,16,,34997,39,,,1,18,,35004,39,,,1,66,,34995,39,,,2,28,,34988,39,,,1,70,,34976,39,,,2,27,,34980,39,,,1,68,,34970,39,,,1,30,,35001,39,,,1,70,,34977,39,,,1,27,,34979,39,,,1,69,,34983,39,,,1,31,,34971,39,,,1,70,,34991,39,,,1,30,,34974,39,,,1,70,,34981,39,,,1
