3100,'Samedi-3',741,,30408,31,,,1,70,,30409,31,,,1,103,,30410,31,,,1,101,,30407,31,,,1,103,,30413,31,,,1,101,,30414,31,,,1,101,,30411,31,,,1,100,,30412,31,,,1,100,,30415,31,,,1,102,,30416,31,,,1,98,,30417,31,,,1,100,,30418,31,,,1,92,,30424,31,,,1,100,,30419,31,,,1,99,,30420,31,,,1,100,,30421,31,,,1,100,,30422,31,,,1,100,,30423,31,,,1,96,,30425,31,,,1
3100,'Samedi-4',741,,35104,31,,,1,70,,35105,31,,,1,103,,35106,31,,,1,101,,35103,31,,,1,103,,35109,31,,,1,101,,35110,31,,,1,101,,35107,31,,,1,100,,35108,31,,,1,100,,35111,31,,,1,102,,35112,31,,,1,98,,35113,31,,,1,100,,35114,31,,,1,92,,35120,31,,,1,100,,35115,31,,,1,99,,35116,31,,,1,100,,35117,31,,,1,100,,35118,31,,,1,100,,35119,31,,,1,96,,35121,31,,,1
3100,'Dimanche-3',741,,30430,31,,,1,70,,30431,31,,,1,103,,30432,31,,,1,101,,30433,31,,,1,103,,30426,31,,,1,101,,30427,31,,,1,101,,30428,31,,,1,100,,30429,31,,,1,100,,30435,31,,,1,102,,30436,31,,,1,98,,30434,31,,,1,100,,30437,31,,,1,92,,30440,31,,,1,100,,30444,31,,,1,99,,30438,31,,,1,100,,30439,31,,,1,100,,30442,31,,,1,100,,30441,31,,,1,96,,30443,31,,,1
3100,'Semaine-4',628,,30449,29,,,1,75,,30484,29,,,1,32,,30462,29,,,1,71,,30450,29,,,1,20,,30490,29,,,1,14,,30487,29,,,1,60,,30446,29,,,1,16,,30459,29,,,1,17,,30460,29,,,1,12,,30476,29,,,1,59,,30451,29,,,1,21,,30453,29,,,1,20,,30470,29,,,1,60,,30471,29,,,1,20,,30477,29,,,1,20,,30452,29,,,1,60,,30457,29,,,1,21,,30478,29,,,1,20,,30485,29,,,1,59,,30473,29,,,1,20,,30454,29,,,1,21,,30447,29,,,1,57,,30483,29,,,1,22,,30488,29,,,1,19,,30472,29,,,1,60,,30455,29,,,1,19,,30475,29,,,1,25,,30479,29,,,1,61,,30486,29,,,1,19,,30474,29,,,1,14,,30456,29,,,1,61,,30467,29,,,1,20,,30469,29,,,1,22,,30458,29,,,1,5,,30445,22,,,1,53,,30463,29,,,1,21,,30448,29,,,1,13,,30481,29,,,1,18,,30489,29,,,1,66,,30464,31,,,1,98,,30482,31,,,1,99,,30465,31,,,1,100,,30461,31,,,1,99,,30466,31,,,1,102,,30468,31,,,1,103,,30480,31,,,1
3100,'Semaine-5',628,,35126,29,,,1,75,,35161,29,,,1,32,,35139,29,,,1,71,,35127,29,,,1,20,,35167,29,,,1,14,,35164,29,,,1,60,,35123,29,,,1,16,,35136,29,,,1,17,,35137,29,,,1,12,,35153,29,,,1,59,,35128,29,,,1,21,,35130,29,,,1,20,,35147,29,,,1,60,,35148,29,,,1,20,,35154,29,,,1,20,,35129,29,,,1,60,,35134,29,,,1,21,,35155,29,,,1,20,,35162,29,,,1,59,,35150,29,,,1,20,,35131,29,,,1,21,,35124,29,,,1,57,,35160,29,,,1,22,,35165,29,,,1,19,,35149,29,,,1,60,,35132,29,,,1,19,,35152,29,,,1,25,,35156,29,,,1,61,,35163,29,,,1,19,,35151,29,,,1,14,,35133,29,,,1,61,,35144,29,,,1,20,,35146,29,,,1,22,,35135,29,,,1,5,,35122,22,,,1,53,,35140,29,,,1,21,,35125,29,,,1,13,,35158,29,,,1,18,,35166,29,,,1,66,,35141,31,,,1,98,,35159,31,,,1,99,,35142,31,,,1,100,,35138,31,,,1,99,,35143,31,,,1,102,,35145,31,,,1,103,,35157,31,,,1
3901,'Samedi-3',619,,31530,21,,,1,100,,31532,21,,,1,100,,31536,21,,,1,101,,31535,21,,,1,100,,31538,21,,,1,100,,31537,21,,,1,100,,31533,21,,,1,30,,31531,21,,,1,70,,31539,21,,,1,30,,31534,21,,,2,71,,31540,21,,,1,30,,31541,21,,,1,70,,31542,21,,,2,30,,31543,21,,,1,70,,31544,21,,,1,30,,31545,21,,,1,70,,31546,21,,,1,30,,31547,21,,,1,70,,31548,21,,,1,29,,31549,21,,,1,100,,31550,21,,,1,100,,31551,21,,,1,100,,31552,21,,,1,100,,31553,21,,,1
3901,'Samedi-4',619,,35962,21,,,1,100,,35964,21,,,1,100,,35968,21,,,1,101,,35967,21,,,1,100,,35970,21,,,1,100,,35969,21,,,1,100,,35965,21,,,1,30,,35963,21,,,1,70,,35971,21,,,1,30,,35966,21,,,2,71,,35972,21,,,1,30,,35973,21,,,1,70,,35974,21,,,2,30,,35975,21,,,1,70,,35976,21,,,1,30,,35977,21,,,1,70,,35978,21,,,1,30,,35979,21,,,1,70,,35980,21,,,1,29,,35981,21,,,1,100,,35982,21,,,1,100,,35983,21,,,1,100,,35984,21,,,1,100,,35985,21,,,1
3901,'Dimanche-3',619,,31554,21,,,1,100,,31561,21,,,1,100,,31555,21,,,1,101,,31558,21,,,1,100,,31563,21,,,1,100,,31556,21,,,1,100,,31562,21,,,1,30,,31557,21,,,1,70,,31559,21,,,1,30,,31564,21,,,2,71,,31566,21,,,1,30,,31560,21,,,1,70,,31565,21,,,2,30,,31567,21,,,1,70,,31568,21,,,1,30,,31573,21,,,1,70,,31575,21,,,1,30,,31577,21,,,1,70,,31574,21,,,1,29,,31571,21,,,1,100,,31572,21,,,1,100,,31576,21,,,1,100,,31569,21,,,1,100,,31570,21,,,1
3901,'Semaine-4',641,,31600,21,,,1,66,,31589,21,,,1,36,,31590,21,,,1,73,,31586,21,,,1,33,,31592,21,,,1,70,,31594,21,,,1,30,,31601,21,,,1,70,,31612,21,,,1,30,,31607,21,,,1,70,,31602,21,,,1,30,,31587,21,,,1,71,,31596,21,,,1,31,,31603,21,,,2,69,,31588,21,,,1,30,,31585,21,,,1,73,,31604,21,,,2,27,,31597,21,,,1,73,,31578,21,,,1,31,,31605,21,,,1,69,,31583,21,,,1,31,,31580,21,,,1,69,,31608,21,,,1,29,,31593,21,,,1,71,,31599,21,,,2,31,,31584,21,,,2,72,,31606,21,,,1,25,,31579,21,,,2,66,,31609,21,,,1,30,,31582,21,,,1,70,,31598,21,,,1,32,,31610,21,,,2,70,,31581,21,,,1,30,,31591,21,,,1,72,,31611,21,,,2,30,,31595,21,,,1
3901,'Semaine-5',641,,36008,21,,,1,66,,35997,21,,,1,36,,35998,21,,,1,73,,35994,21,,,1,33,,36000,21,,,1,70,,36002,21,,,1,30,,36009,21,,,1,70,,36020,21,,,1,30,,36015,21,,,1,70,,36010,21,,,1,30,,35995,21,,,1,71,,36004,21,,,1,31,,36011,21,,,2,69,,35996,21,,,1,30,,35993,21,,,1,73,,36012,21,,,2,27,,36005,21,,,1,73,,35986,21,,,1,31,,36013,21,,,1,69,,35991,21,,,1,31,,35988,21,,,1,69,,36016,21,,,1,29,,36001,21,,,1,71,,36007,21,,,2,31,,35992,21,,,2,72,,36014,21,,,1,25,,35987,21,,,2,66,,36017,21,,,1,30,,35990,21,,,1,70,,36006,21,,,1,32,,36018,21,,,2,70,,35989,21,,,1,30,,35999,21,,,1,72,,36019,21,,,2,30,,36003,21,,,1
32901,'Semaine-4',1634,,34190,23,0,7 8,1
32901,'Semaine-5',1634,,38021,23,0,7 8,1
82600,'Semaine-4',1528,,35011,8,0,9 12 13,1
82600,'Semaine-5',1528,,38630,8,0,9 12 13,1
83100,'Semaine-4',1528,,35023,8,0,9 12 13,1
83100,'Semaine-5',1528,,38642,8,0,9 12 13,1
