6601,'Samedi-3',651,,32817,15,,,1,100,,32819,15,,,1,100,,32823,15,,,1,100,,32820,15,,,2,100,,32824,15,,,1,100,,32818,15,,,1,100,,32821,15,,,1,100,,32822,15,,,1,100,,32825,15,,,2,100,,32826,15,,,1,100,,32827,15,,,1,100,,32828,15,,,1,100,,32829,15,,,1,100,,32831,15,,,1,100,,32830,15,,,1,100,,32832,15,,,1,100,,32833,15,,,1,100,,32834,15,,,2
6601,'Dimanche-3',651,,32836,15,,,1,100,,32840,15,,,1,100,,32841,15,,,1,100,,32842,15,,,2,100,,32844,15,,,1,100,,32835,15,,,1,100,,32843,15,,,1,100,,32837,15,,,1,100,,32838,15,,,2,100,,32839,15,,,1,100,,32848,15,,,1,100,,32850,15,,,1,100,,32846,15,,,1,100,,32847,15,,,1,100,,32845,15,,,1,100,,32849,15,,,1,100,,32851,15,,,1,100,,32852,15,,,2
6601,'Semaine-4',541,,32862,15,,,1,60,,32855,15,,,1,20,,32864,15,,,2,18,,32870,15,,,1,20,,32865,15,,,1,60,,32856,15,,,1,22,,32868,15,,,1,60,,32861,15,,,1,18,,32877,15,,,2,20,,32854,15,,,1,20,,32867,15,,,1,58,,32878,15,,,1,19,,32886,15,,,1,103,,32866,15,,,1,99,,32858,15,,,1,101,,32882,15,,,1,98,,32883,15,,,1,101,,32869,15,,,1,65,,32857,15,,,1,19,,32874,15,,,1,18,,32871,15,,,1,63,,32884,15,,,1,18,,32853,15,,,1,20,,32879,15,,,1,62,,32872,15,,,1,18,,32885,15,,,2,20,,32875,15,,,1,62,,32880,15,,,1,17,,32873,15,,,2,22,,32881,15,,,1,59,,32887,15,,,1,52,,32860,15,,,1,100,,32859,15,,,1,98,,32863,15,,,1,100,,32876,15,,,1
6601,'Samedi-10-_26ÉTÉ-0000010-',651,,43162,15,,,1,100,,43164,15,,,1,100,,43168,15,,,1,100,,43165,15,,,2,100,,43169,15,,,1,100,,43163,15,,,1,100,,43166,15,,,1,100,,43167,15,,,1,100,,43170,15,,,2,100,,43171,15,,,1,100,,43172,15,,,1,100,,43173,15,,,1,100,,43174,15,,,1,100,,43176,15,,,1,100,,43175,15,,,1,100,,43177,15,,,1,100,,43178,15,,,1,100,,43179,15,,,2
6601,'Semaine-2-_26ÉTÉ-1111100-',541,,43189,15,,,2,60,,43182,15,,,2,20,,43191,15,,,2,16,,43197,15,,,1,20,,43192,15,,,2,60,,43183,15,,,2,20,,43195,15,,,2,20,,43188,15,,,2,60,,43204,15,,,1,20,,43181,15,,,2,20,,43194,15,,,2,60,,43205,15,,,2,20,,43213,15,,,2,102,,43193,15,,,1,100,,43185,15,,,2,100,,43209,15,,,1,100,,43210,15,,,2,101,,43196,15,,,2,63,,43184,15,,,2,19,,43201,15,,,2,17,,43198,15,,,1,61,,43211,15,,,2,20,,43180,15,,,1,20,,43206,15,,,2,60,,43199,15,,,2,21,,43212,15,,,2,19,,43202,15,,,1,60,,43207,15,,,2,20,,43200,15,,,1,20,,43208,15,,,2,18,,43214,15,,,1,100,,43187,15,,,1,100,,43186,15,,,1,95,,43190,15,,,1,100,,43203,15,,,1
6601,'Semaine-3-_26ÉTÉ-1111100-',541,,43224,15,,,2,60,,43217,15,,,2,20,,43226,15,,,2,16,,43232,15,,,1,20,,43227,15,,,2,60,,43218,15,,,2,20,,43230,15,,,2,20,,43223,15,,,2,60,,43239,15,,,1,20,,43216,15,,,2,20,,43229,15,,,2,60,,43240,15,,,2,20,,43248,15,,,2,102,,43228,15,,,1,100,,43220,15,,,2,100,,43244,15,,,1,100,,43245,15,,,2,101,,43231,15,,,2,63,,43219,15,,,2,19,,43236,15,,,2,17,,43233,15,,,1,61,,43246,15,,,2,20,,43215,15,,,1,20,,43241,15,,,2,60,,43234,15,,,2,21,,43247,15,,,2,19,,43237,15,,,1,60,,43242,15,,,2,20,,43235,15,,,1,20,,43243,15,,,2,18,,43249,15,,,1,100,,43222,15,,,1,100,,43221,15,,,1,95,,43225,15,,,1,100,,43238,15,,,1
6601,'Semaine-4-_26ÉTÉ-1111100-',541,,43259,15,,,2,60,,43252,15,,,2,20,,43261,15,,,2,16,,43267,15,,,1,20,,43262,15,,,2,60,,43253,15,,,2,20,,43265,15,,,2,20,,43258,15,,,2,60,,43274,15,,,1,20,,43251,15,,,2,20,,43264,15,,,2,60,,43275,15,,,2,20,,43283,15,,,2,102,,43263,15,,,1,100,,43255,15,,,2,100,,43279,15,,,1,100,,43280,15,,,2,101,,43266,15,,,2,63,,43254,15,,,2,19,,43271,15,,,2,17,,43268,15,,,1,61,,43281,15,,,2,20,,43250,15,,,1,20,,43276,15,,,2,60,,43269,15,,,2,21,,43282,15,,,2,19,,43272,15,,,1,60,,43277,15,,,2,20,,43270,15,,,1,20,,43278,15,,,2,18,,43284,15,,,1,100,,43257,15,,,1,100,,43256,15,,,1,95,,43260,15,,,1,100,,43273,15,,,1
56601,'Semaine-4',648,,34826,4,0,5 6,1
56601,'Semaine-2-_26ÉTÉ-1111100-',648,,46767,4,0,5 6,1
56601,'Semaine-3-_26ÉTÉ-1111100-',648,,46768,4,0,5 6,1
56601,'Semaine-4-_26ÉTÉ-1111100-',648,,46769,4,0,5 6,1
