3600,'Semaine-2-_26ÉTÉ-1111100-',924,,40226,35,,,1,100,,40227,35,,,1,102,,40225,35,,,1,100,,40228,35,,,1,100,,40230,35,,,1,100,,40231,35,,,1,99,,40229,35,,,1
3600,'Semaine-3-_26ÉTÉ-1111100-',924,,40233,35,,,1,100,,40234,35,,,1,102,,40232,35,,,1,100,,40235,35,,,1,100,,40237,35,,,1,100,,40238,35,,,1,99,,40236,35,,,1
3600,'Semaine-4-_26ÉTÉ-1111100-',924,,40240,35,,,1,100,,40241,35,,,1,102,,40239,35,,,1,100,,40242,35,,,1,100,,40244,35,,,1,100,,40245,35,,,1,99,,40243,35,,,1
3700,'Samedi-10-_26ÉTÉ-0000010-',741,,40267,27,,,1,100,,40268,27,,,1,101,,40270,27,,,1,101,,40271,27,,,1,100,,40269,27,,,1,101,,40272,27,,,1,100,,40273,27,,,1,101,,40274,27,,,1,99,,40275,27,,,1,100,,40276,27,,,1,100,,40277,27,,,1,99,,40278,27,,,1,98,,40279,27,,,1,100,,40280,27,,,1,100,,40281,27,,,1,100,,40282,27,,,1,98,,40283,27,,,1,100,,40284,27,,,1
3700,'Semaine-2-_26ÉTÉ-1111100-',700,,40306,27,,,1,41,,40312,27,,,1,70,,40303,27,,,1,32,,40287,27,,,1,68,,40301,27,,,1,90,,40293,27,,,1,100,,40289,27,,,1,100,,40290,27,,,1,100,,40291,27,,,1,102,,40292,27,,,1,100,,40298,27,,,1,48,,40299,27,,,1,57,,40300,27,,,1,15,,40286,27,,,1,15,,40308,27,,,1,63,,40295,27,,,1,32,,40304,27,,,1,21,,40294,27,,,1,68,,40288,27,,,1,29,,40285,27,,,1,66,,40296,27,,,1,32,,40311,27,,,1,68,,40302,27,,,1,35,,40313,27,,,1,99,,40309,27,,,1,99,,40297,27,,,1,100,,40307,27,,,1,99,,40310,27,,,1,55,,40305,27,,,1
3700,'Semaine-3-_26ÉTÉ-1111100-',700,,40335,27,,,1,41,,40341,27,,,1,70,,40332,27,,,1,32,,40316,27,,,1,68,,40330,27,,,1,90,,40322,27,,,1,100,,40318,27,,,1,100,,40319,27,,,1,100,,40320,27,,,1,102,,40321,27,,,1,100,,40327,27,,,1,48,,40328,27,,,1,57,,40329,27,,,1,15,,40315,27,,,1,15,,40337,27,,,1,63,,40324,27,,,1,32,,40333,27,,,1,21,,40323,27,,,1,68,,40317,27,,,1,29,,40314,27,,,1,66,,40325,27,,,1,32,,40340,27,,,1,68,,40331,27,,,1,35,,40342,27,,,1,99,,40338,27,,,1,99,,40326,27,,,1,100,,40336,27,,,1,99,,40339,27,,,1,55,,40334,27,,,1
3700,'Semaine-4-_26ÉTÉ-1111100-',700,,40364,27,,,1,41,,40370,27,,,1,70,,40361,27,,,1,32,,40345,27,,,1,68,,40359,27,,,1,90,,40351,27,,,1,100,,40347,27,,,1,100,,40348,27,,,1,100,,40349,27,,,1,102,,40350,27,,,1,100,,40356,27,,,1,48,,40357,27,,,1,57,,40358,27,,,1,15,,40344,27,,,1,15,,40366,27,,,1,63,,40353,27,,,1,32,,40362,27,,,1,21,,40352,27,,,1,68,,40346,27,,,1,29,,40343,27,,,1,66,,40354,27,,,1,32,,40369,27,,,1,68,,40360,27,,,1,35,,40371,27,,,1,99,,40367,27,,,1,99,,40355,27,,,1,100,,40365,27,,,1,99,,40368,27,,,1,55,,40363,27,,,1
37100,'Samedi-10-_26ÉTÉ-0000010-',810,,45853,28,,,1,102,,45857,28,,,1,99,,45852,28,,,1,102,,45858,28,,,1,100,,45854,28,,,1,100,,45855,28,,,1,100,,45856,28,,,1,102,,45859,28,,,1,100,,45860,28,,,1,100,,45861,28,,,1,99,,45862,28,,,1,98,,45863,28,,,1,100,,45864,28,,,1,98,,45865,28,,,1,100,,45866,28,,,1,100,,45867,28,,,1,99,,45868,28,,,1
37100,'Semaine-2-_26ÉTÉ-1111100-',719,,45882,28,,,1,33,,45879,28,,,1,70,,45875,28,,,1,29,,45870,28,,,1,90,,45889,28,,,1,97,,45874,28,,,1,102,,45876,28,,,1,100,,45888,28,,,1,100,,45883,28,,,1,103,,45872,28,,,1,94,,45884,28,,,1,18,,45893,28,,,1,57,,45873,28,,,1,15,,45894,28,,,1,25,,45869,28,,,1,61,,45878,28,,,1,29,,45885,28,,,1,63,,45891,28,,,1,26,,45890,28,,,1,70,,45880,28,,,1,28,,45892,28,,,1,30,,45895,28,,,1,70,,45881,28,,,1,95,,45877,28,,,1,100,,45887,28,,,1,100,,45886,28,,,1,98,,45871,28,,,1
37100,'Semaine-3-_26ÉTÉ-1111100-',719,,45909,28,,,1,33,,45906,28,,,1,70,,45902,28,,,1,29,,45897,28,,,1,90,,45916,28,,,1,97,,45901,28,,,1,102,,45903,28,,,1,100,,45915,28,,,1,100,,45910,28,,,1,103,,45899,28,,,1,94,,45911,28,,,1,18,,45920,28,,,1,57,,45900,28,,,1,15,,45921,28,,,1,25,,45896,28,,,1,61,,45905,28,,,1,29,,45912,28,,,1,63,,45918,28,,,1,26,,45917,28,,,1,70,,45907,28,,,1,28,,45919,28,,,1,30,,45922,28,,,1,70,,45908,28,,,1,95,,45904,28,,,1,100,,45914,28,,,1,100,,45913,28,,,1,98,,45898,28,,,1
37100,'Semaine-4-_26ÉTÉ-1111100-',719,,45936,28,,,1,33,,45933,28,,,1,70,,45929,28,,,1,29,,45924,28,,,1,90,,45943,28,,,1,97,,45928,28,,,1,102,,45930,28,,,1,100,,45942,28,,,1,100,,45937,28,,,1,103,,45926,28,,,1,94,,45938,28,,,1,18,,45947,28,,,1,57,,45927,28,,,1,15,,45948,28,,,1,25,,45923,28,,,1,61,,45932,28,,,1,29,,45939,28,,,1,63,,45945,28,,,1,26,,45944,28,,,1,70,,45934,28,,,1,28,,45946,28,,,1,30,,45949,28,,,1,70,,45935,28,,,1,95,,45931,28,,,1,100,,45941,28,,,1,100,,45940,28,,,1,98,,45925,28,,,1
43700,'Semaine-2-_26ÉTÉ-1111100-',739,,46755,23,,,1
43700,'Semaine-3-_26ÉTÉ-1111100-',739,,46756,23,,,1
43700,'Semaine-4-_26ÉTÉ-1111100-',739,,46757,23,,,1
