6701,'Samedi-0-_26ÉTÉ-0000010-',636,,56480,17,,,1,101,,56486,17,,,1,99,,56482,17,,,1,101,,56481,17,,,1,71,,56484,17,,,1,28,,56489,17,,,1,72,,56490,17,,,2,30,,56483,17,,,1,70,,56485,17,,,1,30,,56488,17,,,1,70,,56491,17,,,1,30,,56492,17,,,1,70,,56487,17,,,1,30,,56493,17,,,1,70,,56494,17,,,1,30,,56495,17,,,2,70,,56496,17,,,2,30,,56497,17,,,1,71,,56498,17,,,1,29,,56499,17,,,1,70,,56500,17,,,2,29,,56501,17,,,1,70,,56502,17,,,2,100,,56503,17,,,1,100,,56504,17,,,1,100,,56506,17,,,1,100,,56505,17,,,1
6701,'Dimanche-0-_26ÉTÉ-0000001-',636,,56507,17,,,1,101,,56512,17,,,1,99,,56515,17,,,1,101,,56510,17,,,1,71,,56508,17,,,1,28,,56509,17,,,1,72,,56511,17,,,2,30,,56519,17,,,1,70,,56513,17,,,1,30,,56517,17,,,1,70,,56514,17,,,1,30,,56522,17,,,1,70,,56523,17,,,1,30,,56520,17,,,1,70,,56525,17,,,1,30,,56516,17,,,2,70,,56528,17,,,2,30,,56521,17,,,1,71,,56518,17,,,1,29,,56526,17,,,1,70,,56529,17,,,2,29,,56533,17,,,1,70,,56532,17,,,2,100,,56524,17,,,1,100,,56530,17,,,1,100,,56527,17,,,1,100,,56531,17,,,1
6701,'Dimanche-10-_26ÉTÉ-0000001-',636,,56534,17,,,1,101,,56539,17,,,1,99,,56542,17,,,1,101,,56537,17,,,1,71,,56535,17,,,1,28,,56536,17,,,1,72,,56538,17,,,2,30,,56546,17,,,1,70,,56540,17,,,1,30,,56544,17,,,1,70,,56541,17,,,1,30,,56549,17,,,1,70,,56550,17,,,1,30,,56547,17,,,1,70,,56552,17,,,1,30,,56543,17,,,2,70,,56555,17,,,2,30,,56548,17,,,1,71,,56545,17,,,1,29,,56553,17,,,1,70,,56556,17,,,2,29,,56560,17,,,1,70,,56559,17,,,2,100,,56551,17,,,1,100,,56557,17,,,1,100,,56554,17,,,1,100,,56558,17,,,1
6701,'Dimanche-11-_26ÉTÉ-0000001-',636,,56561,17,,,1,101,,56566,17,,,1,99,,56569,17,,,1,101,,56564,17,,,1,71,,56562,17,,,1,28,,56563,17,,,1,72,,56565,17,,,2,30,,56573,17,,,1,70,,56567,17,,,1,30,,56571,17,,,1,70,,56568,17,,,1,30,,56576,17,,,1,70,,56577,17,,,1,30,,56574,17,,,1,70,,56579,17,,,1,30,,56570,17,,,2,70,,56582,17,,,2,30,,56575,17,,,1,71,,56572,17,,,1,29,,56580,17,,,1,70,,56583,17,,,2,29,,56587,17,,,1,70,,56586,17,,,2,100,,56578,17,,,1,100,,56584,17,,,1,100,,56581,17,,,1,100,,56585,17,,,1
6701,'Semaine-1-_26ÉTÉ-1111100-',913,,56608,17,,,1,20,,56597,17,,,1,20,,56615,17,,,2,60,,56601,17,,,1,20,,56595,17,,,2,20,,56616,17,,,1,60,,56609,17,,,1,20,,56598,17,,,1,20,,56617,17,,,2,60,,56602,17,,,1,20,,56605,17,,,2,21,,56618,17,,,1,59,,56604,17,,,1,20,,56599,17,,,2,20,,56619,17,,,1,60,,56610,17,,,1,20,,56612,17,,,1,20,,56614,17,,,1,60,,56606,17,,,2,32,,56590,17,,,1,70,,56613,17,,,2,29,,56593,17,,,1,70,,56611,17,,,1,30,,56607,17,,,1,69,,56600,17,,,1,30,,56588,17,,,1,69,,56603,17,,,1,30,,56591,17,,,1,70,,56620,17,,,1,30,,56589,17,,,1,70,,56622,17,,,1,30,,56592,17,,,1,70,,56623,17,,,1,29,,56594,17,,,2,70,,56621,17,,,1,30,,56596,17,,,2
6701,'Semaine-10-_26ÉTÉ-1111100-',913,,56644,17,,,1,20,,56633,17,,,1,20,,56651,17,,,2,60,,56637,17,,,1,20,,56631,17,,,2,20,,56652,17,,,1,60,,56645,17,,,1,20,,56634,17,,,1,20,,56653,17,,,2,60,,56638,17,,,1,20,,56641,17,,,2,21,,56654,17,,,2,59,,56640,17,,,1,20,,56635,17,,,2,20,,56655,17,,,1,60,,56646,17,,,1,20,,56648,17,,,1,20,,56650,17,,,1,60,,56642,17,,,2,32,,56626,17,,,1,70,,56649,17,,,2,29,,56629,17,,,1,70,,56647,17,,,1,30,,56643,17,,,1,69,,56636,17,,,1,30,,56624,17,,,1,69,,56639,17,,,1,30,,56627,17,,,1,70,,56656,17,,,1,30,,56625,17,,,1,70,,56658,17,,,1,30,,56628,17,,,1,70,,56659,17,,,1,29,,56630,17,,,2,70,,56657,17,,,1,30,,56632,17,,,2
6701,'Semaine-11-_26ÉTÉ-1111100-',913,,56680,17,,,1,20,,56669,17,,,1,20,,56687,17,,,2,60,,56673,17,,,1,20,,56667,17,,,2,20,,56688,17,,,1,60,,56681,17,,,1,20,,56670,17,,,1,20,,56689,17,,,2,60,,56674,17,,,1,20,,56677,17,,,2,21,,56690,17,,,1,59,,56676,17,,,1,20,,56671,17,,,2,20,,56691,17,,,1,60,,56682,17,,,1,20,,56684,17,,,1,20,,56686,17,,,1,60,,56678,17,,,2,32,,56662,17,,,1,70,,56685,17,,,2,29,,56665,17,,,1,70,,56683,17,,,1,30,,56679,17,,,1,69,,56672,17,,,1,30,,56660,17,,,1,69,,56675,17,,,1,30,,56663,17,,,1,70,,56692,17,,,1,30,,56661,17,,,1,70,,56694,17,,,1,30,,56664,17,,,1,70,,56695,17,,,1,29,,56666,17,,,2,70,,56693,17,,,1,30,,56668,17,,,2
6701,'Semaine-12-_26ÉTÉ-1111100-',913,,56716,17,,,1,20,,56705,17,,,1,20,,56723,17,,,2,60,,56709,17,,,1,20,,56703,17,,,2,20,,56724,17,,,1,60,,56717,17,,,1,20,,56706,17,,,1,20,,56725,17,,,2,60,,56710,17,,,1,20,,56713,17,,,2,21,,56726,17,,,1,59,,56712,17,,,1,20,,56707,17,,,2,20,,56727,17,,,1,60,,56718,17,,,1,20,,56720,17,,,1,20,,56722,17,,,1,60,,56714,17,,,2,32,,56698,17,,,1,70,,56721,17,,,2,29,,56701,17,,,1,70,,56719,17,,,1,30,,56715,17,,,1,69,,56708,17,,,1,30,,56696,17,,,1,69,,56711,17,,,1,30,,56699,17,,,1,70,,56728,17,,,1,30,,56697,17,,,1,70,,56730,17,,,1,30,,56700,17,,,1,70,,56731,17,,,1,29,,56702,17,,,2,70,,56729,17,,,1,30,,56704,17,,,2
8501,'Semaine-1-_26ÉTÉ-1111100-',534,,59927,21,,,1,69,,59929,21,,,1,25,,59932,21,,,1,18,,59931,21,,,2,54,,59936,21,,,2,19,,59928,21,,,2,15,,59934,21,,,1,15,,59930,21,,,2,55,,59935,21,,,1,20,,59933,21,,,1
8501,'Semaine-10-_26ÉTÉ-1111100-',534,,59937,21,,,1,69,,59939,21,,,1,25,,59942,21,,,1,18,,59941,21,,,2,54,,59946,21,,,2,19,,59938,21,,,2,15,,59944,21,,,1,15,,59940,21,,,2,55,,59945,21,,,1,20,,59943,21,,,1
8501,'Semaine-11-_26ÉTÉ-1111100-',534,,59947,21,,,1,69,,59949,21,,,1,25,,59952,21,,,1,18,,59951,21,,,2,54,,59956,21,,,2,19,,59948,21,,,2,15,,59954,21,,,1,15,,59950,21,,,2,55,,59955,21,,,1,20,,59953,21,,,1
8501,'Semaine-12-_26ÉTÉ-1111100-',534,,59957,21,,,1,69,,59959,21,,,1,25,,59962,21,,,1,18,,59961,21,,,2,54,,59966,21,,,2,19,,59958,21,,,2,15,,59964,21,,,1,15,,59960,21,,,2,55,,59965,21,,,1,20,,59963,21,,,1
8701,'Semaine-1-_26ÉTÉ-1111100-',517,,60040,17,,,1,31,,60033,17,,,1,68,,60038,17,,,2,20,,60036,17,,,2,18,,60034,17,,,1,55,,60043,17,,,2,13,,60039,17,,,2,17,,60035,17,,,2,15,,60042,17,,,1,59,,60041,17,,,2,20,,60037,17,,,2,20,,60032,17,,,2
8701,'Semaine-10-_26ÉTÉ-1111100-',517,,60052,17,,,1,31,,60045,17,,,1,68,,60050,17,,,2,20,,60048,17,,,2,18,,60046,17,,,1,55,,60055,17,,,2,13,,60051,17,,,2,17,,60047,17,,,2,15,,60054,17,,,1,59,,60053,17,,,2,20,,60049,17,,,2,20,,60044,17,,,2
8701,'Semaine-11-_26ÉTÉ-1111100-',517,,60064,17,,,1,31,,60057,17,,,1,68,,60062,17,,,2,20,,60060,17,,,2,18,,60058,17,,,1,55,,60067,17,,,2,13,,60063,17,,,2,17,,60059,17,,,2,15,,60066,17,,,1,59,,60065,17,,,2,20,,60061,17,,,2,20,,60056,17,,,2
8701,'Semaine-12-_26ÉTÉ-1111100-',517,,60076,17,,,1,31,,60069,17,,,1,68,,60074,17,,,2,20,,60072,17,,,2,18,,60070,17,,,1,55,,60079,17,,,2,13,,60075,17,,,2,17,,60071,17,,,2,15,,60078,17,,,1,59,,60077,17,,,2,20,,60073,17,,,2,20,,60068,17,,,2
