4900,'Samedi-3',709,,31662,3,,,1,100,,31663,3,,,1,102,,31660,3,,,1,100,,31664,3,,,1,100,,31661,3,,,1,99,,31665,3,,,1,99,,31666,3,,,1,104,,31667,3,,,1,97,,31668,3,,,1,100,,31669,3,,,1,100,,31670,3,,,1,99,,31671,3,,,1,100,,31672,3,,,1,100,,31673,3,,,1,100,,31674,3,,,1,100,,31675,3,,,1,102,,31676,3,,,1
4900,'Samedi-4',709,,36070,3,,,1,100,,36071,3,,,1,102,,36068,3,,,1,100,,36072,3,,,1,100,,36069,3,,,1,99,,36073,3,,,1,99,,36074,3,,,1,104,,36075,3,,,1,97,,36076,3,,,1,100,,36077,3,,,1,100,,36078,3,,,1,99,,36079,3,,,1,100,,36080,3,,,1,100,,36081,3,,,1,100,,36082,3,,,1,100,,36083,3,,,1,102,,36084,3,,,1
4900,'Dimanche-3',709,,31677,3,,,1,100,,31680,3,,,1,102,,31678,3,,,1,100,,31681,3,,,1,100,,31683,3,,,1,99,,31687,3,,,1,99,,31685,3,,,1,104,,31684,3,,,1,97,,31679,3,,,1,100,,31689,3,,,1,100,,31686,3,,,1,99,,31688,3,,,1,100,,31693,3,,,1,100,,31682,3,,,1,100,,31691,3,,,1,100,,31692,3,,,1,102,,31690,3,,,1
4900,'Semaine-4',626,,31721,3,,,1,20,,31732,3,,,1,66,,31724,3,,,1,30,,31725,3,,,1,79,,31719,3,,,1,32,,31714,3,,,1,72,,31706,3,,,1,32,,31726,3,,,1,72,,31722,3,,,1,30,,31717,3,,,1,70,,31694,3,,,1,30,,31715,3,,,1,70,,31696,3,,,1,30,,31701,3,,,1,70,,31703,3,,,1,29,,31707,3,,,1,71,,31723,3,,,1,30,,31705,3,,,1,70,,31708,3,,,1,30,,31699,3,,,1,70,,31711,3,,,1,30,,31702,3,,,1,70,,31700,3,,,1,30,,31718,3,,,1,70,,31712,3,,,1,100,,31695,3,,,1,100,,31713,3,,,1,100,,31710,3,,,1,100,,31697,3,,,1,99,,31709,3,,,1,100,,31698,3,,,1
4900,'Samedi-10-_26ÉTÉ-0000010-',709,,41186,3,,,1,100,,41187,3,,,1,102,,41184,3,,,1,100,,41188,3,,,1,100,,41185,3,,,1,99,,41189,3,,,1,99,,41190,3,,,1,104,,41191,3,,,1,97,,41192,3,,,1,100,,41193,3,,,1,100,,41194,3,,,1,99,,41195,3,,,1,100,,41196,3,,,1,100,,41197,3,,,1,100,,41198,3,,,1,100,,41199,3,,,1,102,,41200,3,,,1
4900,'Semaine-2-_26ÉTÉ-1111100-',626,,41225,3,,,1,12,,41233,3,,,1,3,,41232,3,,,1,5,,41231,3,,,1,66,,41228,3,,,1,30,,41229,3,,,1,79,,41224,3,,,1,32,,41220,3,,,1,72,,41212,3,,,1,31,,41230,3,,,1,71,,41226,3,,,1,32,,41222,3,,,1,70,,41201,3,,,1,30,,41221,3,,,1,70,,41203,3,,,1,30,,41208,3,,,1,70,,41210,3,,,1,30,,41213,3,,,1,70,,41227,3,,,1,30,,41211,3,,,1,70,,41214,3,,,1,30,,41206,3,,,1,71,,41217,3,,,1,29,,41209,3,,,1,70,,41207,3,,,1,30,,41223,3,,,1,70,,41218,3,,,1,99,,41202,3,,,1,101,,41219,3,,,1,100,,41216,3,,,1,100,,41204,3,,,1,99,,41215,3,,,1,100,,41205,3,,,1
4900,'Semaine-3-_26ÉTÉ-1111100-',626,,41258,3,,,1,12,,41266,3,,,1,3,,41265,3,,,1,5,,41264,3,,,1,66,,41261,3,,,1,30,,41262,3,,,1,79,,41257,3,,,1,32,,41253,3,,,1,72,,41245,3,,,1,31,,41263,3,,,1,71,,41259,3,,,1,32,,41255,3,,,1,70,,41234,3,,,1,30,,41254,3,,,1,70,,41236,3,,,1,30,,41241,3,,,1,70,,41243,3,,,1,30,,41246,3,,,1,70,,41260,3,,,1,30,,41244,3,,,1,70,,41247,3,,,1,30,,41239,3,,,1,71,,41250,3,,,1,29,,41242,3,,,1,70,,41240,3,,,1,30,,41256,3,,,1,70,,41251,3,,,1,99,,41235,3,,,1,101,,41252,3,,,1,100,,41249,3,,,1,100,,41237,3,,,1,99,,41248,3,,,1,100,,41238,3,,,1
4900,'Semaine-4-_26ÉTÉ-1111100-',626,,41291,3,,,1,12,,41299,3,,,1,3,,41298,3,,,1,5,,41297,3,,,1,66,,41294,3,,,1,30,,41295,3,,,1,79,,41290,3,,,1,32,,41286,3,,,1,72,,41278,3,,,1,31,,41296,3,,,1,71,,41292,3,,,1,32,,41288,3,,,1,70,,41267,3,,,1,30,,41287,3,,,1,70,,41269,3,,,1,30,,41274,3,,,1,70,,41276,3,,,1,30,,41279,3,,,1,70,,41293,3,,,1,30,,41277,3,,,1,70,,41280,3,,,1,30,,41272,3,,,1,71,,41283,3,,,1,29,,41275,3,,,1,70,,41273,3,,,1,30,,41289,3,,,1,70,,41284,3,,,1,99,,41268,3,,,1,101,,41285,3,,,1,100,,41282,3,,,1,100,,41270,3,,,1,99,,41281,3,,,1,100,,41271,3,,,1
5501,'Samedi-3',646,,32043,3,,,1,70,,32046,3,,,1,30,,32045,3,,,1,70,,32055,3,,,1,30,,32044,3,,,1,70,,32047,3,,,1,30,,32048,3,,,1,70,,32054,3,,,1,31,,32050,3,,,1,70,,32051,3,,,1,31,,32049,3,,,1,68,,32057,3,,,1,30,,32056,3,,,1,70,,32052,3,,,1,30,,32053,3,,,1,70,,32058,3,,,1,30,,32059,3,,,1,70,,32060,3,,,1,30,,32061,3,,,1,70,,32062,3,,,1,30,,32063,3,,,1,70,,32064,3,,,1,30,,32065,3,,,1,70,,32066,3,,,1,30,,32067,3,,,1,70,,32068,3,,,1,30,,32069,3,,,1,70,,32070,3,,,1,30,,32071,3,,,1,70,,32073,3,,,1,30,,32072,3,,,1,72,,32075,3,,,1,28,,32074,3,,,1
5501,'Samedi-4',646,,36345,3,,,1,70,,36348,3,,,1,30,,36347,3,,,1,70,,36357,3,,,1,30,,36346,3,,,1,70,,36349,3,,,1,30,,36350,3,,,1,70,,36356,3,,,1,31,,36352,3,,,1,70,,36353,3,,,1,31,,36351,3,,,1,68,,36359,3,,,1,30,,36358,3,,,1,70,,36354,3,,,1,30,,36355,3,,,1,70,,36360,3,,,1,30,,36361,3,,,1,70,,36362,3,,,1,30,,36363,3,,,1,70,,36364,3,,,1,30,,36365,3,,,1,70,,36366,3,,,1,30,,36367,3,,,1,70,,36368,3,,,1,30,,36369,3,,,1,70,,36370,3,,,1,30,,36371,3,,,1,70,,36372,3,,,1,30,,36373,3,,,1,70,,36375,3,,,1,30,,36374,3,,,1,72,,36377,3,,,1,28,,36376,3,,,1
5501,'Dimanche-3',646,,32077,3,,,1,70,,32082,3,,,1,30,,32078,3,,,1,70,,32086,3,,,1,30,,32089,3,,,1,70,,32081,3,,,1,30,,32093,3,,,1,70,,32087,3,,,1,31,,32088,3,,,1,70,,32079,3,,,1,31,,32076,3,,,1,68,,32083,3,,,1,30,,32090,3,,,1,70,,32080,3,,,1,30,,32091,3,,,1,70,,32085,3,,,1,30,,32084,3,,,1,70,,32094,3,,,1,30,,32098,3,,,1,70,,32092,3,,,1,30,,32095,3,,,1,70,,32105,3,,,1,30,,32102,3,,,1,70,,32107,3,,,1,30,,32108,3,,,1,70,,32096,3,,,1,30,,32099,3,,,1,70,,32097,3,,,1,30,,32100,3,,,1,70,,32101,3,,,1,30,,32104,3,,,1,71,,32106,3,,,1,29,,32103,3,,,1
5501,'Semaine-4',504,,32122,3,,,1,15,,32129,3,,,1,13,,32128,3,,,1,15,,32112,3,,,1,54,,32150,3,,,1,20,,32149,3,,,1,9,,32109,3,,,1,12,,32154,3,,,1,15,,32135,3,,,1,54,,32143,3,,,1,15,,32113,3,,,1,9,,32117,3,,,1,12,,32115,3,,,1,9,,32144,3,,,1,46,,32146,3,,,1,14,,32123,3,,,1,31,,32127,3,,,1,10,,32114,3,,,1,51,,32148,3,,,1,29,,32141,3,,,1,71,,32145,3,,,1,29,,32111,3,,,1,70,,32118,3,,,1,31,,32131,3,,,1,69,,32142,3,,,1,29,,32138,3,,,1,70,,32119,3,,,1,30,,32151,3,,,1,70,,32110,3,,,1,31,,32116,3,,,1,86,,32120,3,,,1,101,,32125,3,,,1,100,,32130,3,,,1,103,,32147,3,,,1,22,,32136,3,,,1,70,,32124,3,,,1,32,,32140,3,,,1,70,,32133,3,,,1,30,,32152,3,,,1,70,,32126,3,,,1,30,,32132,3,,,1,73,,32134,3,,,1,30,,32121,3,,,1,70,,32139,3,,,1,30,,32137,3,,,1
5501,'Samedi-10-_26ÉTÉ-0000010-',646,,41782,3,,,1,70,,41785,3,,,1,30,,41784,3,,,1,70,,41794,3,,,1,30,,41783,3,,,1,70,,41786,3,,,1,30,,41787,3,,,1,70,,41793,3,,,1,31,,41789,3,,,1,70,,41790,3,,,1,31,,41788,3,,,1,68,,41796,3,,,1,30,,41795,3,,,1,70,,41791,3,,,1,30,,41792,3,,,1,70,,41797,3,,,1,30,,41798,3,,,1,70,,41799,3,,,1,30,,41800,3,,,1,70,,41801,3,,,1,30,,41802,3,,,1,70,,41803,3,,,1,30,,41804,3,,,1,70,,41805,3,,,1,30,,41806,3,,,1,70,,41807,3,,,1,30,,41808,3,,,1,70,,41809,3,,,1,30,,41810,3,,,1,70,,41812,3,,,1,30,,41811,3,,,1,72,,41814,3,,,1,28,,41813,3,,,1
5501,'Semaine-2-_26ÉTÉ-1111100-',504,,41828,3,,,1,16,,41835,3,,,1,12,,41834,3,,,1,15,,41818,3,,,1,54,,41856,3,,,1,22,,41855,3,,,1,7,,41815,3,,,1,12,,41860,3,,,1,15,,41841,3,,,1,54,,41849,3,,,1,14,,41819,3,,,1,10,,41823,3,,,1,12,,41821,3,,,1,9,,41850,3,,,1,46,,41852,3,,,1,14,,41829,3,,,1,29,,41833,3,,,1,12,,41820,3,,,1,51,,41854,3,,,1,29,,41847,3,,,1,71,,41851,3,,,1,27,,41817,3,,,1,72,,41824,3,,,1,30,,41837,3,,,1,70,,41848,3,,,1,29,,41844,3,,,1,70,,41825,3,,,1,30,,41857,3,,,1,70,,41816,3,,,1,30,,41822,3,,,1,87,,41826,3,,,1,102,,41831,3,,,1,100,,41836,3,,,1,102,,41853,3,,,1,22,,41842,3,,,1,70,,41830,3,,,1,32,,41846,3,,,1,70,,41839,3,,,1,30,,41858,3,,,1,70,,41832,3,,,1,30,,41838,3,,,1,73,,41840,3,,,1,30,,41827,3,,,1,70,,41845,3,,,1,30,,41843,3,,,1
5501,'Semaine-3-_26ÉTÉ-1111100-',504,,41874,3,,,1,16,,41881,3,,,1,12,,41880,3,,,1,15,,41864,3,,,1,54,,41902,3,,,1,22,,41901,3,,,1,7,,41861,3,,,1,12,,41906,3,,,1,15,,41887,3,,,1,54,,41895,3,,,1,14,,41865,3,,,1,10,,41869,3,,,1,12,,41867,3,,,1,9,,41896,3,,,1,46,,41898,3,,,1,14,,41875,3,,,1,29,,41879,3,,,1,12,,41866,3,,,1,51,,41900,3,,,1,29,,41893,3,,,1,71,,41897,3,,,1,27,,41863,3,,,1,72,,41870,3,,,1,30,,41883,3,,,1,70,,41894,3,,,1,29,,41890,3,,,1,70,,41871,3,,,1,30,,41903,3,,,1,70,,41862,3,,,1,30,,41868,3,,,1,87,,41872,3,,,1,102,,41877,3,,,1,100,,41882,3,,,1,102,,41899,3,,,1,22,,41888,3,,,1,70,,41876,3,,,1,32,,41892,3,,,1,70,,41885,3,,,1,30,,41904,3,,,1,70,,41878,3,,,1,30,,41884,3,,,1,73,,41886,3,,,1,30,,41873,3,,,1,70,,41891,3,,,1,30,,41889,3,,,1
5501,'Semaine-4-_26ÉTÉ-1111100-',504,,41920,3,,,1,16,,41927,3,,,1,12,,41926,3,,,1,15,,41910,3,,,1,54,,41948,3,,,1,22,,41947,3,,,1,7,,41907,3,,,1,12,,41952,3,,,1,15,,41933,3,,,1,54,,41941,3,,,1,14,,41911,3,,,1,10,,41915,3,,,1,12,,41913,3,,,1,9,,41942,3,,,1,46,,41944,3,,,1,14,,41921,3,,,1,29,,41925,3,,,1,12,,41912,3,,,1,51,,41946,3,,,1,29,,41939,3,,,1,71,,41943,3,,,1,27,,41909,3,,,1,72,,41916,3,,,1,30,,41929,3,,,1,70,,41940,3,,,1,29,,41936,3,,,1,70,,41917,3,,,1,30,,41949,3,,,1,70,,41908,3,,,1,30,,41914,3,,,1,87,,41918,3,,,1,102,,41923,3,,,1,100,,41928,3,,,1,102,,41945,3,,,1,22,,41934,3,,,1,70,,41922,3,,,1,32,,41938,3,,,1,70,,41931,3,,,1,30,,41950,3,,,1,70,,41924,3,,,1,30,,41930,3,,,1,73,,41932,3,,,1,30,,41919,3,,,1,70,,41937,3,,,1,30,,41935,3,,,1
