7700,'Samedi-3',747,,33762,10,,,1,100,,33761,10,,,2,100,,33760,10,,,2,100,,33765,10,,,1,100,,33763,10,,,1,100,,33764,10,,,1,100,,33766,10,,,1,102,,33767,10,,,1,98,,33768,10,,,1,100,,33769,10,,,1,100,,33770,10,,,1,100,,33771,10,,,1,100,,33772,10,,,1,100,,33775,10,,,1,100,,33773,10,,,1,100,,33774,10,,,2
7700,'Dimanche-3',747,,33776,10,,,1,100,,33780,10,,,2,100,,33782,10,,,2,100,,33777,10,,,1,100,,33781,10,,,1,100,,33783,10,,,1,100,,33778,10,,,1,102,,33779,10,,,1,98,,33784,10,,,1,100,,33785,10,,,1,100,,33788,10,,,1,100,,33790,10,,,1,100,,33789,10,,,1,100,,33791,10,,,1,100,,33786,10,,,1,100,,33787,10,,,2
7700,'Semaine-4',526,,33817,10,,,1,29,,33802,10,,,1,70,,33804,10,,,1,30,,33794,10,,,1,70,,33805,10,,,1,30,,33816,10,,,1,67,,33801,10,,,1,29,,33806,10,,,1,70,,33821,10,,,1,30,,33807,10,,,1,70,,33822,10,,,1,30,,33808,10,,,1,70,,33823,10,,,2,30,,33809,10,,,2,70,,33820,10,,,2,30,,33810,10,,,1,70,,33819,10,,,1,30,,33811,10,,,1,70,,33818,10,,,1,30,,33793,10,,,1,73,,33813,10,,,1,28,,33798,10,,,1,70,,33812,10,,,1,30,,33796,10,,,2,70,,33814,10,,,2,29,,33797,10,,,2,70,,33803,10,,,2,30,,33815,10,,,1,100,,33799,10,,,1,100,,33800,10,,,1,100,,33795,10,,,1,100,,33792,10,,,1
7700,'Samedi-10-_26ÉTÉ-0000010-',747,,44902,10,,,1,100,,44901,10,,,2,100,,44900,10,,,2,100,,44905,10,,,1,100,,44903,10,,,1,100,,44904,10,,,1,100,,44906,10,,,1,102,,44907,10,,,1,98,,44908,10,,,1,100,,44909,10,,,1,100,,44910,10,,,1,100,,44911,10,,,1,100,,44912,10,,,1,100,,44915,10,,,1,100,,44913,10,,,1,100,,44914,10,,,2
7700,'Semaine-2-_26ÉTÉ-1111100-',526,,44941,10,,,1,29,,44926,10,,,1,70,,44928,10,,,1,30,,44918,10,,,1,72,,44929,10,,,2,28,,44940,10,,,2,67,,44925,10,,,2,29,,44930,10,,,2,70,,44945,10,,,2,30,,44931,10,,,2,70,,44946,10,,,1,30,,44932,10,,,1,70,,44947,10,,,1,30,,44933,10,,,1,70,,44944,10,,,1,30,,44934,10,,,1,70,,44943,10,,,1,30,,44935,10,,,1,72,,44942,10,,,2,28,,44917,10,,,2,71,,44937,10,,,1,30,,44922,10,,,2,70,,44936,10,,,2,30,,44920,10,,,1,70,,44938,10,,,1,29,,44921,10,,,1,70,,44927,10,,,1,30,,44939,10,,,1,100,,44923,10,,,2,100,,44924,10,,,2,100,,44919,10,,,2,100,,44916,10,,,1
7700,'Semaine-3-_26ÉTÉ-1111100-',526,,44973,10,,,1,29,,44958,10,,,1,70,,44960,10,,,1,30,,44950,10,,,1,72,,44961,10,,,2,28,,44972,10,,,2,67,,44957,10,,,2,29,,44962,10,,,2,70,,44977,10,,,2,30,,44963,10,,,2,70,,44978,10,,,1,30,,44964,10,,,1,70,,44979,10,,,1,30,,44965,10,,,1,70,,44976,10,,,1,30,,44966,10,,,1,70,,44975,10,,,1,30,,44967,10,,,1,72,,44974,10,,,2,28,,44949,10,,,2,71,,44969,10,,,1,30,,44954,10,,,2,70,,44968,10,,,2,30,,44952,10,,,1,70,,44970,10,,,1,29,,44953,10,,,1,70,,44959,10,,,1,30,,44971,10,,,1,100,,44955,10,,,2,100,,44956,10,,,2,100,,44951,10,,,2,100,,44948,10,,,1
7700,'Semaine-4-_26ÉTÉ-1111100-',526,,45005,10,,,1,29,,44990,10,,,1,70,,44992,10,,,1,30,,44982,10,,,1,72,,44993,10,,,2,28,,45004,10,,,2,67,,44989,10,,,2,29,,44994,10,,,2,70,,45009,10,,,2,30,,44995,10,,,2,70,,45010,10,,,1,30,,44996,10,,,1,70,,45011,10,,,1,30,,44997,10,,,1,70,,45008,10,,,1,30,,44998,10,,,1,70,,45007,10,,,1,30,,44999,10,,,1,72,,45006,10,,,2,28,,44981,10,,,2,71,,45001,10,,,1,30,,44986,10,,,2,70,,45000,10,,,2,30,,44984,10,,,1,70,,45002,10,,,1,29,,44985,10,,,1,70,,44991,10,,,1,30,,45003,10,,,1,100,,44987,10,,,2,100,,44988,10,,,2,100,,44983,10,,,2,100,,44980,10,,,1
7800,'Samedi-3',818,,33827,10,,,1,100,,33826,10,,,2,100,,33824,10,,,2,100,,33829,10,,,1,100,,33825,10,,,1,100,,33828,10,,,1,99,,33830,10,,,1,101,,33831,10,,,1,100,,33832,10,,,1,100,,33833,10,,,1,100,,33834,10,,,1,100,,33835,10,,,2,100,,33836,10,,,1,100,,33837,10,,,1,100,,33838,10,,,1,99,,33839,10,,,2
7800,'Dimanche-3',818,,33840,10,,,1,100,,33844,10,,,2,100,,33846,10,,,2,100,,33841,10,,,1,100,,33845,10,,,1,100,,33847,10,,,1,99,,33842,10,,,1,101,,33843,10,,,1,100,,33848,10,,,1,100,,33851,10,,,1,100,,33853,10,,,1,100,,33852,10,,,2,100,,33854,10,,,1,100,,33855,10,,,1,100,,33849,10,,,1,99,,33850,10,,,2
7800,'Semaine-4',449,,33868,10,,,1,60,,33869,10,,,2,31,,33858,10,,,1,70,,33870,10,,,1,29,,33856,10,,,1,70,,33871,10,,,1,29,,33880,10,,,1,69,,33861,10,,,1,30,,33872,10,,,2,70,,33873,10,,,1,30,,33884,10,,,2,70,,33874,10,,,1,32,,33885,10,,,2,68,,33875,10,,,1,30,,33886,10,,,1,70,,33876,10,,,1,30,,33887,10,,,1,70,,33877,10,,,1,30,,33888,10,,,1,73,,33878,10,,,2,27,,33863,10,,,2,70,,33879,10,,,1,28,,33857,10,,,1,74,,33866,10,,,1,28,,33881,10,,,2,70,,33865,10,,,1,30,,33889,10,,,2,70,,33882,10,,,1,30,,33859,10,,,1,84,,33883,10,,,1,101,,33864,10,,,1,100,,33867,10,,,1,100,,33860,10,,,1,100,,33862,10,,,1
7800,'Samedi-10-_26ÉTÉ-0000010-',818,,45015,10,,,1,100,,45014,10,,,2,100,,45012,10,,,2,100,,45017,10,,,1,100,,45013,10,,,1,100,,45016,10,,,1,99,,45018,10,,,1,101,,45019,10,,,1,100,,45020,10,,,1,100,,45021,10,,,1,100,,45022,10,,,1,100,,45023,10,,,2,100,,45024,10,,,1,100,,45025,10,,,1,100,,45026,10,,,1,99,,45027,10,,,2
7800,'Semaine-2-_26ÉTÉ-1111100-',449,,45040,10,,,1,60,,45041,10,,,1,30,,45030,10,,,1,71,,45042,10,,,2,30,,45028,10,,,2,70,,45043,10,,,2,30,,45052,10,,,2,65,,45033,10,,,1,34,,45044,10,,,1,68,,45045,10,,,2,30,,45056,10,,,2,70,,45046,10,,,1,30,,45057,10,,,2,70,,45047,10,,,1,30,,45058,10,,,1,70,,45048,10,,,1,30,,45059,10,,,2,70,,45049,10,,,1,30,,45060,10,,,1,70,,45050,10,,,1,30,,45035,10,,,2,70,,45051,10,,,1,28,,45029,10,,,1,70,,45038,10,,,1,32,,45053,10,,,1,72,,45037,10,,,1,28,,45061,10,,,1,70,,45054,10,,,1,30,,45031,10,,,1,85,,45055,10,,,1,98,,45036,10,,,1,102,,45039,10,,,1,100,,45032,10,,,2,100,,45034,10,,,1
7800,'Semaine-3-_26ÉTÉ-1111100-',449,,45074,10,,,1,60,,45075,10,,,1,30,,45064,10,,,1,71,,45076,10,,,2,30,,45062,10,,,2,70,,45077,10,,,2,30,,45086,10,,,2,65,,45067,10,,,1,34,,45078,10,,,1,68,,45079,10,,,2,30,,45090,10,,,2,70,,45080,10,,,1,30,,45091,10,,,2,70,,45081,10,,,1,30,,45092,10,,,1,70,,45082,10,,,1,30,,45093,10,,,2,70,,45083,10,,,1,30,,45094,10,,,1,70,,45084,10,,,1,30,,45069,10,,,2,70,,45085,10,,,1,28,,45063,10,,,1,70,,45072,10,,,1,32,,45087,10,,,1,72,,45071,10,,,1,28,,45095,10,,,1,70,,45088,10,,,1,30,,45065,10,,,1,85,,45089,10,,,1,98,,45070,10,,,1,102,,45073,10,,,1,100,,45066,10,,,2,100,,45068,10,,,1
7800,'Semaine-4-_26ÉTÉ-1111100-',449,,45108,10,,,1,60,,45109,10,,,1,30,,45098,10,,,1,71,,45110,10,,,2,30,,45096,10,,,2,70,,45111,10,,,2,30,,45120,10,,,2,65,,45101,10,,,1,34,,45112,10,,,1,68,,45113,10,,,2,30,,45124,10,,,2,70,,45114,10,,,1,30,,45125,10,,,2,70,,45115,10,,,1,30,,45126,10,,,1,70,,45116,10,,,1,30,,45127,10,,,2,70,,45117,10,,,1,30,,45128,10,,,1,70,,45118,10,,,1,30,,45103,10,,,2,70,,45119,10,,,1,28,,45097,10,,,1,70,,45106,10,,,1,32,,45121,10,,,1,72,,45105,10,,,1,28,,45129,10,,,1,70,,45122,10,,,1,30,,45099,10,,,1,85,,45123,10,,,1,98,,45104,10,,,1,102,,45107,10,,,1,100,,45100,10,,,2,100,,45102,10,,,1
