3100,'Samedi-3',748,,30408,42,,,1,70,,30409,42,,,1,104,,30410,42,,,1,101,,30407,42,,,1,102,,30413,42,,,1,102,,30414,42,,,1,102,,30411,42,,,1,100,,30412,42,,,1,100,,30415,42,,,1,102,,30416,42,,,1,98,,30417,42,,,1,100,,30418,42,,,1,91,,30424,42,,,1,100,,30419,42,,,1,99,,30420,42,,,1,100,,30421,42,,,1,100,,30422,42,,,1,100,,30423,42,,,1,95,,30425,42,,,1
3100,'Samedi-4',748,,35104,42,,,1,70,,35105,42,,,1,104,,35106,42,,,1,101,,35103,42,,,1,102,,35109,42,,,1,102,,35110,42,,,1,102,,35107,42,,,1,100,,35108,42,,,1,100,,35111,42,,,1,102,,35112,42,,,1,98,,35113,42,,,1,100,,35114,42,,,1,91,,35120,42,,,1,100,,35115,42,,,1,99,,35116,42,,,1,100,,35117,42,,,1,100,,35118,42,,,1,100,,35119,42,,,1,95,,35121,42,,,1
3100,'Dimanche-3',748,,30430,42,,,1,70,,30431,42,,,1,104,,30432,42,,,1,101,,30433,42,,,1,102,,30426,42,,,1,102,,30427,42,,,1,102,,30428,42,,,1,100,,30429,42,,,1,100,,30435,42,,,1,102,,30436,42,,,1,98,,30434,42,,,1,100,,30437,42,,,1,91,,30440,42,,,1,100,,30444,42,,,1,99,,30438,42,,,1,100,,30439,42,,,1,100,,30442,42,,,1,100,,30441,42,,,1,95,,30443,42,,,1
3100,'Semaine-4',636,,30449,40,,,1,75,,30484,40,,,1,32,,30462,40,,,1,71,,30450,40,,,1,20,,30490,40,,,1,14,,30487,40,,,1,60,,30446,40,,,1,16,,30459,40,,,1,17,,30460,40,,,1,12,,30476,40,,,1,59,,30451,40,,,1,21,,30453,40,,,1,20,,30470,40,,,1,60,,30471,40,,,1,20,,30477,40,,,1,20,,30452,40,,,1,60,,30457,40,,,1,21,,30478,40,,,1,20,,30485,40,,,1,59,,30473,40,,,1,20,,30454,40,,,1,21,,30447,40,,,1,57,,30483,40,,,1,22,,30488,40,,,1,19,,30472,40,,,1,60,,30455,40,,,1,19,,30475,40,,,1,69,,30479,40,,,1,21,,30486,40,,,1,17,,30474,40,,,1,14,,30456,40,,,1,61,,30467,40,,,1,20,,30469,40,,,1,22,,30458,40,,,1,4,,30445,33,,,1,53,,30463,40,,,1,21,,30448,40,,,1,13,,30481,40,,,1,57,,30489,40,,,1,26,,30464,42,,,1,98,,30482,42,,,1,99,,30465,42,,,1,100,,30461,42,,,1,99,,30466,42,,,1,102,,30468,42,,,1,103,,30480,42,,,1
3100,'Semaine-5',636,,35126,40,,,1,75,,35161,40,,,1,32,,35139,40,,,1,71,,35127,40,,,1,20,,35167,40,,,1,14,,35164,40,,,1,60,,35123,40,,,1,16,,35136,40,,,1,17,,35137,40,,,1,12,,35153,40,,,1,59,,35128,40,,,1,21,,35130,40,,,1,20,,35147,40,,,1,60,,35148,40,,,1,20,,35154,40,,,1,20,,35129,40,,,1,60,,35134,40,,,1,21,,35155,40,,,1,20,,35162,40,,,1,59,,35150,40,,,1,20,,35131,40,,,1,21,,35124,40,,,1,57,,35160,40,,,1,22,,35165,40,,,1,19,,35149,40,,,1,60,,35132,40,,,1,19,,35152,40,,,1,69,,35156,40,,,1,21,,35163,40,,,1,17,,35151,40,,,1,14,,35133,40,,,1,61,,35144,40,,,1,20,,35146,40,,,1,22,,35135,40,,,1,4,,35122,33,,,1,53,,35140,40,,,1,21,,35125,40,,,1,13,,35158,40,,,1,57,,35166,40,,,1,26,,35141,42,,,1,98,,35159,42,,,1,99,,35142,42,,,1,100,,35138,42,,,1,99,,35143,42,,,1,102,,35145,42,,,1,103,,35157,42,,,1
33100,'Semaine-4',819,,34191,9,0,7 8,1
33100,'Semaine-5',819,,38022,9,0,7 8,1
43101,'Semaine-4',743,,34804,19,0,9 14,1
43101,'Semaine-5',743,,38455,19,0,9 14,1
83100,'Semaine-4',1538,,35023,18,0,9 12 13,1
83100,'Semaine-5',1538,,38642,18,0,9 12 13,1
