9500,'Semaine-1-_26ÉTÉ-1111100-',1536,,60163,42,,,1,16,,60166,42,,,2,56,,60162,42,,,1,19,,60157,42,,,1,15,,60161,42,,,2,16,,60158,42,,,1,55,,60159,42,,,2,15,,60164,42,,,1,23,,60165,42,,,1,65,,60160,42,,,1
9500,'Semaine-10-_26ÉTÉ-1111100-',1536,,60173,42,,,1,16,,60176,42,,,2,56,,60172,42,,,1,19,,60167,42,,,1,15,,60171,42,,,2,16,,60168,42,,,1,55,,60169,42,,,2,15,,60174,42,,,1,23,,60175,42,,,2,65,,60170,42,,,1
9500,'Semaine-11-_26ÉTÉ-1111100-',1536,,60183,42,,,1,16,,60186,42,,,2,56,,60182,42,,,1,19,,60177,42,,,1,15,,60181,42,,,2,16,,60178,42,,,1,55,,60179,42,,,2,15,,60184,42,,,1,23,,60185,42,,,1,65,,60180,42,,,1
9500,'Semaine-12-_26ÉTÉ-1111100-',1536,,60193,42,,,1,16,,60196,42,,,2,56,,60192,42,,,1,19,,60187,42,,,1,15,,60191,42,,,2,16,,60188,42,,,1,55,,60189,42,,,2,15,,60194,42,,,1,23,,60195,42,,,1,65,,60190,42,,,1
9500,'Semaine-5-_26ÉTÉ-1111100-',1536,,60203,42,,,1,16,,60206,42,,,2,56,,60202,42,,,1,19,,60197,42,,,1,15,,60201,42,,,2,16,,60198,42,,,1,55,,60199,42,,,2,15,,60204,42,,,1,23,,60205,42,,,1,65,,60200,42,,,1
9700,'Samedi-0-_26ÉTÉ-0000010-',854,,60249,54,,,2,100,,60252,54,,,2,100,,60247,54,,,1,100,,60248,54,,,1,100,,60251,54,,,2,100,,60250,54,,,2,100,,60253,54,,,1,101,,60254,54,,,2,100,,60255,54,,,2,101,,60256,54,,,1,100,,60261,54,,,1,100,,60257,54,,,1,100,,60258,54,,,1,100,,60259,54,,,1,99,,60260,54,,,2,98,,60262,54,,,1,100,,60263,54,,,1
9700,'Dimanche-0-_26ÉTÉ-0000001-',854,,60267,54,,,2,100,,60269,54,,,2,100,,60266,54,,,1,100,,60265,54,,,1,100,,60264,54,,,2,100,,60268,54,,,2,100,,60271,54,,,1,101,,60270,54,,,2,100,,60276,54,,,2,101,,60278,54,,,1,100,,60280,54,,,1,100,,60272,54,,,1,100,,60273,54,,,1,100,,60274,54,,,1,99,,60275,54,,,2,98,,60279,54,,,1,100,,60277,54,,,1
9700,'Dimanche-10-_26ÉTÉ-0000001-',854,,60284,54,,,2,100,,60286,54,,,2,100,,60283,54,,,1,100,,60282,54,,,1,100,,60281,54,,,2,100,,60285,54,,,2,100,,60288,54,,,1,101,,60287,54,,,2,100,,60293,54,,,2,101,,60295,54,,,1,100,,60297,54,,,1,100,,60289,54,,,1,100,,60290,54,,,1,100,,60291,54,,,1,99,,60292,54,,,2,98,,60296,54,,,1,100,,60294,54,,,1
9700,'Dimanche-11-_26ÉTÉ-0000001-',854,,60301,54,,,2,100,,60303,54,,,2,100,,60300,54,,,1,100,,60299,54,,,1,100,,60298,54,,,2,100,,60302,54,,,2,100,,60305,54,,,1,101,,60304,54,,,2,100,,60310,54,,,2,101,,60312,54,,,1,100,,60314,54,,,1,100,,60306,54,,,1,100,,60307,54,,,1,100,,60308,54,,,1,99,,60309,54,,,2,98,,60313,54,,,1,100,,60311,54,,,1
9700,'Semaine-1-_26ÉTÉ-1111100-',727,,60333,54,,,1,31,,60334,54,,,1,91,,60323,54,,,2,101,,60319,54,,,1,96,,60332,54,,,2,100,,60327,54,,,2,100,,60324,54,,,1,100,,60329,54,,,2,101,,60315,54,,,1,94,,60320,54,,,1,105,,60328,54,,,1,96,,60330,58,,,2,102,,60321,58,,,2,72,,60316,58,,,2,21,,60325,54,,,1,101,,60317,54,,,2,99,,60326,54,,,1,100,,60322,54,,,1,101,,60318,54,,,2,110,,60331,54,,,1
9700,'Semaine-10-_26ÉTÉ-1111100-',727,,60353,54,,,1,31,,60354,54,,,1,91,,60343,54,,,2,101,,60339,54,,,1,96,,60352,54,,,2,100,,60347,54,,,2,100,,60344,54,,,1,100,,60349,54,,,2,101,,60335,54,,,1,94,,60340,54,,,1,105,,60348,54,,,1,96,,60350,58,,,2,102,,60341,58,,,2,72,,60336,58,,,2,21,,60345,54,,,1,101,,60337,54,,,2,99,,60346,54,,,1,100,,60342,54,,,1,101,,60338,54,,,2,110,,60351,54,,,1
9700,'Semaine-11-_26ÉTÉ-1111100-',727,,60373,54,,,1,31,,60374,54,,,1,91,,60363,54,,,2,101,,60359,54,,,1,96,,60372,54,,,2,100,,60367,54,,,2,100,,60364,54,,,1,100,,60369,54,,,2,101,,60355,54,,,1,94,,60360,54,,,1,105,,60368,54,,,1,96,,60370,58,,,2,102,,60361,58,,,2,72,,60356,58,,,2,21,,60365,54,,,1,101,,60357,54,,,2,99,,60366,54,,,1,100,,60362,54,,,1,101,,60358,54,,,2,110,,60371,54,,,1
9700,'Semaine-12-_26ÉTÉ-1111100-',727,,60393,54,,,1,31,,60394,54,,,1,91,,60383,54,,,2,101,,60379,54,,,1,96,,60392,54,,,2,100,,60387,54,,,2,100,,60384,54,,,1,100,,60389,54,,,2,101,,60375,54,,,1,94,,60380,54,,,1,105,,60388,54,,,1,96,,60390,58,,,2,102,,60381,58,,,2,72,,60376,58,,,2,21,,60385,54,,,1,101,,60377,54,,,2,99,,60386,54,,,1,100,,60382,54,,,1,101,,60378,54,,,2,110,,60391,54,,,1
9700,'Semaine-5-_26ÉTÉ-1111100-',727,,60413,54,,,1,31,,60414,54,,,1,91,,60403,54,,,2,101,,60399,54,,,1,96,,60412,54,,,2,100,,60407,54,,,2,100,,60404,54,,,1,100,,60409,54,,,2,101,,60395,54,,,1,94,,60400,54,,,1,105,,60408,54,,,1,96,,60410,58,,,2,102,,60401,58,,,2,72,,60396,58,,,2,21,,60405,54,,,1,101,,60397,54,,,2,99,,60406,54,,,1,100,,60402,54,,,1,101,,60398,54,,,2,110,,60411,54,,,1
29700,'Semaine-5-_26ÉTÉ-1111100-',755,,61034,44,,,2
