4001,'Semaine-3-_26ÉTÉ-1111100-',605,,41070,16,,,2,31,,41069,16,,,2,70,,41072,16,,,2,32,,41068,16,,,1,69,,41067,16,,,2,29,,41071,16,,,2
4001,'Semaine-4-_26ÉTÉ-1111100-',605,,41076,16,,,2,31,,41075,16,,,2,70,,41078,16,,,2,32,,41074,16,,,1,69,,41073,16,,,2,29,,41077,16,,,2
5000,'Semaine-3-_26ÉTÉ-1111100-',641,,41423,17,,,2,63,,41422,17,,,1,28,,41424,17,,,1,70,,41421,17,,,1,109,,41425,17,,,1
5000,'Semaine-4-_26ÉTÉ-1111100-',641,,41428,17,,,2,63,,41427,17,,,1,28,,41429,17,,,1,70,,41426,17,,,1,109,,41430,17,,,1
5201,'Samedi-10-_26ÉTÉ-0000010-',642,,41512,17,,,2,100,,41513,17,,,1,100,,41514,17,,,2,100,,41515,17,,,1,100,,41517,17,,,1,100,,41516,17,,,1,100,,41518,17,,,2,100,,41519,17,,,1,101,,41520,17,,,2,99,,41521,17,,,1,100,,41522,17,,,1,100,,41523,17,,,1,100,,41526,17,,,1,100,,41524,17,,,1,99,,41528,17,,,2,100,,41525,17,,,1,100,,41527,17,,,1,100,,41529,17,,,1
5201,'Semaine-3-_26ÉTÉ-1111100-',613,,41563,17,,,1,100,,41565,17,,,1,100,,41564,17,,,1,100,,41548,17,,,1,100,,41554,17,,,1,100,,41551,17,,,2,100,,41558,17,,,1,100,,41549,17,,,1,99,,41553,17,,,1,102,,41552,17,,,1,100,,41562,17,,,1,100,,41561,17,,,1,99,,41555,17,,,1,99,,41556,17,,,1,100,,41560,17,,,1,100,,41557,17,,,1,100,,41559,17,,,1,100,,41550,17,,,1
5201,'Semaine-4-_26ÉTÉ-1111100-',613,,41581,17,,,1,100,,41583,17,,,1,100,,41582,17,,,1,100,,41566,17,,,1,100,,41572,17,,,1,100,,41569,17,,,2,100,,41576,17,,,1,100,,41567,17,,,1,99,,41571,17,,,1,102,,41570,17,,,1,100,,41580,17,,,1,100,,41579,17,,,1,99,,41573,17,,,1,99,,41574,17,,,1,100,,41578,17,,,1,100,,41575,17,,,1,100,,41577,17,,,1,100,,41568,17,,,1
5501,'Samedi-10-_26ÉTÉ-0000010-',654,,41782,16,,,1,70,,41785,16,,,1,30,,41784,16,,,1,70,,41794,16,,,1,30,,41783,16,,,1,71,,41786,16,,,1,30,,41787,16,,,1,70,,41793,16,,,1,31,,41789,16,,,1,70,,41790,16,,,1,31,,41788,16,,,1,68,,41796,16,,,1,30,,41795,16,,,1,70,,41791,16,,,1,30,,41792,16,,,1,70,,41797,16,,,1,30,,41798,16,,,1,70,,41799,16,,,1,30,,41800,16,,,1,70,,41801,16,,,1,30,,41802,16,,,1,70,,41803,16,,,1,30,,41804,16,,,1,70,,41805,16,,,1,30,,41806,16,,,1,70,,41807,16,,,1,30,,41808,16,,,1,70,,41809,16,,,1,30,,41810,16,,,1,70,,41812,16,,,1,29,,41811,16,,,1,72,,41814,16,,,1,28,,41813,16,,,1
5501,'Semaine-3-_26ÉTÉ-1111100-',513,,41874,16,,,1,15,,41881,16,,,1,13,,41880,16,,,1,16,,41864,16,,,1,55,,41902,16,,,1,22,,41901,16,,,1,7,,41861,16,,,1,12,,41906,16,,,1,55,,41887,16,,,1,13,,41895,16,,,1,14,,41865,16,,,1,11,,41869,16,,,1,13,,41867,16,,,1,49,,41896,16,,,1,6,,41898,16,,,1,12,,41875,16,,,1,30,,41879,16,,,1,52,,41866,16,,,1,11,,41900,16,,,1,29,,41893,16,,,1,71,,41897,16,,,1,26,,41863,16,,,1,72,,41870,16,,,1,30,,41883,16,,,1,70,,41894,16,,,1,29,,41890,16,,,1,70,,41871,16,,,1,30,,41903,16,,,1,70,,41862,16,,,1,30,,41868,16,,,1,88,,41872,16,,,1,102,,41877,16,,,1,100,,41882,16,,,1,101,,41899,16,,,1,21,,41888,16,,,1,70,,41876,16,,,1,72,,41892,16,,,1,29,,41885,16,,,1,30,,41904,16,,,1,70,,41878,16,,,1,30,,41884,16,,,1,73,,41886,16,,,1,70,,41873,16,,,1,30,,41891,16,,,1,70,,41889,16,,,1
5501,'Semaine-4-_26ÉTÉ-1111100-',513,,41920,16,,,1,15,,41927,16,,,1,13,,41926,16,,,1,16,,41910,16,,,1,55,,41948,16,,,1,22,,41947,16,,,1,7,,41907,16,,,1,12,,41952,16,,,1,55,,41933,16,,,1,13,,41941,16,,,1,14,,41911,16,,,1,11,,41915,16,,,1,13,,41913,16,,,1,49,,41942,16,,,1,6,,41944,16,,,1,12,,41921,16,,,1,30,,41925,16,,,1,52,,41912,16,,,1,11,,41946,16,,,1,29,,41939,16,,,1,71,,41943,16,,,1,26,,41909,16,,,1,72,,41916,16,,,1,30,,41929,16,,,1,70,,41940,16,,,1,29,,41936,16,,,1,70,,41917,16,,,1,30,,41949,16,,,1,70,,41908,16,,,1,30,,41914,16,,,1,88,,41918,16,,,1,102,,41923,16,,,1,100,,41928,16,,,1,101,,41945,16,,,1,21,,41934,16,,,1,70,,41922,16,,,1,72,,41938,16,,,1,29,,41931,16,,,1,30,,41950,16,,,1,70,,41924,16,,,1,30,,41930,16,,,1,73,,41932,16,,,1,70,,41919,16,,,1,30,,41937,16,,,1,70,,41935,16,,,1
55000,'Semaine-3-_26ÉTÉ-1111100-',657,,46762,17,,,1
55000,'Semaine-4-_26ÉTÉ-1111100-',657,,46763,17,,,1
64001,'Semaine-3-_26ÉTÉ-1111100-',725,,46783,17,,,1
64001,'Semaine-4-_26ÉTÉ-1111100-',725,,46784,17,,,1
74001,'Semaine-3-_26ÉTÉ-1111100-',810,,46801,17,,,1
74001,'Semaine-4-_26ÉTÉ-1111100-',810,,46802,17,,,1
