3601,'Semaine-1-_26ÉTÉ-1111100-',848,,50054,17,,,1,90,,50052,17,,,1,100,,50055,17,,,1,100,,50053,17,,,1,99,,50058,17,,,1,100,,50057,17,,,1,101,,50056,17,,,1
3601,'Semaine-10-_26ÉTÉ-1111100-',848,,50061,17,,,1,90,,50059,17,,,1,100,,50062,17,,,1,100,,50060,17,,,1,99,,50065,17,,,1,100,,50064,17,,,1,101,,50063,17,,,1
3601,'Semaine-11-_26ÉTÉ-1111100-',848,,50068,17,,,1,90,,50066,17,,,1,100,,50069,17,,,1,100,,50067,17,,,1,99,,50072,17,,,1,100,,50071,17,,,1,101,,50070,17,,,1
3601,'Semaine-12-_26ÉTÉ-1111100-',848,,50075,17,,,1,90,,50073,17,,,1,100,,50076,17,,,1,100,,50074,17,,,1,99,,50079,17,,,1,100,,50078,17,,,1,101,,50077,17,,,1
3701,'Samedi-0-_26ÉTÉ-0000010-',652,,50305,17,,,1,100,,50310,17,,,1,100,,50304,17,,,1,100,,50309,17,,,1,101,,50306,17,,,1,99,,50307,17,,,1,100,,50311,17,,,1,101,,50308,17,,,1,100,,50312,17,,,1,100,,50313,17,,,1,100,,50314,17,,,1,99,,50315,17,,,1,100,,50316,17,,,1,102,,50317,17,,,1,98,,50318,17,,,1,98,,50319,17,,,1,100,,50320,17,,,1
3701,'Dimanche-0-_26ÉTÉ-0000001-',652,,50321,17,,,1,100,,50325,17,,,1,100,,50326,17,,,1,100,,50328,17,,,1,101,,50327,17,,,1,99,,50323,17,,,1,100,,50322,17,,,1,101,,50324,17,,,1,100,,50329,17,,,1,100,,50333,17,,,1,100,,50336,17,,,1,99,,50330,17,,,1,100,,50331,17,,,1,102,,50337,17,,,1,98,,50335,17,,,1,98,,50332,17,,,1,100,,50334,17,,,1
3701,'Dimanche-10-_26ÉTÉ-0000001-',652,,50338,17,,,1,100,,50342,17,,,1,100,,50343,17,,,1,100,,50345,17,,,1,101,,50344,17,,,1,99,,50340,17,,,1,100,,50339,17,,,1,101,,50341,17,,,1,100,,50346,17,,,1,100,,50350,17,,,1,100,,50353,17,,,1,99,,50347,17,,,1,100,,50348,17,,,1,102,,50354,17,,,1,98,,50352,17,,,1,98,,50349,17,,,1,100,,50351,17,,,1
3701,'Dimanche-11-_26ÉTÉ-0000001-',652,,50355,17,,,1,100,,50359,17,,,1,100,,50360,17,,,1,100,,50362,17,,,1,101,,50361,17,,,1,99,,50357,17,,,1,100,,50356,17,,,1,101,,50358,17,,,1,100,,50363,17,,,1,100,,50367,17,,,1,100,,50370,17,,,1,99,,50364,17,,,1,100,,50365,17,,,1,102,,50371,17,,,1,98,,50369,17,,,1,98,,50366,17,,,1,100,,50368,17,,,1
3701,'Semaine-1-_26ÉTÉ-1111100-',520,,50385,17,,,1,29,,50383,17,,,1,75,,50387,17,,,1,30,,50377,17,,,1,68,,50394,17,,,1,20,,50374,17,,,1,10,,50395,17,,,1,72,,50376,17,,,1,99,,50393,17,,,1,100,,50381,17,,,1,100,,50375,17,,,1,101,,50373,17,,,1,99,,50378,17,,,1,100,,50389,17,,,1,98,,50372,17,,,1,31,,50388,17,,,1,70,,50391,17,,,1,30,,50386,17,,,1,71,,50392,17,,,1,30,,50396,17,,,1,85,,50380,17,,,1,100,,50390,17,,,1,101,,50382,17,,,1,99,,50379,17,,,1,102,,50384,17,,,1
3701,'Semaine-10-_26ÉTÉ-1111100-',520,,50410,17,,,1,29,,50408,17,,,1,75,,50412,17,,,1,30,,50402,17,,,1,68,,50419,17,,,1,20,,50399,17,,,1,10,,50420,17,,,1,72,,50401,17,,,1,99,,50418,17,,,1,100,,50406,17,,,1,100,,50400,17,,,1,101,,50398,17,,,1,99,,50403,17,,,1,100,,50414,17,,,1,98,,50397,17,,,1,31,,50413,17,,,1,70,,50416,17,,,1,30,,50411,17,,,1,71,,50417,17,,,1,30,,50421,17,,,1,85,,50405,17,,,1,100,,50415,17,,,1,101,,50407,17,,,1,99,,50404,17,,,1,102,,50409,17,,,1
3701,'Semaine-11-_26ÉTÉ-1111100-',520,,50435,17,,,1,29,,50433,17,,,1,75,,50437,17,,,1,30,,50427,17,,,1,68,,50444,17,,,1,20,,50424,17,,,1,10,,50445,17,,,1,72,,50426,17,,,1,99,,50443,17,,,1,100,,50431,17,,,1,100,,50425,17,,,1,101,,50423,17,,,1,99,,50428,17,,,1,100,,50439,17,,,1,98,,50422,17,,,1,31,,50438,17,,,1,70,,50441,17,,,1,30,,50436,17,,,1,71,,50442,17,,,1,30,,50446,17,,,1,85,,50430,17,,,1,100,,50440,17,,,1,101,,50432,17,,,1,99,,50429,17,,,1,102,,50434,17,,,1
3701,'Semaine-12-_26ÉTÉ-1111100-',520,,50460,17,,,1,29,,50458,17,,,1,75,,50462,17,,,1,30,,50452,17,,,1,68,,50469,17,,,1,20,,50449,17,,,1,10,,50470,17,,,1,72,,50451,17,,,1,99,,50468,17,,,1,100,,50456,17,,,1,100,,50450,17,,,1,101,,50448,17,,,1,99,,50453,17,,,1,100,,50464,17,,,1,98,,50447,17,,,1,31,,50463,17,,,1,70,,50466,17,,,1,30,,50461,17,,,1,71,,50467,17,,,1,30,,50471,17,,,1,85,,50455,17,,,1,100,,50465,17,,,1,101,,50457,17,,,1,99,,50454,17,,,1,102,,50459,17,,,1
3801,'Samedi-0-_26ÉTÉ-0000010-',708,,50843,6,,,1,30,,50839,6,,,1,70,,50851,6,,,1,31,,50844,6,,,1,69,,50840,6,,,1,31,,50852,6,,,1,67,,50845,6,,,1,33,,50849,6,,,1,66,,50841,6,,,1,34,,50846,6,,,1,70,,50850,6,,,1,30,,50842,6,,,1,69,,50847,6,,,1,32,,50848,6,,,1,68,,50853,6,,,1,32,,50854,6,,,1,67,,50855,6,,,1,32,,50856,6,,,1,69,,50857,6,,,1,31,,50858,6,,,1,69,,50859,6,,,1,31,,50860,6,,,1,67,,50861,6,,,1,33,,50863,6,,,1,69,,50862,6,,,1,31,,50865,6,,,1,69,,50864,6,,,1,31,,50866,6,,,1,70,,50867,6,,,1,30,,50871,6,,,1,70,,50868,6,,,1,30,,50869,6,,,1,71,,50870,6,,,1
3801,'Dimanche-0-_26ÉTÉ-0000001-',708,,50879,6,,,1,30,,50875,6,,,1,70,,50886,6,,,1,31,,50878,6,,,1,69,,50872,6,,,1,31,,50887,6,,,1,67,,50881,6,,,1,33,,50873,6,,,1,66,,50885,6,,,1,34,,50880,6,,,1,70,,50874,6,,,1,30,,50876,6,,,1,69,,50877,6,,,1,32,,50883,6,,,1,68,,50889,6,,,1,32,,50890,6,,,1,67,,50884,6,,,1,32,,50888,6,,,1,69,,50894,6,,,1,31,,50899,6,,,1,69,,50900,6,,,1,31,,50895,6,,,1,67,,50882,6,,,1,33,,50897,6,,,1,69,,50892,6,,,1,31,,50893,6,,,1,69,,50896,6,,,1,31,,50898,6,,,1,70,,50902,6,,,1,30,,50901,6,,,1,70,,50891,6,,,1,30,,50903,6,,,1,71,,50904,6,,,1
3801,'Dimanche-10-_26ÉTÉ-0000001-',708,,50912,6,,,1,30,,50908,6,,,1,70,,50919,6,,,1,31,,50911,6,,,1,69,,50905,6,,,1,31,,50920,6,,,1,67,,50914,6,,,1,33,,50906,6,,,1,66,,50918,6,,,1,34,,50913,6,,,1,70,,50907,6,,,1,30,,50909,6,,,1,69,,50910,6,,,1,32,,50916,6,,,1,68,,50922,6,,,1,32,,50923,6,,,1,67,,50917,6,,,1,32,,50921,6,,,1,69,,50927,6,,,1,31,,50932,6,,,1,69,,50933,6,,,1,31,,50928,6,,,1,67,,50915,6,,,1,33,,50930,6,,,1,69,,50925,6,,,1,31,,50926,6,,,1,69,,50929,6,,,1,31,,50931,6,,,1,70,,50935,6,,,1,30,,50934,6,,,1,70,,50924,6,,,1,30,,50936,6,,,1,71,,50937,6,,,1
3801,'Dimanche-11-_26ÉTÉ-0000001-',708,,50945,6,,,1,30,,50941,6,,,1,70,,50952,6,,,1,31,,50944,6,,,1,69,,50938,6,,,1,31,,50953,6,,,1,67,,50947,6,,,1,33,,50939,6,,,1,66,,50951,6,,,1,34,,50946,6,,,1,70,,50940,6,,,1,30,,50942,6,,,1,69,,50943,6,,,1,32,,50949,6,,,1,68,,50955,6,,,1,32,,50956,6,,,1,67,,50950,6,,,1,32,,50954,6,,,1,69,,50960,6,,,1,31,,50965,6,,,1,69,,50966,6,,,1,31,,50961,6,,,1,67,,50948,6,,,1,33,,50963,6,,,1,69,,50958,6,,,1,31,,50959,6,,,1,69,,50962,6,,,1,31,,50964,6,,,1,70,,50968,6,,,1,30,,50967,6,,,1,70,,50957,6,,,1,30,,50969,6,,,1,71,,50970,6,,,1
3801,'Semaine-1-_26ÉTÉ-1111100-',615,,50999,6,,,1,28,,50971,6,,,1,73,,50998,6,,,1,12,,51009,6,,,1,21,,51005,6,,,1,67,,50987,6,,,1,27,,51007,6,,,1,71,,50994,6,,,1,20,,50977,6,,,1,20,,51003,6,,,1,60,,50988,6,,,1,20,,50980,6,,,1,20,,50995,6,,,1,60,,50978,6,,,1,20,,51002,6,,,1,20,,51008,6,,,1,60,,50981,6,,,1,21,,51010,6,,,1,19,,50996,6,,,1,60,,51001,6,,,1,20,,50989,6,,,1,20,,50982,6,,,1,60,,50997,6,,,1,20,,51011,6,,,1,19,,50984,6,,,1,60,,50990,6,,,1,30,,51004,6,,,1,68,,50979,6,,,1,32,,50986,6,,,1,71,,50976,6,,,1,29,,51012,6,,,1,60,,50973,6,,,1,21,,51006,6,,,1,32,,50975,6,,,1,70,,50985,6,,,1,30,,50993,6,,,1,70,,51000,6,,,1,30,,50983,6,,,1,70,,50991,6,,,1,30,,50992,6,,,1,70,,50972,6,,,1,85,,50974,6,,,1
3801,'Semaine-10-_26ÉTÉ-1111100-',615,,51041,6,,,1,28,,51013,6,,,1,73,,51040,6,,,1,12,,51051,6,,,1,21,,51047,6,,,1,67,,51029,6,,,1,27,,51049,6,,,1,71,,51036,6,,,1,20,,51019,6,,,1,20,,51045,6,,,1,60,,51030,6,,,1,20,,51022,6,,,1,20,,51037,6,,,1,60,,51020,6,,,1,20,,51044,6,,,1,20,,51050,6,,,1,60,,51023,6,,,1,21,,51052,6,,,1,19,,51038,6,,,1,60,,51043,6,,,1,20,,51031,6,,,1,20,,51024,6,,,1,60,,51039,6,,,1,20,,51053,6,,,1,19,,51026,6,,,1,60,,51032,6,,,1,30,,51046,6,,,1,68,,51021,6,,,1,32,,51028,6,,,1,71,,51018,6,,,1,29,,51054,6,,,1,60,,51015,6,,,1,21,,51048,6,,,1,32,,51017,6,,,1,70,,51027,6,,,1,30,,51035,6,,,1,70,,51042,6,,,1,30,,51025,6,,,1,70,,51033,6,,,1,30,,51034,6,,,1,70,,51014,6,,,1,85,,51016,6,,,1
3801,'Semaine-11-_26ÉTÉ-1111100-',615,,51083,6,,,1,28,,51055,6,,,1,73,,51082,6,,,1,12,,51093,6,,,1,21,,51089,6,,,1,67,,51071,6,,,1,27,,51091,6,,,1,71,,51078,6,,,1,20,,51061,6,,,1,20,,51087,6,,,1,60,,51072,6,,,1,20,,51064,6,,,1,20,,51079,6,,,1,60,,51062,6,,,1,20,,51086,6,,,1,20,,51092,6,,,1,60,,51065,6,,,1,21,,51094,6,,,1,19,,51080,6,,,1,60,,51085,6,,,1,20,,51073,6,,,1,20,,51066,6,,,1,60,,51081,6,,,1,20,,51095,6,,,1,19,,51068,6,,,1,60,,51074,6,,,1,30,,51088,6,,,1,68,,51063,6,,,1,32,,51070,6,,,1,71,,51060,6,,,1,29,,51096,6,,,1,60,,51057,6,,,1,21,,51090,6,,,1,32,,51059,6,,,1,70,,51069,6,,,1,30,,51077,6,,,1,70,,51084,6,,,1,30,,51067,6,,,1,70,,51075,6,,,1,30,,51076,6,,,1,70,,51056,6,,,1,85,,51058,6,,,1
3801,'Semaine-12-_26ÉTÉ-1111100-',615,,51125,6,,,1,28,,51097,6,,,1,73,,51124,6,,,1,12,,51135,6,,,1,21,,51131,6,,,1,67,,51113,6,,,1,27,,51133,6,,,1,71,,51120,6,,,1,20,,51103,6,,,1,20,,51129,6,,,1,60,,51114,6,,,1,20,,51106,6,,,1,20,,51121,6,,,1,60,,51104,6,,,1,20,,51128,6,,,1,20,,51134,6,,,1,60,,51107,6,,,1,21,,51136,6,,,1,19,,51122,6,,,1,60,,51127,6,,,1,20,,51115,6,,,1,20,,51108,6,,,1,60,,51123,6,,,1,20,,51137,6,,,1,19,,51110,6,,,1,60,,51116,6,,,1,30,,51130,6,,,1,68,,51105,6,,,1,32,,51112,6,,,1,71,,51102,6,,,1,29,,51138,6,,,1,60,,51099,6,,,1,21,,51132,6,,,1,32,,51101,6,,,1,70,,51111,6,,,1,30,,51119,6,,,1,70,,51126,6,,,1,30,,51109,6,,,1,70,,51117,6,,,1,30,,51118,6,,,1,70,,51098,6,,,1,85,,51100,6,,,1
