9501,'Semaine-1-_26ÉTÉ-1111100-',537,,60211,14,,,1,15,,60207,14,,,1,55,,60209,14,,,1,15,,60214,14,,,2,15,,60210,14,,,2,15,,60212,14,,,2,57,,60213,14,,,1,13,,60208,14,,,2
9501,'Semaine-10-_26ÉTÉ-1111100-',537,,60219,14,,,1,15,,60215,14,,,1,55,,60217,14,,,1,15,,60222,14,,,2,15,,60218,14,,,2,15,,60220,14,,,2,57,,60221,14,,,1,13,,60216,14,,,2
9501,'Semaine-11-_26ÉTÉ-1111100-',537,,60227,14,,,1,15,,60223,14,,,1,55,,60225,14,,,1,15,,60230,14,,,2,15,,60226,14,,,2,15,,60228,14,,,2,57,,60229,14,,,1,13,,60224,14,,,2
9501,'Semaine-12-_26ÉTÉ-1111100-',537,,60235,14,,,1,15,,60231,14,,,1,55,,60233,14,,,1,15,,60238,14,,,2,15,,60234,14,,,2,15,,60236,14,,,2,57,,60237,14,,,1,13,,60232,14,,,2
9501,'Semaine-5-_26ÉTÉ-1111100-',537,,60243,14,,,1,15,,60239,14,,,1,55,,60241,14,,,1,15,,60246,14,,,2,15,,60242,14,,,2,15,,60244,14,,,2,57,,60245,14,,,1,13,,60240,14,,,2
9701,'Samedi-0-_26ÉTÉ-0000010-',732,,60417,18,,,2,100,,60420,18,,,1,100,,60418,18,,,2,100,,60421,18,,,2,100,,60415,18,,,1,100,,60416,18,,,1,101,,60419,18,,,2,100,,60422,18,,,2,100,,60423,18,,,1,100,,60424,18,,,2,100,,60425,18,,,2,100,,60426,18,,,1,100,,60430,18,,,1,100,,60427,18,,,1,99,,60428,18,,,1,100,,60429,18,,,1
9701,'Dimanche-0-_26ÉTÉ-0000001-',732,,60437,18,,,2,100,,60434,18,,,1,100,,60435,18,,,2,100,,60438,18,,,2,100,,60433,18,,,1,100,,60432,18,,,1,101,,60431,18,,,2,100,,60436,18,,,2,100,,60440,18,,,1,100,,60439,18,,,2,100,,60444,18,,,2,100,,60445,18,,,1,100,,60446,18,,,1,100,,60441,18,,,1,99,,60442,18,,,1,100,,60443,18,,,1
9701,'Dimanche-10-_26ÉTÉ-0000001-',732,,60453,18,,,2,100,,60450,18,,,1,100,,60451,18,,,2,100,,60454,18,,,2,100,,60449,18,,,1,100,,60448,18,,,1,101,,60447,18,,,2,100,,60452,18,,,2,100,,60456,18,,,1,100,,60455,18,,,2,100,,60460,18,,,2,100,,60461,18,,,1,100,,60462,18,,,1,100,,60457,18,,,1,99,,60458,18,,,1,100,,60459,18,,,1
9701,'Dimanche-11-_26ÉTÉ-0000001-',732,,60469,18,,,2,100,,60466,18,,,1,100,,60467,18,,,2,100,,60470,18,,,2,100,,60465,18,,,1,100,,60464,18,,,1,101,,60463,18,,,2,100,,60468,18,,,2,100,,60472,18,,,1,100,,60471,18,,,2,100,,60476,18,,,2,100,,60477,18,,,1,100,,60478,18,,,1,100,,60473,18,,,1,99,,60474,18,,,1,100,,60475,18,,,1
9701,'Semaine-1-_26ÉTÉ-1111100-',613,,60493,18,,,1,100,,60486,18,,,2,109,,60495,18,,,1,103,,60484,18,,,2,100,,60481,18,,,1,100,,60494,18,,,2,98,,60489,18,,,2,102,,60485,18,,,1,100,,60491,18,,,2,100,,60479,18,,,1,96,,60482,18,,,1,102,,60490,18,,,1,99,,60492,18,,,2,95,,60483,18,,,2,97,,60487,18,,,1,100,,60480,18,,,2,100,,60488,18,,,1
9701,'Semaine-10-_26ÉTÉ-1111100-',613,,60510,18,,,1,100,,60503,18,,,2,109,,60512,18,,,1,103,,60501,18,,,2,100,,60498,18,,,1,100,,60511,18,,,2,98,,60506,18,,,2,102,,60502,18,,,1,100,,60508,18,,,2,100,,60496,18,,,1,96,,60499,18,,,1,102,,60507,18,,,1,99,,60509,18,,,2,95,,60500,18,,,2,97,,60504,18,,,1,100,,60497,18,,,2,100,,60505,18,,,1
9701,'Semaine-11-_26ÉTÉ-1111100-',613,,60527,18,,,1,100,,60520,18,,,2,109,,60529,18,,,1,103,,60518,18,,,2,100,,60515,18,,,1,100,,60528,18,,,2,98,,60523,18,,,2,102,,60519,18,,,1,100,,60525,18,,,2,100,,60513,18,,,1,96,,60516,18,,,1,102,,60524,18,,,1,99,,60526,18,,,2,95,,60517,18,,,2,97,,60521,18,,,1,100,,60514,18,,,2,100,,60522,18,,,1
9701,'Semaine-12-_26ÉTÉ-1111100-',613,,60544,18,,,1,100,,60537,18,,,2,109,,60546,18,,,1,103,,60535,18,,,2,100,,60532,18,,,1,100,,60545,18,,,2,98,,60540,18,,,2,102,,60536,18,,,1,100,,60542,18,,,2,100,,60530,18,,,1,96,,60533,18,,,1,102,,60541,18,,,1,99,,60543,18,,,2,95,,60534,18,,,2,97,,60538,18,,,1,100,,60531,18,,,2,100,,60539,18,,,1
9701,'Semaine-5-_26ÉTÉ-1111100-',613,,60561,18,,,1,100,,60554,18,,,2,109,,60563,18,,,1,103,,60552,18,,,2,100,,60549,18,,,1,100,,60562,18,,,2,98,,60557,18,,,2,102,,60553,18,,,1,100,,60559,18,,,2,100,,60547,18,,,1,96,,60550,18,,,1,102,,60558,18,,,1,99,,60560,18,,,2,95,,60551,18,,,2,97,,60555,18,,,1,100,,60548,18,,,2,100,,60556,18,,,1
9801,'Semaine-1-_26ÉTÉ-1111100-',508,,60564,14,,,1,10,,60565,14,,,1,10,,60566,14,,,1
9801,'Semaine-10-_26ÉTÉ-1111100-',508,,60567,14,,,1,10,,60568,14,,,1,10,,60569,14,,,1
9801,'Semaine-11-_26ÉTÉ-1111100-',508,,60570,14,,,1,10,,60571,14,,,1,10,,60572,14,,,1
9801,'Semaine-12-_26ÉTÉ-1111100-',508,,60573,14,,,1,10,,60574,14,,,1,10,,60575,14,,,1
9801,'Semaine-5-_26ÉTÉ-1111100-',508,,60576,14,,,1,10,,60577,14,,,1,10,,60578,14,,,1
