6501,'Samedi-0-_26ÉTÉ-0000010-',745,,55476,12,,,1,100,,55474,12,,,2,100,,55473,12,,,1,100,,55471,12,,,1,100,,55470,12,,,1,100,,55472,12,,,1,100,,55475,12,,,1,100,,55477,12,,,1,100,,55478,12,,,1,100,,55479,12,,,1,100,,55480,12,,,1,100,,55484,12,,,1,100,,55481,12,,,1,100,,55482,12,,,1,100,,55483,12,,,1,100,,55485,12,,,2,100,,55486,12,,,1
6501,'Dimanche-0-_26ÉTÉ-0000001-',745,,55490,12,,,1,100,,55491,12,,,2,100,,55493,12,,,1,100,,55489,12,,,1,100,,55492,12,,,1,100,,55488,12,,,1,100,,55487,12,,,1,100,,55494,12,,,1,100,,55499,12,,,1,100,,55501,12,,,1,100,,55496,12,,,1,100,,55497,12,,,1,100,,55495,12,,,1,100,,55500,12,,,1,100,,55502,12,,,1,100,,55503,12,,,2,100,,55498,12,,,1
6501,'Dimanche-10-_26ÉTÉ-0000001-',745,,55507,12,,,1,100,,55508,12,,,2,100,,55510,12,,,1,100,,55506,12,,,1,100,,55509,12,,,1,100,,55505,12,,,1,100,,55504,12,,,1,100,,55511,12,,,1,100,,55516,12,,,1,100,,55518,12,,,1,100,,55513,12,,,1,100,,55514,12,,,1,100,,55512,12,,,1,100,,55517,12,,,1,100,,55519,12,,,1,100,,55520,12,,,2,100,,55515,12,,,1
6501,'Dimanche-11-_26ÉTÉ-0000001-',745,,55524,12,,,1,100,,55525,12,,,2,100,,55527,12,,,1,100,,55523,12,,,1,100,,55526,12,,,1,100,,55522,12,,,1,100,,55521,12,,,1,100,,55528,12,,,1,100,,55533,12,,,1,100,,55535,12,,,1,100,,55530,12,,,1,100,,55531,12,,,1,100,,55529,12,,,1,100,,55534,12,,,1,100,,55536,12,,,1,100,,55537,12,,,2,100,,55532,12,,,1
6501,'Semaine-1-_26ÉTÉ-1111100-',536,,55555,12,,,1,70,,55569,12,,,1,20,,55538,12,,,1,20,,55554,12,,,1,60,,55570,12,,,1,20,,55557,12,,,1,20,,55559,12,,,1,60,,55549,12,,,2,20,,55552,12,,,2,20,,55540,12,,,1,60,,55566,12,,,2,30,,55541,12,,,1,100,,55542,12,,,2,100,,55567,12,,,1,101,,55560,12,,,2,100,,55556,12,,,2,100,,55561,12,,,1,70,,55551,12,,,2,30,,55539,12,,,2,18,,55545,12,,,2,62,,55564,12,,,2,20,,55568,12,,,1,18,,55546,12,,,1,62,,55565,12,,,1,20,,55543,12,,,2,20,,55547,12,,,1,69,,55563,12,,,1,30,,55553,12,,,2,70,,55548,12,,,1,100,,55562,12,,,1,100,,55558,12,,,1,100,,55550,12,,,1,100,,55544,12,,,1
6501,'Semaine-10-_26ÉTÉ-1111100-',536,,55588,12,,,1,70,,55602,12,,,1,20,,55571,12,,,1,20,,55587,12,,,1,60,,55603,12,,,1,20,,55590,12,,,1,20,,55592,12,,,1,60,,55582,12,,,2,20,,55585,12,,,2,20,,55573,12,,,1,60,,55599,12,,,2,30,,55574,12,,,1,100,,55575,12,,,2,100,,55600,12,,,1,101,,55593,12,,,2,100,,55589,12,,,2,100,,55594,12,,,1,70,,55584,12,,,2,30,,55572,12,,,2,18,,55578,12,,,2,62,,55597,12,,,2,20,,55601,12,,,1,18,,55579,12,,,1,62,,55598,12,,,1,20,,55576,12,,,2,20,,55580,12,,,1,69,,55596,12,,,1,30,,55586,12,,,2,70,,55581,12,,,1,100,,55595,12,,,1,100,,55591,12,,,1,100,,55583,12,,,1,100,,55577,12,,,1
6501,'Semaine-11-_26ÉTÉ-1111100-',536,,55621,12,,,1,70,,55635,12,,,1,20,,55604,12,,,1,20,,55620,12,,,1,60,,55636,12,,,1,20,,55623,12,,,1,20,,55625,12,,,1,60,,55615,12,,,2,20,,55618,12,,,2,20,,55606,12,,,1,60,,55632,12,,,2,30,,55607,12,,,1,100,,55608,12,,,2,100,,55633,12,,,1,101,,55626,12,,,2,100,,55622,12,,,2,100,,55627,12,,,1,70,,55617,12,,,2,30,,55605,12,,,2,18,,55611,12,,,2,62,,55630,12,,,2,20,,55634,12,,,1,18,,55612,12,,,1,62,,55631,12,,,1,20,,55609,12,,,2,20,,55613,12,,,1,69,,55629,12,,,1,30,,55619,12,,,2,70,,55614,12,,,1,100,,55628,12,,,1,100,,55624,12,,,1,100,,55616,12,,,1,100,,55610,12,,,1
6501,'Semaine-12-_26ÉTÉ-1111100-',536,,55654,12,,,1,70,,55668,12,,,1,20,,55637,12,,,1,20,,55653,12,,,1,60,,55669,12,,,1,20,,55656,12,,,1,20,,55658,12,,,1,60,,55648,12,,,2,20,,55651,12,,,2,20,,55639,12,,,1,60,,55665,12,,,2,30,,55640,12,,,1,100,,55641,12,,,2,100,,55666,12,,,1,101,,55659,12,,,2,100,,55655,12,,,2,100,,55660,12,,,1,70,,55650,12,,,2,30,,55638,12,,,2,18,,55644,12,,,2,62,,55663,12,,,2,20,,55667,12,,,1,18,,55645,12,,,1,62,,55664,12,,,1,20,,55642,12,,,2,20,,55646,12,,,1,69,,55662,12,,,1,30,,55652,12,,,2,70,,55647,12,,,1,100,,55661,12,,,1,100,,55657,12,,,1,100,,55649,12,,,1,100,,55643,12,,,1
8501,'Semaine-1-_26ÉTÉ-1111100-',525,,59927,8,,,1,28,,59929,8,,,1,64,,59932,8,,,1,18,,59931,8,,,2,14,,59936,8,,,2,57,,59928,8,,,2,15,,59934,8,,,1,15,,59930,8,,,2,15,,59935,8,,,1,60,,59933,8,,,1
8501,'Semaine-10-_26ÉTÉ-1111100-',525,,59937,8,,,1,28,,59939,8,,,1,64,,59942,8,,,1,18,,59941,8,,,2,14,,59946,8,,,2,57,,59938,8,,,2,15,,59944,8,,,1,15,,59940,8,,,2,15,,59945,8,,,1,60,,59943,8,,,1
8501,'Semaine-11-_26ÉTÉ-1111100-',525,,59947,8,,,1,28,,59949,8,,,1,64,,59952,8,,,1,18,,59951,8,,,2,14,,59956,8,,,2,57,,59948,8,,,2,15,,59954,8,,,1,15,,59950,8,,,2,15,,59955,8,,,1,60,,59953,8,,,1
8501,'Semaine-12-_26ÉTÉ-1111100-',525,,59957,8,,,1,28,,59959,8,,,1,64,,59962,8,,,1,18,,59961,8,,,2,14,,59966,8,,,2,57,,59958,8,,,2,15,,59964,8,,,1,15,,59960,8,,,2,15,,59965,8,,,1,60,,59963,8,,,1
