2301,'Semaine-3-_26ÉTÉ-1111100-',613,,38720,5,,,1,30,,38717,5,,,1,70,,38721,5,,,1,30,,38719,5,,,2,70,,38718,5,,,2
2301,'Semaine-4-_26ÉTÉ-1111100-',613,,38725,5,,,1,30,,38722,5,,,1,70,,38726,5,,,1,30,,38724,5,,,2,70,,38723,5,,,2
3201,'Semaine-3-_26ÉTÉ-1111100-',510,,39418,8,,,2,20,,39417,8,,,1,20,,39409,8,,,2,61,,39419,8,,,1,10,,39399,8,,,2,10,,39420,8,,,1,10,,39400,8,,,2,10,,39401,8,,,1,8,,39393,8,,,1,48,,39396,8,,,1,8,,39422,8,,,1,8,,39402,8,,,1,9,,39397,8,,,1,7,,39410,8,,,2,8,,39392,8,,,1,8,,39403,8,,,1,48,,39421,8,,,1,8,,39391,8,,,1,10,,39390,8,,,2,10,,39395,8,,,1,11,,39398,8,,,1,10,,39404,8,,,1,61,,39378,8,,,1,30,,39388,8,,,2,70,,39381,8,,,1,30,,39384,8,,,2,70,,39377,8,,,1,30,,39387,8,,,2,70,,39382,8,,,1,30,,39389,8,,,1,70,,39371,8,,,1,30,,39376,8,,,2,70,,39383,8,,,1,30,,39394,8,,,1,70,,39411,8,,,1,27,,39412,8,,,1,72,,39413,8,,,1,31,,39414,8,,,1,70,,39415,8,,,1,30,,39416,8,,,1,70,,39374,8,,,1,30,,39372,8,,,1,71,,39385,8,,,1,30,,39380,8,,,1,70,,39375,8,,,1,30,,39373,8,,,1,70,,39386,8,,,1,30,,39379,8,,,1,70,,39406,8,,,2,30,,39405,8,,,1,70,,39407,8,,,1,30,,39408,8,,,1
3201,'Semaine-4-_26ÉTÉ-1111100-',510,,39470,8,,,2,20,,39469,8,,,1,20,,39461,8,,,2,61,,39471,8,,,1,10,,39451,8,,,2,10,,39472,8,,,1,10,,39452,8,,,2,10,,39453,8,,,1,8,,39445,8,,,1,48,,39448,8,,,1,8,,39474,8,,,1,8,,39454,8,,,1,9,,39449,8,,,1,7,,39462,8,,,2,8,,39444,8,,,1,8,,39455,8,,,1,48,,39473,8,,,1,8,,39443,8,,,1,10,,39442,8,,,2,10,,39447,8,,,1,11,,39450,8,,,1,10,,39456,8,,,1,61,,39430,8,,,1,30,,39440,8,,,2,70,,39433,8,,,1,30,,39436,8,,,2,70,,39429,8,,,1,30,,39439,8,,,2,70,,39434,8,,,1,30,,39441,8,,,1,70,,39423,8,,,1,30,,39428,8,,,2,70,,39435,8,,,1,30,,39446,8,,,1,70,,39463,8,,,1,27,,39464,8,,,1,72,,39465,8,,,1,31,,39466,8,,,1,70,,39467,8,,,1,30,,39468,8,,,1,70,,39426,8,,,1,30,,39424,8,,,1,71,,39437,8,,,1,30,,39432,8,,,1,70,,39427,8,,,1,30,,39425,8,,,1,70,,39438,8,,,1,30,,39431,8,,,1,70,,39458,8,,,2,30,,39457,8,,,1,70,,39459,8,,,1,30,,39460,8,,,1
3401,'Samedi-10-_26ÉTÉ-0000010-',652,,39893,15,,,1,100,,39896,15,,,2,70,,39905,15,,,1,33,,39894,15,,,1,67,,39899,15,,,1,30,,39901,15,,,1,72,,39895,15,,,2,30,,39904,15,,,1,71,,39897,15,,,1,30,,39906,15,,,1,68,,39898,15,,,1,30,,39900,15,,,1,70,,39902,15,,,2,30,,39903,15,,,2,70,,39907,15,,,1,30,,39908,15,,,2,70,,39909,15,,,1,30,,39910,15,,,1,71,,39911,15,,,1,31,,39912,15,,,1,70,,39913,15,,,2,31,,39914,15,,,1,67,,39915,15,,,1,30,,39917,15,,,1,71,,39916,15,,,2,30,,39918,15,,,1,70,,39919,15,,,2,28,,39920,15,,,1,70,,39922,15,,,1,30,,39921,15,,,1,70,,39923,15,,,1,100,,39924,15,,,1
3401,'Semaine-3-_26ÉTÉ-1111100-',856,,39980,15,,,2,72,,39960,15,,,1,30,,39964,15,,,1,70,,39984,15,,,1,30,,39957,15,,,1,70,,39961,15,,,1,30,,39965,15,,,2,70,,39955,15,,,1,31,,39958,15,,,1,69,,39962,15,,,1,30,,39966,15,,,1,70,,39959,15,,,1,29,,39981,15,,,1,70,,39956,15,,,2,30,,39982,15,,,1,70,,39983,15,,,1,73,,39977,15,,,1,28,,39973,15,,,2,29,,39963,15,,,1,71,,39970,15,,,1,30,,39979,15,,,1,70,,39967,15,,,1,30,,39969,15,,,1,70,,39971,15,,,1,30,,39975,15,,,2,70,,39968,15,,,1,30,,39974,15,,,1,70,,39972,15,,,1,30,,39976,15,,,1,70,,39978,15,,,1
3401,'Semaine-4-_26ÉTÉ-1111100-',856,,40010,15,,,2,72,,39990,15,,,1,30,,39994,15,,,1,70,,40014,15,,,1,30,,39987,15,,,1,70,,39991,15,,,1,30,,39995,15,,,2,70,,39985,15,,,1,31,,39988,15,,,1,69,,39992,15,,,1,30,,39996,15,,,1,70,,39989,15,,,1,29,,40011,15,,,1,70,,39986,15,,,2,30,,40012,15,,,1,70,,40013,15,,,1,73,,40007,15,,,1,28,,40003,15,,,2,29,,39993,15,,,1,71,,40000,15,,,1,30,,40009,15,,,1,70,,39997,15,,,1,30,,39999,15,,,1,70,,40001,15,,,1,30,,40005,15,,,2,70,,39998,15,,,1,30,,40004,15,,,1,70,,40002,15,,,1,30,,40006,15,,,1,70,,40008,15,,,1
4900,'Samedi-10-_26ÉTÉ-0000010-',731,,41186,31,,,1,100,,41187,31,,,1,104,,41184,31,,,1,100,,41188,31,,,1,100,,41185,31,,,1,100,,41189,31,,,1,99,,41190,31,,,1,104,,41191,31,,,1,97,,41192,31,,,1,100,,41193,31,,,1,100,,41194,31,,,1,96,,41195,31,,,1,100,,41196,31,,,1,100,,41197,31,,,1,100,,41198,31,,,1,100,,41199,31,,,1,100,,41200,31,,,1
4900,'Semaine-3-_26ÉTÉ-1111100-',651,,41258,31,,,1,52,,41266,31,,,1,3,,41265,31,,,1,5,,41264,31,,,1,28,,41261,31,,,1,72,,41262,31,,,1,38,,41257,31,,,1,69,,41253,31,,,1,32,,41245,31,,,1,71,,41263,31,,,1,31,,41259,31,,,1,72,,41255,31,,,1,30,,41234,31,,,1,70,,41254,31,,,1,30,,41236,31,,,1,70,,41241,31,,,1,30,,41243,31,,,1,70,,41246,31,,,1,30,,41260,31,,,1,76,,41244,31,,,1,70,,41247,31,,,1,30,,41239,31,,,1,71,,41250,31,,,1,29,,41242,31,,,1,27,,41240,31,,,1,70,,41256,31,,,1,27,,41251,31,,,1,97,,41235,31,,,1,101,,41252,31,,,1,100,,41249,31,,,1,97,,41237,31,,,1,98,,41248,31,,,1,100,,41238,31,,,1
4900,'Semaine-4-_26ÉTÉ-1111100-',651,,41291,31,,,1,52,,41299,31,,,1,3,,41298,31,,,1,5,,41297,31,,,1,28,,41294,31,,,1,72,,41295,31,,,1,38,,41290,31,,,1,69,,41286,31,,,1,32,,41278,31,,,1,71,,41296,31,,,1,31,,41292,31,,,1,72,,41288,31,,,1,30,,41267,31,,,1,70,,41287,31,,,1,30,,41269,31,,,1,70,,41274,31,,,1,30,,41276,31,,,1,70,,41279,31,,,1,30,,41293,31,,,1,76,,41277,31,,,1,70,,41280,31,,,1,30,,41272,31,,,1,71,,41283,31,,,1,29,,41275,31,,,1,27,,41273,31,,,1,70,,41289,31,,,1,27,,41284,31,,,1,97,,41268,31,,,1,101,,41285,31,,,1,100,,41282,31,,,1,97,,41270,31,,,1,98,,41281,31,,,1,100,,41271,31,,,1
32601,'Semaine-3-_26ÉTÉ-1111100-',810,,45842,6,,,1
32601,'Semaine-4-_26ÉTÉ-1111100-',810,,45843,6,,,1
44900,'Semaine-3-_26ÉTÉ-1111100-',716,,46759,17,,,1
44900,'Semaine-4-_26ÉTÉ-1111100-',716,,46760,17,,,1
82601,'Semaine-3-_26ÉTÉ-1111100-',731,,47058,6,,,1
82601,'Semaine-4-_26ÉTÉ-1111100-',731,,47059,6,,,1
