4900,'Samedi-0-_26ÉTÉ-0000010-',708,,51965,2,,,1,100,,51966,2,,,1,102,,51963,2,,,1,100,,51967,2,,,1,100,,51964,2,,,1,99,,51968,2,,,1,99,,51969,2,,,1,104,,51970,2,,,1,97,,51971,2,,,1,100,,51972,2,,,1,100,,51973,2,,,1,99,,51974,2,,,1,100,,51975,2,,,1,100,,51976,2,,,1,100,,51977,2,,,1,100,,51978,2,,,1,102,,51979,2,,,1
4900,'Dimanche-0-_26ÉTÉ-0000001-',708,,51980,2,,,1,100,,51983,2,,,1,102,,51981,2,,,1,100,,51984,2,,,1,100,,51986,2,,,1,99,,51990,2,,,1,99,,51988,2,,,1,104,,51987,2,,,1,97,,51982,2,,,1,100,,51992,2,,,1,100,,51989,2,,,1,99,,51991,2,,,1,100,,51996,2,,,1,100,,51985,2,,,1,100,,51994,2,,,1,100,,51995,2,,,1,102,,51993,2,,,1
4900,'Dimanche-10-_26ÉTÉ-0000001-',708,,51997,2,,,1,100,,52000,2,,,1,102,,51998,2,,,1,100,,52001,2,,,1,100,,52003,2,,,1,99,,52007,2,,,1,99,,52005,2,,,1,104,,52004,2,,,1,97,,51999,2,,,1,100,,52009,2,,,1,100,,52006,2,,,1,99,,52008,2,,,1,100,,52013,2,,,1,100,,52002,2,,,1,100,,52011,2,,,1,100,,52012,2,,,1,102,,52010,2,,,1
4900,'Dimanche-11-_26ÉTÉ-0000001-',708,,52014,2,,,1,100,,52017,2,,,1,102,,52015,2,,,1,100,,52018,2,,,1,100,,52020,2,,,1,99,,52024,2,,,1,99,,52022,2,,,1,104,,52021,2,,,1,97,,52016,2,,,1,100,,52026,2,,,1,100,,52023,2,,,1,99,,52025,2,,,1,100,,52030,2,,,1,100,,52019,2,,,1,100,,52028,2,,,1,100,,52029,2,,,1,102,,52027,2,,,1
4900,'Semaine-1-_26ÉTÉ-1111100-',625,,52055,2,,,1,20,,52061,2,,,1,66,,52058,2,,,1,30,,52059,2,,,1,79,,52054,2,,,1,32,,52050,2,,,1,72,,52042,2,,,1,31,,52060,2,,,1,71,,52056,2,,,1,32,,52052,2,,,1,70,,52031,2,,,1,30,,52051,2,,,1,70,,52033,2,,,1,30,,52038,2,,,1,70,,52040,2,,,1,30,,52043,2,,,1,70,,52057,2,,,1,30,,52041,2,,,1,70,,52044,2,,,1,30,,52036,2,,,1,71,,52047,2,,,1,29,,52039,2,,,1,70,,52037,2,,,1,30,,52053,2,,,1,70,,52048,2,,,1,99,,52032,2,,,1,101,,52049,2,,,1,100,,52046,2,,,1,100,,52034,2,,,1,99,,52045,2,,,1,100,,52035,2,,,1
4900,'Semaine-10-_26ÉTÉ-1111100-',625,,52086,2,,,1,20,,52092,2,,,1,66,,52089,2,,,1,30,,52090,2,,,1,79,,52085,2,,,1,32,,52081,2,,,1,72,,52073,2,,,1,31,,52091,2,,,1,71,,52087,2,,,1,32,,52083,2,,,1,70,,52062,2,,,1,30,,52082,2,,,1,70,,52064,2,,,1,30,,52069,2,,,1,70,,52071,2,,,1,30,,52074,2,,,1,70,,52088,2,,,1,30,,52072,2,,,1,70,,52075,2,,,1,30,,52067,2,,,1,71,,52078,2,,,1,29,,52070,2,,,1,70,,52068,2,,,1,30,,52084,2,,,1,70,,52079,2,,,1,99,,52063,2,,,1,101,,52080,2,,,1,100,,52077,2,,,1,100,,52065,2,,,1,99,,52076,2,,,1,100,,52066,2,,,1
4900,'Semaine-11-_26ÉTÉ-1111100-',625,,52117,2,,,1,20,,52123,2,,,1,66,,52120,2,,,1,30,,52121,2,,,1,79,,52116,2,,,1,32,,52112,2,,,1,72,,52104,2,,,1,31,,52122,2,,,1,71,,52118,2,,,1,32,,52114,2,,,1,70,,52093,2,,,1,30,,52113,2,,,1,70,,52095,2,,,1,30,,52100,2,,,1,70,,52102,2,,,1,30,,52105,2,,,1,70,,52119,2,,,1,30,,52103,2,,,1,70,,52106,2,,,1,30,,52098,2,,,1,71,,52109,2,,,1,29,,52101,2,,,1,70,,52099,2,,,1,30,,52115,2,,,1,70,,52110,2,,,1,99,,52094,2,,,1,101,,52111,2,,,1,100,,52108,2,,,1,100,,52096,2,,,1,99,,52107,2,,,1,100,,52097,2,,,1
4900,'Semaine-12-_26ÉTÉ-1111100-',625,,52148,2,,,1,20,,52154,2,,,1,66,,52151,2,,,1,30,,52152,2,,,1,79,,52147,2,,,1,32,,52143,2,,,1,72,,52135,2,,,1,31,,52153,2,,,1,71,,52149,2,,,1,32,,52145,2,,,1,70,,52124,2,,,1,30,,52144,2,,,1,70,,52126,2,,,1,30,,52131,2,,,1,70,,52133,2,,,1,30,,52136,2,,,1,70,,52150,2,,,1,30,,52134,2,,,1,70,,52137,2,,,1,30,,52129,2,,,1,71,,52140,2,,,1,29,,52132,2,,,1,70,,52130,2,,,1,30,,52146,2,,,1,70,,52141,2,,,1,99,,52125,2,,,1,101,,52142,2,,,1,100,,52139,2,,,1,100,,52127,2,,,1,99,,52138,2,,,1,100,,52128,2,,,1
5501,'Samedi-0-_26ÉTÉ-0000010-',645,,53189,2,,,1,70,,53192,2,,,1,30,,53191,2,,,1,70,,53201,2,,,1,30,,53190,2,,,1,71,,53193,2,,,1,30,,53194,2,,,1,70,,53200,2,,,1,31,,53196,2,,,1,70,,53197,2,,,1,31,,53195,2,,,1,68,,53203,2,,,1,30,,53202,2,,,1,70,,53198,2,,,1,30,,53199,2,,,1,70,,53204,2,,,1,30,,53205,2,,,1,70,,53206,2,,,1,30,,53207,2,,,1,70,,53208,2,,,1,30,,53209,2,,,1,70,,53210,2,,,1,30,,53211,2,,,1,70,,53212,2,,,1,30,,53213,2,,,1,70,,53214,2,,,1,30,,53215,2,,,1,70,,53216,2,,,1,30,,53217,2,,,1,70,,53219,2,,,1,29,,53218,2,,,1,72,,53221,2,,,1,28,,53220,2,,,1
5501,'Dimanche-0-_26ÉTÉ-0000001-',645,,53223,2,,,1,70,,53228,2,,,1,30,,53224,2,,,1,70,,53232,2,,,1,30,,53235,2,,,1,71,,53227,2,,,1,30,,53239,2,,,1,70,,53233,2,,,1,31,,53234,2,,,1,70,,53225,2,,,1,31,,53222,2,,,1,68,,53229,2,,,1,30,,53236,2,,,1,70,,53226,2,,,1,30,,53237,2,,,1,70,,53231,2,,,1,30,,53230,2,,,1,70,,53240,2,,,1,30,,53244,2,,,1,70,,53238,2,,,1,30,,53241,2,,,1,70,,53251,2,,,1,30,,53248,2,,,1,70,,53253,2,,,1,30,,53254,2,,,1,70,,53242,2,,,1,30,,53245,2,,,1,70,,53243,2,,,1,30,,53246,2,,,1,70,,53247,2,,,1,29,,53250,2,,,1,72,,53252,2,,,1,28,,53249,2,,,1
5501,'Dimanche-10-_26ÉTÉ-0000001-',645,,53256,2,,,1,70,,53261,2,,,1,30,,53257,2,,,1,70,,53265,2,,,1,30,,53268,2,,,1,71,,53260,2,,,1,30,,53272,2,,,1,70,,53266,2,,,1,31,,53267,2,,,1,70,,53258,2,,,1,31,,53255,2,,,1,68,,53262,2,,,1,30,,53269,2,,,1,70,,53259,2,,,1,30,,53270,2,,,1,70,,53264,2,,,1,30,,53263,2,,,1,70,,53273,2,,,1,30,,53277,2,,,1,70,,53271,2,,,1,30,,53274,2,,,1,70,,53284,2,,,1,30,,53281,2,,,1,70,,53286,2,,,1,30,,53287,2,,,1,70,,53275,2,,,1,30,,53278,2,,,1,70,,53276,2,,,1,30,,53279,2,,,1,70,,53280,2,,,1,29,,53283,2,,,1,72,,53285,2,,,1,28,,53282,2,,,1
5501,'Dimanche-11-_26ÉTÉ-0000001-',645,,53289,2,,,1,70,,53294,2,,,1,30,,53290,2,,,1,70,,53298,2,,,1,30,,53301,2,,,1,71,,53293,2,,,1,30,,53305,2,,,1,70,,53299,2,,,1,31,,53300,2,,,1,70,,53291,2,,,1,31,,53288,2,,,1,68,,53295,2,,,1,30,,53302,2,,,1,70,,53292,2,,,1,30,,53303,2,,,1,70,,53297,2,,,1,30,,53296,2,,,1,70,,53306,2,,,1,30,,53310,2,,,1,70,,53304,2,,,1,30,,53307,2,,,1,70,,53317,2,,,1,30,,53314,2,,,1,70,,53319,2,,,1,30,,53320,2,,,1,70,,53308,2,,,1,30,,53311,2,,,1,70,,53309,2,,,1,30,,53312,2,,,1,70,,53313,2,,,1,29,,53316,2,,,1,72,,53318,2,,,1,28,,53315,2,,,1
5501,'Semaine-1-_26ÉTÉ-1111100-',504,,53334,2,,,1,15,,53341,2,,,1,13,,53340,2,,,1,15,,53324,2,,,1,54,,53362,2,,,1,22,,53361,2,,,1,7,,53321,2,,,1,12,,53366,2,,,1,15,,53347,2,,,1,53,,53355,2,,,1,14,,53325,2,,,1,10,,53329,2,,,1,12,,53327,2,,,1,9,,53356,2,,,1,46,,53358,2,,,1,15,,53335,2,,,1,29,,53339,2,,,1,12,,53326,2,,,1,51,,53360,2,,,1,29,,53353,2,,,1,71,,53357,2,,,1,27,,53323,2,,,1,72,,53330,2,,,1,30,,53343,2,,,1,70,,53354,2,,,1,29,,53350,2,,,1,70,,53331,2,,,1,30,,53363,2,,,1,70,,53322,2,,,1,30,,53328,2,,,1,86,,53332,2,,,1,102,,53337,2,,,1,100,,53342,2,,,1,103,,53359,2,,,1,22,,53348,2,,,1,70,,53336,2,,,1,32,,53352,2,,,1,69,,53345,2,,,1,30,,53364,2,,,1,70,,53338,2,,,1,30,,53344,2,,,1,73,,53346,2,,,1,30,,53333,2,,,1,70,,53351,2,,,1,30,,53349,2,,,1
5501,'Semaine-10-_26ÉTÉ-1111100-',504,,53380,2,,,1,15,,53387,2,,,1,13,,53386,2,,,1,15,,53370,2,,,1,54,,53408,2,,,1,22,,53407,2,,,1,7,,53367,2,,,1,12,,53412,2,,,1,15,,53393,2,,,1,53,,53401,2,,,1,14,,53371,2,,,1,10,,53375,2,,,1,12,,53373,2,,,1,9,,53402,2,,,1,46,,53404,2,,,1,15,,53381,2,,,1,29,,53385,2,,,1,12,,53372,2,,,1,51,,53406,2,,,1,29,,53399,2,,,1,71,,53403,2,,,1,27,,53369,2,,,1,72,,53376,2,,,1,30,,53389,2,,,1,70,,53400,2,,,1,29,,53396,2,,,1,70,,53377,2,,,1,30,,53409,2,,,1,70,,53368,2,,,1,30,,53374,2,,,1,86,,53378,2,,,1,102,,53383,2,,,1,100,,53388,2,,,1,103,,53405,2,,,1,22,,53394,2,,,1,70,,53382,2,,,1,32,,53398,2,,,1,69,,53391,2,,,1,30,,53410,2,,,1,70,,53384,2,,,1,30,,53390,2,,,1,73,,53392,2,,,1,30,,53379,2,,,1,70,,53397,2,,,1,30,,53395,2,,,1
5501,'Semaine-11-_26ÉTÉ-1111100-',504,,53426,2,,,1,15,,53433,2,,,1,13,,53432,2,,,1,15,,53416,2,,,1,54,,53454,2,,,1,22,,53453,2,,,1,7,,53413,2,,,1,12,,53458,2,,,1,15,,53439,2,,,1,53,,53447,2,,,1,14,,53417,2,,,1,10,,53421,2,,,1,12,,53419,2,,,1,9,,53448,2,,,1,46,,53450,2,,,1,15,,53427,2,,,1,29,,53431,2,,,1,12,,53418,2,,,1,51,,53452,2,,,1,29,,53445,2,,,1,71,,53449,2,,,1,27,,53415,2,,,1,72,,53422,2,,,1,30,,53435,2,,,1,70,,53446,2,,,1,29,,53442,2,,,1,70,,53423,2,,,1,30,,53455,2,,,1,70,,53414,2,,,1,30,,53420,2,,,1,86,,53424,2,,,1,102,,53429,2,,,1,100,,53434,2,,,1,103,,53451,2,,,1,22,,53440,2,,,1,70,,53428,2,,,1,32,,53444,2,,,1,69,,53437,2,,,1,30,,53456,2,,,1,70,,53430,2,,,1,30,,53436,2,,,1,73,,53438,2,,,1,30,,53425,2,,,1,70,,53443,2,,,1,30,,53441,2,,,1
5501,'Semaine-12-_26ÉTÉ-1111100-',504,,53472,2,,,1,15,,53479,2,,,1,13,,53478,2,,,1,15,,53462,2,,,1,54,,53500,2,,,1,22,,53499,2,,,1,7,,53459,2,,,1,12,,53504,2,,,1,15,,53485,2,,,1,53,,53493,2,,,1,14,,53463,2,,,1,10,,53467,2,,,1,12,,53465,2,,,1,9,,53494,2,,,1,46,,53496,2,,,1,15,,53473,2,,,1,29,,53477,2,,,1,12,,53464,2,,,1,51,,53498,2,,,1,29,,53491,2,,,1,71,,53495,2,,,1,27,,53461,2,,,1,72,,53468,2,,,1,30,,53481,2,,,1,70,,53492,2,,,1,29,,53488,2,,,1,70,,53469,2,,,1,30,,53501,2,,,1,70,,53460,2,,,1,30,,53466,2,,,1,86,,53470,2,,,1,102,,53475,2,,,1,100,,53480,2,,,1,103,,53497,2,,,1,22,,53486,2,,,1,70,,53474,2,,,1,32,,53490,2,,,1,69,,53483,2,,,1,30,,53502,2,,,1,70,,53476,2,,,1,30,,53482,2,,,1,73,,53484,2,,,1,30,,53471,2,,,1,70,,53489,2,,,1,30,,53487,2,,,1
