7101,'Samedi-0-_26ÉTÉ-0000010-',739,,57679,8,,,2,100,,57678,8,,,2,100,,57683,8,,,1,100,,57681,8,,,1,100,,57682,8,,,1,100,,57677,8,,,1,102,,57680,8,,,1,99,,57684,8,,,2,99,,57685,8,,,2,100,,57686,8,,,2,100,,57687,8,,,2,100,,57688,8,,,2,100,,57689,8,,,1,100,,57690,8,,,1,100,,57691,8,,,2,100,,57692,8,,,1
7101,'Dimanche-0-_26ÉTÉ-0000001-',739,,57698,8,,,2,100,,57697,8,,,2,100,,57699,8,,,1,100,,57700,8,,,1,100,,57695,8,,,1,100,,57694,8,,,1,102,,57696,8,,,1,99,,57693,8,,,2,99,,57703,8,,,2,100,,57704,8,,,2,100,,57705,8,,,2,100,,57706,8,,,2,100,,57701,8,,,1,100,,57702,8,,,1,100,,57708,8,,,2,100,,57707,8,,,1
7101,'Dimanche-10-_26ÉTÉ-0000001-',739,,57714,8,,,2,100,,57713,8,,,2,100,,57715,8,,,1,100,,57716,8,,,1,100,,57711,8,,,1,100,,57710,8,,,1,102,,57712,8,,,1,99,,57709,8,,,2,99,,57719,8,,,2,100,,57720,8,,,2,100,,57721,8,,,2,100,,57722,8,,,2,100,,57717,8,,,1,100,,57718,8,,,1,100,,57724,8,,,2,100,,57723,8,,,1
7101,'Dimanche-11-_26ÉTÉ-0000001-',739,,57730,8,,,2,100,,57729,8,,,2,100,,57731,8,,,1,100,,57732,8,,,1,100,,57727,8,,,1,100,,57726,8,,,1,102,,57728,8,,,1,99,,57725,8,,,2,99,,57735,8,,,2,100,,57736,8,,,2,100,,57737,8,,,2,100,,57738,8,,,2,100,,57733,8,,,1,100,,57734,8,,,1,100,,57740,8,,,2,100,,57739,8,,,1
7101,'Semaine-1-_26ÉTÉ-1111100-',541,,57758,8,,,2,62,,57775,8,,,2,16,,57776,8,,,2,20,,57759,8,,,1,20,,57760,8,,,1,55,,57770,8,,,1,20,,57752,8,,,1,15,,57755,8,,,2,58,,57778,8,,,2,30,,57741,8,,,1,70,,57768,8,,,1,30,,57767,8,,,1,70,,57746,8,,,1,30,,57780,8,,,2,70,,57766,8,,,1,30,,57769,8,,,1,70,,57779,8,,,2,30,,57742,8,,,1,70,,57744,8,,,2,30,,57756,8,,,2,71,,57745,8,,,1,30,,57777,8,,,2,70,,57772,8,,,2,15,,57761,8,,,2,15,,57764,8,,,1,15,,57762,8,,,1,56,,57747,8,,,1,19,,57753,8,,,1,11,,57774,8,,,1,15,,57743,8,,,2,54,,57773,8,,,1,20,,57748,8,,,2,20,,57751,8,,,2,69,,57749,8,,,1,30,,57750,8,,,2,100,,57765,8,,,1,100,,57763,8,,,1,100,,57757,8,,,1,101,,57771,8,,,2,99,,57754,8,,,1
7101,'Semaine-10-_26ÉTÉ-1111100-',541,,57798,8,,,2,62,,57815,8,,,2,16,,57816,8,,,2,20,,57799,8,,,1,20,,57800,8,,,1,55,,57810,8,,,1,20,,57792,8,,,1,15,,57795,8,,,2,58,,57818,8,,,2,30,,57781,8,,,1,70,,57808,8,,,1,30,,57807,8,,,1,70,,57786,8,,,1,30,,57820,8,,,2,70,,57806,8,,,1,30,,57809,8,,,1,70,,57819,8,,,2,30,,57782,8,,,1,70,,57784,8,,,2,30,,57796,8,,,2,71,,57785,8,,,1,30,,57817,8,,,2,70,,57812,8,,,2,15,,57801,8,,,2,15,,57804,8,,,1,15,,57802,8,,,1,56,,57787,8,,,1,19,,57793,8,,,1,11,,57814,8,,,1,15,,57783,8,,,2,54,,57813,8,,,1,20,,57788,8,,,2,20,,57791,8,,,2,69,,57789,8,,,1,30,,57790,8,,,2,100,,57805,8,,,1,100,,57803,8,,,1,100,,57797,8,,,1,101,,57811,8,,,2,99,,57794,8,,,1
7101,'Semaine-11-_26ÉTÉ-1111100-',541,,57838,8,,,2,62,,57855,8,,,2,16,,57856,8,,,2,20,,57839,8,,,1,20,,57840,8,,,1,55,,57850,8,,,1,20,,57832,8,,,1,15,,57835,8,,,2,58,,57858,8,,,2,30,,57821,8,,,1,70,,57848,8,,,1,30,,57847,8,,,1,70,,57826,8,,,1,30,,57860,8,,,2,70,,57846,8,,,1,30,,57849,8,,,1,70,,57859,8,,,2,30,,57822,8,,,1,70,,57824,8,,,2,30,,57836,8,,,2,71,,57825,8,,,1,30,,57857,8,,,2,70,,57852,8,,,2,15,,57841,8,,,2,15,,57844,8,,,1,15,,57842,8,,,1,56,,57827,8,,,1,19,,57833,8,,,1,11,,57854,8,,,1,15,,57823,8,,,2,54,,57853,8,,,1,20,,57828,8,,,2,20,,57831,8,,,2,69,,57829,8,,,1,30,,57830,8,,,2,100,,57845,8,,,1,100,,57843,8,,,1,100,,57837,8,,,1,101,,57851,8,,,2,99,,57834,8,,,1
7101,'Semaine-12-_26ÉTÉ-1111100-',541,,57878,8,,,2,62,,57895,8,,,2,16,,57896,8,,,2,20,,57879,8,,,1,20,,57880,8,,,1,55,,57890,8,,,1,20,,57872,8,,,1,15,,57875,8,,,2,58,,57898,8,,,2,30,,57861,8,,,1,70,,57888,8,,,1,30,,57887,8,,,1,70,,57866,8,,,1,30,,57900,8,,,2,70,,57886,8,,,1,30,,57889,8,,,1,70,,57899,8,,,2,30,,57862,8,,,1,70,,57864,8,,,2,30,,57876,8,,,2,71,,57865,8,,,1,30,,57897,8,,,2,70,,57892,8,,,2,15,,57881,8,,,2,15,,57884,8,,,1,15,,57882,8,,,1,56,,57867,8,,,1,19,,57873,8,,,1,11,,57894,8,,,1,15,,57863,8,,,2,54,,57893,8,,,1,20,,57868,8,,,2,20,,57871,8,,,2,69,,57869,8,,,1,30,,57870,8,,,2,100,,57885,8,,,1,100,,57883,8,,,1,100,,57877,8,,,1,101,,57891,8,,,2,99,,57874,8,,,1
7101,'Semaine-5-_26ÉTÉ-1111100-',541,,57918,8,,,2,62,,57935,8,,,2,16,,57936,8,,,2,20,,57919,8,,,1,20,,57920,8,,,1,55,,57930,8,,,1,20,,57912,8,,,1,15,,57915,8,,,2,58,,57938,8,,,2,30,,57901,8,,,1,70,,57928,8,,,1,30,,57927,8,,,1,70,,57906,8,,,1,30,,57940,8,,,2,70,,57926,8,,,1,30,,57929,8,,,1,70,,57939,8,,,2,30,,57902,8,,,1,70,,57904,8,,,2,30,,57916,8,,,2,71,,57905,8,,,1,30,,57937,8,,,2,70,,57932,8,,,2,15,,57921,8,,,2,15,,57924,8,,,1,15,,57922,8,,,1,56,,57907,8,,,1,19,,57913,8,,,1,11,,57934,8,,,1,15,,57903,8,,,2,54,,57933,8,,,1,20,,57908,8,,,2,20,,57911,8,,,2,69,,57909,8,,,1,30,,57910,8,,,2,100,,57925,8,,,1,100,,57923,8,,,1,100,,57917,8,,,1,101,,57931,8,,,2,99,,57914,8,,,1
57101,'Semaine-5-_26ÉTÉ-1111100-',640,,62950,8,,,2
