3601,'Semaine-1-_26ÉTÉ-1111100-',904,,50054,35,,,1,50,,50052,35,,,1,100,,50055,35,,,1,100,,50053,35,,,1,100,,50058,35,,,1,100,,50057,35,,,1,100,,50056,35,,,1
3601,'Semaine-10-_26ÉTÉ-1111100-',904,,50061,35,,,1,50,,50059,35,,,1,100,,50062,35,,,1,100,,50060,35,,,1,100,,50065,35,,,1,100,,50064,35,,,1,100,,50063,35,,,1
3601,'Semaine-11-_26ÉTÉ-1111100-',904,,50068,35,,,1,50,,50066,35,,,1,100,,50069,35,,,1,100,,50067,35,,,1,100,,50072,35,,,1,100,,50071,35,,,1,100,,50070,35,,,1
3601,'Semaine-12-_26ÉTÉ-1111100-',904,,50075,35,,,1,50,,50073,35,,,1,100,,50076,35,,,1,100,,50074,35,,,1,100,,50079,35,,,1,100,,50078,35,,,1,100,,50077,35,,,1
3701,'Samedi-0-_26ÉTÉ-0000010-',702,,50305,27,,,1,100,,50310,27,,,1,100,,50304,27,,,1,101,,50309,27,,,1,101,,50306,27,,,1,99,,50307,27,,,1,100,,50311,27,,,1,102,,50308,27,,,1,100,,50312,27,,,1,100,,50313,27,,,1,100,,50314,27,,,1,97,,50315,27,,,1,100,,50316,27,,,1,102,,50317,27,,,1,98,,50318,27,,,1,57,,50319,27,,,1,99,,50320,27,,,1
3701,'Dimanche-0-_26ÉTÉ-0000001-',702,,50321,27,,,1,100,,50325,27,,,1,100,,50326,27,,,1,101,,50328,27,,,1,101,,50327,27,,,1,99,,50323,27,,,1,100,,50322,27,,,1,102,,50324,27,,,1,100,,50329,27,,,1,100,,50333,27,,,1,100,,50336,27,,,1,97,,50330,27,,,1,100,,50331,27,,,1,102,,50337,27,,,1,98,,50335,27,,,1,57,,50332,27,,,1,99,,50334,27,,,1
3701,'Dimanche-10-_26ÉTÉ-0000001-',702,,50338,27,,,1,100,,50342,27,,,1,100,,50343,27,,,1,101,,50345,27,,,1,101,,50344,27,,,1,99,,50340,27,,,1,100,,50339,27,,,1,102,,50341,27,,,1,100,,50346,27,,,1,100,,50350,27,,,1,100,,50353,27,,,1,97,,50347,27,,,1,100,,50348,27,,,1,102,,50354,27,,,1,98,,50352,27,,,1,57,,50349,27,,,1,99,,50351,27,,,1
3701,'Dimanche-11-_26ÉTÉ-0000001-',702,,50355,27,,,1,100,,50359,27,,,1,100,,50360,27,,,1,101,,50362,27,,,1,101,,50361,27,,,1,99,,50357,27,,,1,100,,50356,27,,,1,102,,50358,27,,,1,100,,50363,27,,,1,100,,50367,27,,,1,100,,50370,27,,,1,97,,50364,27,,,1,100,,50365,27,,,1,102,,50371,27,,,1,98,,50369,27,,,1,57,,50366,27,,,1,99,,50368,27,,,1
3701,'Semaine-1-_26ÉTÉ-1111100-',530,,50385,27,,,1,29,,50383,27,,,1,75,,50387,27,,,1,70,,50377,27,,,1,30,,50394,27,,,1,20,,50374,27,,,1,50,,50395,27,,,1,31,,50376,27,,,1,100,,50393,27,,,1,100,,50381,27,,,1,100,,50375,27,,,1,101,,50373,27,,,1,99,,50378,27,,,1,101,,50389,27,,,1,98,,50372,27,,,1,71,,50388,27,,,1,30,,50391,27,,,1,70,,50386,27,,,1,30,,50392,27,,,1,70,,50396,27,,,1,45,,50380,27,,,1,100,,50390,27,,,1,101,,50382,27,,,1,99,,50379,27,,,1,98,,50384,27,,,1
3701,'Semaine-10-_26ÉTÉ-1111100-',530,,50410,27,,,1,29,,50408,27,,,1,75,,50412,27,,,1,70,,50402,27,,,1,30,,50419,27,,,1,20,,50399,27,,,1,50,,50420,27,,,1,31,,50401,27,,,1,100,,50418,27,,,1,100,,50406,27,,,1,100,,50400,27,,,1,101,,50398,27,,,1,99,,50403,27,,,1,101,,50414,27,,,1,98,,50397,27,,,1,71,,50413,27,,,1,30,,50416,27,,,1,70,,50411,27,,,1,30,,50417,27,,,1,70,,50421,27,,,1,45,,50405,27,,,1,100,,50415,27,,,1,101,,50407,27,,,1,99,,50404,27,,,1,98,,50409,27,,,1
3701,'Semaine-11-_26ÉTÉ-1111100-',530,,50435,27,,,1,29,,50433,27,,,1,75,,50437,27,,,1,70,,50427,27,,,1,30,,50444,27,,,1,20,,50424,27,,,1,50,,50445,27,,,1,31,,50426,27,,,1,100,,50443,27,,,1,100,,50431,27,,,1,100,,50425,27,,,1,101,,50423,27,,,1,99,,50428,27,,,1,101,,50439,27,,,1,98,,50422,27,,,1,71,,50438,27,,,1,30,,50441,27,,,1,70,,50436,27,,,1,30,,50442,27,,,1,70,,50446,27,,,1,45,,50430,27,,,1,100,,50440,27,,,1,101,,50432,27,,,1,99,,50429,27,,,1,98,,50434,27,,,1
3701,'Semaine-12-_26ÉTÉ-1111100-',530,,50460,27,,,1,29,,50458,27,,,1,75,,50462,27,,,1,70,,50452,27,,,1,30,,50469,27,,,1,20,,50449,27,,,1,50,,50470,27,,,1,31,,50451,27,,,1,100,,50468,27,,,1,100,,50456,27,,,1,100,,50450,27,,,1,101,,50448,27,,,1,99,,50453,27,,,1,101,,50464,27,,,1,98,,50447,27,,,1,71,,50463,27,,,1,30,,50466,27,,,1,70,,50461,27,,,1,30,,50467,27,,,1,70,,50471,27,,,1,45,,50455,27,,,1,100,,50465,27,,,1,101,,50457,27,,,1,99,,50454,27,,,1,98,,50459,27,,,1
3801,'Samedi-0-_26ÉTÉ-0000010-',716,,50843,16,,,1,30,,50839,16,,,1,70,,50851,16,,,1,31,,50844,16,,,1,69,,50840,16,,,1,32,,50852,16,,,1,68,,50845,16,,,1,33,,50849,16,,,1,66,,50841,16,,,1,34,,50846,16,,,1,70,,50850,16,,,1,30,,50842,16,,,1,69,,50847,16,,,1,32,,50848,16,,,1,68,,50853,16,,,1,32,,50854,16,,,1,68,,50855,16,,,1,32,,50856,16,,,1,68,,50857,16,,,1,31,,50858,16,,,1,69,,50859,16,,,1,30,,50860,16,,,1,67,,50861,16,,,1,32,,50863,16,,,1,69,,50862,16,,,1,31,,50865,16,,,1,69,,50864,16,,,1,31,,50866,16,,,1,70,,50867,16,,,1,30,,50871,16,,,1,70,,50868,16,,,1,29,,50869,16,,,1,71,,50870,16,,,1
3801,'Dimanche-0-_26ÉTÉ-0000001-',716,,50879,16,,,1,30,,50875,16,,,1,70,,50886,16,,,1,31,,50878,16,,,1,69,,50872,16,,,1,32,,50887,16,,,1,68,,50881,16,,,1,33,,50873,16,,,1,66,,50885,16,,,1,34,,50880,16,,,1,70,,50874,16,,,1,30,,50876,16,,,1,69,,50877,16,,,1,32,,50883,16,,,1,68,,50889,16,,,1,32,,50890,16,,,1,68,,50884,16,,,1,32,,50888,16,,,1,68,,50894,16,,,1,31,,50899,16,,,1,69,,50900,16,,,1,30,,50895,16,,,1,67,,50882,16,,,1,32,,50897,16,,,1,69,,50892,16,,,1,31,,50893,16,,,1,69,,50896,16,,,1,31,,50898,16,,,1,70,,50902,16,,,1,30,,50901,16,,,1,70,,50891,16,,,1,29,,50903,16,,,1,71,,50904,16,,,1
3801,'Dimanche-10-_26ÉTÉ-0000001-',716,,50912,16,,,1,30,,50908,16,,,1,70,,50919,16,,,1,31,,50911,16,,,1,69,,50905,16,,,1,32,,50920,16,,,1,68,,50914,16,,,1,33,,50906,16,,,1,66,,50918,16,,,1,34,,50913,16,,,1,70,,50907,16,,,1,30,,50909,16,,,1,69,,50910,16,,,1,32,,50916,16,,,1,68,,50922,16,,,1,32,,50923,16,,,1,68,,50917,16,,,1,32,,50921,16,,,1,68,,50927,16,,,1,31,,50932,16,,,1,69,,50933,16,,,1,30,,50928,16,,,1,67,,50915,16,,,1,32,,50930,16,,,1,69,,50925,16,,,1,31,,50926,16,,,1,69,,50929,16,,,1,31,,50931,16,,,1,70,,50935,16,,,1,30,,50934,16,,,1,70,,50924,16,,,1,29,,50936,16,,,1,71,,50937,16,,,1
3801,'Dimanche-11-_26ÉTÉ-0000001-',716,,50945,16,,,1,30,,50941,16,,,1,70,,50952,16,,,1,31,,50944,16,,,1,69,,50938,16,,,1,32,,50953,16,,,1,68,,50947,16,,,1,33,,50939,16,,,1,66,,50951,16,,,1,34,,50946,16,,,1,70,,50940,16,,,1,30,,50942,16,,,1,69,,50943,16,,,1,32,,50949,16,,,1,68,,50955,16,,,1,32,,50956,16,,,1,68,,50950,16,,,1,32,,50954,16,,,1,68,,50960,16,,,1,31,,50965,16,,,1,69,,50966,16,,,1,30,,50961,16,,,1,67,,50948,16,,,1,32,,50963,16,,,1,69,,50958,16,,,1,31,,50959,16,,,1,69,,50962,16,,,1,31,,50964,16,,,1,70,,50968,16,,,1,30,,50967,16,,,1,70,,50957,16,,,1,29,,50969,16,,,1,71,,50970,16,,,1
3801,'Semaine-1-_26ÉTÉ-1111100-',623,,50999,16,,,1,30,,50971,16,,,1,73,,50998,16,,,1,12,,51009,16,,,1,21,,51005,16,,,1,67,,50987,16,,,1,27,,51007,16,,,1,70,,50994,16,,,1,20,,50977,16,,,1,60,,51003,16,,,1,20,,50988,16,,,1,20,,50980,16,,,1,60,,50995,16,,,1,20,,50978,16,,,1,20,,51002,16,,,1,60,,51008,16,,,1,22,,50981,16,,,1,21,,51010,16,,,1,59,,50996,16,,,1,20,,51001,16,,,1,19,,50989,16,,,1,60,,50982,16,,,1,20,,50997,16,,,1,20,,51011,16,,,1,61,,50984,16,,,1,20,,50990,16,,,1,30,,51004,16,,,1,68,,50979,16,,,1,32,,50986,16,,,1,70,,50976,16,,,1,29,,51012,16,,,1,60,,50973,16,,,1,20,,51006,16,,,1,70,,50975,16,,,1,30,,50985,16,,,1,70,,50993,16,,,1,30,,51000,16,,,1,70,,50983,16,,,1,30,,50991,16,,,1,70,,50992,16,,,1,29,,50972,16,,,1,85,,50974,16,,,1
3801,'Semaine-10-_26ÉTÉ-1111100-',623,,51041,16,,,1,30,,51013,16,,,1,73,,51040,16,,,1,12,,51051,16,,,1,21,,51047,16,,,1,67,,51029,16,,,1,27,,51049,16,,,1,70,,51036,16,,,1,20,,51019,16,,,1,60,,51045,16,,,1,20,,51030,16,,,1,20,,51022,16,,,1,60,,51037,16,,,1,20,,51020,16,,,1,20,,51044,16,,,1,60,,51050,16,,,1,22,,51023,16,,,1,21,,51052,16,,,1,59,,51038,16,,,1,20,,51043,16,,,1,19,,51031,16,,,1,60,,51024,16,,,1,20,,51039,16,,,1,20,,51053,16,,,1,61,,51026,16,,,1,20,,51032,16,,,1,30,,51046,16,,,1,68,,51021,16,,,1,32,,51028,16,,,1,70,,51018,16,,,1,29,,51054,16,,,1,60,,51015,16,,,1,20,,51048,16,,,1,70,,51017,16,,,1,30,,51027,16,,,1,70,,51035,16,,,1,30,,51042,16,,,1,70,,51025,16,,,1,30,,51033,16,,,1,70,,51034,16,,,1,29,,51014,16,,,1,85,,51016,16,,,1
3801,'Semaine-11-_26ÉTÉ-1111100-',623,,51083,16,,,1,30,,51055,16,,,1,73,,51082,16,,,1,12,,51093,16,,,1,21,,51089,16,,,1,67,,51071,16,,,1,27,,51091,16,,,1,70,,51078,16,,,1,20,,51061,16,,,1,60,,51087,16,,,1,20,,51072,16,,,1,20,,51064,16,,,1,60,,51079,16,,,1,20,,51062,16,,,1,20,,51086,16,,,1,60,,51092,16,,,1,22,,51065,16,,,1,21,,51094,16,,,1,59,,51080,16,,,1,20,,51085,16,,,1,19,,51073,16,,,1,60,,51066,16,,,1,20,,51081,16,,,1,20,,51095,16,,,1,61,,51068,16,,,1,20,,51074,16,,,1,30,,51088,16,,,1,68,,51063,16,,,1,32,,51070,16,,,1,70,,51060,16,,,1,29,,51096,16,,,1,60,,51057,16,,,1,20,,51090,16,,,1,70,,51059,16,,,1,30,,51069,16,,,1,70,,51077,16,,,1,30,,51084,16,,,1,70,,51067,16,,,1,30,,51075,16,,,1,70,,51076,16,,,1,29,,51056,16,,,1,85,,51058,16,,,1
3801,'Semaine-12-_26ÉTÉ-1111100-',623,,51125,16,,,1,30,,51097,16,,,1,73,,51124,16,,,1,12,,51135,16,,,1,21,,51131,16,,,1,67,,51113,16,,,1,27,,51133,16,,,1,70,,51120,16,,,1,20,,51103,16,,,1,60,,51129,16,,,1,20,,51114,16,,,1,20,,51106,16,,,1,60,,51121,16,,,1,20,,51104,16,,,1,20,,51128,16,,,1,60,,51134,16,,,1,22,,51107,16,,,1,21,,51136,16,,,1,59,,51122,16,,,1,20,,51127,16,,,1,19,,51115,16,,,1,60,,51108,16,,,1,20,,51123,16,,,1,20,,51137,16,,,1,61,,51110,16,,,1,20,,51116,16,,,1,30,,51130,16,,,1,68,,51105,16,,,1,32,,51112,16,,,1,70,,51102,16,,,1,29,,51138,16,,,1,60,,51099,16,,,1,20,,51132,16,,,1,70,,51101,16,,,1,30,,51111,16,,,1,70,,51119,16,,,1,30,,51126,16,,,1,70,,51109,16,,,1,30,,51117,16,,,1,70,,51118,16,,,1,29,,51098,16,,,1,85,,51100,16,,,1
37101,'Samedi-0-_26ÉTÉ-0000010-',734,,61239,28,,,1,99,,61238,28,,,1,104,,61242,28,,,1,100,,61241,28,,,1,99,,61243,28,,,1,101,,61240,28,,,1,101,,61244,28,,,1,101,,61245,28,,,1,97,,61246,28,,,1,100,,61247,28,,,1,99,,61248,28,,,1,100,,61249,28,,,1,100,,61250,28,,,1,99,,61251,28,,,1,100,,61252,28,,,1,98,,61253,28,,,1,100,,61254,28,,,1
37101,'Dimanche-0-_26ÉTÉ-0000001-',734,,61258,28,,,1,99,,61255,28,,,1,104,,61259,28,,,1,100,,61256,28,,,1,99,,61262,28,,,1,101,,61257,28,,,1,101,,61260,28,,,1,101,,61265,28,,,1,97,,61261,28,,,1,100,,61266,28,,,1,99,,61271,28,,,1,100,,61263,28,,,1,100,,61264,28,,,1,99,,61268,28,,,1,100,,61270,28,,,1,98,,61267,28,,,1,100,,61269,28,,,1
37101,'Dimanche-10-_26ÉTÉ-0000001-',734,,61275,28,,,1,99,,61272,28,,,1,104,,61276,28,,,1,100,,61273,28,,,1,99,,61279,28,,,1,101,,61274,28,,,1,101,,61277,28,,,1,101,,61282,28,,,1,97,,61278,28,,,1,100,,61283,28,,,1,99,,61288,28,,,1,100,,61280,28,,,1,100,,61281,28,,,1,99,,61285,28,,,1,100,,61287,28,,,1,98,,61284,28,,,1,100,,61286,28,,,1
37101,'Dimanche-11-_26ÉTÉ-0000001-',734,,61292,28,,,1,99,,61289,28,,,1,104,,61293,28,,,1,100,,61290,28,,,1,99,,61296,28,,,1,101,,61291,28,,,1,101,,61294,28,,,1,101,,61299,28,,,1,97,,61295,28,,,1,100,,61300,28,,,1,99,,61305,28,,,1,100,,61297,28,,,1,100,,61298,28,,,1,99,,61302,28,,,1,100,,61304,28,,,1,98,,61301,28,,,1,100,,61303,28,,,1
37101,'Semaine-1-_26ÉTÉ-1111100-',542,,61322,28,,,1,71,,61325,28,,,1,30,,61318,28,,,1,72,,61320,28,,,1,30,,61330,28,,,1,70,,61329,28,,,1,29,,61324,28,,,1,70,,61308,28,,,1,100,,61315,28,,,1,100,,61313,28,,,1,99,,61314,28,,,1,102,,61328,28,,,1,100,,61311,28,,,1,100,,61312,28,,,1,31,,61309,28,,,1,68,,61316,28,,,1,32,,61326,28,,,1,69,,61327,28,,,1,30,,61306,28,,,1,80,,61310,28,,,1,94,,61321,28,,,1,100,,61323,28,,,1,100,,61307,28,,,1,100,,61317,28,,,1,184,,61319,28,,,1
37101,'Semaine-10-_26ÉTÉ-1111100-',542,,61347,28,,,1,71,,61350,28,,,1,30,,61343,28,,,1,72,,61345,28,,,1,30,,61355,28,,,1,70,,61354,28,,,1,29,,61349,28,,,1,70,,61333,28,,,1,100,,61340,28,,,1,100,,61338,28,,,1,99,,61339,28,,,1,102,,61353,28,,,1,100,,61336,28,,,1,100,,61337,28,,,1,31,,61334,28,,,1,68,,61341,28,,,1,32,,61351,28,,,1,69,,61352,28,,,1,30,,61331,28,,,1,80,,61335,28,,,1,94,,61346,28,,,1,100,,61348,28,,,1,100,,61332,28,,,1,100,,61342,28,,,1,184,,61344,28,,,1
37101,'Semaine-11-_26ÉTÉ-1111100-',542,,61372,28,,,1,71,,61375,28,,,1,30,,61368,28,,,1,72,,61370,28,,,1,30,,61380,28,,,1,70,,61379,28,,,1,29,,61374,28,,,1,70,,61358,28,,,1,100,,61365,28,,,1,100,,61363,28,,,1,99,,61364,28,,,1,102,,61378,28,,,1,100,,61361,28,,,1,100,,61362,28,,,1,31,,61359,28,,,1,68,,61366,28,,,1,32,,61376,28,,,1,69,,61377,28,,,1,30,,61356,28,,,1,80,,61360,28,,,1,94,,61371,28,,,1,100,,61373,28,,,1,100,,61357,28,,,1,100,,61367,28,,,1,184,,61369,28,,,1
37101,'Semaine-12-_26ÉTÉ-1111100-',542,,61397,28,,,1,71,,61400,28,,,1,30,,61393,28,,,1,72,,61395,28,,,1,30,,61405,28,,,1,70,,61404,28,,,1,29,,61399,28,,,1,70,,61383,28,,,1,100,,61390,28,,,1,100,,61388,28,,,1,99,,61389,28,,,1,102,,61403,28,,,1,100,,61386,28,,,1,100,,61387,28,,,1,31,,61384,28,,,1,68,,61391,28,,,1,32,,61401,28,,,1,69,,61402,28,,,1,30,,61381,28,,,1,80,,61385,28,,,1,94,,61396,28,,,1,100,,61398,28,,,1,100,,61382,28,,,1,100,,61392,28,,,1,184,,61394,28,,,1
