4501,'Semaine-1-_26ÉTÉ-1111100-',633,,51888,26,,,2,75,,51892,26,,,1,27,,51891,26,,,2,71,,51890,26,,,1,26,,51893,26,,,1,71,,51889,26,,,2
4501,'Semaine-10-_26ÉTÉ-1111100-',633,,51894,26,,,2,75,,51898,26,,,1,27,,51897,26,,,2,71,,51896,26,,,1,26,,51899,26,,,1,71,,51895,26,,,2
4501,'Semaine-11-_26ÉTÉ-1111100-',633,,51900,26,,,2,75,,51904,26,,,1,27,,51903,26,,,2,71,,51902,26,,,1,26,,51905,26,,,1,71,,51901,26,,,2
4501,'Semaine-12-_26ÉTÉ-1111100-',633,,51906,26,,,2,75,,51910,26,,,1,27,,51909,26,,,2,71,,51908,26,,,1,26,,51911,26,,,1,71,,51907,26,,,2
5201,'Samedi-0-_26ÉTÉ-0000010-',702,,52613,50,,,2,100,,52614,50,,,1,101,,52615,50,,,2,100,,52616,50,,,1,102,,52618,50,,,1,100,,52617,50,,,1,100,,52619,50,,,2,100,,52620,50,,,1,101,,52621,50,,,2,99,,52622,50,,,1,100,,52623,50,,,1,100,,52624,50,,,1,99,,52627,50,,,1,100,,52625,50,,,1,97,,52629,50,,,2,101,,52626,50,,,1,100,,52628,50,,,1,100,,52630,50,,,1
5201,'Dimanche-0-_26ÉTÉ-0000001-',702,,52631,50,,,2,100,,52632,50,,,1,101,,52633,50,,,2,100,,52634,50,,,1,102,,52639,50,,,1,100,,52635,50,,,1,100,,52636,50,,,2,100,,52640,50,,,1,101,,52637,50,,,2,99,,52638,50,,,1,100,,52641,50,,,1,100,,52644,50,,,1,99,,52642,50,,,1,100,,52648,50,,,1,97,,52643,50,,,2,101,,52645,50,,,1,100,,52646,50,,,1,100,,52647,50,,,1
5201,'Dimanche-10-_26ÉTÉ-0000001-',702,,52649,50,,,2,100,,52650,50,,,1,101,,52651,50,,,2,100,,52652,50,,,1,102,,52657,50,,,1,100,,52653,50,,,1,100,,52654,50,,,2,100,,52658,50,,,1,101,,52655,50,,,2,99,,52656,50,,,1,100,,52659,50,,,1,100,,52662,50,,,1,99,,52660,50,,,1,100,,52666,50,,,1,97,,52661,50,,,2,101,,52663,50,,,1,100,,52664,50,,,1,100,,52665,50,,,1
5201,'Dimanche-11-_26ÉTÉ-0000001-',702,,52667,50,,,2,100,,52668,50,,,1,101,,52669,50,,,2,100,,52670,50,,,1,102,,52675,50,,,1,100,,52671,50,,,1,100,,52672,50,,,2,100,,52676,50,,,1,101,,52673,50,,,2,99,,52674,50,,,1,100,,52677,50,,,1,100,,52680,50,,,1,99,,52678,50,,,1,100,,52684,50,,,1,97,,52679,50,,,2,101,,52681,50,,,1,100,,52682,50,,,1,100,,52683,50,,,1
5201,'Semaine-1-_26ÉTÉ-1111100-',634,,52700,50,,,1,102,,52702,50,,,1,99,,52701,50,,,1,100,,52685,50,,,1,101,,52691,50,,,1,100,,52688,50,,,2,100,,52695,50,,,1,100,,52686,50,,,1,100,,52690,50,,,1,102,,52689,50,,,1,100,,52699,50,,,1,100,,52698,50,,,1,98,,52692,50,,,1,96,,52693,50,,,1,100,,52697,50,,,1,100,,52694,50,,,1,100,,52696,50,,,1,100,,52687,50,,,1
5201,'Semaine-10-_26ÉTÉ-1111100-',634,,52718,50,,,1,102,,52720,50,,,1,99,,52719,50,,,1,100,,52703,50,,,1,101,,52709,50,,,1,100,,52706,50,,,2,100,,52713,50,,,1,100,,52704,50,,,1,100,,52708,50,,,1,102,,52707,50,,,1,100,,52717,50,,,1,100,,52716,50,,,1,98,,52710,50,,,1,96,,52711,50,,,1,100,,52715,50,,,1,100,,52712,50,,,1,100,,52714,50,,,1,100,,52705,50,,,1
5201,'Semaine-11-_26ÉTÉ-1111100-',634,,52736,50,,,1,102,,52738,50,,,1,99,,52737,50,,,1,100,,52721,50,,,1,101,,52727,50,,,1,100,,52724,50,,,2,100,,52731,50,,,1,100,,52722,50,,,1,100,,52726,50,,,1,102,,52725,50,,,1,100,,52735,50,,,1,100,,52734,50,,,1,98,,52728,50,,,1,96,,52729,50,,,1,100,,52733,50,,,1,100,,52730,50,,,1,100,,52732,50,,,1,100,,52723,50,,,1
5201,'Semaine-12-_26ÉTÉ-1111100-',634,,52754,50,,,1,102,,52756,50,,,1,99,,52755,50,,,1,100,,52739,50,,,1,101,,52745,50,,,1,100,,52742,50,,,2,100,,52749,50,,,1,100,,52740,50,,,1,100,,52744,50,,,1,102,,52743,50,,,1,100,,52753,50,,,1,100,,52752,50,,,1,98,,52746,50,,,1,96,,52747,50,,,1,100,,52751,50,,,1,100,,52748,50,,,1,100,,52750,50,,,1,100,,52741,50,,,1
5600,'Semaine-1-_26ÉTÉ-1111100-',640,,53557,17,,,2,61,,53555,17,,,1,5,,53559,17,,,2,31,,53558,17,,,2,71,,53552,17,,,2,105,,53551,17,,,2,104,,53553,17,,,1,98,,53556,17,,,2,100,,53554,17,,,1
5600,'Semaine-10-_26ÉTÉ-1111100-',640,,53566,17,,,2,61,,53564,17,,,1,5,,53568,17,,,2,31,,53567,17,,,2,71,,53561,17,,,2,105,,53560,17,,,2,104,,53562,17,,,1,98,,53565,17,,,2,100,,53563,17,,,1
5600,'Semaine-11-_26ÉTÉ-1111100-',640,,53575,17,,,2,61,,53573,17,,,1,5,,53577,17,,,2,31,,53576,17,,,2,71,,53570,17,,,2,105,,53569,17,,,2,104,,53571,17,,,1,98,,53574,17,,,2,100,,53572,17,,,1
5600,'Semaine-12-_26ÉTÉ-1111100-',640,,53584,17,,,2,61,,53582,17,,,1,5,,53586,17,,,2,31,,53585,17,,,2,71,,53579,17,,,2,105,,53578,17,,,2,104,,53580,17,,,1,98,,53583,17,,,2,100,,53581,17,,,1
