3600,'Semaine-4',925,,31093,38,,,1,101,,31094,38,,,1,102,,31092,38,,,1,100,,31095,38,,,1,99,,31097,38,,,1,101,,31098,38,,,1,99,,31096,38,,,1
3600,'Semaine-5',925,,35650,38,,,1,101,,35651,38,,,1,102,,35649,38,,,1,100,,35652,38,,,1,99,,35654,38,,,1,101,,35655,38,,,1,99,,35653,38,,,1
3700,'Samedi-3',742,,31106,30,,,1,100,,31107,30,,,1,101,,31109,30,,,1,102,,31110,30,,,1,100,,31108,30,,,1,101,,31111,30,,,1,100,,31112,30,,,1,101,,31113,30,,,1,99,,31114,30,,,1,100,,31115,30,,,1,100,,31116,30,,,1,99,,31117,30,,,1,98,,31118,30,,,1,100,,31119,30,,,1,100,,31120,30,,,1,100,,31121,30,,,1,98,,31122,30,,,1,100,,31123,30,,,1
3700,'Samedi-4',742,,35663,30,,,1,100,,35664,30,,,1,101,,35666,30,,,1,102,,35667,30,,,1,100,,35665,30,,,1,101,,35668,30,,,1,100,,35669,30,,,1,101,,35670,30,,,1,99,,35671,30,,,1,100,,35672,30,,,1,100,,35673,30,,,1,99,,35674,30,,,1,98,,35675,30,,,1,100,,35676,30,,,1,100,,35677,30,,,1,100,,35678,30,,,1,98,,35679,30,,,1,100,,35680,30,,,1
3700,'Dimanche-3',742,,31124,30,,,1,100,,31127,30,,,1,101,,31131,30,,,1,102,,31128,30,,,1,100,,31126,30,,,1,101,,31130,30,,,1,100,,31125,30,,,1,101,,31129,30,,,1,99,,31136,30,,,1,100,,31132,30,,,1,100,,31135,30,,,1,99,,31139,30,,,1,98,,31133,30,,,1,100,,31134,30,,,1,100,,31138,30,,,1,100,,31140,30,,,1,98,,31137,30,,,1,100,,31141,30,,,1
3700,'Semaine-4',702,,31163,30,,,1,40,,31169,30,,,1,70,,31160,30,,,1,33,,31144,30,,,1,68,,31158,30,,,1,90,,31150,30,,,1,100,,31146,30,,,1,100,,31147,30,,,1,98,,31148,30,,,1,104,,31149,30,,,1,100,,31155,30,,,1,50,,31156,30,,,1,55,,31157,30,,,1,15,,31143,30,,,1,15,,31165,30,,,1,63,,31152,30,,,1,30,,31161,30,,,1,23,,31151,30,,,1,68,,31145,30,,,1,29,,31142,30,,,1,66,,31153,30,,,1,30,,31168,30,,,1,70,,31159,30,,,1,35,,31170,30,,,1,99,,31166,30,,,1,99,,31154,30,,,1,100,,31164,30,,,1,99,,31167,30,,,1,53,,31162,30,,,1
3700,'Semaine-5',702,,35702,30,,,1,40,,35708,30,,,1,70,,35699,30,,,1,33,,35683,30,,,1,68,,35697,30,,,1,90,,35689,30,,,1,100,,35685,30,,,1,100,,35686,30,,,1,98,,35687,30,,,1,104,,35688,30,,,1,100,,35694,30,,,1,50,,35695,30,,,1,55,,35696,30,,,1,15,,35682,30,,,1,15,,35704,30,,,1,63,,35691,30,,,1,30,,35700,30,,,1,23,,35690,30,,,1,68,,35684,30,,,1,29,,35681,30,,,1,66,,35692,30,,,1,30,,35707,30,,,1,70,,35698,30,,,1,35,,35709,30,,,1,99,,35705,30,,,1,99,,35693,30,,,1,100,,35703,30,,,1,99,,35706,30,,,1,53,,35701,30,,,1
37100,'Samedi-3',812,,34194,31,,,1,102,,34198,31,,,1,99,,34193,31,,,1,102,,34199,31,,,1,100,,34195,31,,,1,100,,34196,31,,,1,100,,34197,31,,,1,103,,34200,31,,,1,100,,34201,31,,,1,100,,34202,31,,,1,99,,34203,31,,,1,98,,34204,31,,,1,100,,34205,31,,,1,98,,34206,31,,,1,100,,34207,31,,,1,100,,34208,31,,,1,98,,34209,31,,,1
37100,'Samedi-4',812,,38025,31,,,1,102,,38029,31,,,1,99,,38024,31,,,1,102,,38030,31,,,1,100,,38026,31,,,1,100,,38027,31,,,1,100,,38028,31,,,1,103,,38031,31,,,1,100,,38032,31,,,1,100,,38033,31,,,1,99,,38034,31,,,1,98,,38035,31,,,1,100,,38036,31,,,1,98,,38037,31,,,1,100,,38038,31,,,1,100,,38039,31,,,1,98,,38040,31,,,1
37100,'Dimanche-3',812,,34210,31,,,1,102,,34216,31,,,1,99,,34217,31,,,1,102,,34218,31,,,1,100,,34211,31,,,1,100,,34213,31,,,1,100,,34212,31,,,1,103,,34214,31,,,1,100,,34215,31,,,1,100,,34220,31,,,1,99,,34225,31,,,1,98,,34219,31,,,1,100,,34221,31,,,1,98,,34226,31,,,1,100,,34224,31,,,1,100,,34222,31,,,1,98,,34223,31,,,1
37100,'Semaine-4',720,,34240,31,,,1,35,,34237,31,,,1,71,,34233,31,,,1,28,,34228,31,,,1,90,,34247,31,,,1,97,,34232,31,,,1,102,,34234,31,,,1,100,,34246,31,,,1,100,,34241,31,,,1,103,,34230,31,,,1,94,,34242,31,,,1,18,,34251,31,,,1,57,,34231,31,,,1,15,,34252,31,,,1,25,,34227,31,,,1,60,,34236,31,,,1,27,,34243,31,,,1,65,,34249,31,,,1,27,,34248,31,,,1,70,,34238,31,,,1,28,,34250,31,,,1,70,,34253,31,,,1,30,,34239,31,,,1,95,,34235,31,,,1,100,,34245,31,,,1,100,,34244,31,,,1,97,,34229,31,,,1
37100,'Semaine-5',720,,38054,31,,,1,35,,38051,31,,,1,71,,38047,31,,,1,28,,38042,31,,,1,90,,38061,31,,,1,97,,38046,31,,,1,102,,38048,31,,,1,100,,38060,31,,,1,100,,38055,31,,,1,103,,38044,31,,,1,94,,38056,31,,,1,18,,38065,31,,,1,57,,38045,31,,,1,15,,38066,31,,,1,25,,38041,31,,,1,60,,38050,31,,,1,27,,38057,31,,,1,65,,38063,31,,,1,27,,38062,31,,,1,70,,38052,31,,,1,28,,38064,31,,,1,70,,38067,31,,,1,30,,38053,31,,,1,95,,38049,31,,,1,100,,38059,31,,,1,100,,38058,31,,,1,97,,38043,31,,,1
43700,'Semaine-4',741,,34808,26,0,9 14,1,2,,34809,22,0,9 14,1
43700,'Semaine-5',741,,38459,26,0,9 14,1,2,,38460,22,0,9 14,1
