9500,'Semaine-4',1546,,33970,56,,,1,57,,33973,56,,,1,16,,33969,56,,,1,18,,33964,56,,,2,15,,33968,56,,,1,57,,33965,56,,,1,14,,33966,56,,,1,15,,33971,56,,,1,63,,33972,56,,,2,24,,33967,56,,,1
9500,'Semaine-2-_26ÉTÉ-1111100-',1546,,45358,56,,,1,56,,45361,56,,,2,16,,45357,56,,,1,19,,45352,56,,,1,15,,45356,56,,,2,56,,45353,56,,,1,15,,45354,56,,,2,15,,45359,56,,,1,63,,45360,56,,,1,25,,45355,56,,,1
9500,'Semaine-3-_26ÉTÉ-1111100-',1546,,45368,56,,,1,56,,45371,56,,,2,16,,45367,56,,,1,19,,45362,56,,,1,15,,45366,56,,,2,56,,45363,56,,,1,15,,45364,56,,,2,15,,45369,56,,,1,63,,45370,56,,,1,25,,45365,56,,,1
9500,'Semaine-4-_26ÉTÉ-1111100-',1546,,45378,56,,,1,56,,45381,56,,,2,16,,45377,56,,,1,19,,45372,56,,,1,15,,45376,56,,,2,56,,45373,56,,,1,15,,45374,56,,,2,15,,45379,56,,,1,63,,45380,56,,,1,25,,45375,56,,,1
9701,'Samedi-3',729,,34038,12,,,2,100,,34041,12,,,2,100,,34039,12,,,2,100,,34042,12,,,2,100,,34036,12,,,1,100,,34037,12,,,1,100,,34040,12,,,2,100,,34043,12,,,2,100,,34044,12,,,1,100,,34045,12,,,2,100,,34046,12,,,2,100,,34047,12,,,1,100,,34051,12,,,1,100,,34048,12,,,1,100,,34049,12,,,1,100,,34050,12,,,1
9701,'Dimanche-3',729,,34058,12,,,2,100,,34055,12,,,2,100,,34056,12,,,2,100,,34059,12,,,2,100,,34054,12,,,1,100,,34053,12,,,1,100,,34052,12,,,2,100,,34057,12,,,2,100,,34061,12,,,1,100,,34060,12,,,2,100,,34065,12,,,2,100,,34066,12,,,1,100,,34067,12,,,1,100,,34062,12,,,1,100,,34063,12,,,1,100,,34064,12,,,1
9701,'Semaine-4',609,,34082,12,,,1,100,,34075,12,,,2,109,,34084,12,,,1,103,,34073,12,,,2,100,,34070,12,,,2,100,,34083,12,,,1,100,,34078,12,,,2,100,,34074,12,,,1,100,,34080,12,,,1,101,,34068,12,,,2,95,,34071,12,,,2,102,,34079,12,,,1,99,,34081,12,,,1,96,,34072,12,,,1,97,,34076,12,,,2,100,,34069,12,,,1,100,,34077,12,,,1
9701,'Samedi-10-_26ÉTÉ-0000010-',729,,45485,12,,,2,100,,45488,12,,,1,100,,45486,12,,,2,100,,45489,12,,,2,100,,45483,12,,,1,100,,45484,12,,,1,100,,45487,12,,,2,100,,45490,12,,,2,100,,45491,12,,,1,100,,45492,12,,,2,100,,45493,12,,,2,100,,45494,12,,,1,100,,45498,12,,,1,100,,45495,12,,,1,100,,45496,12,,,1,100,,45497,12,,,1
9701,'Semaine-2-_26ÉTÉ-1111100-',609,,45513,12,,,1,100,,45506,12,,,2,109,,45515,12,,,1,103,,45504,12,,,2,100,,45501,12,,,1,100,,45514,12,,,2,98,,45509,12,,,2,102,,45505,12,,,1,100,,45511,12,,,2,100,,45499,12,,,1,96,,45502,12,,,1,102,,45510,12,,,1,99,,45512,12,,,2,96,,45503,12,,,2,97,,45507,12,,,1,100,,45500,12,,,2,100,,45508,12,,,1
9701,'Semaine-3-_26ÉTÉ-1111100-',609,,45530,12,,,1,100,,45523,12,,,2,109,,45532,12,,,1,103,,45521,12,,,2,100,,45518,12,,,1,100,,45531,12,,,2,98,,45526,12,,,2,102,,45522,12,,,1,100,,45528,12,,,2,100,,45516,12,,,1,96,,45519,12,,,1,102,,45527,12,,,1,99,,45529,12,,,2,96,,45520,12,,,2,97,,45524,12,,,1,100,,45517,12,,,2,100,,45525,12,,,1
9701,'Semaine-4-_26ÉTÉ-1111100-',609,,45547,12,,,1,100,,45540,12,,,2,109,,45549,12,,,1,103,,45538,12,,,2,100,,45535,12,,,1,100,,45548,12,,,2,98,,45543,12,,,2,102,,45539,12,,,1,100,,45545,12,,,2,100,,45533,12,,,1,96,,45536,12,,,1,102,,45544,12,,,1,99,,45546,12,,,2,96,,45537,12,,,2,97,,45541,12,,,1,100,,45534,12,,,2,100,,45542,12,,,1
