3600,'Semaine-4',931,,31093,49,,,1,102,,31094,49,,,1,101,,31092,49,,,1,100,,31095,49,,,1,99,,31097,49,,,1,101,,31098,49,,,1,99,,31096,49,,,1
3600,'Semaine-5',931,,35650,49,,,1,102,,35651,49,,,1,101,,35649,49,,,1,100,,35652,49,,,1,99,,35654,49,,,1,101,,35655,49,,,1,99,,35653,49,,,1
3700,'Samedi-3',748,,31106,41,,,1,100,,31107,41,,,1,101,,31109,41,,,1,102,,31110,41,,,1,100,,31108,41,,,1,102,,31111,41,,,1,100,,31112,41,,,1,101,,31113,41,,,1,99,,31114,41,,,1,100,,31115,41,,,1,100,,31116,41,,,1,99,,31117,41,,,1,98,,31118,41,,,1,100,,31119,41,,,1,100,,31120,41,,,1,100,,31121,41,,,1,97,,31122,41,,,1,100,,31123,41,,,1
3700,'Samedi-4',748,,35663,41,,,1,100,,35664,41,,,1,101,,35666,41,,,1,102,,35667,41,,,1,100,,35665,41,,,1,102,,35668,41,,,1,100,,35669,41,,,1,101,,35670,41,,,1,99,,35671,41,,,1,100,,35672,41,,,1,100,,35673,41,,,1,99,,35674,41,,,1,98,,35675,41,,,1,100,,35676,41,,,1,100,,35677,41,,,1,100,,35678,41,,,1,97,,35679,41,,,1,100,,35680,41,,,1
3700,'Dimanche-3',748,,31124,41,,,1,100,,31127,41,,,1,101,,31131,41,,,1,102,,31128,41,,,1,100,,31126,41,,,1,102,,31130,41,,,1,100,,31125,41,,,1,101,,31129,41,,,1,99,,31136,41,,,1,100,,31132,41,,,1,100,,31135,41,,,1,99,,31139,41,,,1,98,,31133,41,,,1,100,,31134,41,,,1,100,,31138,41,,,1,100,,31140,41,,,1,97,,31137,41,,,1,100,,31141,41,,,1
3700,'Semaine-4',709,,31163,41,,,1,44,,31169,41,,,1,67,,31160,41,,,1,30,,31144,41,,,1,68,,31158,41,,,1,90,,31150,41,,,1,100,,31146,41,,,1,101,,31147,41,,,1,98,,31148,41,,,1,105,,31149,41,,,1,100,,31155,41,,,1,91,,31156,41,,,1,15,,31157,41,,,1,15,,31143,41,,,1,15,,31165,41,,,1,63,,31152,41,,,1,30,,31161,41,,,1,63,,31151,41,,,1,27,,31145,41,,,1,69,,31142,41,,,1,26,,31153,41,,,1,30,,31168,41,,,1,70,,31159,41,,,1,75,,31170,41,,,1,99,,31166,41,,,1,58,,31154,41,,,1,100,,31164,41,,,1,100,,31167,41,,,1,53,,31162,41,,,1
3700,'Semaine-5',709,,35702,41,,,1,44,,35708,41,,,1,67,,35699,41,,,1,30,,35683,41,,,1,68,,35697,41,,,1,90,,35689,41,,,1,100,,35685,41,,,1,101,,35686,41,,,1,98,,35687,41,,,1,105,,35688,41,,,1,100,,35694,41,,,1,91,,35695,41,,,1,15,,35696,41,,,1,15,,35682,41,,,1,15,,35704,41,,,1,63,,35691,41,,,1,30,,35700,41,,,1,63,,35690,41,,,1,27,,35684,41,,,1,69,,35681,41,,,1,26,,35692,41,,,1,30,,35707,41,,,1,70,,35698,41,,,1,75,,35709,41,,,1,99,,35705,41,,,1,58,,35693,41,,,1,100,,35703,41,,,1,100,,35706,41,,,1,53,,35701,41,,,1
6400,'Samedi-3',800,,32533,42,0,15 16,1,100,,32535,42,0,15 16,1,100,,32538,42,0,15 16,1,100,,32536,42,0,15 16,2,100,,32539,42,0,15 16,1,100,,32534,42,0,15 16,1,100,,32537,42,0,15 16,2,100,,32540,42,0,15 16,1,58,,32541,42,0,15 16,1,100,,32542,42,0,15 16,1,100,,32543,42,0,15 16,1,100,,32544,42,0,15 16,1
6400,'Samedi-4',800,,36720,42,0,15 16,1,100,,36722,42,0,15 16,1,100,,36725,42,0,15 16,1,100,,36723,42,0,15 16,2,100,,36726,42,0,15 16,1,100,,36721,42,0,15 16,1,100,,36724,42,0,15 16,2,100,,36727,42,0,15 16,1,58,,36728,42,0,15 16,1,100,,36729,42,0,15 16,1,100,,36730,42,0,15 16,1,100,,36731,42,0,15 16,1
6400,'Dimanche-3',800,,32545,42,0,15 16,1,100,,32550,42,0,15 16,1,100,,32546,42,0,15 16,1,100,,32549,42,0,15 16,2,100,,32552,42,0,15 16,1,100,,32551,42,0,15 16,1,100,,32548,42,0,15 16,2,100,,32547,42,0,15 16,1,58,,32555,42,0,15 16,1,100,,32556,42,0,15 16,1,100,,32553,42,0,15 16,1,100,,32554,42,0,15 16,1
6400,'Semaine-4',716,,32565,42,,,2,31,,32562,42,0,15 16,2,71,,32557,42,0,15 16,1,29,,32561,42,0,15 16,1,100,,32563,42,0,15 16,1,100,,32568,42,0,15 16,1,100,,32567,42,0,15 16,1,100,,32560,42,0,15 16,1,100,,32573,42,0,15 16,1,100,,32569,42,0,15 16,1,95,,32570,42,0,15 16,1,70,,32575,42,0,15 16,1,101,,32574,42,0,15 16,1,96,,32571,42,0,15 16,1,100,,32572,42,0,15 16,1,100,,32564,42,0,15 16,1,99,,32558,42,0,15 16,1,100,,32566,42,0,15 16,1,100,,32559,42,0,15 16,1
6400,'Semaine-5',716,,36740,42,,,2,31,,36737,42,0,15 16,2,71,,36732,42,0,15 16,1,29,,36736,42,0,15 16,1,100,,36738,42,0,15 16,1,100,,36743,42,0,15 16,1,100,,36742,42,0,15 16,1,100,,36735,42,0,15 16,1,100,,36748,42,0,15 16,1,100,,36744,42,0,15 16,1,95,,36745,42,0,15 16,1,70,,36750,42,0,15 16,1,101,,36749,42,0,15 16,1,96,,36746,42,0,15 16,1,100,,36747,42,0,15 16,1,100,,36739,42,0,15 16,1,99,,36733,42,0,15 16,1,100,,36741,42,0,15 16,1,100,,36734,42,0,15 16,1
6801,'Semaine-4',630,,33120,19,,,1,20,,33133,19,,,1,60,,33104,19,,,1,21,,33117,19,,,1,4,,33131,19,,,1,6,,33111,19,,,1,5,,33116,19,,,1,63,,33122,19,,,1,20,,33134,19,,,1,17,,33110,19,,,1,60,,33129,19,,,1,20,,33127,19,,,1,20,,33132,19,,,1,70,,33105,19,,,1,28,,33125,19,,,1,70,,33106,19,,,1,32,,33108,19,,,1,68,,33128,19,,,1,30,,33112,19,,,1,70,,33130,19,,,1,32,,33124,19,,,1,70,,33113,19,,,1,30,,33123,19,,,1,67,,33114,19,,,1,33,,33109,19,,,1,71,,33107,19,,,1,29,,33121,19,,,1,69,,33115,19,,,1,29,,33126,19,,,1,70,,33119,19,,,1,30,,33118,19,,,1
6801,'Semaine-5',630,,37160,19,,,1,20,,37173,19,,,1,60,,37144,19,,,1,21,,37157,19,,,1,4,,37171,19,,,1,6,,37151,19,,,1,5,,37156,19,,,1,63,,37162,19,,,1,20,,37174,19,,,1,17,,37150,19,,,1,60,,37169,19,,,1,20,,37167,19,,,1,20,,37172,19,,,1,70,,37145,19,,,1,28,,37165,19,,,1,70,,37146,19,,,1,32,,37148,19,,,1,68,,37168,19,,,1,30,,37152,19,,,1,70,,37170,19,,,1,32,,37164,19,,,1,70,,37153,19,,,1,30,,37163,19,,,1,67,,37154,19,,,1,33,,37149,19,,,1,71,,37147,19,,,1,29,,37161,19,,,1,69,,37155,19,,,1,29,,37166,19,,,1,70,,37159,19,,,1,30,,37158,19,,,1
33100,'Semaine-4',822,,34191,13,0,7 8,1
33100,'Semaine-5',822,,38022,13,0,7 8,1
37100,'Samedi-3',819,,34194,42,,,1,102,,34198,42,,,1,99,,34193,42,,,1,104,,34199,42,,,1,100,,34195,42,,,1,100,,34196,42,,,1,100,,34197,42,,,1,104,,34200,42,,,1,100,,34201,42,,,1,100,,34202,42,,,1,98,,34203,42,,,1,97,,34204,42,,,1,100,,34205,42,,,1,98,,34206,42,,,1,100,,34207,42,,,1,98,,34208,42,,,1,98,,34209,42,,,1
37100,'Samedi-4',819,,38025,42,,,1,102,,38029,42,,,1,99,,38024,42,,,1,104,,38030,42,,,1,100,,38026,42,,,1,100,,38027,42,,,1,100,,38028,42,,,1,104,,38031,42,,,1,100,,38032,42,,,1,100,,38033,42,,,1,98,,38034,42,,,1,97,,38035,42,,,1,100,,38036,42,,,1,98,,38037,42,,,1,100,,38038,42,,,1,98,,38039,42,,,1,98,,38040,42,,,1
37100,'Dimanche-3',819,,34210,42,,,1,102,,34216,42,,,1,99,,34217,42,,,1,104,,34218,42,,,1,100,,34211,42,,,1,100,,34213,42,,,1,100,,34212,42,,,1,104,,34214,42,,,1,100,,34215,42,,,1,100,,34220,42,,,1,98,,34225,42,,,1,97,,34219,42,,,1,100,,34221,42,,,1,98,,34226,42,,,1,100,,34224,42,,,1,98,,34222,42,,,1,98,,34223,42,,,1
37100,'Semaine-4',727,,34240,42,,,1,76,,34237,42,,,1,31,,34233,42,,,1,66,,34228,42,,,1,50,,34247,42,,,1,98,,34232,42,,,1,102,,34234,42,,,1,100,,34246,42,,,1,100,,34241,42,,,1,103,,34230,42,,,1,95,,34242,42,,,1,58,,34251,42,,,1,17,,34231,42,,,1,15,,34252,42,,,1,65,,34227,42,,,1,20,,34236,42,,,1,27,,34243,42,,,1,65,,34249,42,,,1,26,,34248,42,,,1,70,,34238,42,,,1,27,,34250,42,,,1,70,,34253,42,,,1,30,,34239,42,,,1,95,,34235,42,,,1,100,,34245,42,,,1,100,,34244,42,,,1,97,,34229,42,,,1
37100,'Semaine-5',727,,38054,42,,,1,76,,38051,42,,,1,31,,38047,42,,,1,66,,38042,42,,,1,50,,38061,42,,,1,98,,38046,42,,,1,102,,38048,42,,,1,100,,38060,42,,,1,100,,38055,42,,,1,103,,38044,42,,,1,95,,38056,42,,,1,58,,38065,42,,,1,17,,38045,42,,,1,15,,38066,42,,,1,65,,38041,42,,,1,20,,38050,42,,,1,27,,38057,42,,,1,65,,38063,42,,,1,26,,38062,42,,,1,70,,38052,42,,,1,27,,38064,42,,,1,70,,38067,42,,,1,30,,38053,42,,,1,95,,38049,42,,,1,100,,38059,42,,,1,100,,38058,42,,,1,97,,38043,42,,,1
43700,'Semaine-4',748,,34808,37,0,9 14,1,2,,34809,33,0,9 14,1
43700,'Semaine-5',748,,38459,37,0,9 14,1,2,,38460,33,0,9 14,1
