4001,'Semaine-2-_26ÉTÉ-1111100-',625,,41064,43,,,2,32,,41063,43,,,2,72,,41066,43,,,2,74,,41062,43,,,1,27,,41061,43,,,2,26,,41065,43,,,2
4001,'Semaine-3-_26ÉTÉ-1111100-',625,,41070,43,,,2,32,,41069,43,,,2,72,,41072,43,,,2,74,,41068,43,,,1,27,,41067,43,,,2,26,,41071,43,,,2
4001,'Semaine-4-_26ÉTÉ-1111100-',625,,41076,43,,,2,32,,41075,43,,,2,72,,41078,43,,,2,74,,41074,43,,,1,27,,41073,43,,,2,26,,41077,43,,,2
4101,'Semaine-2-_26ÉTÉ-1111100-',650,,41096,34,,,2,71,,41097,34,,,2,32,,41098,34,,,2,70,,41095,34,,,1,28,,41094,34,,,2
4101,'Semaine-3-_26ÉTÉ-1111100-',650,,41101,34,,,2,71,,41102,34,,,2,32,,41103,34,,,2,70,,41100,34,,,1,28,,41099,34,,,2
4101,'Semaine-4-_26ÉTÉ-1111100-',650,,41106,34,,,2,71,,41107,34,,,2,32,,41108,34,,,2,70,,41105,34,,,1,28,,41104,34,,,2
4501,'Semaine-2-_26ÉTÉ-1111100-',640,,41139,37,,,2,76,,41143,37,,,1,27,,41142,37,,,2,70,,41141,37,,,1,27,,41144,37,,,1,70,,41140,37,,,2
4501,'Semaine-3-_26ÉTÉ-1111100-',640,,41145,37,,,2,76,,41149,37,,,1,27,,41148,37,,,2,70,,41147,37,,,1,27,,41150,37,,,1,70,,41146,37,,,2
4501,'Semaine-4-_26ÉTÉ-1111100-',640,,41151,37,,,2,76,,41155,37,,,1,27,,41154,37,,,2,70,,41153,37,,,1,27,,41156,37,,,1,70,,41152,37,,,2
4701,'Semaine-2-_26ÉTÉ-1111100-',629,,41168,30,,,2,85,,41169,30,,,2,86,,41166,30,,,2,28,,41167,30,,,2
4701,'Semaine-3-_26ÉTÉ-1111100-',629,,41172,30,,,2,85,,41173,30,,,2,86,,41170,30,,,2,28,,41171,30,,,2
4701,'Semaine-4-_26ÉTÉ-1111100-',629,,41176,30,,,2,85,,41177,30,,,2,86,,41174,30,,,2,28,,41175,30,,,2
5501,'Samedi-10-_26ÉTÉ-0000010-',713,,41782,42,,,1,30,,41785,42,,,1,70,,41784,42,,,1,30,,41794,42,,,1,70,,41783,42,,,1,30,,41786,42,,,1,70,,41787,42,,,1,30,,41793,42,,,1,73,,41789,42,,,1,30,,41790,42,,,1,71,,41788,42,,,1,28,,41796,42,,,1,70,,41795,42,,,1,30,,41791,42,,,1,70,,41792,42,,,1,30,,41797,42,,,1,70,,41798,42,,,1,30,,41799,42,,,1,70,,41800,42,,,1,30,,41801,42,,,1,70,,41802,42,,,1,30,,41803,42,,,1,70,,41804,42,,,1,28,,41805,42,,,1,70,,41806,42,,,1,30,,41807,42,,,1,70,,41808,42,,,1,28,,41809,42,,,1,70,,41810,42,,,1,30,,41812,42,,,1,69,,41811,42,,,1,32,,41814,42,,,1,68,,41813,42,,,1
5501,'Semaine-2-_26ÉTÉ-1111100-',530,,41828,42,,,1,15,,41835,42,,,1,13,,41834,41,,,1,58,,41818,41,,,1,15,,41856,41,,,1,23,,41855,41,,,1,47,,41815,41,,,1,13,,41860,41,,,1,15,,41841,41,,,1,14,,41849,41,,,1,14,,41819,41,,,1,51,,41823,41,,,1,12,,41821,41,,,1,9,,41850,41,,,1,4,,41852,41,,,1,13,,41829,41,,,1,69,,41833,41,,,1,12,,41820,41,,,1,11,,41854,41,,,1,69,,41847,42,,,1,23,,41859,9,,,1,8,,41851,42,,,1,67,,41817,42,,,1,32,,41824,42,,,1,70,,41837,42,,,1,30,,41848,42,,,1,70,,41844,42,,,1,30,,41825,42,,,1,70,,41857,42,,,1,30,,41816,42,,,1,72,,41822,42,,,1,49,,41826,42,,,1,100,,41831,42,,,1,100,,41836,42,,,1,99,,41853,42,,,1,60,,41842,42,,,1,30,,41830,42,,,1,70,,41846,42,,,1,30,,41839,42,,,1,70,,41858,42,,,1,30,,41832,42,,,1,70,,41838,42,,,1,30,,41840,42,,,1,70,,41827,42,,,1,29,,41845,42,,,1,70,,41843,42,,,1
5501,'Semaine-3-_26ÉTÉ-1111100-',530,,41874,42,,,1,15,,41881,42,,,1,13,,41880,41,,,1,58,,41864,41,,,1,15,,41902,41,,,1,23,,41901,41,,,1,47,,41861,41,,,1,13,,41906,41,,,1,15,,41887,41,,,1,14,,41895,41,,,1,14,,41865,41,,,1,51,,41869,41,,,1,12,,41867,41,,,1,9,,41896,41,,,1,4,,41898,41,,,1,13,,41875,41,,,1,69,,41879,41,,,1,12,,41866,41,,,1,11,,41900,41,,,1,69,,41893,42,,,1,23,,41905,9,,,1,8,,41897,42,,,1,67,,41863,42,,,1,32,,41870,42,,,1,70,,41883,42,,,1,30,,41894,42,,,1,70,,41890,42,,,1,30,,41871,42,,,1,70,,41903,42,,,1,30,,41862,42,,,1,72,,41868,42,,,1,49,,41872,42,,,1,100,,41877,42,,,1,100,,41882,42,,,1,99,,41899,42,,,1,60,,41888,42,,,1,30,,41876,42,,,1,70,,41892,42,,,1,30,,41885,42,,,1,70,,41904,42,,,1,30,,41878,42,,,1,70,,41884,42,,,1,30,,41886,42,,,1,70,,41873,42,,,1,29,,41891,42,,,1,70,,41889,42,,,1
5501,'Semaine-4-_26ÉTÉ-1111100-',530,,41920,42,,,1,15,,41927,42,,,1,13,,41926,41,,,1,58,,41910,41,,,1,15,,41948,41,,,1,23,,41947,41,,,1,47,,41907,41,,,1,13,,41952,41,,,1,15,,41933,41,,,1,14,,41941,41,,,1,14,,41911,41,,,1,51,,41915,41,,,1,12,,41913,41,,,1,9,,41942,41,,,1,4,,41944,41,,,1,13,,41921,41,,,1,69,,41925,41,,,1,12,,41912,41,,,1,11,,41946,41,,,1,69,,41939,42,,,1,23,,41951,9,,,1,8,,41943,42,,,1,67,,41909,42,,,1,32,,41916,42,,,1,70,,41929,42,,,1,30,,41940,42,,,1,70,,41936,42,,,1,30,,41917,42,,,1,70,,41949,42,,,1,30,,41908,42,,,1,72,,41914,42,,,1,49,,41918,42,,,1,100,,41923,42,,,1,100,,41928,42,,,1,99,,41945,42,,,1,60,,41934,42,,,1,30,,41922,42,,,1,70,,41938,42,,,1,30,,41931,42,,,1,70,,41950,42,,,1,30,,41924,42,,,1,70,,41930,42,,,1,30,,41932,42,,,1,70,,41919,42,,,1,29,,41937,42,,,1,70,,41935,42,,,1
5600,'Semaine-2-_26ÉTÉ-1111100-',648,,41959,28,,,2,62,,41957,28,,,1,5,,41961,28,,,2,31,,41960,28,,,2,71,,41954,28,,,2,105,,41953,28,,,2,103,,41955,28,,,1,98,,41958,28,,,2,100,,41956,28,,,1
5600,'Semaine-3-_26ÉTÉ-1111100-',648,,41968,28,,,2,62,,41966,28,,,1,5,,41970,28,,,2,31,,41969,28,,,2,71,,41963,28,,,2,105,,41962,28,,,2,103,,41964,28,,,1,98,,41967,28,,,2,100,,41965,28,,,1
5600,'Semaine-4-_26ÉTÉ-1111100-',648,,41977,28,,,2,62,,41975,28,,,1,5,,41979,28,,,2,31,,41978,28,,,2,71,,41972,28,,,2,105,,41971,28,,,2,103,,41973,28,,,1,98,,41976,28,,,2,100,,41974,28,,,1
5901,'Samedi-10-_26ÉTÉ-0000010-',724,,42221,31,,,1,30,,42228,31,,,1,72,,42225,31,,,1,30,,42230,31,,,1,70,,42222,31,,,1,30,,42227,31,,,1,70,,42226,31,,,1,30,,42229,31,,,1,70,,42233,31,,,1,31,,42234,31,,,1,70,,42223,31,,,1,30,,42224,31,,,1,70,,42232,31,,,1,30,,42231,31,,,1,70,,42235,31,,,1,29,,42236,31,,,1,70,,42237,31,,,1,30,,42238,31,,,1,70,,42239,31,,,1,30,,42240,31,,,1,70,,42241,31,,,1,30,,42242,31,,,1,70,,42243,31,,,1,29,,42244,31,,,1,70,,42245,31,,,1,30,,42247,31,,,1,70,,42246,31,,,1,29,,42248,31,,,1,70,,42249,31,,,1,30,,42250,31,,,1,70,,42252,31,,,1,28,,42251,31,,,1
5901,'Semaine-2-_26ÉTÉ-1111100-',523,,42257,31,,,1,14,,42293,31,,,1,15,,42266,31,,,1,55,,42287,30,,,1,16,,42267,30,,,1,15,,42256,30,,,1,8,,42258,30,,,1,62,,42261,30,,,1,4,,42296,8,,,1,11,,42297,8,,,1,9,,42264,30,,,1,4,,42298,8,,,1,14,,42265,30,,,1,51,,42260,30,,,1,12,,42289,30,,,1,10,,42275,30,,,1,7,,42280,30,,,1,13,,42254,30,,,1,12,,42270,30,,,1,53,,42255,30,,,1,12,,42273,30,,,1,32,,42299,30,,,1,70,,42294,31,,,1,30,,42281,31,,,1,70,,42263,31,,,1,30,,42274,31,,,1,70,,42277,31,,,1,30,,42262,31,,,1,70,,42291,31,,,1,30,,42253,31,,,1,70,,42295,31,,,1,30,,42285,31,,,1,77,,42288,31,,,1,99,,42292,31,,,1,100,,42272,31,,,1,99,,42279,31,,,1,75,,42284,31,,,1,30,,42271,31,,,1,70,,42278,31,,,1,30,,42283,31,,,1,70,,42290,31,,,1,30,,42268,31,,,1,70,,42286,31,,,1,30,,42276,31,,,1,70,,42259,31,,,1,30,,42269,31,,,1,70,,42282,31,,,1
5901,'Semaine-3-_26ÉTÉ-1111100-',523,,42304,31,,,1,14,,42340,31,,,1,15,,42313,31,,,1,55,,42334,30,,,1,16,,42314,30,,,1,15,,42303,30,,,1,8,,42305,30,,,1,62,,42308,30,,,1,4,,42343,8,,,1,11,,42344,8,,,1,9,,42311,30,,,1,4,,42345,8,,,1,14,,42312,30,,,1,51,,42307,30,,,1,12,,42336,30,,,1,10,,42322,30,,,1,7,,42327,30,,,1,13,,42301,30,,,1,12,,42317,30,,,1,53,,42302,30,,,1,12,,42320,30,,,1,32,,42346,30,,,1,70,,42341,31,,,1,30,,42328,31,,,1,70,,42310,31,,,1,30,,42321,31,,,1,70,,42324,31,,,1,30,,42309,31,,,1,70,,42338,31,,,1,30,,42300,31,,,1,70,,42342,31,,,1,30,,42332,31,,,1,77,,42335,31,,,1,99,,42339,31,,,1,100,,42319,31,,,1,99,,42326,31,,,1,75,,42331,31,,,1,30,,42318,31,,,1,70,,42325,31,,,1,30,,42330,31,,,1,70,,42337,31,,,1,30,,42315,31,,,1,70,,42333,31,,,1,30,,42323,31,,,1,70,,42306,31,,,1,30,,42316,31,,,1,70,,42329,31,,,1
5901,'Semaine-4-_26ÉTÉ-1111100-',523,,42351,31,,,1,14,,42387,31,,,1,15,,42360,31,,,1,55,,42381,30,,,1,16,,42361,30,,,1,15,,42350,30,,,1,8,,42352,30,,,1,62,,42355,30,,,1,4,,42390,8,,,1,11,,42391,8,,,1,9,,42358,30,,,1,4,,42392,8,,,1,14,,42359,30,,,1,51,,42354,30,,,1,12,,42383,30,,,1,10,,42369,30,,,1,7,,42374,30,,,1,13,,42348,30,,,1,12,,42364,30,,,1,53,,42349,30,,,1,12,,42367,30,,,1,32,,42393,30,,,1,70,,42388,31,,,1,30,,42375,31,,,1,70,,42357,31,,,1,30,,42368,31,,,1,70,,42371,31,,,1,30,,42356,31,,,1,70,,42385,31,,,1,30,,42347,31,,,1,70,,42389,31,,,1,30,,42379,31,,,1,77,,42382,31,,,1,99,,42386,31,,,1,100,,42366,31,,,1,99,,42373,31,,,1,75,,42378,31,,,1,30,,42365,31,,,1,70,,42372,31,,,1,30,,42377,31,,,1,70,,42384,31,,,1,30,,42362,31,,,1,70,,42380,31,,,1,30,,42370,31,,,1,70,,42353,31,,,1,30,,42363,31,,,1,70,,42376,31,,,1
55400,'Semaine-2-_26ÉTÉ-1111100-',708,,46764,18,,,1
55400,'Semaine-3-_26ÉTÉ-1111100-',708,,46765,18,,,1
55400,'Semaine-4-_26ÉTÉ-1111100-',708,,46766,18,,,1
74001,'Semaine-2-_26ÉTÉ-1111100-',830,,46800,44,,,1
74001,'Semaine-3-_26ÉTÉ-1111100-',830,,46801,44,,,1
74001,'Semaine-4-_26ÉTÉ-1111100-',830,,46802,44,,,1
80000,'Samedi-10-_26ÉTÉ-0000010-',730,,46809,35,,,2,101,,46810,35,,,1,100,,46811,35,,,2,101,,46813,35,,,1,100,,46814,35,,,2,100,,46812,35,,,2,100,,46815,35,,,1,100,,46816,35,,,2,100,,46817,35,,,1,100,,46818,35,,,2,99,,46819,35,,,2,100,,46820,35,,,1,100,,46823,35,,,1,99,,46821,35,,,1,100,,46822,35,,,2,98,,46824,35,,,1,100,,46825,35,,,1
80000,'Semaine-2-_26ÉTÉ-1111100-',606,,46856,34,,,1,32,,46838,34,,,2,71,,46829,34,,,1,31,,46851,34,,,1,70,,46839,34,,,1,18,,46828,34,,,1,29,,46853,34,,,2,70,,46831,35,,,2,30,,46848,35,,,2,70,,46842,35,,,2,29,,46860,35,,,1,70,,46830,35,,,1,29,,46846,35,,,2,71,,46844,35,,,1,31,,46859,35,,,1,68,,46841,35,,,1,32,,46854,35,,,2,70,,46843,35,,,2,31,,46850,35,,,1,71,,46849,35,,,1,71,,46845,35,,,1,32,,46857,35,,,1,69,,46832,35,,,2,29,,46840,35,,,1,70,,46834,35,,,2,28,,46855,35,,,1,29,,46833,35,,,1,70,,46837,35,,,1,29,,46826,35,,,1,70,,46858,35,,,1,30,,46835,35,,,1,68,,46836,35,,,1,30,,46852,35,,,1,69,,46827,35,,,1,30,,46847,35,,,1
80000,'Semaine-3-_26ÉTÉ-1111100-',606,,46891,34,,,1,32,,46873,34,,,2,71,,46864,34,,,1,31,,46886,34,,,1,70,,46874,34,,,1,18,,46863,34,,,1,29,,46888,34,,,2,70,,46866,35,,,2,30,,46883,35,,,2,70,,46877,35,,,2,29,,46895,35,,,1,70,,46865,35,,,1,29,,46881,35,,,2,71,,46879,35,,,1,31,,46894,35,,,1,68,,46876,35,,,1,32,,46889,35,,,2,70,,46878,35,,,2,31,,46885,35,,,1,71,,46884,35,,,1,71,,46880,35,,,1,32,,46892,35,,,1,69,,46867,35,,,2,29,,46875,35,,,1,70,,46869,35,,,2,28,,46890,35,,,1,29,,46868,35,,,1,70,,46872,35,,,1,29,,46861,35,,,1,70,,46893,35,,,1,30,,46870,35,,,1,68,,46871,35,,,1,30,,46887,35,,,1,69,,46862,35,,,1,30,,46882,35,,,1
80000,'Semaine-4-_26ÉTÉ-1111100-',606,,46926,34,,,1,32,,46908,34,,,2,71,,46899,34,,,1,31,,46921,34,,,1,70,,46909,34,,,1,18,,46898,34,,,1,29,,46923,34,,,2,70,,46901,35,,,2,30,,46918,35,,,2,70,,46912,35,,,2,29,,46930,35,,,1,70,,46900,35,,,1,29,,46916,35,,,2,71,,46914,35,,,1,31,,46929,35,,,1,68,,46911,35,,,1,32,,46924,35,,,2,70,,46913,35,,,2,31,,46920,35,,,1,71,,46919,35,,,1,71,,46915,35,,,1,32,,46927,35,,,1,69,,46902,35,,,2,29,,46910,35,,,1,70,,46904,35,,,2,28,,46925,35,,,1,29,,46903,35,,,1,70,,46907,35,,,1,29,,46896,35,,,1,70,,46928,35,,,1,30,,46905,35,,,1,68,,46906,35,,,1,30,,46922,35,,,1,69,,46897,35,,,1,30,,46917,35,,,1
