3300,'Samedi-0-_26ÉTÉ-0000010-',707,,48529,25,,,1,133,,48534,25,,,1,99,,48531,25,,,1,99,,48535,25,,,1,101,,48530,25,,,1,100,,48533,25,,,1,100,,48532,25,,,1,100,,48536,25,,,1,103,,48537,25,,,1,97,,48538,25,,,1,100,,48539,25,,,1,99,,48540,25,,,1,96,,48541,25,,,1,100,,48545,25,,,1,100,,48542,25,,,1,100,,48543,25,,,1,100,,48544,25,,,1,99,,48546,25,,,1
3300,'Dimanche-0-_26ÉTÉ-0000001-',707,,48548,25,,,1,133,,48547,25,,,1,99,,48550,25,,,1,99,,48552,25,,,1,101,,48553,25,,,1,100,,48554,25,,,1,100,,48549,25,,,1,100,,48556,25,,,1,103,,48551,25,,,1,97,,48557,25,,,1,100,,48560,25,,,1,99,,48564,25,,,1,96,,48561,25,,,1,100,,48555,25,,,1,100,,48558,25,,,1,100,,48563,25,,,1,100,,48559,25,,,1,99,,48562,25,,,1
3300,'Dimanche-10-_26ÉTÉ-0000001-',707,,48566,25,,,1,133,,48565,25,,,1,99,,48568,25,,,1,99,,48570,25,,,1,101,,48571,25,,,1,100,,48572,25,,,1,100,,48567,25,,,1,100,,48574,25,,,1,103,,48569,25,,,1,97,,48575,25,,,1,100,,48578,25,,,1,99,,48582,25,,,1,96,,48579,25,,,1,100,,48573,25,,,1,100,,48576,25,,,1,100,,48581,25,,,1,100,,48577,25,,,1,99,,48580,25,,,1
3300,'Dimanche-11-_26ÉTÉ-0000001-',707,,48584,25,,,1,133,,48583,25,,,1,99,,48586,25,,,1,99,,48588,25,,,1,101,,48589,25,,,1,100,,48590,25,,,1,100,,48585,25,,,1,100,,48592,25,,,1,103,,48587,25,,,1,97,,48593,25,,,1,100,,48596,25,,,1,99,,48600,25,,,1,96,,48597,25,,,1,100,,48591,25,,,1,100,,48594,25,,,1,100,,48599,25,,,1,100,,48595,25,,,1,99,,48598,25,,,1
3300,'Semaine-1-_26ÉTÉ-1111100-',633,,48628,18,,,1,76,,48627,25,,,2,22,,48633,25,,,2,15,,48606,25,,,2,62,,48621,25,,,2,23,,48629,25,,,2,4,,48640,25,,,1,9,,48641,25,,,1,73,,48634,25,,,2,12,,48616,25,,,1,10,,48619,25,,,2,13,,48636,25,,,1,70,,48622,25,,,1,27,,48611,25,,,1,71,,48617,25,,,2,28,,48601,25,,,1,71,,48624,25,,,1,29,,48612,25,,,1,72,,48620,25,,,1,20,,48639,25,,,1,6,,48623,25,,,1,68,,48626,25,,,1,30,,48613,25,,,1,15,,48635,18,,,1,56,,48631,25,,,1,37,,48625,25,,,1,52,,48603,25,,,1,19,,48615,25,,,1,19,,48638,25,,,2,13,,48637,25,,,2,52,,48632,18,,,1,21,,48610,25,,,1,27,,48609,25,,,1,61,,48614,25,,,2,25,,48602,25,,,2,67,,48607,25,,,1,32,,48642,18,,,1,80,,48618,25,,,1,95,,48608,25,,,1,40,,48604,25,,,1,145,,48630,25,,,1,57,,48643,25,,,1,65,,48605,25,,,1
3300,'Semaine-10-_26ÉTÉ-1111100-',633,,48671,18,,,1,76,,48670,25,,,2,22,,48676,25,,,2,15,,48649,25,,,2,62,,48664,25,,,2,23,,48672,25,,,2,4,,48683,25,,,1,9,,48684,25,,,1,73,,48677,25,,,2,12,,48659,25,,,1,10,,48662,25,,,2,13,,48679,25,,,1,70,,48665,25,,,1,27,,48654,25,,,1,71,,48660,25,,,2,28,,48644,25,,,1,71,,48667,25,,,1,29,,48655,25,,,1,72,,48663,25,,,1,20,,48682,25,,,1,6,,48666,25,,,1,68,,48669,25,,,1,30,,48656,25,,,1,15,,48678,18,,,1,56,,48674,25,,,1,37,,48668,25,,,1,52,,48646,25,,,1,19,,48658,25,,,1,19,,48681,25,,,2,13,,48680,25,,,2,52,,48675,18,,,1,21,,48653,25,,,1,27,,48652,25,,,1,61,,48657,25,,,2,25,,48645,25,,,2,67,,48650,25,,,1,32,,48685,18,,,1,80,,48661,25,,,1,95,,48651,25,,,1,40,,48647,25,,,1,145,,48673,25,,,1,57,,48686,25,,,1,65,,48648,25,,,1
3300,'Semaine-11-_26ÉTÉ-1111100-',633,,48714,18,,,1,76,,48713,25,,,2,22,,48719,25,,,2,15,,48692,25,,,2,62,,48707,25,,,2,23,,48715,25,,,2,4,,48726,25,,,1,9,,48727,25,,,1,73,,48720,25,,,2,12,,48702,25,,,1,10,,48705,25,,,2,13,,48722,25,,,1,70,,48708,25,,,1,27,,48697,25,,,1,71,,48703,25,,,2,28,,48687,25,,,1,71,,48710,25,,,1,29,,48698,25,,,1,72,,48706,25,,,1,20,,48725,25,,,1,6,,48709,25,,,1,68,,48712,25,,,1,30,,48699,25,,,1,15,,48721,18,,,1,56,,48717,25,,,1,37,,48711,25,,,1,52,,48689,25,,,1,19,,48701,25,,,1,19,,48724,25,,,2,13,,48723,25,,,2,52,,48718,18,,,1,21,,48696,25,,,1,27,,48695,25,,,1,61,,48700,25,,,2,25,,48688,25,,,2,67,,48693,25,,,1,32,,48728,18,,,1,80,,48704,25,,,1,95,,48694,25,,,1,40,,48690,25,,,1,145,,48716,25,,,1,57,,48729,25,,,1,65,,48691,25,,,1
3300,'Semaine-12-_26ÉTÉ-1111100-',633,,48757,18,,,1,76,,48756,25,,,2,22,,48762,25,,,2,15,,48735,25,,,2,62,,48750,25,,,2,23,,48758,25,,,2,4,,48769,25,,,1,9,,48770,25,,,1,73,,48763,25,,,2,12,,48745,25,,,1,10,,48748,25,,,2,13,,48765,25,,,1,70,,48751,25,,,1,27,,48740,25,,,1,71,,48746,25,,,2,28,,48730,25,,,1,71,,48753,25,,,1,29,,48741,25,,,1,72,,48749,25,,,1,20,,48768,25,,,1,6,,48752,25,,,1,68,,48755,25,,,1,30,,48742,25,,,1,15,,48764,18,,,1,56,,48760,25,,,1,37,,48754,25,,,1,52,,48732,25,,,1,19,,48744,25,,,1,19,,48767,25,,,2,13,,48766,25,,,2,52,,48761,18,,,1,21,,48739,25,,,1,27,,48738,25,,,1,61,,48743,25,,,2,25,,48731,25,,,2,67,,48736,25,,,1,32,,48771,18,,,1,80,,48747,25,,,1,95,,48737,25,,,1,40,,48733,25,,,1,145,,48759,25,,,1,57,,48772,25,,,1,65,,48734,25,,,1
3300,'Semaine-5-_26ÉTÉ-1111100-',633,,48800,18,,,1,76,,48799,25,,,2,22,,48805,25,,,2,15,,48778,25,,,2,62,,48793,25,,,2,23,,48801,25,,,2,4,,48812,25,,,1,9,,48813,25,,,1,73,,48806,25,,,2,12,,48788,25,,,1,10,,48791,25,,,2,13,,48808,25,,,1,70,,48794,25,,,1,27,,48783,25,,,1,71,,48789,25,,,2,28,,48773,25,,,1,71,,48796,25,,,1,29,,48784,25,,,1,72,,48792,25,,,1,20,,48811,25,,,1,6,,48795,25,,,1,68,,48798,25,,,1,30,,48785,25,,,1,15,,48807,18,,,1,56,,48803,25,,,1,37,,48797,25,,,1,52,,48775,25,,,1,19,,48787,25,,,1,19,,48810,25,,,2,13,,48809,25,,,2,52,,48804,18,,,1,21,,48782,25,,,1,27,,48781,25,,,1,61,,48786,25,,,2,25,,48774,25,,,2,67,,48779,25,,,1,32,,48814,18,,,1,80,,48790,25,,,1,95,,48780,25,,,1,40,,48776,25,,,1,145,,48802,25,,,1,57,,48815,25,,,1,65,,48777,25,,,1
3600,'Semaine-1-_26ÉTÉ-1111100-',911,,50018,20,,,1,100,,50019,20,,,1,101,,50017,20,,,1,100,,50020,20,,,1,100,,50022,20,,,1,100,,50023,20,,,1,98,,50021,20,,,1
3600,'Semaine-10-_26ÉTÉ-1111100-',911,,50025,20,,,1,100,,50026,20,,,1,101,,50024,20,,,1,100,,50027,20,,,1,100,,50029,20,,,1,100,,50030,20,,,1,98,,50028,20,,,1
3600,'Semaine-11-_26ÉTÉ-1111100-',911,,50032,20,,,1,100,,50033,20,,,1,101,,50031,20,,,1,100,,50034,20,,,1,100,,50036,20,,,1,100,,50037,20,,,1,98,,50035,20,,,1
3600,'Semaine-12-_26ÉTÉ-1111100-',911,,50039,20,,,1,100,,50040,20,,,1,101,,50038,20,,,1,100,,50041,20,,,1,100,,50043,20,,,1,100,,50044,20,,,1,98,,50042,20,,,1
3600,'Semaine-5-_26ÉTÉ-1111100-',911,,50046,20,,,1,100,,50047,20,,,1,101,,50045,20,,,1,100,,50048,20,,,1,100,,50050,20,,,1,100,,50051,20,,,1,98,,50049,20,,,1
