6401,'Samedi-0-_26ÉTÉ-0000010-',732,,55096,30,,,1,100,,55093,30,,,1,100,,55095,30,,,1,100,,55098,30,,,1,100,,55094,30,,,2,100,,55099,30,,,1,100,,55097,30,,,1,100,,55100,30,,,2,100,,55101,30,,,1,100,,55102,30,,,1,100,,55103,30,,,1
6401,'Dimanche-0-_26ÉTÉ-0000001-',732,,55108,30,,,1,100,,55106,30,,,1,100,,55111,30,,,1,100,,55104,30,,,1,100,,55110,30,,,2,100,,55112,30,,,1,100,,55105,30,,,1,100,,55109,30,,,2,100,,55107,30,,,1,100,,55113,30,,,1,100,,55114,30,,,1
6401,'Dimanche-10-_26ÉTÉ-0000001-',732,,55119,30,,,1,100,,55117,30,,,1,100,,55122,30,,,1,100,,55115,30,,,1,100,,55121,30,,,2,100,,55123,30,,,1,100,,55116,30,,,1,100,,55120,30,,,2,100,,55118,30,,,1,100,,55124,30,,,1,100,,55125,30,,,1
6401,'Dimanche-11-_26ÉTÉ-0000001-',732,,55130,30,,,1,100,,55128,30,,,1,100,,55133,30,,,1,100,,55126,30,,,1,100,,55132,30,,,2,100,,55134,30,,,1,100,,55127,30,,,1,100,,55131,30,,,2,100,,55129,30,,,1,100,,55135,30,,,1,100,,55136,30,,,1
6401,'Semaine-1-_26ÉTÉ-1111100-',532,,55137,30,,,1,108,,55147,30,,,2,100,,55149,30,,,2,100,,55146,30,,,2,96,,55154,30,,,2,100,,55141,30,,,2,100,,55140,30,,,2,100,,55152,30,,,1,100,,55148,30,,,1,100,,55150,30,,,1,115,,55151,30,,,1,87,,55142,30,,,1,98,,55138,30,,,1,100,,55139,30,,,1,97,,55145,30,,,1,100,,55143,30,,,1,100,,55144,30,,,1,100,,55153,30,,,1
6401,'Semaine-10-_26ÉTÉ-1111100-',532,,55155,30,,,1,108,,55165,30,,,2,100,,55167,30,,,2,100,,55164,30,,,2,96,,55172,30,,,2,100,,55159,30,,,2,100,,55158,30,,,2,100,,55170,30,,,1,100,,55166,30,,,1,100,,55168,30,,,1,115,,55169,30,,,1,87,,55160,30,,,1,98,,55156,30,,,1,100,,55157,30,,,1,97,,55163,30,,,1,100,,55161,30,,,1,100,,55162,30,,,1,100,,55171,30,,,1
6401,'Semaine-11-_26ÉTÉ-1111100-',532,,55173,30,,,1,108,,55183,30,,,2,100,,55185,30,,,2,100,,55182,30,,,2,96,,55190,30,,,2,100,,55177,30,,,2,100,,55176,30,,,2,100,,55188,30,,,1,100,,55184,30,,,1,100,,55186,30,,,1,115,,55187,30,,,1,87,,55178,30,,,1,98,,55174,30,,,1,100,,55175,30,,,1,97,,55181,30,,,1,100,,55179,30,,,1,100,,55180,30,,,1,100,,55189,30,,,1
6401,'Semaine-12-_26ÉTÉ-1111100-',532,,55191,30,,,1,108,,55201,30,,,2,100,,55203,30,,,2,100,,55200,30,,,2,96,,55208,30,,,2,100,,55195,30,,,2,100,,55194,30,,,2,100,,55206,30,,,1,100,,55202,30,,,1,100,,55204,30,,,1,115,,55205,30,,,1,87,,55196,30,,,1,98,,55192,30,,,1,100,,55193,30,,,1,97,,55199,30,,,1,100,,55197,30,,,1,100,,55198,30,,,1,100,,55207,30,,,1
6401,'Semaine-5-_26ÉTÉ-1111100-',532,,55209,30,,,1,108,,55219,30,,,2,100,,55221,30,,,2,100,,55218,30,,,2,96,,55226,30,,,2,100,,55213,30,,,2,100,,55212,30,,,2,100,,55224,30,,,1,100,,55220,30,,,1,100,,55222,30,,,1,115,,55223,30,,,1,87,,55214,30,,,1,98,,55210,30,,,1,100,,55211,30,,,1,97,,55217,30,,,1,100,,55215,30,,,1,100,,55216,30,,,1,100,,55225,30,,,1
6601,'Samedi-0-_26ÉTÉ-0000010-',659,,55926,32,,,1,100,,55928,32,,,1,100,,55932,32,,,1,100,,55929,32,,,2,100,,55933,32,,,1,100,,55927,32,,,1,100,,55930,32,,,1,100,,55931,32,,,1,100,,55934,32,,,2,100,,55935,32,,,1,100,,55936,32,,,1,100,,55937,32,,,1,100,,55938,32,,,1,100,,55940,32,,,1,100,,55939,32,,,1,100,,55941,32,,,1,100,,55942,32,,,1,100,,55943,32,,,2
6601,'Dimanche-0-_26ÉTÉ-0000001-',659,,55945,32,,,1,100,,55949,32,,,1,100,,55950,32,,,1,100,,55951,32,,,2,100,,55953,32,,,1,100,,55944,32,,,1,100,,55952,32,,,1,100,,55946,32,,,1,100,,55947,32,,,2,100,,55948,32,,,1,100,,55957,32,,,1,100,,55959,32,,,1,100,,55955,32,,,1,100,,55956,32,,,1,100,,55954,32,,,1,100,,55958,32,,,1,100,,55960,32,,,1,100,,55961,32,,,2
6601,'Dimanche-10-_26ÉTÉ-0000001-',659,,55963,32,,,1,100,,55967,32,,,1,100,,55968,32,,,1,100,,55969,32,,,2,100,,55971,32,,,1,100,,55962,32,,,1,100,,55970,32,,,1,100,,55964,32,,,1,100,,55965,32,,,2,100,,55966,32,,,1,100,,55975,32,,,1,100,,55977,32,,,1,100,,55973,32,,,1,100,,55974,32,,,1,100,,55972,32,,,1,100,,55976,32,,,1,100,,55978,32,,,1,100,,55979,32,,,2
6601,'Dimanche-11-_26ÉTÉ-0000001-',659,,55981,32,,,1,100,,55985,32,,,1,100,,55986,32,,,1,100,,55987,32,,,2,100,,55989,32,,,1,100,,55980,32,,,1,100,,55988,32,,,1,100,,55982,32,,,1,100,,55983,32,,,2,100,,55984,32,,,1,100,,55993,32,,,1,100,,55995,32,,,1,100,,55991,32,,,1,100,,55992,32,,,1,100,,55990,32,,,1,100,,55994,32,,,1,100,,55996,32,,,1,100,,55997,32,,,2
6601,'Semaine-1-_26ÉTÉ-1111100-',550,,56007,32,,,2,60,,56000,32,,,2,20,,56009,32,,,2,16,,56015,32,,,1,60,,56010,32,,,2,20,,56001,32,,,2,20,,56013,32,,,2,60,,56006,32,,,2,20,,56022,32,,,1,20,,55999,32,,,2,60,,56012,32,,,2,20,,56023,32,,,2,20,,56031,32,,,2,102,,56011,32,,,1,100,,56003,32,,,2,100,,56027,32,,,1,100,,56028,32,,,2,101,,56014,32,,,2,63,,56002,32,,,2,19,,56019,32,,,2,17,,56016,32,,,1,61,,56029,32,,,2,20,,55998,32,,,1,20,,56024,32,,,2,60,,56017,32,,,2,21,,56030,32,,,2,19,,56020,32,,,1,60,,56025,32,,,2,20,,56018,32,,,1,20,,56026,32,,,2,58,,56032,32,,,1,100,,56005,32,,,1,100,,56004,32,,,1,95,,56008,32,,,1,100,,56021,32,,,1
6601,'Semaine-10-_26ÉTÉ-1111100-',550,,56042,32,,,2,60,,56035,32,,,2,20,,56044,32,,,2,16,,56050,32,,,1,60,,56045,32,,,2,20,,56036,32,,,2,20,,56048,32,,,2,60,,56041,32,,,2,20,,56057,32,,,1,20,,56034,32,,,2,60,,56047,32,,,2,20,,56058,32,,,2,20,,56066,32,,,2,102,,56046,32,,,1,100,,56038,32,,,2,100,,56062,32,,,1,100,,56063,32,,,2,101,,56049,32,,,2,63,,56037,32,,,2,19,,56054,32,,,2,17,,56051,32,,,1,61,,56064,32,,,2,20,,56033,32,,,1,20,,56059,32,,,2,60,,56052,32,,,2,21,,56065,32,,,2,19,,56055,32,,,1,60,,56060,32,,,2,20,,56053,32,,,1,20,,56061,32,,,2,58,,56067,32,,,1,100,,56040,32,,,1,100,,56039,32,,,1,95,,56043,32,,,1,100,,56056,32,,,1
6601,'Semaine-11-_26ÉTÉ-1111100-',550,,56077,32,,,2,60,,56070,32,,,2,20,,56079,32,,,2,16,,56085,32,,,1,60,,56080,32,,,2,20,,56071,32,,,2,20,,56083,32,,,2,60,,56076,32,,,2,20,,56092,32,,,1,20,,56069,32,,,2,60,,56082,32,,,2,20,,56093,32,,,2,20,,56101,32,,,2,102,,56081,32,,,1,100,,56073,32,,,2,100,,56097,32,,,1,100,,56098,32,,,2,101,,56084,32,,,2,63,,56072,32,,,2,19,,56089,32,,,2,17,,56086,32,,,1,61,,56099,32,,,2,20,,56068,32,,,1,20,,56094,32,,,2,60,,56087,32,,,2,21,,56100,32,,,2,19,,56090,32,,,1,60,,56095,32,,,2,20,,56088,32,,,1,20,,56096,32,,,2,58,,56102,32,,,1,100,,56075,32,,,1,100,,56074,32,,,1,95,,56078,32,,,1,100,,56091,32,,,1
6601,'Semaine-12-_26ÉTÉ-1111100-',550,,56112,32,,,2,60,,56105,32,,,2,20,,56114,32,,,2,16,,56120,32,,,1,60,,56115,32,,,2,20,,56106,32,,,2,20,,56118,32,,,2,60,,56111,32,,,2,20,,56127,32,,,1,20,,56104,32,,,2,60,,56117,32,,,2,20,,56128,32,,,2,20,,56136,32,,,2,102,,56116,32,,,1,100,,56108,32,,,2,100,,56132,32,,,1,100,,56133,32,,,2,101,,56119,32,,,2,63,,56107,32,,,2,19,,56124,32,,,2,17,,56121,32,,,1,61,,56134,32,,,2,20,,56103,32,,,1,20,,56129,32,,,2,60,,56122,32,,,2,21,,56135,32,,,2,19,,56125,32,,,1,60,,56130,32,,,2,20,,56123,32,,,1,20,,56131,32,,,2,58,,56137,32,,,1,100,,56110,32,,,1,100,,56109,32,,,1,95,,56113,32,,,1,100,,56126,32,,,1
6601,'Semaine-5-_26ÉTÉ-1111100-',550,,56147,32,,,2,60,,56140,32,,,2,20,,56149,32,,,2,16,,56155,32,,,1,60,,56150,32,,,2,20,,56141,32,,,2,20,,56153,32,,,2,60,,56146,32,,,2,20,,56162,32,,,1,20,,56139,32,,,2,60,,56152,32,,,2,20,,56163,32,,,2,20,,56171,32,,,2,102,,56151,32,,,1,100,,56143,32,,,2,100,,56167,32,,,1,100,,56168,32,,,2,101,,56154,32,,,2,63,,56142,32,,,2,19,,56159,32,,,2,17,,56156,32,,,1,61,,56169,32,,,2,20,,56138,32,,,1,20,,56164,32,,,2,60,,56157,32,,,2,21,,56170,32,,,2,19,,56160,32,,,1,60,,56165,32,,,2,20,,56158,32,,,1,20,,56166,32,,,2,58,,56172,32,,,1,100,,56145,32,,,1,100,,56144,32,,,1,95,,56148,32,,,1,100,,56161,32,,,1
