2601,'Semaine-4',616,,30379,33,,,1,30,,30381,33,,,1,71,,30382,33,,,2,33,,30380,33,,,1,72,,30378,33,,,1
2601,'Semaine-2-_26ÉTÉ-1111100-',617,,38779,33,,,1,31,,38781,33,,,1,71,,38782,33,,,1,24,,38780,33,,,1,75,,38778,33,,,2
2601,'Semaine-3-_26ÉTÉ-1111100-',617,,38784,33,,,1,31,,38786,33,,,1,71,,38787,33,,,1,24,,38785,33,,,1,75,,38783,33,,,2
2601,'Semaine-4-_26ÉTÉ-1111100-',617,,38789,33,,,1,31,,38791,33,,,1,71,,38792,33,,,1,24,,38790,33,,,1,75,,38788,33,,,2
2901,'Semaine-4',730,,30403,19,,,1,71,,30406,19,,,2,27,,30404,19,,,2,28,,30405,19,,,1
2901,'Semaine-2-_26ÉTÉ-1111100-',729,,38853,19,,,1,29,,38856,19,,,1,70,,38854,19,,,1,28,,38855,19,,,1
2901,'Semaine-3-_26ÉTÉ-1111100-',729,,38857,19,,,1,29,,38860,19,,,1,70,,38858,19,,,1,28,,38859,19,,,1
2901,'Semaine-4-_26ÉTÉ-1111100-',729,,38861,19,,,1,29,,38864,19,,,1,70,,38862,19,,,1,28,,38863,19,,,1
3201,'Semaine-4',531,,30667,31,,,1,21,,30666,31,,,1,59,,30658,31,,,1,20,,30668,31,,,1,9,,30648,31,,,1,9,,30669,31,,,1,52,,30649,31,,,2,10,,30650,31,,,1,9,,30642,31,,,1,9,,30645,31,,,1,7,,30671,31,,,1,9,,30651,31,,,1,9,,30646,31,,,1,49,,30659,31,,,1,8,,30641,31,,,2,6,,30652,31,,,1,8,,30670,31,,,1,9,,30640,31,,,1,11,,30639,31,,,1,11,,30644,31,,,1,45,,30647,31,,,1,10,,30653,31,,,2,21,,30627,31,,,2,70,,30637,31,,,1,30,,30630,31,,,1,70,,30633,31,,,2,30,,30626,31,,,2,70,,30636,31,,,1,30,,30631,31,,,1,70,,30638,31,,,1,31,,30620,31,,,1,69,,30625,31,,,1,31,,30632,31,,,1,70,,30643,31,,,1,30,,30660,31,,,1,70,,30661,31,,,1,30,,30662,31,,,2,70,,30663,31,,,2,31,,30664,31,,,1,69,,30665,31,,,1,30,,30623,31,,,2,70,,30621,31,,,1,36,,30634,31,,,1,62,,30629,31,,,1,30,,30624,31,,,2,70,,30622,31,,,1,30,,30635,31,,,1,69,,30628,31,,,1,30,,30655,31,,,2,70,,30654,31,,,1,30,,30656,31,,,1,70,,30657,31,,,1
3201,'Semaine-2-_26ÉTÉ-1111100-',530,,39366,31,,,2,20,,39365,31,,,1,60,,39357,31,,,2,22,,39367,31,,,1,10,,39347,31,,,2,10,,39368,31,,,1,50,,39348,31,,,2,10,,39349,31,,,1,8,,39341,31,,,1,10,,39344,31,,,1,8,,39370,31,,,1,8,,39350,31,,,1,9,,39345,31,,,1,47,,39358,31,,,2,8,,39340,31,,,1,9,,39351,31,,,1,8,,39369,31,,,1,8,,39339,31,,,1,10,,39338,31,,,2,10,,39343,31,,,1,49,,39346,31,,,1,9,,39352,31,,,1,21,,39326,31,,,1,69,,39336,31,,,2,30,,39329,31,,,1,70,,39332,31,,,2,30,,39325,31,,,1,70,,39335,31,,,2,30,,39330,31,,,1,70,,39337,31,,,1,30,,39319,31,,,1,69,,39324,31,,,2,30,,39331,31,,,1,71,,39342,31,,,1,32,,39359,31,,,1,68,,39360,31,,,1,31,,39361,31,,,1,71,,39362,31,,,1,28,,39363,31,,,1,70,,39364,31,,,1,30,,39322,31,,,1,70,,39320,31,,,1,29,,39333,31,,,1,70,,39328,31,,,1,30,,39323,31,,,1,70,,39321,31,,,1,30,,39334,31,,,1,68,,39327,31,,,1,30,,39354,31,,,2,70,,39353,31,,,1,29,,39355,31,,,1,30,,39356,31,,,1
3201,'Semaine-3-_26ÉTÉ-1111100-',530,,39418,31,,,2,20,,39417,31,,,1,60,,39409,31,,,2,22,,39419,31,,,1,10,,39399,31,,,2,10,,39420,31,,,1,50,,39400,31,,,2,10,,39401,31,,,1,8,,39393,31,,,1,10,,39396,31,,,1,8,,39422,31,,,1,8,,39402,31,,,1,9,,39397,31,,,1,47,,39410,31,,,2,8,,39392,31,,,1,9,,39403,31,,,1,8,,39421,31,,,1,8,,39391,31,,,1,10,,39390,31,,,2,10,,39395,31,,,1,49,,39398,31,,,1,9,,39404,31,,,1,21,,39378,31,,,1,69,,39388,31,,,2,30,,39381,31,,,1,70,,39384,31,,,2,30,,39377,31,,,1,70,,39387,31,,,2,30,,39382,31,,,1,70,,39389,31,,,1,30,,39371,31,,,1,69,,39376,31,,,2,30,,39383,31,,,1,71,,39394,31,,,1,32,,39411,31,,,1,68,,39412,31,,,1,31,,39413,31,,,1,71,,39414,31,,,1,28,,39415,31,,,1,70,,39416,31,,,1,30,,39374,31,,,1,70,,39372,31,,,1,29,,39385,31,,,1,70,,39380,31,,,1,30,,39375,31,,,1,70,,39373,31,,,1,30,,39386,31,,,1,68,,39379,31,,,1,30,,39406,31,,,2,70,,39405,31,,,1,29,,39407,31,,,1,30,,39408,31,,,1
3201,'Semaine-4-_26ÉTÉ-1111100-',530,,39470,31,,,2,20,,39469,31,,,1,60,,39461,31,,,2,22,,39471,31,,,1,10,,39451,31,,,2,10,,39472,31,,,1,50,,39452,31,,,2,10,,39453,31,,,1,8,,39445,31,,,1,10,,39448,31,,,1,8,,39474,31,,,1,8,,39454,31,,,1,9,,39449,31,,,1,47,,39462,31,,,2,8,,39444,31,,,1,9,,39455,31,,,1,8,,39473,31,,,1,8,,39443,31,,,1,10,,39442,31,,,2,10,,39447,31,,,1,49,,39450,31,,,1,9,,39456,31,,,1,21,,39430,31,,,1,69,,39440,31,,,2,30,,39433,31,,,1,70,,39436,31,,,2,30,,39429,31,,,1,70,,39439,31,,,2,30,,39434,31,,,1,70,,39441,31,,,1,30,,39423,31,,,1,69,,39428,31,,,2,30,,39435,31,,,1,71,,39446,31,,,1,32,,39463,31,,,1,68,,39464,31,,,1,31,,39465,31,,,1,71,,39466,31,,,1,28,,39467,31,,,1,70,,39468,31,,,1,30,,39426,31,,,1,70,,39424,31,,,1,29,,39437,31,,,1,70,,39432,31,,,1,30,,39427,31,,,1,70,,39425,31,,,1,30,,39438,31,,,1,68,,39431,31,,,1,30,,39458,31,,,2,70,,39457,31,,,1,29,,39459,31,,,1,30,,39460,31,,,1
3401,'Samedi-3',720,,30928,52,,,1,100,,30931,52,,,2,30,,30940,52,,,1,73,,30929,52,,,1,29,,30934,52,,,1,70,,30936,52,,,1,31,,30930,52,,,2,70,,30939,52,,,1,33,,30932,52,,,1,70,,30941,52,,,1,29,,30933,52,,,1,70,,30935,52,,,1,30,,30937,52,,,2,70,,30938,52,,,2,30,,30942,52,,,1,70,,30943,52,,,2,30,,30944,52,,,1,70,,30945,52,,,1,31,,30946,52,,,1,69,,30947,52,,,1,30,,30948,52,,,2,69,,30949,52,,,1,27,,30950,52,,,1,70,,30952,52,,,1,31,,30951,52,,,2,70,,30953,52,,,1,30,,30954,52,,,1,68,,30955,52,,,1,30,,30957,52,,,1,70,,30956,52,,,1,30,,30958,52,,,1,96,,30959,52,,,1
3401,'Dimanche-3',720,,30961,52,,,1,100,,30972,52,,,2,30,,30965,52,,,1,73,,30968,52,,,1,29,,30967,52,,,1,70,,30976,52,,,1,31,,30973,52,,,2,70,,30960,52,,,1,33,,30971,52,,,1,70,,30964,52,,,1,29,,30962,52,,,1,70,,30963,52,,,1,30,,30966,52,,,2,70,,30974,52,,,2,30,,30970,52,,,1,70,,30969,52,,,2,30,,30975,52,,,1,70,,30980,52,,,1,31,,30978,52,,,1,69,,30984,52,,,1,30,,30987,52,,,2,69,,30977,52,,,1,27,,30986,52,,,1,70,,30979,52,,,1,31,,30983,52,,,2,70,,30990,52,,,1,30,,30982,52,,,1,68,,30981,52,,,1,30,,30988,52,,,1,70,,30989,52,,,1,30,,30985,52,,,1,96,,30991,52,,,1
3401,'Semaine-4',930,,31017,52,,,1,28,,30997,52,,,1,70,,31001,52,,,1,30,,31021,52,,,1,70,,30994,52,,,1,30,,30998,52,,,1,70,,31002,52,,,1,30,,30992,52,,,1,70,,30995,52,,,1,30,,30999,52,,,1,71,,31003,52,,,1,30,,30996,52,,,1,71,,31018,52,,,2,71,,30993,52,,,1,32,,31019,52,,,1,71,,31020,52,,,2,29,,31014,52,,,1,67,,31010,52,,,1,28,,31000,52,,,1,29,,31007,52,,,1,69,,31016,52,,,1,29,,31004,52,,,1,70,,31006,52,,,1,30,,31008,52,,,1,70,,31012,52,,,1,30,,31005,52,,,1,70,,31011,52,,,1,28,,31009,52,,,1,70,,31013,52,,,1,30,,31015,52,,,1
3401,'Samedi-10-_26ÉTÉ-0000010-',720,,39893,52,,,1,100,,39896,52,,,2,30,,39905,52,,,1,73,,39894,52,,,1,29,,39899,52,,,1,70,,39901,52,,,1,31,,39895,52,,,2,70,,39904,52,,,1,33,,39897,52,,,1,70,,39906,52,,,1,29,,39898,52,,,1,70,,39900,52,,,1,30,,39902,52,,,2,70,,39903,52,,,2,30,,39907,52,,,1,70,,39908,52,,,2,30,,39909,52,,,1,70,,39910,52,,,1,31,,39911,52,,,1,69,,39912,52,,,1,30,,39913,52,,,2,69,,39914,52,,,1,27,,39915,52,,,1,70,,39917,52,,,1,31,,39916,52,,,2,70,,39918,52,,,1,30,,39919,52,,,2,68,,39920,52,,,1,30,,39922,52,,,1,70,,39921,52,,,1,30,,39923,52,,,1,96,,39924,52,,,1
3401,'Semaine-2-_26ÉTÉ-1111100-',925,,39950,52,,,2,33,,39930,52,,,1,70,,39934,52,,,1,30,,39954,52,,,1,70,,39927,52,,,1,30,,39931,52,,,1,70,,39935,52,,,2,30,,39925,52,,,1,71,,39928,52,,,1,29,,39932,52,,,1,71,,39936,52,,,1,30,,39929,52,,,1,70,,39951,52,,,1,72,,39926,52,,,2,33,,39952,52,,,1,70,,39953,52,,,1,33,,39947,52,,,1,64,,39943,52,,,2,27,,39933,52,,,1,29,,39940,52,,,1,69,,39949,52,,,1,29,,39937,52,,,1,70,,39939,52,,,1,30,,39941,52,,,1,70,,39945,52,,,2,30,,39938,52,,,1,70,,39944,52,,,1,28,,39942,52,,,1,70,,39946,52,,,1,30,,39948,52,,,1
3401,'Semaine-3-_26ÉTÉ-1111100-',925,,39980,52,,,2,33,,39960,52,,,1,70,,39964,52,,,1,30,,39984,52,,,1,70,,39957,52,,,1,30,,39961,52,,,1,70,,39965,52,,,2,30,,39955,52,,,1,71,,39958,52,,,1,29,,39962,52,,,1,71,,39966,52,,,1,30,,39959,52,,,1,70,,39981,52,,,1,72,,39956,52,,,2,33,,39982,52,,,1,70,,39983,52,,,1,33,,39977,52,,,1,64,,39973,52,,,2,27,,39963,52,,,1,29,,39970,52,,,1,69,,39979,52,,,1,29,,39967,52,,,1,70,,39969,52,,,1,30,,39971,52,,,1,70,,39975,52,,,2,30,,39968,52,,,1,70,,39974,52,,,1,28,,39972,52,,,1,70,,39976,52,,,1,30,,39978,52,,,1
3401,'Semaine-4-_26ÉTÉ-1111100-',925,,40010,52,,,2,33,,39990,52,,,1,70,,39994,52,,,1,30,,40014,52,,,1,70,,39987,52,,,1,30,,39991,52,,,1,70,,39995,52,,,2,30,,39985,52,,,1,71,,39988,52,,,1,29,,39992,52,,,1,71,,39996,52,,,1,30,,39989,52,,,1,70,,40011,52,,,1,72,,39986,52,,,2,33,,40012,52,,,1,70,,40013,52,,,1,33,,40007,52,,,1,64,,40003,52,,,2,27,,39993,52,,,1,29,,40000,52,,,1,69,,40009,52,,,1,29,,39997,52,,,1,70,,39999,52,,,1,30,,40001,52,,,1,70,,40005,52,,,2,30,,39998,52,,,1,70,,40004,52,,,1,28,,40002,52,,,1,70,,40006,52,,,1,30,,40008,52,,,1
3601,'Semaine-4',910,,31101,41,,,1,90,,31099,41,,,1,100,,31102,41,,,1,101,,31100,41,,,1,100,,31105,41,,,1,99,,31104,41,,,1,101,,31103,41,,,1
3601,'Semaine-2-_26ÉTÉ-1111100-',910,,40248,41,,,1,90,,40246,41,,,1,100,,40249,41,,,1,101,,40247,41,,,1,100,,40252,41,,,1,99,,40251,41,,,1,101,,40250,41,,,1
3601,'Semaine-3-_26ÉTÉ-1111100-',910,,40255,41,,,1,90,,40253,41,,,1,100,,40256,41,,,1,101,,40254,41,,,1,100,,40259,41,,,1,99,,40258,41,,,1,101,,40257,41,,,1
3601,'Semaine-4-_26ÉTÉ-1111100-',910,,40262,41,,,1,90,,40260,41,,,1,100,,40263,41,,,1,101,,40261,41,,,1,100,,40266,41,,,1,99,,40265,41,,,1,101,,40264,41,,,1
3701,'Samedi-3',707,,31172,33,,,1,100,,31177,33,,,1,100,,31171,33,,,1,102,,31176,33,,,1,101,,31173,33,,,1,99,,31174,33,,,1,100,,31178,33,,,1,102,,31175,33,,,1,100,,31179,33,,,1,100,,31180,33,,,1,100,,31181,33,,,1,97,,31182,33,,,1,100,,31183,33,,,1,102,,31184,33,,,1,98,,31185,33,,,1,96,,31186,33,,,1,98,,31187,33,,,1
3701,'Dimanche-3',707,,31188,33,,,1,100,,31192,33,,,1,100,,31193,33,,,1,102,,31195,33,,,1,101,,31194,33,,,1,99,,31190,33,,,1,100,,31189,33,,,1,102,,31191,33,,,1,100,,31196,33,,,1,100,,31200,33,,,1,100,,31203,33,,,1,97,,31197,33,,,1,100,,31198,33,,,1,102,,31204,33,,,1,98,,31202,33,,,1,96,,31199,33,,,1,98,,31201,33,,,1
3701,'Semaine-4',534,,31218,33,,,1,71,,31216,33,,,1,35,,31220,33,,,1,66,,31210,33,,,1,35,,31227,33,,,1,60,,31207,33,,,1,12,,31228,33,,,1,26,,31209,33,,,1,102,,31226,33,,,1,98,,31214,33,,,1,102,,31208,33,,,1,100,,31206,33,,,1,100,,31211,33,,,1,101,,31222,33,,,1,100,,31205,33,,,1,71,,31221,33,,,1,30,,31224,33,,,1,70,,31219,33,,,1,29,,31225,33,,,1,70,,31229,33,,,1,45,,31213,33,,,1,98,,31223,33,,,1,100,,31215,33,,,1,100,,31212,33,,,1,95,,31217,33,,,1
3701,'Samedi-10-_26ÉTÉ-0000010-',707,,40373,33,,,1,100,,40378,33,,,1,100,,40372,33,,,1,102,,40377,33,,,1,101,,40374,33,,,1,99,,40375,33,,,1,100,,40379,33,,,1,102,,40376,33,,,1,100,,40380,33,,,1,100,,40381,33,,,1,100,,40382,33,,,1,97,,40383,33,,,1,100,,40384,33,,,1,102,,40385,33,,,1,98,,40386,33,,,1,96,,40387,33,,,1,98,,40388,33,,,1
3701,'Semaine-2-_26ÉTÉ-1111100-',534,,40402,33,,,1,71,,40400,33,,,1,35,,40404,33,,,1,70,,40394,33,,,1,31,,40411,33,,,1,60,,40391,33,,,1,10,,40412,33,,,1,30,,40393,33,,,1,100,,40410,33,,,1,100,,40398,33,,,1,100,,40392,33,,,1,101,,40390,33,,,1,99,,40395,33,,,1,101,,40406,33,,,1,100,,40389,33,,,1,71,,40405,33,,,1,30,,40408,33,,,1,70,,40403,33,,,1,29,,40409,33,,,1,70,,40413,33,,,1,45,,40397,33,,,1,98,,40407,33,,,1,101,,40399,33,,,1,99,,40396,33,,,1,97,,40401,33,,,1
3701,'Semaine-3-_26ÉTÉ-1111100-',534,,40427,33,,,1,71,,40425,33,,,1,35,,40429,33,,,1,70,,40419,33,,,1,31,,40436,33,,,1,60,,40416,33,,,1,10,,40437,33,,,1,30,,40418,33,,,1,100,,40435,33,,,1,100,,40423,33,,,1,100,,40417,33,,,1,101,,40415,33,,,1,99,,40420,33,,,1,101,,40431,33,,,1,100,,40414,33,,,1,71,,40430,33,,,1,30,,40433,33,,,1,70,,40428,33,,,1,29,,40434,33,,,1,70,,40438,33,,,1,45,,40422,33,,,1,98,,40432,33,,,1,101,,40424,33,,,1,99,,40421,33,,,1,97,,40426,33,,,1
3701,'Semaine-4-_26ÉTÉ-1111100-',534,,40452,33,,,1,71,,40450,33,,,1,35,,40454,33,,,1,70,,40444,33,,,1,31,,40461,33,,,1,60,,40441,33,,,1,10,,40462,33,,,1,30,,40443,33,,,1,100,,40460,33,,,1,100,,40448,33,,,1,100,,40442,33,,,1,101,,40440,33,,,1,99,,40445,33,,,1,101,,40456,33,,,1,100,,40439,33,,,1,71,,40455,33,,,1,30,,40458,33,,,1,70,,40453,33,,,1,29,,40459,33,,,1,70,,40463,33,,,1,45,,40447,33,,,1,98,,40457,33,,,1,101,,40449,33,,,1,99,,40446,33,,,1,97,,40451,33,,,1
4001,'Semaine-4',632,,31622,51,,,1,72,,31621,51,,,1,32,,31624,51,,,2,74,,31620,51,,,2,25,,31619,51,,,1,68,,31623,51,,,1
4001,'Semaine-2-_26ÉTÉ-1111100-',632,,41064,51,,,2,72,,41063,51,,,2,32,,41066,51,,,2,74,,41062,51,,,1,26,,41061,51,,,2,67,,41065,51,,,2
4001,'Semaine-3-_26ÉTÉ-1111100-',632,,41070,51,,,2,72,,41069,51,,,2,32,,41072,51,,,2,74,,41068,51,,,1,26,,41067,51,,,2,67,,41071,51,,,2
4001,'Semaine-4-_26ÉTÉ-1111100-',632,,41076,51,,,2,72,,41075,51,,,2,32,,41078,51,,,2,74,,41074,51,,,1,26,,41073,51,,,2,67,,41077,51,,,2
4101,'Semaine-4',656,,31632,42,,,1,72,,31633,42,,,2,72,,31634,42,,,2,30,,31631,42,,,1,29,,31630,42,,,1
4101,'Semaine-2-_26ÉTÉ-1111100-',657,,41096,42,,,2,71,,41097,42,,,2,72,,41098,42,,,2,30,,41095,42,,,1,28,,41094,42,,,2
4101,'Semaine-3-_26ÉTÉ-1111100-',657,,41101,42,,,2,71,,41102,42,,,2,72,,41103,42,,,2,30,,41100,42,,,1,28,,41099,42,,,2
4101,'Semaine-4-_26ÉTÉ-1111100-',657,,41106,42,,,2,71,,41107,42,,,2,72,,41108,42,,,2,30,,41105,42,,,1,28,,41104,42,,,2
4501,'Semaine-4',646,,31645,45,,,1,71,,31649,45,,,1,34,,31648,45,,,2,70,,31647,45,,,1,25,,31650,45,,,2,70,,31646,45,,,1
4501,'Semaine-2-_26ÉTÉ-1111100-',646,,41139,45,,,2,78,,41143,45,,,1,27,,41142,45,,,2,70,,41141,45,,,1,25,,41144,45,,,1,70,,41140,45,,,2
4501,'Semaine-3-_26ÉTÉ-1111100-',646,,41145,45,,,2,78,,41149,45,,,1,27,,41148,45,,,2,70,,41147,45,,,1,25,,41150,45,,,1,70,,41146,45,,,2
4501,'Semaine-4-_26ÉTÉ-1111100-',646,,41151,45,,,2,78,,41155,45,,,1,27,,41154,45,,,2,70,,41153,45,,,1,25,,41156,45,,,1,70,,41152,45,,,2
4701,'Semaine-4',633,,31656,38,,,2,88,,31657,38,,,1,87,,31654,38,,,2,27,,31655,38,,,1
4701,'Semaine-2-_26ÉTÉ-1111100-',634,,41168,38,,,2,87,,41169,38,,,2,87,,41166,38,,,2,27,,41167,38,,,2
4701,'Semaine-3-_26ÉTÉ-1111100-',634,,41172,38,,,2,87,,41173,38,,,2,87,,41170,38,,,2,27,,41171,38,,,2
4701,'Semaine-4-_26ÉTÉ-1111100-',634,,41176,38,,,2,87,,41177,38,,,2,87,,41174,38,,,2,27,,41175,38,,,2
5501,'Samedi-3',718,,32043,50,,,1,30,,32046,50,,,1,70,,32045,50,,,1,30,,32055,50,,,1,70,,32044,50,,,1,31,,32047,50,,,1,70,,32048,50,,,1,30,,32054,50,,,1,73,,32050,50,,,1,30,,32051,50,,,1,71,,32049,50,,,1,28,,32057,50,,,1,70,,32056,50,,,1,30,,32052,50,,,1,70,,32053,50,,,1,30,,32058,50,,,1,70,,32059,50,,,1,30,,32060,50,,,1,70,,32061,50,,,1,30,,32062,50,,,1,70,,32063,50,,,1,30,,32064,50,,,1,70,,32065,50,,,1,27,,32066,50,,,1,70,,32067,50,,,1,30,,32068,50,,,1,70,,32069,50,,,1,28,,32070,50,,,1,70,,32071,50,,,1,30,,32073,50,,,1,68,,32072,50,,,1,32,,32075,50,,,1,68,,32074,50,,,1
5501,'Dimanche-3',718,,32077,50,,,1,30,,32082,50,,,1,70,,32078,50,,,1,30,,32086,50,,,1,70,,32089,50,,,1,31,,32081,50,,,1,70,,32093,50,,,1,30,,32087,50,,,1,73,,32088,50,,,1,30,,32079,50,,,1,71,,32076,50,,,1,28,,32083,50,,,1,70,,32090,50,,,1,30,,32080,50,,,1,70,,32091,50,,,1,30,,32085,50,,,1,70,,32084,50,,,1,30,,32094,50,,,1,70,,32098,50,,,1,30,,32092,50,,,1,70,,32095,50,,,1,30,,32105,50,,,1,70,,32102,50,,,1,27,,32107,50,,,1,70,,32108,50,,,1,30,,32096,50,,,1,70,,32099,50,,,1,28,,32097,50,,,1,70,,32100,50,,,1,30,,32101,50,,,1,68,,32104,50,,,1,31,,32106,50,,,1,69,,32103,50,,,1
5501,'Semaine-4',534,,32122,50,,,1,15,,32129,50,,,1,54,,32128,49,,,1,18,,32112,49,,,1,16,,32150,49,,,1,21,,32149,49,,,1,49,,32109,49,,,1,14,,32154,49,,,1,15,,32135,49,,,1,15,,32143,49,,,1,55,,32113,49,,,1,9,,32117,49,,,1,12,,32115,49,,,1,9,,32144,49,,,1,4,,32146,49,,,1,13,,32123,49,,,1,70,,32127,49,,,1,10,,32114,49,,,1,11,,32148,49,,,1,71,,32141,50,,,1,23,,32153,17,,,1,8,,32145,50,,,1,69,,32111,50,,,1,28,,32118,50,,,1,71,,32131,50,,,1,29,,32142,50,,,1,70,,32138,50,,,1,30,,32119,50,,,1,70,,32151,50,,,1,30,,32110,50,,,1,74,,32116,50,,,1,89,,32120,50,,,1,97,,32125,50,,,1,100,,32130,50,,,1,100,,32147,50,,,1,20,,32136,50,,,1,30,,32124,50,,,1,70,,32140,50,,,1,30,,32133,50,,,1,70,,32152,50,,,1,30,,32126,50,,,1,70,,32132,50,,,1,29,,32134,50,,,1,70,,32121,50,,,1,28,,32139,50,,,1,70,,32137,50,,,1
5501,'Samedi-10-_26ÉTÉ-0000010-',718,,41782,50,,,1,30,,41785,50,,,1,70,,41784,50,,,1,30,,41794,50,,,1,70,,41783,50,,,1,31,,41786,50,,,1,70,,41787,50,,,1,30,,41793,50,,,1,73,,41789,50,,,1,30,,41790,50,,,1,71,,41788,50,,,1,28,,41796,50,,,1,70,,41795,50,,,1,30,,41791,50,,,1,70,,41792,50,,,1,30,,41797,50,,,1,70,,41798,50,,,1,30,,41799,50,,,1,70,,41800,50,,,1,30,,41801,50,,,1,70,,41802,50,,,1,30,,41803,50,,,1,70,,41804,50,,,1,27,,41805,50,,,1,70,,41806,50,,,1,30,,41807,50,,,1,70,,41808,50,,,1,28,,41809,50,,,1,70,,41810,50,,,1,30,,41812,50,,,1,68,,41811,50,,,1,32,,41814,50,,,1,68,,41813,50,,,1
5501,'Semaine-2-_26ÉTÉ-1111100-',534,,41828,50,,,1,16,,41835,50,,,1,53,,41834,49,,,1,18,,41818,49,,,1,16,,41856,49,,,1,63,,41855,49,,,1,7,,41815,49,,,1,14,,41860,49,,,1,15,,41841,49,,,1,15,,41849,49,,,1,54,,41819,49,,,1,10,,41823,49,,,1,12,,41821,49,,,1,9,,41850,49,,,1,4,,41852,49,,,1,13,,41829,49,,,1,68,,41833,49,,,1,12,,41820,49,,,1,11,,41854,49,,,1,71,,41847,50,,,1,23,,41859,17,,,1,8,,41851,50,,,1,67,,41817,50,,,1,30,,41824,50,,,1,70,,41837,50,,,1,30,,41848,50,,,1,70,,41844,50,,,1,30,,41825,50,,,1,70,,41857,50,,,1,30,,41816,50,,,1,73,,41822,50,,,1,90,,41826,50,,,1,98,,41831,50,,,1,100,,41836,50,,,1,99,,41853,50,,,1,20,,41842,50,,,1,30,,41830,50,,,1,70,,41846,50,,,1,30,,41839,50,,,1,70,,41858,50,,,1,30,,41832,50,,,1,70,,41838,50,,,1,29,,41840,50,,,1,70,,41827,50,,,1,28,,41845,50,,,1,70,,41843,50,,,1
5501,'Semaine-3-_26ÉTÉ-1111100-',534,,41874,50,,,1,16,,41881,50,,,1,53,,41880,49,,,1,18,,41864,49,,,1,16,,41902,49,,,1,63,,41901,49,,,1,7,,41861,49,,,1,14,,41906,49,,,1,15,,41887,49,,,1,15,,41895,49,,,1,54,,41865,49,,,1,10,,41869,49,,,1,12,,41867,49,,,1,9,,41896,49,,,1,4,,41898,49,,,1,13,,41875,49,,,1,68,,41879,49,,,1,12,,41866,49,,,1,11,,41900,49,,,1,71,,41893,50,,,1,23,,41905,17,,,1,8,,41897,50,,,1,67,,41863,50,,,1,30,,41870,50,,,1,70,,41883,50,,,1,30,,41894,50,,,1,70,,41890,50,,,1,30,,41871,50,,,1,70,,41903,50,,,1,30,,41862,50,,,1,73,,41868,50,,,1,90,,41872,50,,,1,98,,41877,50,,,1,100,,41882,50,,,1,99,,41899,50,,,1,20,,41888,50,,,1,30,,41876,50,,,1,70,,41892,50,,,1,30,,41885,50,,,1,70,,41904,50,,,1,30,,41878,50,,,1,70,,41884,50,,,1,29,,41886,50,,,1,70,,41873,50,,,1,28,,41891,50,,,1,70,,41889,50,,,1
5501,'Semaine-4-_26ÉTÉ-1111100-',534,,41920,50,,,1,16,,41927,50,,,1,53,,41926,49,,,1,18,,41910,49,,,1,16,,41948,49,,,1,63,,41947,49,,,1,7,,41907,49,,,1,14,,41952,49,,,1,15,,41933,49,,,1,15,,41941,49,,,1,54,,41911,49,,,1,10,,41915,49,,,1,12,,41913,49,,,1,9,,41942,49,,,1,4,,41944,49,,,1,13,,41921,49,,,1,68,,41925,49,,,1,12,,41912,49,,,1,11,,41946,49,,,1,71,,41939,50,,,1,23,,41951,17,,,1,8,,41943,50,,,1,67,,41909,50,,,1,30,,41916,50,,,1,70,,41929,50,,,1,30,,41940,50,,,1,70,,41936,50,,,1,30,,41917,50,,,1,70,,41949,50,,,1,30,,41908,50,,,1,73,,41914,50,,,1,90,,41918,50,,,1,98,,41923,50,,,1,100,,41928,50,,,1,99,,41945,50,,,1,20,,41934,50,,,1,30,,41922,50,,,1,70,,41938,50,,,1,30,,41931,50,,,1,70,,41950,50,,,1,30,,41924,50,,,1,70,,41930,50,,,1,29,,41932,50,,,1,70,,41919,50,,,1,28,,41937,50,,,1,70,,41935,50,,,1
5901,'Samedi-3',729,,32301,39,,,1,30,,32308,39,,,1,72,,32305,39,,,1,70,,32310,39,,,1,30,,32302,39,,,1,70,,32307,39,,,1,31,,32306,39,,,1,70,,32309,39,,,1,30,,32313,39,,,1,71,,32314,39,,,1,30,,32303,39,,,1,70,,32304,39,,,1,30,,32312,39,,,1,70,,32311,39,,,1,30,,32315,39,,,1,70,,32316,39,,,1,30,,32317,39,,,1,70,,32318,39,,,1,30,,32319,39,,,1,70,,32320,39,,,1,30,,32321,39,,,1,70,,32322,39,,,1,30,,32323,39,,,1,67,,32324,39,,,1,30,,32325,39,,,1,71,,32327,39,,,1,30,,32326,39,,,1,28,,32328,39,,,1,70,,32329,39,,,1,30,,32330,39,,,1,70,,32332,39,,,1,28,,32331,39,,,1
5901,'Dimanche-3',729,,32339,39,,,1,30,,32342,39,,,1,72,,32344,39,,,1,70,,32335,39,,,1,30,,32338,39,,,1,70,,32341,39,,,1,31,,32345,39,,,1,70,,32333,39,,,1,30,,32336,39,,,1,71,,32350,39,,,1,30,,32343,39,,,1,70,,32334,39,,,1,30,,32337,39,,,1,70,,32340,39,,,1,30,,32347,39,,,1,70,,32346,39,,,1,30,,32349,39,,,1,70,,32351,39,,,1,30,,32348,39,,,1,70,,32357,39,,,1,30,,32358,39,,,1,70,,32354,39,,,1,30,,32353,39,,,1,67,,32363,39,,,1,30,,32360,39,,,1,71,,32361,39,,,1,30,,32352,39,,,1,28,,32355,39,,,1,70,,32359,39,,,1,30,,32356,39,,,1,70,,32362,39,,,1,28,,32364,39,,,1
5901,'Semaine-4',528,,32369,39,,,1,13,,32405,39,,,1,16,,32378,39,,,1,55,,32399,38,,,1,17,,32379,38,,,1,15,,32368,38,,,1,6,,32370,38,,,1,63,,32373,38,,,1,7,,32408,16,,,1,11,,32409,16,,,1,9,,32376,38,,,1,5,,32410,16,,,1,13,,32377,38,,,1,54,,32372,38,,,1,10,,32401,38,,,1,9,,32387,38,,,1,6,,32392,38,,,1,13,,32366,38,,,1,52,,32382,38,,,1,13,,32367,38,,,1,12,,32385,38,,,1,32,,32411,38,,,1,69,,32406,39,,,1,30,,32393,39,,,1,70,,32375,39,,,1,30,,32386,39,,,1,70,,32389,39,,,1,30,,32374,39,,,1,71,,32403,39,,,1,29,,32365,39,,,1,70,,32407,39,,,1,30,,32397,39,,,1,77,,32400,39,,,1,100,,32404,39,,,1,100,,32384,39,,,1,98,,32391,39,,,1,75,,32396,39,,,1,30,,32383,39,,,1,70,,32390,39,,,1,30,,32395,39,,,1,69,,32402,39,,,1,30,,32380,39,,,1,70,,32398,39,,,1,30,,32388,39,,,1,70,,32371,39,,,1,30,,32381,39,,,1,70,,32394,39,,,1
5901,'Samedi-10-_26ÉTÉ-0000010-',729,,42221,39,,,1,30,,42228,39,,,1,72,,42225,39,,,1,70,,42230,39,,,1,30,,42222,39,,,1,70,,42227,39,,,1,31,,42226,39,,,1,70,,42229,39,,,1,30,,42233,39,,,1,71,,42234,39,,,1,30,,42223,39,,,1,70,,42224,39,,,1,30,,42232,39,,,1,70,,42231,39,,,1,30,,42235,39,,,1,70,,42236,39,,,1,30,,42237,39,,,1,70,,42238,39,,,1,30,,42239,39,,,1,70,,42240,39,,,1,30,,42241,39,,,1,70,,42242,39,,,1,30,,42243,39,,,1,67,,42244,39,,,1,30,,42245,39,,,1,71,,42247,39,,,1,30,,42246,39,,,1,28,,42248,39,,,1,70,,42249,39,,,1,30,,42250,39,,,1,70,,42252,39,,,1,28,,42251,39,,,1
5901,'Semaine-2-_26ÉTÉ-1111100-',528,,42257,39,,,1,14,,42293,39,,,1,15,,42266,39,,,1,55,,42287,38,,,1,17,,42267,38,,,1,15,,42256,38,,,1,8,,42258,38,,,1,63,,42261,38,,,1,5,,42296,16,,,1,11,,42297,16,,,1,9,,42264,38,,,1,4,,42298,16,,,1,14,,42265,38,,,1,51,,42260,38,,,1,12,,42289,38,,,1,10,,42275,38,,,1,6,,42280,38,,,1,13,,42254,38,,,1,52,,42270,38,,,1,13,,42255,38,,,1,12,,42273,38,,,1,32,,42299,38,,,1,69,,42294,39,,,1,30,,42281,39,,,1,70,,42263,39,,,1,30,,42274,39,,,1,70,,42277,39,,,1,30,,42262,39,,,1,70,,42291,39,,,1,30,,42253,39,,,1,70,,42295,39,,,1,30,,42285,39,,,1,78,,42288,39,,,1,99,,42292,39,,,1,100,,42272,39,,,1,99,,42279,39,,,1,74,,42284,39,,,1,30,,42271,39,,,1,70,,42278,39,,,1,30,,42283,39,,,1,69,,42290,39,,,1,30,,42268,39,,,1,70,,42286,39,,,1,30,,42276,39,,,1,70,,42259,39,,,1,30,,42269,39,,,1,70,,42282,39,,,1
5901,'Semaine-3-_26ÉTÉ-1111100-',528,,42304,39,,,1,14,,42340,39,,,1,15,,42313,39,,,1,55,,42334,38,,,1,17,,42314,38,,,1,15,,42303,38,,,1,8,,42305,38,,,1,63,,42308,38,,,1,5,,42343,16,,,1,11,,42344,16,,,1,9,,42311,38,,,1,4,,42345,16,,,1,14,,42312,38,,,1,51,,42307,38,,,1,12,,42336,38,,,1,10,,42322,38,,,1,6,,42327,38,,,1,13,,42301,38,,,1,52,,42317,38,,,1,13,,42302,38,,,1,12,,42320,38,,,1,32,,42346,38,,,1,69,,42341,39,,,1,30,,42328,39,,,1,70,,42310,39,,,1,30,,42321,39,,,1,70,,42324,39,,,1,30,,42309,39,,,1,70,,42338,39,,,1,30,,42300,39,,,1,70,,42342,39,,,1,30,,42332,39,,,1,78,,42335,39,,,1,99,,42339,39,,,1,100,,42319,39,,,1,99,,42326,39,,,1,74,,42331,39,,,1,30,,42318,39,,,1,70,,42325,39,,,1,30,,42330,39,,,1,69,,42337,39,,,1,30,,42315,39,,,1,70,,42333,39,,,1,30,,42323,39,,,1,70,,42306,39,,,1,30,,42316,39,,,1,70,,42329,39,,,1
5901,'Semaine-4-_26ÉTÉ-1111100-',528,,42351,39,,,1,14,,42387,39,,,1,15,,42360,39,,,1,55,,42381,38,,,1,17,,42361,38,,,1,15,,42350,38,,,1,8,,42352,38,,,1,63,,42355,38,,,1,5,,42390,16,,,1,11,,42391,16,,,1,9,,42358,38,,,1,4,,42392,16,,,1,14,,42359,38,,,1,51,,42354,38,,,1,12,,42383,38,,,1,10,,42369,38,,,1,6,,42374,38,,,1,13,,42348,38,,,1,52,,42364,38,,,1,13,,42349,38,,,1,12,,42367,38,,,1,32,,42393,38,,,1,69,,42388,39,,,1,30,,42375,39,,,1,70,,42357,39,,,1,30,,42368,39,,,1,70,,42371,39,,,1,30,,42356,39,,,1,70,,42385,39,,,1,30,,42347,39,,,1,70,,42389,39,,,1,30,,42379,39,,,1,78,,42382,39,,,1,99,,42386,39,,,1,100,,42366,39,,,1,99,,42373,39,,,1,74,,42378,39,,,1,30,,42365,39,,,1,70,,42372,39,,,1,30,,42377,39,,,1,69,,42384,39,,,1,30,,42362,39,,,1,70,,42380,39,,,1,30,,42370,39,,,1,70,,42353,39,,,1,30,,42363,39,,,1,70,,42376,39,,,1
32901,'Semaine-4',1659,,34190,46,0,7 8,1
32901,'Semaine-2-_26ÉTÉ-1111100-',1659,,45847,46,0,7 8,1
37101,'Samedi-3',738,,34255,34,,,1,99,,34254,34,,,1,104,,34258,34,,,1,100,,34257,34,,,1,99,,34259,34,,,1,102,,34256,34,,,1,101,,34260,34,,,1,100,,34261,34,,,1,98,,34262,34,,,1,100,,34263,34,,,1,98,,34264,34,,,1,100,,34265,34,,,1,100,,34266,34,,,1,98,,34267,34,,,1,100,,34268,34,,,1,97,,34269,34,,,1,100,,34270,34,,,1
37101,'Dimanche-3',738,,34274,34,,,1,99,,34271,34,,,1,104,,34275,34,,,1,100,,34272,34,,,1,99,,34278,34,,,1,102,,34273,34,,,1,101,,34276,34,,,1,100,,34281,34,,,1,98,,34277,34,,,1,100,,34282,34,,,1,98,,34287,34,,,1,100,,34279,34,,,1,100,,34280,34,,,1,98,,34284,34,,,1,100,,34286,34,,,1,97,,34283,34,,,1,100,,34285,34,,,1
37101,'Semaine-4',546,,34304,34,,,1,70,,34307,34,,,1,32,,34300,34,,,1,70,,34302,34,,,1,33,,34312,34,,,1,70,,34311,34,,,1,29,,34306,34,,,1,70,,34290,34,,,1,98,,34297,34,,,1,101,,34295,34,,,1,102,,34296,34,,,1,100,,34310,34,,,1,104,,34293,34,,,1,96,,34294,34,,,1,32,,34291,34,,,1,70,,34298,34,,,1,28,,34308,34,,,1,70,,34309,34,,,1,30,,34288,34,,,1,80,,34292,34,,,1,94,,34303,34,,,1,100,,34305,34,,,1,100,,34289,34,,,1,99,,34299,34,,,1,183,,34301,34,,,1
37101,'Samedi-10-_26ÉTÉ-0000010-',738,,45951,34,,,1,99,,45950,34,,,1,104,,45954,34,,,1,100,,45953,34,,,1,99,,45955,34,,,1,102,,45952,34,,,1,101,,45956,34,,,1,100,,45957,34,,,1,98,,45958,34,,,1,100,,45959,34,,,1,98,,45960,34,,,1,100,,45961,34,,,1,100,,45962,34,,,1,98,,45963,34,,,1,100,,45964,34,,,1,97,,45965,34,,,1,100,,45966,34,,,1
37101,'Semaine-2-_26ÉTÉ-1111100-',546,,45983,34,,,1,71,,45986,34,,,1,31,,45979,34,,,1,72,,45981,34,,,1,31,,45991,34,,,1,70,,45990,34,,,1,29,,45985,34,,,1,70,,45969,34,,,1,99,,45976,34,,,1,100,,45974,34,,,1,100,,45975,34,,,1,102,,45989,34,,,1,100,,45972,34,,,1,100,,45973,34,,,1,31,,45970,34,,,1,68,,45977,34,,,1,31,,45987,34,,,1,70,,45988,34,,,1,30,,45967,34,,,1,80,,45971,34,,,1,94,,45982,34,,,1,100,,45984,34,,,1,100,,45968,34,,,1,99,,45978,34,,,1,183,,45980,34,,,1
37101,'Semaine-3-_26ÉTÉ-1111100-',546,,46008,34,,,1,71,,46011,34,,,1,31,,46004,34,,,1,72,,46006,34,,,1,31,,46016,34,,,1,70,,46015,34,,,1,29,,46010,34,,,1,70,,45994,34,,,1,99,,46001,34,,,1,100,,45999,34,,,1,100,,46000,34,,,1,102,,46014,34,,,1,100,,45997,34,,,1,100,,45998,34,,,1,31,,45995,34,,,1,68,,46002,34,,,1,31,,46012,34,,,1,70,,46013,34,,,1,30,,45992,34,,,1,80,,45996,34,,,1,94,,46007,34,,,1,100,,46009,34,,,1,100,,45993,34,,,1,99,,46003,34,,,1,183,,46005,34,,,1
37101,'Semaine-4-_26ÉTÉ-1111100-',546,,46033,34,,,1,71,,46036,34,,,1,31,,46029,34,,,1,72,,46031,34,,,1,31,,46041,34,,,1,70,,46040,34,,,1,29,,46035,34,,,1,70,,46019,34,,,1,99,,46026,34,,,1,100,,46024,34,,,1,100,,46025,34,,,1,102,,46039,34,,,1,100,,46022,34,,,1,100,,46023,34,,,1,31,,46020,34,,,1,68,,46027,34,,,1,31,,46037,34,,,1,70,,46038,34,,,1,30,,46017,34,,,1,80,,46021,34,,,1,94,,46032,34,,,1,100,,46034,34,,,1,100,,46018,34,,,1,99,,46028,34,,,1,183,,46030,34,,,1
43701,'Semaine-4',1522,,34811,34,0,9 14,1
65501,'Semaine-4',1529,,34849,38,0,9 10,1
73401,'Semaine-4',838,,34855,56,0,5 11,1
73401,'Semaine-2-_26ÉTÉ-1111100-',838,,46797,56,0,5 11,1
73401,'Semaine-3-_26ÉTÉ-1111100-',838,,46798,56,0,5 11,1
73401,'Semaine-4-_26ÉTÉ-1111100-',838,,46799,56,0,5 11,1
74001,'Semaine-4',835,,34858,52,0,5 11,1,2,,34859,52,0,5 11,1
74001,'Semaine-2-_26ÉTÉ-1111100-',837,,46800,52,0,5 11,1
74001,'Semaine-3-_26ÉTÉ-1111100-',837,,46801,52,0,5 11,1
74001,'Semaine-4-_26ÉTÉ-1111100-',837,,46802,52,0,5 11,1
85901,'Samedi-10-_26ÉTÉ-0000010-',1149,,47066,4,,,1
