6201,'Semaine-1-_26ÉTÉ-1111100-',514,,54565,3,,,2,30,,54559,3,,,2,70,,54575,3,,,1,31,,54570,3,,,2,69,,54555,3,,,2,32,,54556,3,,,2,69,,54560,3,,,2,29,,54569,3,,,1,91,,54561,3,,,1,100,,54557,3,,,2,100,,54566,3,,,2,100,,54573,3,,,2,100,,54576,3,,,2,98,,54567,3,,,1,95,,54577,3,,,1,83,,54572,3,,,1,45,,54558,3,,,1,77,,54571,3,,,2,70,,54574,3,,,1,100,,54564,3,,,1,100,,54563,3,,,1,45,,54568,3,,,1,100,,54562,3,,,1
6201,'Semaine-10-_26ÉTÉ-1111100-',514,,54588,3,,,2,30,,54582,3,,,2,70,,54598,3,,,1,31,,54593,3,,,2,69,,54578,3,,,2,32,,54579,3,,,2,69,,54583,3,,,2,29,,54592,3,,,1,91,,54584,3,,,1,100,,54580,3,,,2,100,,54589,3,,,2,100,,54596,3,,,2,100,,54599,3,,,2,98,,54590,3,,,1,95,,54600,3,,,1,83,,54595,3,,,1,45,,54581,3,,,1,77,,54594,3,,,2,70,,54597,3,,,1,100,,54587,3,,,2,100,,54586,3,,,1,45,,54591,3,,,1,100,,54585,3,,,1
6201,'Semaine-11-_26ÉTÉ-1111100-',514,,54611,3,,,2,30,,54605,3,,,2,70,,54621,3,,,1,31,,54616,3,,,2,69,,54601,3,,,2,32,,54602,3,,,2,69,,54606,3,,,2,29,,54615,3,,,1,91,,54607,3,,,1,100,,54603,3,,,2,100,,54612,3,,,2,100,,54619,3,,,2,100,,54622,3,,,2,98,,54613,3,,,1,95,,54623,3,,,1,83,,54618,3,,,1,45,,54604,3,,,1,77,,54617,3,,,2,70,,54620,3,,,1,100,,54610,3,,,1,100,,54609,3,,,1,45,,54614,3,,,1,100,,54608,3,,,1
6201,'Semaine-12-_26ÉTÉ-1111100-',514,,54634,3,,,2,30,,54628,3,,,2,70,,54644,3,,,1,31,,54639,3,,,2,69,,54624,3,,,2,32,,54625,3,,,2,69,,54629,3,,,2,29,,54638,3,,,1,91,,54630,3,,,1,100,,54626,3,,,2,100,,54635,3,,,2,100,,54642,3,,,2,100,,54645,3,,,2,98,,54636,3,,,1,95,,54646,3,,,1,83,,54641,3,,,1,45,,54627,3,,,1,77,,54640,3,,,2,70,,54643,3,,,1,100,,54633,3,,,1,100,,54632,3,,,1,45,,54637,3,,,1,100,,54631,3,,,1
6201,'Semaine-5-_26ÉTÉ-1111100-',514,,54657,3,,,2,30,,54651,3,,,2,70,,54667,3,,,1,31,,54662,3,,,2,69,,54647,3,,,2,32,,54648,3,,,2,69,,54652,3,,,2,29,,54661,3,,,1,91,,54653,3,,,1,100,,54649,3,,,2,100,,54658,3,,,2,100,,54665,3,,,2,100,,54668,3,,,2,98,,54659,3,,,1,95,,54669,3,,,1,83,,54664,3,,,1,45,,54650,3,,,1,77,,54663,3,,,2,70,,54666,3,,,1,100,,54656,3,,,1,100,,54655,3,,,1,45,,54660,3,,,1,100,,54654,3,,,1
7100,'Samedi-0-_26ÉTÉ-0000010-',805,,57400,3,,,2,100,,57401,3,,,1,100,,57403,3,,,1,101,,57398,3,,,1,100,,57402,3,,,1,100,,57399,3,,,1,100,,57404,3,,,1,100,,57405,3,,,2,100,,57406,3,,,2,100,,57407,3,,,2,100,,57408,3,,,2,99,,57409,3,,,2,100,,57410,3,,,1,100,,57411,3,,,1,100,,57412,3,,,2,100,,57413,3,,,1
7100,'Dimanche-0-_26ÉTÉ-0000001-',805,,57417,3,,,2,100,,57418,3,,,1,100,,57419,3,,,1,101,,57420,3,,,1,100,,57416,3,,,1,100,,57415,3,,,1,100,,57421,3,,,1,100,,57414,3,,,2,100,,57424,3,,,2,100,,57426,3,,,2,100,,57427,3,,,2,99,,57425,3,,,2,100,,57422,3,,,1,100,,57423,3,,,1,100,,57429,3,,,2,100,,57428,3,,,1
7100,'Dimanche-10-_26ÉTÉ-0000001-',805,,57433,3,,,2,100,,57434,3,,,1,100,,57435,3,,,1,101,,57436,3,,,1,100,,57432,3,,,1,100,,57431,3,,,1,100,,57437,3,,,1,100,,57430,3,,,2,100,,57440,3,,,2,100,,57442,3,,,2,100,,57443,3,,,2,99,,57441,3,,,2,100,,57438,3,,,1,100,,57439,3,,,1,100,,57445,3,,,2,100,,57444,3,,,1
7100,'Dimanche-11-_26ÉTÉ-0000001-',805,,57449,3,,,2,100,,57450,3,,,1,100,,57451,3,,,1,101,,57452,3,,,1,100,,57448,3,,,1,100,,57447,3,,,1,100,,57453,3,,,1,100,,57446,3,,,2,100,,57456,3,,,2,100,,57458,3,,,2,100,,57459,3,,,2,99,,57457,3,,,2,100,,57454,3,,,1,100,,57455,3,,,1,100,,57461,3,,,2,100,,57460,3,,,1
7100,'Semaine-1-_26ÉTÉ-1111100-',531,,57495,3,,,2,70,,57478,3,,,1,30,,57496,3,,,2,19,,57499,3,,,2,61,,57469,3,,,1,20,,57473,3,,,2,20,,57472,3,,,2,50,,57494,3,,,1,10,,57470,3,,,1,10,,57485,3,,,2,20,,57462,3,,,2,60,,57488,3,,,1,20,,57493,3,,,1,30,,57484,3,,,1,70,,57489,3,,,1,30,,57490,3,,,2,70,,57504,3,,,2,30,,57465,3,,,1,70,,57491,3,,,1,30,,57503,3,,,1,70,,57464,3,,,1,30,,57466,3,,,1,70,,57474,3,,,2,28,,57497,3,,,1,70,,57468,3,,,2,7,,57498,3,,,2,21,,57501,3,,,2,59,,57500,3,,,2,14,,57481,3,,,2,6,,57476,3,,,2,20,,57477,3,,,2,60,,57467,3,,,2,20,,57486,3,,,1,23,,57463,3,,,2,69,,57487,3,,,2,31,,57502,3,,,1,70,,57475,3,,,2,30,,57479,3,,,1,70,,57482,3,,,1,101,,57480,3,,,1,99,,57492,3,,,1,100,,57471,3,,,2,101,,57483,3,,,1
7100,'Semaine-10-_26ÉTÉ-1111100-',531,,57538,3,,,2,70,,57521,3,,,1,30,,57539,3,,,2,19,,57542,3,,,2,61,,57512,3,,,1,20,,57516,3,,,2,20,,57515,3,,,2,50,,57537,3,,,1,10,,57513,3,,,1,10,,57528,3,,,2,20,,57505,3,,,2,60,,57531,3,,,1,20,,57536,3,,,1,30,,57527,3,,,1,70,,57532,3,,,1,30,,57533,3,,,2,70,,57547,3,,,2,30,,57508,3,,,1,70,,57534,3,,,1,30,,57546,3,,,1,70,,57507,3,,,1,30,,57509,3,,,1,70,,57517,3,,,2,28,,57540,3,,,1,70,,57511,3,,,2,7,,57541,3,,,2,21,,57544,3,,,2,59,,57543,3,,,2,14,,57524,3,,,2,6,,57519,3,,,2,20,,57520,3,,,2,60,,57510,3,,,2,20,,57529,3,,,1,23,,57506,3,,,2,69,,57530,3,,,2,31,,57545,3,,,1,70,,57518,3,,,2,30,,57522,3,,,1,70,,57525,3,,,1,101,,57523,3,,,1,99,,57535,3,,,1,100,,57514,3,,,2,101,,57526,3,,,1
7100,'Semaine-11-_26ÉTÉ-1111100-',531,,57581,3,,,2,70,,57564,3,,,1,30,,57582,3,,,2,19,,57585,3,,,2,61,,57555,3,,,1,20,,57559,3,,,2,20,,57558,3,,,2,50,,57580,3,,,1,10,,57556,3,,,1,10,,57571,3,,,2,20,,57548,3,,,2,60,,57574,3,,,1,20,,57579,3,,,1,30,,57570,3,,,1,70,,57575,3,,,1,30,,57576,3,,,2,70,,57590,3,,,2,30,,57551,3,,,1,70,,57577,3,,,1,30,,57589,3,,,1,70,,57550,3,,,1,30,,57552,3,,,1,70,,57560,3,,,2,28,,57583,3,,,1,70,,57554,3,,,2,7,,57584,3,,,2,21,,57587,3,,,2,59,,57586,3,,,2,14,,57567,3,,,2,6,,57562,3,,,2,20,,57563,3,,,2,60,,57553,3,,,2,20,,57572,3,,,1,23,,57549,3,,,2,69,,57573,3,,,2,31,,57588,3,,,1,70,,57561,3,,,2,30,,57565,3,,,1,70,,57568,3,,,1,101,,57566,3,,,1,99,,57578,3,,,1,100,,57557,3,,,2,101,,57569,3,,,1
7100,'Semaine-12-_26ÉTÉ-1111100-',531,,57624,3,,,2,70,,57607,3,,,1,30,,57625,3,,,2,19,,57628,3,,,2,61,,57598,3,,,1,20,,57602,3,,,2,20,,57601,3,,,2,50,,57623,3,,,1,10,,57599,3,,,1,10,,57614,3,,,2,20,,57591,3,,,2,60,,57617,3,,,1,20,,57622,3,,,1,30,,57613,3,,,1,70,,57618,3,,,1,30,,57619,3,,,2,70,,57633,3,,,2,30,,57594,3,,,1,70,,57620,3,,,1,30,,57632,3,,,1,70,,57593,3,,,1,30,,57595,3,,,1,70,,57603,3,,,2,28,,57626,3,,,1,70,,57597,3,,,2,7,,57627,3,,,2,21,,57630,3,,,2,59,,57629,3,,,2,14,,57610,3,,,2,6,,57605,3,,,2,20,,57606,3,,,2,60,,57596,3,,,2,20,,57615,3,,,1,23,,57592,3,,,2,69,,57616,3,,,2,31,,57631,3,,,1,70,,57604,3,,,2,30,,57608,3,,,1,70,,57611,3,,,1,101,,57609,3,,,1,99,,57621,3,,,1,100,,57600,3,,,2,101,,57612,3,,,1
7100,'Semaine-5-_26ÉTÉ-1111100-',531,,57667,3,,,2,70,,57650,3,,,1,30,,57668,3,,,2,19,,57671,3,,,2,61,,57641,3,,,1,20,,57645,3,,,2,20,,57644,3,,,2,50,,57666,3,,,1,10,,57642,3,,,1,10,,57657,3,,,2,20,,57634,3,,,2,60,,57660,3,,,1,20,,57665,3,,,1,30,,57656,3,,,1,70,,57661,3,,,1,30,,57662,3,,,2,70,,57676,3,,,2,30,,57637,3,,,1,70,,57663,3,,,1,30,,57675,3,,,1,70,,57636,3,,,1,30,,57638,3,,,1,70,,57646,3,,,2,28,,57669,3,,,1,70,,57640,3,,,2,7,,57670,3,,,2,21,,57673,3,,,2,59,,57672,3,,,2,14,,57653,3,,,2,6,,57648,3,,,2,20,,57649,3,,,2,60,,57639,3,,,2,20,,57658,3,,,1,23,,57635,3,,,2,69,,57659,3,,,2,31,,57674,3,,,1,70,,57647,3,,,2,30,,57651,3,,,1,70,,57654,3,,,1,101,,57652,3,,,1,99,,57664,3,,,1,100,,57643,3,,,2,101,,57655,3,,,1
7300,'Semaine-1-_26ÉTÉ-1111100-',614,,58116,3,,,1,30,,58114,3,,,2,70,,58117,3,,,2,29,,58124,3,,,1,71,,58118,3,,,1,29,,58119,3,,,2,100,,58121,3,,,1,100,,58105,3,,,1,100,,58102,3,,,1,100,,58103,3,,,2,100,,58104,3,,,2,101,,58106,3,,,2,67,,58107,3,,,1,29,,58125,3,,,1,76,,58122,3,,,2,24,,58123,3,,,2,73,,58120,3,,,1,30,,58108,3,,,1,70,,58109,3,,,1,31,,58110,3,,,1,100,,58111,3,,,1,105,,58112,3,,,2,100,,58113,3,,,1,100,,58115,3,,,2
7300,'Semaine-10-_26ÉTÉ-1111100-',614,,58140,3,,,1,30,,58138,3,,,2,70,,58141,3,,,2,29,,58148,3,,,1,71,,58142,3,,,1,29,,58143,3,,,2,100,,58145,3,,,1,100,,58129,3,,,1,100,,58126,3,,,1,100,,58127,3,,,2,100,,58128,3,,,2,101,,58130,3,,,2,67,,58131,3,,,1,29,,58149,3,,,1,76,,58146,3,,,2,24,,58147,3,,,2,73,,58144,3,,,1,30,,58132,3,,,1,70,,58133,3,,,1,31,,58134,3,,,1,100,,58135,3,,,1,105,,58136,3,,,2,100,,58137,3,,,1,100,,58139,3,,,2
7300,'Semaine-11-_26ÉTÉ-1111100-',614,,58164,3,,,1,30,,58162,3,,,2,70,,58165,3,,,2,29,,58172,3,,,1,71,,58166,3,,,1,29,,58167,3,,,2,100,,58169,3,,,1,100,,58153,3,,,1,100,,58150,3,,,1,100,,58151,3,,,2,100,,58152,3,,,2,101,,58154,3,,,2,67,,58155,3,,,1,29,,58173,3,,,1,76,,58170,3,,,2,24,,58171,3,,,2,73,,58168,3,,,1,30,,58156,3,,,1,70,,58157,3,,,1,31,,58158,3,,,1,100,,58159,3,,,1,105,,58160,3,,,2,100,,58161,3,,,1,100,,58163,3,,,2
7300,'Semaine-12-_26ÉTÉ-1111100-',614,,58188,3,,,1,30,,58186,3,,,2,70,,58189,3,,,2,29,,58196,3,,,1,71,,58190,3,,,1,29,,58191,3,,,2,100,,58193,3,,,1,100,,58177,3,,,1,100,,58174,3,,,1,100,,58175,3,,,2,100,,58176,3,,,2,101,,58178,3,,,2,67,,58179,3,,,1,29,,58197,3,,,1,76,,58194,3,,,2,24,,58195,3,,,2,73,,58192,3,,,1,30,,58180,3,,,1,70,,58181,3,,,1,31,,58182,3,,,1,100,,58183,3,,,1,105,,58184,3,,,2,100,,58185,3,,,1,100,,58187,3,,,2
7300,'Semaine-5-_26ÉTÉ-1111100-',614,,58212,3,,,1,30,,58210,3,,,2,70,,58213,3,,,2,29,,58220,3,,,1,71,,58214,3,,,1,29,,58215,3,,,2,100,,58217,3,,,1,100,,58201,3,,,1,100,,58198,3,,,1,100,,58199,3,,,2,100,,58200,3,,,2,101,,58202,3,,,2,67,,58203,3,,,1,29,,58221,3,,,1,76,,58218,3,,,2,24,,58219,3,,,2,73,,58216,3,,,1,30,,58204,3,,,1,70,,58205,3,,,1,31,,58206,3,,,1,100,,58207,3,,,1,105,,58208,3,,,2,100,,58209,3,,,1,100,,58211,3,,,2
