3300,'Samedi-3',715,,30672,36,,,1,133,,30677,36,,,1,99,,30674,36,,,1,99,,30678,36,,,1,102,,30673,36,,,1,100,,30676,36,,,1,100,,30675,36,,,1,100,,30679,36,,,1,103,,30680,36,,,1,97,,30681,36,,,1,100,,30682,36,,,1,99,,30683,36,,,1,96,,30684,36,,,1,100,,30688,36,,,1,100,,30685,36,,,1,100,,30686,36,,,1,100,,30687,36,,,1,98,,30689,36,,,1
3300,'Samedi-4',715,,35331,36,,,1,133,,35336,36,,,1,99,,35333,36,,,1,99,,35337,36,,,1,102,,35332,36,,,1,100,,35335,36,,,1,100,,35334,36,,,1,100,,35338,36,,,1,103,,35339,36,,,1,97,,35340,36,,,1,100,,35341,36,,,1,99,,35342,36,,,1,96,,35343,36,,,1,100,,35347,36,,,1,100,,35344,36,,,1,100,,35345,36,,,1,100,,35346,36,,,1,98,,35348,36,,,1
3300,'Dimanche-3',715,,30691,36,,,1,133,,30690,36,,,1,99,,30693,36,,,1,99,,30695,36,,,1,102,,30696,36,,,1,100,,30697,36,,,1,100,,30692,36,,,1,100,,30699,36,,,1,103,,30694,36,,,1,97,,30700,36,,,1,100,,30703,36,,,1,99,,30707,36,,,1,96,,30704,36,,,1,100,,30698,36,,,1,100,,30701,36,,,1,100,,30706,36,,,1,100,,30702,36,,,1,98,,30705,36,,,1
3300,'Semaine-4',649,,30735,30,,,1,76,,30734,37,,,1,22,,30740,37,,,2,55,,30713,37,,,1,23,,30728,37,,,1,21,,30736,37,,,1,5,,30747,37,,,1,49,,30748,37,,,1,30,,30741,37,,,1,15,,30723,37,,,1,10,,30726,37,,,2,48,,30743,36,,,1,29,,30729,36,,,2,27,,30718,36,,,1,71,,30724,36,,,1,28,,30708,36,,,1,71,,30731,36,,,1,29,,30719,36,,,1,73,,30727,36,,,1,19,,30746,36,,,1,6,,30730,36,,,1,68,,30733,36,,,1,30,,30720,36,,,1,55,,30742,29,,,1,16,,30738,36,,,1,79,,30732,36,,,1,13,,30710,36,,,2,17,,30722,36,,,1,18,,30745,36,,,2,53,,30744,36,,,1,12,,30739,29,,,1,21,,30717,36,,,1,64,,30716,36,,,2,22,,30721,36,,,2,27,,30709,36,,,2,67,,30714,36,,,1,32,,30749,29,,,1,80,,30725,36,,,2,95,,30715,36,,,1,80,,30711,36,,,2,104,,30737,36,,,1,98,,30750,36,,,2,25,,30712,36,,,1
3300,'Semaine-5',649,,35376,30,,,1,76,,35375,37,,,1,22,,35381,37,,,2,55,,35354,37,,,1,23,,35369,37,,,1,21,,35377,37,,,1,5,,35388,37,,,1,49,,35389,37,,,1,30,,35382,37,,,1,15,,35364,37,,,1,10,,35367,37,,,2,48,,35384,36,,,1,29,,35370,36,,,2,27,,35359,36,,,1,71,,35365,36,,,1,28,,35349,36,,,1,71,,35372,36,,,1,29,,35360,36,,,1,73,,35368,36,,,1,19,,35387,36,,,1,6,,35371,36,,,1,68,,35374,36,,,1,30,,35361,36,,,1,55,,35383,29,,,1,16,,35379,36,,,1,79,,35373,36,,,1,13,,35351,36,,,2,17,,35363,36,,,1,18,,35386,36,,,2,53,,35385,36,,,1,12,,35380,29,,,1,21,,35358,36,,,1,64,,35357,36,,,2,22,,35362,36,,,2,27,,35350,36,,,2,67,,35355,36,,,1,32,,35390,29,,,1,80,,35366,36,,,2,95,,35356,36,,,1,80,,35352,36,,,2,104,,35378,36,,,1,98,,35391,36,,,2,25,,35353,36,,,1
3500,'Semaine-4',653,,31048,38,0,15 16,1,78,,31022,38,0,15 16,1,73,,31033,38,0,15 16,1,17,,31051,38,0,15 16,1,33,,31057,38,0,15 16,1,51,,31055,38,0,15 16,1,4,,31041,38,0,15 16,1,7,,31053,38,0,15 16,1,19,,31046,38,0,15 16,1,21,,31052,38,0,15 16,1,70,,31030,38,0,15 16,2,26,,31044,38,0,15 16,1,74,,31024,38,0,15 16,1,30,,31028,38,0,15 16,1,70,,31039,38,0,15 16,1,30,,31023,38,0,15 16,1,70,,31034,38,0,15 16,1,30,,31056,38,0,15 16,1,70,,31042,38,0,15 16,1,30,,31025,38,0,15 16,1,78,,31038,38,,,2,71,,31040,38,0,15 16,2,24,,31031,31,0,15 16,1,15,,31043,38,,,2,13,,31037,31,0,15 16,1,55,,31047,38,,,1,25,,31049,38,0,15 16,2,68,,31029,38,,,1,25,,31027,38,0,15 16,2,15,,31035,31,0,15 16,1,61,,31058,38,,,2,21,,31045,38,0,15 16,1,75,,31032,38,,,2,23,,31036,38,,,1,103,,31050,38,,,1,100,,31054,38,,,1,97,,31026,38,0,15 16,1
3500,'Semaine-5',653,,35605,38,0,15 16,1,78,,35579,38,0,15 16,1,73,,35590,38,0,15 16,1,17,,35608,38,0,15 16,1,33,,35614,38,0,15 16,1,51,,35612,38,0,15 16,1,4,,35598,38,0,15 16,1,7,,35610,38,0,15 16,1,19,,35603,38,0,15 16,1,21,,35609,38,0,15 16,1,70,,35587,38,0,15 16,2,26,,35601,38,0,15 16,1,74,,35581,38,0,15 16,1,30,,35585,38,0,15 16,1,70,,35596,38,0,15 16,1,30,,35580,38,0,15 16,1,70,,35591,38,0,15 16,1,30,,35613,38,0,15 16,1,70,,35599,38,0,15 16,1,30,,35582,38,0,15 16,1,78,,35595,38,,,2,71,,35597,38,0,15 16,2,24,,35588,31,0,15 16,1,15,,35600,38,,,2,13,,35594,31,0,15 16,1,55,,35604,38,,,1,25,,35606,38,0,15 16,2,68,,35586,38,,,1,25,,35584,38,0,15 16,2,15,,35592,31,0,15 16,1,61,,35615,38,,,2,21,,35602,38,0,15 16,1,75,,35589,38,,,2,23,,35593,38,,,1,103,,35607,38,,,1,100,,35611,38,,,1,97,,35583,38,0,15 16,1
4900,'Samedi-3',752,,31662,58,,,1,100,,31663,58,,,1,104,,31660,58,,,1,100,,31664,58,,,1,100,,31661,58,,,1,100,,31665,58,,,1,99,,31666,58,,,1,104,,31667,58,,,1,99,,31668,58,,,1,100,,31669,58,,,1,100,,31670,58,,,1,94,,31671,58,,,1,100,,31672,58,,,1,100,,31673,58,,,1,100,,31674,58,,,1,100,,31675,58,,,1,100,,31676,58,,,1
4900,'Samedi-4',752,,36070,58,,,1,100,,36071,58,,,1,104,,36068,58,,,1,100,,36072,58,,,1,100,,36069,58,,,1,100,,36073,58,,,1,99,,36074,58,,,1,104,,36075,58,,,1,99,,36076,58,,,1,100,,36077,58,,,1,100,,36078,58,,,1,94,,36079,58,,,1,100,,36080,58,,,1,100,,36081,58,,,1,100,,36082,58,,,1,100,,36083,58,,,1,100,,36084,58,,,1
4900,'Dimanche-3',752,,31677,58,,,1,100,,31680,58,,,1,104,,31678,58,,,1,100,,31681,58,,,1,100,,31683,58,,,1,100,,31687,58,,,1,99,,31685,58,,,1,104,,31684,58,,,1,99,,31679,58,,,1,100,,31689,58,,,1,100,,31686,58,,,1,94,,31688,58,,,1,100,,31693,58,,,1,100,,31682,58,,,1,100,,31691,58,,,1,100,,31692,58,,,1,100,,31690,58,,,1
4900,'Semaine-4',714,,31721,58,,,1,14,,31716,45,,,1,5,,31728,45,,,1,4,,31704,45,,,1,2,,31732,58,,,1,3,,31727,45,,,1,3,,31729,45,,,1,4,,31731,45,,,1,5,,31730,45,,,1,55,,31724,58,,,1,30,,31725,58,,,1,5,,31720,45,,,1,70,,31719,58,,,1,27,,31714,58,,,1,72,,31706,58,,,1,32,,31726,58,,,1,72,,31722,58,,,1,30,,31717,58,,,1,70,,31694,58,,,1,30,,31715,58,,,1,70,,31696,58,,,1,30,,31701,58,,,1,70,,31703,58,,,1,29,,31707,58,,,1,71,,31723,58,,,1,38,,31705,58,,,1,70,,31708,58,,,1,30,,31699,58,,,1,70,,31711,58,,,1,30,,31702,58,,,1,67,,31700,58,,,1,30,,31718,58,,,1,66,,31712,58,,,1,95,,31695,58,,,1,100,,31713,58,,,1,100,,31710,58,,,1,97,,31697,58,,,1,97,,31709,58,,,1,100,,31698,58,,,1
4900,'Semaine-5',714,,36112,58,,,1,14,,36107,45,,,1,5,,36119,45,,,1,4,,36095,45,,,1,2,,36123,58,,,1,3,,36118,45,,,1,3,,36120,45,,,1,4,,36122,45,,,1,5,,36121,45,,,1,55,,36115,58,,,1,30,,36116,58,,,1,5,,36111,45,,,1,70,,36110,58,,,1,27,,36105,58,,,1,72,,36097,58,,,1,32,,36117,58,,,1,72,,36113,58,,,1,30,,36108,58,,,1,70,,36085,58,,,1,30,,36106,58,,,1,70,,36087,58,,,1,30,,36092,58,,,1,70,,36094,58,,,1,29,,36098,58,,,1,71,,36114,58,,,1,38,,36096,58,,,1,70,,36099,58,,,1,30,,36090,58,,,1,70,,36102,58,,,1,30,,36093,58,,,1,67,,36091,58,,,1,30,,36109,58,,,1,66,,36103,58,,,1,95,,36086,58,,,1,100,,36104,58,,,1,100,,36101,58,,,1,97,,36088,58,,,1,97,,36100,58,,,1,100,,36089,58,,,1
5000,'Semaine-4',710,,31803,46,,,1,29,,31801,46,,,1,5,,31802,25,,,2,65,,31804,46,,,2,31,,31800,46,,,1,104,,31805,46,,,1
5000,'Semaine-5',710,,36177,46,,,1,29,,36175,46,,,1,5,,36176,25,,,2,65,,36178,46,,,2,31,,36174,46,,,1,104,,36179,46,,,1
5600,'Semaine-4',709,,32161,49,,,1,30,,32159,49,,,1,3,,32163,49,,,1,67,,32162,49,,,2,30,,32156,49,,,1,100,,32155,49,,,1,106,,32157,49,,,1,99,,32160,49,,,1,100,,32158,49,,,1
5600,'Semaine-5',709,,36430,49,,,1,30,,36428,49,,,1,3,,36432,49,,,1,67,,36431,49,,,2,30,,36425,49,,,1,100,,36424,49,,,1,106,,36426,49,,,1,99,,36429,49,,,1,100,,36427,49,,,1
6401,'Semaine-4',1526,,32612,9,,,2
6401,'Semaine-5',1526,,36776,9,,,2
42500,'Semaine-4',734,,34792,35,0,9 14,1,2,,34793,35,0,9 14,1
42500,'Semaine-5',734,,38443,35,0,9 14,1,2,,38444,35,0,9 14,1
42600,'Semaine-4',737,,34795,16,0,9 14,1,1,,34796,16,0,9 14,1
42600,'Semaine-5',737,,38446,16,0,9 14,1,1,,38447,16,0,9 14,1
42900,'Semaine-4',739,,34798,22,0,9 14,1,2,,34799,22,0,9 14,1
42900,'Semaine-5',739,,38449,22,0,9 14,1,2,,38450,22,0,9 14,1
43100,'Semaine-4',1514,,34803,24,0,9 14,1
43100,'Semaine-5',1514,,38454,24,0,9 14,1
44900,'Semaine-4',740,,34812,36,0,9 14,1
44900,'Semaine-5',740,,38463,36,0,9 14,1
56600,'Semaine-4',1525,,34825,9,0,5 6,1
56600,'Semaine-5',1525,,38476,9,0,5 6,1
56900,'Semaine-4',1525,,34827,9,0,5 6,2
56900,'Semaine-5',1525,,38478,9,0,5 6,2
73300,'Semaine-4',1637,,34851,26,,,1
73300,'Semaine-5',1637,,38502,26,,,1
83300,'Semaine-4',1537,,35027,16,0,9 12 13,1
83300,'Semaine-5',1537,,38646,16,0,9 12 13,1
