3101,'Samedi-0-_26ÉTÉ-0000010-',655,,47736,16,,,1,94,,47742,16,,,1,99,,47739,16,,,1,97,,47743,16,,,1,97,,47737,16,,,1,100,,47741,16,,,1,100,,47738,16,,,1,100,,47740,16,,,1,103,,47744,16,,,1,97,,47745,16,,,1,100,,47746,16,,,1,100,,47747,16,,,1,102,,47748,16,,,1,101,,47753,16,,,1,100,,47749,16,,,1,100,,47750,16,,,1,102,,47751,16,,,1,100,,47752,16,,,1
3101,'Dimanche-0-_26ÉTÉ-0000001-',655,,47756,16,,,1,94,,47754,16,,,1,99,,47757,16,,,1,97,,47759,16,,,1,97,,47760,16,,,1,100,,47761,16,,,1,100,,47755,16,,,1,100,,47764,16,,,1,103,,47758,16,,,1,97,,47763,16,,,1,100,,47767,16,,,1,100,,47771,16,,,1,102,,47768,16,,,1,101,,47762,16,,,1,100,,47765,16,,,1,100,,47770,16,,,1,102,,47766,16,,,1,100,,47769,16,,,1
3101,'Dimanche-10-_26ÉTÉ-0000001-',655,,47774,16,,,1,94,,47772,16,,,1,99,,47775,16,,,1,97,,47777,16,,,1,97,,47778,16,,,1,100,,47779,16,,,1,100,,47773,16,,,1,100,,47782,16,,,1,103,,47776,16,,,1,97,,47781,16,,,1,100,,47785,16,,,1,100,,47789,16,,,1,102,,47786,16,,,1,101,,47780,16,,,1,100,,47783,16,,,1,100,,47788,16,,,1,102,,47784,16,,,1,100,,47787,16,,,1
3101,'Dimanche-11-_26ÉTÉ-0000001-',655,,47792,16,,,1,94,,47790,16,,,1,99,,47793,16,,,1,97,,47795,16,,,1,97,,47796,16,,,1,100,,47797,16,,,1,100,,47791,16,,,1,100,,47800,16,,,1,103,,47794,16,,,1,97,,47799,16,,,1,100,,47803,16,,,1,100,,47807,16,,,1,102,,47804,16,,,1,101,,47798,16,,,1,100,,47801,16,,,1,100,,47806,16,,,1,102,,47802,16,,,1,100,,47805,16,,,1
3101,'Semaine-1-_26ÉTÉ-1111100-',536,,47811,16,,,1,75,,47845,16,,,1,30,,47825,16,,,1,67,,47812,16,,,1,30,,47848,16,,,1,21,,47808,16,,,1,56,,47822,16,,,1,17,,47823,16,,,1,13,,47842,16,,,1,59,,47813,16,,,1,22,,47815,16,,,1,20,,47840,16,,,1,60,,47832,16,,,1,20,,47841,16,,,1,20,,47814,16,,,1,60,,47816,16,,,1,21,,47836,16,,,1,20,,47846,16,,,1,60,,47835,16,,,1,20,,47817,16,,,1,20,,47809,16,,,1,57,,47839,16,,,1,22,,47849,16,,,1,19,,47834,16,,,1,60,,47818,16,,,1,19,,47837,16,,,1,23,,47838,16,,,1,61,,47847,16,,,1,19,,47833,16,,,1,14,,47819,16,,,1,18,,47830,16,,,1,61,,47831,16,,,1,22,,47820,16,,,1,59,,47826,16,,,1,21,,47810,16,,,1,20,,47843,16,,,1,60,,47850,16,,,1,26,,47821,16,,,1,97,,47844,16,,,1,101,,47827,16,,,1,100,,47824,16,,,1,99,,47828,16,,,1,102,,47829,16,,,1
3101,'Semaine-10-_26ÉTÉ-1111100-',536,,47854,16,,,1,75,,47888,16,,,1,30,,47868,16,,,1,67,,47855,16,,,1,30,,47891,16,,,1,21,,47851,16,,,1,56,,47865,16,,,1,17,,47866,16,,,1,13,,47885,16,,,1,59,,47856,16,,,1,22,,47858,16,,,1,20,,47883,16,,,1,60,,47875,16,,,1,20,,47884,16,,,1,20,,47857,16,,,1,60,,47859,16,,,1,21,,47879,16,,,1,20,,47889,16,,,1,60,,47878,16,,,1,20,,47860,16,,,1,20,,47852,16,,,1,57,,47882,16,,,1,22,,47892,16,,,1,19,,47877,16,,,1,60,,47861,16,,,1,19,,47880,16,,,1,23,,47881,16,,,1,61,,47890,16,,,1,19,,47876,16,,,1,14,,47862,16,,,1,18,,47873,16,,,1,61,,47874,16,,,1,22,,47863,16,,,1,59,,47869,16,,,1,21,,47853,16,,,1,20,,47886,16,,,1,60,,47893,16,,,1,26,,47864,16,,,1,97,,47887,16,,,1,101,,47870,16,,,1,100,,47867,16,,,1,99,,47871,16,,,1,102,,47872,16,,,1
3101,'Semaine-11-_26ÉTÉ-1111100-',536,,47897,16,,,1,75,,47931,16,,,1,30,,47911,16,,,1,67,,47898,16,,,1,30,,47934,16,,,1,21,,47894,16,,,1,56,,47908,16,,,1,17,,47909,16,,,1,13,,47928,16,,,1,59,,47899,16,,,1,22,,47901,16,,,1,20,,47926,16,,,1,60,,47918,16,,,1,20,,47927,16,,,1,20,,47900,16,,,1,60,,47902,16,,,1,21,,47922,16,,,1,20,,47932,16,,,1,60,,47921,16,,,1,20,,47903,16,,,1,20,,47895,16,,,1,57,,47925,16,,,1,22,,47935,16,,,1,19,,47920,16,,,1,60,,47904,16,,,1,19,,47923,16,,,1,23,,47924,16,,,1,61,,47933,16,,,1,19,,47919,16,,,1,14,,47905,16,,,1,18,,47916,16,,,1,61,,47917,16,,,1,22,,47906,16,,,1,59,,47912,16,,,1,21,,47896,16,,,1,20,,47929,16,,,1,60,,47936,16,,,1,26,,47907,16,,,1,97,,47930,16,,,1,101,,47913,16,,,1,100,,47910,16,,,1,99,,47914,16,,,1,102,,47915,16,,,1
3101,'Semaine-12-_26ÉTÉ-1111100-',536,,47940,16,,,1,75,,47974,16,,,1,30,,47954,16,,,1,67,,47941,16,,,1,30,,47977,16,,,1,21,,47937,16,,,1,56,,47951,16,,,1,17,,47952,16,,,1,13,,47971,16,,,1,59,,47942,16,,,1,22,,47944,16,,,1,20,,47969,16,,,1,60,,47961,16,,,1,20,,47970,16,,,1,20,,47943,16,,,1,60,,47945,16,,,1,21,,47965,16,,,1,20,,47975,16,,,1,60,,47964,16,,,1,20,,47946,16,,,1,20,,47938,16,,,1,57,,47968,16,,,1,22,,47978,16,,,1,19,,47963,16,,,1,60,,47947,16,,,1,19,,47966,16,,,1,23,,47967,16,,,1,61,,47976,16,,,1,19,,47962,16,,,1,14,,47948,16,,,1,18,,47959,16,,,1,61,,47960,16,,,1,22,,47949,16,,,1,59,,47955,16,,,1,21,,47939,16,,,1,20,,47972,16,,,1,60,,47979,16,,,1,26,,47950,16,,,1,97,,47973,16,,,1,101,,47956,16,,,1,100,,47953,16,,,1,99,,47957,16,,,1,102,,47958,16,,,1
3101,'Semaine-5-_26ÉTÉ-1111100-',536,,47983,16,,,1,75,,48017,16,,,1,30,,47997,16,,,1,67,,47984,16,,,1,30,,48020,16,,,1,21,,47980,16,,,1,51,,48023,4,,,1,5,,47994,16,,,1,17,,47995,16,,,1,13,,48014,16,,,1,59,,47985,16,,,1,22,,47987,16,,,1,20,,48012,16,,,1,60,,48004,16,,,1,20,,48013,16,,,1,20,,47986,16,,,1,60,,47988,16,,,1,21,,48008,16,,,1,20,,48018,16,,,1,60,,48007,16,,,1,20,,47989,16,,,1,20,,47981,16,,,1,57,,48011,16,,,1,22,,48021,16,,,1,19,,48006,16,,,1,60,,47990,16,,,1,19,,48009,16,,,1,23,,48010,16,,,1,61,,48019,16,,,1,19,,48005,16,,,1,14,,47991,16,,,1,18,,48002,16,,,1,61,,48003,16,,,1,22,,47992,16,,,1,59,,47998,16,,,1,21,,47982,16,,,1,20,,48015,16,,,1,60,,48022,16,,,1,26,,47993,16,,,1,97,,48016,16,,,1,101,,47999,16,,,1,100,,47996,16,,,1,99,,48000,16,,,1,102,,48001,16,,,1
83101,'Semaine-5-_26ÉTÉ-1111100-',807,,63452,16,,,1
