9301,'Semaine-1-_26ÉTÉ-1111100-',555,,60130,15,,,1,60,,60128,15,,,1,20,,60127,15,,,1,71,,60131,15,,,2,30,,60129,15,,,1
9301,'Semaine-10-_26ÉTÉ-1111100-',555,,60135,15,,,1,60,,60133,15,,,1,20,,60132,15,,,1,71,,60136,15,,,2,30,,60134,15,,,1
9301,'Semaine-11-_26ÉTÉ-1111100-',555,,60140,15,,,1,60,,60138,15,,,1,20,,60137,15,,,1,71,,60141,15,,,2,30,,60139,15,,,1
9301,'Semaine-12-_26ÉTÉ-1111100-',555,,60145,15,,,1,60,,60143,15,,,1,20,,60142,15,,,1,71,,60146,15,,,2,30,,60144,15,,,1
9401,'Semaine-1-_26ÉTÉ-1111100-',536,,60152,15,,,1
9401,'Semaine-10-_26ÉTÉ-1111100-',536,,60153,15,,,1
9401,'Semaine-11-_26ÉTÉ-1111100-',536,,60154,15,,,1
9401,'Semaine-12-_26ÉTÉ-1111100-',536,,60155,15,,,1
9701,'Samedi-0-_26ÉTÉ-0000010-',759,,60417,60,,,2,100,,60420,60,,,1,141,,60418,60,,,2,100,,60421,60,,,2,100,,60415,60,,,1,100,,60416,60,,,1,101,,60419,60,,,2,100,,60422,60,,,2,100,,60423,60,,,1,100,,60424,60,,,2,100,,60425,60,,,2,100,,60426,60,,,1,100,,60430,60,,,1,100,,60427,60,,,1,99,,60428,60,,,1,100,,60429,60,,,1
9701,'Dimanche-0-_26ÉTÉ-0000001-',759,,60437,60,,,2,100,,60434,60,,,1,141,,60435,60,,,2,100,,60438,60,,,2,100,,60433,60,,,1,100,,60432,60,,,1,101,,60431,60,,,2,100,,60436,60,,,2,100,,60440,60,,,1,100,,60439,60,,,2,100,,60444,60,,,2,100,,60445,60,,,1,100,,60446,60,,,1,100,,60441,60,,,1,99,,60442,60,,,1,100,,60443,60,,,1
9701,'Dimanche-10-_26ÉTÉ-0000001-',759,,60453,60,,,2,100,,60450,60,,,1,141,,60451,60,,,2,100,,60454,60,,,2,100,,60449,60,,,1,100,,60448,60,,,1,101,,60447,60,,,2,100,,60452,60,,,2,100,,60456,60,,,1,100,,60455,60,,,2,100,,60460,60,,,2,100,,60461,60,,,1,100,,60462,60,,,1,100,,60457,60,,,1,99,,60458,60,,,1,100,,60459,60,,,1
9701,'Dimanche-11-_26ÉTÉ-0000001-',759,,60469,60,,,2,100,,60466,60,,,1,141,,60467,60,,,2,100,,60470,60,,,2,100,,60465,60,,,1,100,,60464,60,,,1,101,,60463,60,,,2,100,,60468,60,,,2,100,,60472,60,,,1,100,,60471,60,,,2,100,,60476,60,,,2,100,,60477,60,,,1,100,,60478,60,,,1,100,,60473,60,,,1,99,,60474,60,,,1,100,,60475,60,,,1
9701,'Semaine-1-_26ÉTÉ-1111100-',641,,60493,60,,,1,99,,60486,60,,,2,111,,60495,60,,,1,103,,60484,60,,,2,99,,60481,60,,,1,100,,60494,60,,,2,98,,60489,60,,,2,101,,60485,60,,,1,101,,60491,60,,,2,103,,60479,60,,,1,97,,60482,60,,,1,99,,60490,60,,,1,96,,60492,60,,,2,96,,60483,60,,,2,97,,60487,60,,,1,100,,60480,60,,,2,99,,60488,60,,,1
9701,'Semaine-10-_26ÉTÉ-1111100-',641,,60510,60,,,1,99,,60503,60,,,2,111,,60512,60,,,1,103,,60501,60,,,2,99,,60498,60,,,1,100,,60511,60,,,2,98,,60506,60,,,2,101,,60502,60,,,1,101,,60508,60,,,2,103,,60496,60,,,1,97,,60499,60,,,1,99,,60507,60,,,1,96,,60509,60,,,2,96,,60500,60,,,2,97,,60504,60,,,1,100,,60497,60,,,2,99,,60505,60,,,1
9701,'Semaine-11-_26ÉTÉ-1111100-',641,,60527,60,,,1,99,,60520,60,,,2,111,,60529,60,,,1,103,,60518,60,,,2,99,,60515,60,,,1,100,,60528,60,,,2,98,,60523,60,,,2,101,,60519,60,,,1,101,,60525,60,,,2,103,,60513,60,,,1,97,,60516,60,,,1,99,,60524,60,,,1,96,,60526,60,,,2,96,,60517,60,,,2,97,,60521,60,,,1,100,,60514,60,,,2,99,,60522,60,,,1
9701,'Semaine-12-_26ÉTÉ-1111100-',641,,60544,60,,,1,99,,60537,60,,,2,111,,60546,60,,,1,103,,60535,60,,,2,99,,60532,60,,,1,100,,60545,60,,,2,98,,60540,60,,,2,101,,60536,60,,,1,101,,60542,60,,,2,103,,60530,60,,,1,97,,60533,60,,,1,99,,60541,60,,,1,96,,60543,60,,,2,96,,60534,60,,,2,97,,60538,60,,,1,100,,60531,60,,,2,99,,60539,60,,,1
