7700,'Samedi-0-_26ÉTÉ-0000010-',745,,59331,4,,,1,100,,59330,4,,,2,100,,59329,4,,,2,100,,59334,4,,,1,100,,59332,4,,,1,100,,59333,4,,,1,100,,59335,4,,,1,102,,59336,4,,,1,98,,59337,4,,,1,100,,59338,4,,,1,100,,59339,4,,,1,100,,59340,4,,,1,100,,59341,4,,,1,100,,59344,4,,,1,100,,59342,4,,,1,100,,59343,4,,,2
7700,'Dimanche-0-_26ÉTÉ-0000001-',745,,59345,4,,,1,100,,59349,4,,,2,100,,59351,4,,,2,100,,59346,4,,,1,100,,59350,4,,,1,100,,59352,4,,,1,100,,59347,4,,,1,102,,59348,4,,,1,98,,59353,4,,,1,100,,59354,4,,,1,100,,59357,4,,,1,100,,59359,4,,,1,100,,59358,4,,,1,100,,59360,4,,,1,100,,59355,4,,,1,100,,59356,4,,,2
7700,'Dimanche-10-_26ÉTÉ-0000001-',745,,59361,4,,,1,100,,59365,4,,,2,100,,59367,4,,,2,100,,59362,4,,,1,100,,59366,4,,,1,100,,59368,4,,,1,100,,59363,4,,,1,102,,59364,4,,,1,98,,59369,4,,,1,100,,59370,4,,,1,100,,59373,4,,,1,100,,59375,4,,,1,100,,59374,4,,,1,100,,59376,4,,,1,100,,59371,4,,,1,100,,59372,4,,,2
7700,'Dimanche-11-_26ÉTÉ-0000001-',745,,59377,4,,,1,100,,59381,4,,,2,100,,59383,4,,,2,100,,59378,4,,,1,100,,59382,4,,,1,100,,59384,4,,,1,100,,59379,4,,,1,102,,59380,4,,,1,98,,59385,4,,,1,100,,59386,4,,,1,100,,59389,4,,,1,100,,59391,4,,,1,100,,59390,4,,,1,100,,59392,4,,,1,100,,59387,4,,,1,100,,59388,4,,,2
7700,'Semaine-1-_26ÉTÉ-1111100-',523,,59418,4,,,1,29,,59403,4,,,1,70,,59405,4,,,1,30,,59395,4,,,1,72,,59406,4,,,2,28,,59417,4,,,2,67,,59402,4,,,2,30,,59407,4,,,2,70,,59422,4,,,2,30,,59408,4,,,2,70,,59423,4,,,1,30,,59409,4,,,1,70,,59424,4,,,1,30,,59410,4,,,1,70,,59421,4,,,1,30,,59411,4,,,1,70,,59420,4,,,1,30,,59412,4,,,1,72,,59419,4,,,2,28,,59394,4,,,2,70,,59414,4,,,1,30,,59399,4,,,2,70,,59413,4,,,2,30,,59397,4,,,1,70,,59415,4,,,1,30,,59398,4,,,1,70,,59404,4,,,1,30,,59416,4,,,1,100,,59400,4,,,2,100,,59401,4,,,2,100,,59396,4,,,2,100,,59393,4,,,1
7700,'Semaine-10-_26ÉTÉ-1111100-',523,,59450,4,,,1,29,,59435,4,,,1,70,,59437,4,,,1,30,,59427,4,,,1,72,,59438,4,,,2,28,,59449,4,,,2,67,,59434,4,,,2,30,,59439,4,,,2,70,,59454,4,,,2,30,,59440,4,,,2,70,,59455,4,,,1,30,,59441,4,,,1,70,,59456,4,,,1,30,,59442,4,,,1,70,,59453,4,,,1,30,,59443,4,,,1,70,,59452,4,,,1,30,,59444,4,,,1,72,,59451,4,,,2,28,,59426,4,,,2,70,,59446,4,,,2,30,,59431,4,,,2,70,,59445,4,,,2,30,,59429,4,,,1,70,,59447,4,,,1,30,,59430,4,,,1,70,,59436,4,,,1,30,,59448,4,,,1,100,,59432,4,,,2,100,,59433,4,,,2,100,,59428,4,,,2,100,,59425,4,,,1
7700,'Semaine-11-_26ÉTÉ-1111100-',523,,59482,4,,,1,29,,59467,4,,,1,70,,59469,4,,,1,30,,59459,4,,,1,72,,59470,4,,,2,28,,59481,4,,,2,67,,59466,4,,,2,30,,59471,4,,,2,70,,59486,4,,,2,30,,59472,4,,,2,70,,59487,4,,,1,30,,59473,4,,,1,70,,59488,4,,,1,30,,59474,4,,,1,70,,59485,4,,,1,30,,59475,4,,,1,70,,59484,4,,,1,30,,59476,4,,,1,72,,59483,4,,,2,28,,59458,4,,,2,70,,59478,4,,,1,30,,59463,4,,,2,70,,59477,4,,,2,30,,59461,4,,,1,70,,59479,4,,,1,30,,59462,4,,,1,70,,59468,4,,,1,30,,59480,4,,,1,100,,59464,4,,,2,100,,59465,4,,,2,100,,59460,4,,,2,100,,59457,4,,,1
7700,'Semaine-12-_26ÉTÉ-1111100-',523,,59514,4,,,1,29,,59499,4,,,1,70,,59501,4,,,1,30,,59491,4,,,1,72,,59502,4,,,2,28,,59513,4,,,2,67,,59498,4,,,2,30,,59503,4,,,2,70,,59518,4,,,2,30,,59504,4,,,2,70,,59519,4,,,1,30,,59505,4,,,1,70,,59520,4,,,1,30,,59506,4,,,1,70,,59517,4,,,1,30,,59507,4,,,1,70,,59516,4,,,1,30,,59508,4,,,1,72,,59515,4,,,2,28,,59490,4,,,2,70,,59510,4,,,1,30,,59495,4,,,2,70,,59509,4,,,2,30,,59493,4,,,1,70,,59511,4,,,1,30,,59494,4,,,1,70,,59500,4,,,1,30,,59512,4,,,1,100,,59496,4,,,2,100,,59497,4,,,2,100,,59492,4,,,2,100,,59489,4,,,1
7700,'Semaine-5-_26ÉTÉ-1111100-',523,,59546,4,,,1,29,,59531,4,,,1,70,,59533,4,,,1,30,,59523,4,,,1,72,,59534,4,,,2,28,,59545,4,,,2,67,,59530,4,,,2,30,,59535,4,,,2,70,,59550,4,,,2,30,,59536,4,,,2,70,,59551,4,,,1,30,,59537,4,,,1,70,,59552,4,,,1,30,,59538,4,,,1,70,,59549,4,,,1,30,,59539,4,,,1,70,,59548,4,,,1,30,,59540,4,,,1,72,,59547,4,,,2,28,,59522,4,,,2,70,,59542,4,,,1,30,,59527,4,,,2,70,,59541,4,,,2,30,,59525,4,,,1,70,,59543,4,,,1,30,,59526,4,,,1,70,,59532,4,,,1,30,,59544,4,,,1,100,,59528,4,,,2,100,,59529,4,,,2,100,,59524,4,,,2,100,,59521,4,,,1
7800,'Samedi-0-_26ÉTÉ-0000010-',815,,59556,4,,,1,100,,59555,4,,,2,100,,59553,4,,,2,100,,59558,4,,,1,100,,59554,4,,,1,100,,59557,4,,,1,99,,59559,4,,,1,101,,59560,4,,,1,100,,59561,4,,,1,100,,59562,4,,,1,100,,59563,4,,,1,100,,59564,4,,,2,100,,59565,4,,,1,100,,59566,4,,,1,100,,59567,4,,,1,100,,59568,4,,,2
7800,'Dimanche-0-_26ÉTÉ-0000001-',815,,59569,4,,,1,100,,59573,4,,,2,100,,59575,4,,,2,100,,59570,4,,,1,100,,59574,4,,,1,100,,59576,4,,,1,99,,59571,4,,,1,101,,59572,4,,,1,100,,59577,4,,,1,100,,59580,4,,,1,100,,59582,4,,,1,100,,59581,4,,,2,100,,59583,4,,,1,100,,59584,4,,,1,100,,59578,4,,,1,100,,59579,4,,,2
7800,'Dimanche-10-_26ÉTÉ-0000001-',815,,59585,4,,,1,100,,59589,4,,,2,100,,59591,4,,,2,100,,59586,4,,,1,100,,59590,4,,,1,100,,59592,4,,,1,99,,59587,4,,,1,101,,59588,4,,,1,100,,59593,4,,,1,100,,59596,4,,,1,100,,59598,4,,,1,100,,59597,4,,,2,100,,59599,4,,,1,100,,59600,4,,,1,100,,59594,4,,,1,100,,59595,4,,,2
7800,'Dimanche-11-_26ÉTÉ-0000001-',815,,59601,4,,,1,100,,59605,4,,,2,100,,59607,4,,,2,100,,59602,4,,,1,100,,59606,4,,,1,100,,59608,4,,,1,99,,59603,4,,,1,101,,59604,4,,,1,100,,59609,4,,,1,100,,59612,4,,,1,100,,59614,4,,,1,100,,59613,4,,,2,100,,59615,4,,,1,100,,59616,4,,,1,100,,59610,4,,,1,100,,59611,4,,,2
7800,'Semaine-1-_26ÉTÉ-1111100-',447,,59629,4,,,1,60,,59630,4,,,1,30,,59619,4,,,1,70,,59631,4,,,2,30,,59617,4,,,2,70,,59632,4,,,2,30,,59641,4,,,2,65,,59622,4,,,1,34,,59633,4,,,1,68,,59634,4,,,2,30,,59645,4,,,2,70,,59635,4,,,1,30,,59646,4,,,2,70,,59636,4,,,1,30,,59647,4,,,1,70,,59637,4,,,1,30,,59648,4,,,2,70,,59638,4,,,1,30,,59649,4,,,1,70,,59639,4,,,1,30,,59624,4,,,2,70,,59640,4,,,1,29,,59618,4,,,1,69,,59627,4,,,1,32,,59642,4,,,1,72,,59626,4,,,1,28,,59650,4,,,1,70,,59643,4,,,1,30,,59620,4,,,1,85,,59644,4,,,1,98,,59625,4,,,1,102,,59628,4,,,1,100,,59621,4,,,2,100,,59623,4,,,1
7800,'Semaine-10-_26ÉTÉ-1111100-',447,,59663,4,,,1,60,,59664,4,,,1,30,,59653,4,,,1,70,,59665,4,,,2,30,,59651,4,,,2,70,,59666,4,,,2,30,,59675,4,,,2,65,,59656,4,,,1,34,,59667,4,,,1,68,,59668,4,,,2,30,,59679,4,,,2,70,,59669,4,,,1,30,,59680,4,,,2,70,,59670,4,,,1,30,,59681,4,,,1,70,,59671,4,,,1,30,,59682,4,,,2,70,,59672,4,,,1,30,,59683,4,,,1,70,,59673,4,,,1,30,,59658,4,,,1,70,,59674,4,,,1,29,,59652,4,,,1,69,,59661,4,,,1,32,,59676,4,,,1,72,,59660,4,,,1,28,,59684,4,,,1,70,,59677,4,,,1,30,,59654,4,,,1,85,,59678,4,,,1,98,,59659,4,,,1,102,,59662,4,,,1,100,,59655,4,,,2,100,,59657,4,,,1
7800,'Semaine-11-_26ÉTÉ-1111100-',447,,59697,4,,,1,60,,59698,4,,,1,30,,59687,4,,,1,70,,59699,4,,,2,30,,59685,4,,,2,70,,59700,4,,,2,30,,59709,4,,,2,65,,59690,4,,,1,34,,59701,4,,,1,68,,59702,4,,,2,30,,59713,4,,,2,70,,59703,4,,,1,30,,59714,4,,,2,70,,59704,4,,,1,30,,59715,4,,,1,70,,59705,4,,,1,30,,59716,4,,,2,70,,59706,4,,,1,30,,59717,4,,,1,70,,59707,4,,,1,30,,59692,4,,,2,70,,59708,4,,,1,29,,59686,4,,,1,69,,59695,4,,,1,32,,59710,4,,,1,72,,59694,4,,,1,28,,59718,4,,,1,70,,59711,4,,,1,30,,59688,4,,,1,85,,59712,4,,,1,98,,59693,4,,,1,102,,59696,4,,,1,100,,59689,4,,,2,100,,59691,4,,,1
7800,'Semaine-12-_26ÉTÉ-1111100-',447,,59731,4,,,1,60,,59732,4,,,1,30,,59721,4,,,1,70,,59733,4,,,2,30,,59719,4,,,2,70,,59734,4,,,2,30,,59743,4,,,2,65,,59724,4,,,1,34,,59735,4,,,1,68,,59736,4,,,2,30,,59747,4,,,2,70,,59737,4,,,1,30,,59748,4,,,2,70,,59738,4,,,1,30,,59749,4,,,1,70,,59739,4,,,1,30,,59750,4,,,2,70,,59740,4,,,1,30,,59751,4,,,1,70,,59741,4,,,1,30,,59726,4,,,2,70,,59742,4,,,1,29,,59720,4,,,1,69,,59729,4,,,1,32,,59744,4,,,1,72,,59728,4,,,1,28,,59752,4,,,1,70,,59745,4,,,1,30,,59722,4,,,1,85,,59746,4,,,1,98,,59727,4,,,1,102,,59730,4,,,1,100,,59723,4,,,2,100,,59725,4,,,1
7800,'Semaine-5-_26ÉTÉ-1111100-',447,,59765,4,,,1,60,,59766,4,,,1,30,,59755,4,,,1,70,,59767,4,,,2,30,,59753,4,,,2,70,,59768,4,,,2,30,,59777,4,,,2,65,,59758,4,,,1,34,,59769,4,,,1,68,,59770,4,,,2,30,,59781,4,,,2,70,,59771,4,,,1,30,,59782,4,,,2,70,,59772,4,,,1,30,,59783,4,,,1,70,,59773,4,,,1,30,,59784,4,,,2,70,,59774,4,,,1,30,,59785,4,,,1,70,,59775,4,,,1,30,,59760,4,,,2,70,,59776,4,,,1,29,,59754,4,,,1,69,,59763,4,,,1,32,,59778,4,,,1,72,,59762,4,,,1,28,,59786,4,,,1,70,,59779,4,,,1,30,,59756,4,,,1,85,,59780,4,,,1,98,,59761,4,,,1,102,,59764,4,,,1,100,,59757,4,,,2,100,,59759,4,,,1
