6501,'Samedi-10-_26ÉTÉ-0000010-',746,,42942,13,,,1,100,,42940,13,,,2,100,,42939,13,,,1,100,,42937,13,,,1,100,,42936,13,,,1,100,,42938,13,,,1,100,,42941,13,,,1,100,,42943,13,,,1,100,,42944,13,,,1,100,,42945,13,,,1,100,,42946,13,,,1,100,,42950,13,,,1,100,,42947,13,,,1,100,,42948,13,,,1,100,,42949,13,,,1,100,,42951,13,,,2,100,,42952,13,,,1
6501,'Semaine-2-_26ÉTÉ-1111100-',537,,42970,13,,,1,70,,42984,13,,,1,20,,42953,13,,,1,20,,42969,13,,,1,60,,42985,13,,,1,20,,42972,13,,,1,20,,42974,13,,,1,60,,42964,13,,,2,20,,42967,13,,,2,20,,42955,13,,,1,60,,42981,13,,,2,30,,42956,13,,,1,100,,42957,13,,,2,100,,42982,13,,,1,101,,42975,13,,,2,100,,42971,13,,,2,100,,42976,13,,,1,70,,42966,13,,,2,30,,42954,13,,,2,18,,42960,13,,,2,62,,42979,13,,,2,20,,42983,13,,,1,18,,42961,13,,,1,62,,42980,13,,,1,20,,42958,13,,,2,20,,42962,13,,,1,69,,42978,13,,,1,30,,42968,13,,,2,70,,42963,13,,,1,100,,42977,13,,,1,100,,42973,13,,,1,100,,42965,13,,,1,100,,42959,13,,,1
6501,'Semaine-3-_26ÉTÉ-1111100-',537,,43003,13,,,1,70,,43017,13,,,1,20,,42986,13,,,1,20,,43002,13,,,1,60,,43018,13,,,1,20,,43005,13,,,1,20,,43007,13,,,1,60,,42997,13,,,2,20,,43000,13,,,2,20,,42988,13,,,1,60,,43014,13,,,2,30,,42989,13,,,1,100,,42990,13,,,2,100,,43015,13,,,1,101,,43008,13,,,2,100,,43004,13,,,2,100,,43009,13,,,1,70,,42999,13,,,2,30,,42987,13,,,2,18,,42993,13,,,2,62,,43012,13,,,2,20,,43016,13,,,1,18,,42994,13,,,1,62,,43013,13,,,1,20,,42991,13,,,2,20,,42995,13,,,1,69,,43011,13,,,1,30,,43001,13,,,2,70,,42996,13,,,1,100,,43010,13,,,1,100,,43006,13,,,1,100,,42998,13,,,1,100,,42992,13,,,1
6501,'Semaine-4-_26ÉTÉ-1111100-',537,,43036,13,,,1,70,,43050,13,,,1,20,,43019,13,,,1,20,,43035,13,,,1,60,,43051,13,,,1,20,,43038,13,,,1,20,,43040,13,,,1,60,,43030,13,,,2,20,,43033,13,,,2,20,,43021,13,,,1,60,,43047,13,,,2,30,,43022,13,,,1,100,,43023,13,,,2,100,,43048,13,,,1,101,,43041,13,,,2,100,,43037,13,,,2,100,,43042,13,,,1,70,,43032,13,,,2,30,,43020,13,,,2,18,,43026,13,,,2,62,,43045,13,,,2,20,,43049,13,,,1,18,,43027,13,,,1,62,,43046,13,,,1,20,,43024,13,,,2,20,,43028,13,,,1,69,,43044,13,,,1,30,,43034,13,,,2,70,,43029,13,,,1,100,,43043,13,,,1,100,,43039,13,,,1,100,,43031,13,,,1,100,,43025,13,,,1
8501,'Semaine-2-_26ÉTÉ-1111100-',525,,45214,9,,,1,29,,45216,9,,,1,64,,45219,9,,,1,18,,45218,9,,,2,14,,45223,9,,,2,57,,45215,9,,,2,15,,45221,9,,,1,15,,45217,9,,,2,15,,45222,9,,,1,60,,45220,9,,,1
8501,'Semaine-3-_26ÉTÉ-1111100-',525,,45224,9,,,1,29,,45226,9,,,1,64,,45229,9,,,1,18,,45228,9,,,2,14,,45233,9,,,2,57,,45225,9,,,2,15,,45231,9,,,1,15,,45227,9,,,2,15,,45232,9,,,1,60,,45230,9,,,1
8501,'Semaine-4-_26ÉTÉ-1111100-',525,,45234,9,,,1,29,,45236,9,,,1,64,,45239,9,,,1,18,,45238,9,,,2,14,,45243,9,,,2,57,,45235,9,,,2,15,,45241,9,,,1,15,,45237,9,,,2,15,,45242,9,,,1,60,,45240,9,,,1
57101,'Semaine-2-_26ÉTÉ-1111100-',700,,46773,33,,,1
57101,'Semaine-3-_26ÉTÉ-1111100-',700,,46774,33,,,1
57101,'Semaine-4-_26ÉTÉ-1111100-',700,,46775,33,,,1
