3700,'Samedi-10-_26ÉTÉ-0000010-',733,,40267,20,,,1,100,,40268,20,,,1,101,,40270,20,,,1,101,,40271,20,,,1,100,,40269,20,,,1,101,,40272,20,,,1,100,,40273,20,,,1,101,,40274,20,,,1,99,,40275,20,,,1,100,,40276,20,,,1,100,,40277,20,,,1,99,,40278,20,,,1,99,,40279,20,,,1,100,,40280,20,,,1,100,,40281,20,,,1,100,,40282,20,,,1,98,,40283,20,,,1,100,,40284,20,,,1
3700,'Semaine-2-_26ÉTÉ-1111100-',653,,40306,20,,,1,81,,40312,20,,,1,70,,40303,20,,,1,32,,40287,20,,,1,68,,40301,20,,,1,50,,40293,20,,,1,100,,40289,20,,,1,100,,40290,20,,,1,100,,40291,20,,,1,101,,40292,20,,,1,100,,40298,20,,,1,87,,40299,20,,,1,17,,40300,20,,,1,55,,40286,20,,,1,15,,40308,20,,,1,24,,40295,20,,,1,72,,40304,20,,,1,21,,40294,20,,,1,68,,40288,20,,,1,29,,40285,20,,,1,67,,40296,20,,,1,32,,40311,20,,,1,68,,40302,20,,,1,35,,40313,20,,,1,99,,40309,20,,,1,99,,40297,20,,,1,100,,40307,20,,,1,99,,40310,20,,,1,15,,40305,20,,,1
3700,'Semaine-3-_26ÉTÉ-1111100-',653,,40335,20,,,1,81,,40341,20,,,1,70,,40332,20,,,1,32,,40316,20,,,1,68,,40330,20,,,1,50,,40322,20,,,1,100,,40318,20,,,1,100,,40319,20,,,1,100,,40320,20,,,1,101,,40321,20,,,1,100,,40327,20,,,1,87,,40328,20,,,1,17,,40329,20,,,1,55,,40315,20,,,1,15,,40337,20,,,1,24,,40324,20,,,1,72,,40333,20,,,1,21,,40323,20,,,1,68,,40317,20,,,1,29,,40314,20,,,1,67,,40325,20,,,1,32,,40340,20,,,1,68,,40331,20,,,1,35,,40342,20,,,1,99,,40338,20,,,1,99,,40326,20,,,1,100,,40336,20,,,1,99,,40339,20,,,1,15,,40334,20,,,1
3700,'Semaine-4-_26ÉTÉ-1111100-',653,,40364,20,,,1,81,,40370,20,,,1,70,,40361,20,,,1,32,,40345,20,,,1,68,,40359,20,,,1,50,,40351,20,,,1,100,,40347,20,,,1,100,,40348,20,,,1,100,,40349,20,,,1,101,,40350,20,,,1,100,,40356,20,,,1,87,,40357,20,,,1,17,,40358,20,,,1,55,,40344,20,,,1,15,,40366,20,,,1,24,,40353,20,,,1,72,,40362,20,,,1,21,,40352,20,,,1,68,,40346,20,,,1,29,,40343,20,,,1,67,,40354,20,,,1,32,,40369,20,,,1,68,,40360,20,,,1,35,,40371,20,,,1,99,,40367,20,,,1,99,,40355,20,,,1,100,,40365,20,,,1,99,,40368,20,,,1,15,,40363,20,,,1
3800,'Samedi-10-_26ÉTÉ-0000010-',744,,40471,18,,,1,72,,40464,18,,,1,23,,40465,18,,,1,77,,40476,18,,,1,28,,40468,18,,,1,72,,40466,18,,,1,29,,40477,18,,,1,72,,40469,18,,,1,29,,40475,18,,,1,72,,40467,18,,,1,27,,40470,18,,,1,73,,40474,18,,,1,27,,40472,18,,,1,72,,40473,18,,,1,28,,40478,18,,,1,74,,40479,18,,,1,27,,40480,18,,,1,73,,40481,18,,,1,24,,40482,18,,,1,74,,40483,18,,,1,27,,40484,18,,,1,73,,40485,18,,,1,27,,40486,18,,,1,73,,40487,18,,,1,28,,40488,18,,,1,71,,40489,18,,,1,29,,40491,18,,,1,71,,40490,18,,,1,29,,40493,18,,,1,70,,40492,18,,,1,30,,40494,18,,,1,70,,40495,18,,,1,30,,40496,18,,,1
3800,'Semaine-2-_26ÉTÉ-1111100-',659,,40513,18,,,1,60,,40529,18,,,1,31,,40524,18,,,1,70,,40537,18,,,1,30,,40534,18,,,1,70,,40510,18,,,1,20,,40506,18,,,1,60,,40517,18,,,1,20,,40502,18,,,1,20,,40526,18,,,1,60,,40511,18,,,1,21,,40507,18,,,1,20,,40518,18,,,1,60,,40503,18,,,1,20,,40525,18,,,1,20,,40536,18,,,1,60,,40508,18,,,1,20,,40519,18,,,1,20,,40527,18,,,1,60,,40538,18,,,1,20,,40512,18,,,1,21,,40509,18,,,1,62,,40520,18,,,1,30,,40533,18,,,1,72,,40498,18,,,1,30,,40522,18,,,1,76,,40531,18,,,1,25,,40521,18,,,1,65,,40535,18,,,1,27,,40501,18,,,1,29,,40532,18,,,1,70,,40515,18,,,1,30,,40523,18,,,1,69,,40528,18,,,1,30,,40530,18,,,1,70,,40514,18,,,1,30,,40500,18,,,1,70,,40516,18,,,1,30,,40504,18,,,1,70,,40499,18,,,1,30,,40497,18,,,1,68,,40505,18,,,1
3800,'Semaine-3-_26ÉTÉ-1111100-',659,,40555,18,,,1,60,,40571,18,,,1,31,,40566,18,,,1,70,,40579,18,,,1,30,,40576,18,,,1,70,,40552,18,,,1,20,,40548,18,,,1,60,,40559,18,,,1,20,,40544,18,,,1,20,,40568,18,,,1,60,,40553,18,,,1,21,,40549,18,,,1,20,,40560,18,,,1,60,,40545,18,,,1,20,,40567,18,,,1,20,,40578,18,,,1,60,,40550,18,,,1,20,,40561,18,,,1,20,,40569,18,,,1,60,,40580,18,,,1,20,,40554,18,,,1,21,,40551,18,,,1,62,,40562,18,,,1,30,,40575,18,,,1,72,,40540,18,,,1,30,,40564,18,,,1,76,,40573,18,,,1,25,,40563,18,,,1,65,,40577,18,,,1,27,,40543,18,,,1,29,,40574,18,,,1,70,,40557,18,,,1,30,,40565,18,,,1,69,,40570,18,,,1,30,,40572,18,,,1,70,,40556,18,,,1,30,,40542,18,,,1,70,,40558,18,,,1,30,,40546,18,,,1,70,,40541,18,,,1,30,,40539,18,,,1,68,,40547,18,,,1
3800,'Semaine-4-_26ÉTÉ-1111100-',659,,40597,18,,,1,60,,40613,18,,,1,31,,40608,18,,,1,70,,40621,18,,,1,30,,40618,18,,,1,70,,40594,18,,,1,20,,40590,18,,,1,60,,40601,18,,,1,20,,40586,18,,,1,20,,40610,18,,,1,60,,40595,18,,,1,21,,40591,18,,,1,20,,40602,18,,,1,60,,40587,18,,,1,20,,40609,18,,,1,20,,40620,18,,,1,60,,40592,18,,,1,20,,40603,18,,,1,20,,40611,18,,,1,60,,40622,18,,,1,20,,40596,18,,,1,21,,40593,18,,,1,62,,40604,18,,,1,30,,40617,18,,,1,72,,40582,18,,,1,30,,40606,18,,,1,76,,40615,18,,,1,25,,40605,18,,,1,65,,40619,18,,,1,27,,40585,18,,,1,29,,40616,18,,,1,70,,40599,18,,,1,30,,40607,18,,,1,69,,40612,18,,,1,30,,40614,18,,,1,70,,40598,18,,,1,30,,40584,18,,,1,70,,40600,18,,,1,30,,40588,18,,,1,70,,40583,18,,,1,30,,40581,18,,,1,68,,40589,18,,,1
32900,'Semaine-2-_26ÉTÉ-1111100-',834,,45844,33,0,7 8,1
32900,'Semaine-3-_26ÉTÉ-1111100-',834,,45845,33,0,7 8,1
32900,'Semaine-4-_26ÉTÉ-1111100-',834,,45846,33,0,7 8,1
37100,'Samedi-10-_26ÉTÉ-0000010-',803,,45853,20,,,1,102,,45857,20,,,1,99,,45852,20,,,1,101,,45858,20,,,1,100,,45854,20,,,1,100,,45855,20,,,1,100,,45856,20,,,1,102,,45859,20,,,1,100,,45860,20,,,1,100,,45861,20,,,1,99,,45862,20,,,1,99,,45863,20,,,1,100,,45864,20,,,1,98,,45865,20,,,1,100,,45866,20,,,1,100,,45867,20,,,1,99,,45868,20,,,1
37100,'Semaine-2-_26ÉTÉ-1111100-',712,,45882,20,,,1,33,,45879,20,,,1,70,,45875,20,,,1,29,,45870,20,,,1,90,,45889,20,,,1,97,,45874,20,,,1,102,,45876,20,,,1,100,,45888,20,,,1,100,,45883,20,,,1,103,,45872,20,,,1,92,,45884,20,,,1,18,,45893,20,,,1,57,,45873,20,,,1,15,,45894,20,,,1,25,,45869,20,,,1,61,,45878,20,,,1,30,,45885,20,,,1,23,,45891,20,,,1,67,,45890,20,,,1,30,,45880,20,,,1,68,,45892,20,,,1,30,,45895,20,,,1,70,,45881,20,,,1,95,,45877,20,,,1,100,,45887,20,,,1,100,,45886,20,,,1,98,,45871,20,,,1
37100,'Semaine-3-_26ÉTÉ-1111100-',712,,45909,20,,,1,33,,45906,20,,,1,70,,45902,20,,,1,29,,45897,20,,,1,90,,45916,20,,,1,97,,45901,20,,,1,102,,45903,20,,,1,100,,45915,20,,,1,100,,45910,20,,,1,103,,45899,20,,,1,92,,45911,20,,,1,18,,45920,20,,,1,57,,45900,20,,,1,15,,45921,20,,,1,25,,45896,20,,,1,61,,45905,20,,,1,30,,45912,20,,,1,23,,45918,20,,,1,67,,45917,20,,,1,30,,45907,20,,,1,68,,45919,20,,,1,30,,45922,20,,,1,70,,45908,20,,,1,95,,45904,20,,,1,100,,45914,20,,,1,100,,45913,20,,,1,98,,45898,20,,,1
37100,'Semaine-4-_26ÉTÉ-1111100-',712,,45936,20,,,1,33,,45933,20,,,1,70,,45929,20,,,1,29,,45924,20,,,1,90,,45943,20,,,1,97,,45928,20,,,1,102,,45930,20,,,1,100,,45942,20,,,1,100,,45937,20,,,1,103,,45926,20,,,1,92,,45938,20,,,1,18,,45947,20,,,1,57,,45927,20,,,1,15,,45948,20,,,1,25,,45923,20,,,1,61,,45932,20,,,1,30,,45939,20,,,1,23,,45945,20,,,1,67,,45944,20,,,1,30,,45934,20,,,1,68,,45946,20,,,1,30,,45949,20,,,1,70,,45935,20,,,1,95,,45931,20,,,1,100,,45941,20,,,1,100,,45940,20,,,1,98,,45925,20,,,1
43700,'Semaine-2-_26ÉTÉ-1111100-',730,,46755,16,,,1
43700,'Semaine-3-_26ÉTÉ-1111100-',730,,46756,16,,,1
43700,'Semaine-4-_26ÉTÉ-1111100-',730,,46757,16,,,1
57601,'Semaine-2-_26ÉTÉ-1111100-',733,,46776,30,,,2
57601,'Semaine-3-_26ÉTÉ-1111100-',733,,46777,30,,,2
57601,'Semaine-4-_26ÉTÉ-1111100-',733,,46778,30,,,2
