2301,'Semaine-3',623,,24584,20,,,1,30,,24581,20,,,2,71,,24585,20,,,1,32,,24583,20,,,2,70,,24582,20,,,2
2501,'Semaine-3',609,,24596,27,,,1,29,,24595,27,,,1,72,,24593,27,,,1,30,,24594,27,,,2,70,,24597,27,,,1,31,,24592,27,,,1
2601,'Semaine-3',602,,24604,21,,,1,30,,24606,21,,,1,71,,24607,21,,,2,33,,24605,21,,,1,72,,24603,21,,,1
2801,'Semaine-3',654,,24621,23,,,2,69,,24622,23,,,1,101,,24620,23,,,1
3201,'Semaine-3',521,,24929,19,,,1,21,,24928,19,,,1,59,,24920,19,,,1,20,,24930,19,,,1,9,,24910,19,,,1,9,,24931,19,,,1,10,,24911,19,,,2,10,,24912,19,,,1,49,,24904,19,,,1,9,,24907,19,,,1,7,,24933,19,,,1,9,,24913,19,,,1,9,,24908,19,,,1,9,,24921,19,,,1,8,,24903,19,,,2,46,,24914,19,,,1,8,,24932,19,,,1,9,,24902,19,,,1,11,,24901,19,,,1,11,,24906,19,,,1,6,,24909,19,,,1,50,,24915,19,,,2,21,,24889,19,,,2,30,,24899,19,,,1,70,,24892,19,,,1,30,,24895,19,,,2,70,,24888,19,,,2,30,,24898,19,,,1,70,,24893,19,,,1,30,,24900,19,,,1,71,,24882,19,,,1,29,,24887,19,,,1,71,,24894,19,,,1,30,,24905,19,,,1,70,,24922,19,,,1,30,,24923,19,,,1,70,,24924,19,,,2,30,,24925,19,,,2,71,,24926,19,,,1,29,,24927,19,,,1,70,,24885,19,,,2,30,,24883,19,,,1,69,,24896,19,,,1,30,,24891,19,,,1,70,,24886,19,,,2,30,,24884,19,,,1,70,,24897,19,,,1,29,,24890,19,,,1,70,,24917,19,,,2,30,,24916,19,,,1,70,,24918,19,,,1,30,,24919,19,,,1
3401,'Samedi-11',704,,25260,32,,,1,100,,25263,32,,,2,30,,25272,32,,,1,73,,25261,32,,,1,27,,25266,32,,,1,70,,25268,32,,,1,32,,25262,32,,,2,70,,25271,32,,,1,31,,25264,32,,,1,70,,25273,32,,,1,29,,25265,32,,,1,70,,25267,32,,,1,30,,25269,32,,,2,70,,25270,32,,,2,30,,25274,32,,,1,71,,25275,32,,,2,30,,25276,32,,,1,70,,25277,32,,,1,31,,25278,32,,,1,68,,25279,32,,,1,30,,25280,32,,,2,71,,25281,32,,,1,27,,25282,32,,,1,70,,25284,32,,,1,32,,25283,32,,,2,70,,25285,32,,,1,30,,25286,32,,,1,68,,25287,32,,,1,30,,25289,32,,,1,70,,25288,32,,,1,30,,25290,32,,,1,97,,25291,32,,,1
3401,'Samedi-2',704,,25292,32,,,1,100,,25295,32,,,2,30,,25304,32,,,1,73,,25293,32,,,1,27,,25298,32,,,1,70,,25300,32,,,1,32,,25294,32,,,2,70,,25303,32,,,1,31,,25296,32,,,1,70,,25305,32,,,1,29,,25297,32,,,1,70,,25299,32,,,1,30,,25301,32,,,2,70,,25302,32,,,2,30,,25306,32,,,1,71,,25307,32,,,2,30,,25308,32,,,1,70,,25309,32,,,1,31,,25310,32,,,1,68,,25311,32,,,1,30,,25312,32,,,2,71,,25313,32,,,1,27,,25314,32,,,1,70,,25316,32,,,1,32,,25315,32,,,2,70,,25317,32,,,1,30,,25318,32,,,1,68,,25319,32,,,1,30,,25321,32,,,1,70,,25320,32,,,1,30,,25322,32,,,1,97,,25323,32,,,1
3401,'Dimanche-2',704,,25325,32,,,1,100,,25336,32,,,2,30,,25329,32,,,1,73,,25332,32,,,1,27,,25331,32,,,1,70,,25340,32,,,1,32,,25337,32,,,2,70,,25324,32,,,1,31,,25335,32,,,1,70,,25328,32,,,1,29,,25326,32,,,1,70,,25327,32,,,1,30,,25330,32,,,2,70,,25338,32,,,2,30,,25334,32,,,1,71,,25333,32,,,2,30,,25339,32,,,1,70,,25344,32,,,1,31,,25342,32,,,1,68,,25348,32,,,1,30,,25351,32,,,2,71,,25341,32,,,1,27,,25350,32,,,1,70,,25343,32,,,1,32,,25347,32,,,2,70,,25354,32,,,1,30,,25346,32,,,1,68,,25345,32,,,1,30,,25352,32,,,1,70,,25353,32,,,1,30,,25349,32,,,1,97,,25355,32,,,1
3401,'Semaine-3',913,,25381,32,,,1,27,,25361,32,,,1,70,,25365,32,,,1,30,,25385,32,,,1,70,,25358,32,,,1,30,,25362,32,,,1,70,,25366,32,,,1,30,,25356,32,,,1,70,,25359,32,,,1,30,,25363,32,,,1,70,,25367,32,,,1,30,,25360,32,,,1,70,,25382,32,,,1,31,,25357,32,,,1,71,,25383,32,,,1,31,,25384,32,,,2,69,,25378,32,,,1,28,,25374,32,,,1,70,,25364,32,,,1,29,,25371,32,,,1,70,,25380,32,,,1,30,,25368,32,,,1,70,,25370,32,,,1,30,,25372,32,,,1,70,,25376,32,,,1,30,,25369,32,,,1,70,,25375,32,,,1,30,,25373,32,,,1,70,,25377,32,,,1,30,,25379,32,,,1
3900,'Samedi-11',656,,25911,30,,,1,101,,25912,30,,,1,100,,25916,30,,,1,102,,25915,30,,,1,100,,25918,30,,,1,100,,25917,30,,,1,142,,25913,30,,,1,30,,25914,30,,,1,70,,25919,30,,,1,31,,25920,30,,,2,70,,25921,30,,,1,30,,25922,30,,,1,71,,25923,30,,,2,30,,25924,30,,,1,70,,25925,30,,,1,30,,25926,30,,,1,69,,25927,30,,,1,29,,25928,30,,,1,69,,25929,30,,,1,28,,25930,30,,,1,100,,25931,30,,,1,100,,25932,30,,,1,100,,25933,30,,,1,100,,25934,30,,,1
3900,'Samedi-2',656,,25935,30,,,1,101,,25936,30,,,1,100,,25940,30,,,1,102,,25939,30,,,1,100,,25942,30,,,1,100,,25941,30,,,1,142,,25937,30,,,1,30,,25938,30,,,1,70,,25943,30,,,1,31,,25944,30,,,2,70,,25945,30,,,1,30,,25946,30,,,1,71,,25947,30,,,2,30,,25948,30,,,1,70,,25949,30,,,1,30,,25950,30,,,1,69,,25951,30,,,1,29,,25952,30,,,1,69,,25953,30,,,1,28,,25954,30,,,1,100,,25955,30,,,1,100,,25956,30,,,1,100,,25957,30,,,1,100,,25958,30,,,1
3900,'Dimanche-2',656,,25959,30,,,1,101,,25966,30,,,1,100,,25960,30,,,1,102,,25962,30,,,1,100,,25968,30,,,1,100,,25961,30,,,1,142,,25967,30,,,1,30,,25963,30,,,1,70,,25964,30,,,1,31,,25969,30,,,2,70,,25971,30,,,1,30,,25965,30,,,1,71,,25970,30,,,2,30,,25972,30,,,1,70,,25973,30,,,1,30,,25979,30,,,1,69,,25980,30,,,1,29,,25982,30,,,1,69,,25978,30,,,1,28,,25976,30,,,1,100,,25977,30,,,1,100,,25981,30,,,1,100,,25974,30,,,1,100,,25975,30,,,1
3900,'Semaine-3',633,,26000,30,,,1,24,,25986,30,,,1,72,,26005,30,,,1,28,,25998,30,,,1,72,,25999,30,,,1,73,,25997,30,,,1,32,,25994,30,,,1,70,,26011,30,,,1,30,,26006,30,,,1,71,,26018,30,,,1,30,,26003,30,,,1,70,,26007,30,,,1,30,,25995,30,,,1,71,,25993,30,,,1,30,,26008,30,,,2,69,,25996,30,,,1,30,,25983,30,,,1,73,,26009,30,,,2,33,,25990,30,,,1,72,,25992,30,,,1,30,,26010,30,,,1,72,,25989,30,,,1,28,,25984,30,,,1,69,,26012,30,,,1,27,,25991,30,,,1,71,,25985,30,,,2,29,,26013,30,,,2,72,,25988,30,,,1,25,,26004,30,,,2,65,,26014,30,,,1,30,,25987,30,,,1,70,,26002,30,,,1,29,,26015,30,,,2,70,,26001,30,,,1,30,,26017,30,,,1,70,,26016,30,,,2
4900,'Samedi-11',741,,26175,46,,,1,100,,26176,46,,,1,104,,26173,46,,,1,100,,26177,46,,,1,100,,26174,46,,,1,100,,26178,46,,,1,99,,26179,46,,,1,104,,26180,46,,,1,97,,26181,46,,,1,100,,26182,46,,,1,100,,26183,46,,,1,96,,26184,46,,,1,100,,26185,46,,,1,100,,26186,46,,,1,100,,26187,46,,,1,100,,26188,46,,,1,100,,26189,46,,,1
4900,'Samedi-2',741,,26192,46,,,1,100,,26193,46,,,1,104,,26190,46,,,1,100,,26194,46,,,1,100,,26191,46,,,1,100,,26195,46,,,1,99,,26196,46,,,1,104,,26197,46,,,1,97,,26198,46,,,1,100,,26199,46,,,1,100,,26200,46,,,1,96,,26201,46,,,1,100,,26202,46,,,1,100,,26203,46,,,1,100,,26204,46,,,1,100,,26205,46,,,1,100,,26206,46,,,1
4900,'Dimanche-2',741,,26207,46,,,1,100,,26210,46,,,1,104,,26208,46,,,1,100,,26211,46,,,1,100,,26213,46,,,1,100,,26217,46,,,1,99,,26215,46,,,1,104,,26214,46,,,1,97,,26209,46,,,1,100,,26219,46,,,1,100,,26216,46,,,1,96,,26218,46,,,1,100,,26223,46,,,1,100,,26212,46,,,1,100,,26221,46,,,1,100,,26222,46,,,1,100,,26220,46,,,1
4900,'Semaine-3',702,,26251,46,,,1,10,,26246,33,,,1,5,,26258,33,,,1,3,,26234,33,,,1,3,,26262,46,,,1,2,,26257,33,,,1,3,,26259,33,,,1,3,,26261,33,,,1,5,,26260,33,,,1,15,,26254,46,,,1,73,,26255,46,,,1,6,,26250,33,,,1,71,,26249,46,,,1,29,,26244,46,,,1,71,,26236,46,,,1,32,,26256,46,,,1,72,,26252,46,,,1,30,,26247,46,,,1,70,,26224,46,,,1,30,,26245,46,,,1,70,,26226,46,,,1,30,,26231,46,,,1,70,,26233,46,,,1,29,,26237,46,,,1,71,,26253,46,,,1,37,,26235,46,,,1,70,,26238,46,,,1,30,,26229,46,,,1,70,,26241,46,,,1,30,,26232,46,,,1,67,,26230,46,,,1,30,,26248,46,,,1,67,,26242,46,,,1,96,,26225,46,,,1,100,,26243,46,,,1,100,,26240,46,,,1,57,,26227,46,,,1,98,,26239,46,,,1,100,,26228,46,,,1
32501,'Semaine-3',826,,29275,27,0,7 8,1,3,,29276,27,0,7 8,1
42500,'Semaine-3',711,,30062,27,0,9 14,1,2,,30063,27,0,9 14,1
44900,'Semaine-3',724,,30082,28,0,9 14,1
63900,'Semaine-3',1532,,30103,43,0,9 10,1
73401,'Semaine-3',815,,30125,36,0,5 11,1
82501,'Semaine-3',754,,30311,27,0,9 12 13,1,1,,30312,27,0,9 12 13,1,1,,30313,27,0,9 12 13,1
