1800,'Semaine-4',1305,,30338,19,,,1,237,,30337,19,,,1,99,,30340,19,,,1,70,,30339,19,,,1
1800,'Semaine-5',1305,,35034,19,,,1,237,,35033,19,,,1,99,,35036,19,,,1,70,,35035,19,,,1
6800,'Semaine-4',618,,33082,18,,,1,30,,33092,18,,,1,68,,33090,18,,,1,34,,33099,18,,,1,68,,33096,18,,,1,30,,33073,18,,,1,70,,33097,18,,,1,30,,33074,18,,,1,70,,33079,18,,,1,30,,33098,18,,,1,70,,33084,18,,,1,30,,33077,18,,,1,75,,33094,18,,,1,35,,33085,18,,,1,70,,33093,18,,,1,30,,33086,18,,,1,71,,33080,18,,,1,29,,33083,18,,,1,60,,33091,18,,,1,21,,33101,18,,,1,64,,33087,18,,,1,18,,33095,18,,,1,19,,33089,18,,,1,60,,33103,18,,,1,17,,33100,18,,,1,10,,33088,18,,,1,10,,33102,18,,,1,20,,33076,18,,,1,70,,33081,18,,,1,30,,33078,18,,,1
6800,'Semaine-5',618,,37122,18,,,1,30,,37132,18,,,1,68,,37130,18,,,1,34,,37139,18,,,1,68,,37136,18,,,1,30,,37113,18,,,1,70,,37137,18,,,1,30,,37114,18,,,1,70,,37119,18,,,1,30,,37138,18,,,1,70,,37124,18,,,1,30,,37117,18,,,1,75,,37134,18,,,1,35,,37125,18,,,1,70,,37133,18,,,1,30,,37126,18,,,1,71,,37120,18,,,1,29,,37123,18,,,1,60,,37131,18,,,1,21,,37141,18,,,1,64,,37127,18,,,1,18,,37135,18,,,1,19,,37129,18,,,1,60,,37143,18,,,1,17,,37140,18,,,1,10,,37128,18,,,1,10,,37142,18,,,1,20,,37116,18,,,1,70,,37121,18,,,1,30,,37118,18,,,1
9300,'Semaine-4',1517,,33954,8,,,2,20,,33957,8,,,1,20,,33953,8,,,1,60,,33956,8,,,1,30,,33955,8,,,2,69,,33951,8,,,2,30,,33952,8,,,1
9300,'Semaine-5',1517,,37818,8,,,2,20,,37821,8,,,1,20,,37817,8,,,1,60,,37820,8,,,1,30,,37819,8,,,2,69,,37815,8,,,2,30,,37816,8,,,1
9500,'Semaine-4',1456,,33970,8,,,1,56,,33973,8,,,1,15,,33969,8,,,1,16,,33964,8,,,2,15,,33968,8,,,1,56,,33965,8,,,1,14,,33966,8,,,1,15,,33971,8,,,1,65,,33972,8,,,2,29,,33967,8,,,1
9500,'Semaine-5',1456,,37834,8,,,1,56,,37837,8,,,1,15,,37833,8,,,1,16,,37828,8,,,2,15,,37832,8,,,1,56,,37829,8,,,1,14,,37830,8,,,1,15,,37835,8,,,1,65,,37836,8,,,2,29,,37831,8,,,1
10000,'Semaine-4',1533,,34101,15,,,1,8,,34103,15,,,1,9,,34088,15,,,1,8,,34089,15,,,1,48,,34090,15,,,1,9,,34102,15,,,1,9,,34091,15,,,1,11,,34092,15,,,1,7,,34093,15,,,1,9,,34094,15,,,1,50,,34095,15,,,1,9,,34096,15,,,1,12,,34097,15,,,1,10,,34098,15,,,1,8,,34099,15,,,1,11,,34100,15,,,1
10000,'Semaine-5',1533,,37932,15,,,1,8,,37934,15,,,1,9,,37919,15,,,1,8,,37920,15,,,1,48,,37921,15,,,1,9,,37933,15,,,1,9,,37922,15,,,1,11,,37923,15,,,1,7,,37924,15,,,1,9,,37925,15,,,1,50,,37926,15,,,1,9,,37927,15,,,1,12,,37928,15,,,1,10,,37929,15,,,1,8,,37930,15,,,1,11,,37931,15,,,1
20000,'Semaine-4',1532,,34119,11,,,1,6,,34120,11,,,1,5,,34143,11,,,1,5,,34121,11,,,1,5,,34122,11,,,1,5,,34148,11,,,1,45,,34123,11,,,1,5,,34125,11,,,1,6,,34126,11,,,1,4,,34127,11,,,1,5,,34129,11,,,1,5,,34130,11,,,1,5,,34124,11,,,1,5,,34147,11,,,1,5,,34128,11,,,1,6,,34131,11,,,1,4,,34132,11,,,1,5,,34133,11,,,1,45,,34134,11,,,1,5,,34146,11,,,1,5,,34135,11,,,1,5,,34144,11,,,1,5,,34136,11,,,1,5,,34137,11,,,1,5,,34139,11,,,1,5,,34138,11,,,1,5,,34140,11,,,1,3,,34141,11,,,1,5,,34142,11,,,1,5,,34145,11,,,1
20000,'Semaine-5',1532,,37950,11,,,1,6,,37951,11,,,1,5,,37974,11,,,1,5,,37952,11,,,1,5,,37953,11,,,1,5,,37979,11,,,1,45,,37954,11,,,1,5,,37956,11,,,1,6,,37957,11,,,1,4,,37958,11,,,1,5,,37960,11,,,1,5,,37961,11,,,1,5,,37955,11,,,1,5,,37978,11,,,1,5,,37959,11,,,1,6,,37962,11,,,1,4,,37963,11,,,1,5,,37964,11,,,1,45,,37965,11,,,1,5,,37977,11,,,1,5,,37966,11,,,1,5,,37975,11,,,1,5,,37967,11,,,1,5,,37968,11,,,1,5,,37970,11,,,1,5,,37969,11,,,1,5,,37971,11,,,1,3,,37972,11,,,1,5,,37973,11,,,1,5,,37976,11,,,1
40000,'Samedi-3',622,,34313,15,,,1,20,,34314,15,,,1,15,,34317,15,,,1,55,,34322,15,,,1,15,,34331,15,,,1,15,,34332,15,,,1,15,,34315,15,,,1,55,,34319,15,,,1,15,,34316,15,,,1,15,,34340,15,,,1,15,,34318,15,,,1,55,,34321,15,,,1,15,,34320,15,,,1,15,,34323,15,,,1,15,,34341,15,,,1,55,,34339,15,,,1,15,,34342,15,,,1,16,,34324,15,,,1,14,,34326,15,,,1,55,,34329,15,,,1,15,,34330,15,,,1,15,,34325,15,,,1,15,,34336,15,,,1,55,,34338,15,,,1,15,,34343,15,,,1,15,,34328,15,,,1,15,,34327,15,,,1,55,,34333,15,,,1,16,,34334,15,,,1,15,,34335,15,,,1,15,,34344,15,,,1,55,,34337,15,,,1,15,,34345,15,,,1,15,,34346,15,,,1,15,,34347,15,,,1,55,,34348,15,,,1,15,,34349,15,,,1,15,,34350,15,,,1,15,,34351,15,,,1,55,,34352,15,,,1,15,,34353,15,,,1,15,,34354,15,,,1,15,,34355,15,,,1,55,,34356,15,,,1,15,,34357,15,,,1,14,,34358,15,,,1,16,,34359,15,,,1,55,,34360,15,,,1,15,,34366,15,,,1,15,,34361,15,,,1,15,,34362,15,,,1,55,,34363,15,,,1,14,,34364,15,,,1,15,,34365,15,,,1,15,,34369,15,,,1,56,,34367,15,,,1,14,,34368,15,,,1,16,,34373,15,,,1,14,,34372,15,,,1,55,,34371,15,,,1,15,,34370,15,,,1,15,,34377,15,,,1,15,,34374,15,,,1,55,,34375,15,,,1,15,,34376,15,,,1,15,,34384,15,,,1,15,,34379,15,,,1,55,,34378,15,,,1,14,,34380,15,,,1,15,,34381,15,,,1,14,,34382,15,,,1,55,,34383,15,,,1,12,,34385,15,,,1
40000,'Samedi-4',622,,38110,15,,,1,20,,38111,15,,,1,15,,38114,15,,,1,55,,38119,15,,,1,15,,38128,15,,,1,15,,38129,15,,,1,15,,38112,15,,,1,55,,38116,15,,,1,15,,38113,15,,,1,15,,38137,15,,,1,15,,38115,15,,,1,55,,38118,15,,,1,15,,38117,15,,,1,15,,38120,15,,,1,15,,38138,15,,,1,55,,38136,15,,,1,15,,38139,15,,,1,16,,38121,15,,,1,14,,38123,15,,,1,55,,38126,15,,,1,15,,38127,15,,,1,15,,38122,15,,,1,15,,38133,15,,,1,55,,38135,15,,,1,15,,38140,15,,,1,15,,38125,15,,,1,15,,38124,15,,,1,55,,38130,15,,,1,16,,38131,15,,,1,15,,38132,15,,,1,15,,38141,15,,,1,55,,38134,15,,,1,15,,38142,15,,,1,15,,38143,15,,,1,15,,38144,15,,,1,55,,38145,15,,,1,15,,38146,15,,,1,15,,38147,15,,,1,15,,38148,15,,,1,55,,38149,15,,,1,15,,38150,15,,,1,15,,38151,15,,,1,15,,38152,15,,,1,55,,38153,15,,,1,15,,38154,15,,,1,14,,38155,15,,,1,16,,38156,15,,,1,55,,38157,15,,,1,15,,38163,15,,,1,15,,38158,15,,,1,15,,38159,15,,,1,55,,38160,15,,,1,14,,38161,15,,,1,15,,38162,15,,,1,15,,38166,15,,,1,56,,38164,15,,,1,14,,38165,15,,,1,16,,38170,15,,,1,14,,38169,15,,,1,55,,38168,15,,,1,15,,38167,15,,,1,15,,38174,15,,,1,15,,38171,15,,,1,55,,38172,15,,,1,15,,38173,15,,,1,15,,38181,15,,,1,15,,38176,15,,,1,55,,38175,15,,,1,14,,38177,15,,,1,15,,38178,15,,,1,14,,38179,15,,,1,55,,38180,15,,,1,12,,38182,15,,,1
40000,'Dimanche-3',622,,34386,15,,,1,20,,34388,15,,,1,15,,34393,15,,,1,55,,34399,15,,,1,15,,34401,15,,,1,15,,34387,15,,,1,15,,34390,15,,,1,55,,34397,15,,,1,15,,34404,15,,,1,15,,34408,15,,,1,15,,34392,15,,,1,55,,34400,15,,,1,15,,34411,15,,,1,15,,34389,15,,,1,15,,34391,15,,,1,55,,34398,15,,,1,15,,34405,15,,,1,16,,34406,15,,,1,14,,34422,15,,,1,55,,34421,15,,,1,15,,34412,15,,,1,15,,34403,15,,,1,15,,34413,15,,,1,55,,34416,15,,,1,15,,34425,15,,,1,15,,34394,15,,,1,15,,34423,15,,,1,55,,34420,15,,,1,16,,34424,15,,,1,15,,34402,15,,,1,15,,34395,15,,,1,55,,34426,15,,,1,15,,34417,15,,,1,15,,34409,15,,,1,15,,34407,15,,,1,55,,34414,15,,,1,15,,34419,15,,,1,15,,34429,15,,,1,15,,34396,15,,,1,55,,34431,15,,,1,15,,34418,15,,,1,15,,34410,15,,,1,15,,34441,15,,,1,55,,34415,15,,,1,15,,34450,15,,,1,14,,34436,15,,,1,16,,34440,15,,,1,55,,34456,15,,,1,15,,34447,15,,,1,15,,34428,15,,,1,15,,34442,15,,,1,55,,34432,15,,,1,14,,34449,15,,,1,15,,34435,15,,,1,15,,34439,15,,,1,56,,34455,15,,,1,14,,34448,15,,,1,16,,34427,15,,,1,13,,34452,15,,,1,56,,34446,15,,,1,15,,34454,15,,,1,15,,34430,15,,,1,15,,34434,15,,,1,55,,34438,15,,,1,15,,34444,15,,,1,15,,34458,15,,,1,15,,34451,15,,,1,55,,34445,15,,,1,14,,34453,15,,,1,15,,34457,15,,,1,14,,34433,15,,,1,55,,34437,15,,,1,12,,34443,15,,,1
40000,'Semaine-4',556,,34459,15,,,1,55,,34465,15,,,1,17,,34488,15,,,1,15,,34503,15,,,1,15,,34493,15,,,1,55,,34551,15,,,1,10,,34523,15,,,1,10,,34475,15,,,1,15,,34522,15,,,1,55,,34517,15,,,1,11,,34518,15,,,1,11,,34473,15,,,1,12,,34495,15,,,1,9,,34497,15,,,1,12,,34544,15,,,1,52,,34514,15,,,1,12,,34468,15,,,1,15,,34477,15,,,1,7,,34463,15,,,1,10,,34466,15,,,1,50,,34519,15,,,1,10,,34485,15,,,1,10,,34498,15,,,1,10,,34491,15,,,1,10,,34492,15,,,1,10,,34524,15,,,1,50,,34504,15,,,1,10,,34515,15,,,1,10,,34469,15,,,1,10,,34478,15,,,1,10,,34467,15,,,1,11,,34545,15,,,1,52,,34520,15,,,1,7,,34486,15,,,1,10,,34499,15,,,1,10,,34490,15,,,1,10,,34482,15,,,1,10,,34511,15,,,1,51,,34494,15,,,1,2,,34505,15,,,1,7,,34516,15,,,1,11,,34470,15,,,1,10,,34480,15,,,1,10,,34472,15,,,1,10,,34462,15,,,1,50,,34521,15,,,1,10,,34502,15,,,1,11,,34500,15,,,1,6,,34512,15,,,1,6,,34489,15,,,1,6,,34481,15,,,1,6,,34529,15,,,1,8,,34530,15,,,1,43,,34531,15,,,1,5,,34532,15,,,1,6,,34533,15,,,1,8,,34543,15,,,1,4,,34549,15,,,1,4,,34534,15,,,1,273,,34535,15,,,1,4,,34536,15,,,1,5,,34537,15,,,1,6,,34538,15,,,1,5,,34550,15,,,1,5,,34539,15,,,1,6,,34540,15,,,1,8,,34541,15,,,1,12,,34542,15,,,1,52,,34506,15,,,1,12,,34507,15,,,1,12,,34501,15,,,1,12,,34527,15,,,1,12,,34510,15,,,1,52,,34496,15,,,1,12,,34474,15,,,1,12,,34546,15,,,1,12,,34479,15,,,1,12,,34547,15,,,1,50,,34487,15,,,1,12,,34508,15,,,1,12,,34548,15,,,1,14,,34484,15,,,1,15,,34528,15,,,1,55,,34526,15,,,1,15,,34471,15,,,1,15,,34460,15,,,1,15,,34476,15,,,1,55,,34509,15,,,1,15,,34483,15,,,1,13,,34513,15,,,1,15,,34525,15,,,1,53,,34464,15,,,1,17,,34461,15,,,1
40000,'Semaine-5',556,,38183,15,,,1,55,,38189,15,,,1,17,,38212,15,,,1,15,,38227,15,,,1,15,,38217,15,,,1,55,,38275,15,,,1,10,,38247,15,,,1,10,,38199,15,,,1,15,,38246,15,,,1,55,,38241,15,,,1,11,,38242,15,,,1,11,,38197,15,,,1,12,,38219,15,,,1,9,,38221,15,,,1,12,,38268,15,,,1,52,,38238,15,,,1,12,,38192,15,,,1,15,,38201,15,,,1,7,,38187,15,,,1,10,,38190,15,,,1,50,,38243,15,,,1,10,,38209,15,,,1,10,,38222,15,,,1,10,,38215,15,,,1,10,,38216,15,,,1,10,,38248,15,,,1,50,,38228,15,,,1,10,,38239,15,,,1,10,,38193,15,,,1,10,,38202,15,,,1,10,,38191,15,,,1,11,,38269,15,,,1,52,,38244,15,,,1,7,,38210,15,,,1,10,,38223,15,,,1,10,,38214,15,,,1,10,,38206,15,,,1,10,,38235,15,,,1,51,,38218,15,,,1,2,,38229,15,,,1,7,,38240,15,,,1,11,,38194,15,,,1,10,,38204,15,,,1,10,,38196,15,,,1,10,,38186,15,,,1,50,,38245,15,,,1,10,,38226,15,,,1,11,,38224,15,,,1,6,,38236,15,,,1,6,,38213,15,,,1,6,,38205,15,,,1,6,,38253,15,,,1,8,,38254,15,,,1,43,,38255,15,,,1,5,,38256,15,,,1,6,,38257,15,,,1,8,,38267,15,,,1,4,,38273,15,,,1,4,,38258,15,,,1,273,,38259,15,,,1,4,,38260,15,,,1,5,,38261,15,,,1,6,,38262,15,,,1,5,,38274,15,,,1,5,,38263,15,,,1,6,,38264,15,,,1,8,,38265,15,,,1,12,,38266,15,,,1,52,,38230,15,,,1,12,,38231,15,,,1,12,,38225,15,,,1,12,,38251,15,,,1,12,,38234,15,,,1,52,,38220,15,,,1,12,,38198,15,,,1,12,,38270,15,,,1,12,,38203,15,,,1,12,,38271,15,,,1,50,,38211,15,,,1,12,,38232,15,,,1,12,,38272,15,,,1,14,,38208,15,,,1,15,,38252,15,,,1,55,,38250,15,,,1,15,,38195,15,,,1,15,,38184,15,,,1,15,,38200,15,,,1,55,,38233,15,,,1,15,,38207,15,,,1,13,,38237,15,,,1,15,,38249,15,,,1,53,,38188,15,,,1,17,,38185,15,,,1
57600,'Semaine-4',1532,,34831,8,0,5 6,1
57600,'Semaine-5',1532,,38482,8,0,5 6,1
80000,'Samedi-3',747,,34866,48,,,2,102,,34867,48,,,1,100,,34868,48,,,2,102,,34870,48,,,1,100,,34871,48,,,2,100,,34869,48,,,2,100,,34872,48,,,1,101,,34873,48,,,2,100,,34874,48,,,1,100,,34875,48,,,1,97,,34876,48,,,2,99,,34877,48,,,1,100,,34880,48,,,1,99,,34878,48,,,1,100,,34879,48,,,2,98,,34881,48,,,1,100,,34882,48,,,1
80000,'Samedi-4',747,,38517,48,,,2,102,,38518,48,,,1,100,,38519,48,,,2,102,,38521,48,,,1,100,,38522,48,,,2,100,,38520,48,,,2,100,,38523,48,,,1,101,,38524,48,,,2,100,,38525,48,,,1,100,,38526,48,,,1,97,,38527,48,,,2,99,,38528,48,,,1,100,,38531,48,,,1,99,,38529,48,,,1,100,,38530,48,,,2,98,,38532,48,,,1,100,,38533,48,,,1
80000,'Dimanche-3',747,,34887,48,,,2,102,,34883,48,,,1,100,,34888,48,,,2,102,,34884,48,,,1,100,,34885,48,,,2,100,,34889,48,,,2,100,,34886,48,,,1,101,,34891,48,,,2,100,,34890,48,,,1,100,,34892,48,,,1,97,,34895,48,,,2,99,,34893,48,,,1,100,,34894,48,,,1,99,,34896,48,,,1,100,,34897,48,,,2,98,,34899,48,,,1,100,,34898,48,,,1
80000,'Semaine-4',627,,34931,47,,,1,30,,34913,47,,,1,71,,34903,47,,,1,14,,34906,47,,,1,17,,34926,47,,,1,73,,34914,47,,,1,18,,34902,47,,,1,65,,34928,47,,,1,30,,34905,48,,,2,70,,34923,48,,,1,30,,34917,48,,,1,71,,34935,48,,,1,30,,34904,48,,,1,70,,34921,48,,,2,28,,34919,48,,,1,70,,34934,48,,,1,30,,34916,48,,,1,70,,34929,48,,,1,34,,34918,48,,,1,71,,34925,48,,,1,32,,34924,48,,,2,71,,34920,48,,,1,30,,34932,48,,,2,71,,34907,48,,,1,28,,34915,48,,,1,68,,34909,48,,,1,29,,34930,48,,,1,69,,34908,48,,,1,30,,34912,48,,,1,70,,34900,48,,,1,29,,34933,48,,,1,69,,34910,48,,,1,26,,34911,48,,,1,70,,34927,48,,,1,28,,34901,48,,,1,68,,34922,48,,,1
80000,'Semaine-5',627,,38565,47,,,1,30,,38547,47,,,1,71,,38537,47,,,1,14,,38540,47,,,1,17,,38560,47,,,1,73,,38548,47,,,1,18,,38536,47,,,1,65,,38562,47,,,1,30,,38539,48,,,2,70,,38557,48,,,1,30,,38551,48,,,1,71,,38569,48,,,1,30,,38538,48,,,1,70,,38555,48,,,2,28,,38553,48,,,1,70,,38568,48,,,1,30,,38550,48,,,1,70,,38563,48,,,1,34,,38552,48,,,1,71,,38559,48,,,1,32,,38558,48,,,2,71,,38554,48,,,1,30,,38566,48,,,2,71,,38541,48,,,1,28,,38549,48,,,1,68,,38543,48,,,1,29,,38564,48,,,1,69,,38542,48,,,1,30,,38546,48,,,1,70,,38534,48,,,1,29,,38567,48,,,1,69,,38544,48,,,1,26,,38545,48,,,1,70,,38561,48,,,1,28,,38535,48,,,1,68,,38556,48,,,1
