3101,'Samedi-3',651,,30491,10,,,1,94,,30497,10,,,1,99,,30494,10,,,1,97,,30498,10,,,1,97,,30492,10,,,1,100,,30496,10,,,1,100,,30493,10,,,1,100,,30495,10,,,1,103,,30499,10,,,1,97,,30500,10,,,1,100,,30501,10,,,1,100,,30502,10,,,1,102,,30503,10,,,1,101,,30508,10,,,1,100,,30504,10,,,1,100,,30505,10,,,1,102,,30506,10,,,1,100,,30507,10,,,1
3101,'Samedi-4',651,,35168,10,,,1,94,,35174,10,,,1,99,,35171,10,,,1,97,,35175,10,,,1,97,,35169,10,,,1,100,,35173,10,,,1,100,,35170,10,,,1,100,,35172,10,,,1,103,,35176,10,,,1,97,,35177,10,,,1,100,,35178,10,,,1,100,,35179,10,,,1,102,,35180,10,,,1,101,,35185,10,,,1,100,,35181,10,,,1,100,,35182,10,,,1,102,,35183,10,,,1,100,,35184,10,,,1
3101,'Dimanche-3',651,,30511,10,,,1,94,,30509,10,,,1,99,,30512,10,,,1,97,,30514,10,,,1,97,,30515,10,,,1,100,,30516,10,,,1,100,,30510,10,,,1,100,,30519,10,,,1,103,,30513,10,,,1,97,,30518,10,,,1,100,,30522,10,,,1,100,,30526,10,,,1,102,,30523,10,,,1,101,,30517,10,,,1,100,,30520,10,,,1,100,,30525,10,,,1,102,,30521,10,,,1,100,,30524,10,,,1
3101,'Semaine-4',532,,30530,10,,,1,75,,30564,10,,,1,30,,30544,10,,,1,67,,30531,10,,,1,30,,30567,10,,,1,20,,30527,10,,,1,56,,30541,10,,,1,17,,30542,10,,,1,14,,30561,10,,,1,59,,30532,10,,,1,22,,30534,10,,,1,20,,30559,10,,,1,60,,30551,10,,,1,19,,30560,10,,,1,20,,30533,10,,,1,60,,30535,10,,,1,21,,30555,10,,,1,20,,30565,10,,,1,59,,30554,10,,,1,20,,30536,10,,,1,21,,30528,10,,,1,17,,30558,10,,,1,62,,30568,10,,,1,19,,30553,10,,,1,60,,30537,10,,,1,19,,30556,10,,,1,23,,30557,10,,,1,60,,30566,10,,,1,19,,30552,10,,,1,14,,30538,10,,,1,18,,30549,10,,,1,61,,30550,10,,,1,22,,30539,10,,,1,19,,30545,10,,,1,61,,30529,10,,,1,21,,30562,10,,,1,20,,30570,10,,,1,66,,30540,10,,,1,99,,30563,10,,,1,100,,30546,10,,,1,100,,30543,10,,,1,98,,30547,10,,,1,103,,30548,10,,,1
3101,'Semaine-5',532,,35189,10,,,1,75,,35223,10,,,1,30,,35203,10,,,1,67,,35190,10,,,1,30,,35226,10,,,1,20,,35186,10,,,1,56,,35200,10,,,1,17,,35201,10,,,1,14,,35220,10,,,1,59,,35191,10,,,1,22,,35193,10,,,1,20,,35218,10,,,1,60,,35210,10,,,1,19,,35219,10,,,1,20,,35192,10,,,1,60,,35194,10,,,1,21,,35214,10,,,1,20,,35224,10,,,1,59,,35213,10,,,1,20,,35195,10,,,1,21,,35187,10,,,1,17,,35217,10,,,1,62,,35227,10,,,1,19,,35212,10,,,1,60,,35196,10,,,1,19,,35215,10,,,1,23,,35216,10,,,1,60,,35225,10,,,1,19,,35211,10,,,1,14,,35197,10,,,1,18,,35208,10,,,1,61,,35209,10,,,1,22,,35198,10,,,1,19,,35204,10,,,1,61,,35188,10,,,1,21,,35221,10,,,1,20,,35229,10,,,1,66,,35199,10,,,1,99,,35222,10,,,1,100,,35205,10,,,1,100,,35202,10,,,1,98,,35206,10,,,1,103,,35207,10,,,1
33101,'Semaine-4',1644,,34192,38,0,7 8,1
33101,'Semaine-5',1644,,38023,38,0,7 8,1
43100,'Semaine-4',1502,,34803,9,0,9 14,1
43100,'Semaine-5',1502,,38454,9,0,9 14,1
83101,'Semaine-4',800,,35024,10,0,9 12 13,1,2,,35025,10,0,9 12 13,1
83101,'Semaine-5',800,,38643,10,0,9 12 13,1,2,,38644,10,0,9 12 13,1
