3100,'Samedi-3',732,,30408,19,,,1,70,,30409,19,,,1,102,,30410,19,,,1,101,,30407,19,,,1,103,,30413,19,,,1,100,,30414,19,,,1,101,,30411,19,,,1,100,,30412,19,,,1,100,,30415,19,,,1,102,,30416,19,,,1,98,,30417,19,,,1,100,,30418,19,,,1,93,,30424,19,,,1,100,,30419,19,,,1,99,,30420,19,,,1,100,,30421,19,,,1,100,,30422,19,,,1,100,,30423,19,,,1,56,,30425,19,,,1
3100,'Samedi-4',732,,35104,19,,,1,70,,35105,19,,,1,102,,35106,19,,,1,101,,35103,19,,,1,103,,35109,19,,,1,100,,35110,19,,,1,101,,35107,19,,,1,100,,35108,19,,,1,100,,35111,19,,,1,102,,35112,19,,,1,98,,35113,19,,,1,100,,35114,19,,,1,93,,35120,19,,,1,100,,35115,19,,,1,99,,35116,19,,,1,100,,35117,19,,,1,100,,35118,19,,,1,100,,35119,19,,,1,56,,35121,19,,,1
3100,'Dimanche-3',732,,30430,19,,,1,70,,30431,19,,,1,102,,30432,19,,,1,101,,30433,19,,,1,103,,30426,19,,,1,100,,30427,19,,,1,101,,30428,19,,,1,100,,30429,19,,,1,100,,30435,19,,,1,102,,30436,19,,,1,98,,30434,19,,,1,100,,30437,19,,,1,93,,30440,19,,,1,100,,30444,19,,,1,99,,30438,19,,,1,100,,30439,19,,,1,100,,30442,19,,,1,100,,30441,19,,,1,56,,30443,19,,,1
3100,'Semaine-4',617,,30449,17,,,1,35,,30484,17,,,1,70,,30462,17,,,1,31,,30450,17,,,1,60,,30490,17,,,1,14,,30487,17,,,1,20,,30446,17,,,1,56,,30459,17,,,1,17,,30460,17,,,1,12,,30476,17,,,1,19,,30451,17,,,1,61,,30453,17,,,1,20,,30470,17,,,1,20,,30471,17,,,1,60,,30477,17,,,1,20,,30452,17,,,1,20,,30457,17,,,1,61,,30478,17,,,1,20,,30485,17,,,1,19,,30473,17,,,1,60,,30454,17,,,1,21,,30447,17,,,1,17,,30483,17,,,1,62,,30488,17,,,1,19,,30472,17,,,1,20,,30455,17,,,1,59,,30475,17,,,1,24,,30479,17,,,1,21,,30486,17,,,1,60,,30474,17,,,1,14,,30456,17,,,1,21,,30467,17,,,1,60,,30469,17,,,1,22,,30458,17,,,1,5,,30445,10,,,1,13,,30463,17,,,1,61,,30448,17,,,1,14,,30481,17,,,1,18,,30489,17,,,1,67,,30464,19,,,1,98,,30482,19,,,1,100,,30465,19,,,1,100,,30461,19,,,1,99,,30466,19,,,1,102,,30468,19,,,1,103,,30480,19,,,1
3100,'Samedi-10-_26ÉTÉ-0000010-',732,,38866,19,,,1,70,,38867,19,,,1,102,,38868,19,,,1,101,,38865,19,,,1,103,,38871,19,,,1,100,,38872,19,,,1,101,,38869,19,,,1,100,,38870,19,,,1,100,,38873,19,,,1,102,,38874,19,,,1,98,,38875,19,,,1,100,,38876,19,,,1,93,,38882,19,,,1,100,,38877,19,,,1,99,,38878,19,,,1,100,,38879,19,,,1,100,,38880,19,,,1,100,,38881,19,,,1,56,,38883,19,,,1
3100,'Semaine-2-_26ÉTÉ-1111100-',617,,38888,17,,,1,35,,38923,17,,,1,70,,38901,17,,,1,31,,38889,17,,,1,60,,38929,17,,,1,13,,38926,17,,,1,21,,38885,17,,,1,56,,38898,17,,,1,17,,38899,17,,,1,12,,38915,17,,,1,19,,38890,17,,,1,61,,38892,17,,,1,20,,38909,17,,,1,20,,38910,17,,,1,60,,38916,17,,,1,20,,38891,17,,,1,20,,38896,17,,,1,61,,38917,17,,,1,20,,38924,17,,,1,20,,38912,17,,,1,60,,38893,17,,,1,20,,38886,17,,,1,17,,38922,17,,,1,62,,38927,17,,,1,19,,38911,17,,,1,20,,38894,17,,,1,59,,38914,17,,,1,24,,38918,17,,,1,21,,38925,17,,,1,60,,38913,17,,,1,14,,38895,17,,,1,21,,38906,17,,,1,60,,38908,17,,,1,22,,38897,17,,,1,4,,38884,10,,,1,14,,38902,17,,,1,61,,38887,17,,,1,14,,38920,17,,,1,18,,38928,17,,,1,67,,38903,19,,,1,97,,38921,19,,,1,101,,38904,19,,,1,100,,38900,19,,,1,99,,38905,19,,,1,102,,38907,19,,,1,103,,38919,19,,,1
3100,'Semaine-3-_26ÉTÉ-1111100-',617,,38934,17,,,1,35,,38969,17,,,1,70,,38947,17,,,1,31,,38935,17,,,1,60,,38975,17,,,1,13,,38972,17,,,1,21,,38931,17,,,1,56,,38944,17,,,1,17,,38945,17,,,1,12,,38961,17,,,1,19,,38936,17,,,1,61,,38938,17,,,1,20,,38955,17,,,1,20,,38956,17,,,1,60,,38962,17,,,1,20,,38937,17,,,1,20,,38942,17,,,1,61,,38963,17,,,1,20,,38970,17,,,1,20,,38958,17,,,1,60,,38939,17,,,1,20,,38932,17,,,1,17,,38968,17,,,1,62,,38973,17,,,1,19,,38957,17,,,1,20,,38940,17,,,1,59,,38960,17,,,1,24,,38964,17,,,1,21,,38971,17,,,1,60,,38959,17,,,1,14,,38941,17,,,1,21,,38952,17,,,1,60,,38954,17,,,1,22,,38943,17,,,1,4,,38930,10,,,1,14,,38948,17,,,1,61,,38933,17,,,1,14,,38966,17,,,1,18,,38974,17,,,1,67,,38949,19,,,1,97,,38967,19,,,1,101,,38950,19,,,1,100,,38946,19,,,1,99,,38951,19,,,1,102,,38953,19,,,1,103,,38965,19,,,1
3100,'Semaine-4-_26ÉTÉ-1111100-',617,,38980,17,,,1,35,,39015,17,,,1,70,,38993,17,,,1,31,,38981,17,,,1,60,,39021,17,,,1,13,,39018,17,,,1,21,,38977,17,,,1,56,,38990,17,,,1,17,,38991,17,,,1,12,,39007,17,,,1,19,,38982,17,,,1,61,,38984,17,,,1,20,,39001,17,,,1,20,,39002,17,,,1,60,,39008,17,,,1,20,,38983,17,,,1,20,,38988,17,,,1,61,,39009,17,,,1,20,,39016,17,,,1,20,,39004,17,,,1,60,,38985,17,,,1,20,,38978,17,,,1,17,,39014,17,,,1,62,,39019,17,,,1,19,,39003,17,,,1,20,,38986,17,,,1,59,,39006,17,,,1,24,,39010,17,,,1,21,,39017,17,,,1,60,,39005,17,,,1,14,,38987,17,,,1,21,,38998,17,,,1,60,,39000,17,,,1,22,,38989,17,,,1,4,,38976,10,,,1,14,,38994,17,,,1,61,,38979,17,,,1,14,,39012,17,,,1,18,,39020,17,,,1,67,,38995,19,,,1,97,,39013,19,,,1,101,,38996,19,,,1,100,,38992,19,,,1,99,,38997,19,,,1,102,,38999,19,,,1,103,,39011,19,,,1
6700,'Samedi-3',715,,32894,12,,,2,101,,32893,12,,,1,100,,32892,12,,,1,30,,32888,12,,,1,70,,32896,12,,,1,30,,32889,12,,,1,70,,32890,12,,,1,31,,32895,12,,,1,70,,32900,12,,,1,30,,32891,12,,,1,70,,32899,12,,,1,30,,32897,12,,,1,70,,32898,12,,,1,30,,32901,12,,,2,71,,32902,12,,,2,30,,32903,12,,,1,70,,32904,12,,,1,29,,32905,12,,,2,70,,32906,12,,,2,30,,32907,12,,,1,70,,32908,12,,,1,29,,32909,12,,,2,70,,32910,12,,,1,30,,32911,12,,,1,100,,32915,12,,,2,100,,32912,12,,,1,100,,32913,12,,,1,99,,32914,12,,,1
6700,'Samedi-4',715,,36989,12,,,2,101,,36988,12,,,1,100,,36987,12,,,1,30,,36983,12,,,1,70,,36991,12,,,1,30,,36984,12,,,1,70,,36985,12,,,1,31,,36990,12,,,1,70,,36995,12,,,1,30,,36986,12,,,1,70,,36994,12,,,1,30,,36992,12,,,1,70,,36993,12,,,1,30,,36996,12,,,2,71,,36997,12,,,2,30,,36998,12,,,1,70,,36999,12,,,1,29,,37000,12,,,2,70,,37001,12,,,2,30,,37002,12,,,1,70,,37003,12,,,1,29,,37004,12,,,2,70,,37005,12,,,1,30,,37006,12,,,1,100,,37010,12,,,2,100,,37007,12,,,1,100,,37008,12,,,1,99,,37009,12,,,1
6700,'Dimanche-3',715,,32922,12,,,2,101,,32916,12,,,1,100,,32919,12,,,1,30,,32921,12,,,1,70,,32927,12,,,1,30,,32924,12,,,1,70,,32930,12,,,1,31,,32932,12,,,1,70,,32926,12,,,1,30,,32928,12,,,1,70,,32917,12,,,1,30,,32918,12,,,1,70,,32920,12,,,1,30,,32923,12,,,2,71,,32929,12,,,2,30,,32925,12,,,1,70,,32931,12,,,1,29,,32940,12,,,2,70,,32939,12,,,2,30,,32935,12,,,1,70,,32933,12,,,1,29,,32943,12,,,2,70,,32934,12,,,1,30,,32941,12,,,1,100,,32938,12,,,2,100,,32937,12,,,1,100,,32936,12,,,1,99,,32942,12,,,1
6700,'Semaine-4',616,,32952,12,,,1,31,,32946,12,,,1,66,,32954,12,,,1,25,,32963,12,,,1,18,,32947,12,,,2,57,,32972,12,,,1,30,,32957,12,,,1,73,,32965,12,,,1,20,,32955,12,,,1,18,,32975,12,,,1,60,,32973,12,,,1,20,,32960,12,,,1,21,,32976,12,,,2,60,,32966,12,,,1,20,,32969,12,,,1,20,,32977,12,,,1,60,,32974,12,,,1,20,,32961,12,,,1,20,,32978,12,,,1,60,,32967,12,,,1,20,,32970,12,,,1,20,,32979,12,,,1,60,,32959,12,,,1,20,,32962,12,,,1,16,,32980,12,,,1,370,,32982,12,,,1,15,,32956,12,,,2,19,,32981,12,,,2,59,,32964,12,,,1,30,,32944,12,,,2,70,,32968,12,,,1,30,,32948,12,,,2,70,,32971,12,,,1,30,,32945,12,,,2,71,,32953,12,,,1,29,,32949,12,,,1,69,,32958,12,,,2,30,,32951,12,,,1,69,,32950,12,,,1
6700,'Samedi-10-_26ÉTÉ-0000010-',715,,43291,12,,,2,101,,43290,12,,,1,100,,43289,12,,,1,30,,43285,12,,,1,70,,43293,12,,,1,30,,43286,12,,,1,70,,43287,12,,,1,31,,43292,12,,,1,70,,43297,12,,,1,30,,43288,12,,,1,70,,43296,12,,,1,30,,43294,12,,,1,70,,43295,12,,,1,30,,43298,12,,,2,71,,43299,12,,,2,30,,43300,12,,,1,70,,43301,12,,,1,29,,43302,12,,,2,70,,43303,12,,,2,30,,43304,12,,,1,70,,43305,12,,,1,29,,43306,12,,,2,70,,43307,12,,,1,30,,43308,12,,,1,100,,43312,12,,,2,100,,43309,12,,,2,100,,43310,12,,,1,99,,43311,12,,,1
6700,'Semaine-2-_26ÉTÉ-1111100-',615,,43321,12,,,1,32,,43315,12,,,1,66,,43323,12,,,1,23,,43332,12,,,1,20,,43316,12,,,2,57,,43341,12,,,1,30,,43326,12,,,1,73,,43334,12,,,1,20,,43324,12,,,2,18,,43344,12,,,2,60,,43342,12,,,1,21,,43329,12,,,2,20,,43345,12,,,2,60,,43335,12,,,1,20,,43338,12,,,2,20,,43346,12,,,1,60,,43343,12,,,1,20,,43330,12,,,1,20,,43347,12,,,1,60,,43336,12,,,1,20,,43339,12,,,2,20,,43348,12,,,1,60,,43328,12,,,1,20,,43331,12,,,2,16,,43349,12,,,1,370,,43351,12,,,1,15,,43325,12,,,2,19,,43350,12,,,1,59,,43333,12,,,1,30,,43313,12,,,1,70,,43337,12,,,2,30,,43317,12,,,1,70,,43340,12,,,1,31,,43314,12,,,1,69,,43322,12,,,2,30,,43318,12,,,1,69,,43327,12,,,2,30,,43320,12,,,2,69,,43319,12,,,1
6700,'Semaine-3-_26ÉTÉ-1111100-',615,,43360,12,,,1,32,,43354,12,,,1,66,,43362,12,,,1,23,,43371,12,,,1,20,,43355,12,,,2,57,,43380,12,,,1,30,,43365,12,,,1,73,,43373,12,,,1,20,,43363,12,,,2,18,,43383,12,,,2,60,,43381,12,,,1,21,,43368,12,,,2,20,,43384,12,,,2,60,,43374,12,,,1,20,,43377,12,,,2,20,,43385,12,,,1,60,,43382,12,,,1,20,,43369,12,,,1,20,,43386,12,,,1,60,,43375,12,,,1,20,,43378,12,,,2,20,,43387,12,,,1,60,,43367,12,,,1,20,,43370,12,,,2,16,,43388,12,,,1,370,,43390,12,,,1,15,,43364,12,,,2,19,,43389,12,,,1,59,,43372,12,,,1,30,,43352,12,,,1,70,,43376,12,,,2,30,,43356,12,,,1,70,,43379,12,,,1,31,,43353,12,,,1,69,,43361,12,,,2,30,,43357,12,,,1,69,,43366,12,,,2,30,,43359,12,,,2,69,,43358,12,,,1
6700,'Semaine-4-_26ÉTÉ-1111100-',615,,43399,12,,,1,32,,43393,12,,,1,66,,43401,12,,,1,23,,43410,12,,,1,20,,43394,12,,,2,57,,43419,12,,,1,30,,43404,12,,,1,73,,43412,12,,,1,20,,43402,12,,,2,18,,43422,12,,,2,60,,43420,12,,,1,21,,43407,12,,,2,20,,43423,12,,,2,60,,43413,12,,,1,20,,43416,12,,,2,20,,43424,12,,,1,60,,43421,12,,,1,20,,43408,12,,,1,20,,43425,12,,,1,60,,43414,12,,,1,20,,43417,12,,,2,20,,43426,12,,,1,60,,43406,12,,,1,20,,43409,12,,,2,16,,43427,12,,,1,370,,43429,12,,,1,15,,43403,12,,,2,19,,43428,12,,,1,59,,43411,12,,,1,30,,43391,12,,,1,70,,43415,12,,,2,30,,43395,12,,,1,70,,43418,12,,,1,31,,43392,12,,,1,69,,43400,12,,,2,30,,43396,12,,,1,69,,43405,12,,,2,30,,43398,12,,,2,69,,43397,12,,,1
