3600,'Semaine-4',908,,31093,16,,,1,100,,31094,16,,,1,101,,31092,16,,,1,100,,31095,16,,,1,99,,31097,16,,,1,101,,31098,16,,,1,98,,31096,16,,,1
3600,'Semaine-5',908,,35650,16,,,1,100,,35651,16,,,1,101,,35649,16,,,1,100,,35652,16,,,1,99,,35654,16,,,1,101,,35655,16,,,1,98,,35653,16,,,1
3700,'Samedi-3',730,,31106,16,,,1,100,,31107,16,,,1,101,,31109,16,,,1,101,,31110,16,,,1,100,,31108,16,,,1,100,,31111,16,,,1,100,,31112,16,,,1,101,,31113,16,,,1,99,,31114,16,,,1,100,,31115,16,,,1,100,,31116,16,,,1,99,,31117,16,,,1,100,,31118,16,,,1,100,,31119,16,,,1,100,,31120,16,,,1,100,,31121,16,,,1,99,,31122,16,,,1,100,,31123,16,,,1
3700,'Samedi-4',730,,35663,16,,,1,100,,35664,16,,,1,101,,35666,16,,,1,101,,35667,16,,,1,100,,35665,16,,,1,100,,35668,16,,,1,100,,35669,16,,,1,101,,35670,16,,,1,99,,35671,16,,,1,100,,35672,16,,,1,100,,35673,16,,,1,99,,35674,16,,,1,100,,35675,16,,,1,100,,35676,16,,,1,100,,35677,16,,,1,100,,35678,16,,,1,99,,35679,16,,,1,100,,35680,16,,,1
3700,'Dimanche-3',730,,31124,16,,,1,100,,31127,16,,,1,101,,31131,16,,,1,101,,31128,16,,,1,100,,31126,16,,,1,100,,31130,16,,,1,100,,31125,16,,,1,101,,31129,16,,,1,99,,31136,16,,,1,100,,31132,16,,,1,100,,31135,16,,,1,99,,31139,16,,,1,100,,31133,16,,,1,100,,31134,16,,,1,100,,31138,16,,,1,100,,31140,16,,,1,99,,31137,16,,,1,100,,31141,16,,,1
3700,'Semaine-4',649,,31163,16,,,1,80,,31169,16,,,1,71,,31160,16,,,1,32,,31144,16,,,1,68,,31158,16,,,1,50,,31150,16,,,1,100,,31146,16,,,1,100,,31147,16,,,1,98,,31148,16,,,1,102,,31149,16,,,1,100,,31155,16,,,1,89,,31156,16,,,1,15,,31157,16,,,1,55,,31143,16,,,1,15,,31165,16,,,1,25,,31152,16,,,1,70,,31161,16,,,1,23,,31151,16,,,1,68,,31145,16,,,1,29,,31142,16,,,1,68,,31153,16,,,1,30,,31168,16,,,1,70,,31159,16,,,1,35,,31170,16,,,1,99,,31166,16,,,1,99,,31154,16,,,1,100,,31164,16,,,1,100,,31167,16,,,1,13,,31162,16,,,1
3700,'Semaine-5',649,,35702,16,,,1,80,,35708,16,,,1,71,,35699,16,,,1,32,,35683,16,,,1,68,,35697,16,,,1,50,,35689,16,,,1,100,,35685,16,,,1,100,,35686,16,,,1,98,,35687,16,,,1,102,,35688,16,,,1,100,,35694,16,,,1,89,,35695,16,,,1,15,,35696,16,,,1,55,,35682,16,,,1,15,,35704,16,,,1,25,,35691,16,,,1,70,,35700,16,,,1,23,,35690,16,,,1,68,,35684,16,,,1,29,,35681,16,,,1,68,,35692,16,,,1,30,,35707,16,,,1,70,,35698,16,,,1,35,,35709,16,,,1,99,,35705,16,,,1,99,,35693,16,,,1,100,,35703,16,,,1,100,,35706,16,,,1,13,,35701,16,,,1
3800,'Samedi-3',741,,31237,14,,,1,72,,31230,14,,,1,23,,31231,14,,,1,77,,31242,14,,,1,28,,31234,14,,,1,72,,31232,14,,,1,29,,31243,14,,,1,72,,31235,14,,,1,28,,31241,14,,,1,72,,31233,14,,,1,27,,31236,14,,,1,73,,31240,14,,,1,27,,31238,14,,,1,72,,31239,14,,,1,28,,31244,14,,,1,74,,31245,14,,,1,27,,31246,14,,,1,73,,31247,14,,,1,24,,31248,14,,,1,75,,31249,14,,,1,27,,31250,14,,,1,73,,31251,14,,,1,27,,31252,14,,,1,73,,31253,14,,,1,28,,31254,14,,,1,71,,31255,14,,,1,29,,31257,14,,,1,71,,31256,14,,,1,29,,31259,14,,,1,70,,31258,14,,,1,30,,31260,14,,,1,70,,31261,14,,,1,30,,31262,14,,,1
3800,'Samedi-4',741,,35759,14,,,1,72,,35752,14,,,1,23,,35753,14,,,1,77,,35764,14,,,1,28,,35756,14,,,1,72,,35754,14,,,1,29,,35765,14,,,1,72,,35757,14,,,1,28,,35763,14,,,1,72,,35755,14,,,1,27,,35758,14,,,1,73,,35762,14,,,1,27,,35760,14,,,1,72,,35761,14,,,1,28,,35766,14,,,1,74,,35767,14,,,1,27,,35768,14,,,1,73,,35769,14,,,1,24,,35770,14,,,1,75,,35771,14,,,1,27,,35772,14,,,1,73,,35773,14,,,1,27,,35774,14,,,1,73,,35775,14,,,1,28,,35776,14,,,1,71,,35777,14,,,1,29,,35779,14,,,1,71,,35778,14,,,1,29,,35781,14,,,1,70,,35780,14,,,1,30,,35782,14,,,1,70,,35783,14,,,1,30,,35784,14,,,1
3800,'Dimanche-3',741,,31272,14,,,1,72,,31270,14,,,1,23,,31268,14,,,1,77,,31275,14,,,1,28,,31263,14,,,1,72,,31264,14,,,1,29,,31276,14,,,1,72,,31271,14,,,1,28,,31265,14,,,1,72,,31266,14,,,1,27,,31269,14,,,1,73,,31267,14,,,1,27,,31278,14,,,1,72,,31280,14,,,1,28,,31273,14,,,1,74,,31279,14,,,1,27,,31281,14,,,1,73,,31274,14,,,1,24,,31277,14,,,1,75,,31285,14,,,1,27,,31290,14,,,1,73,,31287,14,,,1,27,,31286,14,,,1,73,,31284,14,,,1,28,,31289,14,,,1,71,,31294,14,,,1,29,,31292,14,,,1,71,,31282,14,,,1,29,,31283,14,,,1,70,,31293,14,,,1,30,,31291,14,,,1,70,,31288,14,,,1,30,,31295,14,,,1
3800,'Semaine-4',655,,31312,14,,,1,60,,31328,14,,,1,32,,31323,14,,,1,69,,31336,14,,,1,30,,31333,14,,,1,70,,31309,14,,,1,20,,31305,14,,,1,20,,31316,14,,,1,60,,31301,14,,,1,20,,31325,14,,,1,20,,31310,14,,,1,61,,31306,14,,,1,20,,31317,14,,,1,20,,31302,14,,,1,60,,31324,14,,,1,20,,31335,14,,,1,20,,31307,14,,,1,60,,31318,14,,,1,20,,31326,14,,,1,20,,31337,14,,,1,60,,31311,14,,,1,21,,31308,14,,,1,21,,31319,14,,,1,69,,31332,14,,,1,73,,31297,14,,,1,31,,31321,14,,,1,73,,31330,14,,,1,25,,31320,14,,,1,25,,31334,14,,,1,71,,31300,14,,,1,29,,31331,14,,,1,70,,31314,14,,,1,30,,31322,14,,,1,69,,31327,14,,,1,30,,31329,14,,,1,70,,31313,14,,,1,30,,31299,14,,,1,70,,31315,14,,,1,30,,31303,14,,,1,70,,31298,14,,,1,30,,31296,14,,,1,68,,31304,14,,,1
3800,'Semaine-5',655,,35801,14,,,1,60,,35817,14,,,1,32,,35812,14,,,1,69,,35825,14,,,1,30,,35822,14,,,1,70,,35798,14,,,1,20,,35794,14,,,1,20,,35805,14,,,1,60,,35790,14,,,1,20,,35814,14,,,1,20,,35799,14,,,1,61,,35795,14,,,1,20,,35806,14,,,1,20,,35791,14,,,1,60,,35813,14,,,1,20,,35824,14,,,1,20,,35796,14,,,1,60,,35807,14,,,1,20,,35815,14,,,1,20,,35826,14,,,1,60,,35800,14,,,1,21,,35797,14,,,1,21,,35808,14,,,1,69,,35821,14,,,1,73,,35786,14,,,1,31,,35810,14,,,1,73,,35819,14,,,1,25,,35809,14,,,1,25,,35823,14,,,1,71,,35789,14,,,1,29,,35820,14,,,1,70,,35803,14,,,1,30,,35811,14,,,1,69,,35816,14,,,1,30,,35818,14,,,1,70,,35802,14,,,1,30,,35788,14,,,1,70,,35804,14,,,1,30,,35792,14,,,1,70,,35787,14,,,1,30,,35785,14,,,1,68,,35793,14,,,1
37100,'Samedi-3',800,,34194,16,,,1,102,,34198,16,,,1,99,,34193,16,,,1,101,,34199,16,,,1,100,,34195,16,,,1,100,,34196,16,,,1,100,,34197,16,,,1,100,,34200,16,,,1,100,,34201,16,,,1,100,,34202,16,,,1,100,,34203,16,,,1,99,,34204,16,,,1,100,,34205,16,,,1,99,,34206,16,,,1,100,,34207,16,,,1,100,,34208,16,,,1,100,,34209,16,,,1
37100,'Samedi-4',800,,38025,16,,,1,102,,38029,16,,,1,99,,38024,16,,,1,101,,38030,16,,,1,100,,38026,16,,,1,100,,38027,16,,,1,100,,38028,16,,,1,100,,38031,16,,,1,100,,38032,16,,,1,100,,38033,16,,,1,100,,38034,16,,,1,99,,38035,16,,,1,100,,38036,16,,,1,99,,38037,16,,,1,100,,38038,16,,,1,100,,38039,16,,,1,100,,38040,16,,,1
37100,'Dimanche-3',800,,34210,16,,,1,102,,34216,16,,,1,99,,34217,16,,,1,101,,34218,16,,,1,100,,34211,16,,,1,100,,34213,16,,,1,100,,34212,16,,,1,100,,34214,16,,,1,100,,34215,16,,,1,100,,34220,16,,,1,100,,34225,16,,,1,99,,34219,16,,,1,100,,34221,16,,,1,99,,34226,16,,,1,100,,34224,16,,,1,100,,34222,16,,,1,100,,34223,16,,,1
37100,'Semaine-4',706,,34240,16,,,1,35,,34237,16,,,1,71,,34233,16,,,1,28,,34228,16,,,1,90,,34247,16,,,1,98,,34232,16,,,1,101,,34234,16,,,1,100,,34246,16,,,1,100,,34241,16,,,1,103,,34230,16,,,1,91,,34242,16,,,1,18,,34251,16,,,1,17,,34231,16,,,1,55,,34252,16,,,1,26,,34227,16,,,1,20,,34236,16,,,1,68,,34243,16,,,1,25,,34249,16,,,1,68,,34248,16,,,1,30,,34238,16,,,1,68,,34250,16,,,1,30,,34253,16,,,1,70,,34239,16,,,1,95,,34235,16,,,1,100,,34245,16,,,1,100,,34244,16,,,1,98,,34229,16,,,1
37100,'Semaine-5',706,,38054,16,,,1,35,,38051,16,,,1,71,,38047,16,,,1,28,,38042,16,,,1,90,,38061,16,,,1,98,,38046,16,,,1,101,,38048,16,,,1,100,,38060,16,,,1,100,,38055,16,,,1,103,,38044,16,,,1,91,,38056,16,,,1,18,,38065,16,,,1,17,,38045,16,,,1,55,,38066,16,,,1,26,,38041,16,,,1,20,,38050,16,,,1,68,,38057,16,,,1,25,,38063,16,,,1,68,,38062,16,,,1,30,,38052,16,,,1,68,,38064,16,,,1,30,,38067,16,,,1,70,,38053,16,,,1,95,,38049,16,,,1,100,,38059,16,,,1,100,,38058,16,,,1,98,,38043,16,,,1
43700,'Semaine-4',727,,34808,12,0,9 14,1,2,,34809,8,0,9 14,1
43700,'Semaine-5',727,,38459,12,0,9 14,1,2,,38460,8,0,9 14,1
