3601,'Semaine-3',850,,25465,19,,,1,90,,25463,19,,,1,100,,25466,19,,,1,100,,25464,19,,,1,99,,25469,19,,,1,100,,25468,19,,,1,101,,25467,19,,,1
3701,'Samedi-11',654,,25554,19,,,1,100,,25559,19,,,1,100,,25553,19,,,1,100,,25558,19,,,1,101,,25555,19,,,1,99,,25556,19,,,1,100,,25560,19,,,1,101,,25557,19,,,1,100,,25561,19,,,1,100,,25562,19,,,1,100,,25563,19,,,1,99,,25564,19,,,1,100,,25565,19,,,1,102,,25566,19,,,1,98,,25567,19,,,1,98,,25568,19,,,1,100,,25569,19,,,1
3701,'Samedi-2',654,,25571,19,,,1,100,,25576,19,,,1,100,,25570,19,,,1,100,,25575,19,,,1,101,,25572,19,,,1,99,,25573,19,,,1,100,,25577,19,,,1,101,,25574,19,,,1,100,,25578,19,,,1,100,,25579,19,,,1,100,,25580,19,,,1,99,,25581,19,,,1,100,,25582,19,,,1,102,,25583,19,,,1,98,,25584,19,,,1,98,,25585,19,,,1,100,,25586,19,,,1
3701,'Dimanche-2',654,,25587,19,,,1,100,,25591,19,,,1,100,,25592,19,,,1,100,,25594,19,,,1,101,,25593,19,,,1,99,,25589,19,,,1,100,,25588,19,,,1,101,,25590,19,,,1,100,,25595,19,,,1,100,,25599,19,,,1,100,,25602,19,,,1,99,,25596,19,,,1,100,,25597,19,,,1,102,,25603,19,,,1,98,,25601,19,,,1,98,,25598,19,,,1,100,,25600,19,,,1
3701,'Semaine-3',522,,25617,19,,,1,29,,25615,19,,,1,75,,25619,19,,,1,26,,25609,19,,,1,72,,25626,19,,,1,20,,25606,19,,,1,12,,25627,19,,,1,68,,25608,19,,,1,101,,25625,19,,,1,98,,25613,19,,,1,102,,25607,19,,,1,100,,25605,19,,,1,100,,25610,19,,,1,100,,25621,19,,,1,98,,25604,19,,,1,31,,25620,19,,,1,70,,25623,19,,,1,30,,25618,19,,,1,71,,25624,19,,,1,30,,25628,19,,,1,85,,25612,19,,,1,100,,25622,19,,,1,100,,25614,19,,,1,100,,25611,19,,,1,100,,25616,19,,,1
3801,'Samedi-11',710,,25774,8,,,1,30,,25770,8,,,1,70,,25782,8,,,1,31,,25775,8,,,1,69,,25771,8,,,1,31,,25783,8,,,1,67,,25776,8,,,1,33,,25780,8,,,1,66,,25772,8,,,1,34,,25777,8,,,1,70,,25781,8,,,1,30,,25773,8,,,1,69,,25778,8,,,1,32,,25779,8,,,1,68,,25784,8,,,1,32,,25785,8,,,1,67,,25786,8,,,1,32,,25787,8,,,1,69,,25788,8,,,1,31,,25789,8,,,1,69,,25790,8,,,1,31,,25791,8,,,1,67,,25792,8,,,1,33,,25794,8,,,1,69,,25793,8,,,1,31,,25796,8,,,1,69,,25795,8,,,1,31,,25797,8,,,1,70,,25798,8,,,1,30,,25802,8,,,1,70,,25799,8,,,1,30,,25800,8,,,1,71,,25801,8,,,1
3801,'Samedi-2',710,,25807,8,,,1,30,,25803,8,,,1,70,,25815,8,,,1,31,,25808,8,,,1,69,,25804,8,,,1,31,,25816,8,,,1,67,,25809,8,,,1,33,,25813,8,,,1,66,,25805,8,,,1,34,,25810,8,,,1,70,,25814,8,,,1,30,,25806,8,,,1,69,,25811,8,,,1,32,,25812,8,,,1,68,,25817,8,,,1,32,,25818,8,,,1,67,,25819,8,,,1,32,,25820,8,,,1,69,,25821,8,,,1,31,,25822,8,,,1,69,,25823,8,,,1,31,,25824,8,,,1,67,,25825,8,,,1,33,,25827,8,,,1,69,,25826,8,,,1,31,,25829,8,,,1,69,,25828,8,,,1,31,,25830,8,,,1,70,,25831,8,,,1,30,,25835,8,,,1,70,,25832,8,,,1,30,,25833,8,,,1,71,,25834,8,,,1
3801,'Dimanche-2',710,,25843,8,,,1,30,,25839,8,,,1,70,,25850,8,,,1,31,,25842,8,,,1,69,,25836,8,,,1,31,,25851,8,,,1,67,,25845,8,,,1,33,,25837,8,,,1,66,,25849,8,,,1,34,,25844,8,,,1,70,,25838,8,,,1,30,,25840,8,,,1,69,,25841,8,,,1,32,,25847,8,,,1,68,,25853,8,,,1,32,,25854,8,,,1,67,,25848,8,,,1,32,,25852,8,,,1,69,,25858,8,,,1,31,,25863,8,,,1,69,,25864,8,,,1,31,,25859,8,,,1,67,,25846,8,,,1,33,,25861,8,,,1,69,,25856,8,,,1,31,,25857,8,,,1,69,,25860,8,,,1,31,,25862,8,,,1,70,,25866,8,,,1,30,,25865,8,,,1,70,,25855,8,,,1,30,,25867,8,,,1,71,,25868,8,,,1
3801,'Semaine-3',617,,25897,8,,,1,28,,25869,8,,,1,70,,25896,8,,,1,15,,25907,8,,,1,21,,25903,8,,,1,67,,25885,8,,,1,27,,25905,8,,,1,71,,25892,8,,,1,20,,25875,8,,,1,20,,25901,8,,,1,60,,25886,8,,,1,20,,25878,8,,,1,20,,25893,8,,,1,60,,25876,8,,,1,20,,25900,8,,,1,20,,25906,8,,,1,60,,25879,8,,,1,20,,25908,8,,,1,22,,25894,8,,,1,58,,25899,8,,,1,20,,25887,8,,,1,20,,25880,8,,,1,60,,25895,8,,,1,20,,25909,8,,,1,19,,25882,8,,,1,60,,25888,8,,,1,30,,25902,8,,,1,71,,25877,8,,,1,29,,25884,8,,,1,70,,25874,8,,,1,31,,25910,8,,,1,57,,25871,8,,,1,23,,25904,8,,,1,31,,25873,8,,,1,70,,25883,8,,,1,30,,25891,8,,,1,70,,25898,8,,,1,30,,25881,8,,,1,70,,25889,8,,,1,30,,25890,8,,,1,70,,25870,8,,,1,85,,25872,8,,,1
32500,'Semaine-3',1624,,29274,13,0,7 8,1
32600,'Semaine-3',1624,,29277,13,0,7 8,1
32901,'Semaine-3',1624,,29280,13,0,7 8,1
43701,'Semaine-3',1510,,30081,20,0,9 14,1
