1800,'Semaine-1-_26ÉTÉ-1111100-',1300,,47081,18,,,2,237,,47080,18,,,2,98,,47083,18,,,1,71,,47082,18,,,1
1800,'Semaine-10-_26ÉTÉ-1111100-',1300,,47085,18,,,2,237,,47084,18,,,2,98,,47087,18,,,1,71,,47086,18,,,1
1800,'Semaine-11-_26ÉTÉ-1111100-',1300,,47089,18,,,2,237,,47088,18,,,2,98,,47091,18,,,1,71,,47090,18,,,1
1800,'Semaine-12-_26ÉTÉ-1111100-',1300,,47093,18,,,2,237,,47092,18,,,2,98,,47095,18,,,1,71,,47094,18,,,1
9300,'Semaine-1-_26ÉTÉ-1111100-',1512,,60095,7,,,2,20,,60098,7,,,2,20,,60094,7,,,1,60,,60097,7,,,1,31,,60096,7,,,2,71,,60092,7,,,2,27,,60093,7,,,1
9300,'Semaine-10-_26ÉTÉ-1111100-',1512,,60102,7,,,2,20,,60105,7,,,2,20,,60101,7,,,1,60,,60104,7,,,1,31,,60103,7,,,2,71,,60099,7,,,2,27,,60100,7,,,1
9300,'Semaine-11-_26ÉTÉ-1111100-',1512,,60109,7,,,2,20,,60112,7,,,2,20,,60108,7,,,1,60,,60111,7,,,1,31,,60110,7,,,2,71,,60106,7,,,2,27,,60107,7,,,1
9300,'Semaine-12-_26ÉTÉ-1111100-',1512,,60116,7,,,2,20,,60119,7,,,2,20,,60115,7,,,1,60,,60118,7,,,1,31,,60117,7,,,2,71,,60113,7,,,2,27,,60114,7,,,1
9500,'Semaine-1-_26ÉTÉ-1111100-',1451,,60163,7,,,1,55,,60166,7,,,2,15,,60162,7,,,1,17,,60157,7,,,1,15,,60161,7,,,2,55,,60158,7,,,1,15,,60159,7,,,2,15,,60164,7,,,1,65,,60165,7,,,1,30,,60160,7,,,1
9500,'Semaine-10-_26ÉTÉ-1111100-',1451,,60173,7,,,1,55,,60176,7,,,2,15,,60172,7,,,1,17,,60167,7,,,1,15,,60171,7,,,2,55,,60168,7,,,1,15,,60169,7,,,2,15,,60174,7,,,1,65,,60175,7,,,2,30,,60170,7,,,1
9500,'Semaine-11-_26ÉTÉ-1111100-',1451,,60183,7,,,1,55,,60186,7,,,2,15,,60182,7,,,1,17,,60177,7,,,1,15,,60181,7,,,2,55,,60178,7,,,1,15,,60179,7,,,2,15,,60184,7,,,1,65,,60185,7,,,1,30,,60180,7,,,1
9500,'Semaine-12-_26ÉTÉ-1111100-',1451,,60193,7,,,1,55,,60196,7,,,2,15,,60192,7,,,1,17,,60187,7,,,1,15,,60191,7,,,2,55,,60188,7,,,1,15,,60189,7,,,2,15,,60194,7,,,1,65,,60195,7,,,1,30,,60190,7,,,1
10000,'Semaine-1-_26ÉTÉ-1111100-',1528,,60592,14,,,1,7,,60594,14,,,1,10,,60579,14,,,1,8,,60580,14,,,1,5,,60581,14,,,1,52,,60593,14,,,1,8,,60582,14,,,1,11,,60583,14,,,1,9,,60584,14,,,1,11,,60585,14,,,1,10,,60586,14,,,1,50,,60587,14,,,1,10,,60588,14,,,1,9,,60589,14,,,1,9,,60590,14,,,1,10,,60591,14,,,1
10000,'Semaine-10-_26ÉTÉ-1111100-',1528,,60608,14,,,1,7,,60610,14,,,1,10,,60595,14,,,1,8,,60596,14,,,1,5,,60597,14,,,1,52,,60609,14,,,1,8,,60598,14,,,1,11,,60599,14,,,1,9,,60600,14,,,1,11,,60601,14,,,1,10,,60602,14,,,1,50,,60603,14,,,1,10,,60604,14,,,1,9,,60605,14,,,1,9,,60606,14,,,1,10,,60607,14,,,1
10000,'Semaine-11-_26ÉTÉ-1111100-',1528,,60624,14,,,1,7,,60626,14,,,1,10,,60611,14,,,1,8,,60612,14,,,1,5,,60613,14,,,1,52,,60625,14,,,1,8,,60614,14,,,1,11,,60615,14,,,1,9,,60616,14,,,1,11,,60617,14,,,1,10,,60618,14,,,1,50,,60619,14,,,1,10,,60620,14,,,1,9,,60621,14,,,1,9,,60622,14,,,1,10,,60623,14,,,1
10000,'Semaine-12-_26ÉTÉ-1111100-',1528,,60640,14,,,1,7,,60642,14,,,1,10,,60627,14,,,1,8,,60628,14,,,1,5,,60629,14,,,1,52,,60641,14,,,1,8,,60630,14,,,1,11,,60631,14,,,1,9,,60632,14,,,1,11,,60633,14,,,1,10,,60634,14,,,1,50,,60635,14,,,1,10,,60636,14,,,1,9,,60637,14,,,1,9,,60638,14,,,1,10,,60639,14,,,1
20000,'Semaine-1-_26ÉTÉ-1111100-',1527,,60734,10,,,1,5,,60735,10,,,1,6,,60758,10,,,1,5,,60736,10,,,1,5,,60737,10,,,1,3,,60763,10,,,1,7,,60738,10,,,1,45,,60740,10,,,1,5,,60741,10,,,1,5,,60742,10,,,1,3,,60744,10,,,1,7,,60745,10,,,1,5,,60739,10,,,1,5,,60762,10,,,1,5,,60743,10,,,1,5,,60746,10,,,1,5,,60747,10,,,1,5,,60748,10,,,1,6,,60749,10,,,1,45,,60761,10,,,1,4,,60750,10,,,1,5,,60759,10,,,1,5,,60751,10,,,1,5,,60752,10,,,1,5,,60754,10,,,1,5,,60753,10,,,1,5,,60755,10,,,1,3,,60756,10,,,1,5,,60757,10,,,1,5,,60760,10,,,1
20000,'Semaine-10-_26ÉTÉ-1111100-',1527,,60764,10,,,1,5,,60765,10,,,1,6,,60788,10,,,1,5,,60766,10,,,1,5,,60767,10,,,1,3,,60793,10,,,1,7,,60768,10,,,1,45,,60770,10,,,1,5,,60771,10,,,1,5,,60772,10,,,1,3,,60774,10,,,1,7,,60775,10,,,1,5,,60769,10,,,1,5,,60792,10,,,1,5,,60773,10,,,1,5,,60776,10,,,1,5,,60777,10,,,1,5,,60778,10,,,1,6,,60779,10,,,1,45,,60791,10,,,1,4,,60780,10,,,1,5,,60789,10,,,1,5,,60781,10,,,1,5,,60782,10,,,1,5,,60784,10,,,1,5,,60783,10,,,1,5,,60785,10,,,1,3,,60786,10,,,1,5,,60787,10,,,1,5,,60790,10,,,1
20000,'Semaine-11-_26ÉTÉ-1111100-',1527,,60794,10,,,1,5,,60795,10,,,1,6,,60818,10,,,1,5,,60796,10,,,1,5,,60797,10,,,1,3,,60823,10,,,1,7,,60798,10,,,1,45,,60800,10,,,1,5,,60801,10,,,1,5,,60802,10,,,1,3,,60804,10,,,1,7,,60805,10,,,1,5,,60799,10,,,1,5,,60822,10,,,1,5,,60803,10,,,1,5,,60806,10,,,1,5,,60807,10,,,1,5,,60808,10,,,1,6,,60809,10,,,1,45,,60821,10,,,1,4,,60810,10,,,1,5,,60819,10,,,1,5,,60811,10,,,1,5,,60812,10,,,1,5,,60814,10,,,1,5,,60813,10,,,1,5,,60815,10,,,1,3,,60816,10,,,1,5,,60817,10,,,1,5,,60820,10,,,1
20000,'Semaine-12-_26ÉTÉ-1111100-',1527,,60824,10,,,1,5,,60825,10,,,1,6,,60848,10,,,1,5,,60826,10,,,1,5,,60827,10,,,1,3,,60853,10,,,1,7,,60828,10,,,1,45,,60830,10,,,1,5,,60831,10,,,1,5,,60832,10,,,1,3,,60834,10,,,1,7,,60835,10,,,1,5,,60829,10,,,1,5,,60852,10,,,1,5,,60833,10,,,1,5,,60836,10,,,1,5,,60837,10,,,1,5,,60838,10,,,1,6,,60839,10,,,1,45,,60851,10,,,1,4,,60840,10,,,1,5,,60849,10,,,1,5,,60841,10,,,1,5,,60842,10,,,1,5,,60844,10,,,1,5,,60843,10,,,1,5,,60845,10,,,1,3,,60846,10,,,1,5,,60847,10,,,1,5,,60850,10,,,1
40000,'Samedi-0-_26ÉTÉ-0000010-',617,,61431,14,,,1,20,,61432,14,,,1,15,,61435,14,,,1,55,,61440,14,,,1,15,,61449,14,,,1,15,,61450,14,,,1,15,,61433,14,,,1,55,,61437,14,,,1,15,,61434,14,,,1,15,,61458,14,,,1,15,,61436,14,,,1,55,,61439,14,,,1,15,,61438,14,,,1,15,,61441,14,,,1,15,,61459,14,,,1,55,,61457,14,,,1,15,,61460,14,,,1,16,,61442,14,,,1,14,,61444,14,,,1,55,,61447,14,,,1,15,,61448,14,,,1,15,,61443,14,,,1,15,,61454,14,,,1,55,,61456,14,,,1,15,,61461,14,,,1,15,,61446,14,,,1,15,,61445,14,,,1,55,,61451,14,,,1,16,,61452,14,,,1,15,,61453,14,,,1,15,,61462,14,,,1,55,,61455,14,,,1,15,,61463,14,,,1,15,,61464,14,,,1,15,,61465,14,,,1,55,,61466,14,,,1,15,,61467,14,,,1,15,,61468,14,,,1,15,,61469,14,,,1,55,,61470,14,,,1,15,,61471,14,,,1,15,,61472,14,,,1,15,,61473,14,,,1,55,,61474,14,,,1,15,,61475,14,,,1,14,,61476,14,,,1,16,,61477,14,,,1,55,,61478,14,,,1,15,,61484,14,,,1,15,,61479,14,,,1,15,,61480,14,,,1,55,,61481,14,,,1,14,,61482,14,,,1,15,,61483,14,,,1,15,,61487,14,,,1,56,,61485,14,,,1,14,,61486,14,,,1,16,,61491,14,,,1,14,,61490,14,,,1,55,,61489,14,,,1,15,,61488,14,,,1,15,,61495,14,,,1,15,,61492,14,,,1,55,,61493,14,,,1,15,,61494,14,,,1,15,,61502,14,,,1,15,,61497,14,,,1,55,,61496,14,,,1,14,,61498,14,,,1,15,,61499,14,,,1,14,,61500,14,,,1,55,,61501,14,,,1,13,,61503,14,,,1
40000,'Dimanche-0-_26ÉTÉ-0000001-',617,,61504,14,,,1,20,,61506,14,,,1,15,,61511,14,,,1,55,,61517,14,,,1,15,,61519,14,,,1,15,,61505,14,,,1,15,,61508,14,,,1,55,,61515,14,,,1,15,,61522,14,,,1,15,,61526,14,,,1,15,,61510,14,,,1,55,,61518,14,,,1,15,,61529,14,,,1,15,,61507,14,,,1,15,,61509,14,,,1,55,,61516,14,,,1,15,,61523,14,,,1,16,,61524,14,,,1,14,,61540,14,,,1,55,,61539,14,,,1,15,,61530,14,,,1,15,,61521,14,,,1,15,,61531,14,,,1,55,,61534,14,,,1,15,,61543,14,,,1,15,,61512,14,,,1,15,,61541,14,,,1,55,,61538,14,,,1,16,,61542,14,,,1,15,,61520,14,,,1,15,,61513,14,,,1,55,,61544,14,,,1,15,,61535,14,,,1,15,,61527,14,,,1,15,,61525,14,,,1,55,,61532,14,,,1,15,,61537,14,,,1,15,,61547,14,,,1,15,,61514,14,,,1,55,,61549,14,,,1,15,,61536,14,,,1,15,,61528,14,,,1,15,,61559,14,,,1,55,,61533,14,,,1,15,,61568,14,,,1,14,,61554,14,,,1,16,,61558,14,,,1,55,,61574,14,,,1,15,,61565,14,,,1,15,,61546,14,,,1,15,,61560,14,,,1,55,,61550,14,,,1,14,,61567,14,,,1,15,,61553,14,,,1,15,,61557,14,,,1,56,,61573,14,,,1,14,,61566,14,,,1,16,,61545,14,,,1,14,,61570,14,,,1,55,,61564,14,,,1,15,,61572,14,,,1,15,,61548,14,,,1,15,,61552,14,,,1,55,,61556,14,,,1,15,,61562,14,,,1,15,,61576,14,,,1,15,,61569,14,,,1,55,,61563,14,,,1,14,,61571,14,,,1,15,,61575,14,,,1,14,,61551,14,,,1,55,,61555,14,,,1,13,,61561,14,,,1
40000,'Dimanche-10-_26ÉTÉ-0000001-',617,,61577,14,,,1,20,,61579,14,,,1,15,,61584,14,,,1,55,,61590,14,,,1,15,,61592,14,,,1,15,,61578,14,,,1,15,,61581,14,,,1,55,,61588,14,,,1,15,,61595,14,,,1,15,,61599,14,,,1,15,,61583,14,,,1,55,,61591,14,,,1,15,,61602,14,,,1,15,,61580,14,,,1,15,,61582,14,,,1,55,,61589,14,,,1,15,,61596,14,,,1,16,,61597,14,,,1,14,,61613,14,,,1,55,,61612,14,,,1,15,,61603,14,,,1,15,,61594,14,,,1,15,,61604,14,,,1,55,,61607,14,,,1,15,,61616,14,,,1,15,,61585,14,,,1,15,,61614,14,,,1,55,,61611,14,,,1,16,,61615,14,,,1,15,,61593,14,,,1,15,,61586,14,,,1,55,,61617,14,,,1,15,,61608,14,,,1,15,,61600,14,,,1,15,,61598,14,,,1,55,,61605,14,,,1,15,,61610,14,,,1,15,,61620,14,,,1,15,,61587,14,,,1,55,,61622,14,,,1,15,,61609,14,,,1,15,,61601,14,,,1,15,,61632,14,,,1,55,,61606,14,,,1,15,,61641,14,,,1,14,,61627,14,,,1,16,,61631,14,,,1,55,,61647,14,,,1,15,,61638,14,,,1,15,,61619,14,,,1,15,,61633,14,,,1,55,,61623,14,,,1,14,,61640,14,,,1,15,,61626,14,,,1,15,,61630,14,,,1,56,,61646,14,,,1,14,,61639,14,,,1,16,,61618,14,,,1,14,,61643,14,,,1,55,,61637,14,,,1,15,,61645,14,,,1,15,,61621,14,,,1,15,,61625,14,,,1,55,,61629,14,,,1,15,,61635,14,,,1,15,,61649,14,,,1,15,,61642,14,,,1,55,,61636,14,,,1,14,,61644,14,,,1,15,,61648,14,,,1,14,,61624,14,,,1,55,,61628,14,,,1,13,,61634,14,,,1
40000,'Dimanche-11-_26ÉTÉ-0000001-',617,,61650,14,,,1,20,,61652,14,,,1,15,,61657,14,,,1,55,,61663,14,,,1,15,,61665,14,,,1,15,,61651,14,,,1,15,,61654,14,,,1,55,,61661,14,,,1,15,,61668,14,,,1,15,,61672,14,,,1,15,,61656,14,,,1,55,,61664,14,,,1,15,,61675,14,,,1,15,,61653,14,,,1,15,,61655,14,,,1,55,,61662,14,,,1,15,,61669,14,,,1,16,,61670,14,,,1,14,,61686,14,,,1,55,,61685,14,,,1,15,,61676,14,,,1,15,,61667,14,,,1,15,,61677,14,,,1,55,,61680,14,,,1,15,,61689,14,,,1,15,,61658,14,,,1,15,,61687,14,,,1,55,,61684,14,,,1,16,,61688,14,,,1,15,,61666,14,,,1,15,,61659,14,,,1,55,,61690,14,,,1,15,,61681,14,,,1,15,,61673,14,,,1,15,,61671,14,,,1,55,,61678,14,,,1,15,,61683,14,,,1,15,,61693,14,,,1,15,,61660,14,,,1,55,,61695,14,,,1,15,,61682,14,,,1,15,,61674,14,,,1,15,,61705,14,,,1,55,,61679,14,,,1,15,,61714,14,,,1,14,,61700,14,,,1,16,,61704,14,,,1,55,,61720,14,,,1,15,,61711,14,,,1,15,,61692,14,,,1,15,,61706,14,,,1,55,,61696,14,,,1,14,,61713,14,,,1,15,,61699,14,,,1,15,,61703,14,,,1,56,,61719,14,,,1,14,,61712,14,,,1,16,,61691,14,,,1,14,,61716,14,,,1,55,,61710,14,,,1,15,,61718,14,,,1,15,,61694,14,,,1,15,,61698,14,,,1,55,,61702,14,,,1,15,,61708,14,,,1,15,,61722,14,,,1,15,,61715,14,,,1,55,,61709,14,,,1,14,,61717,14,,,1,15,,61721,14,,,1,14,,61697,14,,,1,55,,61701,14,,,1,13,,61707,14,,,1
40000,'Semaine-1-_26ÉTÉ-1111100-',552,,61723,14,,,1,55,,61729,14,,,1,15,,61752,14,,,1,15,,61767,14,,,1,15,,61757,14,,,1,57,,61815,14,,,1,10,,61787,14,,,1,10,,61739,14,,,1,10,,61786,14,,,1,14,,61781,14,,,1,55,,61782,14,,,1,11,,61737,14,,,1,12,,61759,14,,,1,12,,61761,14,,,1,12,,61808,14,,,1,51,,61778,14,,,1,11,,61732,14,,,1,12,,61741,14,,,1,10,,61727,14,,,1,9,,61730,14,,,1,10,,61783,14,,,1,50,,61749,14,,,1,10,,61762,14,,,1,10,,61755,14,,,1,10,,61756,14,,,1,11,,61788,14,,,1,9,,61768,14,,,1,50,,61779,14,,,1,10,,61733,14,,,1,11,,61742,14,,,1,9,,61731,14,,,1,10,,61809,14,,,1,10,,61784,14,,,1,50,,61750,14,,,1,10,,61763,14,,,1,10,,61754,14,,,1,10,,61746,14,,,1,10,,61775,14,,,1,10,,61758,14,,,1,45,,61769,14,,,1,5,,61780,14,,,1,11,,61734,14,,,1,10,,61744,14,,,1,10,,61736,14,,,1,10,,61726,14,,,1,10,,61785,14,,,1,50,,61766,14,,,1,10,,61764,14,,,1,7,,61776,14,,,1,6,,61753,14,,,1,7,,61745,14,,,1,6,,61793,14,,,1,6,,61794,14,,,1,5,,61795,14,,,1,46,,61796,14,,,1,5,,61797,14,,,1,7,,61807,14,,,1,5,,61813,14,,,1,4,,61798,14,,,1,233,,61799,14,,,1,45,,61800,14,,,1,5,,61801,14,,,1,5,,61802,14,,,1,5,,61814,14,,,1,5,,61803,14,,,1,6,,61804,14,,,1,8,,61805,14,,,1,12,,61806,14,,,1,12,,61770,14,,,1,52,,61771,14,,,1,11,,61765,14,,,1,12,,61791,14,,,1,12,,61774,14,,,1,12,,61760,14,,,1,52,,61738,14,,,1,12,,61810,14,,,1,12,,61743,14,,,1,11,,61811,14,,,1,13,,61751,14,,,1,52,,61772,14,,,1,14,,61812,14,,,1,12,,61748,14,,,1,15,,61792,14,,,1,54,,61790,14,,,1,15,,61735,14,,,1,15,,61724,14,,,1,15,,61740,14,,,1,53,,61773,14,,,1,15,,61747,14,,,1,15,,61777,14,,,1,15,,61789,14,,,1,55,,61728,14,,,1,15,,61725,14,,,1
40000,'Semaine-10-_26ÉTÉ-1111100-',552,,61816,14,,,1,55,,61822,14,,,1,15,,61845,14,,,1,15,,61860,14,,,1,15,,61850,14,,,1,57,,61908,14,,,1,10,,61880,14,,,1,10,,61832,14,,,1,10,,61879,14,,,1,14,,61874,14,,,1,55,,61875,14,,,1,11,,61830,14,,,1,12,,61852,14,,,1,12,,61854,14,,,1,12,,61901,14,,,1,51,,61871,14,,,1,11,,61825,14,,,1,12,,61834,14,,,1,10,,61820,14,,,1,9,,61823,14,,,1,10,,61876,14,,,1,50,,61842,14,,,1,10,,61855,14,,,1,10,,61848,14,,,1,10,,61849,14,,,1,11,,61881,14,,,1,9,,61861,14,,,1,50,,61872,14,,,1,10,,61826,14,,,1,11,,61835,14,,,1,9,,61824,14,,,1,10,,61902,14,,,1,10,,61877,14,,,1,50,,61843,14,,,1,10,,61856,14,,,1,10,,61847,14,,,1,10,,61839,14,,,1,10,,61868,14,,,1,10,,61851,14,,,1,45,,61862,14,,,1,5,,61873,14,,,1,11,,61827,14,,,1,10,,61837,14,,,1,10,,61829,14,,,1,10,,61819,14,,,1,10,,61878,14,,,1,50,,61859,14,,,1,10,,61857,14,,,1,7,,61869,14,,,1,6,,61846,14,,,1,7,,61838,14,,,1,6,,61886,14,,,1,6,,61887,14,,,1,5,,61888,14,,,1,46,,61889,14,,,1,5,,61890,14,,,1,7,,61900,14,,,1,5,,61906,14,,,1,4,,61891,14,,,1,233,,61892,14,,,1,45,,61893,14,,,1,5,,61894,14,,,1,5,,61895,14,,,1,5,,61907,14,,,1,5,,61896,14,,,1,6,,61897,14,,,1,8,,61898,14,,,1,12,,61899,14,,,1,12,,61863,14,,,1,52,,61864,14,,,1,11,,61858,14,,,1,12,,61884,14,,,1,12,,61867,14,,,1,12,,61853,14,,,1,52,,61831,14,,,1,12,,61903,14,,,1,12,,61836,14,,,1,11,,61904,14,,,1,13,,61844,14,,,1,52,,61865,14,,,1,14,,61905,14,,,1,12,,61841,14,,,1,15,,61885,14,,,1,54,,61883,14,,,1,15,,61828,14,,,1,15,,61817,14,,,1,15,,61833,14,,,1,53,,61866,14,,,1,15,,61840,14,,,1,15,,61870,14,,,1,15,,61882,14,,,1,55,,61821,14,,,1,15,,61818,14,,,1
40000,'Semaine-11-_26ÉTÉ-1111100-',552,,61909,14,,,1,55,,61915,14,,,1,15,,61938,14,,,1,15,,61953,14,,,1,15,,61943,14,,,1,57,,62001,14,,,1,10,,61973,14,,,1,10,,61925,14,,,1,10,,61972,14,,,1,14,,61967,14,,,1,55,,61968,14,,,1,11,,61923,14,,,1,12,,61945,14,,,1,12,,61947,14,,,1,12,,61994,14,,,1,51,,61964,14,,,1,11,,61918,14,,,1,12,,61927,14,,,1,10,,61913,14,,,1,9,,61916,14,,,1,10,,61969,14,,,1,50,,61935,14,,,1,10,,61948,14,,,1,10,,61941,14,,,1,10,,61942,14,,,1,11,,61974,14,,,1,9,,61954,14,,,1,50,,61965,14,,,1,10,,61919,14,,,1,11,,61928,14,,,1,9,,61917,14,,,1,10,,61995,14,,,1,10,,61970,14,,,1,50,,61936,14,,,1,10,,61949,14,,,1,10,,61940,14,,,1,10,,61932,14,,,1,10,,61961,14,,,1,10,,61944,14,,,1,45,,61955,14,,,1,5,,61966,14,,,1,11,,61920,14,,,1,10,,61930,14,,,1,10,,61922,14,,,1,10,,61912,14,,,1,10,,61971,14,,,1,50,,61952,14,,,1,10,,61950,14,,,1,7,,61962,14,,,1,6,,61939,14,,,1,7,,61931,14,,,1,6,,61979,14,,,1,6,,61980,14,,,1,5,,61981,14,,,1,46,,61982,14,,,1,5,,61983,14,,,1,7,,61993,14,,,1,5,,61999,14,,,1,4,,61984,14,,,1,233,,61985,14,,,1,45,,61986,14,,,1,5,,61987,14,,,1,5,,61988,14,,,1,5,,62000,14,,,1,5,,61989,14,,,1,6,,61990,14,,,1,8,,61991,14,,,1,12,,61992,14,,,1,12,,61956,14,,,1,52,,61957,14,,,1,11,,61951,14,,,1,12,,61977,14,,,1,12,,61960,14,,,1,12,,61946,14,,,1,52,,61924,14,,,1,12,,61996,14,,,1,12,,61929,14,,,1,11,,61997,14,,,1,13,,61937,14,,,1,52,,61958,14,,,1,14,,61998,14,,,1,12,,61934,14,,,1,15,,61978,14,,,1,54,,61976,14,,,1,15,,61921,14,,,1,15,,61910,14,,,1,15,,61926,14,,,1,53,,61959,14,,,1,15,,61933,14,,,1,15,,61963,14,,,1,15,,61975,14,,,1,55,,61914,14,,,1,15,,61911,14,,,1
40000,'Semaine-12-_26ÉTÉ-1111100-',552,,62002,14,,,1,55,,62008,14,,,1,15,,62031,14,,,1,15,,62046,14,,,1,15,,62036,14,,,1,57,,62094,14,,,1,10,,62066,14,,,1,10,,62018,14,,,1,10,,62065,14,,,1,14,,62060,14,,,1,55,,62061,14,,,1,11,,62016,14,,,1,12,,62038,14,,,1,12,,62040,14,,,1,12,,62087,14,,,1,51,,62057,14,,,1,11,,62011,14,,,1,12,,62020,14,,,1,10,,62006,14,,,1,9,,62009,14,,,1,10,,62062,14,,,1,50,,62028,14,,,1,10,,62041,14,,,1,10,,62034,14,,,1,10,,62035,14,,,1,11,,62067,14,,,1,9,,62047,14,,,1,50,,62058,14,,,1,10,,62012,14,,,1,11,,62021,14,,,1,9,,62010,14,,,1,10,,62088,14,,,1,10,,62063,14,,,1,50,,62029,14,,,1,10,,62042,14,,,1,10,,62033,14,,,1,10,,62025,14,,,1,10,,62054,14,,,1,10,,62037,14,,,1,45,,62048,14,,,1,5,,62059,14,,,1,11,,62013,14,,,1,10,,62023,14,,,1,10,,62015,14,,,1,10,,62005,14,,,1,10,,62064,14,,,1,50,,62045,14,,,1,10,,62043,14,,,1,7,,62055,14,,,1,6,,62032,14,,,1,7,,62024,14,,,1,6,,62072,14,,,1,6,,62073,14,,,1,5,,62074,14,,,1,46,,62075,14,,,1,5,,62076,14,,,1,7,,62086,14,,,1,5,,62092,14,,,1,4,,62077,14,,,1,233,,62078,14,,,1,45,,62079,14,,,1,5,,62080,14,,,1,5,,62081,14,,,1,5,,62093,14,,,1,5,,62082,14,,,1,6,,62083,14,,,1,8,,62084,14,,,1,12,,62085,14,,,1,12,,62049,14,,,1,52,,62050,14,,,1,11,,62044,14,,,1,12,,62070,14,,,1,12,,62053,14,,,1,12,,62039,14,,,1,52,,62017,14,,,1,12,,62089,14,,,1,12,,62022,14,,,1,11,,62090,14,,,1,13,,62030,14,,,1,52,,62051,14,,,1,14,,62091,14,,,1,12,,62027,14,,,1,15,,62071,14,,,1,54,,62069,14,,,1,15,,62014,14,,,1,15,,62003,14,,,1,15,,62019,14,,,1,53,,62052,14,,,1,15,,62026,14,,,1,15,,62056,14,,,1,15,,62068,14,,,1,55,,62007,14,,,1,15,,62004,14,,,1
80000,'Samedi-0-_26ÉTÉ-0000010-',742,,62960,47,,,2,102,,62961,47,,,1,100,,62962,47,,,2,102,,62964,47,,,1,100,,62965,47,,,2,100,,62963,47,,,2,100,,62966,47,,,1,101,,62967,47,,,2,100,,62968,47,,,1,100,,62969,47,,,2,97,,62970,47,,,2,100,,62971,47,,,1,100,,62974,47,,,1,99,,62972,47,,,1,100,,62973,47,,,2,98,,62975,47,,,1,100,,62976,47,,,1
80000,'Dimanche-0-_26ÉTÉ-0000001-',742,,62981,47,,,2,102,,62977,47,,,1,100,,62982,47,,,2,102,,62978,47,,,1,100,,62979,47,,,2,100,,62983,47,,,2,100,,62980,47,,,1,101,,62985,47,,,2,100,,62984,47,,,1,100,,62986,47,,,2,97,,62989,47,,,2,100,,62987,47,,,1,100,,62988,47,,,1,99,,62990,47,,,1,100,,62991,47,,,2,98,,62993,47,,,1,100,,62992,47,,,1
80000,'Dimanche-10-_26ÉTÉ-0000001-',742,,62998,47,,,2,102,,62994,47,,,1,100,,62999,47,,,2,102,,62995,47,,,1,100,,62996,47,,,2,100,,63000,47,,,2,100,,62997,47,,,1,101,,63002,47,,,2,100,,63001,47,,,1,100,,63003,47,,,2,97,,63006,47,,,2,100,,63004,47,,,1,100,,63005,47,,,1,99,,63007,47,,,1,100,,63008,47,,,2,98,,63010,47,,,1,100,,63009,47,,,1
80000,'Dimanche-11-_26ÉTÉ-0000001-',742,,63015,47,,,2,102,,63011,47,,,1,100,,63016,47,,,2,102,,63012,47,,,1,100,,63013,47,,,2,100,,63017,47,,,2,100,,63014,47,,,1,101,,63019,47,,,2,100,,63018,47,,,1,100,,63020,47,,,2,97,,63023,47,,,2,100,,63021,47,,,1,100,,63022,47,,,1,99,,63024,47,,,1,100,,63025,47,,,2,98,,63027,47,,,1,100,,63026,47,,,1
80000,'Semaine-1-_26ÉTÉ-1111100-',620,,63058,46,,,1,32,,63040,46,,,2,71,,63031,46,,,1,32,,63053,46,,,1,70,,63041,46,,,1,18,,63030,46,,,1,68,,63055,46,,,2,29,,63033,47,,,2,70,,63050,47,,,2,31,,63044,47,,,2,69,,63062,47,,,1,30,,63032,47,,,1,69,,63048,47,,,2,31,,63046,47,,,1,69,,63061,47,,,1,30,,63043,47,,,1,72,,63056,47,,,2,31,,63045,47,,,2,70,,63052,47,,,1,32,,63051,47,,,1,73,,63047,47,,,1,32,,63059,47,,,1,68,,63034,47,,,2,29,,63042,47,,,1,69,,63036,47,,,2,28,,63057,47,,,1,67,,63035,47,,,1,30,,63039,47,,,1,70,,63028,47,,,1,30,,63060,47,,,1,70,,63037,47,,,1,25,,63038,47,,,1,70,,63054,47,,,1,29,,63029,47,,,1,70,,63049,47,,,1
80000,'Semaine-10-_26ÉTÉ-1111100-',620,,63093,46,,,1,32,,63075,46,,,2,71,,63066,46,,,1,32,,63088,46,,,1,70,,63076,46,,,1,18,,63065,46,,,1,68,,63090,46,,,2,29,,63068,47,,,2,70,,63085,47,,,2,31,,63079,47,,,2,69,,63097,47,,,1,30,,63067,47,,,1,69,,63083,47,,,2,31,,63081,47,,,1,69,,63096,47,,,1,30,,63078,47,,,1,72,,63091,47,,,2,31,,63080,47,,,2,70,,63087,47,,,1,32,,63086,47,,,1,73,,63082,47,,,1,32,,63094,47,,,1,68,,63069,47,,,2,29,,63077,47,,,1,69,,63071,47,,,2,28,,63092,47,,,1,67,,63070,47,,,1,30,,63074,47,,,1,70,,63063,47,,,1,30,,63095,47,,,1,70,,63072,47,,,1,25,,63073,47,,,1,70,,63089,47,,,1,29,,63064,47,,,1,70,,63084,47,,,1
80000,'Semaine-11-_26ÉTÉ-1111100-',620,,63128,46,,,1,32,,63110,46,,,2,71,,63101,46,,,1,32,,63123,46,,,1,70,,63111,46,,,1,18,,63100,46,,,1,68,,63125,46,,,2,29,,63103,47,,,2,70,,63120,47,,,2,31,,63114,47,,,2,69,,63132,47,,,1,30,,63102,47,,,1,69,,63118,47,,,2,31,,63116,47,,,1,69,,63131,47,,,1,30,,63113,47,,,1,72,,63126,47,,,2,31,,63115,47,,,2,70,,63122,47,,,1,32,,63121,47,,,1,73,,63117,47,,,1,32,,63129,47,,,1,68,,63104,47,,,2,29,,63112,47,,,1,69,,63106,47,,,2,28,,63127,47,,,1,67,,63105,47,,,1,30,,63109,47,,,1,70,,63098,47,,,1,30,,63130,47,,,1,70,,63107,47,,,1,25,,63108,47,,,1,70,,63124,47,,,1,29,,63099,47,,,1,70,,63119,47,,,1
80000,'Semaine-12-_26ÉTÉ-1111100-',620,,63163,46,,,1,32,,63145,46,,,2,71,,63136,46,,,1,32,,63158,46,,,1,70,,63146,46,,,1,18,,63135,46,,,1,68,,63160,46,,,2,29,,63138,47,,,2,70,,63155,47,,,2,31,,63149,47,,,2,69,,63167,47,,,1,30,,63137,47,,,1,69,,63153,47,,,2,31,,63151,47,,,1,69,,63166,47,,,1,30,,63148,47,,,1,72,,63161,47,,,2,31,,63150,47,,,2,70,,63157,47,,,1,32,,63156,47,,,1,73,,63152,47,,,1,32,,63164,47,,,1,68,,63139,47,,,2,29,,63147,47,,,1,69,,63141,47,,,2,28,,63162,47,,,1,67,,63140,47,,,1,30,,63144,47,,,1,70,,63133,47,,,1,30,,63165,47,,,1,70,,63142,47,,,1,25,,63143,47,,,1,70,,63159,47,,,1,29,,63134,47,,,1,70,,63154,47,,,1
