4001,'Semaine-4',604,,31622,13,,,1,31,,31621,13,,,1,70,,31624,13,,,2,31,,31620,13,,,2,69,,31619,13,,,1,29,,31623,13,,,1
4001,'Semaine-2-_26ÉTÉ-1111100-',604,,41064,13,,,2,31,,41063,13,,,2,70,,41066,13,,,2,31,,41062,13,,,1,70,,41061,13,,,2,28,,41065,13,,,2
4001,'Semaine-3-_26ÉTÉ-1111100-',604,,41070,13,,,2,31,,41069,13,,,2,70,,41072,13,,,2,31,,41068,13,,,1,70,,41067,13,,,2,28,,41071,13,,,2
4001,'Semaine-4-_26ÉTÉ-1111100-',604,,41076,13,,,2,31,,41075,13,,,2,70,,41078,13,,,2,31,,41074,13,,,1,70,,41073,13,,,2,28,,41077,13,,,2
5000,'Semaine-4',639,,31803,14,,,1,64,,31801,14,,,1,28,,31804,14,,,2,71,,31800,14,,,1,108,,31805,14,,,1
5000,'Semaine-2-_26ÉTÉ-1111100-',639,,41418,14,,,2,64,,41417,14,,,1,28,,41419,14,,,1,70,,41416,14,,,1,109,,41420,14,,,1
5000,'Semaine-3-_26ÉTÉ-1111100-',639,,41423,14,,,2,64,,41422,14,,,1,28,,41424,14,,,1,70,,41421,14,,,1,109,,41425,14,,,1
5000,'Semaine-4-_26ÉTÉ-1111100-',639,,41428,14,,,2,64,,41427,14,,,1,28,,41429,14,,,1,70,,41426,14,,,1,109,,41430,14,,,1
5201,'Samedi-3',640,,31863,14,,,2,100,,31864,14,,,1,100,,31865,14,,,2,100,,31866,14,,,1,100,,31868,14,,,1,100,,31867,14,,,1,100,,31869,14,,,1,100,,31870,14,,,1,101,,31871,14,,,1,99,,31872,14,,,1,100,,31873,14,,,1,100,,31874,14,,,1,100,,31877,14,,,1,100,,31875,14,,,1,99,,31879,14,,,2,100,,31876,14,,,1,100,,31878,14,,,1,100,,31880,14,,,1
5201,'Samedi-4',640,,36219,14,,,2,100,,36220,14,,,1,100,,36221,14,,,2,100,,36222,14,,,1,100,,36224,14,,,1,100,,36223,14,,,1,100,,36225,14,,,1,100,,36226,14,,,1,101,,36227,14,,,1,99,,36228,14,,,1,100,,36229,14,,,1,100,,36230,14,,,1,100,,36233,14,,,1,100,,36231,14,,,1,99,,36235,14,,,2,100,,36232,14,,,1,100,,36234,14,,,1,100,,36236,14,,,1
5201,'Dimanche-3',640,,31881,14,,,2,100,,31882,14,,,1,100,,31883,14,,,2,100,,31884,14,,,1,100,,31889,14,,,1,100,,31885,14,,,1,100,,31886,14,,,1,100,,31890,14,,,1,101,,31887,14,,,1,99,,31888,14,,,1,100,,31891,14,,,1,100,,31894,14,,,1,100,,31892,14,,,1,100,,31898,14,,,1,99,,31893,14,,,2,100,,31895,14,,,1,100,,31896,14,,,1,100,,31897,14,,,1
5201,'Semaine-4',611,,31914,14,,,1,100,,31916,14,,,1,101,,31915,14,,,2,99,,31899,14,,,1,100,,31905,14,,,2,100,,31902,14,,,1,102,,31909,14,,,2,98,,31900,14,,,1,99,,31904,14,,,1,100,,31903,14,,,1,102,,31913,14,,,1,100,,31912,14,,,1,99,,31906,14,,,1,99,,31907,14,,,1,100,,31911,14,,,2,100,,31908,14,,,1,100,,31910,14,,,1,100,,31901,14,,,1
5201,'Samedi-10-_26ÉTÉ-0000010-',640,,41512,14,,,2,100,,41513,14,,,1,100,,41514,14,,,2,100,,41515,14,,,1,100,,41517,14,,,1,100,,41516,14,,,1,100,,41518,14,,,2,100,,41519,14,,,1,101,,41520,14,,,2,99,,41521,14,,,1,100,,41522,14,,,1,100,,41523,14,,,1,100,,41526,14,,,1,100,,41524,14,,,1,99,,41528,14,,,2,100,,41525,14,,,1,100,,41527,14,,,1,100,,41529,14,,,1
5201,'Semaine-2-_26ÉTÉ-1111100-',611,,41545,14,,,1,100,,41547,14,,,1,100,,41546,14,,,1,100,,41530,14,,,1,100,,41536,14,,,1,100,,41533,14,,,2,100,,41540,14,,,1,100,,41531,14,,,1,99,,41535,14,,,1,102,,41534,14,,,1,100,,41544,14,,,1,100,,41543,14,,,1,99,,41537,14,,,1,99,,41538,14,,,1,100,,41542,14,,,1,100,,41539,14,,,1,100,,41541,14,,,1,100,,41532,14,,,1
5201,'Semaine-3-_26ÉTÉ-1111100-',611,,41563,14,,,1,100,,41565,14,,,1,100,,41564,14,,,1,100,,41548,14,,,1,100,,41554,14,,,1,100,,41551,14,,,2,100,,41558,14,,,1,100,,41549,14,,,1,99,,41553,14,,,1,102,,41552,14,,,1,100,,41562,14,,,1,100,,41561,14,,,1,99,,41555,14,,,1,99,,41556,14,,,1,100,,41560,14,,,1,100,,41557,14,,,1,100,,41559,14,,,1,100,,41550,14,,,1
5201,'Semaine-4-_26ÉTÉ-1111100-',611,,41581,14,,,1,100,,41583,14,,,1,100,,41582,14,,,1,100,,41566,14,,,1,100,,41572,14,,,1,100,,41569,14,,,2,100,,41576,14,,,1,100,,41567,14,,,1,99,,41571,14,,,1,102,,41570,14,,,1,100,,41580,14,,,1,100,,41579,14,,,1,99,,41573,14,,,1,99,,41574,14,,,1,100,,41578,14,,,1,100,,41575,14,,,1,100,,41577,14,,,1,100,,41568,14,,,1
55000,'Semaine-4',653,,34816,14,0,5 6,1,2,,34817,14,0,5 6,1
55000,'Semaine-2-_26ÉTÉ-1111100-',655,,46761,14,0,5 6,1
55000,'Semaine-3-_26ÉTÉ-1111100-',655,,46762,14,0,5 6,1
55000,'Semaine-4-_26ÉTÉ-1111100-',655,,46763,14,0,5 6,1
64001,'Semaine-4',721,,34838,14,0,9 10,1,2,,34839,14,0,9 10,1
64001,'Semaine-2-_26ÉTÉ-1111100-',723,,46782,14,0,9 10,1
64001,'Semaine-3-_26ÉTÉ-1111100-',723,,46783,14,0,9 10,1
64001,'Semaine-4-_26ÉTÉ-1111100-',723,,46784,14,0,9 10,1
74001,'Semaine-4',806,,34858,14,0,5 11,1,2,,34859,14,0,5 11,1
74001,'Semaine-2-_26ÉTÉ-1111100-',808,,46800,14,0,5 11,1
74001,'Semaine-3-_26ÉTÉ-1111100-',808,,46801,14,0,5 11,1
74001,'Semaine-4-_26ÉTÉ-1111100-',808,,46802,14,0,5 11,1
