9301,'Semaine-1-_26ÉTÉ-1111100-',557,,60130,20,,,1,60,,60128,20,,,1,20,,60127,20,,,1,71,,60131,20,,,2,30,,60129,20,,,1
9301,'Semaine-10-_26ÉTÉ-1111100-',557,,60135,20,,,1,60,,60133,20,,,1,20,,60132,20,,,1,71,,60136,20,,,2,30,,60134,20,,,1
9301,'Semaine-11-_26ÉTÉ-1111100-',557,,60140,20,,,1,60,,60138,20,,,1,20,,60137,20,,,1,71,,60141,20,,,2,30,,60139,20,,,1
9301,'Semaine-12-_26ÉTÉ-1111100-',557,,60145,20,,,1,60,,60143,20,,,1,20,,60142,20,,,1,71,,60146,20,,,2,30,,60144,20,,,1
9301,'Semaine-5-_26ÉTÉ-1111100-',557,,60150,20,,,1,60,,60148,20,,,1,20,,60147,20,,,1,71,,60151,20,,,2,30,,60149,20,,,1
9401,'Semaine-1-_26ÉTÉ-1111100-',538,,60152,20,,,1
9401,'Semaine-10-_26ÉTÉ-1111100-',538,,60153,20,,,1
9401,'Semaine-11-_26ÉTÉ-1111100-',538,,60154,20,,,1
9401,'Semaine-12-_26ÉTÉ-1111100-',538,,60155,20,,,1
9401,'Semaine-5-_26ÉTÉ-1111100-',538,,60156,20,,,1
