4000,'Semaine-4',1553,,31617,50,,,1,70,,31613,50,,,2,34,,31616,50,,,1,68,,31615,50,,,2,28,,31614,50,,,1,63,,31618,50,,,1
4000,'Semaine-2-_26ÉTÉ-1111100-',1553,,41047,50,,,2,69,,41043,50,,,2,35,,41046,50,,,1,68,,41045,50,,,1,31,,41044,50,,,1,62,,41048,50,,,2
4000,'Semaine-3-_26ÉTÉ-1111100-',1553,,41053,50,,,2,69,,41049,50,,,2,35,,41052,50,,,1,68,,41051,50,,,1,31,,41050,50,,,1,62,,41054,50,,,2
4000,'Semaine-4-_26ÉTÉ-1111100-',1553,,41059,50,,,2,69,,41055,50,,,2,35,,41058,50,,,1,68,,41057,50,,,1,31,,41056,50,,,1,62,,41060,50,,,2
5001,'Semaine-4',1644,,31806,31,,,1,103,,31808,31,,,1,93,,31807,31,,,1
5001,'Semaine-2-_26ÉTÉ-1111100-',1644,,41431,31,,,1,103,,41433,31,,,1,93,,41432,31,,,1
5001,'Semaine-3-_26ÉTÉ-1111100-',1644,,41434,31,,,1,103,,41436,31,,,1,93,,41435,31,,,1
5001,'Semaine-4-_26ÉTÉ-1111100-',1644,,41437,31,,,1,103,,41439,31,,,1,93,,41438,31,,,1
5200,'Samedi-3',701,,31809,49,,,1,100,,31810,49,,,2,101,,31811,49,,,1,99,,31812,49,,,2,100,,31813,49,,,1,103,,31814,49,,,1,100,,31815,49,,,2,100,,31816,49,,,1,99,,31817,49,,,1,101,,31818,49,,,1,100,,31819,49,,,1,99,,31820,49,,,1,99,,31821,49,,,1,100,,31824,49,,,1,100,,31822,49,,,1,98,,31823,49,,,2,58,,31825,49,,,2,100,,31826,49,,,1
5200,'Samedi-4',701,,36183,49,,,1,100,,36184,49,,,2,101,,36185,49,,,1,99,,36186,49,,,2,100,,36187,49,,,1,103,,36188,49,,,1,100,,36189,49,,,2,100,,36190,49,,,1,99,,36191,49,,,1,101,,36192,49,,,1,100,,36193,49,,,1,99,,36194,49,,,1,99,,36195,49,,,1,100,,36198,49,,,1,100,,36196,49,,,1,98,,36197,49,,,2,58,,36199,49,,,2,100,,36200,49,,,1
5200,'Dimanche-3',701,,31828,49,,,1,100,,31827,49,,,2,101,,31829,49,,,1,99,,31830,49,,,2,100,,31832,49,,,1,103,,31837,49,,,1,100,,31831,49,,,2,100,,31834,49,,,1,99,,31835,49,,,1,101,,31833,49,,,1,100,,31836,49,,,1,99,,31843,49,,,1,99,,31842,49,,,1,100,,31838,49,,,1,100,,31844,49,,,1,98,,31841,49,,,2,58,,31840,49,,,2,100,,31839,49,,,1
5200,'Semaine-4',631,,31848,49,,,1,100,,31850,49,,,1,110,,31845,49,,,1,94,,31861,49,,,2,98,,31859,49,,,1,101,,31846,49,,,2,100,,31853,49,,,1,100,,31852,49,,,1,101,,31849,49,,,1,102,,31847,49,,,1,108,,31851,49,,,1,98,,31862,49,,,1,106,,31860,49,,,1,100,,31854,49,,,1,83,,31858,49,,,1,100,,31857,49,,,2,99,,31855,49,,,1,99,,31856,49,,,1
5200,'Samedi-10-_26ÉTÉ-0000010-',701,,41440,49,,,1,100,,41441,49,,,2,101,,41442,49,,,1,99,,41443,49,,,2,100,,41444,49,,,1,103,,41445,49,,,1,100,,41446,49,,,2,100,,41447,49,,,2,99,,41448,49,,,1,101,,41449,49,,,2,100,,41450,49,,,1,99,,41451,49,,,1,99,,41452,49,,,1,100,,41455,49,,,1,100,,41453,49,,,1,98,,41454,49,,,2,58,,41456,49,,,2,100,,41457,49,,,1
5200,'Semaine-2-_26ÉTÉ-1111100-',631,,41461,49,,,1,100,,41463,49,,,1,110,,41458,49,,,1,96,,41474,49,,,1,97,,41472,49,,,2,100,,41459,49,,,1,100,,41466,49,,,1,100,,41465,49,,,1,101,,41462,49,,,1,101,,41460,49,,,1,108,,41464,49,,,1,101,,41475,49,,,1,104,,41473,49,,,1,100,,41467,49,,,1,83,,41471,49,,,1,100,,41470,49,,,1,99,,41468,49,,,1,99,,41469,49,,,1
5200,'Semaine-3-_26ÉTÉ-1111100-',631,,41479,49,,,1,100,,41481,49,,,1,110,,41476,49,,,1,96,,41492,49,,,1,97,,41490,49,,,2,100,,41477,49,,,1,100,,41484,49,,,1,100,,41483,49,,,1,101,,41480,49,,,1,101,,41478,49,,,1,108,,41482,49,,,1,101,,41493,49,,,1,104,,41491,49,,,1,100,,41485,49,,,1,83,,41489,49,,,1,100,,41488,49,,,1,99,,41486,49,,,1,99,,41487,49,,,1
5200,'Semaine-4-_26ÉTÉ-1111100-',631,,41497,49,,,1,100,,41499,49,,,1,110,,41494,49,,,1,96,,41510,49,,,1,97,,41508,49,,,2,100,,41495,49,,,1,100,,41502,49,,,1,100,,41501,49,,,1,101,,41498,49,,,1,101,,41496,49,,,1,108,,41500,49,,,1,101,,41511,49,,,1,104,,41509,49,,,1,100,,41503,49,,,1,83,,41507,49,,,1,100,,41506,49,,,1,99,,41504,49,,,1,99,,41505,49,,,1
55001,'Semaine-4',1555,,34820,29,0,5 6,1
64000,'Semaine-4',1509,,34837,10,0,9 10,1
74000,'Semaine-4',1655,,34857,45,0,5 11,1
