7200,'Samedi-10-_26ÉTÉ-0000010-',706,,44186,11,,,2,100,,44185,11,,,1,100,,44184,11,,,1,100,,44188,11,,,1,100,,44182,11,,,2,100,,44183,11,,,1,100,,44187,11,,,2,100,,44189,11,,,1,100,,44190,11,,,1,100,,44191,11,,,2,100,,44192,11,,,1,100,,44193,11,,,2,100,,44194,11,,,1,100,,44195,11,,,2
7200,'Semaine-2-_26ÉTÉ-1111100-',641,,44215,11,,,1,70,,44207,11,,,1,30,,44208,11,,,1,70,,44209,11,,,2,30,,44210,11,,,2,70,,44211,11,,,2,100,,44212,11,,,2,100,,44213,11,,,1,100,,44214,11,,,1,100,,44216,11,,,2,100,,44203,11,,,1,100,,44199,11,,,1,30,,44205,11,,,1,70,,44201,11,,,2,29,,44198,11,,,1,71,,44197,11,,,2,30,,44206,11,,,1,70,,44204,11,,,1,30,,44202,11,,,1,70,,44200,11,,,1,100,,44196,11,,,1
7200,'Semaine-3-_26ÉTÉ-1111100-',641,,44236,11,,,1,70,,44228,11,,,1,30,,44229,11,,,1,70,,44230,11,,,2,30,,44231,11,,,2,70,,44232,11,,,2,100,,44233,11,,,2,100,,44234,11,,,1,100,,44235,11,,,1,100,,44237,11,,,2,100,,44224,11,,,1,100,,44220,11,,,1,30,,44226,11,,,1,70,,44222,11,,,2,29,,44219,11,,,1,71,,44218,11,,,2,30,,44227,11,,,1,70,,44225,11,,,1,30,,44223,11,,,1,70,,44221,11,,,1,100,,44217,11,,,1
7200,'Semaine-4-_26ÉTÉ-1111100-',641,,44257,11,,,1,70,,44249,11,,,1,30,,44250,11,,,1,70,,44251,11,,,2,30,,44252,11,,,2,70,,44253,11,,,2,100,,44254,11,,,2,100,,44255,11,,,1,100,,44256,11,,,1,100,,44258,11,,,2,100,,44245,11,,,1,100,,44241,11,,,1,30,,44247,11,,,1,70,,44243,11,,,2,29,,44240,11,,,1,71,,44239,11,,,2,30,,44248,11,,,1,70,,44246,11,,,1,30,,44244,11,,,1,70,,44242,11,,,1,100,,44238,11,,,1
7700,'Samedi-10-_26ÉTÉ-0000010-',742,,44902,1,,,1,100,,44901,1,,,2,100,,44900,1,,,2,100,,44905,1,,,1,100,,44903,1,,,1,100,,44904,1,,,1,100,,44906,1,,,1,102,,44907,1,,,1,98,,44908,1,,,1,100,,44909,1,,,1,100,,44910,1,,,1,100,,44911,1,,,1,100,,44912,1,,,1,100,,44915,1,,,1,100,,44913,1,,,1,100,,44914,1,,,2
7700,'Semaine-2-_26ÉTÉ-1111100-',520,,44941,1,,,1,29,,44926,1,,,1,70,,44928,1,,,1,30,,44918,1,,,1,72,,44929,1,,,2,28,,44940,1,,,2,67,,44925,1,,,2,30,,44930,1,,,2,70,,44945,1,,,2,30,,44931,1,,,2,70,,44946,1,,,1,30,,44932,1,,,1,70,,44947,1,,,1,30,,44933,1,,,1,70,,44944,1,,,1,30,,44934,1,,,1,70,,44943,1,,,1,30,,44935,1,,,1,72,,44942,1,,,2,28,,44917,1,,,2,70,,44937,1,,,1,30,,44922,1,,,2,70,,44936,1,,,2,30,,44920,1,,,1,70,,44938,1,,,1,30,,44921,1,,,1,70,,44927,1,,,1,30,,44939,1,,,1,100,,44923,1,,,2,100,,44924,1,,,2,100,,44919,1,,,2,100,,44916,1,,,1
7700,'Semaine-3-_26ÉTÉ-1111100-',520,,44973,1,,,1,29,,44958,1,,,1,70,,44960,1,,,1,30,,44950,1,,,1,72,,44961,1,,,2,28,,44972,1,,,2,67,,44957,1,,,2,30,,44962,1,,,2,70,,44977,1,,,2,30,,44963,1,,,2,70,,44978,1,,,1,30,,44964,1,,,1,70,,44979,1,,,1,30,,44965,1,,,1,70,,44976,1,,,1,30,,44966,1,,,1,70,,44975,1,,,1,30,,44967,1,,,1,72,,44974,1,,,2,28,,44949,1,,,2,70,,44969,1,,,1,30,,44954,1,,,2,70,,44968,1,,,2,30,,44952,1,,,1,70,,44970,1,,,1,30,,44953,1,,,1,70,,44959,1,,,1,30,,44971,1,,,1,100,,44955,1,,,2,100,,44956,1,,,2,100,,44951,1,,,2,100,,44948,1,,,1
7700,'Semaine-4-_26ÉTÉ-1111100-',520,,45005,1,,,1,29,,44990,1,,,1,70,,44992,1,,,1,30,,44982,1,,,1,72,,44993,1,,,2,28,,45004,1,,,2,67,,44989,1,,,2,30,,44994,1,,,2,70,,45009,1,,,2,30,,44995,1,,,2,70,,45010,1,,,1,30,,44996,1,,,1,70,,45011,1,,,1,30,,44997,1,,,1,70,,45008,1,,,1,30,,44998,1,,,1,70,,45007,1,,,1,30,,44999,1,,,1,72,,45006,1,,,2,28,,44981,1,,,2,70,,45001,1,,,1,30,,44986,1,,,2,70,,45000,1,,,2,30,,44984,1,,,1,70,,45002,1,,,1,30,,44985,1,,,1,70,,44991,1,,,1,30,,45003,1,,,1,100,,44987,1,,,2,100,,44988,1,,,2,100,,44983,1,,,2,100,,44980,1,,,1
7800,'Samedi-10-_26ÉTÉ-0000010-',812,,45015,1,,,1,100,,45014,1,,,2,100,,45012,1,,,2,100,,45017,1,,,1,100,,45013,1,,,1,100,,45016,1,,,1,99,,45018,1,,,1,101,,45019,1,,,1,100,,45020,1,,,1,100,,45021,1,,,1,100,,45022,1,,,1,100,,45023,1,,,2,100,,45024,1,,,1,100,,45025,1,,,1,100,,45026,1,,,1,100,,45027,1,,,2
7800,'Semaine-2-_26ÉTÉ-1111100-',444,,45040,1,,,1,60,,45041,1,,,1,30,,45030,1,,,1,70,,45042,1,,,2,30,,45028,1,,,2,70,,45043,1,,,2,30,,45052,1,,,2,25,,45033,1,,,1,74,,45044,1,,,1,68,,45045,1,,,2,30,,45056,1,,,2,70,,45046,1,,,1,30,,45057,1,,,2,70,,45047,1,,,1,30,,45058,1,,,1,70,,45048,1,,,1,30,,45059,1,,,2,70,,45049,1,,,1,30,,45060,1,,,1,70,,45050,1,,,1,30,,45035,1,,,2,70,,45051,1,,,1,29,,45029,1,,,1,29,,45038,1,,,1,72,,45053,1,,,1,72,,45037,1,,,1,28,,45061,1,,,1,70,,45054,1,,,1,30,,45031,1,,,1,85,,45055,1,,,1,98,,45036,1,,,1,102,,45039,1,,,1,100,,45032,1,,,2,100,,45034,1,,,1
7800,'Semaine-3-_26ÉTÉ-1111100-',444,,45074,1,,,1,60,,45075,1,,,1,30,,45064,1,,,1,70,,45076,1,,,2,30,,45062,1,,,2,70,,45077,1,,,2,30,,45086,1,,,2,25,,45067,1,,,1,74,,45078,1,,,1,68,,45079,1,,,2,30,,45090,1,,,2,70,,45080,1,,,1,30,,45091,1,,,2,70,,45081,1,,,1,30,,45092,1,,,1,70,,45082,1,,,1,30,,45093,1,,,2,70,,45083,1,,,1,30,,45094,1,,,1,70,,45084,1,,,1,30,,45069,1,,,2,70,,45085,1,,,1,29,,45063,1,,,1,29,,45072,1,,,1,72,,45087,1,,,1,72,,45071,1,,,1,28,,45095,1,,,1,70,,45088,1,,,1,30,,45065,1,,,1,85,,45089,1,,,1,98,,45070,1,,,1,102,,45073,1,,,1,100,,45066,1,,,2,100,,45068,1,,,1
7800,'Semaine-4-_26ÉTÉ-1111100-',444,,45108,1,,,1,60,,45109,1,,,1,30,,45098,1,,,1,70,,45110,1,,,2,30,,45096,1,,,2,70,,45111,1,,,2,30,,45120,1,,,2,25,,45101,1,,,1,74,,45112,1,,,1,68,,45113,1,,,2,30,,45124,1,,,2,70,,45114,1,,,1,30,,45125,1,,,2,70,,45115,1,,,1,30,,45126,1,,,1,70,,45116,1,,,1,30,,45127,1,,,2,70,,45117,1,,,1,30,,45128,1,,,1,70,,45118,1,,,1,30,,45103,1,,,2,70,,45119,1,,,1,29,,45097,1,,,1,29,,45106,1,,,1,72,,45121,1,,,1,72,,45105,1,,,1,28,,45129,1,,,1,70,,45122,1,,,1,30,,45099,1,,,1,85,,45123,1,,,1,98,,45104,1,,,1,102,,45107,1,,,1,100,,45100,1,,,2,100,,45102,1,,,1
