6401,'Samedi-0-_26ÉTÉ-0000010-',726,,55096,19,,,1,100,,55093,19,,,1,100,,55095,19,,,1,100,,55098,19,,,1,100,,55094,19,,,2,100,,55099,19,,,1,100,,55097,19,,,1,100,,55100,19,,,2,100,,55101,19,,,1,100,,55102,19,,,1,100,,55103,19,,,1
6401,'Dimanche-0-_26ÉTÉ-0000001-',726,,55108,19,,,1,100,,55106,19,,,1,100,,55111,19,,,1,100,,55104,19,,,1,100,,55110,19,,,2,100,,55112,19,,,1,100,,55105,19,,,1,100,,55109,19,,,2,100,,55107,19,,,1,100,,55113,19,,,1,100,,55114,19,,,1
6401,'Dimanche-10-_26ÉTÉ-0000001-',726,,55119,19,,,1,100,,55117,19,,,1,100,,55122,19,,,1,100,,55115,19,,,1,100,,55121,19,,,2,100,,55123,19,,,1,100,,55116,19,,,1,100,,55120,19,,,2,100,,55118,19,,,1,100,,55124,19,,,1,100,,55125,19,,,1
6401,'Dimanche-11-_26ÉTÉ-0000001-',726,,55130,19,,,1,100,,55128,19,,,1,100,,55133,19,,,1,100,,55126,19,,,1,100,,55132,19,,,2,100,,55134,19,,,1,100,,55127,19,,,1,100,,55131,19,,,2,100,,55129,19,,,1,100,,55135,19,,,1,100,,55136,19,,,1
6401,'Semaine-1-_26ÉTÉ-1111100-',526,,55137,19,,,1,108,,55147,19,,,2,100,,55149,19,,,2,100,,55146,19,,,2,95,,55154,19,,,2,100,,55141,19,,,2,100,,55140,19,,,2,100,,55152,19,,,1,100,,55148,19,,,1,99,,55150,19,,,1,115,,55151,19,,,1,87,,55142,19,,,1,98,,55138,19,,,1,100,,55139,19,,,1,99,,55145,19,,,1,100,,55143,19,,,1,100,,55144,19,,,1,100,,55153,19,,,1
6401,'Semaine-10-_26ÉTÉ-1111100-',526,,55155,19,,,1,108,,55165,19,,,2,100,,55167,19,,,2,100,,55164,19,,,2,95,,55172,19,,,2,100,,55159,19,,,2,100,,55158,19,,,2,100,,55170,19,,,1,100,,55166,19,,,1,99,,55168,19,,,1,115,,55169,19,,,1,87,,55160,19,,,1,98,,55156,19,,,1,100,,55157,19,,,1,99,,55163,19,,,1,100,,55161,19,,,1,100,,55162,19,,,1,100,,55171,19,,,1
6401,'Semaine-11-_26ÉTÉ-1111100-',526,,55173,19,,,1,108,,55183,19,,,2,100,,55185,19,,,2,100,,55182,19,,,2,95,,55190,19,,,2,100,,55177,19,,,2,100,,55176,19,,,2,100,,55188,19,,,1,100,,55184,19,,,1,99,,55186,19,,,1,115,,55187,19,,,1,87,,55178,19,,,1,98,,55174,19,,,1,100,,55175,19,,,1,99,,55181,19,,,1,100,,55179,19,,,1,100,,55180,19,,,1,100,,55189,19,,,1
6401,'Semaine-12-_26ÉTÉ-1111100-',526,,55191,19,,,1,108,,55201,19,,,2,100,,55203,19,,,2,100,,55200,19,,,2,95,,55208,19,,,2,100,,55195,19,,,2,100,,55194,19,,,2,100,,55206,19,,,1,100,,55202,19,,,1,99,,55204,19,,,1,115,,55205,19,,,1,87,,55196,19,,,1,98,,55192,19,,,1,100,,55193,19,,,1,99,,55199,19,,,1,100,,55197,19,,,1,100,,55198,19,,,1,100,,55207,19,,,1
6900,'Samedi-0-_26ÉTÉ-0000010-',853,,57069,17,,,1,100,,57068,17,,,1,100,,57070,17,,,1,100,,57072,17,,,1,100,,57071,17,,,1,100,,57073,17,,,1,101,,57074,17,,,1,99,,57075,17,,,1,100,,57076,17,,,1,100,,57077,17,,,1,100,,57078,17,,,1,100,,57079,17,,,2,100,,57080,17,,,2,100,,57081,17,,,2,100,,57082,17,,,2
6900,'Dimanche-0-_26ÉTÉ-0000001-',853,,57085,17,,,1,100,,57086,17,,,1,100,,57083,17,,,1,100,,57084,17,,,1,100,,57087,17,,,1,100,,57088,17,,,1,101,,57091,17,,,1,99,,57092,17,,,1,100,,57089,17,,,1,100,,57090,17,,,1,100,,57097,17,,,1,100,,57095,17,,,2,100,,57096,17,,,2,100,,57093,17,,,2,100,,57094,17,,,2
6900,'Dimanche-10-_26ÉTÉ-0000001-',853,,57100,17,,,1,100,,57101,17,,,1,100,,57098,17,,,1,100,,57099,17,,,1,100,,57102,17,,,1,100,,57103,17,,,1,101,,57106,17,,,1,99,,57107,17,,,1,100,,57104,17,,,1,100,,57105,17,,,1,100,,57112,17,,,1,100,,57110,17,,,2,100,,57111,17,,,2,100,,57108,17,,,2,100,,57109,17,,,2
6900,'Dimanche-11-_26ÉTÉ-0000001-',853,,57115,17,,,1,100,,57116,17,,,1,100,,57113,17,,,1,100,,57114,17,,,1,100,,57117,17,,,1,100,,57118,17,,,1,101,,57121,17,,,1,99,,57122,17,,,1,100,,57119,17,,,1,100,,57120,17,,,1,100,,57127,17,,,1,100,,57125,17,,,2,100,,57126,17,,,2,100,,57123,17,,,2,100,,57124,17,,,2
6900,'Semaine-1-_26ÉTÉ-1111100-',846,,57137,17,,,1,101,,57138,17,,,2,100,,57139,17,,,2,100,,57140,17,,,2,95,,57141,17,,,2,100,,57142,17,,,1,100,,57146,17,,,2,70,,57133,17,,,1,30,,57130,17,,,2,71,,57128,17,,,1,29,,57143,17,,,2,72,,57134,17,,,2,28,,57144,17,,,2,70,,57147,17,,,2,30,,57145,17,,,2,80,,57136,17,,,2,100,,57135,17,,,2,100,,57129,17,,,1,100,,57132,17,,,1,100,,57131,17,,,1
6900,'Semaine-10-_26ÉTÉ-1111100-',846,,57157,17,,,1,101,,57158,17,,,2,100,,57159,17,,,2,100,,57160,17,,,2,95,,57161,17,,,2,100,,57162,17,,,1,100,,57166,17,,,2,70,,57153,17,,,1,30,,57150,17,,,2,71,,57148,17,,,1,29,,57163,17,,,2,72,,57154,17,,,2,28,,57164,17,,,2,70,,57167,17,,,2,30,,57165,17,,,2,80,,57156,17,,,2,100,,57155,17,,,2,100,,57149,17,,,2,100,,57152,17,,,2,100,,57151,17,,,2
6900,'Semaine-11-_26ÉTÉ-1111100-',846,,57177,17,,,1,101,,57178,17,,,2,100,,57179,17,,,2,100,,57180,17,,,2,95,,57181,17,,,2,100,,57182,17,,,1,100,,57186,17,,,2,70,,57173,17,,,1,30,,57170,17,,,2,71,,57168,17,,,1,29,,57183,17,,,2,72,,57174,17,,,2,28,,57184,17,,,2,70,,57187,17,,,2,30,,57185,17,,,2,80,,57176,17,,,2,100,,57175,17,,,2,100,,57169,17,,,1,100,,57172,17,,,1,100,,57171,17,,,1
6900,'Semaine-12-_26ÉTÉ-1111100-',846,,57197,17,,,1,101,,57198,17,,,2,100,,57199,17,,,2,100,,57200,17,,,2,95,,57201,17,,,2,100,,57202,17,,,1,100,,57206,17,,,2,70,,57193,17,,,1,30,,57190,17,,,2,71,,57188,17,,,1,29,,57203,17,,,2,72,,57194,17,,,2,28,,57204,17,,,2,70,,57207,17,,,2,30,,57205,17,,,2,80,,57196,17,,,2,100,,57195,17,,,2,100,,57189,17,,,1,100,,57192,17,,,1,100,,57191,17,,,1
