3601,'Semaine-3',836,,25465,3,,,1,91,,25463,3,,,1,100,,25466,3,,,1,100,,25464,3,,,1,99,,25469,3,,,1,100,,25468,3,,,1,101,,25467,3,,,1
3701,'Samedi-11',642,,25554,3,,,1,100,,25559,3,,,1,100,,25553,3,,,1,100,,25558,3,,,1,101,,25555,3,,,1,99,,25556,3,,,1,100,,25560,3,,,1,100,,25557,3,,,1,100,,25561,3,,,1,100,,25562,3,,,1,100,,25563,3,,,1,100,,25564,3,,,1,100,,25565,3,,,1,102,,25566,3,,,1,98,,25567,3,,,1,99,,25568,3,,,1,100,,25569,3,,,1
3701,'Samedi-2',642,,25571,3,,,1,100,,25576,3,,,1,100,,25570,3,,,1,100,,25575,3,,,1,101,,25572,3,,,1,99,,25573,3,,,1,100,,25577,3,,,1,100,,25574,3,,,1,100,,25578,3,,,1,100,,25579,3,,,1,100,,25580,3,,,1,100,,25581,3,,,1,100,,25582,3,,,1,102,,25583,3,,,1,98,,25584,3,,,1,99,,25585,3,,,1,100,,25586,3,,,1
3701,'Dimanche-2',642,,25587,3,,,1,100,,25591,3,,,1,100,,25592,3,,,1,100,,25594,3,,,1,101,,25593,3,,,1,99,,25589,3,,,1,100,,25588,3,,,1,100,,25590,3,,,1,100,,25595,3,,,1,100,,25599,3,,,1,100,,25602,3,,,1,100,,25596,3,,,1,100,,25597,3,,,1,102,,25603,3,,,1,98,,25601,3,,,1,99,,25598,3,,,1,100,,25600,3,,,1
3701,'Semaine-3',510,,25617,3,,,1,29,,25615,3,,,1,75,,25619,3,,,1,26,,25609,3,,,1,71,,25626,3,,,1,20,,25606,3,,,1,12,,25627,3,,,1,67,,25608,3,,,1,103,,25625,3,,,1,98,,25613,3,,,1,102,,25607,3,,,1,100,,25605,3,,,1,100,,25610,3,,,1,100,,25621,3,,,1,97,,25604,3,,,1,31,,25620,3,,,1,70,,25623,3,,,1,30,,25618,3,,,1,72,,25624,3,,,1,30,,25628,3,,,1,85,,25612,3,,,1,100,,25622,3,,,1,100,,25614,3,,,1,100,,25611,3,,,1,101,,25616,3,,,1
6401,'Samedi-11',712,,27325,3,,,1,100,,27322,3,,,1,100,,27324,3,,,1,100,,27327,3,,,1,100,,27323,3,,,2,100,,27328,3,,,1,100,,27326,3,,,1,100,,27329,3,,,2,100,,27330,3,,,1,100,,27331,3,,,1,100,,27332,3,,,1
6401,'Samedi-2',712,,27336,3,,,1,100,,27333,3,,,1,100,,27335,3,,,1,100,,27338,3,,,1,100,,27334,3,,,2,100,,27339,3,,,1,100,,27337,3,,,1,100,,27340,3,,,2,100,,27341,3,,,1,100,,27342,3,,,1,100,,27343,3,,,1
6401,'Dimanche-2',712,,27348,3,,,1,100,,27346,3,,,1,100,,27351,3,,,1,100,,27344,3,,,1,100,,27350,3,,,2,100,,27352,3,,,1,100,,27345,3,,,1,100,,27349,3,,,2,100,,27347,3,,,1,100,,27353,3,,,1,100,,27354,3,,,1
6401,'Semaine-3',511,,27355,3,,,1,108,,27365,3,,,1,100,,27367,3,,,1,100,,27364,3,,,1,93,,27372,3,,,1,99,,27359,3,,,1,101,,27358,3,,,1,100,,27370,3,,,1,100,,27366,3,,,1,99,,27368,3,,,1,117,,27369,12,,,2,85,,27360,3,,,2,97,,27356,3,,,1,101,,27357,3,,,2,100,,27363,3,,,1,100,,27361,3,,,1,100,,27362,3,,,1,100,,27371,3,,,1
6800,'Semaine-3',601,,27963,3,,,1,30,,27973,3,,,1,28,,27971,3,,,1,74,,27980,3,,,1,68,,27977,3,,,1,30,,27954,3,,,1,70,,27978,3,,,1,30,,27955,3,,,1,70,,27960,3,,,1,30,,27979,3,,,1,70,,27965,3,,,1,30,,27958,3,,,1,75,,27975,3,,,1,32,,27956,3,0,17,1,3,,27966,3,,,1,70,,27974,3,,,1,30,,27967,3,,,1,71,,27961,3,,,1,29,,27964,3,,,1,60,,27972,3,,,1,21,,27982,3,,,1,23,,27968,3,,,1,58,,27976,3,,,1,19,,27970,3,,,1,20,,27984,3,,,1,59,,27981,3,,,1,10,,27969,3,,,1,10,,27983,3,,,1,20,,27957,3,,,1,70,,27962,3,,,1,30,,27959,3,,,1
33101,'Semaine-3',1641,,29282,34,0,7 8,1
37101,'Samedi-11',713,,29362,3,,,1,99,,29361,3,,,1,101,,29365,3,,,1,100,,29364,3,,,1,100,,29366,3,,,1,100,,29363,3,,,1,100,,29367,3,,,1,100,,29368,3,,,1,100,,29369,3,,,1,100,,29370,3,,,1,100,,29371,3,,,1,100,,29372,3,,,1,100,,29373,3,,,1,100,,29374,3,,,1,100,,29375,3,,,1,100,,29376,3,,,1,100,,29377,3,,,1
37101,'Samedi-2',713,,29379,3,,,1,99,,29378,3,,,1,101,,29382,3,,,1,100,,29381,3,,,1,100,,29383,3,,,1,100,,29380,3,,,1,100,,29384,3,,,1,100,,29385,3,,,1,100,,29386,3,,,1,100,,29387,3,,,1,100,,29388,3,,,1,100,,29389,3,,,1,100,,29390,3,,,1,100,,29391,3,,,1,100,,29392,3,,,1,100,,29393,3,,,1,100,,29394,3,,,1
37101,'Dimanche-2',713,,29398,3,,,1,99,,29395,3,,,1,101,,29399,3,,,1,100,,29396,3,,,1,100,,29402,3,,,1,100,,29397,3,,,1,100,,29400,3,,,1,100,,29405,3,,,1,100,,29401,3,,,1,100,,29406,3,,,1,100,,29411,3,,,1,100,,29403,3,,,1,100,,29404,3,,,1,100,,29408,3,,,1,100,,29410,3,,,1,100,,29407,3,,,1,100,,29409,3,,,1
37101,'Semaine-3',521,,29428,3,,,1,29,,29431,3,,,1,70,,29424,3,,,1,29,,29426,3,,,1,71,,29436,3,,,1,30,,29435,3,,,1,70,,29430,3,,,1,30,,29414,3,,,1,100,,29421,3,,,1,101,,29419,3,,,1,98,,29420,3,,,1,100,,29434,3,,,1,104,,29417,3,,,1,98,,29418,3,,,1,69,,29415,3,,,1,30,,29422,3,,,1,70,,29432,3,,,1,30,,29433,3,,,1,70,,29412,3,,,1,80,,29416,3,,,1,57,,29427,3,,,1,100,,29429,3,,,1,100,,29413,3,,,1,100,,29423,3,,,1,185,,29425,3,,,1
43701,'Semaine-3',1458,,30081,3,0,9 14,1
