1800,'Semaine-4',1308,,30338,20,,,1,237,,30337,20,,,1,99,,30340,20,,,1,71,,30339,20,,,1
1800,'Semaine-5',1308,,35034,20,,,1,237,,35033,20,,,1,99,,35036,20,,,1,71,,35035,20,,,1
6800,'Semaine-4',621,,33082,19,,,1,30,,33092,19,,,1,68,,33090,19,,,1,34,,33099,19,,,1,68,,33096,19,,,1,30,,33073,19,,,1,70,,33097,19,,,1,30,,33074,19,,,1,70,,33079,19,,,1,30,,33098,19,,,1,70,,33084,19,,,1,30,,33077,19,,,1,75,,33094,19,,,1,75,,33085,19,,,1,30,,33093,19,,,1,70,,33086,19,,,1,31,,33080,19,,,1,69,,33083,19,,,1,20,,33091,19,,,1,21,,33101,19,,,1,64,,33087,19,,,1,18,,33095,19,,,1,19,,33089,19,,,1,60,,33103,19,,,1,17,,33100,19,,,1,10,,33088,19,,,1,10,,33102,19,,,1,60,,33076,19,,,1,30,,33081,19,,,1,70,,33078,19,,,1
6800,'Semaine-5',621,,37122,19,,,1,30,,37132,19,,,1,68,,37130,19,,,1,34,,37139,19,,,1,68,,37136,19,,,1,30,,37113,19,,,1,70,,37137,19,,,1,30,,37114,19,,,1,70,,37119,19,,,1,30,,37138,19,,,1,70,,37124,19,,,1,30,,37117,19,,,1,75,,37134,19,,,1,75,,37125,19,,,1,30,,37133,19,,,1,70,,37126,19,,,1,31,,37120,19,,,1,69,,37123,19,,,1,20,,37131,19,,,1,21,,37141,19,,,1,64,,37127,19,,,1,18,,37135,19,,,1,19,,37129,19,,,1,60,,37143,19,,,1,17,,37140,19,,,1,10,,37128,19,,,1,10,,37142,19,,,1,60,,37116,19,,,1,30,,37121,19,,,1,70,,37118,19,,,1
10000,'Semaine-4',1536,,34101,16,,,1,8,,34103,16,,,1,9,,34088,16,,,1,48,,34089,16,,,1,8,,34090,16,,,1,9,,34102,16,,,1,9,,34091,16,,,1,11,,34092,16,,,1,7,,34093,16,,,1,9,,34094,16,,,1,50,,34095,16,,,1,9,,34096,16,,,1,12,,34097,16,,,1,10,,34098,16,,,1,8,,34099,16,,,1,11,,34100,16,,,1
10000,'Semaine-5',1536,,37932,16,,,1,8,,37934,16,,,1,9,,37919,16,,,1,48,,37920,16,,,1,8,,37921,16,,,1,9,,37933,16,,,1,9,,37922,16,,,1,11,,37923,16,,,1,7,,37924,16,,,1,9,,37925,16,,,1,50,,37926,16,,,1,9,,37927,16,,,1,12,,37928,16,,,1,10,,37929,16,,,1,8,,37930,16,,,1,11,,37931,16,,,1
20000,'Semaine-4',1535,,34119,12,,,1,6,,34120,12,,,1,5,,34143,12,,,1,5,,34121,12,,,1,5,,34122,12,,,1,45,,34148,12,,,1,5,,34123,12,,,1,5,,34125,12,,,1,6,,34126,12,,,1,4,,34127,12,,,1,5,,34129,12,,,1,5,,34130,12,,,1,5,,34124,12,,,1,5,,34147,12,,,1,5,,34128,12,,,1,6,,34131,12,,,1,4,,34132,12,,,1,45,,34133,12,,,1,5,,34134,12,,,1,5,,34146,12,,,1,5,,34135,12,,,1,5,,34144,12,,,1,5,,34136,12,,,1,5,,34137,12,,,1,5,,34139,12,,,1,5,,34138,12,,,1,5,,34140,12,,,1,3,,34141,12,,,1,5,,34142,12,,,1,5,,34145,12,,,1
20000,'Semaine-5',1535,,37950,12,,,1,6,,37951,12,,,1,5,,37974,12,,,1,5,,37952,12,,,1,5,,37953,12,,,1,45,,37979,12,,,1,5,,37954,12,,,1,5,,37956,12,,,1,6,,37957,12,,,1,4,,37958,12,,,1,5,,37960,12,,,1,5,,37961,12,,,1,5,,37955,12,,,1,5,,37978,12,,,1,5,,37959,12,,,1,6,,37962,12,,,1,4,,37963,12,,,1,45,,37964,12,,,1,5,,37965,12,,,1,5,,37977,12,,,1,5,,37966,12,,,1,5,,37975,12,,,1,5,,37967,12,,,1,5,,37968,12,,,1,5,,37970,12,,,1,5,,37969,12,,,1,5,,37971,12,,,1,3,,37972,12,,,1,5,,37973,12,,,1,5,,37976,12,,,1
40000,'Samedi-3',625,,34313,16,,,1,20,,34314,16,,,1,55,,34317,16,,,1,15,,34322,16,,,1,15,,34331,16,,,1,15,,34332,16,,,1,55,,34315,16,,,1,15,,34319,16,,,1,15,,34316,16,,,1,15,,34340,16,,,1,55,,34318,16,,,1,15,,34321,16,,,1,15,,34320,16,,,1,15,,34323,16,,,1,55,,34341,16,,,1,15,,34339,16,,,1,15,,34342,16,,,1,16,,34324,16,,,1,54,,34326,16,,,1,15,,34329,16,,,1,15,,34330,16,,,1,15,,34325,16,,,1,55,,34336,16,,,1,15,,34338,16,,,1,15,,34343,16,,,1,15,,34328,16,,,1,55,,34327,16,,,1,15,,34333,16,,,1,16,,34334,16,,,1,15,,34335,16,,,1,55,,34344,16,,,1,15,,34337,16,,,1,15,,34345,16,,,1,15,,34346,16,,,1,55,,34347,16,,,1,15,,34348,16,,,1,15,,34349,16,,,1,15,,34350,16,,,1,55,,34351,16,,,1,15,,34352,16,,,1,15,,34353,16,,,1,15,,34354,16,,,1,55,,34355,16,,,1,15,,34356,16,,,1,15,,34357,16,,,1,14,,34358,16,,,1,56,,34359,16,,,1,15,,34360,16,,,1,15,,34366,16,,,1,15,,34361,16,,,1,55,,34362,16,,,1,15,,34363,16,,,1,14,,34364,16,,,1,15,,34365,16,,,1,55,,34369,16,,,1,16,,34367,16,,,1,14,,34368,16,,,1,16,,34373,16,,,1,54,,34372,16,,,1,15,,34371,16,,,1,15,,34370,16,,,1,15,,34377,16,,,1,55,,34374,16,,,1,15,,34375,16,,,1,15,,34376,16,,,1,15,,34384,16,,,1,55,,34379,16,,,1,15,,34378,16,,,1,14,,34380,16,,,1,15,,34381,16,,,1,14,,34382,16,,,1,55,,34383,16,,,1,12,,34385,16,,,1
40000,'Samedi-4',625,,38110,16,,,1,20,,38111,16,,,1,55,,38114,16,,,1,15,,38119,16,,,1,15,,38128,16,,,1,15,,38129,16,,,1,55,,38112,16,,,1,15,,38116,16,,,1,15,,38113,16,,,1,15,,38137,16,,,1,55,,38115,16,,,1,15,,38118,16,,,1,15,,38117,16,,,1,15,,38120,16,,,1,55,,38138,16,,,1,15,,38136,16,,,1,15,,38139,16,,,1,16,,38121,16,,,1,54,,38123,16,,,1,15,,38126,16,,,1,15,,38127,16,,,1,15,,38122,16,,,1,55,,38133,16,,,1,15,,38135,16,,,1,15,,38140,16,,,1,15,,38125,16,,,1,55,,38124,16,,,1,15,,38130,16,,,1,16,,38131,16,,,1,15,,38132,16,,,1,55,,38141,16,,,1,15,,38134,16,,,1,15,,38142,16,,,1,15,,38143,16,,,1,55,,38144,16,,,1,15,,38145,16,,,1,15,,38146,16,,,1,15,,38147,16,,,1,55,,38148,16,,,1,15,,38149,16,,,1,15,,38150,16,,,1,15,,38151,16,,,1,55,,38152,16,,,1,15,,38153,16,,,1,15,,38154,16,,,1,14,,38155,16,,,1,56,,38156,16,,,1,15,,38157,16,,,1,15,,38163,16,,,1,15,,38158,16,,,1,55,,38159,16,,,1,15,,38160,16,,,1,14,,38161,16,,,1,15,,38162,16,,,1,55,,38166,16,,,1,16,,38164,16,,,1,14,,38165,16,,,1,16,,38170,16,,,1,54,,38169,16,,,1,15,,38168,16,,,1,15,,38167,16,,,1,15,,38174,16,,,1,55,,38171,16,,,1,15,,38172,16,,,1,15,,38173,16,,,1,15,,38181,16,,,1,55,,38176,16,,,1,15,,38175,16,,,1,14,,38177,16,,,1,15,,38178,16,,,1,14,,38179,16,,,1,55,,38180,16,,,1,12,,38182,16,,,1
40000,'Dimanche-3',625,,34386,16,,,1,20,,34388,16,,,1,55,,34393,16,,,1,15,,34399,16,,,1,15,,34401,16,,,1,15,,34387,16,,,1,55,,34390,16,,,1,15,,34397,16,,,1,15,,34404,16,,,1,15,,34408,16,,,1,55,,34392,16,,,1,15,,34400,16,,,1,15,,34411,16,,,1,15,,34389,16,,,1,55,,34391,16,,,1,15,,34398,16,,,1,15,,34405,16,,,1,16,,34406,16,,,1,54,,34422,16,,,1,15,,34421,16,,,1,15,,34412,16,,,1,15,,34403,16,,,1,55,,34413,16,,,1,15,,34416,16,,,1,15,,34425,16,,,1,15,,34394,16,,,1,55,,34423,16,,,1,15,,34420,16,,,1,16,,34424,16,,,1,15,,34402,16,,,1,55,,34395,16,,,1,15,,34426,16,,,1,15,,34417,16,,,1,15,,34409,16,,,1,55,,34407,16,,,1,15,,34414,16,,,1,15,,34419,16,,,1,15,,34429,16,,,1,55,,34396,16,,,1,15,,34431,16,,,1,15,,34418,16,,,1,15,,34410,16,,,1,55,,34441,16,,,1,15,,34415,16,,,1,15,,34450,16,,,1,14,,34436,16,,,1,56,,34440,16,,,1,15,,34456,16,,,1,15,,34447,16,,,1,15,,34428,16,,,1,55,,34442,16,,,1,15,,34432,16,,,1,14,,34449,16,,,1,15,,34435,16,,,1,55,,34439,16,,,1,16,,34455,16,,,1,14,,34448,16,,,1,16,,34427,16,,,1,13,,34452,16,,,1,56,,34446,16,,,1,15,,34454,16,,,1,15,,34430,16,,,1,55,,34434,16,,,1,15,,34438,16,,,1,15,,34444,16,,,1,15,,34458,16,,,1,55,,34451,16,,,1,15,,34445,16,,,1,14,,34453,16,,,1,15,,34457,16,,,1,14,,34433,16,,,1,55,,34437,16,,,1,12,,34443,16,,,1
40000,'Semaine-4',559,,34459,16,,,1,55,,34465,16,,,1,17,,34488,16,,,1,15,,34503,16,,,1,55,,34493,16,,,1,15,,34551,16,,,1,10,,34523,16,,,1,10,,34475,16,,,1,15,,34522,16,,,1,55,,34517,16,,,1,11,,34518,16,,,1,11,,34473,16,,,1,12,,34495,16,,,1,9,,34497,16,,,1,52,,34544,16,,,1,12,,34514,16,,,1,12,,34468,16,,,1,15,,34477,16,,,1,7,,34463,16,,,1,10,,34466,16,,,1,50,,34519,16,,,1,10,,34485,16,,,1,10,,34498,16,,,1,10,,34491,16,,,1,10,,34492,16,,,1,10,,34524,16,,,1,50,,34504,16,,,1,10,,34515,16,,,1,10,,34469,16,,,1,10,,34478,16,,,1,10,,34467,16,,,1,11,,34545,16,,,1,52,,34520,16,,,1,7,,34486,16,,,1,10,,34499,16,,,1,10,,34490,16,,,1,10,,34482,16,,,1,10,,34511,16,,,1,51,,34494,16,,,1,2,,34505,16,,,1,7,,34516,16,,,1,11,,34470,16,,,1,10,,34480,16,,,1,10,,34472,16,,,1,10,,34462,16,,,1,50,,34521,16,,,1,10,,34502,16,,,1,11,,34500,16,,,1,6,,34512,16,,,1,6,,34489,16,,,1,6,,34481,16,,,1,6,,34529,16,,,1,48,,34530,16,,,1,3,,34531,16,,,1,5,,34532,16,,,1,6,,34533,16,,,1,8,,34543,16,,,1,4,,34549,16,,,1,4,,34534,16,,,1,273,,34535,16,,,1,4,,34536,16,,,1,5,,34537,16,,,1,6,,34538,16,,,1,5,,34550,16,,,1,5,,34539,16,,,1,6,,34540,16,,,1,8,,34541,16,,,1,12,,34542,16,,,1,52,,34506,16,,,1,12,,34507,16,,,1,12,,34501,16,,,1,12,,34527,16,,,1,12,,34510,16,,,1,52,,34496,16,,,1,12,,34474,16,,,1,12,,34546,16,,,1,12,,34479,16,,,1,12,,34547,16,,,1,50,,34487,16,,,1,12,,34508,16,,,1,12,,34548,16,,,1,14,,34484,16,,,1,15,,34528,16,,,1,55,,34526,16,,,1,15,,34471,16,,,1,15,,34460,16,,,1,15,,34476,16,,,1,55,,34509,16,,,1,15,,34483,16,,,1,13,,34513,16,,,1,15,,34525,16,,,1,53,,34464,16,,,1,17,,34461,16,,,1
40000,'Semaine-5',559,,38183,16,,,1,55,,38189,16,,,1,17,,38212,16,,,1,15,,38227,16,,,1,55,,38217,16,,,1,15,,38275,16,,,1,10,,38247,16,,,1,10,,38199,16,,,1,15,,38246,16,,,1,55,,38241,16,,,1,11,,38242,16,,,1,11,,38197,16,,,1,12,,38219,16,,,1,9,,38221,16,,,1,52,,38268,16,,,1,12,,38238,16,,,1,12,,38192,16,,,1,15,,38201,16,,,1,7,,38187,16,,,1,10,,38190,16,,,1,50,,38243,16,,,1,10,,38209,16,,,1,10,,38222,16,,,1,10,,38215,16,,,1,10,,38216,16,,,1,10,,38248,16,,,1,50,,38228,16,,,1,10,,38239,16,,,1,10,,38193,16,,,1,10,,38202,16,,,1,10,,38191,16,,,1,11,,38269,16,,,1,52,,38244,16,,,1,7,,38210,16,,,1,10,,38223,16,,,1,10,,38214,16,,,1,10,,38206,16,,,1,10,,38235,16,,,1,51,,38218,16,,,1,2,,38229,16,,,1,7,,38240,16,,,1,11,,38194,16,,,1,10,,38204,16,,,1,10,,38196,16,,,1,10,,38186,16,,,1,50,,38245,16,,,1,10,,38226,16,,,1,11,,38224,16,,,1,6,,38236,16,,,1,6,,38213,16,,,1,6,,38205,16,,,1,6,,38253,16,,,1,48,,38254,16,,,1,3,,38255,16,,,1,5,,38256,16,,,1,6,,38257,16,,,1,8,,38267,16,,,1,4,,38273,16,,,1,4,,38258,16,,,1,273,,38259,16,,,1,4,,38260,16,,,1,5,,38261,16,,,1,6,,38262,16,,,1,5,,38274,16,,,1,5,,38263,16,,,1,6,,38264,16,,,1,8,,38265,16,,,1,12,,38266,16,,,1,52,,38230,16,,,1,12,,38231,16,,,1,12,,38225,16,,,1,12,,38251,16,,,1,12,,38234,16,,,1,52,,38220,16,,,1,12,,38198,16,,,1,12,,38270,16,,,1,12,,38203,16,,,1,12,,38271,16,,,1,50,,38211,16,,,1,12,,38232,16,,,1,12,,38272,16,,,1,14,,38208,16,,,1,15,,38252,16,,,1,55,,38250,16,,,1,15,,38195,16,,,1,15,,38184,16,,,1,15,,38200,16,,,1,55,,38233,16,,,1,15,,38207,16,,,1,13,,38237,16,,,1,15,,38249,16,,,1,53,,38188,16,,,1,17,,38185,16,,,1
57600,'Semaine-4',1535,,34831,9,0,5 6,1
57600,'Semaine-5',1535,,38482,9,0,5 6,1
80000,'Samedi-3',749,,34866,49,,,2,103,,34867,49,,,1,100,,34868,49,,,2,102,,34870,49,,,1,100,,34871,49,,,2,100,,34869,49,,,2,100,,34872,49,,,1,101,,34873,49,,,2,100,,34874,49,,,1,100,,34875,49,,,1,97,,34876,49,,,2,99,,34877,49,,,1,100,,34880,49,,,1,99,,34878,49,,,1,100,,34879,49,,,2,98,,34881,49,,,1,100,,34882,49,,,1
80000,'Samedi-4',749,,38517,49,,,2,103,,38518,49,,,1,100,,38519,49,,,2,102,,38521,49,,,1,100,,38522,49,,,2,100,,38520,49,,,2,100,,38523,49,,,1,101,,38524,49,,,2,100,,38525,49,,,1,100,,38526,49,,,1,97,,38527,49,,,2,99,,38528,49,,,1,100,,38531,49,,,1,99,,38529,49,,,1,100,,38530,49,,,2,98,,38532,49,,,1,100,,38533,49,,,1
80000,'Dimanche-3',749,,34887,49,,,2,103,,34883,49,,,1,100,,34888,49,,,2,102,,34884,49,,,1,100,,34885,49,,,2,100,,34889,49,,,2,100,,34886,49,,,1,101,,34891,49,,,2,100,,34890,49,,,1,100,,34892,49,,,1,97,,34895,49,,,2,99,,34893,49,,,1,100,,34894,49,,,1,99,,34896,49,,,1,100,,34897,49,,,2,98,,34899,49,,,1,100,,34898,49,,,1
80000,'Semaine-4',630,,34931,48,,,1,70,,34913,48,,,1,31,,34903,48,,,1,14,,34906,48,,,1,57,,34926,48,,,1,33,,34914,48,,,1,18,,34902,48,,,1,65,,34928,48,,,1,30,,34905,49,,,2,70,,34923,49,,,1,30,,34917,49,,,1,71,,34935,49,,,1,30,,34904,49,,,1,70,,34921,49,,,2,28,,34919,49,,,1,70,,34934,49,,,1,30,,34916,49,,,1,70,,34929,49,,,1,34,,34918,49,,,1,71,,34925,49,,,1,32,,34924,49,,,2,71,,34920,49,,,1,30,,34932,49,,,2,71,,34907,49,,,1,28,,34915,49,,,1,68,,34909,49,,,1,29,,34930,49,,,1,69,,34908,49,,,1,30,,34912,49,,,1,70,,34900,49,,,1,29,,34933,49,,,1,69,,34910,49,,,1,26,,34911,49,,,1,70,,34927,49,,,1,28,,34901,49,,,1,68,,34922,49,,,1
80000,'Semaine-5',630,,38565,48,,,1,70,,38547,48,,,1,31,,38537,48,,,1,14,,38540,48,,,1,57,,38560,48,,,1,33,,38548,48,,,1,18,,38536,48,,,1,65,,38562,48,,,1,30,,38539,49,,,2,70,,38557,49,,,1,30,,38551,49,,,1,71,,38569,49,,,1,30,,38538,49,,,1,70,,38555,49,,,2,28,,38553,49,,,1,70,,38568,49,,,1,30,,38550,49,,,1,70,,38563,49,,,1,34,,38552,49,,,1,71,,38559,49,,,1,32,,38558,49,,,2,71,,38554,49,,,1,30,,38566,49,,,2,71,,38541,49,,,1,28,,38549,49,,,1,68,,38543,49,,,1,29,,38564,49,,,1,69,,38542,49,,,1,30,,38546,49,,,1,70,,38534,49,,,1,29,,38567,49,,,1,69,,38544,49,,,1,26,,38545,49,,,1,70,,38561,49,,,1,28,,38535,49,,,1,68,,38556,49,,,1
