4000,'Semaine-2-_26ÉTÉ-1111100-',1554,,41047,51,,,2,69,,41043,51,,,2,35,,41046,51,,,1,68,,41045,51,,,1,30,,41044,51,,,1,63,,41048,51,,,2
4000,'Semaine-3-_26ÉTÉ-1111100-',1554,,41053,51,,,2,69,,41049,51,,,2,35,,41052,51,,,1,68,,41051,51,,,1,30,,41050,51,,,1,63,,41054,51,,,2
4000,'Semaine-4-_26ÉTÉ-1111100-',1554,,41059,51,,,2,69,,41055,51,,,2,35,,41058,51,,,1,68,,41057,51,,,1,30,,41056,51,,,1,63,,41060,51,,,2
5001,'Semaine-2-_26ÉTÉ-1111100-',1645,,41431,32,,,1,102,,41433,32,,,1,94,,41432,32,,,1
5001,'Semaine-3-_26ÉTÉ-1111100-',1645,,41434,32,,,1,102,,41436,32,,,1,94,,41435,32,,,1
5001,'Semaine-4-_26ÉTÉ-1111100-',1645,,41437,32,,,1,102,,41439,32,,,1,94,,41438,32,,,1
5200,'Samedi-10-_26ÉTÉ-0000010-',701,,41440,50,,,1,100,,41441,50,,,2,102,,41442,50,,,1,99,,41443,50,,,2,100,,41444,50,,,1,103,,41445,50,,,1,100,,41446,50,,,2,100,,41447,50,,,2,99,,41448,50,,,1,101,,41449,50,,,2,100,,41450,50,,,1,99,,41451,50,,,1,99,,41452,50,,,1,100,,41455,50,,,1,100,,41453,50,,,1,97,,41454,50,,,2,59,,41456,50,,,2,100,,41457,50,,,1
5200,'Semaine-2-_26ÉTÉ-1111100-',632,,41461,50,,,1,100,,41463,50,,,1,110,,41458,50,,,1,96,,41474,50,,,1,97,,41472,50,,,2,100,,41459,50,,,1,100,,41466,50,,,1,99,,41465,50,,,1,101,,41462,50,,,1,102,,41460,50,,,1,108,,41464,50,,,1,101,,41475,50,,,1,104,,41473,50,,,1,100,,41467,50,,,1,83,,41471,50,,,1,100,,41470,50,,,1,99,,41468,50,,,1,99,,41469,50,,,1
5200,'Semaine-3-_26ÉTÉ-1111100-',632,,41479,50,,,1,100,,41481,50,,,1,110,,41476,50,,,1,96,,41492,50,,,1,97,,41490,50,,,2,100,,41477,50,,,1,100,,41484,50,,,1,99,,41483,50,,,1,101,,41480,50,,,1,102,,41478,50,,,1,108,,41482,50,,,1,101,,41493,50,,,1,104,,41491,50,,,1,100,,41485,50,,,1,83,,41489,50,,,1,100,,41488,50,,,1,99,,41486,50,,,1,99,,41487,50,,,1
5200,'Semaine-4-_26ÉTÉ-1111100-',632,,41497,50,,,1,100,,41499,50,,,1,110,,41494,50,,,1,96,,41510,50,,,1,97,,41508,50,,,2,100,,41495,50,,,1,100,,41502,50,,,1,99,,41501,50,,,1,101,,41498,50,,,1,102,,41496,50,,,1,108,,41500,50,,,1,101,,41511,50,,,1,104,,41509,50,,,1,100,,41503,50,,,1,83,,41507,50,,,1,100,,41506,50,,,1,99,,41504,50,,,1,99,,41505,50,,,1
