4001,'Semaine-2-_26ÉTÉ-1111100-',608,,41064,19,,,2,32,,41063,19,,,2,70,,41066,19,,,2,32,,41062,19,,,1,69,,41061,19,,,2,27,,41065,19,,,2
4001,'Semaine-3-_26ÉTÉ-1111100-',608,,41070,19,,,2,32,,41069,19,,,2,70,,41072,19,,,2,32,,41068,19,,,1,69,,41067,19,,,2,27,,41071,19,,,2
4001,'Semaine-4-_26ÉTÉ-1111100-',608,,41076,19,,,2,32,,41075,19,,,2,70,,41078,19,,,2,32,,41074,19,,,1,69,,41073,19,,,2,27,,41077,19,,,2
5201,'Samedi-10-_26ÉTÉ-0000010-',644,,41512,20,,,2,100,,41513,20,,,1,100,,41514,20,,,2,100,,41515,20,,,1,100,,41517,20,,,1,100,,41516,20,,,1,100,,41518,20,,,2,100,,41519,20,,,1,101,,41520,20,,,2,99,,41521,20,,,1,100,,41522,20,,,1,100,,41523,20,,,1,100,,41526,20,,,1,100,,41524,20,,,1,99,,41528,20,,,2,100,,41525,20,,,1,100,,41527,20,,,1,100,,41529,20,,,1
5201,'Semaine-2-_26ÉTÉ-1111100-',615,,41545,20,,,1,100,,41547,20,,,1,100,,41546,20,,,1,100,,41530,20,,,1,100,,41536,20,,,1,100,,41533,20,,,2,100,,41540,20,,,1,100,,41531,20,,,1,100,,41535,20,,,1,102,,41534,20,,,1,100,,41544,20,,,1,100,,41543,20,,,1,98,,41537,20,,,1,99,,41538,20,,,1,100,,41542,20,,,1,100,,41539,20,,,1,100,,41541,20,,,1,100,,41532,20,,,1
5201,'Semaine-3-_26ÉTÉ-1111100-',615,,41563,20,,,1,100,,41565,20,,,1,100,,41564,20,,,1,100,,41548,20,,,1,100,,41554,20,,,1,100,,41551,20,,,2,100,,41558,20,,,1,100,,41549,20,,,1,100,,41553,20,,,1,102,,41552,20,,,1,100,,41562,20,,,1,100,,41561,20,,,1,98,,41555,20,,,1,99,,41556,20,,,1,100,,41560,20,,,1,100,,41557,20,,,1,100,,41559,20,,,1,100,,41550,20,,,1
5201,'Semaine-4-_26ÉTÉ-1111100-',615,,41581,20,,,1,100,,41583,20,,,1,100,,41582,20,,,1,100,,41566,20,,,1,100,,41572,20,,,1,100,,41569,20,,,2,100,,41576,20,,,1,100,,41567,20,,,1,100,,41571,20,,,1,102,,41570,20,,,1,100,,41580,20,,,1,100,,41579,20,,,1,98,,41573,20,,,1,99,,41574,20,,,1,100,,41578,20,,,1,100,,41575,20,,,1,100,,41577,20,,,1,100,,41568,20,,,1
74001,'Semaine-2-_26ÉTÉ-1111100-',813,,46800,20,,,1
74001,'Semaine-3-_26ÉTÉ-1111100-',813,,46801,20,,,1
74001,'Semaine-4-_26ÉTÉ-1111100-',813,,46802,20,,,1
