4001,'Semaine-1-_26ÉTÉ-1111100-',613,,51761,27,,,2,32,,51760,27,,,2,71,,51763,27,,,2,32,,51759,27,,,1,69,,51758,27,,,2,26,,51762,27,,,2
4001,'Semaine-10-_26ÉTÉ-1111100-',613,,51767,27,,,2,32,,51766,27,,,2,71,,51769,27,,,2,32,,51765,27,,,1,69,,51764,27,,,2,26,,51768,27,,,2
4001,'Semaine-11-_26ÉTÉ-1111100-',613,,51773,27,,,2,32,,51772,27,,,2,71,,51775,27,,,2,32,,51771,27,,,1,69,,51770,27,,,2,26,,51774,27,,,2
4001,'Semaine-12-_26ÉTÉ-1111100-',613,,51779,27,,,2,32,,51778,27,,,2,71,,51781,27,,,2,32,,51777,27,,,1,69,,51776,27,,,2,26,,51780,27,,,2
5201,'Samedi-0-_26ÉTÉ-0000010-',649,,52613,28,,,2,100,,52614,28,,,1,99,,52615,28,,,2,100,,52616,28,,,1,101,,52618,28,,,1,100,,52617,28,,,1,100,,52619,28,,,2,100,,52620,28,,,1,101,,52621,28,,,2,99,,52622,28,,,1,100,,52623,28,,,1,100,,52624,28,,,1,99,,52627,28,,,1,100,,52625,28,,,1,99,,52629,28,,,2,100,,52626,28,,,1,100,,52628,28,,,1,100,,52630,28,,,1
5201,'Dimanche-0-_26ÉTÉ-0000001-',649,,52631,28,,,2,100,,52632,28,,,1,99,,52633,28,,,2,100,,52634,28,,,1,101,,52639,28,,,1,100,,52635,28,,,1,100,,52636,28,,,2,100,,52640,28,,,1,101,,52637,28,,,2,99,,52638,28,,,1,100,,52641,28,,,1,100,,52644,28,,,1,99,,52642,28,,,1,100,,52648,28,,,1,99,,52643,28,,,2,100,,52645,28,,,1,100,,52646,28,,,1,100,,52647,28,,,1
5201,'Dimanche-10-_26ÉTÉ-0000001-',649,,52649,28,,,2,100,,52650,28,,,1,99,,52651,28,,,2,100,,52652,28,,,1,101,,52657,28,,,1,100,,52653,28,,,1,100,,52654,28,,,2,100,,52658,28,,,1,101,,52655,28,,,2,99,,52656,28,,,1,100,,52659,28,,,1,100,,52662,28,,,1,99,,52660,28,,,1,100,,52666,28,,,1,99,,52661,28,,,2,100,,52663,28,,,1,100,,52664,28,,,1,100,,52665,28,,,1
5201,'Dimanche-11-_26ÉTÉ-0000001-',649,,52667,28,,,2,100,,52668,28,,,1,99,,52669,28,,,2,100,,52670,28,,,1,101,,52675,28,,,1,100,,52671,28,,,1,100,,52672,28,,,2,100,,52676,28,,,1,101,,52673,28,,,2,99,,52674,28,,,1,100,,52677,28,,,1,100,,52680,28,,,1,99,,52678,28,,,1,100,,52684,28,,,1,99,,52679,28,,,2,100,,52681,28,,,1,100,,52682,28,,,1,100,,52683,28,,,1
5201,'Semaine-1-_26ÉTÉ-1111100-',620,,52700,28,,,1,100,,52702,28,,,1,100,,52701,28,,,1,100,,52685,28,,,1,100,,52691,28,,,1,100,,52688,28,,,2,100,,52695,28,,,1,100,,52686,28,,,1,100,,52690,28,,,1,102,,52689,28,,,1,100,,52699,28,,,1,100,,52698,28,,,1,98,,52692,28,,,1,98,,52693,28,,,1,100,,52697,28,,,1,100,,52694,28,,,1,100,,52696,28,,,1,100,,52687,28,,,1
5201,'Semaine-10-_26ÉTÉ-1111100-',620,,52718,28,,,1,100,,52720,28,,,1,100,,52719,28,,,1,100,,52703,28,,,1,100,,52709,28,,,1,100,,52706,28,,,2,100,,52713,28,,,1,100,,52704,28,,,1,100,,52708,28,,,1,102,,52707,28,,,1,100,,52717,28,,,1,100,,52716,28,,,1,98,,52710,28,,,1,98,,52711,28,,,1,100,,52715,28,,,1,100,,52712,28,,,1,100,,52714,28,,,1,100,,52705,28,,,1
5201,'Semaine-11-_26ÉTÉ-1111100-',620,,52736,28,,,1,100,,52738,28,,,1,100,,52737,28,,,1,100,,52721,28,,,1,100,,52727,28,,,1,100,,52724,28,,,2,100,,52731,28,,,1,100,,52722,28,,,1,100,,52726,28,,,1,102,,52725,28,,,1,100,,52735,28,,,1,100,,52734,28,,,1,98,,52728,28,,,1,98,,52729,28,,,1,100,,52733,28,,,1,100,,52730,28,,,1,100,,52732,28,,,1,100,,52723,28,,,1
5201,'Semaine-12-_26ÉTÉ-1111100-',620,,52754,28,,,1,100,,52756,28,,,1,100,,52755,28,,,1,100,,52739,28,,,1,100,,52745,28,,,1,100,,52742,28,,,2,100,,52749,28,,,1,100,,52740,28,,,1,100,,52744,28,,,1,102,,52743,28,,,1,100,,52753,28,,,1,100,,52752,28,,,1,98,,52746,28,,,1,98,,52747,28,,,1,100,,52751,28,,,1,100,,52748,28,,,1,100,,52750,28,,,1,100,,52741,28,,,1
