3601,'Semaine-1-_26ÉTÉ-1111100-',839,,50054,6,,,1,91,,50052,6,,,1,100,,50055,6,,,1,100,,50053,6,,,1,99,,50058,6,,,1,100,,50057,6,,,1,101,,50056,6,,,1
3601,'Semaine-10-_26ÉTÉ-1111100-',839,,50061,6,,,1,91,,50059,6,,,1,100,,50062,6,,,1,100,,50060,6,,,1,99,,50065,6,,,1,100,,50064,6,,,1,101,,50063,6,,,1
3601,'Semaine-11-_26ÉTÉ-1111100-',839,,50068,6,,,1,91,,50066,6,,,1,100,,50069,6,,,1,100,,50067,6,,,1,99,,50072,6,,,1,100,,50071,6,,,1,101,,50070,6,,,1
3601,'Semaine-12-_26ÉTÉ-1111100-',839,,50075,6,,,1,91,,50073,6,,,1,100,,50076,6,,,1,100,,50074,6,,,1,99,,50079,6,,,1,100,,50078,6,,,1,101,,50077,6,,,1
3601,'Semaine-5-_26ÉTÉ-1111100-',839,,50082,6,,,1,91,,50080,6,,,1,100,,50083,6,,,1,100,,50081,6,,,1,99,,50086,6,,,1,100,,50085,6,,,1,101,,50084,6,,,1
3701,'Samedi-0-_26ÉTÉ-0000010-',645,,50305,6,,,1,100,,50310,6,,,1,100,,50304,6,,,1,100,,50309,6,,,1,101,,50306,6,,,1,99,,50307,6,,,1,100,,50311,6,,,1,100,,50308,6,,,1,100,,50312,6,,,1,100,,50313,6,,,1,100,,50314,6,,,1,100,,50315,6,,,1,100,,50316,6,,,1,102,,50317,6,,,1,98,,50318,6,,,1,99,,50319,6,,,1,100,,50320,6,,,1
3701,'Dimanche-0-_26ÉTÉ-0000001-',645,,50321,6,,,1,100,,50325,6,,,1,100,,50326,6,,,1,100,,50328,6,,,1,101,,50327,6,,,1,99,,50323,6,,,1,100,,50322,6,,,1,100,,50324,6,,,1,100,,50329,6,,,1,100,,50333,6,,,1,100,,50336,6,,,1,100,,50330,6,,,1,100,,50331,6,,,1,102,,50337,6,,,1,98,,50335,6,,,1,99,,50332,6,,,1,100,,50334,6,,,1
3701,'Dimanche-10-_26ÉTÉ-0000001-',645,,50338,6,,,1,100,,50342,6,,,1,100,,50343,6,,,1,100,,50345,6,,,1,101,,50344,6,,,1,99,,50340,6,,,1,100,,50339,6,,,1,100,,50341,6,,,1,100,,50346,6,,,1,100,,50350,6,,,1,100,,50353,6,,,1,100,,50347,6,,,1,100,,50348,6,,,1,102,,50354,6,,,1,98,,50352,6,,,1,99,,50349,6,,,1,100,,50351,6,,,1
3701,'Dimanche-11-_26ÉTÉ-0000001-',645,,50355,6,,,1,100,,50359,6,,,1,100,,50360,6,,,1,100,,50362,6,,,1,101,,50361,6,,,1,99,,50357,6,,,1,100,,50356,6,,,1,100,,50358,6,,,1,100,,50363,6,,,1,100,,50367,6,,,1,100,,50370,6,,,1,100,,50364,6,,,1,100,,50365,6,,,1,102,,50371,6,,,1,98,,50369,6,,,1,99,,50366,6,,,1,100,,50368,6,,,1
3701,'Semaine-1-_26ÉTÉ-1111100-',513,,50385,6,,,1,29,,50383,6,,,1,75,,50387,6,,,1,30,,50377,6,,,1,67,,50394,6,,,1,20,,50374,6,,,1,10,,50395,6,,,1,71,,50376,6,,,1,101,,50393,6,,,1,100,,50381,6,,,1,100,,50375,6,,,1,101,,50373,6,,,1,99,,50378,6,,,1,100,,50389,6,,,1,97,,50372,6,,,1,31,,50388,6,,,1,70,,50391,6,,,1,30,,50386,6,,,1,72,,50392,6,,,1,30,,50396,6,,,1,85,,50380,6,,,1,100,,50390,6,,,1,101,,50382,6,,,1,99,,50379,6,,,1,103,,50384,6,,,1
3701,'Semaine-10-_26ÉTÉ-1111100-',513,,50410,6,,,1,29,,50408,6,,,1,75,,50412,6,,,1,30,,50402,6,,,1,67,,50419,6,,,1,20,,50399,6,,,1,10,,50420,6,,,1,71,,50401,6,,,1,101,,50418,6,,,1,100,,50406,6,,,1,100,,50400,6,,,1,101,,50398,6,,,1,99,,50403,6,,,1,100,,50414,6,,,1,97,,50397,6,,,1,31,,50413,6,,,1,70,,50416,6,,,1,30,,50411,6,,,1,72,,50417,6,,,1,30,,50421,6,,,1,85,,50405,6,,,1,100,,50415,6,,,1,101,,50407,6,,,1,99,,50404,6,,,1,103,,50409,6,,,1
3701,'Semaine-11-_26ÉTÉ-1111100-',513,,50435,6,,,1,29,,50433,6,,,1,75,,50437,6,,,1,30,,50427,6,,,1,67,,50444,6,,,1,20,,50424,6,,,1,10,,50445,6,,,1,71,,50426,6,,,1,101,,50443,6,,,1,100,,50431,6,,,1,100,,50425,6,,,1,101,,50423,6,,,1,99,,50428,6,,,1,100,,50439,6,,,1,97,,50422,6,,,1,31,,50438,6,,,1,70,,50441,6,,,1,30,,50436,6,,,1,72,,50442,6,,,1,30,,50446,6,,,1,85,,50430,6,,,1,100,,50440,6,,,1,101,,50432,6,,,1,99,,50429,6,,,1,103,,50434,6,,,1
3701,'Semaine-12-_26ÉTÉ-1111100-',513,,50460,6,,,1,29,,50458,6,,,1,75,,50462,6,,,1,30,,50452,6,,,1,67,,50469,6,,,1,20,,50449,6,,,1,10,,50470,6,,,1,71,,50451,6,,,1,101,,50468,6,,,1,100,,50456,6,,,1,100,,50450,6,,,1,101,,50448,6,,,1,99,,50453,6,,,1,100,,50464,6,,,1,97,,50447,6,,,1,31,,50463,6,,,1,70,,50466,6,,,1,30,,50461,6,,,1,72,,50467,6,,,1,30,,50471,6,,,1,85,,50455,6,,,1,100,,50465,6,,,1,101,,50457,6,,,1,99,,50454,6,,,1,103,,50459,6,,,1
3701,'Semaine-5-_26ÉTÉ-1111100-',513,,50485,6,,,1,29,,50483,6,,,1,75,,50487,6,,,1,30,,50477,6,,,1,67,,50494,6,,,1,20,,50474,6,,,1,10,,50495,6,,,1,71,,50476,6,,,1,101,,50493,6,,,1,100,,50481,6,,,1,100,,50475,6,,,1,101,,50473,6,,,1,99,,50478,6,,,1,100,,50489,6,,,1,97,,50472,6,,,1,31,,50488,6,,,1,70,,50491,6,,,1,30,,50486,6,,,1,72,,50492,6,,,1,30,,50496,6,,,1,85,,50480,6,,,1,100,,50490,6,,,1,101,,50482,6,,,1,99,,50479,6,,,1,103,,50484,6,,,1
6401,'Samedi-0-_26ÉTÉ-0000010-',714,,55096,6,,,1,100,,55093,6,,,1,100,,55095,6,,,1,100,,55098,6,,,1,100,,55094,6,,,2,100,,55099,6,,,1,100,,55097,6,,,1,100,,55100,6,,,2,100,,55101,6,,,1,100,,55102,6,,,1,100,,55103,6,,,1
6401,'Dimanche-0-_26ÉTÉ-0000001-',714,,55108,6,,,1,100,,55106,6,,,1,100,,55111,6,,,1,100,,55104,6,,,1,100,,55110,6,,,2,100,,55112,6,,,1,100,,55105,6,,,1,100,,55109,6,,,2,100,,55107,6,,,1,100,,55113,6,,,1,100,,55114,6,,,1
6401,'Dimanche-10-_26ÉTÉ-0000001-',714,,55119,6,,,1,100,,55117,6,,,1,100,,55122,6,,,1,100,,55115,6,,,1,100,,55121,6,,,2,100,,55123,6,,,1,100,,55116,6,,,1,100,,55120,6,,,2,100,,55118,6,,,1,100,,55124,6,,,1,100,,55125,6,,,1
6401,'Dimanche-11-_26ÉTÉ-0000001-',714,,55130,6,,,1,100,,55128,6,,,1,100,,55133,6,,,1,100,,55126,6,,,1,100,,55132,6,,,2,100,,55134,6,,,1,100,,55127,6,,,1,100,,55131,6,,,2,100,,55129,6,,,1,100,,55135,6,,,1,100,,55136,6,,,1
6401,'Semaine-1-_26ÉTÉ-1111100-',514,,55137,6,,,1,108,,55147,6,,,2,100,,55149,6,,,2,100,,55146,6,,,2,92,,55154,6,,,2,100,,55141,6,,,2,100,,55140,6,,,2,100,,55152,6,,,1,100,,55148,6,,,1,100,,55150,6,,,1,115,,55151,6,,,1,87,,55142,6,,,1,98,,55138,6,,,1,100,,55139,6,,,1,100,,55145,6,,,1,100,,55143,6,,,1,100,,55144,6,,,1,100,,55153,6,,,1
6401,'Semaine-10-_26ÉTÉ-1111100-',514,,55155,6,,,1,108,,55165,6,,,2,100,,55167,6,,,2,100,,55164,6,,,2,92,,55172,6,,,2,100,,55159,6,,,2,100,,55158,6,,,2,100,,55170,6,,,1,100,,55166,6,,,1,100,,55168,6,,,1,115,,55169,6,,,1,87,,55160,6,,,1,98,,55156,6,,,1,100,,55157,6,,,1,100,,55163,6,,,1,100,,55161,6,,,1,100,,55162,6,,,1,100,,55171,6,,,1
6401,'Semaine-11-_26ÉTÉ-1111100-',514,,55173,6,,,1,108,,55183,6,,,2,100,,55185,6,,,2,100,,55182,6,,,2,92,,55190,6,,,2,100,,55177,6,,,2,100,,55176,6,,,2,100,,55188,6,,,1,100,,55184,6,,,1,100,,55186,6,,,1,115,,55187,6,,,1,87,,55178,6,,,1,98,,55174,6,,,1,100,,55175,6,,,1,100,,55181,6,,,1,100,,55179,6,,,1,100,,55180,6,,,1,100,,55189,6,,,1
6401,'Semaine-12-_26ÉTÉ-1111100-',514,,55191,6,,,1,108,,55201,6,,,2,100,,55203,6,,,2,100,,55200,6,,,2,92,,55208,6,,,2,100,,55195,6,,,2,100,,55194,6,,,2,100,,55206,6,,,1,100,,55202,6,,,1,100,,55204,6,,,1,115,,55205,6,,,1,87,,55196,6,,,1,98,,55192,6,,,1,100,,55193,6,,,1,100,,55199,6,,,1,100,,55197,6,,,1,100,,55198,6,,,1,100,,55207,6,,,1
6401,'Semaine-5-_26ÉTÉ-1111100-',514,,55209,6,,,1,108,,55219,6,,,2,100,,55221,6,,,2,100,,55218,6,,,2,92,,55226,6,,,2,100,,55213,6,,,2,100,,55212,6,,,2,100,,55224,6,,,1,100,,55220,6,,,1,100,,55222,6,,,1,115,,55223,6,,,1,87,,55214,6,,,1,98,,55210,6,,,1,100,,55211,6,,,1,100,,55217,6,,,1,100,,55215,6,,,1,100,,55216,6,,,1,100,,55225,6,,,1
6800,'Semaine-1-_26ÉTÉ-1111100-',604,,56776,6,,,1,30,,56785,6,,,1,70,,56783,6,,,1,30,,56792,6,,,1,70,,56789,6,,,1,30,,56768,6,,,1,70,,56790,6,,,1,30,,56769,6,,,1,70,,56773,6,,,1,30,,56791,6,,,1,70,,56778,6,,,1,30,,56771,6,,,1,74,,56787,6,,,1,36,,56779,6,,,1,70,,56786,6,,,1,30,,56780,6,,,1,70,,56774,6,,,1,30,,56777,6,,,1,60,,56784,6,,,1,18,,56794,6,,,1,23,,56781,6,,,1,60,,56788,6,,,1,22,,56782,6,,,1,18,,56796,6,,,1,59,,56793,6,,,1,20,,56795,6,,,1,20,,56770,6,,,1,70,,56775,6,,,1,30,,56772,6,,,1
6800,'Semaine-10-_26ÉTÉ-1111100-',604,,56805,6,,,1,30,,56814,6,,,1,70,,56812,6,,,1,30,,56821,6,,,1,70,,56818,6,,,1,30,,56797,6,,,1,70,,56819,6,,,1,30,,56798,6,,,1,70,,56802,6,,,1,30,,56820,6,,,1,70,,56807,6,,,1,30,,56800,6,,,1,74,,56816,6,,,1,36,,56808,6,,,1,70,,56815,6,,,1,30,,56809,6,,,1,70,,56803,6,,,1,30,,56806,6,,,1,60,,56813,6,,,1,18,,56823,6,,,1,23,,56810,6,,,1,60,,56817,6,,,1,22,,56811,6,,,1,18,,56825,6,,,1,59,,56822,6,,,1,20,,56824,6,,,1,20,,56799,6,,,1,70,,56804,6,,,1,30,,56801,6,,,1
6800,'Semaine-11-_26ÉTÉ-1111100-',604,,56834,6,,,1,30,,56843,6,,,1,70,,56841,6,,,1,30,,56850,6,,,1,70,,56847,6,,,1,30,,56826,6,,,1,70,,56848,6,,,1,30,,56827,6,,,1,70,,56831,6,,,1,30,,56849,6,,,1,70,,56836,6,,,1,30,,56829,6,,,1,74,,56845,6,,,1,36,,56837,6,,,1,70,,56844,6,,,1,30,,56838,6,,,1,70,,56832,6,,,1,30,,56835,6,,,1,60,,56842,6,,,1,18,,56852,6,,,1,23,,56839,6,,,1,60,,56846,6,,,1,22,,56840,6,,,1,18,,56854,6,,,1,59,,56851,6,,,1,20,,56853,6,,,1,20,,56828,6,,,1,70,,56833,6,,,1,30,,56830,6,,,1
6800,'Semaine-12-_26ÉTÉ-1111100-',604,,56863,6,,,1,30,,56872,6,,,1,70,,56870,6,,,1,30,,56879,6,,,1,70,,56876,6,,,1,30,,56855,6,,,1,70,,56877,6,,,1,30,,56856,6,,,1,70,,56860,6,,,1,30,,56878,6,,,1,70,,56865,6,,,1,30,,56858,6,,,1,74,,56874,6,,,1,36,,56866,6,,,1,70,,56873,6,,,1,30,,56867,6,,,1,70,,56861,6,,,1,30,,56864,6,,,1,60,,56871,6,,,1,18,,56881,6,,,1,23,,56868,6,,,1,60,,56875,6,,,1,22,,56869,6,,,1,18,,56883,6,,,1,59,,56880,6,,,1,20,,56882,6,,,1,20,,56857,6,,,1,70,,56862,6,,,1,30,,56859,6,,,1
6800,'Semaine-5-_26ÉTÉ-1111100-',604,,56892,6,,,1,30,,56901,6,,,1,70,,56899,6,,,1,30,,56908,6,,,1,70,,56905,6,,,1,30,,56884,6,,,1,70,,56906,6,,,1,30,,56885,6,,,1,70,,56889,6,,,1,30,,56907,6,,,1,70,,56894,6,,,1,30,,56887,6,,,1,74,,56903,6,,,1,36,,56895,6,,,1,70,,56902,6,,,1,30,,56896,6,,,1,70,,56890,6,,,1,30,,56893,6,,,1,60,,56900,6,,,1,18,,56910,6,,,1,23,,56897,6,,,1,60,,56904,6,,,1,22,,56898,6,,,1,18,,56912,6,,,1,59,,56909,6,,,1,20,,56911,6,,,1,20,,56886,6,,,1,70,,56891,6,,,1,30,,56888,6,,,1
37101,'Samedi-0-_26ÉTÉ-0000010-',716,,61239,6,,,1,99,,61238,6,,,1,101,,61242,6,,,1,100,,61241,6,,,1,100,,61243,6,,,1,100,,61240,6,,,1,100,,61244,6,,,1,100,,61245,6,,,1,100,,61246,6,,,1,100,,61247,6,,,1,100,,61248,6,,,1,100,,61249,6,,,1,100,,61250,6,,,1,100,,61251,6,,,1,100,,61252,6,,,1,100,,61253,6,,,1,100,,61254,6,,,1
37101,'Dimanche-0-_26ÉTÉ-0000001-',716,,61258,6,,,1,99,,61255,6,,,1,101,,61259,6,,,1,100,,61256,6,,,1,100,,61262,6,,,1,100,,61257,6,,,1,100,,61260,6,,,1,100,,61265,6,,,1,100,,61261,6,,,1,100,,61266,6,,,1,100,,61271,6,,,1,100,,61263,6,,,1,100,,61264,6,,,1,100,,61268,6,,,1,100,,61270,6,,,1,100,,61267,6,,,1,100,,61269,6,,,1
37101,'Dimanche-10-_26ÉTÉ-0000001-',716,,61275,6,,,1,99,,61272,6,,,1,101,,61276,6,,,1,100,,61273,6,,,1,100,,61279,6,,,1,100,,61274,6,,,1,100,,61277,6,,,1,100,,61282,6,,,1,100,,61278,6,,,1,100,,61283,6,,,1,100,,61288,6,,,1,100,,61280,6,,,1,100,,61281,6,,,1,100,,61285,6,,,1,100,,61287,6,,,1,100,,61284,6,,,1,100,,61286,6,,,1
37101,'Dimanche-11-_26ÉTÉ-0000001-',716,,61292,6,,,1,99,,61289,6,,,1,101,,61293,6,,,1,100,,61290,6,,,1,100,,61296,6,,,1,100,,61291,6,,,1,100,,61294,6,,,1,100,,61299,6,,,1,100,,61295,6,,,1,100,,61300,6,,,1,100,,61305,6,,,1,100,,61297,6,,,1,100,,61298,6,,,1,100,,61302,6,,,1,100,,61304,6,,,1,100,,61301,6,,,1,100,,61303,6,,,1
37101,'Semaine-1-_26ÉTÉ-1111100-',524,,61322,6,,,1,30,,61325,6,,,1,69,,61318,6,,,1,31,,61320,6,,,1,69,,61330,6,,,1,30,,61329,6,,,1,70,,61324,6,,,1,30,,61308,6,,,1,101,,61315,6,,,1,100,,61313,6,,,1,97,,61314,6,,,1,102,,61328,6,,,1,100,,61311,6,,,1,101,,61312,6,,,1,68,,61309,6,,,1,28,,61316,6,,,1,73,,61326,6,,,1,30,,61327,6,,,1,70,,61306,6,,,1,80,,61310,6,,,1,97,,61321,6,,,1,100,,61323,6,,,1,100,,61307,6,,,1,100,,61317,6,,,1,145,,61319,6,,,1
37101,'Semaine-10-_26ÉTÉ-1111100-',524,,61347,6,,,1,30,,61350,6,,,1,69,,61343,6,,,1,31,,61345,6,,,1,69,,61355,6,,,1,30,,61354,6,,,1,70,,61349,6,,,1,30,,61333,6,,,1,101,,61340,6,,,1,100,,61338,6,,,1,97,,61339,6,,,1,102,,61353,6,,,1,100,,61336,6,,,1,101,,61337,6,,,1,68,,61334,6,,,1,28,,61341,6,,,1,73,,61351,6,,,1,30,,61352,6,,,1,70,,61331,6,,,1,80,,61335,6,,,1,97,,61346,6,,,1,100,,61348,6,,,1,100,,61332,6,,,1,100,,61342,6,,,1,145,,61344,6,,,1
37101,'Semaine-11-_26ÉTÉ-1111100-',524,,61372,6,,,1,30,,61375,6,,,1,69,,61368,6,,,1,31,,61370,6,,,1,69,,61380,6,,,1,30,,61379,6,,,1,70,,61374,6,,,1,30,,61358,6,,,1,101,,61365,6,,,1,100,,61363,6,,,1,97,,61364,6,,,1,102,,61378,6,,,1,100,,61361,6,,,1,101,,61362,6,,,1,68,,61359,6,,,1,28,,61366,6,,,1,73,,61376,6,,,1,30,,61377,6,,,1,70,,61356,6,,,1,80,,61360,6,,,1,97,,61371,6,,,1,100,,61373,6,,,1,100,,61357,6,,,1,100,,61367,6,,,1,145,,61369,6,,,1
37101,'Semaine-12-_26ÉTÉ-1111100-',524,,61397,6,,,1,30,,61400,6,,,1,69,,61393,6,,,1,31,,61395,6,,,1,69,,61405,6,,,1,30,,61404,6,,,1,70,,61399,6,,,1,30,,61383,6,,,1,101,,61390,6,,,1,100,,61388,6,,,1,97,,61389,6,,,1,102,,61403,6,,,1,100,,61386,6,,,1,101,,61387,6,,,1,68,,61384,6,,,1,28,,61391,6,,,1,73,,61401,6,,,1,30,,61402,6,,,1,70,,61381,6,,,1,80,,61385,6,,,1,97,,61396,6,,,1,100,,61398,6,,,1,100,,61382,6,,,1,100,,61392,6,,,1,145,,61394,6,,,1
37101,'Semaine-5-_26ÉTÉ-1111100-',524,,61422,6,,,1,30,,61425,6,,,1,69,,61418,6,,,1,31,,61420,6,,,1,69,,61430,6,,,1,30,,61429,6,,,1,70,,61424,6,,,1,30,,61408,6,,,1,101,,61415,6,,,1,100,,61413,6,,,1,97,,61414,6,,,1,102,,61428,6,,,1,100,,61411,6,,,1,101,,61412,6,,,1,68,,61409,6,,,1,28,,61416,6,,,1,73,,61426,6,,,1,30,,61427,6,,,1,70,,61406,6,,,1,80,,61410,6,,,1,97,,61421,6,,,1,100,,61423,6,,,1,100,,61407,6,,,1,100,,61417,6,,,1,145,,61419,6,,,1
