4500,'Semaine-4',1523,,31644,32,,,1,36,,31639,32,,,1,70,,31640,32,,,1,30,,31642,32,,,2,69,,31643,32,,,1,25,,31641,32,,,1
4500,'Semaine-2-_26ÉTÉ-1111100-',1522,,41126,32,,,1,35,,41121,32,,,2,72,,41122,32,,,2,30,,41124,32,,,1,69,,41125,32,,,1,25,,41123,32,,,2
4500,'Semaine-3-_26ÉTÉ-1111100-',1522,,41132,32,,,1,35,,41127,32,,,2,72,,41128,32,,,2,30,,41130,32,,,1,69,,41131,32,,,1,25,,41129,32,,,2
4500,'Semaine-4-_26ÉTÉ-1111100-',1522,,41138,32,,,1,35,,41133,32,,,2,72,,41134,32,,,2,30,,41136,32,,,1,69,,41137,32,,,1,25,,41135,32,,,2
5200,'Samedi-3',638,,31809,18,,,1,100,,31810,18,,,2,100,,31811,18,,,1,101,,31812,18,,,2,100,,31813,18,,,1,101,,31814,18,,,1,101,,31815,18,,,2,100,,31816,18,,,1,99,,31817,18,,,1,100,,31818,18,,,1,100,,31819,18,,,1,100,,31820,18,,,1,99,,31821,18,,,1,100,,31824,18,,,1,100,,31822,18,,,1,100,,31823,18,,,2,98,,31825,18,,,2,100,,31826,18,,,1
5200,'Samedi-4',638,,36183,18,,,1,100,,36184,18,,,2,100,,36185,18,,,1,101,,36186,18,,,2,100,,36187,18,,,1,101,,36188,18,,,1,101,,36189,18,,,2,100,,36190,18,,,1,99,,36191,18,,,1,100,,36192,18,,,1,100,,36193,18,,,1,100,,36194,18,,,1,99,,36195,18,,,1,100,,36198,18,,,1,100,,36196,18,,,1,100,,36197,18,,,2,98,,36199,18,,,2,100,,36200,18,,,1
5200,'Dimanche-3',638,,31828,18,,,1,100,,31827,18,,,2,100,,31829,18,,,1,101,,31830,18,,,2,100,,31832,18,,,1,101,,31837,18,,,1,101,,31831,18,,,2,100,,31834,18,,,1,99,,31835,18,,,1,100,,31833,18,,,1,100,,31836,18,,,1,100,,31843,18,,,1,99,,31842,18,,,1,100,,31838,18,,,1,100,,31844,18,,,1,100,,31841,18,,,2,98,,31840,18,,,2,100,,31839,18,,,1
5200,'Semaine-4',609,,31848,18,,,1,99,,31850,18,,,1,107,,31845,18,,,1,97,,31861,18,,,2,97,,31859,18,,,1,101,,31846,18,,,2,100,,31853,18,,,1,100,,31852,18,,,1,100,,31849,18,,,1,101,,31847,18,,,1,108,,31851,18,,,1,100,,31862,18,,,1,107,,31860,18,,,1,99,,31854,18,,,1,84,,31858,18,,,1,100,,31857,18,,,2,100,,31855,18,,,1,100,,31856,18,,,1
5200,'Samedi-10-_26ÉTÉ-0000010-',638,,41440,18,,,1,100,,41441,18,,,2,100,,41442,18,,,1,101,,41443,18,,,2,100,,41444,18,,,1,101,,41445,18,,,1,101,,41446,18,,,2,100,,41447,18,,,2,99,,41448,18,,,1,100,,41449,18,,,2,100,,41450,18,,,1,100,,41451,18,,,1,99,,41452,18,,,1,100,,41455,18,,,1,100,,41453,18,,,1,100,,41454,18,,,2,98,,41456,18,,,2,100,,41457,18,,,1
5200,'Semaine-2-_26ÉTÉ-1111100-',609,,41461,18,,,1,99,,41463,18,,,1,107,,41458,18,,,1,99,,41474,18,,,1,96,,41472,18,,,2,100,,41459,18,,,1,100,,41466,18,,,1,100,,41465,18,,,1,100,,41462,18,,,1,100,,41460,18,,,1,108,,41464,18,,,1,103,,41475,18,,,1,105,,41473,18,,,1,99,,41467,18,,,1,84,,41471,18,,,1,100,,41470,18,,,1,100,,41468,18,,,1,100,,41469,18,,,1
5200,'Semaine-3-_26ÉTÉ-1111100-',609,,41479,18,,,1,99,,41481,18,,,1,107,,41476,18,,,1,99,,41492,18,,,1,96,,41490,18,,,2,100,,41477,18,,,1,100,,41484,18,,,1,100,,41483,18,,,1,100,,41480,18,,,1,100,,41478,18,,,1,108,,41482,18,,,1,103,,41493,18,,,1,105,,41491,18,,,1,99,,41485,18,,,1,84,,41489,18,,,1,100,,41488,18,,,1,100,,41486,18,,,1,100,,41487,18,,,1
5200,'Semaine-4-_26ÉTÉ-1111100-',609,,41497,18,,,1,99,,41499,18,,,1,107,,41494,18,,,1,99,,41510,18,,,1,96,,41508,18,,,2,100,,41495,18,,,1,100,,41502,18,,,1,100,,41501,18,,,1,100,,41498,18,,,1,100,,41496,18,,,1,108,,41500,18,,,1,103,,41511,18,,,1,105,,41509,18,,,1,99,,41503,18,,,1,84,,41507,18,,,1,100,,41506,18,,,1,100,,41504,18,,,1,100,,41505,18,,,1
5601,'Semaine-4',1241,,32168,35,,,1,102,,32165,35,,,1,100,,32164,35,,,1,102,,32167,35,,,1,105,,32166,35,,,2,97,,32169,35,,,1,95,,32170,35,,,1
5601,'Semaine-2-_26ÉTÉ-1111100-',1241,,41984,35,,,2,102,,41981,35,,,1,100,,41980,35,,,1,100,,41983,35,,,1,106,,41982,35,,,1,98,,41985,35,,,2,94,,41986,35,,,1
5601,'Semaine-3-_26ÉTÉ-1111100-',1241,,41991,35,,,2,102,,41988,35,,,1,100,,41987,35,,,1,100,,41990,35,,,1,106,,41989,35,,,1,98,,41992,35,,,2,94,,41993,35,,,1
5601,'Semaine-4-_26ÉTÉ-1111100-',1241,,41998,35,,,2,102,,41995,35,,,1,100,,41994,35,,,1,100,,41997,35,,,1,106,,41996,35,,,1,98,,41999,35,,,2,94,,42000,35,,,1
64500,'Semaine-4',711,,34842,9,0,9 10,1
64500,'Semaine-2-_26ÉTÉ-1111100-',711,,46788,9,0,9 10,1
64500,'Semaine-3-_26ÉTÉ-1111100-',711,,46789,9,0,9 10,1
64500,'Semaine-4-_26ÉTÉ-1111100-',711,,46790,9,0,9 10,1
