4801,'Semaine-4',757,,31659,43,,,1
4801,'Semaine-5',757,,36067,43,,,1
8501,'Semaine-4',546,,33918,35,,,1,71,,33920,35,,,1,24,,33923,35,,,1,18,,33922,35,,,1,55,,33927,35,,,2,22,,33919,35,,,1,12,,33925,35,,,1,55,,33921,35,,,1,17,,33926,35,,,1,19,,33924,35,,,1
8501,'Semaine-5',546,,37782,35,,,1,71,,37784,35,,,1,24,,37787,35,,,1,18,,37786,35,,,1,55,,37791,35,,,2,22,,37783,35,,,1,12,,37789,35,,,1,55,,37785,35,,,1,17,,37790,35,,,1,19,,37788,35,,,1
8701,'Semaine-4',531,,33947,31,,,1,70,,33940,31,,,1,32,,33945,31,,,1,20,,33943,31,,,1,55,,33941,31,,,1,17,,33950,31,,,1,15,,33946,31,,,1,18,,33942,31,,,1,55,,33949,31,,,1,16,,33948,31,,,1,22,,33944,31,,,1,57,,33939,31,,,1
8701,'Semaine-5',531,,37811,31,,,1,70,,37804,31,,,1,32,,37809,31,,,1,20,,37807,31,,,1,55,,37805,31,,,1,17,,37814,31,,,1,15,,37810,31,,,1,18,,37806,31,,,1,55,,37813,31,,,1,16,,37812,31,,,1,22,,37808,31,,,1,57,,37803,31,,,1
9301,'Semaine-4',650,,33961,55,,,1,60,,33959,55,,,1,22,,33958,55,,,1,76,,33962,55,,,2,30,,33960,55,,,1
9301,'Semaine-5',650,,37825,55,,,1,60,,37823,55,,,1,22,,37822,55,,,1,76,,37826,55,,,2,30,,37824,55,,,1
9401,'Semaine-4',611,,33963,45,,,1
9401,'Semaine-5',611,,37827,45,,,1
9501,'Semaine-4',643,,33978,69,,,2,15,,33974,69,,,1,53,,33976,69,,,1,20,,33981,69,,,2,17,,33977,69,,,2,57,,33979,69,,,1,15,,33980,69,,,2,16,,33975,69,,,2
9501,'Semaine-5',643,,37842,69,,,2,15,,37838,69,,,1,53,,37840,69,,,1,20,,37845,69,,,2,17,,37841,69,,,2,57,,37843,69,,,1,15,,37844,69,,,2,16,,37839,69,,,2
9801,'Semaine-4',555,,34085,59,,,1,50,,34086,59,,,1,10,,34087,59,,,1
9801,'Semaine-5',555,,37916,59,,,1,50,,37917,59,,,1,10,,37918,59,,,1
10001,'Semaine-4',635,,34108,17,,,1,10,,34106,17,,,1,10,,34105,17,,,1,50,,34104,17,,,1,9,,34107,17,,,1,11,,34109,17,,,1,10,,34110,17,,,1,10,,34111,17,,,1,10,,34112,17,,,1,50,,34113,17,,,1,10,,34114,17,,,1,10,,34115,17,,,1,9,,34116,17,,,1,10,,34117,17,,,1,10,,34118,17,,,1
10001,'Semaine-5',635,,37939,17,,,1,10,,37937,17,,,1,10,,37936,17,,,1,50,,37935,17,,,1,9,,37938,17,,,1,11,,37940,17,,,1,10,,37941,17,,,1,10,,37942,17,,,1,10,,37943,17,,,1,50,,37944,17,,,1,10,,37945,17,,,1,10,,37946,17,,,1,9,,37947,17,,,1,10,,37948,17,,,1,10,,37949,17,,,1
43700,'Semaine-4',716,,34808,4,0,9 14,1
43700,'Semaine-5',716,,38459,4,0,9 14,1
