2500,'Semaine-4',1546,,30361,31,,,1,70,,30364,31,,,1,32,,30362,31,,,1,71,,30366,31,,,1,27,,30363,31,,,1,64,,30365,31,,,1
2500,'Semaine-2-_26ÉTÉ-1111100-',1545,,38727,31,,,1,71,,38730,31,,,1,32,,38728,31,,,1,73,,38732,31,,,1,27,,38729,31,,,1,65,,38731,31,,,1
2500,'Semaine-3-_26ÉTÉ-1111100-',1545,,38733,31,,,1,71,,38736,31,,,1,32,,38734,31,,,1,73,,38738,31,,,1,27,,38735,31,,,1,65,,38737,31,,,1
2500,'Semaine-4-_26ÉTÉ-1111100-',1545,,38739,31,,,1,71,,38742,31,,,1,32,,38740,31,,,1,73,,38744,31,,,1,27,,38741,31,,,1,65,,38743,31,,,1
2800,'Semaine-4',1617,,30392,41,,,2,39,,30393,41,,,1,93,,30394,41,,,2
2800,'Semaine-2-_26ÉTÉ-1111100-',1617,,38820,41,,,2,38,,38821,41,,,2,94,,38822,41,,,1
2800,'Semaine-3-_26ÉTÉ-1111100-',1617,,38823,41,,,2,38,,38824,41,,,2,94,,38825,41,,,1
2800,'Semaine-4-_26ÉTÉ-1111100-',1617,,38826,41,,,2,38,,38827,41,,,2,94,,38828,41,,,1
3900,'Samedi-3',648,,31446,19,,,1,101,,31447,19,,,1,100,,31451,19,,,1,101,,31450,19,,,1,100,,31453,19,,,1,100,,31452,19,,,1,102,,31448,19,,,1,70,,31449,19,,,1,30,,31454,19,,,1,71,,31455,19,,,2,30,,31456,19,,,1,70,,31457,19,,,1,31,,31458,19,,,2,70,,31459,19,,,1,30,,31460,19,,,1,70,,31461,19,,,1,30,,31462,19,,,1,69,,31463,19,,,1,29,,31464,19,,,1,68,,31465,19,,,1,100,,31466,19,,,1,100,,31467,19,,,1,100,,31468,19,,,1,100,,31469,19,,,1
3900,'Dimanche-3',648,,31470,19,,,1,101,,31477,19,,,1,100,,31471,19,,,1,101,,31473,19,,,1,100,,31479,19,,,1,100,,31472,19,,,1,102,,31478,19,,,1,70,,31474,19,,,1,30,,31475,19,,,1,71,,31480,19,,,2,30,,31482,19,,,1,70,,31476,19,,,1,31,,31481,19,,,2,70,,31483,19,,,1,30,,31484,19,,,1,70,,31490,19,,,1,30,,31491,19,,,1,69,,31493,19,,,1,29,,31489,19,,,1,68,,31487,19,,,1,100,,31488,19,,,1,100,,31492,19,,,1,100,,31485,19,,,1,100,,31486,19,,,1
3900,'Semaine-4',624,,31511,19,,,1,23,,31497,19,,,1,72,,31516,19,,,1,28,,31509,19,,,1,73,,31510,19,,,1,33,,31508,19,,,1,72,,31505,19,,,1,30,,31522,19,,,1,70,,31517,19,,,1,31,,31529,19,,,1,70,,31514,19,,,1,30,,31518,19,,,1,70,,31506,19,,,1,31,,31504,19,,,1,70,,31519,19,,,2,29,,31507,19,,,1,70,,31494,19,,,1,33,,31520,19,,,2,73,,31501,19,,,1,71,,31503,19,,,1,30,,31521,19,,,1,72,,31500,19,,,1,28,,31495,19,,,1,69,,31523,19,,,1,28,,31502,19,,,1,71,,31496,19,,,2,29,,31524,19,,,2,72,,31499,19,,,1,25,,31515,19,,,2,26,,31525,19,,,1,70,,31498,19,,,1,30,,31513,19,,,1,69,,31526,19,,,2,30,,31512,19,,,1,70,,31528,19,,,1,30,,31527,19,,,2
3900,'Samedi-10-_26ÉTÉ-0000010-',648,,40782,19,,,1,101,,40783,19,,,1,100,,40787,19,,,1,101,,40786,19,,,1,100,,40789,19,,,1,100,,40788,19,,,1,102,,40784,19,,,1,70,,40785,19,,,1,30,,40790,19,,,1,71,,40791,19,,,2,30,,40792,19,,,1,70,,40793,19,,,1,31,,40794,19,,,2,70,,40795,19,,,1,30,,40796,19,,,1,70,,40797,19,,,1,30,,40798,19,,,1,69,,40799,19,,,1,29,,40800,19,,,1,68,,40801,19,,,1,100,,40802,19,,,1,100,,40803,19,,,1,100,,40804,19,,,1,100,,40805,19,,,1
3900,'Semaine-2-_26ÉTÉ-1111100-',624,,40823,19,,,2,25,,40809,19,,,1,70,,40828,19,,,2,28,,40821,19,,,1,73,,40822,19,,,1,33,,40820,19,,,1,72,,40817,19,,,1,30,,40834,19,,,1,70,,40829,19,,,1,31,,40841,19,,,1,70,,40826,19,,,2,31,,40830,19,,,1,69,,40818,19,,,1,32,,40816,19,,,2,69,,40831,19,,,1,29,,40819,19,,,1,70,,40806,19,,,2,32,,40832,19,,,1,75,,40813,19,,,2,69,,40815,19,,,1,30,,40833,19,,,2,74,,40812,19,,,1,27,,40807,19,,,1,70,,40835,19,,,1,27,,40814,19,,,1,71,,40808,19,,,1,29,,40836,19,,,2,72,,40811,19,,,1,25,,40827,19,,,2,26,,40837,19,,,1,70,,40810,19,,,1,30,,40825,19,,,1,70,,40838,19,,,1,30,,40824,19,,,1,70,,40840,19,,,1,30,,40839,19,,,1
3900,'Semaine-3-_26ÉTÉ-1111100-',624,,40859,19,,,2,25,,40845,19,,,1,70,,40864,19,,,2,28,,40857,19,,,1,73,,40858,19,,,1,33,,40856,19,,,1,72,,40853,19,,,1,30,,40870,19,,,1,70,,40865,19,,,1,31,,40877,19,,,1,70,,40862,19,,,2,31,,40866,19,,,1,69,,40854,19,,,1,32,,40852,19,,,2,69,,40867,19,,,1,29,,40855,19,,,1,70,,40842,19,,,2,32,,40868,19,,,1,75,,40849,19,,,2,69,,40851,19,,,1,30,,40869,19,,,2,74,,40848,19,,,1,27,,40843,19,,,1,70,,40871,19,,,1,27,,40850,19,,,1,71,,40844,19,,,1,29,,40872,19,,,2,72,,40847,19,,,1,25,,40863,19,,,2,26,,40873,19,,,1,70,,40846,19,,,1,30,,40861,19,,,1,70,,40874,19,,,1,30,,40860,19,,,1,70,,40876,19,,,1,30,,40875,19,,,1
3900,'Semaine-4-_26ÉTÉ-1111100-',624,,40895,19,,,2,25,,40881,19,,,1,70,,40900,19,,,2,28,,40893,19,,,1,73,,40894,19,,,1,33,,40892,19,,,1,72,,40889,19,,,1,30,,40906,19,,,1,70,,40901,19,,,1,31,,40913,19,,,1,70,,40898,19,,,2,31,,40902,19,,,1,69,,40890,19,,,1,32,,40888,19,,,2,69,,40903,19,,,1,29,,40891,19,,,1,70,,40878,19,,,2,32,,40904,19,,,1,75,,40885,19,,,2,69,,40887,19,,,1,30,,40905,19,,,2,74,,40884,19,,,1,27,,40879,19,,,1,70,,40907,19,,,1,27,,40886,19,,,1,71,,40880,19,,,1,29,,40908,19,,,2,72,,40883,19,,,1,25,,40899,19,,,2,26,,40909,19,,,1,70,,40882,19,,,1,30,,40897,19,,,1,70,,40910,19,,,1,30,,40896,19,,,1,70,,40912,19,,,1,30,,40911,19,,,1
5000,'Semaine-4',658,,31803,35,,,1,65,,31801,35,,,1,5,,31802,14,,,2,25,,31804,35,,,2,71,,31800,35,,,1,105,,31805,35,,,1
5000,'Semaine-2-_26ÉTÉ-1111100-',658,,41418,35,,,2,65,,41417,35,,,1,30,,41419,35,,,1,70,,41416,35,,,1,106,,41420,35,,,1
5000,'Semaine-3-_26ÉTÉ-1111100-',658,,41423,35,,,2,65,,41422,35,,,1,30,,41424,35,,,1,70,,41421,35,,,1,106,,41425,35,,,1
5000,'Semaine-4-_26ÉTÉ-1111100-',658,,41428,35,,,2,65,,41427,35,,,1,30,,41429,35,,,1,70,,41426,35,,,1,106,,41430,35,,,1
32500,'Semaine-4',1645,,34184,39,0,7 8,1
32500,'Semaine-2-_26ÉTÉ-1111100-',1645,,45835,39,0,7 8,1
32500,'Semaine-3-_26ÉTÉ-1111100-',1645,,45836,39,0,7 8,1
42501,'Semaine-4',1515,,34794,25,0,9 14,1
55000,'Semaine-4',714,,34816,35,0,5 6,1,2,,34817,35,0,5 6,1
55000,'Semaine-2-_26ÉTÉ-1111100-',716,,46761,35,0,5 6,1
55000,'Semaine-3-_26ÉTÉ-1111100-',716,,46762,35,0,5 6,1
55000,'Semaine-4-_26ÉTÉ-1111100-',716,,46763,35,0,5 6,1
63900,'Semaine-4',1526,,34833,32,0,9 10,1
82500,'Semaine-4',1546,,35006,23,0,9 12 13,1
