6201,'Semaine-1-_26ÉTÉ-1111100-',518,,54565,9,,,2,30,,54559,9,,,2,70,,54575,9,,,1,31,,54570,9,,,2,69,,54555,9,,,2,32,,54556,9,,,2,69,,54560,9,,,2,29,,54569,9,,,1,91,,54561,9,,,1,100,,54557,9,,,2,100,,54566,9,,,2,100,,54573,9,,,2,100,,54576,9,,,2,99,,54567,9,,,1,95,,54577,9,,,1,83,,54572,9,,,1,85,,54558,9,,,1,37,,54571,9,,,2,69,,54574,9,,,1,100,,54564,9,,,1,100,,54563,9,,,1,45,,54568,9,,,1,100,,54562,9,,,1
6201,'Semaine-10-_26ÉTÉ-1111100-',518,,54588,9,,,2,30,,54582,9,,,2,70,,54598,9,,,1,31,,54593,9,,,2,69,,54578,9,,,2,32,,54579,9,,,2,69,,54583,9,,,2,29,,54592,9,,,1,91,,54584,9,,,1,100,,54580,9,,,2,100,,54589,9,,,2,100,,54596,9,,,2,100,,54599,9,,,2,99,,54590,9,,,1,95,,54600,9,,,1,83,,54595,9,,,1,85,,54581,9,,,1,37,,54594,9,,,2,69,,54597,9,,,1,100,,54587,9,,,2,100,,54586,9,,,1,45,,54591,9,,,1,100,,54585,9,,,1
6201,'Semaine-11-_26ÉTÉ-1111100-',518,,54611,9,,,2,30,,54605,9,,,2,70,,54621,9,,,1,31,,54616,9,,,2,69,,54601,9,,,2,32,,54602,9,,,2,69,,54606,9,,,2,29,,54615,9,,,1,91,,54607,9,,,1,100,,54603,9,,,2,100,,54612,9,,,2,100,,54619,9,,,2,100,,54622,9,,,2,99,,54613,9,,,1,95,,54623,9,,,1,83,,54618,9,,,1,85,,54604,9,,,1,37,,54617,9,,,2,69,,54620,9,,,1,100,,54610,9,,,1,100,,54609,9,,,1,45,,54614,9,,,1,100,,54608,9,,,1
6201,'Semaine-12-_26ÉTÉ-1111100-',518,,54634,9,,,2,30,,54628,9,,,2,70,,54644,9,,,1,31,,54639,9,,,2,69,,54624,9,,,2,32,,54625,9,,,2,69,,54629,9,,,2,29,,54638,9,,,1,91,,54630,9,,,1,100,,54626,9,,,2,100,,54635,9,,,2,100,,54642,9,,,2,100,,54645,9,,,2,99,,54636,9,,,1,95,,54646,9,,,1,83,,54641,9,,,1,85,,54627,9,,,1,37,,54640,9,,,2,69,,54643,9,,,1,100,,54633,9,,,1,100,,54632,9,,,1,45,,54637,9,,,1,100,,54631,9,,,1
6201,'Semaine-5-_26ÉTÉ-1111100-',518,,54657,9,,,2,30,,54651,9,,,2,70,,54667,9,,,1,31,,54662,9,,,2,69,,54647,9,,,2,32,,54648,9,,,2,69,,54652,9,,,2,29,,54661,9,,,1,91,,54653,9,,,1,100,,54649,9,,,2,100,,54658,9,,,2,100,,54665,9,,,2,100,,54668,9,,,2,99,,54659,9,,,1,95,,54669,9,,,1,83,,54664,9,,,1,85,,54650,9,,,1,37,,54663,9,,,2,69,,54666,9,,,1,100,,54656,9,,,1,100,,54655,9,,,1,45,,54660,9,,,1,100,,54654,9,,,1
7100,'Samedi-0-_26ÉTÉ-0000010-',807,,57400,9,,,2,100,,57401,9,,,1,100,,57403,9,,,1,103,,57398,9,,,1,100,,57402,9,,,1,100,,57399,9,,,1,100,,57404,9,,,1,100,,57405,9,,,2,100,,57406,9,,,2,100,,57407,9,,,2,100,,57408,9,,,2,98,,57409,9,,,2,100,,57410,9,,,1,100,,57411,9,,,1,100,,57412,9,,,2,100,,57413,9,,,1
7100,'Dimanche-0-_26ÉTÉ-0000001-',807,,57417,9,,,2,100,,57418,9,,,1,100,,57419,9,,,1,103,,57420,9,,,1,100,,57416,9,,,1,100,,57415,9,,,1,100,,57421,9,,,1,100,,57414,9,,,2,100,,57424,9,,,2,100,,57426,9,,,2,100,,57427,9,,,2,98,,57425,9,,,2,100,,57422,9,,,1,100,,57423,9,,,1,100,,57429,9,,,2,100,,57428,9,,,1
7100,'Dimanche-10-_26ÉTÉ-0000001-',807,,57433,9,,,2,100,,57434,9,,,1,100,,57435,9,,,1,103,,57436,9,,,1,100,,57432,9,,,1,100,,57431,9,,,1,100,,57437,9,,,1,100,,57430,9,,,2,100,,57440,9,,,2,100,,57442,9,,,2,100,,57443,9,,,2,98,,57441,9,,,2,100,,57438,9,,,1,100,,57439,9,,,1,100,,57445,9,,,2,100,,57444,9,,,1
7100,'Dimanche-11-_26ÉTÉ-0000001-',807,,57449,9,,,2,100,,57450,9,,,1,100,,57451,9,,,1,103,,57452,9,,,1,100,,57448,9,,,1,100,,57447,9,,,1,100,,57453,9,,,1,100,,57446,9,,,2,100,,57456,9,,,2,100,,57458,9,,,2,100,,57459,9,,,2,98,,57457,9,,,2,100,,57454,9,,,1,100,,57455,9,,,1,100,,57461,9,,,2,100,,57460,9,,,1
7100,'Semaine-1-_26ÉTÉ-1111100-',534,,57495,9,,,2,70,,57478,9,,,1,30,,57496,9,,,2,19,,57499,9,,,2,61,,57469,9,,,1,20,,57473,9,,,2,20,,57472,9,,,2,50,,57494,9,,,1,10,,57470,9,,,1,10,,57485,9,,,2,20,,57462,9,,,2,60,,57488,9,,,1,20,,57493,9,,,1,30,,57484,9,,,1,71,,57489,9,,,1,30,,57490,9,,,2,70,,57504,9,,,2,30,,57465,9,,,1,70,,57491,9,,,1,30,,57503,9,,,1,70,,57464,9,,,1,30,,57466,9,,,1,71,,57474,9,,,2,28,,57497,9,,,1,70,,57468,9,,,2,7,,57498,9,,,2,21,,57501,9,,,2,59,,57500,9,,,2,14,,57481,9,,,2,6,,57476,9,,,2,20,,57477,9,,,2,60,,57467,9,,,2,20,,57486,9,,,1,23,,57463,9,,,2,67,,57487,9,,,2,31,,57502,9,,,1,70,,57475,9,,,2,30,,57479,9,,,1,70,,57482,9,,,1,101,,57480,9,,,1,99,,57492,9,,,1,100,,57471,9,,,2,101,,57483,9,,,1
7100,'Semaine-10-_26ÉTÉ-1111100-',534,,57538,9,,,2,70,,57521,9,,,1,30,,57539,9,,,2,19,,57542,9,,,2,61,,57512,9,,,1,20,,57516,9,,,2,20,,57515,9,,,2,50,,57537,9,,,1,10,,57513,9,,,1,10,,57528,9,,,2,20,,57505,9,,,2,60,,57531,9,,,1,20,,57536,9,,,1,30,,57527,9,,,1,71,,57532,9,,,1,30,,57533,9,,,2,70,,57547,9,,,2,30,,57508,9,,,1,70,,57534,9,,,1,30,,57546,9,,,1,70,,57507,9,,,1,30,,57509,9,,,1,71,,57517,9,,,2,28,,57540,9,,,1,70,,57511,9,,,2,7,,57541,9,,,2,21,,57544,9,,,2,59,,57543,9,,,2,14,,57524,9,,,2,6,,57519,9,,,2,20,,57520,9,,,2,60,,57510,9,,,2,20,,57529,9,,,1,23,,57506,9,,,2,67,,57530,9,,,2,31,,57545,9,,,1,70,,57518,9,,,2,30,,57522,9,,,1,70,,57525,9,,,1,101,,57523,9,,,1,99,,57535,9,,,1,100,,57514,9,,,2,101,,57526,9,,,1
7100,'Semaine-11-_26ÉTÉ-1111100-',534,,57581,9,,,2,70,,57564,9,,,1,30,,57582,9,,,2,19,,57585,9,,,2,61,,57555,9,,,1,20,,57559,9,,,2,20,,57558,9,,,2,50,,57580,9,,,1,10,,57556,9,,,1,10,,57571,9,,,2,20,,57548,9,,,2,60,,57574,9,,,1,20,,57579,9,,,1,30,,57570,9,,,1,71,,57575,9,,,1,30,,57576,9,,,2,70,,57590,9,,,2,30,,57551,9,,,1,70,,57577,9,,,1,30,,57589,9,,,1,70,,57550,9,,,1,30,,57552,9,,,1,71,,57560,9,,,2,28,,57583,9,,,1,70,,57554,9,,,2,7,,57584,9,,,2,21,,57587,9,,,2,59,,57586,9,,,2,14,,57567,9,,,2,6,,57562,9,,,2,20,,57563,9,,,2,60,,57553,9,,,2,20,,57572,9,,,1,23,,57549,9,,,2,67,,57573,9,,,2,31,,57588,9,,,1,70,,57561,9,,,2,30,,57565,9,,,1,70,,57568,9,,,1,101,,57566,9,,,1,99,,57578,9,,,1,100,,57557,9,,,2,101,,57569,9,,,1
7100,'Semaine-12-_26ÉTÉ-1111100-',534,,57624,9,,,2,70,,57607,9,,,1,30,,57625,9,,,2,19,,57628,9,,,2,61,,57598,9,,,1,20,,57602,9,,,2,20,,57601,9,,,2,50,,57623,9,,,1,10,,57599,9,,,1,10,,57614,9,,,2,20,,57591,9,,,2,60,,57617,9,,,1,20,,57622,9,,,1,30,,57613,9,,,1,71,,57618,9,,,1,30,,57619,9,,,2,70,,57633,9,,,2,30,,57594,9,,,1,70,,57620,9,,,1,30,,57632,9,,,1,70,,57593,9,,,1,30,,57595,9,,,1,71,,57603,9,,,2,28,,57626,9,,,1,70,,57597,9,,,2,7,,57627,9,,,2,21,,57630,9,,,2,59,,57629,9,,,2,14,,57610,9,,,2,6,,57605,9,,,2,20,,57606,9,,,2,60,,57596,9,,,2,20,,57615,9,,,1,23,,57592,9,,,2,67,,57616,9,,,2,31,,57631,9,,,1,70,,57604,9,,,2,30,,57608,9,,,1,70,,57611,9,,,1,101,,57609,9,,,1,99,,57621,9,,,1,100,,57600,9,,,2,101,,57612,9,,,1
7100,'Semaine-5-_26ÉTÉ-1111100-',534,,57667,9,,,2,70,,57650,9,,,1,30,,57668,9,,,2,19,,57671,9,,,2,61,,57641,9,,,1,20,,57645,9,,,2,20,,57644,9,,,2,50,,57666,9,,,1,10,,57642,9,,,1,10,,57657,9,,,2,20,,57634,9,,,2,60,,57660,9,,,1,20,,57665,9,,,1,30,,57656,9,,,1,71,,57661,9,,,1,30,,57662,9,,,2,70,,57676,9,,,2,30,,57637,9,,,1,70,,57663,9,,,1,30,,57675,9,,,1,70,,57636,9,,,1,30,,57638,9,,,1,71,,57646,9,,,2,28,,57669,9,,,1,70,,57640,9,,,2,7,,57670,9,,,2,21,,57673,9,,,2,59,,57672,9,,,2,14,,57653,9,,,2,6,,57648,9,,,2,20,,57649,9,,,2,60,,57639,9,,,2,20,,57658,9,,,1,23,,57635,9,,,2,67,,57659,9,,,2,31,,57674,9,,,1,70,,57647,9,,,2,30,,57651,9,,,1,70,,57654,9,,,1,101,,57652,9,,,1,99,,57664,9,,,1,100,,57643,9,,,2,101,,57655,9,,,1
