3100,'Samedi-11',738,,24633,26,,,1,70,,24634,26,,,1,103,,24635,26,,,1,101,,24632,26,,,1,103,,24638,26,,,1,101,,24639,26,,,1,101,,24636,26,,,1,100,,24637,26,,,1,100,,24640,26,,,1,102,,24641,26,,,1,98,,24642,26,,,1,100,,24643,26,,,1,92,,24649,26,,,1,100,,24644,26,,,1,99,,24645,26,,,1,100,,24646,26,,,1,100,,24647,26,,,1,100,,24648,26,,,1,96,,24650,26,,,1
3100,'Samedi-2',738,,24652,26,,,1,70,,24653,26,,,1,103,,24654,26,,,1,101,,24651,26,,,1,103,,24657,26,,,1,101,,24658,26,,,1,101,,24655,26,,,1,100,,24656,26,,,1,100,,24659,26,,,1,102,,24660,26,,,1,98,,24661,26,,,1,100,,24662,26,,,1,92,,24668,26,,,1,100,,24663,26,,,1,99,,24664,26,,,1,100,,24665,26,,,1,100,,24666,26,,,1,100,,24667,26,,,1,96,,24669,26,,,1
3100,'Dimanche-2',738,,24674,26,,,1,70,,24675,26,,,1,103,,24676,26,,,1,101,,24677,26,,,1,103,,24670,26,,,1,101,,24671,26,,,1,101,,24672,26,,,1,100,,24673,26,,,1,100,,24679,26,,,1,102,,24680,26,,,1,98,,24678,26,,,1,100,,24681,26,,,1,92,,24684,26,,,1,100,,24688,26,,,1,99,,24682,26,,,1,100,,24683,26,,,1,100,,24686,26,,,1,100,,24685,26,,,1,96,,24687,26,,,1
3100,'Semaine-3',625,,24693,24,,,1,75,,24728,24,,,1,32,,24706,24,,,1,71,,24694,24,,,1,20,,24734,24,,,1,14,,24731,24,,,1,20,,24690,24,,,1,56,,24703,24,,,1,17,,24704,24,,,1,12,,24720,24,,,1,59,,24695,24,,,1,21,,24697,24,,,1,20,,24714,24,,,1,60,,24715,24,,,1,20,,24721,24,,,1,20,,24696,24,,,1,60,,24701,24,,,1,21,,24722,24,,,1,20,,24729,24,,,1,59,,24717,24,,,1,20,,24698,24,,,1,21,,24691,24,,,1,57,,24727,24,,,1,22,,24732,24,,,1,19,,24716,24,,,1,60,,24699,24,,,1,19,,24719,24,,,1,24,,24723,24,,,1,61,,24730,24,,,1,19,,24718,24,,,1,14,,24700,24,,,1,21,,24711,24,,,1,60,,24713,24,,,1,22,,24702,24,,,1,5,,24689,17,,,1,13,,24707,24,,,1,61,,24692,24,,,1,13,,24725,24,,,1,18,,24733,24,,,1,67,,24708,26,,,1,98,,24726,26,,,1,99,,24709,26,,,1,100,,24705,26,,,1,99,,24710,26,,,1,102,,24712,26,,,1,103,,24724,26,,,1
3300,'Samedi-11',706,,24934,23,,,1,132,,24939,23,,,1,99,,24936,23,,,1,99,,24940,23,,,1,101,,24935,23,,,1,100,,24938,23,,,1,100,,24937,23,,,1,100,,24941,23,,,1,103,,24942,23,,,1,97,,24943,23,,,1,100,,24944,23,,,1,99,,24945,23,,,1,97,,24946,23,,,1,100,,24950,23,,,1,100,,24947,23,,,1,100,,24948,23,,,1,100,,24949,23,,,1,99,,24951,23,,,1
3300,'Samedi-2',706,,24952,23,,,1,132,,24957,23,,,1,99,,24954,23,,,1,99,,24958,23,,,1,101,,24953,23,,,1,100,,24956,23,,,1,100,,24955,23,,,1,100,,24959,23,,,1,103,,24960,23,,,1,97,,24961,23,,,1,100,,24962,23,,,1,99,,24963,23,,,1,97,,24964,23,,,1,100,,24968,23,,,1,100,,24965,23,,,1,100,,24966,23,,,1,100,,24967,23,,,1,99,,24969,23,,,1
3300,'Dimanche-2',706,,24971,23,,,1,132,,24970,23,,,1,99,,24973,23,,,1,99,,24975,23,,,1,101,,24976,23,,,1,100,,24977,23,,,1,100,,24972,23,,,1,100,,24979,23,,,1,103,,24974,23,,,1,97,,24980,23,,,1,100,,24983,23,,,1,99,,24987,23,,,1,97,,24984,23,,,1,100,,24978,23,,,1,100,,24981,23,,,1,100,,24986,23,,,1,100,,24982,23,,,1,99,,24985,23,,,1
3300,'Semaine-3',632,,25015,16,,,1,76,,25014,23,,,1,22,,25020,23,,,2,15,,24993,23,,,1,63,,25008,23,,,1,20,,25016,23,,,1,5,,25027,23,,,1,9,,25028,23,,,1,70,,25021,23,,,1,15,,25003,23,,,1,10,,25006,23,,,2,13,,25023,23,,,1,70,,25009,23,,,2,27,,24998,23,,,1,71,,25004,23,,,1,28,,24988,23,,,1,71,,25011,23,,,1,29,,24999,23,,,1,73,,25007,23,,,1,19,,25026,23,,,1,6,,25010,23,,,1,68,,25013,23,,,1,30,,25000,23,,,1,15,,25022,16,,,1,56,,25018,23,,,1,37,,25012,23,,,1,53,,24990,23,,,2,17,,25002,23,,,1,20,,25025,23,,,2,13,,25024,23,,,1,52,,25019,16,,,1,21,,24997,23,,,1,24,,24996,23,,,2,62,,25001,23,,,2,27,,24989,23,,,2,67,,24994,23,,,1,32,,25029,16,,,1,80,,25005,23,,,2,96,,24995,23,,,1,40,,24991,23,,,2,104,,25017,23,,,1,98,,25030,23,,,2,65,,24992,23,,,1
3901,'Samedi-11',616,,26019,16,,,1,100,,26021,16,,,1,100,,26025,16,,,1,101,,26024,16,,,1,100,,26027,16,,,1,100,,26026,16,,,1,100,,26022,16,,,1,30,,26020,16,,,1,70,,26028,16,,,1,30,,26023,16,,,2,71,,26029,16,,,1,30,,26030,16,,,1,70,,26031,16,,,2,30,,26032,16,,,1,70,,26033,16,,,1,30,,26034,16,,,1,70,,26035,16,,,1,30,,26036,16,,,1,70,,26037,16,,,1,29,,26038,16,,,1,100,,26039,16,,,1,100,,26040,16,,,1,100,,26041,16,,,1,100,,26042,16,,,1
3901,'Samedi-2',616,,26043,16,,,1,100,,26045,16,,,1,100,,26049,16,,,1,101,,26048,16,,,1,100,,26051,16,,,1,100,,26050,16,,,1,100,,26046,16,,,1,30,,26044,16,,,1,70,,26052,16,,,1,30,,26047,16,,,2,71,,26053,16,,,1,30,,26054,16,,,1,70,,26055,16,,,2,30,,26056,16,,,1,70,,26057,16,,,1,30,,26058,16,,,1,70,,26059,16,,,1,30,,26060,16,,,1,70,,26061,16,,,1,29,,26062,16,,,1,100,,26063,16,,,1,100,,26064,16,,,1,100,,26065,16,,,1,100,,26066,16,,,1
3901,'Dimanche-2',616,,26067,16,,,1,100,,26074,16,,,1,100,,26068,16,,,1,101,,26071,16,,,1,100,,26076,16,,,1,100,,26069,16,,,1,100,,26075,16,,,1,30,,26070,16,,,1,70,,26072,16,,,1,30,,26077,16,,,2,71,,26079,16,,,1,30,,26073,16,,,1,70,,26078,16,,,2,30,,26080,16,,,1,70,,26081,16,,,1,30,,26086,16,,,1,70,,26088,16,,,1,30,,26090,16,,,1,70,,26087,16,,,1,29,,26084,16,,,1,100,,26085,16,,,1,100,,26089,16,,,1,100,,26082,16,,,1,100,,26083,16,,,1
3901,'Semaine-3',638,,26113,16,,,1,66,,26102,16,,,1,36,,26103,16,,,1,73,,26099,16,,,1,33,,26105,16,,,1,70,,26107,16,,,1,30,,26114,16,,,1,70,,26125,16,,,1,30,,26120,16,,,1,70,,26115,16,,,1,30,,26100,16,,,1,71,,26109,16,,,1,31,,26116,16,,,2,69,,26101,16,,,1,30,,26098,16,,,1,73,,26117,16,,,2,27,,26110,16,,,1,72,,26091,16,,,1,31,,26118,16,,,1,69,,26096,16,,,1,31,,26093,16,,,1,69,,26121,16,,,1,29,,26106,16,,,1,72,,26112,16,,,2,31,,26097,16,,,2,72,,26119,16,,,1,25,,26092,16,,,2,66,,26122,16,,,1,30,,26095,16,,,1,70,,26111,16,,,1,32,,26123,16,,,2,70,,26094,16,,,1,30,,26104,16,,,1,72,,26124,16,,,2,30,,26108,16,,,1
57601,'Semaine-3',732,,30102,28,0,5 6,1
73300,'Semaine-3',1624,,30121,13,,,1
82600,'Semaine-3',1524,,30315,3,0,9 12 13,1
83100,'Semaine-3',1524,,30327,3,0,9 12 13,1
83300,'Semaine-3',1524,,30331,3,0,9 12 13,1
