6401,'Samedi-0-_26ÉTÉ-0000010-',730,,55096,27,,,1,100,,55093,27,,,1,100,,55095,27,,,1,100,,55098,27,,,1,100,,55094,27,,,2,100,,55099,27,,,1,100,,55097,27,,,1,100,,55100,27,,,2,100,,55101,27,,,1,100,,55102,27,,,1,100,,55103,27,,,1
6401,'Dimanche-0-_26ÉTÉ-0000001-',730,,55108,27,,,1,100,,55106,27,,,1,100,,55111,27,,,1,100,,55104,27,,,1,100,,55110,27,,,2,100,,55112,27,,,1,100,,55105,27,,,1,100,,55109,27,,,2,100,,55107,27,,,1,100,,55113,27,,,1,100,,55114,27,,,1
6401,'Dimanche-10-_26ÉTÉ-0000001-',730,,55119,27,,,1,100,,55117,27,,,1,100,,55122,27,,,1,100,,55115,27,,,1,100,,55121,27,,,2,100,,55123,27,,,1,100,,55116,27,,,1,100,,55120,27,,,2,100,,55118,27,,,1,100,,55124,27,,,1,100,,55125,27,,,1
6401,'Dimanche-11-_26ÉTÉ-0000001-',730,,55130,27,,,1,100,,55128,27,,,1,100,,55133,27,,,1,100,,55126,27,,,1,100,,55132,27,,,2,100,,55134,27,,,1,100,,55127,27,,,1,100,,55131,27,,,2,100,,55129,27,,,1,100,,55135,27,,,1,100,,55136,27,,,1
6401,'Semaine-1-_26ÉTÉ-1111100-',530,,55137,27,,,1,108,,55147,27,,,2,100,,55149,27,,,2,100,,55146,27,,,2,96,,55154,27,,,2,100,,55141,27,,,2,100,,55140,27,,,2,100,,55152,27,,,1,100,,55148,27,,,1,100,,55150,27,,,1,115,,55151,27,,,1,87,,55142,27,,,1,98,,55138,27,,,1,100,,55139,27,,,1,97,,55145,27,,,1,100,,55143,27,,,1,100,,55144,27,,,1,100,,55153,27,,,1
6401,'Semaine-10-_26ÉTÉ-1111100-',530,,55155,27,,,1,108,,55165,27,,,2,100,,55167,27,,,2,100,,55164,27,,,2,96,,55172,27,,,2,100,,55159,27,,,2,100,,55158,27,,,2,100,,55170,27,,,1,100,,55166,27,,,1,100,,55168,27,,,1,115,,55169,27,,,1,87,,55160,27,,,1,98,,55156,27,,,1,100,,55157,27,,,1,97,,55163,27,,,1,100,,55161,27,,,1,100,,55162,27,,,1,100,,55171,27,,,1
6401,'Semaine-11-_26ÉTÉ-1111100-',530,,55173,27,,,1,108,,55183,27,,,2,100,,55185,27,,,2,100,,55182,27,,,2,96,,55190,27,,,2,100,,55177,27,,,2,100,,55176,27,,,2,100,,55188,27,,,1,100,,55184,27,,,1,100,,55186,27,,,1,115,,55187,27,,,1,87,,55178,27,,,1,98,,55174,27,,,1,100,,55175,27,,,1,97,,55181,27,,,1,100,,55179,27,,,1,100,,55180,27,,,1,100,,55189,27,,,1
6401,'Semaine-12-_26ÉTÉ-1111100-',530,,55191,27,,,1,108,,55201,27,,,2,100,,55203,27,,,2,100,,55200,27,,,2,96,,55208,27,,,2,100,,55195,27,,,2,100,,55194,27,,,2,100,,55206,27,,,1,100,,55202,27,,,1,100,,55204,27,,,1,115,,55205,27,,,1,87,,55196,27,,,1,98,,55192,27,,,1,100,,55193,27,,,1,97,,55199,27,,,1,100,,55197,27,,,1,100,,55198,27,,,1,100,,55207,27,,,1
6401,'Semaine-5-_26ÉTÉ-1111100-',530,,55209,27,,,1,108,,55219,27,,,2,100,,55221,27,,,2,100,,55218,27,,,2,96,,55226,27,,,2,100,,55213,27,,,2,100,,55212,27,,,2,100,,55224,27,,,1,100,,55220,27,,,1,100,,55222,27,,,1,115,,55223,27,,,1,87,,55214,27,,,1,98,,55210,27,,,1,100,,55211,27,,,1,97,,55217,27,,,1,100,,55215,27,,,1,100,,55216,27,,,1,100,,55225,27,,,1
6601,'Samedi-0-_26ÉTÉ-0000010-',657,,55926,29,,,1,100,,55928,29,,,1,100,,55932,29,,,1,100,,55929,29,,,2,100,,55933,29,,,1,100,,55927,29,,,1,100,,55930,29,,,1,100,,55931,29,,,1,100,,55934,29,,,2,100,,55935,29,,,1,100,,55936,29,,,1,100,,55937,29,,,1,100,,55938,29,,,1,100,,55940,29,,,1,100,,55939,29,,,1,100,,55941,29,,,1,100,,55942,29,,,1,100,,55943,29,,,2
6601,'Dimanche-0-_26ÉTÉ-0000001-',657,,55945,29,,,1,100,,55949,29,,,1,100,,55950,29,,,1,100,,55951,29,,,2,100,,55953,29,,,1,100,,55944,29,,,1,100,,55952,29,,,1,100,,55946,29,,,1,100,,55947,29,,,2,100,,55948,29,,,1,100,,55957,29,,,1,100,,55959,29,,,1,100,,55955,29,,,1,100,,55956,29,,,1,100,,55954,29,,,1,100,,55958,29,,,1,100,,55960,29,,,1,100,,55961,29,,,2
6601,'Dimanche-10-_26ÉTÉ-0000001-',657,,55963,29,,,1,100,,55967,29,,,1,100,,55968,29,,,1,100,,55969,29,,,2,100,,55971,29,,,1,100,,55962,29,,,1,100,,55970,29,,,1,100,,55964,29,,,1,100,,55965,29,,,2,100,,55966,29,,,1,100,,55975,29,,,1,100,,55977,29,,,1,100,,55973,29,,,1,100,,55974,29,,,1,100,,55972,29,,,1,100,,55976,29,,,1,100,,55978,29,,,1,100,,55979,29,,,2
6601,'Dimanche-11-_26ÉTÉ-0000001-',657,,55981,29,,,1,100,,55985,29,,,1,100,,55986,29,,,1,100,,55987,29,,,2,100,,55989,29,,,1,100,,55980,29,,,1,100,,55988,29,,,1,100,,55982,29,,,1,100,,55983,29,,,2,100,,55984,29,,,1,100,,55993,29,,,1,100,,55995,29,,,1,100,,55991,29,,,1,100,,55992,29,,,1,100,,55990,29,,,1,100,,55994,29,,,1,100,,55996,29,,,1,100,,55997,29,,,2
6601,'Semaine-1-_26ÉTÉ-1111100-',548,,56007,29,,,2,60,,56000,29,,,2,20,,56009,29,,,2,16,,56015,29,,,1,60,,56010,29,,,2,20,,56001,29,,,2,20,,56013,29,,,2,60,,56006,29,,,2,20,,56022,29,,,1,20,,55999,29,,,2,60,,56012,29,,,2,20,,56023,29,,,2,20,,56031,29,,,2,102,,56011,29,,,1,100,,56003,29,,,2,100,,56027,29,,,1,100,,56028,29,,,2,101,,56014,29,,,2,63,,56002,29,,,2,19,,56019,29,,,2,17,,56016,29,,,1,61,,56029,29,,,2,20,,55998,29,,,1,20,,56024,29,,,2,60,,56017,29,,,2,21,,56030,29,,,2,19,,56020,29,,,1,60,,56025,29,,,2,20,,56018,29,,,1,20,,56026,29,,,2,58,,56032,29,,,1,100,,56005,29,,,1,100,,56004,29,,,1,95,,56008,29,,,1,100,,56021,29,,,1
6601,'Semaine-10-_26ÉTÉ-1111100-',548,,56042,29,,,2,60,,56035,29,,,2,20,,56044,29,,,2,16,,56050,29,,,1,60,,56045,29,,,2,20,,56036,29,,,2,20,,56048,29,,,2,60,,56041,29,,,2,20,,56057,29,,,1,20,,56034,29,,,2,60,,56047,29,,,2,20,,56058,29,,,2,20,,56066,29,,,2,102,,56046,29,,,1,100,,56038,29,,,2,100,,56062,29,,,1,100,,56063,29,,,2,101,,56049,29,,,2,63,,56037,29,,,2,19,,56054,29,,,2,17,,56051,29,,,1,61,,56064,29,,,2,20,,56033,29,,,1,20,,56059,29,,,2,60,,56052,29,,,2,21,,56065,29,,,2,19,,56055,29,,,1,60,,56060,29,,,2,20,,56053,29,,,1,20,,56061,29,,,2,58,,56067,29,,,1,100,,56040,29,,,1,100,,56039,29,,,1,95,,56043,29,,,1,100,,56056,29,,,1
6601,'Semaine-11-_26ÉTÉ-1111100-',548,,56077,29,,,2,60,,56070,29,,,2,20,,56079,29,,,2,16,,56085,29,,,1,60,,56080,29,,,2,20,,56071,29,,,2,20,,56083,29,,,2,60,,56076,29,,,2,20,,56092,29,,,1,20,,56069,29,,,2,60,,56082,29,,,2,20,,56093,29,,,2,20,,56101,29,,,2,102,,56081,29,,,1,100,,56073,29,,,2,100,,56097,29,,,1,100,,56098,29,,,2,101,,56084,29,,,2,63,,56072,29,,,2,19,,56089,29,,,2,17,,56086,29,,,1,61,,56099,29,,,2,20,,56068,29,,,1,20,,56094,29,,,2,60,,56087,29,,,2,21,,56100,29,,,2,19,,56090,29,,,1,60,,56095,29,,,2,20,,56088,29,,,1,20,,56096,29,,,2,58,,56102,29,,,1,100,,56075,29,,,1,100,,56074,29,,,1,95,,56078,29,,,1,100,,56091,29,,,1
6601,'Semaine-12-_26ÉTÉ-1111100-',548,,56112,29,,,2,60,,56105,29,,,2,20,,56114,29,,,2,16,,56120,29,,,1,60,,56115,29,,,2,20,,56106,29,,,2,20,,56118,29,,,2,60,,56111,29,,,2,20,,56127,29,,,1,20,,56104,29,,,2,60,,56117,29,,,2,20,,56128,29,,,2,20,,56136,29,,,2,102,,56116,29,,,1,100,,56108,29,,,2,100,,56132,29,,,1,100,,56133,29,,,2,101,,56119,29,,,2,63,,56107,29,,,2,19,,56124,29,,,2,17,,56121,29,,,1,61,,56134,29,,,2,20,,56103,29,,,1,20,,56129,29,,,2,60,,56122,29,,,2,21,,56135,29,,,2,19,,56125,29,,,1,60,,56130,29,,,2,20,,56123,29,,,1,20,,56131,29,,,2,58,,56137,29,,,1,100,,56110,29,,,1,100,,56109,29,,,1,95,,56113,29,,,1,100,,56126,29,,,1
6601,'Semaine-5-_26ÉTÉ-1111100-',548,,56147,29,,,2,60,,56140,29,,,2,20,,56149,29,,,2,16,,56155,29,,,1,60,,56150,29,,,2,20,,56141,29,,,2,20,,56153,29,,,2,60,,56146,29,,,2,20,,56162,29,,,1,20,,56139,29,,,2,60,,56152,29,,,2,20,,56163,29,,,2,20,,56171,29,,,2,102,,56151,29,,,1,100,,56143,29,,,2,100,,56167,29,,,1,100,,56168,29,,,2,101,,56154,29,,,2,63,,56142,29,,,2,19,,56159,29,,,2,17,,56156,29,,,1,61,,56169,29,,,2,20,,56138,29,,,1,20,,56164,29,,,2,60,,56157,29,,,2,21,,56170,29,,,2,19,,56160,29,,,1,60,,56165,29,,,2,20,,56158,29,,,1,20,,56166,29,,,2,58,,56172,29,,,1,100,,56145,29,,,1,100,,56144,29,,,1,95,,56148,29,,,1,100,,56161,29,,,1
