6200,'Semaine-4',608,,32412,33,,,1,29,,32428,33,,,1,71,,32413,33,,,1,30,,32425,33,,,2,71,,32424,33,,,1,30,,32423,33,,,2,99,,32414,33,,,1,100,,32419,33,,,1,100,,32416,33,,,1,100,,32426,33,,,1,100,,32429,33,,,1,100,,32432,33,,,1,86,,32433,33,,,2,30,,32421,33,,,1,71,,32427,33,,,1,29,,32415,33,,,1,70,,32434,33,,,2,28,,32430,33,,,2,70,,32422,33,,,1,100,,32431,33,,,1,96,,32417,33,,,1,100,,32420,33,,,1,100,,32418,33,,,1
6200,'Semaine-2-_26ÉTÉ-1111100-',608,,42394,33,,,2,30,,42410,33,,,2,70,,42395,33,,,1,31,,42407,33,,,2,70,,42406,33,,,2,31,,42405,33,,,1,98,,42396,33,,,1,100,,42401,33,,,2,100,,42398,33,,,1,100,,42408,33,,,2,100,,42411,33,,,2,100,,42414,33,,,2,86,,42415,33,,,1,30,,42403,33,,,2,71,,42409,33,,,1,29,,42397,33,,,1,70,,42416,33,,,2,28,,42412,33,,,1,70,,42404,33,,,1,100,,42413,33,,,1,96,,42399,33,,,1,100,,42402,33,,,1,100,,42400,33,,,2
6200,'Semaine-3-_26ÉTÉ-1111100-',608,,42417,33,,,2,30,,42433,33,,,2,70,,42418,33,,,1,31,,42430,33,,,2,70,,42429,33,,,2,31,,42428,33,,,1,98,,42419,33,,,1,100,,42424,33,,,2,100,,42421,33,,,1,100,,42431,33,,,2,100,,42434,33,,,2,100,,42437,33,,,2,86,,42438,33,,,1,30,,42426,33,,,2,71,,42432,33,,,1,29,,42420,33,,,1,70,,42439,33,,,2,28,,42435,33,,,1,70,,42427,33,,,1,100,,42436,33,,,1,96,,42422,33,,,1,100,,42425,33,,,1,100,,42423,33,,,2
6200,'Semaine-4-_26ÉTÉ-1111100-',608,,42440,33,,,2,30,,42456,33,,,2,70,,42441,33,,,1,31,,42453,33,,,2,70,,42452,33,,,2,31,,42451,33,,,1,98,,42442,33,,,1,100,,42447,33,,,2,100,,42444,33,,,1,100,,42454,33,,,2,100,,42457,33,,,2,100,,42460,33,,,2,86,,42461,33,,,1,30,,42449,33,,,2,71,,42455,33,,,1,29,,42443,33,,,1,70,,42462,33,,,2,28,,42458,33,,,1,70,,42450,33,,,1,100,,42459,33,,,1,96,,42445,33,,,1,100,,42448,33,,,1,100,,42446,33,,,2
7101,'Samedi-3',748,,33314,23,,,2,100,,33313,23,,,2,100,,33318,23,,,1,100,,33316,23,,,1,100,,33317,23,,,1,100,,33312,23,,,1,102,,33315,23,,,1,99,,33319,23,,,2,99,,33320,23,,,2,100,,33321,23,,,2,100,,33322,23,,,2,100,,33323,23,,,2,100,,33324,23,,,1,100,,33325,23,,,1,100,,33326,23,,,2,100,,33327,23,,,1
7101,'Samedi-4',748,,37308,23,,,2,100,,37307,23,,,2,100,,37312,23,,,1,100,,37310,23,,,1,100,,37311,23,,,1,100,,37306,23,,,1,102,,37309,23,,,1,99,,37313,23,,,2,99,,37314,23,,,2,100,,37315,23,,,2,100,,37316,23,,,2,100,,37317,23,,,2,100,,37318,23,,,1,100,,37319,23,,,1,100,,37320,23,,,2,100,,37321,23,,,1
7101,'Dimanche-3',748,,33333,23,,,2,100,,33332,23,,,2,100,,33334,23,,,1,100,,33335,23,,,1,100,,33330,23,,,1,100,,33329,23,,,1,102,,33331,23,,,1,99,,33328,23,,,2,99,,33338,23,,,2,100,,33339,23,,,2,100,,33340,23,,,2,100,,33341,23,,,2,100,,33336,23,,,1,100,,33337,23,,,1,100,,33343,23,,,2,100,,33342,23,,,1
7101,'Semaine-4',551,,33361,23,,,1,62,,33378,23,,,1,17,,33379,23,,,2,21,,33362,23,,,1,60,,33363,23,,,2,15,,33373,23,,,2,20,,33355,23,,,2,57,,33358,23,,,1,19,,33381,23,,,1,27,,33344,23,,,2,69,,33371,23,,,1,30,,33370,23,,,1,70,,33349,23,,,2,30,,33383,23,,,1,70,,33369,23,,,1,30,,33372,23,,,2,70,,33382,23,,,1,30,,33345,23,,,2,70,,33347,23,,,1,30,,33359,23,,,1,71,,33348,23,,,1,30,,33380,23,,,1,70,,33375,23,,,1,13,,33364,23,,,1,16,,33367,23,,,1,56,,33365,23,,,1,15,,33350,23,,,2,20,,33356,23,,,1,10,,33377,23,,,1,55,,33346,23,,,1,15,,33376,23,,,1,20,,33351,23,,,1,20,,33354,23,,,1,68,,33352,23,,,1,30,,33353,23,,,1,100,,33368,23,,,1,100,,33366,23,,,1,100,,33360,23,,,1,100,,33374,23,,,1,100,,33357,23,,,1
7101,'Samedi-10-_26ÉTÉ-0000010-',748,,44048,23,,,2,100,,44047,23,,,2,100,,44052,23,,,1,100,,44050,23,,,1,100,,44051,23,,,1,100,,44046,23,,,1,102,,44049,23,,,1,99,,44053,23,,,2,99,,44054,23,,,2,100,,44055,23,,,2,100,,44056,23,,,2,100,,44057,23,,,2,100,,44058,23,,,1,100,,44059,23,,,1,100,,44060,23,,,2,100,,44061,23,,,1
7101,'Semaine-2-_26ÉTÉ-1111100-',551,,44079,23,,,2,62,,44096,23,,,2,18,,44097,23,,,2,20,,44080,23,,,1,60,,44081,23,,,1,15,,44091,23,,,1,20,,44073,23,,,1,55,,44076,23,,,2,18,,44099,23,,,2,30,,44062,23,,,1,69,,44089,23,,,1,30,,44088,23,,,1,70,,44067,23,,,1,30,,44101,23,,,2,70,,44087,23,,,1,30,,44090,23,,,1,70,,44100,23,,,2,30,,44063,23,,,1,70,,44065,23,,,2,30,,44077,23,,,2,71,,44066,23,,,1,30,,44098,23,,,2,70,,44093,23,,,2,15,,44082,23,,,2,15,,44085,23,,,1,55,,44083,23,,,1,16,,44068,23,,,1,19,,44074,23,,,1,11,,44095,23,,,1,55,,44064,23,,,2,14,,44094,23,,,1,20,,44069,23,,,2,20,,44072,23,,,2,68,,44070,23,,,1,30,,44071,23,,,2,100,,44086,23,,,1,100,,44084,23,,,1,100,,44078,23,,,1,101,,44092,23,,,2,99,,44075,23,,,1
7101,'Semaine-3-_26ÉTÉ-1111100-',551,,44119,23,,,2,62,,44136,23,,,2,18,,44137,23,,,2,20,,44120,23,,,1,60,,44121,23,,,1,15,,44131,23,,,1,20,,44113,23,,,1,55,,44116,23,,,2,18,,44139,23,,,2,30,,44102,23,,,1,69,,44129,23,,,1,30,,44128,23,,,1,70,,44107,23,,,1,30,,44141,23,,,2,70,,44127,23,,,1,30,,44130,23,,,1,70,,44140,23,,,2,30,,44103,23,,,1,70,,44105,23,,,2,30,,44117,23,,,2,71,,44106,23,,,1,30,,44138,23,,,2,70,,44133,23,,,2,15,,44122,23,,,2,15,,44125,23,,,1,55,,44123,23,,,1,16,,44108,23,,,1,19,,44114,23,,,1,11,,44135,23,,,1,55,,44104,23,,,2,14,,44134,23,,,1,20,,44109,23,,,2,20,,44112,23,,,2,68,,44110,23,,,1,30,,44111,23,,,2,100,,44126,23,,,1,100,,44124,23,,,1,100,,44118,23,,,1,101,,44132,23,,,2,99,,44115,23,,,1
7101,'Semaine-4-_26ÉTÉ-1111100-',551,,44159,23,,,2,62,,44176,23,,,2,18,,44177,23,,,2,20,,44160,23,,,1,60,,44161,23,,,1,15,,44171,23,,,1,20,,44153,23,,,1,55,,44156,23,,,2,18,,44179,23,,,2,30,,44142,23,,,1,69,,44169,23,,,1,30,,44168,23,,,1,70,,44147,23,,,1,30,,44181,23,,,2,70,,44167,23,,,1,30,,44170,23,,,1,70,,44180,23,,,2,30,,44143,23,,,1,70,,44145,23,,,2,30,,44157,23,,,2,71,,44146,23,,,1,30,,44178,23,,,2,70,,44173,23,,,2,15,,44162,23,,,2,15,,44165,23,,,1,55,,44163,23,,,1,16,,44148,23,,,1,19,,44154,23,,,1,11,,44175,23,,,1,55,,44144,23,,,2,14,,44174,23,,,1,20,,44149,23,,,2,20,,44152,23,,,2,68,,44150,23,,,1,30,,44151,23,,,2,100,,44166,23,,,1,100,,44164,23,,,1,100,,44158,23,,,1,101,,44172,23,,,2,99,,44155,23,,,1
