9701,'Samedi-3',802,,34038,67,,,2,100,,34041,67,,,2,101,,34039,67,,,2,100,,34042,67,,,2,100,,34036,67,,,1,100,,34037,67,,,1,101,,34040,67,,,2,100,,34043,67,,,2,100,,34044,67,,,1,100,,34045,67,,,2,100,,34046,67,,,2,100,,34047,67,,,1,100,,34051,67,,,1,100,,34048,67,,,1,99,,34049,67,,,1,100,,34050,67,,,1
9701,'Dimanche-3',802,,34058,67,,,2,100,,34055,67,,,2,101,,34056,67,,,2,100,,34059,67,,,2,100,,34054,67,,,1,100,,34053,67,,,1,101,,34052,67,,,2,100,,34057,67,,,2,100,,34061,67,,,1,100,,34060,67,,,2,100,,34065,67,,,2,100,,34066,67,,,1,100,,34067,67,,,1,100,,34062,67,,,1,99,,34063,67,,,1,100,,34064,67,,,1
9701,'Semaine-4',644,,34082,67,,,1,99,,34075,67,,,2,111,,34084,67,,,1,103,,34073,67,,,2,99,,34070,67,,,2,100,,34083,67,,,1,100,,34078,67,,,2,99,,34074,67,,,1,101,,34080,67,,,1,144,,34068,67,,,2,56,,34071,67,,,2,99,,34079,67,,,1,96,,34081,67,,,1,96,,34072,67,,,1,97,,34076,67,,,2,100,,34069,67,,,1,99,,34077,67,,,1
9701,'Samedi-10-_26ÉTÉ-0000010-',802,,45485,66,,,2,100,,45488,66,,,1,101,,45486,66,,,2,100,,45489,66,,,2,100,,45483,66,,,1,100,,45484,66,,,1,101,,45487,66,,,2,100,,45490,66,,,2,100,,45491,66,,,1,100,,45492,66,,,2,100,,45493,66,,,2,100,,45494,66,,,1,100,,45498,66,,,1,100,,45495,66,,,1,99,,45496,66,,,1,100,,45497,66,,,1
9701,'Semaine-2-_26ÉTÉ-1111100-',644,,45513,66,,,1,99,,45506,66,,,2,111,,45515,66,,,1,103,,45504,66,,,2,99,,45501,66,,,1,100,,45514,66,,,2,98,,45509,66,,,2,101,,45505,66,,,1,101,,45511,66,,,2,103,,45499,66,,,1,97,,45502,66,,,1,99,,45510,66,,,1,96,,45512,66,,,2,96,,45503,66,,,2,97,,45507,66,,,1,100,,45500,66,,,2,99,,45508,66,,,1
9701,'Semaine-3-_26ÉTÉ-1111100-',644,,45530,66,,,1,99,,45523,66,,,2,111,,45532,66,,,1,103,,45521,66,,,2,99,,45518,66,,,1,100,,45531,66,,,2,98,,45526,66,,,2,101,,45522,66,,,1,101,,45528,66,,,2,103,,45516,66,,,1,97,,45519,66,,,1,99,,45527,66,,,1,96,,45529,66,,,2,96,,45520,66,,,2,97,,45524,66,,,1,100,,45517,66,,,2,99,,45525,66,,,1
9701,'Semaine-4-_26ÉTÉ-1111100-',644,,45547,66,,,1,99,,45540,66,,,2,111,,45549,66,,,1,103,,45538,66,,,2,99,,45535,66,,,1,100,,45548,66,,,2,98,,45543,66,,,2,101,,45539,66,,,1,101,,45545,66,,,2,103,,45533,66,,,1,97,,45536,66,,,1,99,,45544,66,,,1,96,,45546,66,,,2,96,,45537,66,,,2,97,,45541,66,,,1,100,,45534,66,,,2,99,,45542,66,,,1
29700,'Semaine-4',720,,34179,2,0,19,2,2,,34180,2,0,19,2
29700,'Semaine-2-_26ÉTÉ-1111100-',722,,45832,2,0,19,2
29700,'Semaine-3-_26ÉTÉ-1111100-',722,,45833,2,0,19,2
29700,'Semaine-4-_26ÉTÉ-1111100-',722,,45834,2,0,19,2
