3100,'Samedi-11',711,,24633,1,,,1,30,,24634,1,,,1,100,,24635,1,,,1,100,,24632,1,,,1,100,,24638,1,,,1,100,,24639,1,,,1,101,,24636,1,,,1,100,,24637,1,,,1,100,,24640,1,,,1,102,,24641,1,,,1,98,,24642,1,,,1,100,,24643,1,,,1,96,,24649,1,,,1,100,,24644,1,,,1,100,,24645,1,,,1,100,,24646,1,,,1,100,,24647,1,,,1,100,,24648,1,,,1,98,,24650,1,,,1
3100,'Samedi-2',711,,24652,1,,,1,30,,24653,1,,,1,100,,24654,1,,,1,100,,24651,1,,,1,100,,24657,1,,,1,100,,24658,1,,,1,101,,24655,1,,,1,100,,24656,1,,,1,100,,24659,1,,,1,102,,24660,1,,,1,98,,24661,1,,,1,100,,24662,1,,,1,96,,24668,1,,,1,100,,24663,1,,,1,100,,24664,1,,,1,100,,24665,1,,,1,100,,24666,1,,,1,100,,24667,1,,,1,98,,24669,1,,,1
3100,'Dimanche-2',711,,24674,1,,,1,30,,24675,1,,,1,100,,24676,1,,,1,100,,24677,1,,,1,100,,24670,1,,,1,100,,24671,1,,,1,101,,24672,1,,,1,100,,24673,1,,,1,100,,24679,1,,,1,102,,24680,1,,,1,98,,24678,1,,,1,100,,24681,1,,,1,96,,24684,1,,,1,100,,24688,1,,,1,100,,24682,1,,,1,100,,24683,1,,,1,100,,24686,1,,,1,100,,24685,1,,,1,98,,24687,1,,,1
3100,'Semaine-3',553,,24693,1,,,1,75,,24728,1,,,1,30,,24706,1,,,1,67,,24694,1,,,1,20,,24734,1,,,1,14,,24731,1,,,1,60,,24690,1,,,1,16,,24703,1,,,1,17,,24704,1,,,1,52,,24720,1,,,1,19,,24695,1,,,1,21,,24697,1,,,1,60,,24714,1,,,1,20,,24715,1,,,1,20,,24721,1,,,1,60,,24696,1,,,1,20,,24701,1,,,1,21,,24722,1,,,1,60,,24729,1,,,1,19,,24717,1,,,1,20,,24698,1,,,1,61,,24691,1,,,1,17,,24727,1,,,1,22,,24732,1,,,1,59,,24716,1,,,1,20,,24699,1,,,1,19,,24719,1,,,1,63,,24723,1,,,1,21,,24730,1,,,1,20,,24718,1,,,1,54,,24700,1,,,1,21,,24711,1,,,1,20,,24713,1,,,1,62,,24702,1,,,1,18,,24707,1,,,1,21,,24692,1,,,1,58,,24725,1,,,1,18,,24733,1,,,1,26,,24708,1,,,1,98,,24726,1,,,1,100,,24709,1,,,1,100,,24705,1,,,1,99,,24710,1,,,1,102,,24712,1,,,1,103,,24724,1,,,1
3300,'Samedi-11',634,,24934,1,,,1,171,,24939,1,,,1,99,,24936,1,,,1,97,,24940,1,,,1,100,,24935,1,,,1,100,,24938,1,,,1,100,,24937,1,,,1,100,,24941,1,,,1,103,,24942,1,,,1,97,,24943,1,,,1,100,,24944,1,,,1,100,,24945,1,,,1,100,,24946,1,,,1,100,,24950,1,,,1,100,,24947,1,,,1,100,,24948,1,,,1,100,,24949,1,,,1,100,,24951,1,,,1
3300,'Samedi-2',634,,24952,1,,,1,171,,24957,1,,,1,99,,24954,1,,,1,97,,24958,1,,,1,100,,24953,1,,,1,100,,24956,1,,,1,100,,24955,1,,,1,100,,24959,1,,,1,103,,24960,1,,,1,97,,24961,1,,,1,100,,24962,1,,,1,100,,24963,1,,,1,100,,24964,1,,,1,100,,24968,1,,,1,100,,24965,1,,,1,100,,24966,1,,,1,100,,24967,1,,,1,100,,24969,1,,,1
3300,'Dimanche-2',634,,24971,1,,,1,171,,24970,1,,,1,99,,24973,1,,,1,97,,24975,1,,,1,100,,24976,1,,,1,100,,24977,1,,,1,100,,24972,1,,,1,100,,24979,1,,,1,103,,24974,1,,,1,97,,24980,1,,,1,100,,24983,1,,,1,100,,24987,1,,,1,100,,24984,1,,,1,100,,24978,1,,,1,100,,24981,1,,,1,100,,24986,1,,,1,100,,24982,1,,,1,100,,24985,1,,,1
3300,'Semaine-3',631,,25014,1,,,1,22,,25020,1,,,2,55,,24993,1,,,1,23,,25008,1,,,1,21,,25016,1,,,1,5,,25027,1,,,1,49,,25028,1,,,1,30,,25021,1,,,1,15,,25003,1,,,1,50,,25006,1,,,2,14,,25023,1,,,1,30,,25009,1,,,2,67,,24998,1,,,1,31,,25004,1,,,1,68,,24988,1,,,1,31,,25011,1,,,1,69,,24999,1,,,1,33,,25007,1,,,1,59,,25026,1,,,1,6,,25010,1,,,1,28,,25013,1,,,1,69,,25000,1,,,1,31,,25018,1,,,1,74,,25012,1,,,1,13,,24990,1,,,2,17,,25002,1,,,1,60,,25025,1,,,2,13,,25024,1,,,1,33,,24997,1,,,1,64,,24996,1,,,2,25,,25001,1,,,2,68,,24989,1,,,2,27,,24994,1,,,1,112,,25005,1,,,2,97,,24995,1,,,1,80,,24991,1,,,2,104,,25017,1,,,1,98,,25030,1,,,2,25,,24992,1,,,1
3500,'Semaine-3',606,,25412,1,0,15 16,1,39,,25386,1,0,15 16,1,73,,25397,1,0,15 16,1,17,,25415,1,0,15 16,1,73,,25421,1,0,15 16,1,11,,25419,1,0,15 16,1,4,,25405,1,0,15 16,1,7,,25417,1,0,15 16,1,19,,25410,1,0,15 16,1,61,,25416,1,0,15 16,1,30,,25394,1,0,15 16,2,66,,25408,1,0,15 16,1,34,,25388,1,0,15 16,1,70,,25392,1,0,15 16,1,30,,25403,1,0,15 16,1,70,,25387,1,0,15 16,1,30,,25398,1,0,15 16,1,70,,25420,1,0,15 16,1,30,,25406,1,0,15 16,1,70,,25389,1,0,15 16,1,32,,25402,1,,,2,67,,25404,1,0,15 16,2,38,,25407,1,,,2,69,,25411,1,,,1,27,,25413,1,0,15 16,2,71,,25393,1,,,1,27,,25391,1,0,15 16,2,76,,25422,1,,,2,22,,25409,1,0,15 16,1,75,,25396,1,,,2,23,,25400,1,,,1,103,,25414,1,,,1,100,,25418,1,,,1,97,,25390,1,0,15 16,1
43700,'Semaine-3',712,,30078,1,0,9 14,1
