3301,'Samedi-10-_26ÉTÉ-0000010-',709,,39624,14,,,1,100,,39625,14,,,1,100,,39622,14,,,2,100,,39628,14,,,1,100,,39629,14,,,1,100,,39623,14,,,1,100,,39626,14,,,1,100,,39627,14,,,1,101,,39630,14,,,1,99,,39631,14,,,1,100,,39632,14,,,1,100,,39639,14,,,1,100,,39633,14,,,1,100,,39634,14,,,1,100,,39635,14,,,1,100,,39636,14,,,1,100,,39637,14,,,1,100,,39638,14,,,1
3301,'Semaine-2-_26ÉTÉ-1111100-',555,,39663,14,,,2,62,,39671,14,,,2,24,,39648,14,,,1,17,,39668,14,,,1,56,,39664,14,,,2,4,,39659,14,,,1,9,,39679,14,,,1,10,,39677,14,,,2,22,,39666,14,,,2,54,,39654,14,,,1,10,,39670,14,,,2,16,,39644,14,,,1,70,,39656,14,,,1,29,,39662,14,,,1,71,,39652,14,,,2,28,,39673,14,,,1,71,,39657,14,,,1,29,,39649,14,,,1,72,,39651,14,,,1,19,,39669,14,,,1,6,,39678,14,,,1,67,,39660,14,,,1,30,,39650,14,,,1,71,,39655,14,,,1,31,,39658,14,,,1,11,,39680,14,,,1,59,,39661,14,,,1,16,,39653,14,,,2,13,,39665,14,,,2,73,,39646,14,,,1,27,,39676,14,,,1,23,,39643,14,,,2,69,,39640,14,,,2,32,,39674,14,,,1,83,,39647,14,,,1,70,,39642,14,,,1,97,,39645,14,,,1,41,,39667,14,,,1,106,,39672,14,,,1,97,,39641,14,,,1,164,,39675,14,,,1
3301,'Semaine-3-_26ÉTÉ-1111100-',555,,39704,14,,,2,62,,39712,14,,,2,24,,39689,14,,,1,17,,39709,14,,,1,56,,39705,14,,,2,4,,39700,14,,,1,9,,39720,14,,,1,10,,39718,14,,,2,22,,39707,14,,,2,54,,39695,14,,,1,10,,39711,14,,,2,16,,39685,14,,,1,70,,39697,14,,,1,29,,39703,14,,,1,71,,39693,14,,,2,28,,39714,14,,,1,71,,39698,14,,,1,29,,39690,14,,,1,72,,39692,14,,,1,19,,39710,14,,,1,6,,39719,14,,,1,67,,39701,14,,,1,30,,39691,14,,,1,71,,39696,14,,,1,31,,39699,14,,,1,11,,39721,14,,,1,59,,39702,14,,,1,16,,39694,14,,,2,13,,39706,14,,,2,73,,39687,14,,,1,27,,39717,14,,,1,23,,39684,14,,,2,69,,39681,14,,,2,32,,39715,14,,,1,83,,39688,14,,,1,70,,39683,14,,,1,97,,39686,14,,,1,41,,39708,14,,,1,106,,39713,14,,,1,97,,39682,14,,,1,164,,39716,14,,,1
3301,'Semaine-4-_26ÉTÉ-1111100-',555,,39745,14,,,2,62,,39753,14,,,2,24,,39730,14,,,1,17,,39750,14,,,1,56,,39746,14,,,2,4,,39741,14,,,1,9,,39761,14,,,1,10,,39759,14,,,2,22,,39748,14,,,2,54,,39736,14,,,1,10,,39752,14,,,2,16,,39726,14,,,1,70,,39738,14,,,1,29,,39744,14,,,1,71,,39734,14,,,2,28,,39755,14,,,1,71,,39739,14,,,1,29,,39731,14,,,1,72,,39733,14,,,1,19,,39751,14,,,1,6,,39760,14,,,1,67,,39742,14,,,1,30,,39732,14,,,1,71,,39737,14,,,1,31,,39740,14,,,1,11,,39762,14,,,1,59,,39743,14,,,1,16,,39735,14,,,2,13,,39747,14,,,2,73,,39728,14,,,1,27,,39758,14,,,1,23,,39725,14,,,2,69,,39722,14,,,2,32,,39756,14,,,1,83,,39729,14,,,1,70,,39724,14,,,1,97,,39727,14,,,1,41,,39749,14,,,1,106,,39754,14,,,1,97,,39723,14,,,1,164,,39757,14,,,1
3501,'Semaine-2-_26ÉTÉ-1111100-',649,,40142,7,,,2,77,,40153,7,,,1
3501,'Semaine-3-_26ÉTÉ-1111100-',649,,40175,7,,,2,77,,40186,7,,,1
3501,'Semaine-4-_26ÉTÉ-1111100-',649,,40208,7,,,2,77,,40219,7,,,1
33101,'Semaine-2-_26ÉTÉ-1111100-',1635,,45851,28,0,7 8,1
56601,'Semaine-2-_26ÉTÉ-1111100-',717,,46767,39,,,1
56601,'Semaine-3-_26ÉTÉ-1111100-',717,,46768,39,,,1
56601,'Semaine-4-_26ÉTÉ-1111100-',717,,46769,39,,,1
56901,'Semaine-2-_26ÉTÉ-1111100-',717,,46770,22,,,1
56901,'Semaine-3-_26ÉTÉ-1111100-',717,,46771,22,,,1
56901,'Semaine-4-_26ÉTÉ-1111100-',717,,46772,22,,,1
