3901,'Samedi-10-_26ÉTÉ-0000010-',625,,40914,25,,,1,100,,40916,25,,,1,100,,40920,25,,,1,100,,40919,25,,,1,101,,40922,25,,,1,100,,40921,25,,,1,101,,40917,25,,,1,30,,40915,25,,,1,70,,40923,25,,,1,30,,40918,25,,,2,70,,40924,25,,,1,30,,40925,25,,,1,71,,40926,25,,,2,30,,40927,25,,,1,70,,40928,25,,,1,30,,40929,25,,,1,70,,40930,25,,,1,30,,40931,25,,,1,69,,40932,25,,,1,29,,40933,25,,,1,100,,40934,25,,,1,100,,40935,25,,,1,100,,40936,25,,,1,100,,40937,25,,,1
3901,'Semaine-2-_26ÉTÉ-1111100-',648,,40960,25,,,2,66,,40949,25,,,1,35,,40950,25,,,1,74,,40946,25,,,1,33,,40952,25,,,1,70,,40954,25,,,1,30,,40961,25,,,1,70,,40972,25,,,1,30,,40967,25,,,2,70,,40962,25,,,1,30,,40947,25,,,1,72,,40956,25,,,2,30,,40963,25,,,1,68,,40948,25,,,1,30,,40945,25,,,2,73,,40964,25,,,1,29,,40957,25,,,2,72,,40938,25,,,1,71,,40965,25,,,2,31,,40943,25,,,1,70,,40940,25,,,1,30,,40968,25,,,1,27,,40953,25,,,1,72,,40959,25,,,1,70,,40944,25,,,2,31,,40966,25,,,1,25,,40939,25,,,2,66,,40969,25,,,1,30,,40942,25,,,1,70,,40958,25,,,1,32,,40970,25,,,1,70,,40941,25,,,1,30,,40951,25,,,1,71,,40971,25,,,1,30,,40955,25,,,1
3901,'Semaine-3-_26ÉTÉ-1111100-',648,,40995,25,,,2,66,,40984,25,,,1,35,,40985,25,,,1,74,,40981,25,,,1,33,,40987,25,,,1,70,,40989,25,,,1,30,,40996,25,,,1,70,,41007,25,,,1,30,,41002,25,,,2,70,,40997,25,,,1,30,,40982,25,,,1,72,,40991,25,,,2,30,,40998,25,,,1,68,,40983,25,,,1,30,,40980,25,,,2,73,,40999,25,,,1,29,,40992,25,,,2,72,,40973,25,,,1,71,,41000,25,,,2,31,,40978,25,,,1,70,,40975,25,,,1,30,,41003,25,,,1,27,,40988,25,,,1,72,,40994,25,,,1,70,,40979,25,,,2,31,,41001,25,,,1,25,,40974,25,,,2,66,,41004,25,,,1,30,,40977,25,,,1,70,,40993,25,,,1,32,,41005,25,,,1,70,,40976,25,,,1,30,,40986,25,,,1,71,,41006,25,,,1,30,,40990,25,,,1
3901,'Semaine-4-_26ÉTÉ-1111100-',648,,41030,25,,,2,66,,41019,25,,,1,35,,41020,25,,,1,74,,41016,25,,,1,33,,41022,25,,,1,70,,41024,25,,,1,30,,41031,25,,,1,70,,41042,25,,,1,30,,41037,25,,,2,70,,41032,25,,,1,30,,41017,25,,,1,72,,41026,25,,,2,30,,41033,25,,,1,68,,41018,25,,,1,30,,41015,25,,,2,73,,41034,25,,,1,29,,41027,25,,,2,72,,41008,25,,,1,71,,41035,25,,,2,31,,41013,25,,,1,70,,41010,25,,,1,30,,41038,25,,,1,27,,41023,25,,,1,72,,41029,25,,,1,70,,41014,25,,,2,31,,41036,25,,,1,25,,41009,25,,,2,66,,41039,25,,,1,30,,41012,25,,,1,70,,41028,25,,,1,32,,41040,25,,,1,70,,41011,25,,,1,30,,41021,25,,,1,71,,41041,25,,,1,30,,41025,25,,,1
4901,'Samedi-10-_26ÉTÉ-0000010-',721,,41303,12,,,1,100,,41302,12,,,1,100,,41304,12,,,1,100,,41300,12,,,1,100,,41305,12,,,1,100,,41301,12,,,1,98,,41306,12,,,1,103,,41307,12,,,1,99,,41308,12,,,1,100,,41309,12,,,1,100,,41310,12,,,1,98,,41311,12,,,1,102,,41312,12,,,1,100,,41313,12,,,1,100,,41314,12,,,1,100,,41315,12,,,1,99,,41316,12,,,1
4901,'Semaine-2-_26ÉTÉ-1111100-',603,,41322,12,,,1,47,,41327,12,,,1,70,,41343,12,,,1,31,,41339,12,,,1,69,,41337,12,,,1,29,,41346,12,,,1,70,,41329,12,,,1,30,,41344,12,,,1,70,,41341,12,,,1,30,,41317,12,,,1,70,,41338,12,,,1,30,,41318,12,,,1,72,,41323,12,,,1,28,,41325,12,,,1,68,,41330,12,,,1,31,,41345,12,,,1,71,,41328,12,,,1,30,,41347,12,,,1,71,,41331,12,,,1,12,,41348,12,,,1,10,,41349,12,,,1,10,,41334,12,,,1,70,,41324,12,,,1,29,,41326,12,,,1,69,,41342,12,,,1,29,,41336,12,,,1,70,,41340,12,,,1,95,,41319,12,,,1,40,,41335,12,,,1,100,,41333,12,,,1,100,,41320,12,,,1,100,,41332,12,,,1,98,,41321,12,,,1
4901,'Semaine-3-_26ÉTÉ-1111100-',603,,41355,12,,,1,47,,41360,12,,,1,70,,41376,12,,,1,31,,41372,12,,,1,69,,41370,12,,,1,29,,41379,12,,,1,70,,41362,12,,,1,30,,41377,12,,,1,70,,41374,12,,,1,30,,41350,12,,,1,70,,41371,12,,,1,30,,41351,12,,,1,72,,41356,12,,,1,28,,41358,12,,,1,68,,41363,12,,,1,31,,41378,12,,,1,71,,41361,12,,,1,30,,41380,12,,,1,71,,41364,12,,,1,12,,41381,12,,,1,10,,41382,12,,,1,10,,41367,12,,,1,70,,41357,12,,,1,29,,41359,12,,,1,69,,41375,12,,,1,29,,41369,12,,,1,70,,41373,12,,,1,95,,41352,12,,,1,40,,41368,12,,,1,100,,41366,12,,,1,100,,41353,12,,,1,100,,41365,12,,,1,98,,41354,12,,,1
4901,'Semaine-4-_26ÉTÉ-1111100-',603,,41388,12,,,1,47,,41393,12,,,1,70,,41409,12,,,1,31,,41405,12,,,1,69,,41403,12,,,1,29,,41412,12,,,1,70,,41395,12,,,1,30,,41410,12,,,1,70,,41407,12,,,1,30,,41383,12,,,1,70,,41404,12,,,1,30,,41384,12,,,1,72,,41389,12,,,1,28,,41391,12,,,1,68,,41396,12,,,1,31,,41411,12,,,1,71,,41394,12,,,1,30,,41413,12,,,1,71,,41397,12,,,1,12,,41414,12,,,1,10,,41415,12,,,1,10,,41400,12,,,1,70,,41390,12,,,1,29,,41392,12,,,1,69,,41408,12,,,1,29,,41402,12,,,1,70,,41406,12,,,1,95,,41385,12,,,1,40,,41401,12,,,1,100,,41399,12,,,1,100,,41386,12,,,1,100,,41398,12,,,1,98,,41387,12,,,1
5601,'Semaine-2-_26ÉTÉ-1111100-',1218,,41984,7,,,2,101,,41981,7,,,1,100,,41980,7,,,1,98,,41983,7,,,1,106,,41982,7,,,1,97,,41985,7,,,2,97,,41986,7,,,1
5601,'Semaine-3-_26ÉTÉ-1111100-',1218,,41991,7,,,2,101,,41988,7,,,1,100,,41987,7,,,1,98,,41990,7,,,1,106,,41989,7,,,1,97,,41992,7,,,2,97,,41993,7,,,1
5601,'Semaine-4-_26ÉTÉ-1111100-',1218,,41998,7,,,2,101,,41995,7,,,1,100,,41994,7,,,1,98,,41997,7,,,1,106,,41996,7,,,1,97,,41999,7,,,2,97,,42000,7,,,1
32500,'Semaine-2-_26ÉTÉ-1111100-',1634,,45835,22,0,7 8,1
32500,'Semaine-3-_26ÉTÉ-1111100-',1634,,45836,22,0,7 8,1
32901,'Semaine-2-_26ÉTÉ-1111100-',1642,,45847,27,0,7 8,1
