9500,'Semaine-4',1530,,33970,35,,,1,17,,33973,35,,,1,56,,33969,35,,,1,18,,33964,35,,,2,15,,33968,35,,,1,17,,33965,35,,,1,54,,33966,35,,,1,15,,33971,35,,,1,23,,33972,35,,,2,64,,33967,35,,,1
9500,'Semaine-2-_26ÉTÉ-1111100-',1530,,45358,35,,,1,16,,45361,35,,,2,56,,45357,35,,,1,19,,45352,35,,,1,15,,45356,35,,,2,16,,45353,35,,,1,55,,45354,35,,,2,15,,45359,35,,,1,23,,45360,35,,,1,65,,45355,35,,,1
9500,'Semaine-3-_26ÉTÉ-1111100-',1530,,45368,35,,,1,16,,45371,35,,,2,56,,45367,35,,,1,19,,45362,35,,,1,15,,45366,35,,,2,16,,45363,35,,,1,55,,45364,35,,,2,15,,45369,35,,,1,23,,45370,35,,,1,65,,45365,35,,,1
9500,'Semaine-4-_26ÉTÉ-1111100-',1530,,45378,35,,,1,16,,45381,35,,,2,56,,45377,35,,,1,19,,45372,35,,,1,15,,45376,35,,,2,16,,45373,35,,,1,55,,45374,35,,,2,15,,45379,35,,,1,23,,45380,35,,,1,65,,45375,35,,,1
9700,'Samedi-3',849,,33984,47,,,2,100,,33987,47,,,2,100,,33982,47,,,1,100,,33983,47,,,1,100,,33986,47,,,2,100,,33985,47,,,2,100,,33988,47,,,1,101,,33989,47,,,2,100,,33990,47,,,2,101,,33991,47,,,1,100,,33996,47,,,1,100,,33992,47,,,1,100,,33993,47,,,1,100,,33994,47,,,1,99,,33995,47,,,2,98,,33997,47,,,1,100,,33998,47,,,1
9700,'Dimanche-3',849,,34002,47,,,2,100,,34004,47,,,2,100,,34001,47,,,1,100,,34000,47,,,1,100,,33999,47,,,2,100,,34003,47,,,2,100,,34006,47,,,1,101,,34005,47,,,2,100,,34011,47,,,2,101,,34013,47,,,1,100,,34015,47,,,1,100,,34007,47,,,1,100,,34008,47,,,1,100,,34009,47,,,1,99,,34010,47,,,2,98,,34014,47,,,1,100,,34012,47,,,1
9700,'Semaine-4',722,,34034,47,,,1,28,,34035,47,,,1,93,,34024,47,,,2,99,,34020,47,,,2,98,,34033,47,,,1,102,,34028,47,,,2,99,,34025,47,,,1,100,,34030,47,,,1,101,,34016,47,,,2,95,,34021,47,,,2,101,,34029,47,,,1,98,,34031,51,,,1,103,,34022,51,,,1,73,,34017,51,,,1,20,,34026,47,,,2,102,,34018,47,,,1,99,,34027,47,,,1,100,,34023,47,,,1,100,,34019,47,,,1,111,,34032,47,,,1
9700,'Samedi-10-_26ÉTÉ-0000010-',849,,45408,47,,,2,100,,45411,47,,,2,100,,45406,47,,,1,100,,45407,47,,,1,100,,45410,47,,,2,100,,45409,47,,,2,100,,45412,47,,,1,101,,45413,47,,,2,100,,45414,47,,,2,101,,45415,47,,,1,100,,45420,47,,,1,100,,45416,47,,,1,100,,45417,47,,,1,100,,45418,47,,,1,99,,45419,47,,,2,98,,45421,47,,,1,100,,45422,47,,,1
9700,'Semaine-2-_26ÉTÉ-1111100-',722,,45441,47,,,1,28,,45442,47,,,1,93,,45431,47,,,2,101,,45427,47,,,1,96,,45440,47,,,2,100,,45435,47,,,2,101,,45432,47,,,1,100,,45437,47,,,2,101,,45423,47,,,1,94,,45428,47,,,1,104,,45436,47,,,1,96,,45438,51,,,2,103,,45429,51,,,2,73,,45424,51,,,2,20,,45433,47,,,1,102,,45425,47,,,2,99,,45434,47,,,1,100,,45430,47,,,1,101,,45426,47,,,2,110,,45439,47,,,1
9700,'Semaine-3-_26ÉTÉ-1111100-',722,,45461,47,,,1,28,,45462,47,,,1,93,,45451,47,,,2,101,,45447,47,,,1,96,,45460,47,,,2,100,,45455,47,,,2,101,,45452,47,,,1,100,,45457,47,,,2,101,,45443,47,,,1,94,,45448,47,,,1,104,,45456,47,,,1,96,,45458,51,,,2,103,,45449,51,,,2,73,,45444,51,,,2,20,,45453,47,,,1,102,,45445,47,,,2,99,,45454,47,,,1,100,,45450,47,,,1,101,,45446,47,,,2,110,,45459,47,,,1
9700,'Semaine-4-_26ÉTÉ-1111100-',722,,45481,47,,,1,28,,45482,47,,,1,93,,45471,47,,,2,101,,45467,47,,,1,96,,45480,47,,,2,100,,45475,47,,,2,101,,45472,47,,,1,100,,45477,47,,,2,101,,45463,47,,,1,94,,45468,47,,,1,104,,45476,47,,,1,96,,45478,51,,,2,103,,45469,51,,,2,73,,45464,51,,,2,20,,45473,47,,,1,102,,45465,47,,,2,99,,45474,47,,,1,100,,45470,47,,,1,101,,45466,47,,,2,110,,45479,47,,,1
29700,'Semaine-4',751,,34179,43,0,19,2,2,,34180,43,0,19,2
29700,'Semaine-2-_26ÉTÉ-1111100-',753,,45832,43,0,19,2
29700,'Semaine-3-_26ÉTÉ-1111100-',753,,45833,43,0,19,2
29700,'Semaine-4-_26ÉTÉ-1111100-',753,,45834,43,0,19,2
