6700,'Samedi-3',733,,32894,38,,,2,102,,32893,38,,,1,100,,32892,38,,,1,71,,32888,38,,,1,30,,32896,38,,,1,70,,32889,38,,,1,30,,32890,38,,,1,71,,32895,38,,,1,30,,32900,38,,,1,70,,32891,38,,,1,30,,32899,38,,,1,70,,32897,38,,,1,30,,32898,38,,,1,72,,32901,38,,,2,30,,32902,38,,,2,70,,32903,38,,,1,30,,32904,38,,,1,69,,32905,38,,,2,30,,32906,38,,,2,69,,32907,38,,,1,30,,32908,38,,,1,70,,32909,38,,,2,28,,32910,38,,,1,70,,32911,38,,,1,100,,32915,38,,,2,100,,32912,38,,,1,99,,32913,38,,,1,100,,32914,38,,,1
6700,'Samedi-4',733,,36989,38,,,2,102,,36988,38,,,1,100,,36987,38,,,1,71,,36983,38,,,1,30,,36991,38,,,1,70,,36984,38,,,1,30,,36985,38,,,1,71,,36990,38,,,1,30,,36995,38,,,1,70,,36986,38,,,1,30,,36994,38,,,1,70,,36992,38,,,1,30,,36993,38,,,1,72,,36996,38,,,2,30,,36997,38,,,2,70,,36998,38,,,1,30,,36999,38,,,1,69,,37000,38,,,2,30,,37001,38,,,2,69,,37002,38,,,1,30,,37003,38,,,1,70,,37004,38,,,2,28,,37005,38,,,1,70,,37006,38,,,1,100,,37010,38,,,2,100,,37007,38,,,1,99,,37008,38,,,1,100,,37009,38,,,1
6700,'Dimanche-3',733,,32922,38,,,2,102,,32916,38,,,1,100,,32919,38,,,1,71,,32921,38,,,1,30,,32927,38,,,1,70,,32924,38,,,1,30,,32930,38,,,1,71,,32932,38,,,1,30,,32926,38,,,1,70,,32928,38,,,1,30,,32917,38,,,1,70,,32918,38,,,1,30,,32920,38,,,1,72,,32923,38,,,2,30,,32929,38,,,2,70,,32925,38,,,1,30,,32931,38,,,1,69,,32940,38,,,2,30,,32939,38,,,2,69,,32935,38,,,1,30,,32933,38,,,1,70,,32943,38,,,2,28,,32934,38,,,1,70,,32941,38,,,1,100,,32938,38,,,2,100,,32937,38,,,1,99,,32936,38,,,1,100,,32942,38,,,1
6700,'Semaine-4',636,,32952,38,,,1,70,,32946,38,,,1,30,,32954,38,,,1,23,,32963,38,,,1,58,,32947,38,,,2,17,,32972,38,,,1,70,,32957,38,,,1,30,,32965,38,,,1,20,,32955,38,,,1,59,,32975,38,,,1,20,,32973,38,,,1,20,,32960,38,,,1,61,,32976,38,,,2,20,,32966,38,,,1,20,,32969,38,,,1,61,,32977,38,,,1,20,,32974,38,,,1,20,,32961,38,,,1,60,,32978,38,,,1,20,,32967,38,,,1,20,,32970,38,,,1,60,,32979,38,,,1,22,,32959,38,,,1,20,,32962,38,,,1,57,,32980,38,,,1,330,,32982,38,,,1,15,,32956,38,,,2,56,,32981,38,,,2,19,,32964,38,,,1,70,,32944,38,,,2,30,,32968,38,,,1,70,,32948,38,,,2,30,,32971,38,,,1,70,,32945,38,,,2,30,,32953,38,,,1,69,,32949,38,,,1,27,,32958,38,,,2,29,,32951,38,,,1,69,,32950,38,,,1
6700,'Samedi-10-_26ÉTÉ-0000010-',733,,43291,38,,,2,102,,43290,38,,,1,100,,43289,38,,,1,71,,43285,38,,,1,30,,43293,38,,,1,70,,43286,38,,,1,30,,43287,38,,,1,71,,43292,38,,,1,30,,43297,38,,,1,70,,43288,38,,,1,30,,43296,38,,,1,70,,43294,38,,,1,30,,43295,38,,,1,72,,43298,38,,,2,30,,43299,38,,,2,70,,43300,38,,,1,30,,43301,38,,,1,69,,43302,38,,,2,30,,43303,38,,,2,69,,43304,38,,,1,30,,43305,38,,,1,70,,43306,38,,,2,28,,43307,38,,,1,70,,43308,38,,,1,100,,43312,38,,,2,100,,43309,38,,,2,99,,43310,38,,,1,100,,43311,38,,,1
6700,'Semaine-2-_26ÉTÉ-1111100-',635,,43321,38,,,1,71,,43315,38,,,1,30,,43323,38,,,1,21,,43332,38,,,1,60,,43316,38,,,2,17,,43341,38,,,1,70,,43326,38,,,1,30,,43334,38,,,1,20,,43324,38,,,2,59,,43344,38,,,2,20,,43342,38,,,1,21,,43329,38,,,2,60,,43345,38,,,2,20,,43335,38,,,1,20,,43338,38,,,2,61,,43346,38,,,1,20,,43343,38,,,1,20,,43330,38,,,1,60,,43347,38,,,1,20,,43336,38,,,1,20,,43339,38,,,2,60,,43348,38,,,1,22,,43328,38,,,1,20,,43331,38,,,2,57,,43349,38,,,1,330,,43351,38,,,1,15,,43325,38,,,2,56,,43350,38,,,1,19,,43333,38,,,1,70,,43313,38,,,1,30,,43337,38,,,2,70,,43317,38,,,1,30,,43340,38,,,1,71,,43314,38,,,1,28,,43322,38,,,2,70,,43318,38,,,1,27,,43327,38,,,2,29,,43320,38,,,2,69,,43319,38,,,1
6700,'Semaine-3-_26ÉTÉ-1111100-',635,,43360,38,,,1,71,,43354,38,,,1,30,,43362,38,,,1,21,,43371,38,,,1,60,,43355,38,,,2,17,,43380,38,,,1,70,,43365,38,,,1,30,,43373,38,,,1,20,,43363,38,,,2,59,,43383,38,,,2,20,,43381,38,,,1,21,,43368,38,,,2,60,,43384,38,,,2,20,,43374,38,,,1,20,,43377,38,,,2,61,,43385,38,,,1,20,,43382,38,,,1,20,,43369,38,,,1,60,,43386,38,,,1,20,,43375,38,,,1,20,,43378,38,,,2,60,,43387,38,,,1,22,,43367,38,,,1,20,,43370,38,,,2,57,,43388,38,,,1,330,,43390,38,,,1,15,,43364,38,,,2,56,,43389,38,,,1,19,,43372,38,,,1,70,,43352,38,,,1,30,,43376,38,,,2,70,,43356,38,,,1,30,,43379,38,,,1,71,,43353,38,,,1,28,,43361,38,,,2,70,,43357,38,,,1,27,,43366,38,,,2,29,,43359,38,,,2,69,,43358,38,,,1
6700,'Semaine-4-_26ÉTÉ-1111100-',635,,43399,38,,,1,71,,43393,38,,,1,30,,43401,38,,,1,21,,43410,38,,,1,60,,43394,38,,,2,17,,43419,38,,,1,70,,43404,38,,,1,30,,43412,38,,,1,20,,43402,38,,,2,59,,43422,38,,,2,20,,43420,38,,,1,21,,43407,38,,,2,60,,43423,38,,,2,20,,43413,38,,,1,20,,43416,38,,,2,61,,43424,38,,,1,20,,43421,38,,,1,20,,43408,38,,,1,60,,43425,38,,,1,20,,43414,38,,,1,20,,43417,38,,,2,60,,43426,38,,,1,22,,43406,38,,,1,20,,43409,38,,,2,57,,43427,38,,,1,330,,43429,38,,,1,15,,43403,38,,,2,56,,43428,38,,,1,19,,43411,38,,,1,70,,43391,38,,,1,30,,43415,38,,,2,70,,43395,38,,,1,30,,43418,38,,,1,71,,43392,38,,,1,28,,43400,38,,,2,70,,43396,38,,,1,27,,43405,38,,,2,29,,43398,38,,,2,69,,43397,38,,,1
8700,'Semaine-4',1534,,33937,36,,,2,17,,33936,36,,,2,60,,33929,36,,,2,15,,33931,36,,,1,15,,33928,36,,,1,15,,33938,36,,,2,55,,33934,36,,,1,14,,33935,36,,,1,18,,33930,36,,,1,57,,33933,36,,,1,19,,33932,36,,,1
8700,'Semaine-2-_26ÉTÉ-1111100-',1530,,45253,36,,,2,21,,45252,36,,,1,60,,45245,36,,,1,14,,45247,36,,,1,14,,45244,36,,,1,17,,45254,36,,,1,57,,45250,36,,,1,14,,45251,36,,,2,18,,45246,36,,,1,58,,45249,36,,,1,16,,45248,36,,,2
8700,'Semaine-3-_26ÉTÉ-1111100-',1530,,45264,36,,,2,21,,45263,36,,,1,60,,45256,36,,,1,14,,45258,36,,,1,14,,45255,36,,,1,17,,45265,36,,,1,57,,45261,36,,,1,14,,45262,36,,,2,18,,45257,36,,,1,58,,45260,36,,,1,16,,45259,36,,,2
8700,'Semaine-4-_26ÉTÉ-1111100-',1530,,45275,36,,,2,21,,45274,36,,,1,60,,45267,36,,,1,14,,45269,36,,,1,14,,45266,36,,,1,17,,45276,36,,,1,57,,45272,36,,,1,14,,45273,36,,,2,18,,45268,36,,,1,58,,45271,36,,,1,16,,45270,36,,,2
