6401,'Samedi-3',727,,32579,21,,,1,100,,32576,21,,,1,100,,32578,21,,,1,100,,32581,21,,,1,100,,32577,21,,,2,100,,32582,21,,,1,100,,32580,21,,,1,100,,32583,21,,,2,100,,32584,21,,,1,100,,32585,21,,,1,100,,32586,21,,,1
6401,'Samedi-4',727,,36754,21,,,1,100,,36751,21,,,1,100,,36753,21,,,1,100,,36756,21,,,1,100,,36752,21,,,2,100,,36757,21,,,1,100,,36755,21,,,1,100,,36758,21,,,2,100,,36759,21,,,1,100,,36760,21,,,1,100,,36761,21,,,1
6401,'Dimanche-3',727,,32591,21,,,1,100,,32589,21,,,1,100,,32594,21,,,1,100,,32587,21,,,1,100,,32593,21,,,2,100,,32595,21,,,1,100,,32588,21,,,1,100,,32592,21,,,2,100,,32590,21,,,1,100,,32596,21,,,1,100,,32597,21,,,1
6401,'Semaine-4',527,,32598,21,,,1,108,,32608,21,,,1,100,,32610,21,,,1,100,,32607,21,,,1,95,,32615,21,,,1,99,,32602,21,,,1,101,,32601,21,,,1,100,,32613,21,,,1,100,,32609,21,,,1,100,,32611,21,,,1,117,,32612,30,,,2,85,,32603,21,,,2,97,,32599,21,,,1,101,,32600,21,,,2,98,,32606,21,,,1,100,,32604,21,,,1,100,,32605,21,,,1,100,,32614,21,,,1
6401,'Samedi-10-_26ÉTÉ-0000010-',727,,42752,21,,,1,100,,42749,21,,,1,100,,42751,21,,,1,100,,42754,21,,,1,100,,42750,21,,,2,100,,42755,21,,,1,100,,42753,21,,,1,100,,42756,21,,,2,100,,42757,21,,,1,100,,42758,21,,,1,100,,42759,21,,,1
6401,'Semaine-2-_26ÉTÉ-1111100-',527,,42760,21,,,1,108,,42770,21,,,2,100,,42772,21,,,2,100,,42769,21,,,2,95,,42777,21,,,2,100,,42764,21,,,2,100,,42763,21,,,2,100,,42775,21,,,1,100,,42771,21,,,1,100,,42773,21,,,1,115,,42774,21,,,1,87,,42765,21,,,1,98,,42761,21,,,1,100,,42762,21,,,1,98,,42768,21,,,1,100,,42766,21,,,1,100,,42767,21,,,1,100,,42776,21,,,1
6401,'Semaine-3-_26ÉTÉ-1111100-',527,,42778,21,,,1,108,,42788,21,,,2,100,,42790,21,,,2,100,,42787,21,,,2,95,,42795,21,,,2,100,,42782,21,,,2,100,,42781,21,,,2,100,,42793,21,,,1,100,,42789,21,,,1,100,,42791,21,,,1,115,,42792,21,,,1,87,,42783,21,,,1,98,,42779,21,,,1,100,,42780,21,,,1,98,,42786,21,,,1,100,,42784,21,,,1,100,,42785,21,,,1,100,,42794,21,,,1
6401,'Semaine-4-_26ÉTÉ-1111100-',527,,42796,21,,,1,108,,42806,21,,,2,100,,42808,21,,,2,100,,42805,21,,,2,95,,42813,21,,,2,100,,42800,21,,,2,100,,42799,21,,,2,100,,42811,21,,,1,100,,42807,21,,,1,100,,42809,21,,,1,115,,42810,21,,,1,87,,42801,21,,,1,98,,42797,21,,,1,100,,42798,21,,,1,98,,42804,21,,,1,100,,42802,21,,,1,100,,42803,21,,,1,100,,42812,21,,,1
6601,'Samedi-3',654,,32817,23,,,1,100,,32819,23,,,1,100,,32823,23,,,1,100,,32820,23,,,2,100,,32824,23,,,1,100,,32818,23,,,1,100,,32821,23,,,1,100,,32822,23,,,1,100,,32825,23,,,2,100,,32826,23,,,1,100,,32827,23,,,1,100,,32828,23,,,1,100,,32829,23,,,1,100,,32831,23,,,1,100,,32830,23,,,1,100,,32832,23,,,1,100,,32833,23,,,1,100,,32834,23,,,2
6601,'Samedi-4',654,,36930,23,,,1,100,,36932,23,,,1,100,,36936,23,,,1,100,,36933,23,,,2,100,,36937,23,,,1,100,,36931,23,,,1,100,,36934,23,,,1,100,,36935,23,,,1,100,,36938,23,,,2,100,,36939,23,,,1,100,,36940,23,,,1,100,,36941,23,,,1,100,,36942,23,,,1,100,,36944,23,,,1,100,,36943,23,,,1,100,,36945,23,,,1,100,,36946,23,,,1,100,,36947,23,,,2
6601,'Dimanche-3',654,,32836,23,,,1,100,,32840,23,,,1,100,,32841,23,,,1,100,,32842,23,,,2,100,,32844,23,,,1,100,,32835,23,,,1,100,,32843,23,,,1,100,,32837,23,,,1,100,,32838,23,,,2,100,,32839,23,,,1,100,,32848,23,,,1,100,,32850,23,,,1,100,,32846,23,,,1,100,,32847,23,,,1,100,,32845,23,,,1,100,,32849,23,,,1,100,,32851,23,,,1,100,,32852,23,,,2
6601,'Semaine-4',545,,32862,23,,,1,60,,32855,23,,,1,20,,32864,23,,,2,18,,32870,23,,,1,60,,32865,23,,,1,20,,32856,23,,,1,22,,32868,23,,,1,60,,32861,23,,,1,18,,32877,23,,,2,20,,32854,23,,,1,60,,32867,23,,,1,18,,32878,23,,,1,19,,32886,23,,,1,103,,32866,23,,,1,99,,32858,23,,,1,101,,32882,23,,,1,98,,32883,23,,,1,101,,32869,23,,,1,65,,32857,23,,,1,19,,32874,23,,,1,18,,32871,23,,,1,63,,32884,23,,,1,18,,32853,23,,,1,20,,32879,23,,,1,62,,32872,23,,,1,18,,32885,23,,,2,20,,32875,23,,,1,62,,32880,23,,,1,17,,32873,23,,,2,22,,32881,23,,,1,59,,32887,23,,,1,52,,32860,23,,,1,100,,32859,23,,,1,98,,32863,23,,,1,100,,32876,23,,,1
6601,'Samedi-10-_26ÉTÉ-0000010-',654,,43162,23,,,1,100,,43164,23,,,1,100,,43168,23,,,1,100,,43165,23,,,2,100,,43169,23,,,1,100,,43163,23,,,1,100,,43166,23,,,1,100,,43167,23,,,1,100,,43170,23,,,2,100,,43171,23,,,1,100,,43172,23,,,1,100,,43173,23,,,1,100,,43174,23,,,1,100,,43176,23,,,1,100,,43175,23,,,1,100,,43177,23,,,1,100,,43178,23,,,1,100,,43179,23,,,2
6601,'Semaine-2-_26ÉTÉ-1111100-',545,,43189,23,,,2,60,,43182,23,,,2,20,,43191,23,,,2,16,,43197,23,,,1,60,,43192,23,,,2,20,,43183,23,,,2,20,,43195,23,,,2,60,,43188,23,,,2,20,,43204,23,,,1,20,,43181,23,,,2,60,,43194,23,,,2,20,,43205,23,,,2,20,,43213,23,,,2,102,,43193,23,,,1,100,,43185,23,,,2,100,,43209,23,,,1,100,,43210,23,,,2,101,,43196,23,,,2,63,,43184,23,,,2,19,,43201,23,,,2,17,,43198,23,,,1,61,,43211,23,,,2,20,,43180,23,,,1,20,,43206,23,,,2,60,,43199,23,,,2,21,,43212,23,,,2,19,,43202,23,,,1,60,,43207,23,,,2,20,,43200,23,,,1,20,,43208,23,,,2,58,,43214,23,,,1,100,,43187,23,,,1,100,,43186,23,,,1,55,,43190,23,,,1,100,,43203,23,,,1
6601,'Semaine-3-_26ÉTÉ-1111100-',545,,43224,23,,,2,60,,43217,23,,,2,20,,43226,23,,,2,16,,43232,23,,,1,60,,43227,23,,,2,20,,43218,23,,,2,20,,43230,23,,,2,60,,43223,23,,,2,20,,43239,23,,,1,20,,43216,23,,,2,60,,43229,23,,,2,20,,43240,23,,,2,20,,43248,23,,,2,102,,43228,23,,,1,100,,43220,23,,,2,100,,43244,23,,,1,100,,43245,23,,,2,101,,43231,23,,,2,63,,43219,23,,,2,19,,43236,23,,,2,17,,43233,23,,,1,61,,43246,23,,,2,20,,43215,23,,,1,20,,43241,23,,,2,60,,43234,23,,,2,21,,43247,23,,,2,19,,43237,23,,,1,60,,43242,23,,,2,20,,43235,23,,,1,20,,43243,23,,,2,58,,43249,23,,,1,100,,43222,23,,,1,100,,43221,23,,,1,55,,43225,23,,,1,100,,43238,23,,,1
6601,'Semaine-4-_26ÉTÉ-1111100-',545,,43259,23,,,2,60,,43252,23,,,2,20,,43261,23,,,2,16,,43267,23,,,1,60,,43262,23,,,2,20,,43253,23,,,2,20,,43265,23,,,2,60,,43258,23,,,2,20,,43274,23,,,1,20,,43251,23,,,2,60,,43264,23,,,2,20,,43275,23,,,2,20,,43283,23,,,2,102,,43263,23,,,1,100,,43255,23,,,2,100,,43279,23,,,1,100,,43280,23,,,2,101,,43266,23,,,2,63,,43254,23,,,2,19,,43271,23,,,2,17,,43268,23,,,1,61,,43281,23,,,2,20,,43250,23,,,1,20,,43276,23,,,2,60,,43269,23,,,2,21,,43282,23,,,2,19,,43272,23,,,1,60,,43277,23,,,2,20,,43270,23,,,1,20,,43278,23,,,2,58,,43284,23,,,1,100,,43257,23,,,1,100,,43256,23,,,1,55,,43260,23,,,1,100,,43273,23,,,1
