3101,'Samedi-3',707,,30491,30,,,1,94,,30497,30,,,1,99,,30494,30,,,1,57,,30498,30,,,1,99,,30492,30,,,1,100,,30496,30,,,1,100,,30493,30,,,1,100,,30495,30,,,1,103,,30499,30,,,1,97,,30500,30,,,1,100,,30501,30,,,1,100,,30502,30,,,1,101,,30503,30,,,1,100,,30508,30,,,1,100,,30504,30,,,1,100,,30505,30,,,1,101,,30506,30,,,1,100,,30507,30,,,1
3101,'Samedi-4',707,,35168,30,,,1,94,,35174,30,,,1,99,,35171,30,,,1,57,,35175,30,,,1,99,,35169,30,,,1,100,,35173,30,,,1,100,,35170,30,,,1,100,,35172,30,,,1,103,,35176,30,,,1,97,,35177,30,,,1,100,,35178,30,,,1,100,,35179,30,,,1,101,,35180,30,,,1,100,,35185,30,,,1,100,,35181,30,,,1,100,,35182,30,,,1,101,,35183,30,,,1,100,,35184,30,,,1
3101,'Dimanche-3',707,,30511,30,,,1,94,,30509,30,,,1,99,,30512,30,,,1,57,,30514,30,,,1,99,,30515,30,,,1,100,,30516,30,,,1,100,,30510,30,,,1,100,,30519,30,,,1,103,,30513,30,,,1,97,,30518,30,,,1,100,,30522,30,,,1,100,,30526,30,,,1,101,,30523,30,,,1,100,,30517,30,,,1,100,,30520,30,,,1,100,,30525,30,,,1,101,,30521,30,,,1,100,,30524,30,,,1
3101,'Semaine-4',549,,30530,30,,,1,75,,30564,30,,,1,30,,30544,30,,,1,67,,30531,30,,,1,33,,30567,30,,,1,60,,30527,30,,,1,11,,30569,18,,,1,5,,30541,30,,,1,17,,30542,30,,,1,12,,30561,30,,,1,59,,30532,30,,,1,21,,30534,30,,,1,20,,30559,30,,,1,60,,30551,30,,,1,20,,30560,30,,,1,20,,30533,30,,,1,60,,30535,30,,,1,21,,30555,30,,,1,60,,30565,30,,,1,19,,30554,30,,,1,20,,30536,30,,,1,61,,30528,30,,,1,17,,30558,30,,,1,22,,30568,30,,,1,19,,30553,30,,,1,60,,30537,30,,,1,19,,30556,30,,,1,63,,30557,30,,,1,21,,30566,30,,,1,20,,30552,30,,,1,14,,30538,30,,,1,61,,30549,30,,,1,20,,30550,30,,,1,22,,30539,30,,,1,58,,30545,30,,,1,21,,30529,30,,,1,18,,30562,30,,,1,59,,30570,30,,,1,26,,30540,30,,,1,98,,30563,30,,,1,100,,30546,30,,,1,100,,30543,30,,,1,98,,30547,30,,,1,103,,30548,30,,,1
3101,'Samedi-10-_26ÉTÉ-0000010-',707,,39022,30,,,1,94,,39028,30,,,1,99,,39025,30,,,1,57,,39029,30,,,1,99,,39023,30,,,1,100,,39027,30,,,1,100,,39024,30,,,1,100,,39026,30,,,1,103,,39030,30,,,1,97,,39031,30,,,1,100,,39032,30,,,1,100,,39033,30,,,1,101,,39034,30,,,1,100,,39039,30,,,1,100,,39035,30,,,1,100,,39036,30,,,1,101,,39037,30,,,1,100,,39038,30,,,1
3101,'Semaine-2-_26ÉTÉ-1111100-',549,,39043,30,,,1,75,,39077,30,,,1,30,,39057,30,,,1,67,,39044,30,,,1,32,,39080,30,,,1,61,,39040,30,,,1,11,,39083,18,,,1,5,,39054,30,,,1,17,,39055,30,,,1,12,,39074,30,,,1,59,,39045,30,,,1,21,,39047,30,,,1,20,,39072,30,,,1,60,,39064,30,,,1,20,,39073,30,,,1,20,,39046,30,,,1,60,,39048,30,,,1,21,,39068,30,,,1,60,,39078,30,,,1,20,,39067,30,,,1,20,,39049,30,,,1,60,,39041,30,,,1,17,,39071,30,,,1,22,,39081,30,,,1,19,,39066,30,,,1,60,,39050,30,,,1,19,,39069,30,,,1,63,,39070,30,,,1,21,,39079,30,,,1,20,,39065,30,,,1,14,,39051,30,,,1,61,,39062,30,,,1,20,,39063,30,,,1,22,,39052,30,,,1,58,,39058,30,,,1,21,,39042,30,,,1,18,,39075,30,,,1,59,,39082,30,,,1,26,,39053,30,,,1,97,,39076,30,,,1,101,,39059,30,,,1,100,,39056,30,,,1,99,,39060,30,,,1,102,,39061,30,,,1
3101,'Semaine-3-_26ÉTÉ-1111100-',549,,39087,30,,,1,75,,39121,30,,,1,30,,39101,30,,,1,67,,39088,30,,,1,32,,39124,30,,,1,61,,39084,30,,,1,11,,39127,18,,,1,5,,39098,30,,,1,17,,39099,30,,,1,12,,39118,30,,,1,59,,39089,30,,,1,21,,39091,30,,,1,20,,39116,30,,,1,60,,39108,30,,,1,20,,39117,30,,,1,20,,39090,30,,,1,60,,39092,30,,,1,21,,39112,30,,,1,60,,39122,30,,,1,20,,39111,30,,,1,20,,39093,30,,,1,60,,39085,30,,,1,17,,39115,30,,,1,22,,39125,30,,,1,19,,39110,30,,,1,60,,39094,30,,,1,19,,39113,30,,,1,63,,39114,30,,,1,21,,39123,30,,,1,20,,39109,30,,,1,14,,39095,30,,,1,61,,39106,30,,,1,20,,39107,30,,,1,22,,39096,30,,,1,58,,39102,30,,,1,21,,39086,30,,,1,18,,39119,30,,,1,59,,39126,30,,,1,26,,39097,30,,,1,97,,39120,30,,,1,101,,39103,30,,,1,100,,39100,30,,,1,99,,39104,30,,,1,102,,39105,30,,,1
3101,'Semaine-4-_26ÉTÉ-1111100-',549,,39131,30,,,1,75,,39165,30,,,1,30,,39145,30,,,1,67,,39132,30,,,1,32,,39168,30,,,1,61,,39128,30,,,1,11,,39171,18,,,1,5,,39142,30,,,1,17,,39143,30,,,1,12,,39162,30,,,1,59,,39133,30,,,1,21,,39135,30,,,1,20,,39160,30,,,1,60,,39152,30,,,1,20,,39161,30,,,1,20,,39134,30,,,1,60,,39136,30,,,1,21,,39156,30,,,1,60,,39166,30,,,1,20,,39155,30,,,1,20,,39137,30,,,1,60,,39129,30,,,1,17,,39159,30,,,1,22,,39169,30,,,1,19,,39154,30,,,1,60,,39138,30,,,1,19,,39157,30,,,1,63,,39158,30,,,1,21,,39167,30,,,1,20,,39153,30,,,1,14,,39139,30,,,1,61,,39150,30,,,1,20,,39151,30,,,1,22,,39140,30,,,1,58,,39146,30,,,1,21,,39130,30,,,1,18,,39163,30,,,1,59,,39170,30,,,1,26,,39141,30,,,1,97,,39164,30,,,1,101,,39147,30,,,1,100,,39144,30,,,1,99,,39148,30,,,1,102,,39149,30,,,1
57100,'Semaine-4',1527,,34829,14,0,5 6,1
86700,'Semaine-4',1523,,35029,5,0,9 12 13,1
