9301,'Semaine-4',546,,33961,5,,,1,60,,33959,5,,,1,21,,33958,5,,,1,30,,33962,5,,,2,70,,33960,5,,,1
9301,'Semaine-2-_26ÉTÉ-1111100-',547,,45337,5,,,1,60,,45335,5,,,1,20,,45334,5,,,1,30,,45338,5,,,2,70,,45336,5,,,1
9301,'Semaine-3-_26ÉTÉ-1111100-',547,,45342,5,,,1,60,,45340,5,,,1,20,,45339,5,,,1,30,,45343,5,,,2,70,,45341,5,,,1
9301,'Semaine-4-_26ÉTÉ-1111100-',547,,45347,5,,,1,60,,45345,5,,,1,20,,45344,5,,,1,30,,45348,5,,,2,70,,45346,5,,,1
9401,'Semaine-4',527,,33963,5,,,1
9401,'Semaine-2-_26ÉTÉ-1111100-',527,,45349,5,,,1
9401,'Semaine-3-_26ÉTÉ-1111100-',527,,45350,5,,,1
9401,'Semaine-4-_26ÉTÉ-1111100-',527,,45351,5,,,1
9701,'Samedi-3',721,,34038,5,,,2,100,,34041,5,,,2,100,,34039,5,,,2,100,,34042,5,,,2,100,,34036,5,,,1,100,,34037,5,,,1,100,,34040,5,,,2,100,,34043,5,,,2,100,,34044,5,,,1,100,,34045,5,,,2,100,,34046,5,,,2,100,,34047,5,,,1,100,,34051,5,,,1,100,,34048,5,,,1,100,,34049,5,,,1,100,,34050,5,,,1
9701,'Samedi-4',721,,37885,5,,,2,100,,37888,5,,,2,100,,37886,5,,,2,100,,37889,5,,,2,100,,37883,5,,,1,100,,37884,5,,,1,100,,37887,5,,,2,100,,37890,5,,,2,100,,37891,5,,,1,100,,37892,5,,,2,100,,37893,5,,,2,100,,37894,5,,,1,100,,37898,5,,,1,100,,37895,5,,,1,100,,37896,5,,,1,100,,37897,5,,,1
9701,'Dimanche-3',721,,34058,5,,,2,100,,34055,5,,,2,100,,34056,5,,,2,100,,34059,5,,,2,100,,34054,5,,,1,100,,34053,5,,,1,100,,34052,5,,,2,100,,34057,5,,,2,100,,34061,5,,,1,100,,34060,5,,,2,100,,34065,5,,,2,100,,34066,5,,,1,100,,34067,5,,,1,100,,34062,5,,,1,100,,34063,5,,,1,100,,34064,5,,,1
9701,'Semaine-4',600,,34082,5,,,1,100,,34075,5,,,2,109,,34084,5,,,1,103,,34073,5,,,2,100,,34070,5,,,2,100,,34083,5,,,1,100,,34078,5,,,2,100,,34074,5,,,1,100,,34080,5,,,1,100,,34068,5,,,2,96,,34071,5,,,2,102,,34079,5,,,1,100,,34081,5,,,1,96,,34072,5,,,1,97,,34076,5,,,2,100,,34069,5,,,1,100,,34077,5,,,1
9701,'Samedi-10-_26ÉTÉ-0000010-',721,,45485,5,,,2,100,,45488,5,,,1,100,,45486,5,,,2,100,,45489,5,,,2,100,,45483,5,,,1,100,,45484,5,,,1,100,,45487,5,,,2,100,,45490,5,,,2,100,,45491,5,,,1,100,,45492,5,,,2,100,,45493,5,,,2,100,,45494,5,,,1,100,,45498,5,,,1,100,,45495,5,,,1,100,,45496,5,,,1,100,,45497,5,,,1
9701,'Semaine-2-_26ÉTÉ-1111100-',600,,45513,5,,,1,100,,45506,5,,,2,109,,45515,5,,,1,103,,45504,5,,,2,100,,45501,5,,,1,100,,45514,5,,,2,98,,45509,5,,,2,102,,45505,5,,,1,100,,45511,5,,,2,99,,45499,5,,,1,97,,45502,5,,,1,102,,45510,5,,,1,100,,45512,5,,,2,96,,45503,5,,,2,97,,45507,5,,,1,100,,45500,5,,,2,100,,45508,5,,,1
9701,'Semaine-3-_26ÉTÉ-1111100-',600,,45530,5,,,1,100,,45523,5,,,2,109,,45532,5,,,1,103,,45521,5,,,2,100,,45518,5,,,1,100,,45531,5,,,2,98,,45526,5,,,2,102,,45522,5,,,1,100,,45528,5,,,2,99,,45516,5,,,1,97,,45519,5,,,1,102,,45527,5,,,1,100,,45529,5,,,2,96,,45520,5,,,2,97,,45524,5,,,1,100,,45517,5,,,2,100,,45525,5,,,1
9701,'Semaine-4-_26ÉTÉ-1111100-',600,,45547,5,,,1,100,,45540,5,,,2,109,,45549,5,,,1,103,,45538,5,,,2,100,,45535,5,,,1,100,,45548,5,,,2,98,,45543,5,,,2,102,,45539,5,,,1,100,,45545,5,,,2,99,,45533,5,,,1,97,,45536,5,,,1,102,,45544,5,,,1,100,,45546,5,,,2,96,,45537,5,,,2,97,,45541,5,,,1,100,,45534,5,,,2,100,,45542,5,,,1
