3101,'Samedi-3',645,,30491,3,,,1,94,,30497,3,,,1,99,,30494,3,,,1,97,,30498,3,,,1,97,,30492,3,,,1,100,,30496,3,,,1,100,,30493,3,,,1,100,,30495,3,,,1,103,,30499,3,,,1,97,,30500,3,,,1,100,,30501,3,,,1,100,,30502,3,,,1,102,,30503,3,,,1,102,,30508,3,,,1,100,,30504,3,,,1,100,,30505,3,,,1,102,,30506,3,,,1,100,,30507,3,,,1
3101,'Samedi-4',645,,35168,3,,,1,94,,35174,3,,,1,99,,35171,3,,,1,97,,35175,3,,,1,97,,35169,3,,,1,100,,35173,3,,,1,100,,35170,3,,,1,100,,35172,3,,,1,103,,35176,3,,,1,97,,35177,3,,,1,100,,35178,3,,,1,100,,35179,3,,,1,102,,35180,3,,,1,102,,35185,3,,,1,100,,35181,3,,,1,100,,35182,3,,,1,102,,35183,3,,,1,100,,35184,3,,,1
3101,'Dimanche-3',645,,30511,3,,,1,94,,30509,3,,,1,99,,30512,3,,,1,97,,30514,3,,,1,97,,30515,3,,,1,100,,30516,3,,,1,100,,30510,3,,,1,100,,30519,3,,,1,103,,30513,3,,,1,97,,30518,3,,,1,100,,30522,3,,,1,100,,30526,3,,,1,102,,30523,3,,,1,102,,30517,3,,,1,100,,30520,3,,,1,100,,30525,3,,,1,102,,30521,3,,,1,100,,30524,3,,,1
3101,'Semaine-4',526,,30530,3,,,1,75,,30564,3,,,1,30,,30544,3,,,1,27,,30531,3,,,1,70,,30567,3,,,1,20,,30527,3,,,1,56,,30541,3,,,1,17,,30542,3,,,1,14,,30561,3,,,1,19,,30532,3,,,1,62,,30534,3,,,1,20,,30559,3,,,1,20,,30551,3,,,1,59,,30560,3,,,1,20,,30533,3,,,1,20,,30535,3,,,1,61,,30555,3,,,1,20,,30565,3,,,1,19,,30554,3,,,1,60,,30536,3,,,1,21,,30528,3,,,1,17,,30558,3,,,1,62,,30568,3,,,1,19,,30553,3,,,1,20,,30537,3,,,1,59,,30556,3,,,1,23,,30557,3,,,1,20,,30566,3,,,1,59,,30552,3,,,1,14,,30538,3,,,1,18,,30549,3,,,1,60,,30550,3,,,1,22,,30539,3,,,1,19,,30545,3,,,1,61,,30529,3,,,1,22,,30562,3,,,1,20,,30570,3,,,1,66,,30540,3,,,1,99,,30563,3,,,1,100,,30546,3,,,1,100,,30543,3,,,1,99,,30547,3,,,1,103,,30548,3,,,1
3101,'Semaine-5',526,,35189,3,,,1,75,,35223,3,,,1,30,,35203,3,,,1,27,,35190,3,,,1,70,,35226,3,,,1,20,,35186,3,,,1,56,,35200,3,,,1,17,,35201,3,,,1,14,,35220,3,,,1,19,,35191,3,,,1,62,,35193,3,,,1,20,,35218,3,,,1,20,,35210,3,,,1,59,,35219,3,,,1,20,,35192,3,,,1,20,,35194,3,,,1,61,,35214,3,,,1,20,,35224,3,,,1,19,,35213,3,,,1,60,,35195,3,,,1,21,,35187,3,,,1,17,,35217,3,,,1,62,,35227,3,,,1,19,,35212,3,,,1,20,,35196,3,,,1,59,,35215,3,,,1,23,,35216,3,,,1,20,,35225,3,,,1,59,,35211,3,,,1,14,,35197,3,,,1,18,,35208,3,,,1,60,,35209,3,,,1,22,,35198,3,,,1,19,,35204,3,,,1,61,,35188,3,,,1,22,,35221,3,,,1,20,,35229,3,,,1,66,,35199,3,,,1,99,,35222,3,,,1,100,,35205,3,,,1,100,,35202,3,,,1,99,,35206,3,,,1,103,,35207,3,,,1
3300,'Samedi-3',717,,30672,39,,,1,133,,30677,39,,,1,99,,30674,39,,,1,99,,30678,39,,,1,102,,30673,39,,,1,100,,30676,39,,,1,100,,30675,39,,,1,100,,30679,39,,,1,103,,30680,39,,,1,97,,30681,39,,,1,100,,30682,39,,,1,99,,30683,39,,,1,96,,30684,39,,,1,100,,30688,39,,,1,100,,30685,39,,,1,100,,30686,39,,,1,100,,30687,39,,,1,98,,30689,39,,,1
3300,'Samedi-4',717,,35331,39,,,1,133,,35336,39,,,1,99,,35333,39,,,1,99,,35337,39,,,1,102,,35332,39,,,1,100,,35335,39,,,1,100,,35334,39,,,1,100,,35338,39,,,1,103,,35339,39,,,1,97,,35340,39,,,1,100,,35341,39,,,1,99,,35342,39,,,1,96,,35343,39,,,1,100,,35347,39,,,1,100,,35344,39,,,1,100,,35345,39,,,1,100,,35346,39,,,1,98,,35348,39,,,1
3300,'Dimanche-3',717,,30691,39,,,1,133,,30690,39,,,1,99,,30693,39,,,1,99,,30695,39,,,1,102,,30696,39,,,1,100,,30697,39,,,1,100,,30692,39,,,1,100,,30699,39,,,1,103,,30694,39,,,1,97,,30700,39,,,1,100,,30703,39,,,1,99,,30707,39,,,1,96,,30704,39,,,1,100,,30698,39,,,1,100,,30701,39,,,1,100,,30706,39,,,1,100,,30702,39,,,1,98,,30705,39,,,1
3300,'Semaine-4',651,,30735,33,,,1,76,,30734,40,,,1,22,,30740,40,,,2,55,,30713,40,,,1,23,,30728,40,,,1,21,,30736,40,,,1,5,,30747,40,,,1,49,,30748,40,,,1,30,,30741,40,,,1,15,,30723,40,,,1,10,,30726,40,,,2,48,,30743,39,,,1,29,,30729,39,,,2,67,,30718,39,,,1,31,,30724,39,,,1,68,,30708,39,,,1,31,,30731,39,,,1,69,,30719,39,,,1,33,,30727,39,,,1,19,,30746,39,,,1,6,,30730,39,,,1,68,,30733,39,,,1,30,,30720,39,,,1,55,,30742,32,,,1,16,,30738,39,,,1,79,,30732,39,,,1,13,,30710,39,,,2,17,,30722,39,,,1,18,,30745,39,,,2,53,,30744,39,,,1,12,,30739,32,,,1,21,,30717,39,,,1,64,,30716,39,,,2,22,,30721,39,,,2,27,,30709,39,,,2,67,,30714,39,,,1,32,,30749,32,,,1,80,,30725,39,,,2,95,,30715,39,,,1,80,,30711,39,,,2,104,,30737,39,,,1,98,,30750,39,,,2,25,,30712,39,,,1
3300,'Semaine-5',651,,35376,33,,,1,76,,35375,40,,,1,22,,35381,40,,,2,55,,35354,40,,,1,23,,35369,40,,,1,21,,35377,40,,,1,5,,35388,40,,,1,49,,35389,40,,,1,30,,35382,40,,,1,15,,35364,40,,,1,10,,35367,40,,,2,48,,35384,39,,,1,29,,35370,39,,,2,67,,35359,39,,,1,31,,35365,39,,,1,68,,35349,39,,,1,31,,35372,39,,,1,69,,35360,39,,,1,33,,35368,39,,,1,19,,35387,39,,,1,6,,35371,39,,,1,68,,35374,39,,,1,30,,35361,39,,,1,55,,35383,32,,,1,16,,35379,39,,,1,79,,35373,39,,,1,13,,35351,39,,,2,17,,35363,39,,,1,18,,35386,39,,,2,53,,35385,39,,,1,12,,35380,32,,,1,21,,35358,39,,,1,64,,35357,39,,,2,22,,35362,39,,,2,27,,35350,39,,,2,67,,35355,39,,,1,32,,35390,32,,,1,80,,35366,39,,,2,95,,35356,39,,,1,80,,35352,39,,,2,104,,35378,39,,,1,98,,35391,39,,,2,25,,35353,39,,,1
3500,'Semaine-4',1537,,31038,41,,,2,110,,31043,41,,,2,68,,31047,41,,,1,93,,31029,41,,,1,101,,31058,41,,,2,96,,31032,41,,,2,23,,31036,41,,,1,103,,31050,41,,,1,100,,31054,41,,,1
3500,'Semaine-5',1537,,35595,41,,,2,110,,35600,41,,,2,68,,35604,41,,,1,93,,35586,41,,,1,101,,35615,41,,,2,96,,35589,41,,,2,23,,35593,41,,,1,103,,35607,41,,,1,100,,35611,41,,,1
33100,'Semaine-4',823,,34191,15,0,7 8,1
33100,'Semaine-5',823,,38022,15,0,7 8,1
42500,'Semaine-4',736,,34792,37,0,9 14,1,2,,34793,37,0,9 14,1
42500,'Semaine-5',736,,38443,37,0,9 14,1,2,,38444,37,0,9 14,1
42600,'Semaine-4',739,,34795,18,0,9 14,1,1,,34796,18,0,9 14,1
42600,'Semaine-5',739,,38446,18,0,9 14,1,1,,38447,18,0,9 14,1
42900,'Semaine-4',741,,34798,24,0,9 14,1,2,,34799,24,0,9 14,1
42900,'Semaine-5',741,,38449,24,0,9 14,1,2,,38450,24,0,9 14,1
43100,'Semaine-4',1456,,34803,2,0,9 14,1
43100,'Semaine-5',1456,,38454,2,0,9 14,1
43300,'Semaine-4',1452,,34805,2,0,9 14,1,4,,34806,2,0,9 14,1
43300,'Semaine-5',1452,,38456,2,0,9 14,1,4,,38457,2,0,9 14,1
43700,'Semaine-4',749,,34808,39,0,9 14,1,2,,34809,35,0,9 14,1
43700,'Semaine-5',749,,38459,39,0,9 14,1,2,,38460,35,0,9 14,1
44900,'Semaine-4',742,,34812,38,0,9 14,1
44900,'Semaine-5',742,,38463,38,0,9 14,1
56600,'Semaine-4',1527,,34825,11,0,5 6,1
56600,'Semaine-5',1527,,38476,11,0,5 6,1
56900,'Semaine-4',1527,,34827,11,0,5 6,2
56900,'Semaine-5',1527,,38478,11,0,5 6,2
73300,'Semaine-4',1639,,34851,28,,,1
73300,'Semaine-5',1639,,38502,28,,,1
83101,'Semaine-4',754,,35024,3,0,9 12 13,1,2,,35025,3,0,9 12 13,1
83101,'Semaine-5',754,,38643,3,0,9 12 13,1,2,,38644,3,0,9 12 13,1
