6201,'Semaine-1-_26ÉTÉ-1111100-',515,,54565,4,,,2,30,,54559,4,,,2,70,,54575,4,,,1,31,,54570,4,,,2,69,,54555,4,,,2,32,,54556,4,,,2,69,,54560,4,,,2,29,,54569,4,,,1,91,,54561,4,,,1,100,,54557,4,,,2,100,,54566,4,,,2,100,,54573,4,,,2,100,,54576,4,,,2,98,,54567,4,,,1,95,,54577,4,,,1,83,,54572,4,,,1,45,,54558,4,,,1,77,,54571,4,,,2,70,,54574,4,,,1,100,,54564,4,,,1,100,,54563,4,,,1,45,,54568,4,,,1,100,,54562,4,,,1
6201,'Semaine-10-_26ÉTÉ-1111100-',515,,54588,4,,,2,30,,54582,4,,,2,70,,54598,4,,,1,31,,54593,4,,,2,69,,54578,4,,,2,32,,54579,4,,,2,69,,54583,4,,,2,29,,54592,4,,,1,91,,54584,4,,,1,100,,54580,4,,,2,100,,54589,4,,,2,100,,54596,4,,,2,100,,54599,4,,,2,98,,54590,4,,,1,95,,54600,4,,,1,83,,54595,4,,,1,45,,54581,4,,,1,77,,54594,4,,,2,70,,54597,4,,,1,100,,54587,4,,,2,100,,54586,4,,,1,45,,54591,4,,,1,100,,54585,4,,,1
6201,'Semaine-11-_26ÉTÉ-1111100-',515,,54611,4,,,2,30,,54605,4,,,2,70,,54621,4,,,1,31,,54616,4,,,2,69,,54601,4,,,2,32,,54602,4,,,2,69,,54606,4,,,2,29,,54615,4,,,1,91,,54607,4,,,1,100,,54603,4,,,2,100,,54612,4,,,2,100,,54619,4,,,2,100,,54622,4,,,2,98,,54613,4,,,1,95,,54623,4,,,1,83,,54618,4,,,1,45,,54604,4,,,1,77,,54617,4,,,2,70,,54620,4,,,1,100,,54610,4,,,1,100,,54609,4,,,1,45,,54614,4,,,1,100,,54608,4,,,1
6201,'Semaine-12-_26ÉTÉ-1111100-',515,,54634,4,,,2,30,,54628,4,,,2,70,,54644,4,,,1,31,,54639,4,,,2,69,,54624,4,,,2,32,,54625,4,,,2,69,,54629,4,,,2,29,,54638,4,,,1,91,,54630,4,,,1,100,,54626,4,,,2,100,,54635,4,,,2,100,,54642,4,,,2,100,,54645,4,,,2,98,,54636,4,,,1,95,,54646,4,,,1,83,,54641,4,,,1,45,,54627,4,,,1,77,,54640,4,,,2,70,,54643,4,,,1,100,,54633,4,,,1,100,,54632,4,,,1,45,,54637,4,,,1,100,,54631,4,,,1
6201,'Semaine-5-_26ÉTÉ-1111100-',515,,54657,4,,,2,30,,54651,4,,,2,70,,54667,4,,,1,31,,54662,4,,,2,69,,54647,4,,,2,32,,54648,4,,,2,69,,54652,4,,,2,29,,54661,4,,,1,91,,54653,4,,,1,100,,54649,4,,,2,100,,54658,4,,,2,100,,54665,4,,,2,100,,54668,4,,,2,98,,54659,4,,,1,95,,54669,4,,,1,83,,54664,4,,,1,45,,54650,4,,,1,77,,54663,4,,,2,70,,54666,4,,,1,100,,54656,4,,,1,100,,54655,4,,,1,45,,54660,4,,,1,100,,54654,4,,,1
7100,'Samedi-0-_26ÉTÉ-0000010-',805,,57400,4,,,2,100,,57401,4,,,1,100,,57403,4,,,1,102,,57398,4,,,1,100,,57402,4,,,1,100,,57399,4,,,1,100,,57404,4,,,1,100,,57405,4,,,2,100,,57406,4,,,2,100,,57407,4,,,2,100,,57408,4,,,2,98,,57409,4,,,2,100,,57410,4,,,1,100,,57411,4,,,1,100,,57412,4,,,2,100,,57413,4,,,1
7100,'Dimanche-0-_26ÉTÉ-0000001-',805,,57417,4,,,2,100,,57418,4,,,1,100,,57419,4,,,1,102,,57420,4,,,1,100,,57416,4,,,1,100,,57415,4,,,1,100,,57421,4,,,1,100,,57414,4,,,2,100,,57424,4,,,2,100,,57426,4,,,2,100,,57427,4,,,2,98,,57425,4,,,2,100,,57422,4,,,1,100,,57423,4,,,1,100,,57429,4,,,2,100,,57428,4,,,1
7100,'Dimanche-10-_26ÉTÉ-0000001-',805,,57433,4,,,2,100,,57434,4,,,1,100,,57435,4,,,1,102,,57436,4,,,1,100,,57432,4,,,1,100,,57431,4,,,1,100,,57437,4,,,1,100,,57430,4,,,2,100,,57440,4,,,2,100,,57442,4,,,2,100,,57443,4,,,2,98,,57441,4,,,2,100,,57438,4,,,1,100,,57439,4,,,1,100,,57445,4,,,2,100,,57444,4,,,1
7100,'Dimanche-11-_26ÉTÉ-0000001-',805,,57449,4,,,2,100,,57450,4,,,1,100,,57451,4,,,1,102,,57452,4,,,1,100,,57448,4,,,1,100,,57447,4,,,1,100,,57453,4,,,1,100,,57446,4,,,2,100,,57456,4,,,2,100,,57458,4,,,2,100,,57459,4,,,2,98,,57457,4,,,2,100,,57454,4,,,1,100,,57455,4,,,1,100,,57461,4,,,2,100,,57460,4,,,1
7100,'Semaine-1-_26ÉTÉ-1111100-',531,,57495,4,,,2,70,,57478,4,,,1,30,,57496,4,,,2,19,,57499,4,,,2,61,,57469,4,,,1,20,,57473,4,,,2,20,,57472,4,,,2,50,,57494,4,,,1,10,,57470,4,,,1,10,,57485,4,,,2,20,,57462,4,,,2,60,,57488,4,,,1,20,,57493,4,,,1,30,,57484,4,,,1,71,,57489,4,,,1,30,,57490,4,,,2,70,,57504,4,,,2,30,,57465,4,,,1,70,,57491,4,,,1,30,,57503,4,,,1,70,,57464,4,,,1,30,,57466,4,,,1,70,,57474,4,,,2,28,,57497,4,,,1,70,,57468,4,,,2,7,,57498,4,,,2,21,,57501,4,,,2,59,,57500,4,,,2,14,,57481,4,,,2,6,,57476,4,,,2,20,,57477,4,,,2,60,,57467,4,,,2,20,,57486,4,,,1,23,,57463,4,,,2,68,,57487,4,,,2,31,,57502,4,,,1,70,,57475,4,,,2,30,,57479,4,,,1,70,,57482,4,,,1,101,,57480,4,,,1,99,,57492,4,,,1,100,,57471,4,,,2,101,,57483,4,,,1
7100,'Semaine-10-_26ÉTÉ-1111100-',531,,57538,4,,,2,70,,57521,4,,,1,30,,57539,4,,,2,19,,57542,4,,,2,61,,57512,4,,,1,20,,57516,4,,,2,20,,57515,4,,,2,50,,57537,4,,,1,10,,57513,4,,,1,10,,57528,4,,,2,20,,57505,4,,,2,60,,57531,4,,,1,20,,57536,4,,,1,30,,57527,4,,,1,71,,57532,4,,,1,30,,57533,4,,,2,70,,57547,4,,,2,30,,57508,4,,,1,70,,57534,4,,,1,30,,57546,4,,,1,70,,57507,4,,,1,30,,57509,4,,,1,70,,57517,4,,,2,28,,57540,4,,,1,70,,57511,4,,,2,7,,57541,4,,,2,21,,57544,4,,,2,59,,57543,4,,,2,14,,57524,4,,,2,6,,57519,4,,,2,20,,57520,4,,,2,60,,57510,4,,,2,20,,57529,4,,,1,23,,57506,4,,,2,68,,57530,4,,,2,31,,57545,4,,,1,70,,57518,4,,,2,30,,57522,4,,,1,70,,57525,4,,,1,101,,57523,4,,,1,99,,57535,4,,,1,100,,57514,4,,,2,101,,57526,4,,,1
7100,'Semaine-11-_26ÉTÉ-1111100-',531,,57581,4,,,2,70,,57564,4,,,1,30,,57582,4,,,2,19,,57585,4,,,2,61,,57555,4,,,1,20,,57559,4,,,2,20,,57558,4,,,2,50,,57580,4,,,1,10,,57556,4,,,1,10,,57571,4,,,2,20,,57548,4,,,2,60,,57574,4,,,1,20,,57579,4,,,1,30,,57570,4,,,1,71,,57575,4,,,1,30,,57576,4,,,2,70,,57590,4,,,2,30,,57551,4,,,1,70,,57577,4,,,1,30,,57589,4,,,1,70,,57550,4,,,1,30,,57552,4,,,1,70,,57560,4,,,2,28,,57583,4,,,1,70,,57554,4,,,2,7,,57584,4,,,2,21,,57587,4,,,2,59,,57586,4,,,2,14,,57567,4,,,2,6,,57562,4,,,2,20,,57563,4,,,2,60,,57553,4,,,2,20,,57572,4,,,1,23,,57549,4,,,2,68,,57573,4,,,2,31,,57588,4,,,1,70,,57561,4,,,2,30,,57565,4,,,1,70,,57568,4,,,1,101,,57566,4,,,1,99,,57578,4,,,1,100,,57557,4,,,2,101,,57569,4,,,1
7100,'Semaine-12-_26ÉTÉ-1111100-',531,,57624,4,,,2,70,,57607,4,,,1,30,,57625,4,,,2,19,,57628,4,,,2,61,,57598,4,,,1,20,,57602,4,,,2,20,,57601,4,,,2,50,,57623,4,,,1,10,,57599,4,,,1,10,,57614,4,,,2,20,,57591,4,,,2,60,,57617,4,,,1,20,,57622,4,,,1,30,,57613,4,,,1,71,,57618,4,,,1,30,,57619,4,,,2,70,,57633,4,,,2,30,,57594,4,,,1,70,,57620,4,,,1,30,,57632,4,,,1,70,,57593,4,,,1,30,,57595,4,,,1,70,,57603,4,,,2,28,,57626,4,,,1,70,,57597,4,,,2,7,,57627,4,,,2,21,,57630,4,,,2,59,,57629,4,,,2,14,,57610,4,,,2,6,,57605,4,,,2,20,,57606,4,,,2,60,,57596,4,,,2,20,,57615,4,,,1,23,,57592,4,,,2,68,,57616,4,,,2,31,,57631,4,,,1,70,,57604,4,,,2,30,,57608,4,,,1,70,,57611,4,,,1,101,,57609,4,,,1,99,,57621,4,,,1,100,,57600,4,,,2,101,,57612,4,,,1
7100,'Semaine-5-_26ÉTÉ-1111100-',531,,57667,4,,,2,70,,57650,4,,,1,30,,57668,4,,,2,19,,57671,4,,,2,61,,57641,4,,,1,20,,57645,4,,,2,20,,57644,4,,,2,50,,57666,4,,,1,10,,57642,4,,,1,10,,57657,4,,,2,20,,57634,4,,,2,60,,57660,4,,,1,20,,57665,4,,,1,30,,57656,4,,,1,71,,57661,4,,,1,30,,57662,4,,,2,70,,57676,4,,,2,30,,57637,4,,,1,70,,57663,4,,,1,30,,57675,4,,,1,70,,57636,4,,,1,30,,57638,4,,,1,70,,57646,4,,,2,28,,57669,4,,,1,70,,57640,4,,,2,7,,57670,4,,,2,21,,57673,4,,,2,59,,57672,4,,,2,14,,57653,4,,,2,6,,57648,4,,,2,20,,57649,4,,,2,60,,57639,4,,,2,20,,57658,4,,,1,23,,57635,4,,,2,68,,57659,4,,,2,31,,57674,4,,,1,70,,57647,4,,,2,30,,57651,4,,,1,70,,57654,4,,,1,101,,57652,4,,,1,99,,57664,4,,,1,100,,57643,4,,,2,101,,57655,4,,,1
7300,'Semaine-1-_26ÉTÉ-1111100-',614,,58116,4,,,1,30,,58114,4,,,2,70,,58117,4,,,2,29,,58124,4,,,1,71,,58118,4,,,1,29,,58119,4,,,2,100,,58121,4,,,1,100,,58105,4,,,1,100,,58102,4,,,1,100,,58103,4,,,2,100,,58104,4,,,2,101,,58106,4,,,2,67,,58107,4,,,1,29,,58125,4,,,1,77,,58122,4,,,2,24,,58123,4,,,2,72,,58120,4,,,1,30,,58108,4,,,1,70,,58109,4,,,1,31,,58110,4,,,1,100,,58111,4,,,1,105,,58112,4,,,2,100,,58113,4,,,1,100,,58115,4,,,2
7300,'Semaine-10-_26ÉTÉ-1111100-',614,,58140,4,,,1,30,,58138,4,,,2,70,,58141,4,,,2,29,,58148,4,,,1,71,,58142,4,,,1,29,,58143,4,,,2,100,,58145,4,,,1,100,,58129,4,,,1,100,,58126,4,,,1,100,,58127,4,,,2,100,,58128,4,,,2,101,,58130,4,,,2,67,,58131,4,,,1,29,,58149,4,,,1,77,,58146,4,,,2,24,,58147,4,,,2,72,,58144,4,,,1,30,,58132,4,,,1,70,,58133,4,,,1,31,,58134,4,,,1,100,,58135,4,,,1,105,,58136,4,,,2,100,,58137,4,,,1,100,,58139,4,,,2
7300,'Semaine-11-_26ÉTÉ-1111100-',614,,58164,4,,,1,30,,58162,4,,,2,70,,58165,4,,,2,29,,58172,4,,,1,71,,58166,4,,,1,29,,58167,4,,,2,100,,58169,4,,,1,100,,58153,4,,,1,100,,58150,4,,,1,100,,58151,4,,,2,100,,58152,4,,,2,101,,58154,4,,,2,67,,58155,4,,,1,29,,58173,4,,,1,77,,58170,4,,,2,24,,58171,4,,,2,72,,58168,4,,,1,30,,58156,4,,,1,70,,58157,4,,,1,31,,58158,4,,,1,100,,58159,4,,,1,105,,58160,4,,,2,100,,58161,4,,,1,100,,58163,4,,,2
7300,'Semaine-12-_26ÉTÉ-1111100-',614,,58188,4,,,1,30,,58186,4,,,2,70,,58189,4,,,2,29,,58196,4,,,1,71,,58190,4,,,1,29,,58191,4,,,2,100,,58193,4,,,1,100,,58177,4,,,1,100,,58174,4,,,1,100,,58175,4,,,2,100,,58176,4,,,2,101,,58178,4,,,2,67,,58179,4,,,1,29,,58197,4,,,1,77,,58194,4,,,2,24,,58195,4,,,2,72,,58192,4,,,1,30,,58180,4,,,1,70,,58181,4,,,1,31,,58182,4,,,1,100,,58183,4,,,1,105,,58184,4,,,2,100,,58185,4,,,1,100,,58187,4,,,2
7300,'Semaine-5-_26ÉTÉ-1111100-',614,,58212,4,,,1,30,,58210,4,,,2,70,,58213,4,,,2,29,,58220,4,,,1,71,,58214,4,,,1,29,,58215,4,,,2,100,,58217,4,,,1,100,,58201,4,,,1,100,,58198,4,,,1,100,,58199,4,,,2,100,,58200,4,,,2,101,,58202,4,,,2,67,,58203,4,,,1,29,,58221,4,,,1,77,,58218,4,,,2,24,,58219,4,,,2,72,,58216,4,,,1,30,,58204,4,,,1,70,,58205,4,,,1,31,,58206,4,,,1,100,,58207,4,,,1,105,,58208,4,,,2,100,,58209,4,,,1,100,,58211,4,,,2
