3100,'Samedi-11',718,,24633,7,,,1,30,,24634,7,,,1,101,,24635,7,,,1,100,,24632,7,,,1,102,,24638,7,,,1,100,,24639,7,,,1,101,,24636,7,,,1,100,,24637,7,,,1,100,,24640,7,,,1,102,,24641,7,,,1,98,,24642,7,,,1,100,,24643,7,,,1,94,,24649,7,,,1,100,,24644,7,,,1,100,,24645,7,,,1,100,,24646,7,,,1,100,,24647,7,,,1,100,,24648,7,,,1,97,,24650,7,,,1
3100,'Samedi-2',718,,24652,7,,,1,30,,24653,7,,,1,101,,24654,7,,,1,100,,24651,7,,,1,102,,24657,7,,,1,100,,24658,7,,,1,101,,24655,7,,,1,100,,24656,7,,,1,100,,24659,7,,,1,102,,24660,7,,,1,98,,24661,7,,,1,100,,24662,7,,,1,94,,24668,7,,,1,100,,24663,7,,,1,100,,24664,7,,,1,100,,24665,7,,,1,100,,24666,7,,,1,100,,24667,7,,,1,97,,24669,7,,,1
3100,'Dimanche-2',718,,24674,7,,,1,30,,24675,7,,,1,101,,24676,7,,,1,100,,24677,7,,,1,102,,24670,7,,,1,100,,24671,7,,,1,101,,24672,7,,,1,100,,24673,7,,,1,100,,24679,7,,,1,102,,24680,7,,,1,98,,24678,7,,,1,100,,24681,7,,,1,94,,24684,7,,,1,100,,24688,7,,,1,100,,24682,7,,,1,100,,24683,7,,,1,100,,24686,7,,,1,100,,24685,7,,,1,97,,24687,7,,,1
3100,'Semaine-3',601,,24693,7,,,1,35,,24728,7,,,1,70,,24706,7,,,1,30,,24694,7,,,1,20,,24734,7,,,1,54,,24731,7,,,1,20,,24690,7,,,1,16,,24703,7,,,1,57,,24704,7,,,1,12,,24720,7,,,1,19,,24695,7,,,1,21,,24697,7,,,1,60,,24714,7,,,1,20,,24715,7,,,1,20,,24721,7,,,1,60,,24696,7,,,1,20,,24701,7,,,1,21,,24722,7,,,1,60,,24729,7,,,1,19,,24717,7,,,1,20,,24698,7,,,1,61,,24691,7,,,1,17,,24727,7,,,1,22,,24732,7,,,1,59,,24716,7,,,1,20,,24699,7,,,1,19,,24719,7,,,1,63,,24723,7,,,1,21,,24730,7,,,1,20,,24718,7,,,1,54,,24700,7,,,1,21,,24711,7,,,1,20,,24713,7,,,1,62,,24702,7,,,1,18,,24707,7,,,1,21,,24692,7,,,1,56,,24725,7,,,1,18,,24733,7,,,1,26,,24708,7,,,1,98,,24726,7,,,1,100,,24709,7,,,1,100,,24705,7,,,1,99,,24710,7,,,1,102,,24712,7,,,1,103,,24724,7,,,1
3300,'Samedi-11',643,,24934,7,,,1,172,,24939,7,,,1,99,,24936,7,,,1,98,,24940,7,,,1,100,,24935,7,,,1,100,,24938,7,,,1,100,,24937,7,,,1,100,,24941,7,,,1,103,,24942,7,,,1,97,,24943,7,,,1,100,,24944,7,,,1,100,,24945,7,,,1,98,,24946,7,,,1,100,,24950,7,,,1,100,,24947,7,,,1,100,,24948,7,,,1,100,,24949,7,,,1,100,,24951,7,,,1
3300,'Samedi-2',643,,24952,7,,,1,172,,24957,7,,,1,99,,24954,7,,,1,98,,24958,7,,,1,100,,24953,7,,,1,100,,24956,7,,,1,100,,24955,7,,,1,100,,24959,7,,,1,103,,24960,7,,,1,97,,24961,7,,,1,100,,24962,7,,,1,100,,24963,7,,,1,98,,24964,7,,,1,100,,24968,7,,,1,100,,24965,7,,,1,100,,24966,7,,,1,100,,24967,7,,,1,100,,24969,7,,,1
3300,'Dimanche-2',643,,24971,7,,,1,172,,24970,7,,,1,99,,24973,7,,,1,98,,24975,7,,,1,100,,24976,7,,,1,100,,24977,7,,,1,100,,24972,7,,,1,100,,24979,7,,,1,103,,24974,7,,,1,97,,24980,7,,,1,100,,24983,7,,,1,100,,24987,7,,,1,98,,24984,7,,,1,100,,24978,7,,,1,100,,24981,7,,,1,100,,24986,7,,,1,100,,24982,7,,,1,100,,24985,7,,,1
3300,'Semaine-3',641,,25014,7,,,1,62,,25020,7,,,2,15,,24993,7,,,1,23,,25008,7,,,1,61,,25016,7,,,1,5,,25027,7,,,1,9,,25028,7,,,1,30,,25021,7,,,1,55,,25003,7,,,1,10,,25006,7,,,2,14,,25023,7,,,1,30,,25009,7,,,2,67,,24998,7,,,1,31,,25004,7,,,1,68,,24988,7,,,1,31,,25011,7,,,1,69,,24999,7,,,1,33,,25007,7,,,1,59,,25026,7,,,1,6,,25010,7,,,1,28,,25013,7,,,1,69,,25000,7,,,1,31,,25018,7,,,1,74,,25012,7,,,1,13,,24990,7,,,2,17,,25002,7,,,1,60,,25025,7,,,2,13,,25024,7,,,1,33,,24997,7,,,1,64,,24996,7,,,2,25,,25001,7,,,2,68,,24989,7,,,2,27,,24994,7,,,1,112,,25005,7,,,2,97,,24995,7,,,1,80,,24991,7,,,2,104,,25017,7,,,1,98,,25030,7,,,2,25,,24992,7,,,1
3500,'Semaine-3',616,,25412,7,0,15 16,1,39,,25386,7,0,15 16,1,73,,25397,7,0,15 16,1,17,,25415,7,0,15 16,1,73,,25421,7,0,15 16,1,11,,25419,7,0,15 16,1,4,,25405,7,0,15 16,1,7,,25417,7,0,15 16,1,19,,25410,7,0,15 16,1,61,,25416,7,0,15 16,1,30,,25394,7,0,15 16,2,66,,25408,7,0,15 16,1,34,,25388,7,0,15 16,1,70,,25392,7,0,15 16,1,30,,25403,7,0,15 16,1,70,,25387,7,0,15 16,1,30,,25398,7,0,15 16,1,70,,25420,7,0,15 16,1,30,,25406,7,0,15 16,1,70,,25389,7,0,15 16,1,32,,25402,7,,,2,67,,25404,7,0,15 16,2,38,,25407,7,,,2,69,,25411,7,,,1,27,,25413,7,0,15 16,2,71,,25393,7,,,1,27,,25391,7,0,15 16,2,76,,25422,7,,,2,22,,25409,7,0,15 16,1,75,,25396,7,,,2,23,,25400,7,,,1,103,,25414,7,,,1,100,,25418,7,,,1,97,,25390,7,0,15 16,1
8700,'Semaine-3',1451,,28994,4,,,2,56,,28993,4,,,2,20,,28986,4,,,2,15,,28988,4,,,1,15,,28985,4,,,1,55,,28995,4,,,2,15,,28991,4,,,1,16,,28992,4,,,1,58,,28987,4,,,1,21,,28990,4,,,1,20,,28989,4,,,1
