6500,'Samedi-3',657,,32617,16,,,1,100,,32620,16,,,1,100,,32616,16,,,1,100,,32619,16,,,1,100,,32623,16,,,1,100,,32618,16,,,2,100,,32621,16,,,1,100,,32622,16,,,1,100,,32624,16,,,2,100,,32625,16,,,1,100,,32626,16,,,1,100,,32627,16,,,1,100,,32628,16,,,1,100,,32629,16,,,1,100,,32630,16,,,2,100,,32631,16,,,2,100,,32632,16,,,2
6500,'Samedi-4',657,,36781,16,,,1,100,,36784,16,,,1,100,,36780,16,,,1,100,,36783,16,,,1,100,,36787,16,,,1,100,,36782,16,,,2,100,,36785,16,,,1,100,,36786,16,,,1,100,,36788,16,,,2,100,,36789,16,,,1,100,,36790,16,,,1,100,,36791,16,,,1,100,,36792,16,,,1,100,,36793,16,,,1,100,,36794,16,,,2,100,,36795,16,,,2,100,,36796,16,,,2
6500,'Dimanche-3',657,,32634,16,,,1,100,,32637,16,,,1,100,,32636,16,,,1,100,,32640,16,,,1,100,,32642,16,,,1,100,,32639,16,,,2,100,,32641,16,,,1,100,,32633,16,,,1,100,,32638,16,,,2,100,,32635,16,,,1,100,,32643,16,,,1,100,,32648,16,,,1,100,,32646,16,,,1,100,,32649,16,,,1,100,,32644,16,,,2,100,,32647,16,,,2,100,,32645,16,,,2
6500,'Semaine-4',522,,32670,16,,,1,30,,32671,16,,,1,70,,32659,16,,,1,20,,32683,16,,,1,15,,32651,16,,,1,59,,32664,16,,,1,20,,32684,16,,,1,20,,32666,16,,,1,60,,32672,16,,,2,22,,32660,16,,,1,16,,32680,16,,,1,64,,32653,16,,,2,30,,32681,16,,,2,100,,32652,16,,,1,100,,32661,16,,,1,100,,32655,16,,,1,100,,32682,16,,,1,100,,32674,16,,,2,72,,32665,16,,,2,19,,32656,16,,,1,64,,32663,16,,,1,21,,32677,16,,,2,20,,32654,16,,,1,60,,32679,16,,,1,20,,32657,16,,,1,10,,32678,16,,,1,70,,32650,16,,,1,20,,32658,16,,,1,20,,32673,16,,,1,63,,32667,16,,,1,30,,32676,16,,,1,105,,32675,16,,,1,100,,32668,16,,,2,100,,32662,16,,,2,100,,32669,16,,,1
6500,'Samedi-10-_26ÉTÉ-0000010-',657,,42815,16,,,1,100,,42818,16,,,1,100,,42814,16,,,1,100,,42817,16,,,1,100,,42821,16,,,1,100,,42816,16,,,2,100,,42819,16,,,1,100,,42820,16,,,1,100,,42822,16,,,2,100,,42823,16,,,1,100,,42824,16,,,1,100,,42825,16,,,1,100,,42826,16,,,1,100,,42827,16,,,1,100,,42828,16,,,2,100,,42829,16,,,2,100,,42830,16,,,2
6500,'Semaine-2-_26ÉTÉ-1111100-',523,,42851,16,,,1,31,,42852,16,,,2,68,,42840,16,,,1,20,,42864,16,,,1,15,,42832,16,,,2,60,,42845,16,,,1,19,,42865,16,,,1,20,,42847,16,,,1,60,,42853,16,,,1,22,,42841,16,,,2,15,,42861,16,,,1,65,,42834,16,,,2,30,,42862,16,,,2,100,,42833,16,,,1,100,,42842,16,,,1,100,,42836,16,,,2,100,,42863,16,,,1,100,,42855,16,,,1,70,,42846,16,,,2,20,,42837,16,,,1,66,,42844,16,,,1,22,,42858,16,,,2,18,,42835,16,,,2,62,,42860,16,,,1,20,,42838,16,,,1,8,,42859,16,,,1,70,,42831,16,,,1,20,,42839,16,,,2,20,,42854,16,,,1,63,,42848,16,,,1,30,,42857,16,,,1,105,,42856,16,,,1,100,,42849,16,,,1,100,,42843,16,,,1,100,,42850,16,,,1
6500,'Semaine-3-_26ÉTÉ-1111100-',523,,42886,16,,,1,31,,42887,16,,,2,68,,42875,16,,,1,20,,42899,16,,,1,15,,42867,16,,,2,60,,42880,16,,,1,19,,42900,16,,,1,20,,42882,16,,,1,60,,42888,16,,,1,22,,42876,16,,,2,15,,42896,16,,,1,65,,42869,16,,,2,30,,42897,16,,,2,100,,42868,16,,,1,100,,42877,16,,,1,100,,42871,16,,,2,100,,42898,16,,,1,100,,42890,16,,,1,70,,42881,16,,,2,20,,42872,16,,,1,66,,42879,16,,,1,22,,42893,16,,,2,18,,42870,16,,,2,62,,42895,16,,,1,20,,42873,16,,,1,8,,42894,16,,,1,70,,42866,16,,,1,20,,42874,16,,,2,20,,42889,16,,,1,63,,42883,16,,,1,30,,42892,16,,,1,105,,42891,16,,,1,100,,42884,16,,,1,100,,42878,16,,,1,100,,42885,16,,,1
6500,'Semaine-4-_26ÉTÉ-1111100-',523,,42921,16,,,1,31,,42922,16,,,2,68,,42910,16,,,1,20,,42934,16,,,1,15,,42902,16,,,2,60,,42915,16,,,1,19,,42935,16,,,1,20,,42917,16,,,1,60,,42923,16,,,1,22,,42911,16,,,2,15,,42931,16,,,1,65,,42904,16,,,2,30,,42932,16,,,2,100,,42903,16,,,1,100,,42912,16,,,1,100,,42906,16,,,2,100,,42933,16,,,1,100,,42925,16,,,1,70,,42916,16,,,2,20,,42907,16,,,1,66,,42914,16,,,1,22,,42928,16,,,2,18,,42905,16,,,2,62,,42930,16,,,1,20,,42908,16,,,1,8,,42929,16,,,1,70,,42901,16,,,1,20,,42909,16,,,2,20,,42924,16,,,1,63,,42918,16,,,1,30,,42927,16,,,1,105,,42926,16,,,1,100,,42919,16,,,1,100,,42913,16,,,1,100,,42920,16,,,1
8500,'Semaine-4',1546,,33916,36,,,2,56,,33911,36,,,1,17,,33908,36,,,1,16,,33917,36,,,2,13,,33907,36,,,1,55,,33910,36,,,1,15,,33915,36,,,1,16,,33913,36,,,2,17,,33912,36,,,2,60,,33909,36,,,2,18,,33914,36,,,1
8500,'Semaine-2-_26ÉTÉ-1111100-',1544,,45190,36,,,1,58,,45185,36,,,2,16,,45182,36,,,1,16,,45191,36,,,2,15,,45181,36,,,1,53,,45184,36,,,1,16,,45189,36,,,2,18,,45187,36,,,1,16,,45186,36,,,2,61,,45183,36,,,1,16,,45188,36,,,2
8500,'Semaine-3-_26ÉTÉ-1111100-',1544,,45201,36,,,1,58,,45196,36,,,2,16,,45193,36,,,1,16,,45202,36,,,2,15,,45192,36,,,1,53,,45195,36,,,1,16,,45200,36,,,2,18,,45198,36,,,1,16,,45197,36,,,2,61,,45194,36,,,1,16,,45199,36,,,2
8500,'Semaine-4-_26ÉTÉ-1111100-',1544,,45212,36,,,1,58,,45207,36,,,2,16,,45204,36,,,1,16,,45213,36,,,2,15,,45203,36,,,1,53,,45206,36,,,1,16,,45211,36,,,2,18,,45209,36,,,1,16,,45208,36,,,2,61,,45205,36,,,1,16,,45210,36,,,2
