4001,'Semaine-3',616,,26135,30,,,1,32,,26134,30,,,1,71,,26137,30,,,2,32,,26133,30,,,2,68,,26132,30,,,1,27,,26136,30,,,1
4101,'Semaine-3',640,,26145,21,,,1,72,,26146,21,,,2,31,,26147,21,,,2,69,,26144,21,,,1,30,,26143,21,,,1
4701,'Semaine-3',619,,26169,17,,,2,86,,26170,17,,,1,45,,26167,17,,,2,68,,26168,17,,,1
4900,'Samedi-11',719,,26175,18,,,1,100,,26176,18,,,1,103,,26173,18,,,1,100,,26177,18,,,1,100,,26174,18,,,1,100,,26178,18,,,1,99,,26179,18,,,1,104,,26180,18,,,1,97,,26181,18,,,1,100,,26182,18,,,1,100,,26183,18,,,1,97,,26184,18,,,1,100,,26185,18,,,1,100,,26186,18,,,1,100,,26187,18,,,1,100,,26188,18,,,1,101,,26189,18,,,1
4900,'Samedi-2',719,,26192,18,,,1,100,,26193,18,,,1,103,,26190,18,,,1,100,,26194,18,,,1,100,,26191,18,,,1,100,,26195,18,,,1,99,,26196,18,,,1,104,,26197,18,,,1,97,,26198,18,,,1,100,,26199,18,,,1,100,,26200,18,,,1,97,,26201,18,,,1,100,,26202,18,,,1,100,,26203,18,,,1,100,,26204,18,,,1,100,,26205,18,,,1,101,,26206,18,,,1
4900,'Dimanche-2',719,,26207,18,,,1,100,,26210,18,,,1,103,,26208,18,,,1,100,,26211,18,,,1,100,,26213,18,,,1,100,,26217,18,,,1,99,,26215,18,,,1,104,,26214,18,,,1,97,,26209,18,,,1,100,,26219,18,,,1,100,,26216,18,,,1,97,,26218,18,,,1,100,,26223,18,,,1,100,,26212,18,,,1,100,,26221,18,,,1,100,,26222,18,,,1,101,,26220,18,,,1
4900,'Semaine-3',638,,26251,18,,,1,9,,26246,5,,,1,5,,26258,5,,,1,3,,26234,5,,,1,3,,26262,18,,,1,42,,26257,5,,,1,3,,26259,5,,,1,1,,26261,5,,,1,5,,26260,5,,,1,15,,26254,18,,,1,32,,26255,18,,,1,47,,26250,5,,,1,30,,26249,18,,,1,72,,26244,18,,,1,32,,26236,18,,,1,71,,26256,18,,,1,32,,26252,18,,,1,70,,26247,18,,,1,30,,26224,18,,,1,70,,26245,18,,,1,30,,26226,18,,,1,70,,26231,18,,,1,30,,26233,18,,,1,70,,26237,18,,,1,31,,26253,18,,,1,71,,26235,18,,,1,30,,26238,18,,,1,70,,26229,18,,,1,30,,26241,18,,,1,70,,26232,18,,,1,30,,26230,18,,,1,70,,26248,18,,,1,28,,26242,18,,,1,100,,26225,18,,,1,100,,26243,18,,,1,100,,26240,18,,,1,98,,26227,18,,,1,98,,26239,18,,,1,100,,26228,18,,,1
5501,'Samedi-11',704,,26662,28,,,1,30,,26665,28,,,1,70,,26664,28,,,1,30,,26674,28,,,1,70,,26663,28,,,1,30,,26666,28,,,1,70,,26667,28,,,1,30,,26673,28,,,1,72,,26669,28,,,1,30,,26670,28,,,1,71,,26668,28,,,1,28,,26676,28,,,1,70,,26675,28,,,1,30,,26671,28,,,1,70,,26672,28,,,1,30,,26677,28,,,1,70,,26678,28,,,1,30,,26679,28,,,1,70,,26680,28,,,1,30,,26681,28,,,1,70,,26682,28,,,1,30,,26683,28,,,1,70,,26684,28,,,1,28,,26685,28,,,1,70,,26686,28,,,1,30,,26687,28,,,1,70,,26688,28,,,1,29,,26689,28,,,1,70,,26690,28,,,1,30,,26692,28,,,1,69,,26691,28,,,1,32,,26694,28,,,1,68,,26693,28,,,1
5501,'Samedi-2',704,,26695,28,,,1,30,,26698,28,,,1,70,,26697,28,,,1,30,,26707,28,,,1,70,,26696,28,,,1,30,,26699,28,,,1,70,,26700,28,,,1,30,,26706,28,,,1,72,,26702,28,,,1,30,,26703,28,,,1,71,,26701,28,,,1,28,,26709,28,,,1,70,,26708,28,,,1,30,,26704,28,,,1,70,,26705,28,,,1,30,,26710,28,,,1,70,,26711,28,,,1,30,,26712,28,,,1,70,,26713,28,,,1,30,,26714,28,,,1,70,,26715,28,,,1,30,,26716,28,,,1,70,,26717,28,,,1,28,,26718,28,,,1,70,,26719,28,,,1,30,,26720,28,,,1,70,,26721,28,,,1,29,,26722,28,,,1,70,,26723,28,,,1,30,,26725,28,,,1,69,,26724,28,,,1,32,,26727,28,,,1,68,,26726,28,,,1
5501,'Dimanche-2',704,,26729,28,,,1,30,,26734,28,,,1,70,,26730,28,,,1,30,,26738,28,,,1,70,,26741,28,,,1,30,,26733,28,,,1,70,,26745,28,,,1,30,,26739,28,,,1,72,,26740,28,,,1,30,,26731,28,,,1,71,,26728,28,,,1,28,,26735,28,,,1,70,,26742,28,,,1,30,,26732,28,,,1,70,,26743,28,,,1,30,,26737,28,,,1,70,,26736,28,,,1,30,,26746,28,,,1,70,,26750,28,,,1,30,,26744,28,,,1,70,,26747,28,,,1,30,,26757,28,,,1,70,,26754,28,,,1,28,,26759,28,,,1,70,,26760,28,,,1,30,,26748,28,,,1,70,,26751,28,,,1,29,,26749,28,,,1,70,,26752,28,,,1,30,,26753,28,,,1,69,,26756,28,,,1,31,,26758,28,,,1,69,,26755,28,,,1
5501,'Semaine-3',521,,26774,28,,,1,14,,26781,28,,,1,15,,26780,28,,,1,57,,26764,28,,,1,15,,26802,28,,,1,21,,26801,28,,,1,9,,26761,28,,,1,52,,26806,28,,,1,15,,26787,28,,,1,13,,26795,28,,,1,15,,26765,28,,,1,10,,26769,28,,,1,52,,26767,28,,,1,9,,26796,28,,,1,6,,26798,28,,,1,13,,26775,28,,,1,71,,26779,28,,,1,10,,26766,28,,,1,11,,26800,28,,,1,29,,26793,28,,,1,71,,26797,28,,,1,29,,26763,28,,,1,70,,26770,28,,,1,31,,26783,28,,,1,69,,26794,28,,,1,29,,26790,28,,,1,70,,26771,28,,,1,30,,26803,28,,,1,70,,26762,28,,,1,31,,26768,28,,,1,89,,26772,28,,,1,99,,26777,28,,,1,100,,26782,28,,,1,102,,26799,28,,,1,60,,26788,28,,,1,30,,26776,28,,,1,70,,26792,28,,,1,30,,26785,28,,,1,70,,26804,28,,,1,30,,26778,28,,,1,70,,26784,28,,,1,31,,26786,28,,,1,70,,26773,28,,,1,30,,26791,28,,,1,70,,26789,28,,,1
5801,'Semaine-3',559,,26833,16,,,1,72,,26837,16,,,1,70,,26835,16,,,1,30,,26834,16,,,2,70,,26831,16,,,1,30,,26836,16,,,1,800,,26832,16,,,1
5901,'Samedi-11',715,,26987,17,,,1,30,,26994,17,,,1,71,,26991,17,,,1,30,,26996,17,,,1,70,,26988,17,,,1,30,,26993,17,,,1,70,,26992,17,,,1,30,,26995,17,,,1,70,,26999,17,,,1,30,,27000,17,,,1,70,,26989,17,,,1,30,,26990,17,,,1,70,,26998,17,,,1,30,,26997,17,,,1,71,,27001,17,,,1,30,,27002,17,,,1,70,,27003,17,,,1,30,,27004,17,,,1,70,,27005,17,,,1,30,,27006,17,,,1,70,,27007,17,,,1,30,,27008,17,,,1,70,,27009,17,,,1,29,,27010,17,,,1,69,,27011,17,,,1,30,,27013,17,,,1,70,,27012,17,,,1,30,,27014,17,,,1,70,,27015,17,,,1,30,,27016,17,,,1,70,,27018,17,,,1,29,,27017,17,,,1
5901,'Samedi-2',715,,27019,17,,,1,30,,27026,17,,,1,71,,27023,17,,,1,30,,27028,17,,,1,70,,27020,17,,,1,30,,27025,17,,,1,70,,27024,17,,,1,30,,27027,17,,,1,70,,27031,17,,,1,30,,27032,17,,,1,70,,27021,17,,,1,30,,27022,17,,,1,70,,27030,17,,,1,30,,27029,17,,,1,71,,27033,17,,,1,30,,27034,17,,,1,70,,27035,17,,,1,30,,27036,17,,,1,70,,27037,17,,,1,30,,27038,17,,,1,70,,27039,17,,,1,30,,27040,17,,,1,70,,27041,17,,,1,29,,27042,17,,,1,69,,27043,17,,,1,30,,27045,17,,,1,70,,27044,17,,,1,30,,27046,17,,,1,70,,27047,17,,,1,30,,27048,17,,,1,70,,27050,17,,,1,29,,27049,17,,,1
5901,'Dimanche-2',715,,27057,17,,,1,30,,27060,17,,,1,71,,27062,17,,,1,30,,27053,17,,,1,70,,27056,17,,,1,30,,27059,17,,,1,70,,27063,17,,,1,30,,27051,17,,,1,70,,27054,17,,,1,30,,27068,17,,,1,70,,27061,17,,,1,30,,27052,17,,,1,70,,27055,17,,,1,30,,27058,17,,,1,71,,27065,17,,,1,30,,27064,17,,,1,70,,27067,17,,,1,30,,27069,17,,,1,70,,27066,17,,,1,30,,27075,17,,,1,70,,27076,17,,,1,30,,27072,17,,,1,70,,27071,17,,,1,29,,27081,17,,,1,69,,27078,17,,,1,30,,27079,17,,,1,70,,27070,17,,,1,30,,27073,17,,,1,70,,27077,17,,,1,30,,27074,17,,,1,70,,27080,17,,,1,29,,27082,17,,,1
5901,'Semaine-3',514,,27087,17,,,1,13,,27123,17,,,1,16,,27096,17,,,1,15,,27117,17,,,1,56,,27097,17,,,1,15,,27086,17,,,1,6,,27088,17,,,1,21,,27091,17,,,1,66,,27094,17,,,1,18,,27095,17,,,1,14,,27090,17,,,1,50,,27119,17,,,1,7,,27105,17,,,1,10,,27110,17,,,1,13,,27084,17,,,1,12,,27100,17,,,1,13,,27085,17,,,1,52,,27103,17,,,1,32,,27129,17,,,1,70,,27124,17,,,1,30,,27111,17,,,1,70,,27093,17,,,1,30,,27104,17,,,1,70,,27107,17,,,1,30,,27092,17,,,1,71,,27121,17,,,1,29,,27083,17,,,1,70,,27125,17,,,1,30,,27115,17,,,1,74,,27118,17,,,1,100,,27122,17,,,1,101,,27102,17,,,1,99,,27109,17,,,1,36,,27114,17,,,1,70,,27101,17,,,1,30,,27108,17,,,1,70,,27113,17,,,1,30,,27120,17,,,1,70,,27098,17,,,1,30,,27116,17,,,1,71,,27106,17,,,1,30,,27089,17,,,1,70,,27099,17,,,1,30,,27112,17,,,1
64701,'Semaine-3',1522,,30115,26,0,9 10,1
65501,'Semaine-3',1513,,30119,16,0,9 10,1
74001,'Semaine-3',819,,30128,31,0,5 11,1,2,,30129,31,0,5 11,1
75201,'Semaine-3',1503,,30132,3,0,9 18,1
75400,'Semaine-3',1502,,30134,3,0,9 18,1
80000,'Samedi-11',722,,30136,21,,,2,100,,30137,21,,,1,100,,30138,21,,,2,101,,30140,21,,,1,100,,30141,21,,,2,100,,30139,21,,,2,100,,30142,21,,,1,100,,30143,21,,,2,100,,30144,21,,,1,100,,30145,21,,,1,100,,30146,21,,,2,100,,30147,21,,,1,100,,30150,21,,,1,99,,30148,21,,,1,100,,30149,21,,,2,99,,30151,21,,,1,100,,30152,21,,,1
80000,'Samedi-2',722,,30153,21,,,2,100,,30154,21,,,1,100,,30155,21,,,2,101,,30157,21,,,1,100,,30158,21,,,2,100,,30156,21,,,2,100,,30159,21,,,1,100,,30160,21,,,2,100,,30161,21,,,1,100,,30162,21,,,1,100,,30163,21,,,2,100,,30164,21,,,1,100,,30167,21,,,1,99,,30165,21,,,1,100,,30166,21,,,2,99,,30168,21,,,1,100,,30169,21,,,1
80000,'Dimanche-2',722,,30174,21,,,2,100,,30170,21,,,1,100,,30175,21,,,2,101,,30171,21,,,1,100,,30172,21,,,2,100,,30176,21,,,2,100,,30173,21,,,1,100,,30178,21,,,2,100,,30177,21,,,1,100,,30179,21,,,1,100,,30182,21,,,2,100,,30180,21,,,1,100,,30181,21,,,1,99,,30183,21,,,1,100,,30184,21,,,2,99,,30186,21,,,1,100,,30185,21,,,1
80000,'Semaine-3',559,,30218,21,,,1,70,,30200,21,,,1,30,,30190,21,,,1,54,,30193,21,,,1,16,,30213,21,,,1,73,,30201,21,,,1,19,,30189,21,,,1,26,,30215,21,,,1,70,,30192,21,,,2,30,,30210,21,,,1,70,,30204,21,,,1,31,,30222,21,,,1,70,,30191,21,,,1,30,,30208,21,,,2,70,,30206,21,,,1,30,,30221,21,,,1,70,,30203,21,,,1,30,,30216,21,,,1,70,,30205,21,,,1,30,,30212,21,,,1,72,,30211,21,,,2,31,,30207,21,,,1,70,,30219,21,,,2,31,,30194,21,,,1,68,,30202,21,,,1,28,,30196,21,,,1,71,,30217,21,,,1,29,,30195,21,,,1,70,,30199,21,,,1,30,,30187,21,,,1,70,,30220,21,,,1,29,,30197,21,,,1,69,,30198,21,,,1,30,,30214,21,,,1,70,,30188,21,,,1,29,,30209,21,,,1
