9501,'Semaine-1-_26ÉTÉ-1111100-',533,,60211,7,,,1,15,,60207,7,,,1,55,,60209,7,,,1,15,,60214,7,,,2,15,,60210,7,,,2,15,,60212,7,,,2,57,,60213,7,,,1,13,,60208,7,,,2
9501,'Semaine-10-_26ÉTÉ-1111100-',533,,60219,7,,,1,15,,60215,7,,,1,55,,60217,7,,,1,15,,60222,7,,,2,15,,60218,7,,,2,15,,60220,7,,,2,57,,60221,7,,,1,13,,60216,7,,,2
9501,'Semaine-11-_26ÉTÉ-1111100-',533,,60227,7,,,1,15,,60223,7,,,1,55,,60225,7,,,1,15,,60230,7,,,2,15,,60226,7,,,2,15,,60228,7,,,2,57,,60229,7,,,1,13,,60224,7,,,2
9501,'Semaine-12-_26ÉTÉ-1111100-',533,,60235,7,,,1,15,,60231,7,,,1,55,,60233,7,,,1,15,,60238,7,,,2,15,,60234,7,,,2,15,,60236,7,,,2,57,,60237,7,,,1,13,,60232,7,,,2
9501,'Semaine-5-_26ÉTÉ-1111100-',533,,60243,7,,,1,15,,60239,7,,,1,55,,60241,7,,,1,15,,60246,7,,,2,15,,60242,7,,,2,15,,60244,7,,,2,57,,60245,7,,,1,13,,60240,7,,,2
9801,'Semaine-1-_26ÉTÉ-1111100-',503,,60564,7,,,1,10,,60565,7,,,1,10,,60566,7,,,1
9801,'Semaine-10-_26ÉTÉ-1111100-',503,,60567,7,,,1,10,,60568,7,,,1,10,,60569,7,,,1
9801,'Semaine-11-_26ÉTÉ-1111100-',503,,60570,7,,,1,10,,60571,7,,,1,10,,60572,7,,,1
9801,'Semaine-12-_26ÉTÉ-1111100-',503,,60573,7,,,1,10,,60574,7,,,1,10,,60575,7,,,1
9801,'Semaine-5-_26ÉTÉ-1111100-',503,,60576,7,,,1,10,,60577,7,,,1,10,,60578,7,,,1
