3200,'Semaine-4',643,,30614,28,,,1,70,,30613,28,,,1,30,,30609,28,,,1,72,,30611,28,,,1,29,,30610,28,,,1,70,,30612,28,,,1,30,,30585,28,,,1,70,,30580,28,,,2,30,,30581,28,,,2,70,,30592,28,,,1,30,,30586,28,,,1,68,,30572,28,,,1,31,,30573,28,,,1,71,,30584,28,,,1,30,,30587,28,,,1,69,,30593,28,,,1,31,,30574,28,,,1,70,,30619,28,,,1,17,,30571,28,,,2,10,,30601,28,,,1,12,,30591,28,,,1,50,,30597,28,,,1,10,,30598,28,,,1,10,,30616,28,,,1,10,,30617,28,,,1,10,,30618,28,,,1,10,,30615,28,,,2,50,,30588,28,,,2,10,,30599,28,,,1,10,,30607,28,,,1,10,,30600,28,,,2,8,,30577,28,,,2,9,,30608,28,,,2,51,,30594,28,,,1,10,,30596,28,,,2,10,,30595,28,,,2,19,,30589,28,,,1,65,,30583,28,,,1,30,,30578,28,,,2,70,,30575,28,,,1,30,,30590,28,,,1,68,,30582,28,,,1,32,,30579,28,,,2,70,,30576,28,,,1,30,,30602,28,,,1,70,,30603,28,,,1,26,,30604,28,,,2,70,,30605,28,,,1,29,,30606,28,,,1
3200,'Semaine-5',643,,35273,28,,,1,70,,35272,28,,,1,30,,35268,28,,,1,72,,35270,28,,,1,29,,35269,28,,,1,70,,35271,28,,,1,30,,35244,28,,,1,70,,35239,28,,,2,30,,35240,28,,,2,70,,35251,28,,,1,30,,35245,28,,,1,68,,35231,28,,,1,31,,35232,28,,,1,71,,35243,28,,,1,30,,35246,28,,,1,69,,35252,28,,,1,31,,35233,28,,,1,70,,35278,28,,,1,17,,35230,28,,,2,10,,35260,28,,,1,12,,35250,28,,,1,50,,35256,28,,,1,10,,35257,28,,,1,10,,35275,28,,,1,10,,35276,28,,,1,10,,35277,28,,,1,10,,35274,28,,,2,50,,35247,28,,,2,10,,35258,28,,,1,10,,35266,28,,,1,10,,35259,28,,,2,8,,35236,28,,,2,9,,35267,28,,,2,51,,35253,28,,,1,10,,35255,28,,,2,10,,35254,28,,,2,19,,35248,28,,,1,65,,35242,28,,,1,30,,35237,28,,,2,70,,35234,28,,,1,30,,35249,28,,,1,68,,35241,28,,,1,32,,35238,28,,,2,70,,35235,28,,,1,30,,35261,28,,,1,70,,35262,28,,,1,26,,35263,28,,,2,70,,35264,28,,,1,29,,35265,28,,,1
3400,'Samedi-3',752,,30828,42,,,1,104,,30833,42,,,1,70,,30829,42,,,2,31,,30835,42,,,1,70,,30836,42,,,1,31,,30830,42,,,1,70,,30831,42,,,1,30,,30832,42,,,1,70,,30834,42,,,2,31,,30837,42,,,1,70,,30839,42,,,1,71,,30838,42,,,2,30,,30840,42,,,1,70,,30841,42,,,1,30,,30842,42,,,1,29,,30843,42,,,1,70,,30844,42,,,1,71,,30845,42,,,1,30,,30846,42,,,1,70,,30847,42,,,1,30,,30848,42,,,1,28,,30849,42,,,1,68,,30850,42,,,2,30,,30851,42,,,1,70,,30852,42,,,1,30,,30853,42,,,1,70,,30854,42,,,1,30,,30855,42,,,1,70,,30856,42,,,1,29,,30858,42,,,1,71,,30857,42,,,1,29,,30860,42,,,1,70,,30859,42,,,1,27,,30861,42,,,1
3400,'Samedi-4',752,,35451,42,,,1,104,,35456,42,,,1,70,,35452,42,,,2,31,,35458,42,,,1,70,,35459,42,,,1,31,,35453,42,,,1,70,,35454,42,,,1,30,,35455,42,,,1,70,,35457,42,,,2,31,,35460,42,,,1,70,,35462,42,,,1,71,,35461,42,,,2,30,,35463,42,,,1,70,,35464,42,,,1,30,,35465,42,,,1,29,,35466,42,,,1,70,,35467,42,,,1,71,,35468,42,,,1,30,,35469,42,,,1,70,,35470,42,,,1,30,,35471,42,,,1,28,,35472,42,,,1,68,,35473,42,,,2,30,,35474,42,,,1,70,,35475,42,,,1,30,,35476,42,,,1,70,,35477,42,,,1,30,,35478,42,,,1,70,,35479,42,,,1,29,,35481,42,,,1,71,,35480,42,,,1,29,,35483,42,,,1,70,,35482,42,,,1,27,,35484,42,,,1
3400,'Dimanche-3',752,,30866,42,,,1,104,,30870,42,,,1,70,,30868,42,,,2,31,,30863,42,,,1,70,,30871,42,,,1,31,,30874,42,,,1,70,,30873,42,,,1,30,,30862,42,,,1,70,,30864,42,,,2,31,,30875,42,,,1,70,,30865,42,,,1,71,,30867,42,,,2,30,,30869,42,,,1,70,,30878,42,,,1,30,,30872,42,,,1,29,,30876,42,,,1,70,,30879,42,,,1,71,,30883,42,,,1,30,,30888,42,,,1,70,,30880,42,,,1,30,,30881,42,,,1,28,,30891,42,,,1,68,,30882,42,,,2,30,,30887,42,,,1,70,,30877,42,,,1,30,,30884,42,,,1,70,,30886,42,,,1,30,,30889,42,,,1,70,,30895,42,,,1,29,,30890,42,,,1,71,,30892,42,,,1,29,,30885,42,,,1,70,,30893,42,,,1,27,,30894,42,,,1
3400,'Semaine-4',633,,30926,42,,,1,69,,30911,42,,,1,33,,30905,42,,,1,77,,30909,42,,,1,27,,30900,42,,,1,69,,30920,42,,,1,30,,30906,42,,,1,67,,30896,42,,,1,30,,30901,42,,,1,70,,30902,42,,,1,30,,30907,42,,,1,70,,30897,42,,,1,31,,30927,42,,,1,70,,30903,42,,,1,30,,30908,42,,,1,70,,30898,42,,,1,33,,30924,42,,,1,70,,30899,42,,,1,26,,30925,42,,,2,305,,30923,42,,,2,60,,30912,42,,,1,27,,30904,42,,,1,30,,30916,42,,,1,70,,30922,42,,,1,30,,30913,42,,,2,69,,30915,42,,,1,30,,30917,42,,,1,70,,30910,42,,,1,30,,30919,42,,,1,69,,30914,42,,,1,28,,30918,42,,,1,70,,30921,42,,,1
3400,'Semaine-5',633,,35515,42,,,1,69,,35500,42,,,1,33,,35494,42,,,1,77,,35498,42,,,1,27,,35489,42,,,1,69,,35509,42,,,1,30,,35495,42,,,1,67,,35485,42,,,1,30,,35490,42,,,1,70,,35491,42,,,1,30,,35496,42,,,1,70,,35486,42,,,1,31,,35516,42,,,1,70,,35492,42,,,1,30,,35497,42,,,1,70,,35487,42,,,1,33,,35513,42,,,1,70,,35488,42,,,1,26,,35514,42,,,2,305,,35512,42,,,2,60,,35501,42,,,1,27,,35493,42,,,1,30,,35505,42,,,1,70,,35511,42,,,1,30,,35502,42,,,2,69,,35504,42,,,1,30,,35506,42,,,1,70,,35499,42,,,1,30,,35508,42,,,1,69,,35503,42,,,1,28,,35507,42,,,1,70,,35510,42,,,1
32600,'Semaine-4',1644,,34187,38,0,7 8,1
32600,'Semaine-5',1644,,38018,38,0,7 8,1
44901,'Semaine-4',1510,,34813,14,0,9 14,1
44901,'Semaine-5',1510,,38464,14,0,9 14,1
73400,'Semaine-4',1647,,34853,36,0,5 11,1
73400,'Semaine-5',1647,,38504,36,0,5 11,1
82600,'Semaine-4',1546,,35011,28,0,9 12 13,1
82600,'Semaine-5',1546,,38630,28,0,9 12 13,1
