4100,'Semaine-1-_26ÉTÉ-1111100-',1602,,51789,51,,,2,29,,51791,51,,,1,76,,51790,51,,,2,25,,51788,51,,,1,69,,51792,51,,,1
4100,'Semaine-10-_26ÉTÉ-1111100-',1602,,51794,51,,,2,29,,51796,51,,,1,76,,51795,51,,,2,25,,51793,51,,,1,69,,51797,51,,,1
4100,'Semaine-11-_26ÉTÉ-1111100-',1602,,51799,51,,,2,29,,51801,51,,,1,76,,51800,51,,,2,25,,51798,51,,,1,69,,51802,51,,,1
4100,'Semaine-12-_26ÉTÉ-1111100-',1602,,51804,51,,,2,29,,51806,51,,,1,76,,51805,51,,,2,25,,51803,51,,,1,69,,51807,51,,,1
80001,'Samedi-0-_26ÉTÉ-0000010-',655,,63203,54,,,1,100,,63205,54,,,1,100,,63206,54,,,2,100,,63209,54,,,1,103,,63204,54,,,2,100,,63207,54,,,1,100,,63210,54,,,1,99,,63208,54,,,2,100,,63211,54,,,1,100,,63212,54,,,1,100,,63213,54,,,2,100,,63214,54,,,1,97,,63217,54,,,1,100,,63215,54,,,2,100,,63216,54,,,2,100,,63218,54,,,1,100,,63219,54,,,1
80001,'Dimanche-0-_26ÉTÉ-0000001-',655,,63220,54,,,1,100,,63221,54,,,1,100,,63225,54,,,2,100,,63222,54,,,1,103,,63226,54,,,2,100,,63223,54,,,1,100,,63224,54,,,1,99,,63228,54,,,2,100,,63227,54,,,1,100,,63229,54,,,1,100,,63231,54,,,2,100,,63232,54,,,1,97,,63233,54,,,1,100,,63230,54,,,2,100,,63234,54,,,2,100,,63235,54,,,1,100,,63236,54,,,1
80001,'Dimanche-10-_26ÉTÉ-0000001-',655,,63237,54,,,1,100,,63238,54,,,1,100,,63242,54,,,2,100,,63239,54,,,1,103,,63243,54,,,2,100,,63240,54,,,1,100,,63241,54,,,1,99,,63245,54,,,2,100,,63244,54,,,1,100,,63246,54,,,1,100,,63248,54,,,2,100,,63249,54,,,1,97,,63250,54,,,1,100,,63247,54,,,2,100,,63251,54,,,2,100,,63252,54,,,1,100,,63253,54,,,1
80001,'Dimanche-11-_26ÉTÉ-0000001-',655,,63254,54,,,1,100,,63255,54,,,1,100,,63259,54,,,2,100,,63256,54,,,1,103,,63260,54,,,2,100,,63257,54,,,1,100,,63258,54,,,1,99,,63262,54,,,2,100,,63261,54,,,1,100,,63263,54,,,1,100,,63265,54,,,2,100,,63266,54,,,1,97,,63267,54,,,1,100,,63264,54,,,2,100,,63268,54,,,2,100,,63269,54,,,1,100,,63270,54,,,1
80001,'Semaine-1-_26ÉTÉ-1111100-',646,,63293,54,,,1,71,,63279,54,,,1,35,,63299,54,,,1,67,,63283,54,,,2,31,,63273,54,,,2,66,,63290,54,,,2,29,,63287,54,,,2,70,,63295,54,,,1,30,,63300,54,,,2,70,,63286,54,,,1,30,,63294,54,,,1,70,,63276,54,,,1,30,,63304,54,,,1,70,,63303,54,,,2,34,,63274,54,,,2,70,,63297,54,,,1,30,,63285,54,,,1,71,,63291,54,,,1,33,,63301,54,,,1,69,,63288,54,,,2,18,,63298,54,,,1,60,,63305,54,,,2,28,,63296,54,,,1,26,,63289,54,,,1,69,,63277,54,,,1,25,,63281,54,,,1,67,,63271,54,,,1,30,,63302,54,,,1,70,,63278,54,,,1,27,,63280,54,,,1,69,,63284,54,,,1,30,,63272,54,,,2,70,,63292,54,,,1,31,,63275,54,,,1,70,,63282,54,,,1
80001,'Semaine-10-_26ÉTÉ-1111100-',646,,63328,54,,,1,71,,63314,54,,,1,35,,63334,54,,,1,67,,63318,54,,,2,31,,63308,54,,,2,66,,63325,54,,,2,29,,63322,54,,,2,70,,63330,54,,,1,30,,63335,54,,,2,70,,63321,54,,,1,30,,63329,54,,,1,70,,63311,54,,,1,30,,63339,54,,,1,70,,63338,54,,,2,34,,63309,54,,,2,70,,63332,54,,,1,30,,63320,54,,,1,71,,63326,54,,,1,33,,63336,54,,,1,69,,63323,54,,,2,18,,63333,54,,,1,60,,63340,54,,,2,28,,63331,54,,,1,26,,63324,54,,,1,69,,63312,54,,,1,25,,63316,54,,,1,67,,63306,54,,,1,30,,63337,54,,,1,70,,63313,54,,,1,27,,63315,54,,,1,69,,63319,54,,,1,30,,63307,54,,,2,70,,63327,54,,,1,31,,63310,54,,,1,70,,63317,54,,,1
80001,'Semaine-11-_26ÉTÉ-1111100-',646,,63363,54,,,1,71,,63349,54,,,1,35,,63369,54,,,1,67,,63353,54,,,2,31,,63343,54,,,2,66,,63360,54,,,2,29,,63357,54,,,2,70,,63365,54,,,1,30,,63370,54,,,2,70,,63356,54,,,1,30,,63364,54,,,1,70,,63346,54,,,1,30,,63374,54,,,1,70,,63373,54,,,2,34,,63344,54,,,2,70,,63367,54,,,1,30,,63355,54,,,1,71,,63361,54,,,1,33,,63371,54,,,1,69,,63358,54,,,2,18,,63368,54,,,1,60,,63375,54,,,2,28,,63366,54,,,1,26,,63359,54,,,1,69,,63347,54,,,1,25,,63351,54,,,1,67,,63341,54,,,1,30,,63372,54,,,1,70,,63348,54,,,1,27,,63350,54,,,1,69,,63354,54,,,1,30,,63342,54,,,2,70,,63362,54,,,1,31,,63345,54,,,1,70,,63352,54,,,1
80001,'Semaine-12-_26ÉTÉ-1111100-',646,,63398,54,,,1,71,,63384,54,,,1,35,,63404,54,,,1,67,,63388,54,,,2,31,,63378,54,,,2,66,,63395,54,,,2,29,,63392,54,,,2,70,,63400,54,,,1,30,,63405,54,,,2,70,,63391,54,,,1,30,,63399,54,,,1,70,,63381,54,,,1,30,,63409,54,,,1,70,,63408,54,,,2,34,,63379,54,,,2,70,,63402,54,,,1,30,,63390,54,,,1,71,,63396,54,,,1,33,,63406,54,,,1,69,,63393,54,,,2,18,,63403,54,,,1,60,,63410,54,,,2,28,,63401,54,,,1,26,,63394,54,,,1,69,,63382,54,,,1,25,,63386,54,,,1,67,,63376,54,,,1,30,,63407,54,,,1,70,,63383,54,,,1,27,,63385,54,,,1,69,,63389,54,,,1,30,,63377,54,,,2,70,,63397,54,,,1,31,,63380,54,,,1,70,,63387,54,,,1
