4501,'Semaine-4',628,,31645,18,,,1,29,,31649,18,,,1,72,,31648,18,,,2,30,,31647,18,,,1,68,,31650,18,,,2,31,,31646,18,,,1
4501,'Semaine-2-_26ÉTÉ-1111100-',628,,41139,18,,,2,74,,41143,18,,,1,27,,41142,18,,,2,30,,41141,18,,,1,68,,41144,18,,,1,31,,41140,18,,,2
4501,'Semaine-3-_26ÉTÉ-1111100-',628,,41145,18,,,2,74,,41149,18,,,1,27,,41148,18,,,2,30,,41147,18,,,1,68,,41150,18,,,1,31,,41146,18,,,2
4501,'Semaine-4-_26ÉTÉ-1111100-',628,,41151,18,,,2,74,,41155,18,,,1,27,,41154,18,,,2,30,,41153,18,,,1,68,,41156,18,,,1,31,,41152,18,,,2
5201,'Samedi-3',658,,31863,42,,,2,100,,31864,42,,,1,101,,31865,42,,,2,100,,31866,42,,,1,142,,31868,42,,,1,100,,31867,42,,,1,100,,31869,42,,,1,100,,31870,42,,,1,101,,31871,42,,,1,99,,31872,42,,,1,100,,31873,42,,,1,100,,31874,42,,,1,99,,31877,42,,,1,100,,31875,42,,,1,57,,31879,42,,,2,101,,31876,42,,,1,100,,31878,42,,,1,100,,31880,42,,,1
5201,'Dimanche-3',658,,31881,42,,,2,100,,31882,42,,,1,101,,31883,42,,,2,100,,31884,42,,,1,142,,31889,42,,,1,100,,31885,42,,,1,100,,31886,42,,,1,100,,31890,42,,,1,101,,31887,42,,,1,99,,31888,42,,,1,100,,31891,42,,,1,100,,31894,42,,,1,99,,31892,42,,,1,100,,31898,42,,,1,57,,31893,42,,,2,101,,31895,42,,,1,100,,31896,42,,,1,100,,31897,42,,,1
5201,'Semaine-4',629,,31914,42,,,1,102,,31916,42,,,1,100,,31915,42,,,2,99,,31899,42,,,1,101,,31905,42,,,2,100,,31902,42,,,1,102,,31909,42,,,2,98,,31900,42,,,1,100,,31904,42,,,1,100,,31903,42,,,1,102,,31913,42,,,1,100,,31912,42,,,1,98,,31906,42,,,1,97,,31907,42,,,1,100,,31911,42,,,2,100,,31908,42,,,1,100,,31910,42,,,1,100,,31901,42,,,1
5201,'Samedi-10-_26ÉTÉ-0000010-',658,,41512,42,,,2,100,,41513,42,,,1,101,,41514,42,,,2,100,,41515,42,,,1,142,,41517,42,,,1,100,,41516,42,,,1,100,,41518,42,,,2,100,,41519,42,,,1,101,,41520,42,,,2,99,,41521,42,,,1,100,,41522,42,,,1,100,,41523,42,,,1,99,,41526,42,,,1,100,,41524,42,,,1,57,,41528,42,,,2,101,,41525,42,,,1,100,,41527,42,,,1,100,,41529,42,,,1
5201,'Semaine-2-_26ÉTÉ-1111100-',629,,41545,42,,,1,102,,41547,42,,,1,99,,41546,42,,,1,100,,41530,42,,,1,101,,41536,42,,,1,100,,41533,42,,,2,100,,41540,42,,,1,100,,41531,42,,,1,100,,41535,42,,,1,102,,41534,42,,,1,100,,41544,42,,,1,100,,41543,42,,,1,98,,41537,42,,,1,97,,41538,42,,,1,100,,41542,42,,,1,100,,41539,42,,,1,100,,41541,42,,,1,100,,41532,42,,,1
5201,'Semaine-3-_26ÉTÉ-1111100-',629,,41563,42,,,1,102,,41565,42,,,1,99,,41564,42,,,1,100,,41548,42,,,1,101,,41554,42,,,1,100,,41551,42,,,2,100,,41558,42,,,1,100,,41549,42,,,1,100,,41553,42,,,1,102,,41552,42,,,1,100,,41562,42,,,1,100,,41561,42,,,1,98,,41555,42,,,1,97,,41556,42,,,1,100,,41560,42,,,1,100,,41557,42,,,1,100,,41559,42,,,1,100,,41550,42,,,1
5201,'Semaine-4-_26ÉTÉ-1111100-',629,,41581,42,,,1,102,,41583,42,,,1,99,,41582,42,,,1,100,,41566,42,,,1,101,,41572,42,,,1,100,,41569,42,,,2,100,,41576,42,,,1,100,,41567,42,,,1,100,,41571,42,,,1,102,,41570,42,,,1,100,,41580,42,,,1,100,,41579,42,,,1,98,,41573,42,,,1,97,,41574,42,,,1,100,,41578,42,,,1,100,,41575,42,,,1,100,,41577,42,,,1,100,,41568,42,,,1
64500,'Semaine-4',712,,34842,12,0,9 10,1
64500,'Semaine-2-_26ÉTÉ-1111100-',712,,46788,12,0,9 10,1
64500,'Semaine-3-_26ÉTÉ-1111100-',712,,46789,12,0,9 10,1
64500,'Semaine-4-_26ÉTÉ-1111100-',712,,46790,12,0,9 10,1
75200,'Semaine-4',718,,34860,5,0,9 18,1
75200,'Semaine-2-_26ÉTÉ-1111100-',718,,46803,5,0,9 18,1
75200,'Semaine-3-_26ÉTÉ-1111100-',718,,46804,5,0,9 18,1
75200,'Semaine-4-_26ÉTÉ-1111100-',718,,46805,5,0,9 18,1
