7601,'Samedi-0-_26ÉTÉ-0000010-',707,,59105,5,,,1,100,,59108,5,,,2,100,,59107,5,,,1,100,,59111,5,,,1,100,,59110,5,,,1,100,,59109,5,,,2,100,,59106,5,,,1,100,,59112,5,,,1,100,,59113,5,,,2,100,,59114,5,,,1,100,,59115,5,,,2,100,,59116,5,,,1,100,,59117,5,,,1,100,,59118,5,,,2,100,,59119,5,,,2,100,,59120,5,,,2
7601,'Dimanche-0-_26ÉTÉ-0000001-',707,,59123,5,,,1,100,,59126,5,,,2,100,,59124,5,,,1,100,,59125,5,,,1,100,,59128,5,,,1,100,,59121,5,,,2,100,,59127,5,,,1,100,,59122,5,,,1,100,,59130,5,,,2,100,,59134,5,,,1,100,,59131,5,,,2,100,,59136,5,,,1,100,,59129,5,,,1,100,,59132,5,,,2,100,,59135,5,,,2,100,,59133,5,,,2
7601,'Dimanche-10-_26ÉTÉ-0000001-',707,,59139,5,,,1,100,,59142,5,,,2,100,,59140,5,,,1,100,,59141,5,,,1,100,,59144,5,,,1,100,,59137,5,,,2,100,,59143,5,,,1,100,,59138,5,,,1,100,,59146,5,,,2,100,,59150,5,,,1,100,,59147,5,,,2,100,,59152,5,,,1,100,,59145,5,,,1,100,,59148,5,,,2,100,,59151,5,,,2,100,,59149,5,,,2
7601,'Dimanche-11-_26ÉTÉ-0000001-',707,,59155,5,,,1,100,,59158,5,,,2,100,,59156,5,,,1,100,,59157,5,,,1,100,,59160,5,,,1,100,,59153,5,,,2,100,,59159,5,,,1,100,,59154,5,,,1,100,,59162,5,,,2,100,,59166,5,,,1,100,,59163,5,,,2,100,,59168,5,,,1,100,,59161,5,,,1,100,,59164,5,,,2,100,,59167,5,,,2,100,,59165,5,,,2
7601,'Semaine-1-_26ÉTÉ-1111100-',626,,59180,5,,,2,15,,59169,5,,,2,59,,59195,5,,,2,22,,59184,5,,,2,20,,59196,5,,,2,60,,59186,5,,,1,19,,59193,5,,,2,30,,59194,5,,,2,70,,59187,5,,,2,30,,59192,5,,,1,70,,59199,5,,,1,30,,59197,5,,,1,70,,59172,5,,,2,30,,59200,5,,,2,70,,59173,5,,,1,30,,59188,5,,,1,70,,59174,5,,,1,30,,59170,5,,,1,70,,59175,5,,,1,30,,59171,5,,,2,73,,59198,5,,,1,28,,59181,5,,,2,70,,59183,5,,,2,25,,59182,5,,,1,67,,59185,5,,,1,23,,59190,5,,,1,65,,59189,5,,,1,29,,59191,5,,,1,85,,59176,5,,,1,100,,59177,5,,,1,100,,59178,5,,,1,100,,59179,5,,,1
7601,'Semaine-10-_26ÉTÉ-1111100-',626,,59212,5,,,2,15,,59201,5,,,2,59,,59227,5,,,2,22,,59216,5,,,2,20,,59228,5,,,2,60,,59218,5,,,1,19,,59225,5,,,2,30,,59226,5,,,2,70,,59219,5,,,2,30,,59224,5,,,1,70,,59231,5,,,1,30,,59229,5,,,1,70,,59204,5,,,2,30,,59232,5,,,2,70,,59205,5,,,1,30,,59220,5,,,1,70,,59206,5,,,1,30,,59202,5,,,1,70,,59207,5,,,1,30,,59203,5,,,2,73,,59230,5,,,1,28,,59213,5,,,2,70,,59215,5,,,2,25,,59214,5,,,1,67,,59217,5,,,1,23,,59222,5,,,1,65,,59221,5,,,1,29,,59223,5,,,1,85,,59208,5,,,1,100,,59209,5,,,1,100,,59210,5,,,1,100,,59211,5,,,1
7601,'Semaine-11-_26ÉTÉ-1111100-',626,,59244,5,,,2,15,,59233,5,,,2,59,,59259,5,,,2,22,,59248,5,,,2,20,,59260,5,,,2,60,,59250,5,,,1,19,,59257,5,,,2,30,,59258,5,,,2,70,,59251,5,,,2,30,,59256,5,,,1,70,,59263,5,,,1,30,,59261,5,,,1,70,,59236,5,,,2,30,,59264,5,,,2,70,,59237,5,,,1,30,,59252,5,,,1,70,,59238,5,,,1,30,,59234,5,,,1,70,,59239,5,,,1,30,,59235,5,,,2,73,,59262,5,,,1,28,,59245,5,,,2,70,,59247,5,,,2,25,,59246,5,,,1,67,,59249,5,,,1,23,,59254,5,,,1,65,,59253,5,,,1,29,,59255,5,,,1,85,,59240,5,,,1,100,,59241,5,,,1,100,,59242,5,,,1,100,,59243,5,,,1
7601,'Semaine-12-_26ÉTÉ-1111100-',626,,59276,5,,,2,15,,59265,5,,,2,59,,59291,5,,,2,22,,59280,5,,,2,20,,59292,5,,,2,60,,59282,5,,,1,19,,59289,5,,,2,30,,59290,5,,,2,70,,59283,5,,,2,30,,59288,5,,,1,70,,59295,5,,,1,30,,59293,5,,,1,70,,59268,5,,,2,30,,59296,5,,,2,70,,59269,5,,,1,30,,59284,5,,,1,70,,59270,5,,,1,30,,59266,5,,,1,70,,59271,5,,,1,30,,59267,5,,,2,73,,59294,5,,,1,28,,59277,5,,,2,70,,59279,5,,,2,25,,59278,5,,,1,67,,59281,5,,,1,23,,59286,5,,,1,65,,59285,5,,,1,29,,59287,5,,,1,85,,59272,5,,,1,100,,59273,5,,,1,100,,59274,5,,,1,100,,59275,5,,,1
7601,'Semaine-5-_26ÉTÉ-1111100-',626,,59308,5,,,2,15,,59297,5,,,2,59,,59323,5,,,2,22,,59312,5,,,2,20,,59324,5,,,2,60,,59314,5,,,1,19,,59321,5,,,2,30,,59322,5,,,2,70,,59315,5,,,2,30,,59320,5,,,1,70,,59327,5,,,1,30,,59325,5,,,1,70,,59300,5,,,2,30,,59328,5,,,2,70,,59301,5,,,1,30,,59316,5,,,1,70,,59302,5,,,1,30,,59298,5,,,1,70,,59303,5,,,1,30,,59299,5,,,2,73,,59326,5,,,1,28,,59309,5,,,2,70,,59311,5,,,2,25,,59310,5,,,1,67,,59313,5,,,1,23,,59318,5,,,1,65,,59317,5,,,1,29,,59319,5,,,1,85,,59304,5,,,1,100,,59305,5,,,1,100,,59306,5,,,1,100,,59307,5,,,1
57601,'Semaine-5-_26ÉTÉ-1111100-',704,,62951,7,,,2
