3201,'Semaine-4',510,,30667,6,,,1,21,,30666,6,,,1,19,,30658,6,,,1,60,,30668,6,,,1,9,,30648,6,,,1,9,,30669,6,,,1,10,,30649,6,,,2,10,,30650,6,,,1,9,,30642,6,,,1,49,,30645,6,,,1,7,,30671,6,,,1,9,,30651,6,,,1,9,,30646,6,,,1,9,,30659,6,,,1,8,,30641,6,,,2,6,,30652,6,,,1,48,,30670,6,,,1,8,,30640,6,,,1,11,,30639,6,,,1,10,,30644,6,,,1,9,,30647,6,,,1,10,,30653,6,,,2,61,,30627,6,,,2,30,,30637,6,,,1,70,,30630,6,,,1,30,,30633,6,,,2,70,,30626,6,,,2,30,,30636,6,,,1,70,,30631,6,,,1,30,,30638,6,,,1,71,,30620,6,,,1,29,,30625,6,,,1,70,,30632,6,,,1,30,,30643,6,,,1,70,,30660,6,,,1,30,,30661,6,,,1,70,,30662,6,,,2,30,,30663,6,,,2,71,,30664,6,,,1,29,,30665,6,,,1,70,,30623,6,,,2,30,,30621,6,,,1,71,,30634,6,,,1,30,,30629,6,,,1,70,,30624,6,,,2,30,,30622,6,,,1,70,,30635,6,,,1,30,,30628,6,,,1,70,,30655,6,,,2,30,,30654,6,,,1,70,,30656,6,,,1,30,,30657,6,,,1
3401,'Samedi-3',651,,30928,13,,,1,100,,30931,13,,,2,70,,30940,13,,,1,33,,30929,13,,,1,67,,30934,13,,,1,30,,30936,13,,,1,72,,30930,13,,,2,30,,30939,13,,,1,71,,30932,13,,,1,30,,30941,13,,,1,68,,30933,13,,,1,30,,30935,13,,,1,70,,30937,13,,,2,30,,30938,13,,,2,70,,30942,13,,,1,30,,30943,13,,,2,70,,30944,13,,,1,30,,30945,13,,,1,71,,30946,13,,,1,31,,30947,13,,,1,70,,30948,13,,,2,31,,30949,13,,,1,67,,30950,13,,,1,30,,30952,13,,,1,71,,30951,13,,,2,30,,30953,13,,,1,70,,30954,13,,,1,28,,30955,13,,,1,70,,30957,13,,,1,30,,30956,13,,,1,70,,30958,13,,,1,99,,30959,13,,,1
3401,'Samedi-4',651,,35517,13,,,1,100,,35520,13,,,2,70,,35529,13,,,1,33,,35518,13,,,1,67,,35523,13,,,1,30,,35525,13,,,1,72,,35519,13,,,2,30,,35528,13,,,1,71,,35521,13,,,1,30,,35530,13,,,1,68,,35522,13,,,1,30,,35524,13,,,1,70,,35526,13,,,2,30,,35527,13,,,2,70,,35531,13,,,1,30,,35532,13,,,2,70,,35533,13,,,1,30,,35534,13,,,1,71,,35535,13,,,1,31,,35536,13,,,1,70,,35537,13,,,2,31,,35538,13,,,1,67,,35539,13,,,1,30,,35541,13,,,1,71,,35540,13,,,2,30,,35542,13,,,1,70,,35543,13,,,1,28,,35544,13,,,1,70,,35546,13,,,1,30,,35545,13,,,1,70,,35547,13,,,1,99,,35548,13,,,1
3401,'Dimanche-3',651,,30961,13,,,1,100,,30972,13,,,2,70,,30965,13,,,1,33,,30968,13,,,1,67,,30967,13,,,1,30,,30976,13,,,1,72,,30973,13,,,2,30,,30960,13,,,1,71,,30971,13,,,1,30,,30964,13,,,1,68,,30962,13,,,1,30,,30963,13,,,1,70,,30966,13,,,2,30,,30974,13,,,2,70,,30970,13,,,1,30,,30969,13,,,2,70,,30975,13,,,1,30,,30980,13,,,1,71,,30978,13,,,1,31,,30984,13,,,1,70,,30987,13,,,2,31,,30977,13,,,1,67,,30986,13,,,1,30,,30979,13,,,1,71,,30983,13,,,2,30,,30990,13,,,1,70,,30982,13,,,1,28,,30981,13,,,1,70,,30988,13,,,1,30,,30989,13,,,1,70,,30985,13,,,1,99,,30991,13,,,1
3401,'Semaine-4',859,,31017,13,,,1,67,,30997,13,,,1,30,,31001,13,,,1,70,,31021,13,,,1,30,,30994,13,,,1,70,,30998,13,,,1,30,,31002,13,,,1,70,,30992,13,,,1,30,,30995,13,,,1,70,,30999,13,,,1,31,,31003,13,,,1,70,,30996,13,,,1,30,,31018,13,,,2,69,,30993,13,,,1,29,,31019,13,,,1,71,,31020,13,,,2,29,,31014,13,,,1,71,,31010,13,,,1,30,,31000,13,,,1,70,,31007,13,,,1,30,,31016,13,,,1,71,,31004,13,,,1,30,,31006,13,,,1,70,,31008,13,,,1,30,,31012,13,,,1,70,,31005,13,,,1,30,,31011,13,,,1,70,,31009,13,,,1,30,,31013,13,,,1,70,,31015,13,,,1
4900,'Samedi-3',729,,31662,29,,,1,100,,31663,29,,,1,104,,31660,29,,,1,100,,31664,29,,,1,100,,31661,29,,,1,100,,31665,29,,,1,99,,31666,29,,,1,104,,31667,29,,,1,97,,31668,29,,,1,100,,31669,29,,,1,100,,31670,29,,,1,96,,31671,29,,,1,100,,31672,29,,,1,100,,31673,29,,,1,100,,31674,29,,,1,100,,31675,29,,,1,100,,31676,29,,,1
4900,'Samedi-4',729,,36070,29,,,1,100,,36071,29,,,1,104,,36068,29,,,1,100,,36072,29,,,1,100,,36069,29,,,1,100,,36073,29,,,1,99,,36074,29,,,1,104,,36075,29,,,1,97,,36076,29,,,1,100,,36077,29,,,1,100,,36078,29,,,1,96,,36079,29,,,1,100,,36080,29,,,1,100,,36081,29,,,1,100,,36082,29,,,1,100,,36083,29,,,1,100,,36084,29,,,1
4900,'Dimanche-3',729,,31677,29,,,1,100,,31680,29,,,1,104,,31678,29,,,1,100,,31681,29,,,1,100,,31683,29,,,1,100,,31687,29,,,1,99,,31685,29,,,1,104,,31684,29,,,1,97,,31679,29,,,1,100,,31689,29,,,1,100,,31686,29,,,1,96,,31688,29,,,1,100,,31693,29,,,1,100,,31682,29,,,1,100,,31691,29,,,1,100,,31692,29,,,1,100,,31690,29,,,1
4900,'Semaine-4',649,,31721,29,,,1,9,,31716,16,,,1,45,,31728,16,,,1,3,,31704,16,,,1,3,,31732,29,,,1,2,,31727,16,,,1,3,,31729,16,,,1,3,,31731,16,,,1,5,,31730,16,,,1,15,,31724,29,,,1,72,,31725,29,,,1,7,,31720,16,,,1,31,,31719,29,,,1,69,,31714,29,,,1,32,,31706,29,,,1,72,,31726,29,,,1,32,,31722,29,,,1,70,,31717,29,,,1,30,,31694,29,,,1,70,,31715,29,,,1,30,,31696,29,,,1,70,,31701,29,,,1,30,,31703,29,,,1,69,,31707,29,,,1,31,,31723,29,,,1,76,,31705,29,,,1,30,,31708,29,,,1,70,,31699,29,,,1,30,,31711,29,,,1,70,,31702,29,,,1,27,,31700,29,,,1,70,,31718,29,,,1,27,,31712,29,,,1,98,,31695,29,,,1,100,,31713,29,,,1,100,,31710,29,,,1,97,,31697,29,,,1,98,,31709,29,,,1,100,,31698,29,,,1
32601,'Semaine-4',809,,34188,4,0,7 8,1
44900,'Semaine-4',715,,34812,15,0,9 14,1
63900,'Semaine-4',1514,,34833,13,0,9 10,1
82601,'Semaine-4',729,,35012,4,0,9 12 13,1,1,,35013,4,0,9 12 13,1
