6401,'Samedi-3',739,,32579,42,,,1,100,,32576,42,,,1,100,,32578,42,,,1,100,,32581,42,,,1,100,,32577,42,,,2,100,,32582,42,,,1,100,,32580,42,,,1,100,,32583,42,,,2,100,,32584,42,,,1,100,,32585,42,,,1,100,,32586,42,,,1
6401,'Dimanche-3',739,,32591,42,,,1,100,,32589,42,,,1,100,,32594,42,,,1,100,,32587,42,,,1,100,,32593,42,,,2,100,,32595,42,,,1,100,,32588,42,,,1,100,,32592,42,,,2,100,,32590,42,,,1,100,,32596,42,,,1,100,,32597,42,,,1
6401,'Semaine-4',538,,32598,42,,,1,108,,32608,42,,,1,100,,32610,42,,,1,100,,32607,42,,,1,97,,32615,42,,,1,99,,32602,42,,,1,101,,32601,42,,,1,100,,32613,42,,,1,100,,32609,42,,,1,100,,32611,42,,,1,157,,32612,51,,,2,45,,32603,42,,,2,97,,32599,42,,,1,101,,32600,42,,,2,97,,32606,42,,,1,100,,32604,42,,,1,100,,32605,42,,,1,100,,32614,42,,,1
6401,'Samedi-10-_26ÉTÉ-0000010-',739,,42752,42,,,1,100,,42749,42,,,1,100,,42751,42,,,1,100,,42754,42,,,1,100,,42750,42,,,2,100,,42755,42,,,1,100,,42753,42,,,1,100,,42756,42,,,2,100,,42757,42,,,1,100,,42758,42,,,1,100,,42759,42,,,1
6401,'Semaine-2-_26ÉTÉ-1111100-',538,,42760,42,,,1,108,,42770,42,,,2,100,,42772,42,,,2,100,,42769,42,,,2,97,,42777,42,,,2,100,,42764,42,,,2,100,,42763,42,,,2,100,,42775,42,,,1,100,,42771,42,,,1,100,,42773,42,,,1,115,,42774,42,,,1,87,,42765,42,,,1,98,,42761,42,,,1,100,,42762,42,,,1,97,,42768,42,,,1,100,,42766,42,,,1,100,,42767,42,,,1,100,,42776,42,,,1
6401,'Semaine-3-_26ÉTÉ-1111100-',538,,42778,42,,,1,108,,42788,42,,,2,100,,42790,42,,,2,100,,42787,42,,,2,97,,42795,42,,,2,100,,42782,42,,,2,100,,42781,42,,,2,100,,42793,42,,,1,100,,42789,42,,,1,100,,42791,42,,,1,115,,42792,42,,,1,87,,42783,42,,,1,98,,42779,42,,,1,100,,42780,42,,,1,97,,42786,42,,,1,100,,42784,42,,,1,100,,42785,42,,,1,100,,42794,42,,,1
6401,'Semaine-4-_26ÉTÉ-1111100-',538,,42796,42,,,1,108,,42806,42,,,2,100,,42808,42,,,2,100,,42805,42,,,2,97,,42813,42,,,2,100,,42800,42,,,2,100,,42799,42,,,2,100,,42811,42,,,1,100,,42807,42,,,1,100,,42809,42,,,1,115,,42810,42,,,1,87,,42801,42,,,1,98,,42797,42,,,1,100,,42798,42,,,1,97,,42804,42,,,1,100,,42802,42,,,1,100,,42803,42,,,1,100,,42812,42,,,1
6601,'Samedi-3',705,,32817,42,,,1,100,,32819,42,,,1,100,,32823,42,,,1,100,,32820,42,,,2,100,,32824,42,,,1,100,,32818,42,,,1,100,,32821,42,,,1,100,,32822,42,,,1,100,,32825,42,,,2,100,,32826,42,,,1,100,,32827,42,,,1,100,,32828,42,,,1,100,,32829,42,,,1,100,,32831,42,,,1,100,,32830,42,,,1,100,,32832,42,,,1,100,,32833,42,,,1,100,,32834,42,,,2
6601,'Dimanche-3',705,,32836,42,,,1,100,,32840,42,,,1,100,,32841,42,,,1,100,,32842,42,,,2,100,,32844,42,,,1,100,,32835,42,,,1,100,,32843,42,,,1,100,,32837,42,,,1,100,,32838,42,,,2,100,,32839,42,,,1,100,,32848,42,,,1,100,,32850,42,,,1,100,,32846,42,,,1,100,,32847,42,,,1,100,,32845,42,,,1,100,,32849,42,,,1,100,,32851,42,,,1,100,,32852,42,,,2
6601,'Semaine-4',556,,32862,42,,,1,60,,32855,42,,,1,20,,32864,42,,,2,18,,32870,42,,,1,60,,32865,42,,,1,20,,32856,42,,,1,22,,32868,42,,,1,60,,32861,42,,,1,18,,32877,42,,,2,20,,32854,42,,,1,60,,32867,42,,,1,18,,32878,42,,,1,19,,32886,42,,,1,103,,32866,42,,,1,99,,32858,42,,,1,101,,32882,42,,,1,98,,32883,42,,,1,101,,32869,42,,,1,65,,32857,42,,,1,19,,32874,42,,,1,18,,32871,42,,,1,63,,32884,42,,,1,18,,32853,42,,,1,20,,32879,42,,,1,62,,32872,42,,,1,18,,32885,42,,,2,20,,32875,42,,,1,62,,32880,42,,,1,17,,32873,42,,,2,22,,32881,42,,,1,58,,32887,42,,,1,92,,32860,42,,,1,100,,32859,42,,,1,98,,32863,42,,,1,100,,32876,42,,,1
6601,'Samedi-10-_26ÉTÉ-0000010-',705,,43162,42,,,1,100,,43164,42,,,1,100,,43168,42,,,1,100,,43165,42,,,2,100,,43169,42,,,1,100,,43163,42,,,1,100,,43166,42,,,1,100,,43167,42,,,1,100,,43170,42,,,2,100,,43171,42,,,1,100,,43172,42,,,1,100,,43173,42,,,1,100,,43174,42,,,1,100,,43176,42,,,1,100,,43175,42,,,1,100,,43177,42,,,1,100,,43178,42,,,1,100,,43179,42,,,2
6601,'Semaine-2-_26ÉTÉ-1111100-',556,,43189,42,,,2,60,,43182,42,,,2,20,,43191,42,,,2,16,,43197,42,,,1,60,,43192,42,,,2,20,,43183,42,,,2,20,,43195,42,,,2,60,,43188,42,,,2,20,,43204,42,,,1,20,,43181,42,,,2,60,,43194,42,,,2,20,,43205,42,,,2,20,,43213,42,,,2,102,,43193,42,,,1,100,,43185,42,,,2,100,,43209,42,,,1,100,,43210,42,,,2,101,,43196,42,,,2,63,,43184,42,,,2,19,,43201,42,,,2,17,,43198,42,,,1,61,,43211,42,,,2,20,,43180,42,,,1,20,,43206,42,,,2,60,,43199,42,,,2,21,,43212,42,,,2,19,,43202,42,,,1,60,,43207,42,,,2,20,,43200,42,,,1,20,,43208,42,,,2,57,,43214,42,,,1,100,,43187,42,,,1,100,,43186,42,,,1,95,,43190,42,,,1,100,,43203,42,,,1
6601,'Semaine-3-_26ÉTÉ-1111100-',556,,43224,42,,,2,60,,43217,42,,,2,20,,43226,42,,,2,16,,43232,42,,,1,60,,43227,42,,,2,20,,43218,42,,,2,20,,43230,42,,,2,60,,43223,42,,,2,20,,43239,42,,,1,20,,43216,42,,,2,60,,43229,42,,,2,20,,43240,42,,,2,20,,43248,42,,,2,102,,43228,42,,,1,100,,43220,42,,,2,100,,43244,42,,,1,100,,43245,42,,,2,101,,43231,42,,,2,63,,43219,42,,,2,19,,43236,42,,,2,17,,43233,42,,,1,61,,43246,42,,,2,20,,43215,42,,,1,20,,43241,42,,,2,60,,43234,42,,,2,21,,43247,42,,,2,19,,43237,42,,,1,60,,43242,42,,,2,20,,43235,42,,,1,20,,43243,42,,,2,57,,43249,42,,,1,100,,43222,42,,,1,100,,43221,42,,,1,95,,43225,42,,,1,100,,43238,42,,,1
6601,'Semaine-4-_26ÉTÉ-1111100-',556,,43259,42,,,2,60,,43252,42,,,2,20,,43261,42,,,2,16,,43267,42,,,1,60,,43262,42,,,2,20,,43253,42,,,2,20,,43265,42,,,2,60,,43258,42,,,2,20,,43274,42,,,1,20,,43251,42,,,2,60,,43264,42,,,2,20,,43275,42,,,2,20,,43283,42,,,2,102,,43263,42,,,1,100,,43255,42,,,2,100,,43279,42,,,1,100,,43280,42,,,2,101,,43266,42,,,2,63,,43254,42,,,2,19,,43271,42,,,2,17,,43268,42,,,1,61,,43281,42,,,2,20,,43250,42,,,1,20,,43276,42,,,2,60,,43269,42,,,2,21,,43282,42,,,2,19,,43272,42,,,1,60,,43277,42,,,2,20,,43270,42,,,1,20,,43278,42,,,2,57,,43284,42,,,1,100,,43257,42,,,1,100,,43256,42,,,1,95,,43260,42,,,1,100,,43273,42,,,1
