2501,'Semaine-4',551,,30371,2,,,1,69,,30370,2,,,1,30,,30368,2,,,1,70,,30369,2,,,2,30,,30372,2,,,1,71,,30367,2,,,1
2501,'Semaine-5',551,,35067,2,,,1,69,,35066,2,,,1,30,,35064,2,,,1,70,,35065,2,,,2,30,,35068,2,,,1,71,,35063,2,,,1
3900,'Samedi-3',642,,31446,11,,,1,101,,31447,11,,,1,100,,31451,11,,,1,101,,31450,11,,,1,100,,31453,11,,,1,100,,31452,11,,,1,102,,31448,11,,,1,70,,31449,11,,,1,30,,31454,11,,,1,71,,31455,11,,,2,30,,31456,11,,,1,70,,31457,11,,,1,31,,31458,11,,,2,70,,31459,11,,,1,30,,31460,11,,,1,70,,31461,11,,,1,30,,31462,11,,,1,69,,31463,11,,,1,29,,31464,11,,,1,69,,31465,11,,,1,100,,31466,11,,,1,100,,31467,11,,,1,100,,31468,11,,,1,100,,31469,11,,,1
3900,'Samedi-4',642,,35902,11,,,1,101,,35903,11,,,1,100,,35907,11,,,1,101,,35906,11,,,1,100,,35909,11,,,1,100,,35908,11,,,1,102,,35904,11,,,1,70,,35905,11,,,1,30,,35910,11,,,1,71,,35911,11,,,2,30,,35912,11,,,1,70,,35913,11,,,1,31,,35914,11,,,2,70,,35915,11,,,1,30,,35916,11,,,1,70,,35917,11,,,1,30,,35918,11,,,1,69,,35919,11,,,1,29,,35920,11,,,1,69,,35921,11,,,1,100,,35922,11,,,1,100,,35923,11,,,1,100,,35924,11,,,1,100,,35925,11,,,1
3900,'Dimanche-3',642,,31470,11,,,1,101,,31477,11,,,1,100,,31471,11,,,1,101,,31473,11,,,1,100,,31479,11,,,1,100,,31472,11,,,1,102,,31478,11,,,1,70,,31474,11,,,1,30,,31475,11,,,1,71,,31480,11,,,2,30,,31482,11,,,1,70,,31476,11,,,1,31,,31481,11,,,2,70,,31483,11,,,1,30,,31484,11,,,1,70,,31490,11,,,1,30,,31491,11,,,1,69,,31493,11,,,1,29,,31489,11,,,1,69,,31487,11,,,1,100,,31488,11,,,1,100,,31492,11,,,1,100,,31485,11,,,1,100,,31486,11,,,1
3900,'Semaine-4',618,,31511,11,,,1,23,,31497,11,,,1,70,,31516,11,,,1,28,,31509,11,,,1,74,,31510,11,,,1,34,,31508,11,,,1,72,,31505,11,,,1,30,,31522,11,,,1,70,,31517,11,,,1,30,,31529,11,,,1,70,,31514,11,,,1,30,,31518,11,,,1,70,,31506,11,,,1,31,,31504,11,,,1,70,,31519,11,,,2,29,,31507,11,,,1,70,,31494,11,,,1,34,,31520,11,,,2,72,,31501,11,,,1,31,,31503,11,,,1,71,,31521,11,,,1,32,,31500,11,,,1,68,,31495,11,,,1,29,,31523,11,,,1,67,,31502,11,,,1,31,,31496,11,,,2,69,,31524,11,,,2,32,,31499,11,,,1,65,,31515,11,,,2,26,,31525,11,,,1,70,,31498,11,,,1,30,,31513,11,,,1,69,,31526,11,,,2,30,,31512,11,,,1,70,,31528,11,,,1,30,,31527,11,,,2
3900,'Semaine-5',618,,35943,11,,,1,23,,35929,11,,,1,70,,35948,11,,,1,28,,35941,11,,,1,74,,35942,11,,,1,34,,35940,11,,,1,72,,35937,11,,,1,30,,35954,11,,,1,70,,35949,11,,,1,30,,35961,11,,,1,70,,35946,11,,,1,30,,35950,11,,,1,70,,35938,11,,,1,31,,35936,11,,,1,70,,35951,11,,,2,29,,35939,11,,,1,70,,35926,11,,,1,34,,35952,11,,,2,72,,35933,11,,,1,31,,35935,11,,,1,71,,35953,11,,,1,32,,35932,11,,,1,68,,35927,11,,,1,29,,35955,11,,,1,67,,35934,11,,,1,31,,35928,11,,,2,69,,35956,11,,,2,32,,35931,11,,,1,65,,35947,11,,,2,26,,35957,11,,,1,70,,35930,11,,,1,30,,35945,11,,,1,69,,35958,11,,,2,30,,35944,11,,,1,70,,35960,11,,,1,30,,35959,11,,,2
5000,'Semaine-4',653,,31803,27,,,1,65,,31801,27,,,1,4,,31802,6,,,2,25,,31804,27,,,2,71,,31800,27,,,1,106,,31805,27,,,1
5000,'Semaine-5',653,,36177,27,,,1,65,,36175,27,,,1,4,,36176,6,,,2,25,,36178,27,,,2,71,,36174,27,,,1,106,,36179,27,,,1
32501,'Semaine-4',804,,34185,2,0,7 8,1,3,,34186,2,0,7 8,1
32501,'Semaine-5',804,,38016,2,0,7 8,1,3,,38017,2,0,7 8,1
42500,'Semaine-4',654,,34792,2,0,9 14,1,2,,34793,2,0,9 14,1
42500,'Semaine-5',654,,38443,2,0,9 14,1,2,,38444,2,0,9 14,1
55000,'Semaine-4',707,,34816,27,0,5 6,1,2,,34817,27,0,5 6,1
55000,'Semaine-5',707,,38467,27,0,5 6,1,2,,38468,27,0,5 6,1
63901,'Semaine-4',713,,34834,28,0,9 10,1
63901,'Semaine-5',713,,38485,28,0,9 10,1
82501,'Semaine-4',734,,35007,2,0,9 12 13,1,1,,35008,2,0,9 12 13,1,1,,35009,2,0,9 12 13,1
82501,'Semaine-5',734,,38626,2,0,9 12 13,1,1,,38627,2,0,9 12 13,1,1,,38628,2,0,9 12 13,1
