3601,'Semaine-1-_26ÉTÉ-1111100-',846,,50054,15,,,1,90,,50052,15,,,1,100,,50055,15,,,1,100,,50053,15,,,1,99,,50058,15,,,1,100,,50057,15,,,1,101,,50056,15,,,1
3601,'Semaine-10-_26ÉTÉ-1111100-',846,,50061,15,,,1,90,,50059,15,,,1,100,,50062,15,,,1,100,,50060,15,,,1,99,,50065,15,,,1,100,,50064,15,,,1,101,,50063,15,,,1
3601,'Semaine-11-_26ÉTÉ-1111100-',846,,50068,15,,,1,90,,50066,15,,,1,100,,50069,15,,,1,100,,50067,15,,,1,99,,50072,15,,,1,100,,50071,15,,,1,101,,50070,15,,,1
3601,'Semaine-12-_26ÉTÉ-1111100-',846,,50075,15,,,1,90,,50073,15,,,1,100,,50076,15,,,1,100,,50074,15,,,1,99,,50079,15,,,1,100,,50078,15,,,1,101,,50077,15,,,1
3601,'Semaine-5-_26ÉTÉ-1111100-',846,,50082,15,,,1,90,,50080,15,,,1,100,,50083,15,,,1,100,,50081,15,,,1,99,,50086,15,,,1,100,,50085,15,,,1,101,,50084,15,,,1
3701,'Samedi-0-_26ÉTÉ-0000010-',651,,50305,15,,,1,100,,50310,15,,,1,100,,50304,15,,,1,100,,50309,15,,,1,101,,50306,15,,,1,99,,50307,15,,,1,100,,50311,15,,,1,100,,50308,15,,,1,100,,50312,15,,,1,100,,50313,15,,,1,100,,50314,15,,,1,100,,50315,15,,,1,100,,50316,15,,,1,102,,50317,15,,,1,98,,50318,15,,,1,98,,50319,15,,,1,100,,50320,15,,,1
3701,'Dimanche-0-_26ÉTÉ-0000001-',651,,50321,15,,,1,100,,50325,15,,,1,100,,50326,15,,,1,100,,50328,15,,,1,101,,50327,15,,,1,99,,50323,15,,,1,100,,50322,15,,,1,100,,50324,15,,,1,100,,50329,15,,,1,100,,50333,15,,,1,100,,50336,15,,,1,100,,50330,15,,,1,100,,50331,15,,,1,102,,50337,15,,,1,98,,50335,15,,,1,98,,50332,15,,,1,100,,50334,15,,,1
3701,'Dimanche-10-_26ÉTÉ-0000001-',651,,50338,15,,,1,100,,50342,15,,,1,100,,50343,15,,,1,100,,50345,15,,,1,101,,50344,15,,,1,99,,50340,15,,,1,100,,50339,15,,,1,100,,50341,15,,,1,100,,50346,15,,,1,100,,50350,15,,,1,100,,50353,15,,,1,100,,50347,15,,,1,100,,50348,15,,,1,102,,50354,15,,,1,98,,50352,15,,,1,98,,50349,15,,,1,100,,50351,15,,,1
3701,'Dimanche-11-_26ÉTÉ-0000001-',651,,50355,15,,,1,100,,50359,15,,,1,100,,50360,15,,,1,100,,50362,15,,,1,101,,50361,15,,,1,99,,50357,15,,,1,100,,50356,15,,,1,100,,50358,15,,,1,100,,50363,15,,,1,100,,50367,15,,,1,100,,50370,15,,,1,100,,50364,15,,,1,100,,50365,15,,,1,102,,50371,15,,,1,98,,50369,15,,,1,98,,50366,15,,,1,100,,50368,15,,,1
3701,'Semaine-1-_26ÉTÉ-1111100-',519,,50385,15,,,1,29,,50383,15,,,1,75,,50387,15,,,1,30,,50377,15,,,1,67,,50394,15,,,1,20,,50374,15,,,1,10,,50395,15,,,1,72,,50376,15,,,1,100,,50393,15,,,1,100,,50381,15,,,1,100,,50375,15,,,1,101,,50373,15,,,1,99,,50378,15,,,1,100,,50389,15,,,1,97,,50372,15,,,1,31,,50388,15,,,1,70,,50391,15,,,1,30,,50386,15,,,1,72,,50392,15,,,1,30,,50396,15,,,1,85,,50380,15,,,1,100,,50390,15,,,1,101,,50382,15,,,1,99,,50379,15,,,1,102,,50384,15,,,1
3701,'Semaine-10-_26ÉTÉ-1111100-',519,,50410,15,,,1,29,,50408,15,,,1,75,,50412,15,,,1,30,,50402,15,,,1,67,,50419,15,,,1,20,,50399,15,,,1,10,,50420,15,,,1,72,,50401,15,,,1,100,,50418,15,,,1,100,,50406,15,,,1,100,,50400,15,,,1,101,,50398,15,,,1,99,,50403,15,,,1,100,,50414,15,,,1,97,,50397,15,,,1,31,,50413,15,,,1,70,,50416,15,,,1,30,,50411,15,,,1,72,,50417,15,,,1,30,,50421,15,,,1,85,,50405,15,,,1,100,,50415,15,,,1,101,,50407,15,,,1,99,,50404,15,,,1,102,,50409,15,,,1
3701,'Semaine-11-_26ÉTÉ-1111100-',519,,50435,15,,,1,29,,50433,15,,,1,75,,50437,15,,,1,30,,50427,15,,,1,67,,50444,15,,,1,20,,50424,15,,,1,10,,50445,15,,,1,72,,50426,15,,,1,100,,50443,15,,,1,100,,50431,15,,,1,100,,50425,15,,,1,101,,50423,15,,,1,99,,50428,15,,,1,100,,50439,15,,,1,97,,50422,15,,,1,31,,50438,15,,,1,70,,50441,15,,,1,30,,50436,15,,,1,72,,50442,15,,,1,30,,50446,15,,,1,85,,50430,15,,,1,100,,50440,15,,,1,101,,50432,15,,,1,99,,50429,15,,,1,102,,50434,15,,,1
3701,'Semaine-12-_26ÉTÉ-1111100-',519,,50460,15,,,1,29,,50458,15,,,1,75,,50462,15,,,1,30,,50452,15,,,1,67,,50469,15,,,1,20,,50449,15,,,1,10,,50470,15,,,1,72,,50451,15,,,1,100,,50468,15,,,1,100,,50456,15,,,1,100,,50450,15,,,1,101,,50448,15,,,1,99,,50453,15,,,1,100,,50464,15,,,1,97,,50447,15,,,1,31,,50463,15,,,1,70,,50466,15,,,1,30,,50461,15,,,1,72,,50467,15,,,1,30,,50471,15,,,1,85,,50455,15,,,1,100,,50465,15,,,1,101,,50457,15,,,1,99,,50454,15,,,1,102,,50459,15,,,1
3701,'Semaine-5-_26ÉTÉ-1111100-',519,,50485,15,,,1,29,,50483,15,,,1,75,,50487,15,,,1,30,,50477,15,,,1,67,,50494,15,,,1,20,,50474,15,,,1,10,,50495,15,,,1,72,,50476,15,,,1,100,,50493,15,,,1,100,,50481,15,,,1,100,,50475,15,,,1,101,,50473,15,,,1,99,,50478,15,,,1,100,,50489,15,,,1,97,,50472,15,,,1,31,,50488,15,,,1,70,,50491,15,,,1,30,,50486,15,,,1,72,,50492,15,,,1,30,,50496,15,,,1,85,,50480,15,,,1,100,,50490,15,,,1,101,,50482,15,,,1,99,,50479,15,,,1,102,,50484,15,,,1
37101,'Samedi-0-_26ÉTÉ-0000010-',722,,61239,15,,,1,99,,61238,15,,,1,102,,61242,15,,,1,100,,61241,15,,,1,100,,61243,15,,,1,100,,61240,15,,,1,100,,61244,15,,,1,101,,61245,15,,,1,99,,61246,15,,,1,99,,61247,15,,,1,100,,61248,15,,,1,100,,61249,15,,,1,100,,61250,15,,,1,100,,61251,15,,,1,100,,61252,15,,,1,100,,61253,15,,,1,100,,61254,15,,,1
37101,'Dimanche-0-_26ÉTÉ-0000001-',722,,61258,15,,,1,99,,61255,15,,,1,102,,61259,15,,,1,100,,61256,15,,,1,100,,61262,15,,,1,100,,61257,15,,,1,100,,61260,15,,,1,101,,61265,15,,,1,99,,61261,15,,,1,99,,61266,15,,,1,100,,61271,15,,,1,100,,61263,15,,,1,100,,61264,15,,,1,100,,61268,15,,,1,100,,61270,15,,,1,100,,61267,15,,,1,100,,61269,15,,,1
37101,'Dimanche-10-_26ÉTÉ-0000001-',722,,61275,15,,,1,99,,61272,15,,,1,102,,61276,15,,,1,100,,61273,15,,,1,100,,61279,15,,,1,100,,61274,15,,,1,100,,61277,15,,,1,101,,61282,15,,,1,99,,61278,15,,,1,99,,61283,15,,,1,100,,61288,15,,,1,100,,61280,15,,,1,100,,61281,15,,,1,100,,61285,15,,,1,100,,61287,15,,,1,100,,61284,15,,,1,100,,61286,15,,,1
37101,'Dimanche-11-_26ÉTÉ-0000001-',722,,61292,15,,,1,99,,61289,15,,,1,102,,61293,15,,,1,100,,61290,15,,,1,100,,61296,15,,,1,100,,61291,15,,,1,100,,61294,15,,,1,101,,61299,15,,,1,99,,61295,15,,,1,99,,61300,15,,,1,100,,61305,15,,,1,100,,61297,15,,,1,100,,61298,15,,,1,100,,61302,15,,,1,100,,61304,15,,,1,100,,61301,15,,,1,100,,61303,15,,,1
37101,'Semaine-1-_26ÉTÉ-1111100-',530,,61322,15,,,1,70,,61325,15,,,1,29,,61318,15,,,1,72,,61320,15,,,1,29,,61330,15,,,1,70,,61329,15,,,1,30,,61324,15,,,1,70,,61308,15,,,1,100,,61315,15,,,1,100,,61313,15,,,1,58,,61314,15,,,1,142,,61328,15,,,1,100,,61311,15,,,1,100,,61312,15,,,1,29,,61309,15,,,1,28,,61316,15,,,1,73,,61326,15,,,1,70,,61327,15,,,1,30,,61306,15,,,1,80,,61310,15,,,1,96,,61321,15,,,1,100,,61323,15,,,1,100,,61307,15,,,1,100,,61317,15,,,1,145,,61319,15,,,1
37101,'Semaine-10-_26ÉTÉ-1111100-',530,,61347,15,,,1,70,,61350,15,,,1,29,,61343,15,,,1,72,,61345,15,,,1,29,,61355,15,,,1,70,,61354,15,,,1,30,,61349,15,,,1,70,,61333,15,,,1,100,,61340,15,,,1,100,,61338,15,,,1,58,,61339,15,,,1,142,,61353,15,,,1,100,,61336,15,,,1,100,,61337,15,,,1,29,,61334,15,,,1,28,,61341,15,,,1,73,,61351,15,,,1,70,,61352,15,,,1,30,,61331,15,,,1,80,,61335,15,,,1,96,,61346,15,,,1,100,,61348,15,,,1,100,,61332,15,,,1,100,,61342,15,,,1,145,,61344,15,,,1
37101,'Semaine-11-_26ÉTÉ-1111100-',530,,61372,15,,,1,70,,61375,15,,,1,29,,61368,15,,,1,72,,61370,15,,,1,29,,61380,15,,,1,70,,61379,15,,,1,30,,61374,15,,,1,70,,61358,15,,,1,100,,61365,15,,,1,100,,61363,15,,,1,58,,61364,15,,,1,142,,61378,15,,,1,100,,61361,15,,,1,100,,61362,15,,,1,29,,61359,15,,,1,28,,61366,15,,,1,73,,61376,15,,,1,70,,61377,15,,,1,30,,61356,15,,,1,80,,61360,15,,,1,96,,61371,15,,,1,100,,61373,15,,,1,100,,61357,15,,,1,100,,61367,15,,,1,145,,61369,15,,,1
37101,'Semaine-12-_26ÉTÉ-1111100-',530,,61397,15,,,1,70,,61400,15,,,1,29,,61393,15,,,1,72,,61395,15,,,1,29,,61405,15,,,1,70,,61404,15,,,1,30,,61399,15,,,1,70,,61383,15,,,1,100,,61390,15,,,1,100,,61388,15,,,1,58,,61389,15,,,1,142,,61403,15,,,1,100,,61386,15,,,1,100,,61387,15,,,1,29,,61384,15,,,1,28,,61391,15,,,1,73,,61401,15,,,1,70,,61402,15,,,1,30,,61381,15,,,1,80,,61385,15,,,1,96,,61396,15,,,1,100,,61398,15,,,1,100,,61382,15,,,1,100,,61392,15,,,1,145,,61394,15,,,1
37101,'Semaine-5-_26ÉTÉ-1111100-',530,,61422,15,,,1,70,,61425,15,,,1,29,,61418,15,,,1,72,,61420,15,,,1,29,,61430,15,,,1,70,,61429,15,,,1,30,,61424,15,,,1,70,,61408,15,,,1,100,,61415,15,,,1,100,,61413,15,,,1,58,,61414,15,,,1,142,,61428,15,,,1,100,,61411,15,,,1,100,,61412,15,,,1,29,,61409,15,,,1,28,,61416,15,,,1,73,,61426,15,,,1,70,,61427,15,,,1,30,,61406,15,,,1,80,,61410,15,,,1,96,,61421,15,,,1,100,,61423,15,,,1,100,,61407,15,,,1,100,,61417,15,,,1,145,,61419,15,,,1
