4001,'Semaine-1-_26ÉTÉ-1111100-',554,,51761,1,,,2,71,,51760,1,,,2,30,,51763,1,,,2,70,,51759,1,,,1,31,,51758,1,,,2,69,,51762,1,,,2
4001,'Semaine-10-_26ÉTÉ-1111100-',554,,51767,1,,,2,71,,51766,1,,,2,30,,51769,1,,,2,70,,51765,1,,,1,31,,51764,1,,,2,69,,51768,1,,,2
4001,'Semaine-11-_26ÉTÉ-1111100-',554,,51773,1,,,2,71,,51772,1,,,2,30,,51775,1,,,2,70,,51771,1,,,1,31,,51770,1,,,2,69,,51774,1,,,2
4001,'Semaine-12-_26ÉTÉ-1111100-',554,,51779,1,,,2,71,,51778,1,,,2,30,,51781,1,,,2,70,,51777,1,,,1,31,,51776,1,,,2,69,,51780,1,,,2
5000,'Semaine-1-_26ÉTÉ-1111100-',630,,52413,2,,,2,23,,52412,2,,,1,68,,52414,2,,,1,30,,52411,2,,,1,149,,52415,2,,,1
5000,'Semaine-10-_26ÉTÉ-1111100-',630,,52418,2,,,2,23,,52417,2,,,1,68,,52419,2,,,1,30,,52416,2,,,1,149,,52420,2,,,1
5000,'Semaine-11-_26ÉTÉ-1111100-',630,,52423,2,,,2,23,,52422,2,,,1,68,,52424,2,,,1,30,,52421,2,,,1,149,,52425,2,,,1
5000,'Semaine-12-_26ÉTÉ-1111100-',630,,52428,2,,,2,23,,52427,2,,,1,68,,52429,2,,,1,30,,52426,2,,,1,149,,52430,2,,,1
5201,'Samedi-0-_26ÉTÉ-0000010-',633,,52613,2,,,2,100,,52614,2,,,1,100,,52615,2,,,2,100,,52616,2,,,1,100,,52618,2,,,1,100,,52617,2,,,1,100,,52619,2,,,2,100,,52620,2,,,1,100,,52621,2,,,2,100,,52622,2,,,1,100,,52623,2,,,1,100,,52624,2,,,1,100,,52627,2,,,1,100,,52625,2,,,1,100,,52629,2,,,2,100,,52626,2,,,1,100,,52628,2,,,1,100,,52630,2,,,1
5201,'Dimanche-0-_26ÉTÉ-0000001-',633,,52631,2,,,2,100,,52632,2,,,1,100,,52633,2,,,2,100,,52634,2,,,1,100,,52639,2,,,1,100,,52635,2,,,1,100,,52636,2,,,2,100,,52640,2,,,1,100,,52637,2,,,2,100,,52638,2,,,1,100,,52641,2,,,1,100,,52644,2,,,1,100,,52642,2,,,1,100,,52648,2,,,1,100,,52643,2,,,2,100,,52645,2,,,1,100,,52646,2,,,1,100,,52647,2,,,1
5201,'Dimanche-10-_26ÉTÉ-0000001-',633,,52649,2,,,2,100,,52650,2,,,1,100,,52651,2,,,2,100,,52652,2,,,1,100,,52657,2,,,1,100,,52653,2,,,1,100,,52654,2,,,2,100,,52658,2,,,1,100,,52655,2,,,2,100,,52656,2,,,1,100,,52659,2,,,1,100,,52662,2,,,1,100,,52660,2,,,1,100,,52666,2,,,1,100,,52661,2,,,2,100,,52663,2,,,1,100,,52664,2,,,1,100,,52665,2,,,1
5201,'Dimanche-11-_26ÉTÉ-0000001-',633,,52667,2,,,2,100,,52668,2,,,1,100,,52669,2,,,2,100,,52670,2,,,1,100,,52675,2,,,1,100,,52671,2,,,1,100,,52672,2,,,2,100,,52676,2,,,1,100,,52673,2,,,2,100,,52674,2,,,1,100,,52677,2,,,1,100,,52680,2,,,1,100,,52678,2,,,1,100,,52684,2,,,1,100,,52679,2,,,2,100,,52681,2,,,1,100,,52682,2,,,1,100,,52683,2,,,1
5201,'Semaine-1-_26ÉTÉ-1111100-',603,,52700,2,,,1,100,,52702,2,,,1,100,,52701,2,,,1,100,,52685,2,,,1,100,,52691,2,,,1,100,,52688,2,,,2,100,,52695,2,,,1,100,,52686,2,,,1,100,,52690,2,,,1,100,,52689,2,,,1,100,,52699,2,,,1,100,,52698,2,,,1,100,,52692,2,,,1,100,,52693,2,,,1,100,,52697,2,,,1,100,,52694,2,,,1,100,,52696,2,,,1,100,,52687,2,,,1
5201,'Semaine-10-_26ÉTÉ-1111100-',603,,52718,2,,,1,100,,52720,2,,,1,100,,52719,2,,,1,100,,52703,2,,,1,100,,52709,2,,,1,100,,52706,2,,,2,100,,52713,2,,,1,100,,52704,2,,,1,100,,52708,2,,,1,100,,52707,2,,,1,100,,52717,2,,,1,100,,52716,2,,,1,100,,52710,2,,,1,100,,52711,2,,,1,100,,52715,2,,,1,100,,52712,2,,,1,100,,52714,2,,,1,100,,52705,2,,,1
5201,'Semaine-11-_26ÉTÉ-1111100-',603,,52736,2,,,1,100,,52738,2,,,1,100,,52737,2,,,1,100,,52721,2,,,1,100,,52727,2,,,1,100,,52724,2,,,2,100,,52731,2,,,1,100,,52722,2,,,1,100,,52726,2,,,1,100,,52725,2,,,1,100,,52735,2,,,1,100,,52734,2,,,1,100,,52728,2,,,1,100,,52729,2,,,1,100,,52733,2,,,1,100,,52730,2,,,1,100,,52732,2,,,1,100,,52723,2,,,1
5201,'Semaine-12-_26ÉTÉ-1111100-',603,,52754,2,,,1,100,,52756,2,,,1,100,,52755,2,,,1,100,,52739,2,,,1,100,,52745,2,,,1,100,,52742,2,,,2,100,,52749,2,,,1,100,,52740,2,,,1,100,,52744,2,,,1,100,,52743,2,,,1,100,,52753,2,,,1,100,,52752,2,,,1,100,,52746,2,,,1,100,,52747,2,,,1,100,,52751,2,,,1,100,,52748,2,,,1,100,,52750,2,,,1,100,,52741,2,,,1
