3601,'Semaine-4',846,,31101,14,,,1,90,,31099,14,,,1,100,,31102,14,,,1,100,,31100,14,,,1,99,,31105,14,,,1,100,,31104,14,,,1,101,,31103,14,,,1
3601,'Semaine-5',846,,35658,14,,,1,90,,35656,14,,,1,100,,35659,14,,,1,100,,35657,14,,,1,99,,35662,14,,,1,100,,35661,14,,,1,101,,35660,14,,,1
3701,'Samedi-3',650,,31172,14,,,1,100,,31177,14,,,1,100,,31171,14,,,1,100,,31176,14,,,1,101,,31173,14,,,1,99,,31174,14,,,1,100,,31178,14,,,1,100,,31175,14,,,1,100,,31179,14,,,1,100,,31180,14,,,1,100,,31181,14,,,1,100,,31182,14,,,1,100,,31183,14,,,1,102,,31184,14,,,1,98,,31185,14,,,1,98,,31186,14,,,1,100,,31187,14,,,1
3701,'Samedi-4',650,,35711,14,,,1,100,,35716,14,,,1,100,,35710,14,,,1,100,,35715,14,,,1,101,,35712,14,,,1,99,,35713,14,,,1,100,,35717,14,,,1,100,,35714,14,,,1,100,,35718,14,,,1,100,,35719,14,,,1,100,,35720,14,,,1,100,,35721,14,,,1,100,,35722,14,,,1,102,,35723,14,,,1,98,,35724,14,,,1,98,,35725,14,,,1,100,,35726,14,,,1
3701,'Dimanche-3',650,,31188,14,,,1,100,,31192,14,,,1,100,,31193,14,,,1,100,,31195,14,,,1,101,,31194,14,,,1,99,,31190,14,,,1,100,,31189,14,,,1,100,,31191,14,,,1,100,,31196,14,,,1,100,,31200,14,,,1,100,,31203,14,,,1,100,,31197,14,,,1,100,,31198,14,,,1,102,,31204,14,,,1,98,,31202,14,,,1,98,,31199,14,,,1,100,,31201,14,,,1
3701,'Semaine-4',518,,31218,14,,,1,29,,31216,14,,,1,75,,31220,14,,,1,26,,31210,14,,,1,72,,31227,14,,,1,20,,31207,14,,,1,12,,31228,14,,,1,68,,31209,14,,,1,101,,31226,14,,,1,98,,31214,14,,,1,102,,31208,14,,,1,100,,31206,14,,,1,100,,31211,14,,,1,100,,31222,14,,,1,98,,31205,14,,,1,31,,31221,14,,,1,70,,31224,14,,,1,30,,31219,14,,,1,71,,31225,14,,,1,30,,31229,14,,,1,85,,31213,14,,,1,100,,31223,14,,,1,100,,31215,14,,,1,100,,31212,14,,,1,100,,31217,14,,,1
3701,'Semaine-5',518,,35740,14,,,1,29,,35738,14,,,1,75,,35742,14,,,1,26,,35732,14,,,1,72,,35749,14,,,1,20,,35729,14,,,1,12,,35750,14,,,1,68,,35731,14,,,1,101,,35748,14,,,1,98,,35736,14,,,1,102,,35730,14,,,1,100,,35728,14,,,1,100,,35733,14,,,1,100,,35744,14,,,1,98,,35727,14,,,1,31,,35743,14,,,1,70,,35746,14,,,1,30,,35741,14,,,1,71,,35747,14,,,1,30,,35751,14,,,1,85,,35735,14,,,1,100,,35745,14,,,1,100,,35737,14,,,1,100,,35734,14,,,1,100,,35739,14,,,1
37101,'Samedi-3',722,,34255,14,,,1,99,,34254,14,,,1,102,,34258,14,,,1,100,,34257,14,,,1,100,,34259,14,,,1,100,,34256,14,,,1,100,,34260,14,,,1,101,,34261,14,,,1,99,,34262,14,,,1,99,,34263,14,,,1,100,,34264,14,,,1,100,,34265,14,,,1,100,,34266,14,,,1,100,,34267,14,,,1,100,,34268,14,,,1,100,,34269,14,,,1,100,,34270,14,,,1
37101,'Samedi-4',722,,38069,14,,,1,99,,38068,14,,,1,102,,38072,14,,,1,100,,38071,14,,,1,100,,38073,14,,,1,100,,38070,14,,,1,100,,38074,14,,,1,101,,38075,14,,,1,99,,38076,14,,,1,99,,38077,14,,,1,100,,38078,14,,,1,100,,38079,14,,,1,100,,38080,14,,,1,100,,38081,14,,,1,100,,38082,14,,,1,100,,38083,14,,,1,100,,38084,14,,,1
37101,'Dimanche-3',722,,34274,14,,,1,99,,34271,14,,,1,102,,34275,14,,,1,100,,34272,14,,,1,100,,34278,14,,,1,100,,34273,14,,,1,100,,34276,14,,,1,101,,34281,14,,,1,99,,34277,14,,,1,99,,34282,14,,,1,100,,34287,14,,,1,100,,34279,14,,,1,100,,34280,14,,,1,100,,34284,14,,,1,100,,34286,14,,,1,100,,34283,14,,,1,100,,34285,14,,,1
37101,'Semaine-4',530,,34304,14,,,1,29,,34307,14,,,1,70,,34300,14,,,1,30,,34302,14,,,1,71,,34312,14,,,1,70,,34311,14,,,1,30,,34306,14,,,1,70,,34290,14,,,1,59,,34297,14,,,1,141,,34295,14,,,1,100,,34296,14,,,1,100,,34310,14,,,1,104,,34293,14,,,1,96,,34294,14,,,1,30,,34291,14,,,1,70,,34298,14,,,1,30,,34308,14,,,1,70,,34309,14,,,1,30,,34288,14,,,1,80,,34292,14,,,1,96,,34303,14,,,1,100,,34305,14,,,1,100,,34289,14,,,1,99,,34299,14,,,1,145,,34301,14,,,1
37101,'Semaine-5',530,,38101,14,,,1,29,,38104,14,,,1,70,,38097,14,,,1,30,,38099,14,,,1,71,,38109,14,,,1,70,,38108,14,,,1,30,,38103,14,,,1,70,,38087,14,,,1,59,,38094,14,,,1,141,,38092,14,,,1,100,,38093,14,,,1,100,,38107,14,,,1,104,,38090,14,,,1,96,,38091,14,,,1,30,,38088,14,,,1,70,,38095,14,,,1,30,,38105,14,,,1,70,,38106,14,,,1,30,,38085,14,,,1,80,,38089,14,,,1,96,,38100,14,,,1,100,,38102,14,,,1,100,,38086,14,,,1,99,,38096,14,,,1,145,,38098,14,,,1
43701,'Semaine-4',1507,,34811,14,0,9 14,1
43701,'Semaine-5',1507,,38462,14,0,9 14,1
