6400,'Samedi-0-_26ÉTÉ-0000010-',733,,54949,3,0,15 16,1,100,,54951,3,0,15 16,1,100,,54954,3,0,15 16,1,100,,54952,3,0,15 16,2,100,,54955,3,0,15 16,1,100,,54950,3,0,15 16,1,100,,54953,3,0,15 16,2,100,,54956,3,0,15 16,1,100,,54957,3,0,15 16,1,100,,54958,3,0,15 16,1,100,,54959,3,0,15 16,1,100,,54960,3,0,15 16,1
6400,'Dimanche-0-_26ÉTÉ-0000001-',733,,54961,3,0,15 16,1,100,,54966,3,0,15 16,1,100,,54962,3,0,15 16,1,100,,54965,3,0,15 16,2,100,,54968,3,0,15 16,1,100,,54967,3,0,15 16,1,100,,54964,3,0,15 16,2,100,,54963,3,0,15 16,1,100,,54971,3,0,15 16,1,100,,54972,3,0,15 16,1,100,,54969,3,0,15 16,1,100,,54970,3,0,15 16,1
6400,'Dimanche-10-_26ÉTÉ-0000001-',733,,54973,3,0,15 16,1,100,,54978,3,0,15 16,1,100,,54974,3,0,15 16,1,100,,54977,3,0,15 16,2,100,,54980,3,0,15 16,1,100,,54979,3,0,15 16,1,100,,54976,3,0,15 16,2,100,,54975,3,0,15 16,1,100,,54983,3,0,15 16,1,100,,54984,3,0,15 16,1,100,,54981,3,0,15 16,1,100,,54982,3,0,15 16,1
6400,'Dimanche-11-_26ÉTÉ-0000001-',733,,54985,3,0,15 16,1,100,,54990,3,0,15 16,1,100,,54986,3,0,15 16,1,100,,54989,3,0,15 16,2,100,,54992,3,0,15 16,1,100,,54991,3,0,15 16,1,100,,54988,3,0,15 16,2,100,,54987,3,0,15 16,1,100,,54995,3,0,15 16,1,100,,54996,3,0,15 16,1,100,,54993,3,0,15 16,1,100,,54994,3,0,15 16,1
6400,'Semaine-1-_26ÉTÉ-1111100-',647,,55005,3,0,15 16,1,70,,55002,3,0,15 16,2,30,,54997,3,0,15 16,2,75,,55001,3,0,15 16,2,95,,55003,3,0,15 16,2,100,,55008,3,0,15 16,2,100,,55007,3,0,15 16,1,100,,55000,3,0,15 16,2,100,,55013,3,0,15 16,1,100,,55009,3,0,15 16,1,95,,55010,3,0,15 16,1,30,,55015,3,0,15 16,1,102,,55014,3,0,15 16,1,98,,55011,3,0,15 16,2,100,,55012,3,0,15 16,1,100,,55004,3,0,15 16,1,100,,54998,3,0,15 16,1,100,,55006,3,0,15 16,1,100,,54999,3,0,15 16,1
6400,'Semaine-10-_26ÉTÉ-1111100-',647,,55024,3,0,15 16,1,70,,55021,3,0,15 16,2,30,,55016,3,0,15 16,2,75,,55020,3,0,15 16,2,95,,55022,3,0,15 16,2,100,,55027,3,0,15 16,2,100,,55026,3,0,15 16,1,100,,55019,3,0,15 16,2,100,,55032,3,0,15 16,1,100,,55028,3,0,15 16,1,95,,55029,3,0,15 16,1,30,,55034,3,0,15 16,1,102,,55033,3,0,15 16,1,98,,55030,3,0,15 16,2,100,,55031,3,0,15 16,1,100,,55023,3,0,15 16,2,100,,55017,3,0,15 16,1,100,,55025,3,0,15 16,1,100,,55018,3,0,15 16,1
6400,'Semaine-11-_26ÉTÉ-1111100-',647,,55043,3,0,15 16,1,70,,55040,3,0,15 16,2,30,,55035,3,0,15 16,2,75,,55039,3,0,15 16,2,95,,55041,3,0,15 16,2,100,,55046,3,0,15 16,2,100,,55045,3,0,15 16,1,100,,55038,3,0,15 16,2,100,,55051,3,0,15 16,1,100,,55047,3,0,15 16,1,95,,55048,3,0,15 16,1,30,,55053,3,0,15 16,1,102,,55052,3,0,15 16,1,98,,55049,3,0,15 16,2,100,,55050,3,0,15 16,1,100,,55042,3,0,15 16,1,100,,55036,3,0,15 16,1,100,,55044,3,0,15 16,1,100,,55037,3,0,15 16,1
6400,'Semaine-12-_26ÉTÉ-1111100-',647,,55062,3,0,15 16,1,70,,55059,3,0,15 16,2,30,,55054,3,0,15 16,2,75,,55058,3,0,15 16,2,95,,55060,3,0,15 16,2,100,,55065,3,0,15 16,2,100,,55064,3,0,15 16,1,100,,55057,3,0,15 16,2,100,,55070,3,0,15 16,1,100,,55066,3,0,15 16,1,95,,55067,3,0,15 16,1,30,,55072,3,0,15 16,1,102,,55071,3,0,15 16,1,98,,55068,3,0,15 16,2,100,,55069,3,0,15 16,1,100,,55061,3,0,15 16,1,100,,55055,3,0,15 16,1,100,,55063,3,0,15 16,1,100,,55056,3,0,15 16,1
6400,'Semaine-5-_26ÉTÉ-1111100-',647,,55081,3,0,15 16,1,70,,55078,3,0,15 16,2,30,,55073,3,0,15 16,2,75,,55077,3,0,15 16,2,95,,55079,3,0,15 16,2,100,,55084,3,0,15 16,2,100,,55083,3,0,15 16,1,100,,55076,3,0,15 16,2,100,,55089,3,0,15 16,1,100,,55085,3,0,15 16,1,95,,55086,3,0,15 16,1,30,,55091,3,0,15 16,1,102,,55090,3,0,15 16,1,98,,55087,3,0,15 16,2,100,,55088,3,0,15 16,1,100,,55080,3,0,15 16,1,100,,55074,3,0,15 16,1,100,,55082,3,0,15 16,1,100,,55075,3,0,15 16,1
6600,'Samedi-0-_26ÉTÉ-0000010-',712,,55705,3,,,1,100,,55708,3,,,1,100,,55706,3,,,2,100,,55709,3,,,1,100,,55703,3,,,1,100,,55704,3,,,1,100,,55707,3,,,1,100,,55710,3,,,2,100,,55711,3,,,1,100,,55712,3,,,1,100,,55713,3,,,1,100,,55714,3,,,1,100,,55716,3,,,1,100,,55715,3,,,1,100,,55717,3,,,1,100,,55718,3,,,1,100,,55719,3,,,2
6600,'Dimanche-0-_26ÉTÉ-0000001-',712,,55724,3,,,1,100,,55725,3,,,1,100,,55726,3,,,2,100,,55728,3,,,1,100,,55720,3,,,1,100,,55727,3,,,1,100,,55721,3,,,1,100,,55722,3,,,2,100,,55723,3,,,1,100,,55732,3,,,1,100,,55734,3,,,1,100,,55730,3,,,1,100,,55731,3,,,1,100,,55729,3,,,1,100,,55733,3,,,1,100,,55735,3,,,1,100,,55736,3,,,2
6600,'Dimanche-10-_26ÉTÉ-0000001-',712,,55741,3,,,1,100,,55742,3,,,1,100,,55743,3,,,2,100,,55745,3,,,1,100,,55737,3,,,1,100,,55744,3,,,1,100,,55738,3,,,1,100,,55739,3,,,2,100,,55740,3,,,1,100,,55749,3,,,1,100,,55751,3,,,1,100,,55747,3,,,1,100,,55748,3,,,1,100,,55746,3,,,1,100,,55750,3,,,1,100,,55752,3,,,1,100,,55753,3,,,2
6600,'Dimanche-11-_26ÉTÉ-0000001-',712,,55758,3,,,1,100,,55759,3,,,1,100,,55760,3,,,2,100,,55762,3,,,1,100,,55754,3,,,1,100,,55761,3,,,1,100,,55755,3,,,1,100,,55756,3,,,2,100,,55757,3,,,1,100,,55766,3,,,1,100,,55768,3,,,1,100,,55764,3,,,1,100,,55765,3,,,1,100,,55763,3,,,1,100,,55767,3,,,1,100,,55769,3,,,1,100,,55770,3,,,2
6600,'Semaine-1-_26ÉTÉ-1111100-',556,,55781,3,,,1,60,,55787,3,,,2,20,,55782,3,,,2,20,,55774,3,,,2,60,,55786,3,,,2,20,,55779,3,,,1,20,,55793,3,,,2,60,,55773,3,,,2,20,,55784,3,,,2,20,,55794,3,,,2,100,,55783,3,,,1,100,,55775,3,,,2,100,,55798,3,,,1,100,,55799,3,,,2,101,,55785,3,,,2,99,,55795,3,,,1,61,,55788,3,,,2,20,,55771,3,,,1,20,,55790,3,,,2,60,,55796,3,,,2,21,,55801,3,,,2,19,,55772,3,,,1,60,,55791,3,,,2,20,,55789,3,,,1,20,,55777,3,,,2,60,,55797,3,,,1,100,,55778,3,,,1,100,,55776,3,,,1,99,,55780,3,,,1,100,,55792,3,,,1,100,,55800,3,,,1
6600,'Semaine-10-_26ÉTÉ-1111100-',556,,55812,3,,,1,60,,55818,3,,,2,20,,55813,3,,,2,20,,55805,3,,,2,60,,55817,3,,,2,20,,55810,3,,,1,20,,55824,3,,,2,60,,55804,3,,,2,20,,55815,3,,,2,20,,55825,3,,,2,100,,55814,3,,,1,100,,55806,3,,,2,100,,55829,3,,,1,100,,55830,3,,,2,101,,55816,3,,,2,99,,55826,3,,,1,61,,55819,3,,,2,20,,55802,3,,,1,20,,55821,3,,,2,60,,55827,3,,,2,21,,55832,3,,,2,19,,55803,3,,,1,60,,55822,3,,,2,20,,55820,3,,,1,20,,55808,3,,,2,60,,55828,3,,,1,100,,55809,3,,,1,100,,55807,3,,,1,99,,55811,3,,,1,100,,55823,3,,,1,100,,55831,3,,,1
6600,'Semaine-11-_26ÉTÉ-1111100-',556,,55843,3,,,1,60,,55849,3,,,2,20,,55844,3,,,2,20,,55836,3,,,2,60,,55848,3,,,2,20,,55841,3,,,1,20,,55855,3,,,2,60,,55835,3,,,2,20,,55846,3,,,2,20,,55856,3,,,2,100,,55845,3,,,1,100,,55837,3,,,2,100,,55860,3,,,1,100,,55861,3,,,2,101,,55847,3,,,2,99,,55857,3,,,1,61,,55850,3,,,2,20,,55833,3,,,1,20,,55852,3,,,2,60,,55858,3,,,2,21,,55863,3,,,2,19,,55834,3,,,1,60,,55853,3,,,2,20,,55851,3,,,1,20,,55839,3,,,2,60,,55859,3,,,1,100,,55840,3,,,1,100,,55838,3,,,1,99,,55842,3,,,1,100,,55854,3,,,1,100,,55862,3,,,1
6600,'Semaine-12-_26ÉTÉ-1111100-',556,,55874,3,,,1,60,,55880,3,,,2,20,,55875,3,,,2,20,,55867,3,,,2,60,,55879,3,,,2,20,,55872,3,,,1,20,,55886,3,,,2,60,,55866,3,,,2,20,,55877,3,,,2,20,,55887,3,,,2,100,,55876,3,,,1,100,,55868,3,,,2,100,,55891,3,,,1,100,,55892,3,,,2,101,,55878,3,,,2,99,,55888,3,,,1,61,,55881,3,,,2,20,,55864,3,,,1,20,,55883,3,,,2,60,,55889,3,,,2,21,,55894,3,,,2,19,,55865,3,,,1,60,,55884,3,,,2,20,,55882,3,,,1,20,,55870,3,,,2,60,,55890,3,,,1,100,,55871,3,,,1,100,,55869,3,,,1,99,,55873,3,,,1,100,,55885,3,,,1,100,,55893,3,,,1
6600,'Semaine-5-_26ÉTÉ-1111100-',556,,55905,3,,,1,60,,55911,3,,,2,20,,55906,3,,,2,20,,55898,3,,,2,60,,55910,3,,,2,20,,55903,3,,,1,20,,55917,3,,,2,60,,55897,3,,,2,20,,55908,3,,,2,20,,55918,3,,,2,100,,55907,3,,,1,100,,55899,3,,,2,100,,55922,3,,,1,100,,55923,3,,,2,101,,55909,3,,,2,99,,55919,3,,,1,61,,55912,3,,,2,20,,55895,3,,,1,20,,55914,3,,,2,60,,55920,3,,,2,21,,55925,3,,,2,19,,55896,3,,,1,60,,55915,3,,,2,20,,55913,3,,,1,20,,55901,3,,,2,60,,55921,3,,,1,100,,55902,3,,,1,100,,55900,3,,,1,99,,55904,3,,,1,100,,55916,3,,,1,100,,55924,3,,,1
6900,'Samedi-0-_26ÉTÉ-0000010-',844,,57069,3,,,1,100,,57068,3,,,1,100,,57070,3,,,1,100,,57072,3,,,1,100,,57071,3,,,1,100,,57073,3,,,1,101,,57074,3,,,1,99,,57075,3,,,1,100,,57076,3,,,1,100,,57077,3,,,1,100,,57078,3,,,1,100,,57079,3,,,2,100,,57080,3,,,2,100,,57081,3,,,2,100,,57082,3,,,2
6900,'Dimanche-0-_26ÉTÉ-0000001-',844,,57085,3,,,1,100,,57086,3,,,1,100,,57083,3,,,1,100,,57084,3,,,1,100,,57087,3,,,1,100,,57088,3,,,1,101,,57091,3,,,1,99,,57092,3,,,1,100,,57089,3,,,1,100,,57090,3,,,1,100,,57097,3,,,1,100,,57095,3,,,2,100,,57096,3,,,2,100,,57093,3,,,2,100,,57094,3,,,2
6900,'Dimanche-10-_26ÉTÉ-0000001-',844,,57100,3,,,1,100,,57101,3,,,1,100,,57098,3,,,1,100,,57099,3,,,1,100,,57102,3,,,1,100,,57103,3,,,1,101,,57106,3,,,1,99,,57107,3,,,1,100,,57104,3,,,1,100,,57105,3,,,1,100,,57112,3,,,1,100,,57110,3,,,2,100,,57111,3,,,2,100,,57108,3,,,2,100,,57109,3,,,2
6900,'Dimanche-11-_26ÉTÉ-0000001-',844,,57115,3,,,1,100,,57116,3,,,1,100,,57113,3,,,1,100,,57114,3,,,1,100,,57117,3,,,1,100,,57118,3,,,1,101,,57121,3,,,1,99,,57122,3,,,1,100,,57119,3,,,1,100,,57120,3,,,1,100,,57127,3,,,1,100,,57125,3,,,2,100,,57126,3,,,2,100,,57123,3,,,2,100,,57124,3,,,2
6900,'Semaine-1-_26ÉTÉ-1111100-',837,,57137,3,,,1,101,,57138,3,,,2,100,,57139,3,,,2,100,,57140,3,,,2,95,,57141,3,,,2,100,,57142,3,,,1,100,,57146,3,,,2,70,,57133,3,,,1,30,,57130,3,,,2,71,,57128,3,,,1,29,,57143,3,,,2,72,,57134,3,,,2,28,,57144,3,,,2,70,,57147,3,,,2,30,,57145,3,,,2,80,,57136,3,,,2,100,,57135,3,,,2,100,,57129,3,,,1,100,,57132,3,,,1,100,,57131,3,,,1
6900,'Semaine-10-_26ÉTÉ-1111100-',837,,57157,3,,,1,101,,57158,3,,,2,100,,57159,3,,,2,100,,57160,3,,,2,95,,57161,3,,,2,100,,57162,3,,,1,100,,57166,3,,,2,70,,57153,3,,,1,30,,57150,3,,,2,71,,57148,3,,,1,29,,57163,3,,,2,72,,57154,3,,,2,28,,57164,3,,,2,70,,57167,3,,,2,30,,57165,3,,,2,80,,57156,3,,,2,100,,57155,3,,,2,100,,57149,3,,,2,100,,57152,3,,,2,100,,57151,3,,,2
6900,'Semaine-11-_26ÉTÉ-1111100-',837,,57177,3,,,1,101,,57178,3,,,2,100,,57179,3,,,2,100,,57180,3,,,2,95,,57181,3,,,2,100,,57182,3,,,1,100,,57186,3,,,2,70,,57173,3,,,1,30,,57170,3,,,2,71,,57168,3,,,1,29,,57183,3,,,2,72,,57174,3,,,2,28,,57184,3,,,2,70,,57187,3,,,2,30,,57185,3,,,2,80,,57176,3,,,2,100,,57175,3,,,2,100,,57169,3,,,1,100,,57172,3,,,1,100,,57171,3,,,1
6900,'Semaine-12-_26ÉTÉ-1111100-',837,,57197,3,,,1,101,,57198,3,,,2,100,,57199,3,,,2,100,,57200,3,,,2,95,,57201,3,,,2,100,,57202,3,,,1,100,,57206,3,,,2,70,,57193,3,,,1,30,,57190,3,,,2,71,,57188,3,,,1,29,,57203,3,,,2,72,,57194,3,,,2,28,,57204,3,,,2,70,,57207,3,,,2,30,,57205,3,,,2,80,,57196,3,,,2,100,,57195,3,,,2,100,,57189,3,,,1,100,,57192,3,,,1,100,,57191,3,,,1
6900,'Semaine-5-_26ÉTÉ-1111100-',837,,57217,3,,,1,101,,57218,3,,,2,100,,57219,3,,,2,100,,57220,3,,,2,95,,57221,3,,,2,100,,57222,3,,,1,100,,57226,3,,,2,70,,57213,3,,,1,30,,57210,3,,,2,71,,57208,3,,,1,29,,57223,3,,,2,72,,57214,3,,,2,28,,57224,3,,,2,70,,57227,3,,,2,30,,57225,3,,,2,80,,57216,3,,,2,100,,57215,3,,,2,100,,57209,3,,,1,100,,57212,3,,,1,100,,57211,3,,,1
