3100,'Samedi-11',754,,24633,49,,,1,70,,24634,49,,,1,104,,24635,49,,,1,102,,24632,49,,,1,102,,24638,49,,,1,102,,24639,49,,,1,101,,24636,49,,,1,100,,24637,49,,,1,100,,24640,49,,,1,102,,24641,49,,,1,98,,24642,49,,,1,100,,24643,49,,,1,91,,24649,49,,,1,100,,24644,49,,,1,100,,24645,49,,,1,100,,24646,49,,,1,100,,24647,49,,,1,100,,24648,49,,,1,94,,24650,49,,,1
3100,'Samedi-2',754,,24652,49,,,1,70,,24653,49,,,1,104,,24654,49,,,1,102,,24651,49,,,1,102,,24657,49,,,1,102,,24658,49,,,1,101,,24655,49,,,1,100,,24656,49,,,1,100,,24659,49,,,1,102,,24660,49,,,1,98,,24661,49,,,1,100,,24662,49,,,1,91,,24668,49,,,1,100,,24663,49,,,1,100,,24664,49,,,1,100,,24665,49,,,1,100,,24666,49,,,1,100,,24667,49,,,1,94,,24669,49,,,1
3100,'Dimanche-2',754,,24674,49,,,1,70,,24675,49,,,1,104,,24676,49,,,1,102,,24677,49,,,1,102,,24670,49,,,1,102,,24671,49,,,1,101,,24672,49,,,1,100,,24673,49,,,1,100,,24679,49,,,1,102,,24680,49,,,1,98,,24678,49,,,1,100,,24681,49,,,1,91,,24684,49,,,1,100,,24688,49,,,1,100,,24682,49,,,1,100,,24683,49,,,1,100,,24686,49,,,1,100,,24685,49,,,1,94,,24687,49,,,1
3100,'Semaine-3',641,,24693,47,,,1,75,,24728,47,,,1,32,,24706,47,,,1,72,,24694,47,,,1,20,,24734,47,,,1,14,,24731,47,,,1,60,,24690,47,,,1,16,,24703,47,,,1,17,,24704,47,,,1,12,,24720,47,,,1,59,,24695,47,,,1,21,,24697,47,,,1,20,,24714,47,,,1,60,,24715,47,,,1,20,,24721,47,,,1,20,,24696,47,,,1,60,,24701,47,,,1,21,,24722,47,,,1,60,,24729,47,,,1,19,,24717,47,,,1,20,,24698,47,,,1,61,,24691,47,,,1,17,,24727,47,,,1,22,,24732,47,,,1,19,,24716,47,,,1,59,,24699,47,,,1,19,,24719,47,,,1,72,,24723,47,,,1,21,,24730,47,,,1,16,,24718,47,,,1,14,,24700,47,,,1,61,,24711,47,,,1,20,,24713,47,,,1,62,,24702,47,,,1,3,,24689,40,,,1,13,,24707,47,,,1,21,,24692,47,,,1,13,,24725,47,,,1,58,,24733,47,,,1,26,,24708,49,,,1,98,,24726,49,,,1,99,,24709,49,,,1,100,,24705,49,,,1,99,,24710,49,,,1,102,,24712,49,,,1,103,,24724,49,,,1
3301,'Samedi-11',712,,25033,18,,,1,100,,25034,18,,,1,100,,25031,18,,,1,100,,25037,18,,,1,99,,25038,18,,,1,101,,25032,18,,,1,100,,25035,18,,,1,100,,25036,18,,,1,101,,25039,18,,,1,99,,25040,18,,,1,100,,25041,18,,,1,99,,25048,18,,,1,100,,25042,18,,,1,100,,25043,18,,,1,100,,25044,18,,,1,100,,25045,18,,,1,100,,25046,18,,,1,100,,25047,18,,,1
3301,'Samedi-2',712,,25051,18,,,1,100,,25052,18,,,1,100,,25049,18,,,1,100,,25055,18,,,1,99,,25056,18,,,1,101,,25050,18,,,1,100,,25053,18,,,1,100,,25054,18,,,1,101,,25057,18,,,1,99,,25058,18,,,1,100,,25059,18,,,1,99,,25066,18,,,1,100,,25060,18,,,1,100,,25061,18,,,1,100,,25062,18,,,1,100,,25063,18,,,1,100,,25064,18,,,1,100,,25065,18,,,1
3301,'Dimanche-2',712,,25071,18,,,1,100,,25072,18,,,1,100,,25073,18,,,1,100,,25067,18,,,1,99,,25068,18,,,1,101,,25069,18,,,1,100,,25070,18,,,1,100,,25075,18,,,1,101,,25076,18,,,1,99,,25074,18,,,1,100,,25077,18,,,1,99,,25080,18,,,1,100,,25084,18,,,1,100,,25078,18,,,1,100,,25079,18,,,1,100,,25082,18,,,1,100,,25081,18,,,1,100,,25083,18,,,1
3301,'Semaine-3',558,,25108,18,,,1,62,,25116,18,,,2,24,,25093,18,,,1,57,,25113,18,,,1,15,,25109,18,,,1,5,,25104,18,,,1,9,,25124,18,,,1,13,,25122,18,,,1,16,,25111,18,,,1,57,,25099,18,,,1,10,,25115,18,,,2,16,,25089,18,,,1,70,,25101,18,,,2,29,,25107,18,,,1,71,,25097,18,,,1,28,,25118,18,,,1,71,,25102,18,,,1,29,,25094,18,,,1,72,,25096,18,,,1,19,,25114,18,,,1,6,,25123,18,,,1,67,,25105,18,,,1,30,,25095,18,,,1,71,,25100,18,,,1,31,,25103,18,,,1,12,,25125,18,,,2,57,,25106,18,,,1,17,,25098,18,,,2,13,,25110,18,,,1,73,,25091,18,,,1,23,,25121,18,,,2,25,,25088,18,,,2,71,,25085,18,,,2,32,,25119,18,,,1,83,,25092,18,,,2,69,,25087,18,,,2,97,,25090,18,,,1,41,,25112,18,,,2,105,,25117,18,,,1,98,,25086,18,,,2,164,,25120,18,,,1
3501,'Semaine-3',654,,25439,11,,,1,77,,25450,11,,,1
33101,'Semaine-3',1639,,29282,32,0,7 8,1
56601,'Semaine-3',719,,30096,43,0,5 6,1
56901,'Semaine-3',719,,30098,26,0,5 6,1
83100,'Semaine-3',1545,,30327,25,0,9 12 13,1
