4100,'Semaine-3',1555,,26139,43,,,1,71,,26141,43,,,1,33,,26140,43,,,1,66,,26138,43,,,1,29,,26142,43,,,1
4901,'Samedi-11',752,,26266,51,,,1,100,,26265,51,,,1,100,,26267,51,,,1,102,,26263,51,,,1,100,,26268,51,,,1,102,,26264,51,,,1,99,,26269,51,,,1,103,,26270,51,,,1,99,,26271,51,,,1,100,,26272,51,,,1,100,,26273,51,,,1,94,,26274,51,,,1,102,,26275,51,,,1,100,,26276,51,,,1,100,,26277,51,,,1,98,,26278,51,,,1,99,,26279,51,,,1
4901,'Samedi-2',752,,26283,51,,,1,100,,26282,51,,,1,100,,26284,51,,,1,102,,26280,51,,,1,100,,26285,51,,,1,102,,26281,51,,,1,99,,26286,51,,,1,103,,26287,51,,,1,99,,26288,51,,,1,100,,26289,51,,,1,100,,26290,51,,,1,94,,26291,51,,,1,102,,26292,51,,,1,100,,26293,51,,,1,100,,26294,51,,,1,98,,26295,51,,,1,99,,26296,51,,,1
4901,'Dimanche-2',752,,26301,51,,,1,100,,26297,51,,,1,100,,26300,51,,,1,102,,26302,51,,,1,100,,26299,51,,,1,102,,26298,51,,,1,99,,26304,51,,,1,103,,26305,51,,,1,99,,26303,51,,,1,100,,26309,51,,,1,100,,26313,51,,,1,94,,26306,51,,,1,102,,26307,51,,,1,100,,26308,51,,,1,99,,26310,51,,,1,99,,26311,51,,,1,99,,26312,51,,,1
4901,'Semaine-3',638,,26320,51,,,1,89,,26325,51,,,1,31,,26341,51,,,1,75,,26337,51,,,1,68,,26335,51,,,1,27,,26345,51,,,1,27,,26327,51,,,1,69,,26343,51,,,1,29,,26339,51,,,1,72,,26314,51,,,1,30,,26336,51,,,1,70,,26315,51,,,1,32,,26321,51,,,1,68,,26323,51,,,1,30,,26328,51,,,1,68,,26344,51,,,1,33,,26326,51,,,1,71,,26346,51,,,1,25,,26342,51,,,1,52,,26329,51,,,1,16,,26316,51,,,1,14,,26332,51,,,1,70,,26322,51,,,1,26,,26324,51,,,1,29,,26340,51,,,1,66,,26334,51,,,1,31,,26338,51,,,1,93,,26317,51,,,1,80,,26333,51,,,1,100,,26331,51,,,1,96,,26318,51,,,1,103,,26330,51,,,1,92,,26319,51,,,1
64101,'Semaine-3',1514,,30111,17,0,9 10,1
80001,'Samedi-11',650,,30223,46,,,1,100,,30225,46,,,1,99,,30226,46,,,2,100,,30229,46,,,1,103,,30224,46,,,2,100,,30227,46,,,1,100,,30230,46,,,1,99,,30228,46,,,2,100,,30231,46,,,1,100,,30232,46,,,1,100,,30233,46,,,2,100,,30234,46,,,1,97,,30237,46,,,1,100,,30235,46,,,1,100,,30236,46,,,2,100,,30238,46,,,1,100,,30239,46,,,1
80001,'Samedi-2',650,,30240,46,,,1,100,,30242,46,,,1,99,,30243,46,,,2,100,,30246,46,,,1,103,,30241,46,,,2,100,,30244,46,,,1,100,,30247,46,,,1,99,,30245,46,,,2,100,,30248,46,,,1,100,,30249,46,,,1,100,,30250,46,,,2,100,,30251,46,,,1,97,,30254,46,,,1,100,,30252,46,,,1,100,,30253,46,,,2,100,,30255,46,,,1,100,,30256,46,,,1
80001,'Dimanche-2',650,,30257,46,,,1,100,,30258,46,,,1,99,,30262,46,,,2,100,,30259,46,,,1,103,,30263,46,,,2,100,,30260,46,,,1,100,,30261,46,,,1,99,,30265,46,,,2,100,,30264,46,,,1,100,,30266,46,,,1,100,,30268,46,,,2,100,,30269,46,,,1,97,,30270,46,,,1,100,,30267,46,,,1,100,,30271,46,,,2,100,,30272,46,,,1,100,,30273,46,,,1
80001,'Semaine-3',641,,30296,46,,,1,71,,30282,46,,,1,33,,30302,46,,,2,70,,30286,46,,,1,30,,30276,46,,,1,66,,30293,46,,,1,29,,30290,46,,,1,70,,30298,46,,,1,30,,30303,46,,,1,70,,30289,46,,,2,30,,30297,46,,,1,70,,30279,46,,,1,30,,30307,46,,,1,71,,30306,46,,,1,33,,30277,46,,,1,70,,30300,46,,,1,30,,30288,46,,,2,70,,30294,46,,,1,36,,30304,46,,,2,69,,30291,46,,,1,16,,30301,46,,,1,18,,30308,46,,,1,66,,30299,46,,,2,28,,30292,46,,,1,70,,30280,46,,,2,27,,30284,46,,,1,67,,30274,46,,,1,30,,30305,46,,,1,70,,30281,46,,,1,27,,30283,46,,,1,69,,30287,46,,,1,30,,30275,46,,,1,70,,30295,46,,,1,30,,30278,46,,,1,70,,30285,46,,,1
