9700,'Samedi-0-_26ÉTÉ-0000010-',835,,60249,24,,,2,100,,60252,24,,,2,100,,60247,24,,,1,100,,60248,24,,,1,100,,60251,24,,,2,100,,60250,24,,,2,100,,60253,24,,,1,100,,60254,24,,,2,100,,60255,24,,,2,101,,60256,24,,,1,100,,60261,24,,,1,100,,60257,24,,,1,100,,60258,24,,,1,100,,60259,24,,,1,99,,60260,24,,,2,100,,60262,24,,,1,100,,60263,24,,,1
9700,'Dimanche-0-_26ÉTÉ-0000001-',835,,60267,24,,,2,100,,60269,24,,,2,100,,60266,24,,,1,100,,60265,24,,,1,100,,60264,24,,,2,100,,60268,24,,,2,100,,60271,24,,,1,100,,60270,24,,,2,100,,60276,24,,,2,101,,60278,24,,,1,100,,60280,24,,,1,100,,60272,24,,,1,100,,60273,24,,,1,100,,60274,24,,,1,99,,60275,24,,,2,100,,60279,24,,,1,100,,60277,24,,,1
9700,'Dimanche-10-_26ÉTÉ-0000001-',835,,60284,24,,,2,100,,60286,24,,,2,100,,60283,24,,,1,100,,60282,24,,,1,100,,60281,24,,,2,100,,60285,24,,,2,100,,60288,24,,,1,100,,60287,24,,,2,100,,60293,24,,,2,101,,60295,24,,,1,100,,60297,24,,,1,100,,60289,24,,,1,100,,60290,24,,,1,100,,60291,24,,,1,99,,60292,24,,,2,100,,60296,24,,,1,100,,60294,24,,,1
9700,'Dimanche-11-_26ÉTÉ-0000001-',835,,60301,24,,,2,100,,60303,24,,,2,100,,60300,24,,,1,100,,60299,24,,,1,100,,60298,24,,,2,100,,60302,24,,,2,100,,60305,24,,,1,100,,60304,24,,,2,100,,60310,24,,,2,101,,60312,24,,,1,100,,60314,24,,,1,100,,60306,24,,,1,100,,60307,24,,,1,100,,60308,24,,,1,99,,60309,24,,,2,100,,60313,24,,,1,100,,60311,24,,,1
9700,'Semaine-1-_26ÉTÉ-1111100-',707,,60333,24,,,1,27,,60334,24,,,1,96,,60323,24,,,2,101,,60319,24,,,1,96,,60332,24,,,2,99,,60327,24,,,2,101,,60324,24,,,1,100,,60329,24,,,2,102,,60315,24,,,1,94,,60320,24,,,1,104,,60328,24,,,1,96,,60330,28,,,2,103,,60321,28,,,2,74,,60316,28,,,2,19,,60325,24,,,1,102,,60317,24,,,2,98,,60326,24,,,1,100,,60322,24,,,1,102,,60318,24,,,2,110,,60331,24,,,1
9700,'Semaine-10-_26ÉTÉ-1111100-',707,,60353,24,,,1,27,,60354,24,,,1,96,,60343,24,,,2,101,,60339,24,,,1,96,,60352,24,,,2,99,,60347,24,,,2,101,,60344,24,,,1,100,,60349,24,,,2,102,,60335,24,,,1,94,,60340,24,,,1,104,,60348,24,,,1,96,,60350,28,,,2,103,,60341,28,,,2,74,,60336,28,,,2,19,,60345,24,,,1,102,,60337,24,,,2,98,,60346,24,,,1,100,,60342,24,,,1,102,,60338,24,,,2,110,,60351,24,,,1
9700,'Semaine-11-_26ÉTÉ-1111100-',707,,60373,24,,,1,27,,60374,24,,,1,96,,60363,24,,,2,101,,60359,24,,,1,96,,60372,24,,,2,99,,60367,24,,,2,101,,60364,24,,,1,100,,60369,24,,,2,102,,60355,24,,,1,94,,60360,24,,,1,104,,60368,24,,,1,96,,60370,28,,,2,103,,60361,28,,,2,74,,60356,28,,,2,19,,60365,24,,,1,102,,60357,24,,,2,98,,60366,24,,,1,100,,60362,24,,,1,102,,60358,24,,,2,110,,60371,24,,,1
9700,'Semaine-12-_26ÉTÉ-1111100-',707,,60393,24,,,1,27,,60394,24,,,1,96,,60383,24,,,2,101,,60379,24,,,1,96,,60392,24,,,2,99,,60387,24,,,2,101,,60384,24,,,1,100,,60389,24,,,2,102,,60375,24,,,1,94,,60380,24,,,1,104,,60388,24,,,1,96,,60390,28,,,2,103,,60381,28,,,2,74,,60376,28,,,2,19,,60385,24,,,1,102,,60377,24,,,2,98,,60386,24,,,1,100,,60382,24,,,1,102,,60378,24,,,2,110,,60391,24,,,1
9700,'Semaine-5-_26ÉTÉ-1111100-',707,,60413,24,,,1,27,,60414,24,,,1,96,,60403,24,,,2,101,,60399,24,,,1,96,,60412,24,,,2,99,,60407,24,,,2,101,,60404,24,,,1,100,,60409,24,,,2,102,,60395,24,,,1,94,,60400,24,,,1,104,,60408,24,,,1,96,,60410,28,,,2,103,,60401,28,,,2,74,,60396,28,,,2,19,,60405,24,,,1,102,,60397,24,,,2,98,,60406,24,,,1,100,,60402,24,,,1,102,,60398,24,,,2,110,,60411,24,,,1
29700,'Semaine-5-_26ÉTÉ-1111100-',737,,61034,20,,,2
