2700,'Semaine-2-_26ÉTÉ-1111100-',1616,,38795,31,,,1,30,,38793,31,,,2,67,,38797,31,,,1,30,,38794,31,,,1,68,,38796,31,,,2
2700,'Semaine-3-_26ÉTÉ-1111100-',1616,,38800,31,,,1,30,,38798,31,,,2,67,,38802,31,,,1,30,,38799,31,,,1,68,,38801,31,,,2
2700,'Semaine-4-_26ÉTÉ-1111100-',1616,,38805,31,,,1,30,,38803,31,,,2,67,,38807,31,,,1,30,,38804,31,,,1,68,,38806,31,,,2
3301,'Samedi-10-_26ÉTÉ-0000010-',705,,39624,7,,,1,100,,39625,7,,,1,100,,39622,7,,,2,100,,39628,7,,,1,99,,39629,7,,,1,101,,39623,7,,,1,100,,39626,7,,,1,100,,39627,7,,,1,100,,39630,7,,,1,100,,39631,7,,,1,100,,39632,7,,,1,99,,39639,7,,,1,100,,39633,7,,,1,100,,39634,7,,,1,100,,39635,7,,,1,100,,39636,7,,,1,100,,39637,7,,,1,100,,39638,7,,,1
3301,'Semaine-2-_26ÉTÉ-1111100-',551,,39663,7,,,2,62,,39671,7,,,2,23,,39648,7,,,1,17,,39668,7,,,1,55,,39664,7,,,2,4,,39659,7,,,1,9,,39679,7,,,1,11,,39677,7,,,2,22,,39666,7,,,2,54,,39654,7,,,1,10,,39670,7,,,2,17,,39644,7,,,1,70,,39656,7,,,1,29,,39662,7,,,1,71,,39652,7,,,2,28,,39673,7,,,1,71,,39657,7,,,1,29,,39649,7,,,1,72,,39651,7,,,1,19,,39669,7,,,1,6,,39678,7,,,1,27,,39660,7,,,1,70,,39650,7,,,1,31,,39655,7,,,1,71,,39658,7,,,1,11,,39680,7,,,1,19,,39661,7,,,1,56,,39653,7,,,2,13,,39665,7,,,2,72,,39646,7,,,1,27,,39676,7,,,1,23,,39643,7,,,2,70,,39640,7,,,2,32,,39674,7,,,1,82,,39647,7,,,1,70,,39642,7,,,1,97,,39645,7,,,1,41,,39667,7,,,1,106,,39672,7,,,1,97,,39641,7,,,1,164,,39675,7,,,1
3301,'Semaine-3-_26ÉTÉ-1111100-',551,,39704,7,,,2,62,,39712,7,,,2,23,,39689,7,,,1,17,,39709,7,,,1,55,,39705,7,,,2,4,,39700,7,,,1,9,,39720,7,,,1,11,,39718,7,,,2,22,,39707,7,,,2,54,,39695,7,,,1,10,,39711,7,,,2,17,,39685,7,,,1,70,,39697,7,,,1,29,,39703,7,,,1,71,,39693,7,,,2,28,,39714,7,,,1,71,,39698,7,,,1,29,,39690,7,,,1,72,,39692,7,,,1,19,,39710,7,,,1,6,,39719,7,,,1,27,,39701,7,,,1,70,,39691,7,,,1,31,,39696,7,,,1,71,,39699,7,,,1,11,,39721,7,,,1,19,,39702,7,,,1,56,,39694,7,,,2,13,,39706,7,,,2,72,,39687,7,,,1,27,,39717,7,,,1,23,,39684,7,,,2,70,,39681,7,,,2,32,,39715,7,,,1,82,,39688,7,,,1,70,,39683,7,,,1,97,,39686,7,,,1,41,,39708,7,,,1,106,,39713,7,,,1,97,,39682,7,,,1,164,,39716,7,,,1
3301,'Semaine-4-_26ÉTÉ-1111100-',551,,39745,7,,,2,62,,39753,7,,,2,23,,39730,7,,,1,17,,39750,7,,,1,55,,39746,7,,,2,4,,39741,7,,,1,9,,39761,7,,,1,11,,39759,7,,,2,22,,39748,7,,,2,54,,39736,7,,,1,10,,39752,7,,,2,17,,39726,7,,,1,70,,39738,7,,,1,29,,39744,7,,,1,71,,39734,7,,,2,28,,39755,7,,,1,71,,39739,7,,,1,29,,39731,7,,,1,72,,39733,7,,,1,19,,39751,7,,,1,6,,39760,7,,,1,27,,39742,7,,,1,70,,39732,7,,,1,31,,39737,7,,,1,71,,39740,7,,,1,11,,39762,7,,,1,19,,39743,7,,,1,56,,39735,7,,,2,13,,39747,7,,,2,72,,39728,7,,,1,27,,39758,7,,,1,23,,39725,7,,,2,70,,39722,7,,,2,32,,39756,7,,,1,82,,39729,7,,,1,70,,39724,7,,,1,97,,39727,7,,,1,41,,39749,7,,,1,106,,39754,7,,,1,97,,39723,7,,,1,164,,39757,7,,,1
33101,'Semaine-2-_26ÉTÉ-1111100-',1622,,45851,13,0,7 8,1
56601,'Semaine-2-_26ÉTÉ-1111100-',712,,46767,32,,,1
56601,'Semaine-3-_26ÉTÉ-1111100-',712,,46768,32,,,1
56601,'Semaine-4-_26ÉTÉ-1111100-',712,,46769,32,,,1
56901,'Semaine-2-_26ÉTÉ-1111100-',712,,46770,15,,,1
56901,'Semaine-3-_26ÉTÉ-1111100-',712,,46771,15,,,1
56901,'Semaine-4-_26ÉTÉ-1111100-',712,,46772,15,,,1
