2600,'Semaine-4',1614,,30375,36,,,1,32,,30374,36,,,1,68,,30373,36,,,2,30,,30376,36,,,1,67,,30377,36,,,1
2600,'Semaine-2-_26ÉTÉ-1111100-',1614,,38765,36,,,1,32,,38764,36,,,1,69,,38763,36,,,2,31,,38766,36,,,1,65,,38767,36,,,1
2600,'Semaine-3-_26ÉTÉ-1111100-',1614,,38770,36,,,1,32,,38769,36,,,1,69,,38768,36,,,2,31,,38771,36,,,1,65,,38772,36,,,1
2600,'Semaine-4-_26ÉTÉ-1111100-',1614,,38775,36,,,1,32,,38774,36,,,1,69,,38773,36,,,2,31,,38776,36,,,1,65,,38777,36,,,1
32600,'Semaine-4',1639,,34187,27,0,7 8,1
32600,'Semaine-2-_26ÉTÉ-1111100-',1639,,45840,27,0,7 8,1
42601,'Semaine-4',1513,,34797,13,0,9 14,1
72601,'Semaine-4',1530,,34850,16,,,1
73400,'Semaine-4',1701,,34853,53,0,5 11,1
82600,'Semaine-4',1541,,35011,17,0,9 12 13,1
