2001,'Semaine-1-_26ÉTÉ-1111100-',1535,,47130,7,,,1,100,,47131,7,,,1,99,,47132,7,,,2
2001,'Semaine-10-_26ÉTÉ-1111100-',1535,,47133,7,,,1,100,,47134,7,,,1,99,,47135,7,,,2
2001,'Semaine-11-_26ÉTÉ-1111100-',1535,,47136,7,,,1,100,,47137,7,,,1,99,,47138,7,,,2
2001,'Semaine-12-_26ÉTÉ-1111100-',1535,,47139,7,,,1,100,,47140,7,,,1,99,,47141,7,,,2
2001,'Semaine-5-_26ÉTÉ-1111100-',1535,,47142,7,,,1,100,,47143,7,,,1,99,,47144,7,,,2
2701,'Semaine-1-_26ÉTÉ-1111100-',624,,47337,23,,,1,87,,47338,23,,,1,46,,47335,23,,,1,68,,47336,23,,,1
2701,'Semaine-10-_26ÉTÉ-1111100-',624,,47341,23,,,1,87,,47342,23,,,1,46,,47339,23,,,1,68,,47340,23,,,1
2701,'Semaine-11-_26ÉTÉ-1111100-',624,,47345,23,,,1,87,,47346,23,,,1,46,,47343,23,,,1,68,,47344,23,,,1
2701,'Semaine-12-_26ÉTÉ-1111100-',624,,47349,23,,,1,87,,47350,23,,,1,46,,47347,23,,,1,68,,47348,23,,,1
2701,'Semaine-5-_26ÉTÉ-1111100-',624,,47353,23,,,1,87,,47354,23,,,1,46,,47351,23,,,1,68,,47352,23,,,1
3901,'Samedi-0-_26ÉTÉ-0000010-',610,,51457,7,,,1,100,,51459,7,,,1,100,,51463,7,,,1,100,,51462,7,,,1,100,,51465,7,,,1,100,,51464,7,,,1,100,,51460,7,,,1,30,,51458,7,,,1,70,,51466,7,,,1,30,,51461,7,,,2,70,,51467,7,,,1,30,,51468,7,,,1,70,,51469,7,,,2,30,,51470,7,,,1,70,,51471,7,,,1,30,,51472,7,,,1,70,,51473,7,,,1,30,,51474,7,,,1,70,,51475,7,,,1,30,,51476,7,,,1,100,,51477,7,,,1,100,,51478,7,,,1,100,,51479,7,,,1,100,,51480,7,,,1
3901,'Dimanche-0-_26ÉTÉ-0000001-',610,,51481,7,,,1,100,,51488,7,,,1,100,,51482,7,,,1,100,,51485,7,,,1,100,,51490,7,,,1,100,,51483,7,,,1,100,,51489,7,,,1,30,,51484,7,,,1,70,,51486,7,,,1,30,,51491,7,,,2,70,,51493,7,,,1,30,,51487,7,,,1,70,,51492,7,,,2,30,,51494,7,,,1,70,,51495,7,,,1,30,,51500,7,,,1,70,,51502,7,,,1,30,,51504,7,,,1,70,,51501,7,,,1,30,,51498,7,,,1,100,,51499,7,,,1,100,,51503,7,,,1,100,,51496,7,,,1,100,,51497,7,,,1
3901,'Dimanche-10-_26ÉTÉ-0000001-',610,,51505,7,,,1,100,,51512,7,,,1,100,,51506,7,,,1,100,,51509,7,,,1,100,,51514,7,,,1,100,,51507,7,,,1,100,,51513,7,,,1,30,,51508,7,,,1,70,,51510,7,,,1,30,,51515,7,,,2,70,,51517,7,,,1,30,,51511,7,,,1,70,,51516,7,,,2,30,,51518,7,,,1,70,,51519,7,,,1,30,,51524,7,,,1,70,,51526,7,,,1,30,,51528,7,,,1,70,,51525,7,,,1,30,,51522,7,,,1,100,,51523,7,,,1,100,,51527,7,,,1,100,,51520,7,,,1,100,,51521,7,,,1
3901,'Dimanche-11-_26ÉTÉ-0000001-',610,,51529,7,,,1,100,,51536,7,,,1,100,,51530,7,,,1,100,,51533,7,,,1,100,,51538,7,,,1,100,,51531,7,,,1,100,,51537,7,,,1,30,,51532,7,,,1,70,,51534,7,,,1,30,,51539,7,,,2,70,,51541,7,,,1,30,,51535,7,,,1,70,,51540,7,,,2,30,,51542,7,,,1,70,,51543,7,,,1,30,,51548,7,,,1,70,,51550,7,,,1,30,,51552,7,,,1,70,,51549,7,,,1,30,,51546,7,,,1,100,,51547,7,,,1,100,,51551,7,,,1,100,,51544,7,,,1,100,,51545,7,,,1
3901,'Semaine-1-_26ÉTÉ-1111100-',630,,51575,7,,,2,26,,51564,7,,,1,76,,51565,7,,,1,74,,51561,7,,,1,33,,51567,7,,,1,70,,51569,7,,,1,30,,51576,7,,,1,70,,51587,7,,,1,30,,51582,7,,,2,70,,51577,7,,,1,30,,51562,7,,,1,70,,51571,7,,,2,30,,51578,7,,,1,70,,51563,7,,,1,30,,51560,7,,,2,71,,51579,7,,,1,29,,51572,7,,,2,70,,51553,7,,,1,31,,51580,7,,,2,70,,51558,7,,,1,30,,51555,7,,,1,71,,51583,7,,,1,28,,51568,7,,,1,72,,51574,7,,,1,32,,51559,7,,,2,72,,51581,7,,,1,25,,51554,7,,,2,66,,51584,7,,,1,30,,51557,7,,,1,70,,51573,7,,,1,32,,51585,7,,,1,70,,51556,7,,,1,30,,51566,7,,,1,73,,51586,7,,,1,30,,51570,7,,,1
3901,'Semaine-10-_26ÉTÉ-1111100-',630,,51610,7,,,2,26,,51599,7,,,1,76,,51600,7,,,1,74,,51596,7,,,1,33,,51602,7,,,1,70,,51604,7,,,1,30,,51611,7,,,1,70,,51622,7,,,1,30,,51617,7,,,2,70,,51612,7,,,1,30,,51597,7,,,1,70,,51606,7,,,2,30,,51613,7,,,1,70,,51598,7,,,1,30,,51595,7,,,2,71,,51614,7,,,1,29,,51607,7,,,2,70,,51588,7,,,1,31,,51615,7,,,2,70,,51593,7,,,1,30,,51590,7,,,1,71,,51618,7,,,1,28,,51603,7,,,1,72,,51609,7,,,1,32,,51594,7,,,2,72,,51616,7,,,1,25,,51589,7,,,2,66,,51619,7,,,1,30,,51592,7,,,1,70,,51608,7,,,1,32,,51620,7,,,1,70,,51591,7,,,1,30,,51601,7,,,1,73,,51621,7,,,1,30,,51605,7,,,1
3901,'Semaine-11-_26ÉTÉ-1111100-',630,,51645,7,,,2,26,,51634,7,,,1,76,,51635,7,,,1,74,,51631,7,,,1,33,,51637,7,,,1,70,,51639,7,,,1,30,,51646,7,,,1,70,,51657,7,,,1,30,,51652,7,,,2,70,,51647,7,,,1,30,,51632,7,,,1,70,,51641,7,,,2,30,,51648,7,,,1,70,,51633,7,,,1,30,,51630,7,,,2,71,,51649,7,,,1,29,,51642,7,,,2,70,,51623,7,,,1,31,,51650,7,,,2,70,,51628,7,,,1,30,,51625,7,,,1,71,,51653,7,,,1,28,,51638,7,,,1,72,,51644,7,,,1,32,,51629,7,,,2,72,,51651,7,,,1,25,,51624,7,,,2,66,,51654,7,,,1,30,,51627,7,,,1,70,,51643,7,,,1,32,,51655,7,,,1,70,,51626,7,,,1,30,,51636,7,,,1,73,,51656,7,,,1,30,,51640,7,,,1
3901,'Semaine-12-_26ÉTÉ-1111100-',630,,51680,7,,,2,26,,51669,7,,,1,76,,51670,7,,,1,74,,51666,7,,,1,33,,51672,7,,,1,70,,51674,7,,,1,30,,51681,7,,,1,70,,51692,7,,,1,30,,51687,7,,,2,70,,51682,7,,,1,30,,51667,7,,,1,70,,51676,7,,,2,30,,51683,7,,,1,70,,51668,7,,,1,30,,51665,7,,,2,71,,51684,7,,,1,29,,51677,7,,,2,70,,51658,7,,,1,31,,51685,7,,,2,70,,51663,7,,,1,30,,51660,7,,,1,71,,51688,7,,,1,28,,51673,7,,,1,72,,51679,7,,,1,32,,51664,7,,,2,72,,51686,7,,,1,25,,51659,7,,,2,66,,51689,7,,,1,30,,51662,7,,,1,70,,51678,7,,,1,32,,51690,7,,,1,70,,51661,7,,,1,30,,51671,7,,,1,73,,51691,7,,,1,30,,51675,7,,,1
3901,'Semaine-5-_26ÉTÉ-1111100-',630,,51715,7,,,2,26,,51704,7,,,1,76,,51705,7,,,1,74,,51701,7,,,1,33,,51707,7,,,1,70,,51709,7,,,1,30,,51716,7,,,1,70,,51727,7,,,1,30,,51722,7,,,2,70,,51717,7,,,1,30,,51702,7,,,1,70,,51711,7,,,2,30,,51718,7,,,1,70,,51703,7,,,1,30,,51700,7,,,2,71,,51719,7,,,1,29,,51712,7,,,2,70,,51693,7,,,1,31,,51720,7,,,2,70,,51698,7,,,1,30,,51695,7,,,1,71,,51723,7,,,1,28,,51708,7,,,1,72,,51714,7,,,1,32,,51699,7,,,2,72,,51721,7,,,1,25,,51694,7,,,2,66,,51724,7,,,1,30,,51697,7,,,1,70,,51713,7,,,1,32,,51725,7,,,1,70,,51696,7,,,1,30,,51706,7,,,1,73,,51726,7,,,1,30,,51710,7,,,1
6800,'Semaine-1-_26ÉTÉ-1111100-',611,,56776,15,,,1,30,,56785,15,,,1,70,,56783,15,,,1,30,,56792,15,,,1,70,,56789,15,,,1,30,,56768,15,,,1,70,,56790,15,,,1,30,,56769,15,,,1,70,,56773,15,,,1,30,,56791,15,,,1,70,,56778,15,,,1,30,,56771,15,,,1,74,,56787,15,,,1,36,,56779,15,,,1,70,,56786,15,,,1,30,,56780,15,,,1,70,,56774,15,,,1,30,,56777,15,,,1,60,,56784,15,,,1,18,,56794,15,,,1,24,,56781,15,,,1,60,,56788,15,,,1,22,,56782,15,,,1,18,,56796,15,,,1,57,,56793,15,,,1,20,,56795,15,,,1,20,,56770,15,,,1,70,,56775,15,,,1,30,,56772,15,,,1
6800,'Semaine-10-_26ÉTÉ-1111100-',611,,56805,15,,,1,30,,56814,15,,,1,70,,56812,15,,,1,30,,56821,15,,,1,70,,56818,15,,,1,30,,56797,15,,,1,70,,56819,15,,,1,30,,56798,15,,,1,70,,56802,15,,,1,30,,56820,15,,,1,70,,56807,15,,,1,30,,56800,15,,,1,74,,56816,15,,,1,36,,56808,15,,,1,70,,56815,15,,,1,30,,56809,15,,,1,70,,56803,15,,,1,30,,56806,15,,,1,60,,56813,15,,,1,18,,56823,15,,,1,24,,56810,15,,,1,60,,56817,15,,,1,22,,56811,15,,,1,18,,56825,15,,,1,57,,56822,15,,,1,20,,56824,15,,,1,20,,56799,15,,,1,70,,56804,15,,,1,30,,56801,15,,,1
6800,'Semaine-11-_26ÉTÉ-1111100-',611,,56834,15,,,1,30,,56843,15,,,1,70,,56841,15,,,1,30,,56850,15,,,1,70,,56847,15,,,1,30,,56826,15,,,1,70,,56848,15,,,1,30,,56827,15,,,1,70,,56831,15,,,1,30,,56849,15,,,1,70,,56836,15,,,1,30,,56829,15,,,1,74,,56845,15,,,1,36,,56837,15,,,1,70,,56844,15,,,1,30,,56838,15,,,1,70,,56832,15,,,1,30,,56835,15,,,1,60,,56842,15,,,1,18,,56852,15,,,1,24,,56839,15,,,1,60,,56846,15,,,1,22,,56840,15,,,1,18,,56854,15,,,1,57,,56851,15,,,1,20,,56853,15,,,1,20,,56828,15,,,1,70,,56833,15,,,1,30,,56830,15,,,1
6800,'Semaine-12-_26ÉTÉ-1111100-',611,,56863,15,,,1,30,,56872,15,,,1,70,,56870,15,,,1,30,,56879,15,,,1,70,,56876,15,,,1,30,,56855,15,,,1,70,,56877,15,,,1,30,,56856,15,,,1,70,,56860,15,,,1,30,,56878,15,,,1,70,,56865,15,,,1,30,,56858,15,,,1,74,,56874,15,,,1,36,,56866,15,,,1,70,,56873,15,,,1,30,,56867,15,,,1,70,,56861,15,,,1,30,,56864,15,,,1,60,,56871,15,,,1,18,,56881,15,,,1,24,,56868,15,,,1,60,,56875,15,,,1,22,,56869,15,,,1,18,,56883,15,,,1,57,,56880,15,,,1,20,,56882,15,,,1,20,,56857,15,,,1,70,,56862,15,,,1,30,,56859,15,,,1
6800,'Semaine-5-_26ÉTÉ-1111100-',611,,56892,15,,,1,30,,56901,15,,,1,70,,56899,15,,,1,30,,56908,15,,,1,70,,56905,15,,,1,30,,56884,15,,,1,70,,56906,15,,,1,30,,56885,15,,,1,70,,56889,15,,,1,30,,56907,15,,,1,70,,56894,15,,,1,30,,56887,15,,,1,74,,56903,15,,,1,36,,56895,15,,,1,70,,56902,15,,,1,30,,56896,15,,,1,70,,56890,15,,,1,30,,56893,15,,,1,60,,56900,15,,,1,18,,56910,15,,,1,24,,56897,15,,,1,60,,56904,15,,,1,22,,56898,15,,,1,18,,56912,15,,,1,57,,56909,15,,,1,20,,56911,15,,,1,20,,56886,15,,,1,70,,56891,15,,,1,30,,56888,15,,,1
