6400,'Samedi-3',743,,32533,19,0,15 16,1,100,,32535,19,0,15 16,1,100,,32538,19,0,15 16,1,100,,32536,19,0,15 16,2,100,,32539,19,0,15 16,1,100,,32534,19,0,15 16,1,100,,32537,19,0,15 16,2,100,,32540,19,0,15 16,1,99,,32541,19,0,15 16,1,100,,32542,19,0,15 16,1,100,,32543,19,0,15 16,1,100,,32544,19,0,15 16,1
6400,'Samedi-4',743,,36720,19,0,15 16,1,100,,36722,19,0,15 16,1,100,,36725,19,0,15 16,1,100,,36723,19,0,15 16,2,100,,36726,19,0,15 16,1,100,,36721,19,0,15 16,1,100,,36724,19,0,15 16,2,100,,36727,19,0,15 16,1,99,,36728,19,0,15 16,1,100,,36729,19,0,15 16,1,100,,36730,19,0,15 16,1,100,,36731,19,0,15 16,1
6400,'Dimanche-3',743,,32545,19,0,15 16,1,100,,32550,19,0,15 16,1,100,,32546,19,0,15 16,1,100,,32549,19,0,15 16,2,100,,32552,19,0,15 16,1,100,,32551,19,0,15 16,1,100,,32548,19,0,15 16,2,100,,32547,19,0,15 16,1,99,,32555,19,0,15 16,1,100,,32556,19,0,15 16,1,100,,32553,19,0,15 16,1,100,,32554,19,0,15 16,1
6400,'Semaine-4',657,,32565,19,,,2,71,,32562,19,0,15 16,2,31,,32557,19,0,15 16,1,69,,32561,19,0,15 16,1,100,,32563,19,0,15 16,1,100,,32568,19,0,15 16,1,100,,32567,19,0,15 16,1,100,,32560,19,0,15 16,1,100,,32573,19,0,15 16,1,100,,32569,19,0,15 16,1,95,,32570,19,0,15 16,1,30,,32575,19,0,15 16,1,101,,32574,19,0,15 16,1,98,,32571,19,0,15 16,1,100,,32572,19,0,15 16,1,100,,32564,19,0,15 16,1,99,,32558,19,0,15 16,1,100,,32566,19,0,15 16,1,100,,32559,19,0,15 16,1
6400,'Samedi-10-_26ÉTÉ-0000010-',743,,42677,19,0,15 16,1,100,,42679,19,0,15 16,1,100,,42682,19,0,15 16,1,100,,42680,19,0,15 16,2,100,,42683,19,0,15 16,1,100,,42678,19,0,15 16,1,100,,42681,19,0,15 16,2,100,,42684,19,0,15 16,1,99,,42685,19,0,15 16,1,100,,42686,19,0,15 16,1,100,,42687,19,0,15 16,1,100,,42688,19,0,15 16,1
6400,'Semaine-2-_26ÉTÉ-1111100-',658,,42697,19,0,15 16,1,70,,42694,19,0,15 16,2,30,,42689,19,0,15 16,2,75,,42693,19,0,15 16,2,95,,42695,19,0,15 16,2,100,,42700,19,0,15 16,2,100,,42699,19,0,15 16,1,100,,42692,19,0,15 16,2,100,,42705,19,0,15 16,1,100,,42701,19,0,15 16,1,95,,42702,19,0,15 16,1,30,,42707,19,0,15 16,1,102,,42706,19,0,15 16,1,97,,42703,19,0,15 16,2,100,,42704,19,0,15 16,1,100,,42696,19,0,15 16,1,99,,42690,19,0,15 16,1,100,,42698,19,0,15 16,1,100,,42691,19,0,15 16,1
6400,'Semaine-3-_26ÉTÉ-1111100-',658,,42717,19,0,15 16,1,70,,42714,19,0,15 16,2,30,,42709,19,0,15 16,2,75,,42713,19,0,15 16,2,95,,42715,19,0,15 16,2,100,,42720,19,0,15 16,2,100,,42719,19,0,15 16,1,100,,42712,19,0,15 16,2,100,,42725,19,0,15 16,1,100,,42721,19,0,15 16,1,95,,42722,19,0,15 16,1,30,,42727,19,0,15 16,1,102,,42726,19,0,15 16,1,97,,42723,19,0,15 16,2,100,,42724,19,0,15 16,1,100,,42716,19,0,15 16,1,99,,42710,19,0,15 16,1,100,,42718,19,0,15 16,1,100,,42711,19,0,15 16,1
6400,'Semaine-4-_26ÉTÉ-1111100-',658,,42737,19,0,15 16,1,70,,42734,19,0,15 16,2,30,,42729,19,0,15 16,2,75,,42733,19,0,15 16,2,95,,42735,19,0,15 16,2,100,,42740,19,0,15 16,2,100,,42739,19,0,15 16,1,100,,42732,19,0,15 16,2,100,,42745,19,0,15 16,1,100,,42741,19,0,15 16,1,95,,42742,19,0,15 16,1,30,,42747,19,0,15 16,1,102,,42746,19,0,15 16,1,97,,42743,19,0,15 16,2,100,,42744,19,0,15 16,1,100,,42736,19,0,15 16,1,99,,42730,19,0,15 16,1,100,,42738,19,0,15 16,1,100,,42731,19,0,15 16,1
6600,'Samedi-3',722,,32754,18,,,1,100,,32757,18,,,1,100,,32755,18,,,2,100,,32758,18,,,1,100,,32752,18,,,1,100,,32753,18,,,1,100,,32756,18,,,1,100,,32759,18,,,2,100,,32760,18,,,1,100,,32761,18,,,1,100,,32762,18,,,1,100,,32763,18,,,1,100,,32765,18,,,1,100,,32764,18,,,1,100,,32766,18,,,1,100,,32767,18,,,1,100,,32768,18,,,2
6600,'Samedi-4',722,,36884,18,,,1,100,,36887,18,,,1,100,,36885,18,,,2,100,,36888,18,,,1,100,,36882,18,,,1,100,,36883,18,,,1,100,,36886,18,,,1,100,,36889,18,,,2,100,,36890,18,,,1,100,,36891,18,,,1,100,,36892,18,,,1,100,,36893,18,,,1,100,,36895,18,,,1,100,,36894,18,,,1,100,,36896,18,,,1,100,,36897,18,,,1,100,,36898,18,,,2
6600,'Dimanche-3',722,,32773,18,,,1,100,,32774,18,,,1,100,,32775,18,,,2,100,,32777,18,,,1,100,,32769,18,,,1,100,,32776,18,,,1,100,,32770,18,,,1,100,,32771,18,,,2,100,,32772,18,,,1,100,,32781,18,,,1,100,,32783,18,,,1,100,,32779,18,,,1,100,,32780,18,,,1,100,,32778,18,,,1,100,,32782,18,,,1,100,,32784,18,,,1,100,,32785,18,,,2
6600,'Semaine-4',608,,32796,18,,,1,20,,32802,18,,,1,20,,32797,18,,,1,63,,32789,18,,,1,19,,32801,18,,,1,18,,32794,18,,,2,60,,32808,18,,,1,20,,32788,18,,,1,18,,32799,18,,,1,60,,32809,18,,,1,100,,32798,18,,,1,100,,32790,18,,,1,100,,32813,18,,,1,98,,32814,18,,,1,102,,32800,18,,,1,101,,32810,18,,,1,23,,32803,18,,,1,18,,32786,18,,,1,60,,32805,18,,,1,22,,32811,18,,,1,19,,32816,18,,,2,59,,32787,18,,,1,22,,32806,18,,,1,18,,32804,18,,,2,61,,32792,18,,,1,21,,32812,18,,,1,97,,32793,18,,,2,100,,32791,18,,,1,98,,32795,18,,,1,100,,32807,18,,,1,100,,32815,18,,,1
6600,'Samedi-10-_26ÉTÉ-0000010-',722,,43054,18,,,1,100,,43057,18,,,1,100,,43055,18,,,2,100,,43058,18,,,1,100,,43052,18,,,1,100,,43053,18,,,1,100,,43056,18,,,1,100,,43059,18,,,2,100,,43060,18,,,1,100,,43061,18,,,1,100,,43062,18,,,1,100,,43063,18,,,1,100,,43065,18,,,1,100,,43064,18,,,1,100,,43066,18,,,1,100,,43067,18,,,1,100,,43068,18,,,2
6600,'Semaine-2-_26ÉTÉ-1111100-',606,,43079,18,,,1,20,,43085,18,,,2,20,,43080,18,,,2,60,,43072,18,,,2,20,,43084,18,,,2,20,,43077,18,,,1,60,,43091,18,,,2,20,,43071,18,,,2,20,,43082,18,,,2,60,,43092,18,,,2,100,,43081,18,,,1,100,,43073,18,,,2,100,,43096,18,,,1,100,,43097,18,,,2,101,,43083,18,,,2,99,,43093,18,,,1,21,,43086,18,,,2,20,,43069,18,,,1,60,,43088,18,,,2,20,,43094,18,,,2,21,,43099,18,,,2,59,,43070,18,,,1,20,,43089,18,,,2,20,,43087,18,,,1,60,,43075,18,,,2,20,,43095,18,,,1,100,,43076,18,,,1,100,,43074,18,,,1,98,,43078,18,,,1,100,,43090,18,,,1,100,,43098,18,,,1
6600,'Semaine-3-_26ÉTÉ-1111100-',606,,43110,18,,,1,20,,43116,18,,,2,20,,43111,18,,,2,60,,43103,18,,,2,20,,43115,18,,,2,20,,43108,18,,,1,60,,43122,18,,,2,20,,43102,18,,,2,20,,43113,18,,,2,60,,43123,18,,,2,100,,43112,18,,,1,100,,43104,18,,,2,100,,43127,18,,,1,100,,43128,18,,,2,101,,43114,18,,,2,99,,43124,18,,,1,21,,43117,18,,,2,20,,43100,18,,,1,60,,43119,18,,,2,20,,43125,18,,,2,21,,43130,18,,,2,59,,43101,18,,,1,20,,43120,18,,,2,20,,43118,18,,,1,60,,43106,18,,,2,20,,43126,18,,,1,100,,43107,18,,,1,100,,43105,18,,,1,98,,43109,18,,,1,100,,43121,18,,,1,100,,43129,18,,,1
6600,'Semaine-4-_26ÉTÉ-1111100-',606,,43141,18,,,1,20,,43147,18,,,2,20,,43142,18,,,2,60,,43134,18,,,2,20,,43146,18,,,2,20,,43139,18,,,1,60,,43153,18,,,2,20,,43133,18,,,2,20,,43144,18,,,2,60,,43154,18,,,2,100,,43143,18,,,1,100,,43135,18,,,2,100,,43158,18,,,1,100,,43159,18,,,2,101,,43145,18,,,2,99,,43155,18,,,1,21,,43148,18,,,2,20,,43131,18,,,1,60,,43150,18,,,2,20,,43156,18,,,2,21,,43161,18,,,2,59,,43132,18,,,1,20,,43151,18,,,2,20,,43149,18,,,1,60,,43137,18,,,2,20,,43157,18,,,1,100,,43138,18,,,1,100,,43136,18,,,1,98,,43140,18,,,1,100,,43152,18,,,1,100,,43160,18,,,1
