9300,'Semaine-4',1544,,33954,27,,,2,60,,33957,27,,,1,20,,33953,27,,,1,20,,33956,27,,,1,70,,33955,27,,,2,28,,33951,27,,,2,70,,33952,27,,,1
9300,'Semaine-2-_26ÉTÉ-1111100-',1544,,45316,27,,,2,60,,45319,27,,,2,20,,45315,27,,,1,20,,45318,27,,,1,71,,45317,27,,,2,30,,45313,27,,,2,67,,45314,27,,,1
9300,'Semaine-3-_26ÉTÉ-1111100-',1544,,45323,27,,,2,60,,45326,27,,,2,20,,45322,27,,,1,20,,45325,27,,,1,71,,45324,27,,,2,30,,45320,27,,,2,67,,45321,27,,,1
9300,'Semaine-4-_26ÉTÉ-1111100-',1544,,45330,27,,,2,60,,45333,27,,,2,20,,45329,27,,,1,20,,45332,27,,,1,71,,45331,27,,,2,30,,45327,27,,,2,67,,45328,27,,,1
9700,'Samedi-3',827,,33984,12,,,2,100,,33987,12,,,2,100,,33982,12,,,1,100,,33983,12,,,1,100,,33986,12,,,2,100,,33985,12,,,2,100,,33988,12,,,1,100,,33989,12,,,2,100,,33990,12,,,2,101,,33991,12,,,1,100,,33996,12,,,1,100,,33992,12,,,1,100,,33993,12,,,1,100,,33994,12,,,1,99,,33995,12,,,2,100,,33997,12,,,1,100,,33998,12,,,1
9700,'Dimanche-3',827,,34002,12,,,2,100,,34004,12,,,2,100,,34001,12,,,1,100,,34000,12,,,1,100,,33999,12,,,2,100,,34003,12,,,2,100,,34006,12,,,1,100,,34005,12,,,2,100,,34011,12,,,2,101,,34013,12,,,1,100,,34015,12,,,1,100,,34007,12,,,1,100,,34008,12,,,1,100,,34009,12,,,1,99,,34010,12,,,2,100,,34014,12,,,1,100,,34012,12,,,1
9700,'Semaine-4',659,,34034,12,,,1,66,,34035,12,,,1,97,,34024,12,,,2,99,,34020,12,,,2,98,,34033,12,,,1,102,,34028,12,,,2,98,,34025,12,,,1,100,,34030,12,,,1,101,,34016,12,,,2,95,,34021,12,,,2,102,,34029,12,,,1,98,,34031,16,,,1,103,,34022,16,,,1,34,,34017,16,,,1,59,,34026,12,,,2,102,,34018,12,,,1,99,,34027,12,,,1,100,,34023,12,,,1,101,,34019,12,,,1,111,,34032,12,,,1
9700,'Samedi-10-_26ÉTÉ-0000010-',827,,45408,12,,,2,100,,45411,12,,,2,100,,45406,12,,,1,100,,45407,12,,,1,100,,45410,12,,,2,100,,45409,12,,,2,100,,45412,12,,,1,100,,45413,12,,,2,100,,45414,12,,,2,101,,45415,12,,,1,100,,45420,12,,,1,100,,45416,12,,,1,100,,45417,12,,,1,100,,45418,12,,,1,99,,45419,12,,,2,100,,45421,12,,,1,100,,45422,12,,,1
9700,'Semaine-2-_26ÉTÉ-1111100-',659,,45441,12,,,1,66,,45442,12,,,1,97,,45431,12,,,2,101,,45427,12,,,1,96,,45440,12,,,2,100,,45435,12,,,2,100,,45432,12,,,1,100,,45437,12,,,2,101,,45423,12,,,1,94,,45428,12,,,1,105,,45436,12,,,1,96,,45438,16,,,2,103,,45429,16,,,2,34,,45424,16,,,2,59,,45433,12,,,1,102,,45425,12,,,2,99,,45434,12,,,1,100,,45430,12,,,1,102,,45426,12,,,2,110,,45439,12,,,1
9700,'Semaine-3-_26ÉTÉ-1111100-',659,,45461,12,,,1,66,,45462,12,,,1,97,,45451,12,,,2,101,,45447,12,,,1,96,,45460,12,,,2,100,,45455,12,,,2,100,,45452,12,,,1,100,,45457,12,,,2,101,,45443,12,,,1,94,,45448,12,,,1,105,,45456,12,,,1,96,,45458,16,,,2,103,,45449,16,,,2,34,,45444,16,,,2,59,,45453,12,,,1,102,,45445,12,,,2,99,,45454,12,,,1,100,,45450,12,,,1,102,,45446,12,,,2,110,,45459,12,,,1
9700,'Semaine-4-_26ÉTÉ-1111100-',659,,45481,12,,,1,66,,45482,12,,,1,97,,45471,12,,,2,101,,45467,12,,,1,96,,45480,12,,,2,100,,45475,12,,,2,100,,45472,12,,,1,100,,45477,12,,,2,101,,45463,12,,,1,94,,45468,12,,,1,105,,45476,12,,,1,96,,45478,16,,,2,103,,45469,16,,,2,34,,45464,16,,,2,59,,45473,12,,,1,102,,45465,12,,,2,99,,45474,12,,,1,100,,45470,12,,,1,102,,45466,12,,,2,110,,45479,12,,,1
