3100,'Samedi-11',712,,24633,4,,,1,30,,24634,4,,,1,100,,24635,4,,,1,101,,24632,4,,,1,100,,24638,4,,,1,100,,24639,4,,,1,101,,24636,4,,,1,100,,24637,4,,,1,100,,24640,4,,,1,102,,24641,4,,,1,98,,24642,4,,,1,100,,24643,4,,,1,96,,24649,4,,,1,100,,24644,4,,,1,99,,24645,4,,,1,100,,24646,4,,,1,100,,24647,4,,,1,100,,24648,4,,,1,98,,24650,4,,,1
3100,'Samedi-2',712,,24652,4,,,1,30,,24653,4,,,1,100,,24654,4,,,1,101,,24651,4,,,1,100,,24657,4,,,1,100,,24658,4,,,1,101,,24655,4,,,1,100,,24656,4,,,1,100,,24659,4,,,1,102,,24660,4,,,1,98,,24661,4,,,1,100,,24662,4,,,1,96,,24668,4,,,1,100,,24663,4,,,1,99,,24664,4,,,1,100,,24665,4,,,1,100,,24666,4,,,1,100,,24667,4,,,1,98,,24669,4,,,1
3100,'Dimanche-2',712,,24674,4,,,1,30,,24675,4,,,1,100,,24676,4,,,1,101,,24677,4,,,1,100,,24670,4,,,1,100,,24671,4,,,1,101,,24672,4,,,1,100,,24673,4,,,1,100,,24679,4,,,1,102,,24680,4,,,1,98,,24678,4,,,1,100,,24681,4,,,1,96,,24684,4,,,1,100,,24688,4,,,1,99,,24682,4,,,1,100,,24683,4,,,1,100,,24686,4,,,1,100,,24685,4,,,1,98,,24687,4,,,1
3100,'Semaine-3',555,,24693,4,,,1,75,,24728,4,,,1,70,,24706,4,,,1,27,,24694,4,,,1,20,,24734,4,,,1,54,,24731,4,,,1,20,,24690,4,,,1,16,,24703,4,,,1,17,,24704,4,,,1,52,,24720,4,,,1,19,,24695,4,,,1,21,,24697,4,,,1,60,,24714,4,,,1,20,,24715,4,,,1,20,,24721,4,,,1,60,,24696,4,,,1,20,,24701,4,,,1,21,,24722,4,,,1,60,,24729,4,,,1,19,,24717,4,,,1,20,,24698,4,,,1,61,,24691,4,,,1,17,,24727,4,,,1,22,,24732,4,,,1,59,,24716,4,,,1,20,,24699,4,,,1,19,,24719,4,,,1,63,,24723,4,,,1,21,,24730,4,,,1,20,,24718,4,,,1,54,,24700,4,,,1,21,,24711,4,,,1,20,,24713,4,,,1,62,,24702,4,,,1,18,,24707,4,,,1,21,,24692,4,,,1,58,,24725,4,,,1,18,,24733,4,,,1,26,,24708,4,,,1,98,,24726,4,,,1,100,,24709,4,,,1,100,,24705,4,,,1,99,,24710,4,,,1,102,,24712,4,,,1,103,,24724,4,,,1
3300,'Samedi-11',636,,24934,4,,,1,171,,24939,4,,,1,99,,24936,4,,,1,97,,24940,4,,,1,100,,24935,4,,,1,100,,24938,4,,,1,100,,24937,4,,,1,100,,24941,4,,,1,103,,24942,4,,,1,97,,24943,4,,,1,100,,24944,4,,,1,100,,24945,4,,,1,100,,24946,4,,,1,100,,24950,4,,,1,100,,24947,4,,,1,100,,24948,4,,,1,100,,24949,4,,,1,100,,24951,4,,,1
3300,'Samedi-2',636,,24952,4,,,1,171,,24957,4,,,1,99,,24954,4,,,1,97,,24958,4,,,1,100,,24953,4,,,1,100,,24956,4,,,1,100,,24955,4,,,1,100,,24959,4,,,1,103,,24960,4,,,1,97,,24961,4,,,1,100,,24962,4,,,1,100,,24963,4,,,1,100,,24964,4,,,1,100,,24968,4,,,1,100,,24965,4,,,1,100,,24966,4,,,1,100,,24967,4,,,1,100,,24969,4,,,1
3300,'Dimanche-2',636,,24971,4,,,1,171,,24970,4,,,1,99,,24973,4,,,1,97,,24975,4,,,1,100,,24976,4,,,1,100,,24977,4,,,1,100,,24972,4,,,1,100,,24979,4,,,1,103,,24974,4,,,1,97,,24980,4,,,1,100,,24983,4,,,1,100,,24987,4,,,1,100,,24984,4,,,1,100,,24978,4,,,1,100,,24981,4,,,1,100,,24986,4,,,1,100,,24982,4,,,1,100,,24985,4,,,1
3300,'Semaine-3',633,,25014,4,,,1,22,,25020,4,,,2,55,,24993,4,,,1,23,,25008,4,,,1,21,,25016,4,,,1,5,,25027,4,,,1,49,,25028,4,,,1,30,,25021,4,,,1,15,,25003,4,,,1,50,,25006,4,,,2,14,,25023,4,,,1,30,,25009,4,,,2,67,,24998,4,,,1,31,,25004,4,,,1,68,,24988,4,,,1,31,,25011,4,,,1,69,,24999,4,,,1,33,,25007,4,,,1,59,,25026,4,,,1,6,,25010,4,,,1,28,,25013,4,,,1,69,,25000,4,,,1,31,,25018,4,,,1,74,,25012,4,,,1,13,,24990,4,,,2,17,,25002,4,,,1,60,,25025,4,,,2,13,,25024,4,,,1,33,,24997,4,,,1,64,,24996,4,,,2,25,,25001,4,,,2,68,,24989,4,,,2,27,,24994,4,,,1,112,,25005,4,,,2,97,,24995,4,,,1,80,,24991,4,,,2,104,,25017,4,,,1,98,,25030,4,,,2,25,,24992,4,,,1
3500,'Semaine-3',608,,25412,4,0,15 16,1,39,,25386,4,0,15 16,1,73,,25397,4,0,15 16,1,17,,25415,4,0,15 16,1,73,,25421,4,0,15 16,1,11,,25419,4,0,15 16,1,4,,25405,4,0,15 16,1,7,,25417,4,0,15 16,1,19,,25410,4,0,15 16,1,61,,25416,4,0,15 16,1,30,,25394,4,0,15 16,2,66,,25408,4,0,15 16,1,34,,25388,4,0,15 16,1,70,,25392,4,0,15 16,1,30,,25403,4,0,15 16,1,70,,25387,4,0,15 16,1,30,,25398,4,0,15 16,1,70,,25420,4,0,15 16,1,30,,25406,4,0,15 16,1,70,,25389,4,0,15 16,1,32,,25402,4,,,2,67,,25404,4,0,15 16,2,38,,25407,4,,,2,69,,25411,4,,,1,27,,25413,4,0,15 16,2,71,,25393,4,,,1,27,,25391,4,0,15 16,2,76,,25422,4,,,2,22,,25409,4,0,15 16,1,75,,25396,4,,,2,23,,25400,4,,,1,103,,25414,4,,,1,100,,25418,4,,,1,97,,25390,4,0,15 16,1
4800,'Semaine-3',1711,,26171,9,,,2
8500,'Semaine-3',1517,,28973,10,,,2,18,,28968,10,,,1,17,,28965,10,,,1,55,,28974,10,,,2,15,,28964,10,,,1,17,,28967,10,,,1,14,,28972,10,,,1,57,,28970,10,,,2,18,,28969,10,,,2,20,,28966,10,,,2,59,,28971,10,,,1
8700,'Semaine-3',1509,,28994,14,,,2,17,,28993,14,,,2,20,,28986,14,,,2,55,,28988,14,,,1,15,,28985,14,,,1,15,,28995,14,,,2,15,,28991,14,,,1,56,,28992,14,,,1,18,,28987,14,,,1,19,,28990,14,,,1,19,,28989,14,,,1
