7300,'Semaine-4',627,,33447,23,,,2,30,,33445,23,,,1,73,,33448,23,,,2,70,,33455,23,,,1,29,,33449,23,,,1,28,,33450,23,,,1,100,,33452,23,,,1,100,,33436,23,,,1,100,,33433,23,,,1,100,,33434,23,,,1,100,,33435,23,,,1,101,,33437,23,,,1,69,,33438,23,,,2,30,,33456,23,,,2,75,,33453,23,,,1,25,,33454,23,,,1,70,,33451,23,,,1,30,,33439,23,,,1,70,,33440,23,,,1,28,,33441,23,,,1,100,,33442,23,,,1,145,,33443,23,,,1,58,,33444,23,,,1,142,,33446,23,,,1
7300,'Semaine-2-_26ÉTÉ-1111100-',627,,44273,23,,,1,30,,44271,23,,,2,73,,44274,23,,,2,29,,44281,23,,,1,70,,44275,23,,,1,28,,44276,23,,,2,100,,44278,23,,,1,100,,44262,23,,,1,100,,44259,23,,,1,100,,44260,23,,,2,100,,44261,23,,,2,101,,44263,23,,,2,69,,44264,23,,,1,30,,44282,23,,,1,76,,44279,23,,,2,24,,44280,23,,,2,70,,44277,23,,,1,30,,44265,23,,,1,70,,44266,23,,,1,28,,44267,23,,,1,100,,44268,23,,,1,145,,44269,23,,,2,100,,44270,23,,,1,100,,44272,23,,,2
7300,'Semaine-3-_26ÉTÉ-1111100-',627,,44297,23,,,1,30,,44295,23,,,2,73,,44298,23,,,2,29,,44305,23,,,1,70,,44299,23,,,1,28,,44300,23,,,2,100,,44302,23,,,1,100,,44286,23,,,1,100,,44283,23,,,1,100,,44284,23,,,2,100,,44285,23,,,2,101,,44287,23,,,2,69,,44288,23,,,1,30,,44306,23,,,1,76,,44303,23,,,2,24,,44304,23,,,2,70,,44301,23,,,1,30,,44289,23,,,1,70,,44290,23,,,1,28,,44291,23,,,1,100,,44292,23,,,1,145,,44293,23,,,2,100,,44294,23,,,1,100,,44296,23,,,2
7300,'Semaine-4-_26ÉTÉ-1111100-',627,,44321,23,,,1,30,,44319,23,,,2,73,,44322,23,,,2,29,,44329,23,,,1,70,,44323,23,,,1,28,,44324,23,,,2,100,,44326,23,,,1,100,,44310,23,,,1,100,,44307,23,,,1,100,,44308,23,,,2,100,,44309,23,,,2,101,,44311,23,,,2,69,,44312,23,,,1,30,,44330,23,,,1,76,,44327,23,,,2,24,,44328,23,,,2,70,,44325,23,,,1,30,,44313,23,,,1,70,,44314,23,,,1,28,,44315,23,,,1,100,,44316,23,,,1,145,,44317,23,,,2,100,,44318,23,,,1,100,,44320,23,,,2
7501,'Samedi-3',642,,33558,20,,,1,97,,33557,20,,,2,100,,33563,20,,,2,100,,33561,20,,,1,100,,33562,20,,,1,101,,33559,20,,,2,100,,33560,20,,,1,99,,33564,20,,,2,99,,33565,20,,,1,100,,33566,20,,,1,100,,33567,20,,,2,101,,33568,20,,,1,100,,33569,20,,,2,100,,33570,20,,,1,100,,33571,20,,,2,100,,33572,20,,,2,100,,33573,20,,,2,102,,33574,20,,,2
7501,'Dimanche-3',642,,33575,20,,,1,97,,33579,20,,,2,100,,33580,20,,,2,100,,33583,20,,,1,100,,33585,20,,,1,101,,33578,20,,,2,100,,33582,20,,,1,99,,33577,20,,,2,99,,33581,20,,,1,100,,33576,20,,,1,100,,33586,20,,,2,101,,33584,20,,,1,100,,33587,20,,,2,100,,33592,20,,,1,100,,33591,20,,,2,100,,33588,20,,,2,100,,33589,20,,,2,102,,33590,20,,,2
7501,'Semaine-4',551,,33616,20,,,2,70,,33610,20,,,2,20,,33597,20,,,1,14,,33623,20,,,1,57,,33598,20,,,1,14,,33621,20,,,1,16,,33612,20,,,1,17,,33611,20,,,1,61,,33622,20,,,1,19,,33613,20,,,2,17,,33608,20,,,1,72,,33593,20,,,1,26,,33603,20,,,1,75,,33594,20,,,1,30,,33604,20,,,1,70,,33624,20,,,1,30,,33609,20,,,1,70,,33618,20,,,1,30,,33625,20,,,1,70,,33619,20,,,1,30,,33599,20,,,2,70,,33617,20,,,2,71,,33605,20,,,1,32,,33620,20,,,1,71,,33606,20,,,1,102,,33607,20,,,1,100,,33595,20,,,1,100,,33596,20,,,1,40,,33600,20,,,1,100,,33601,20,,,1,100,,33615,20,,,1,100,,33614,20,,,1,100,,33602,20,,,2
7501,'Samedi-10-_26ÉTÉ-0000010-',642,,44542,20,,,1,97,,44541,20,,,2,100,,44547,20,,,2,100,,44545,20,,,1,100,,44546,20,,,1,101,,44543,20,,,2,100,,44544,20,,,1,99,,44548,20,,,2,99,,44549,20,,,1,100,,44550,20,,,1,100,,44551,20,,,2,101,,44552,20,,,1,100,,44553,20,,,2,100,,44554,20,,,1,100,,44555,20,,,2,100,,44556,20,,,2,100,,44557,20,,,2,102,,44558,20,,,2
7501,'Semaine-2-_26ÉTÉ-1111100-',551,,44582,20,,,1,70,,44576,20,,,1,20,,44563,20,,,1,14,,44589,20,,,2,57,,44564,20,,,2,15,,44587,20,,,2,15,,44578,20,,,2,16,,44577,20,,,2,59,,44588,20,,,2,22,,44579,20,,,2,20,,44574,20,,,2,70,,44559,20,,,1,30,,44569,20,,,2,70,,44560,20,,,2,30,,44570,20,,,1,70,,44590,20,,,1,30,,44575,20,,,1,70,,44584,20,,,1,30,,44591,20,,,2,70,,44585,20,,,1,30,,44565,20,,,1,70,,44583,20,,,1,30,,44571,20,,,1,70,,44586,20,,,2,74,,44572,20,,,1,102,,44573,20,,,1,100,,44561,20,,,2,100,,44562,20,,,1,40,,44566,20,,,1,100,,44567,20,,,1,100,,44581,20,,,1,100,,44580,20,,,1,100,,44568,20,,,1
7501,'Semaine-3-_26ÉTÉ-1111100-',551,,44615,20,,,1,70,,44609,20,,,1,20,,44596,20,,,1,14,,44622,20,,,2,57,,44597,20,,,2,15,,44620,20,,,2,15,,44611,20,,,2,16,,44610,20,,,2,59,,44621,20,,,2,22,,44612,20,,,2,20,,44607,20,,,2,70,,44592,20,,,1,30,,44602,20,,,2,70,,44593,20,,,2,30,,44603,20,,,1,70,,44623,20,,,1,30,,44608,20,,,1,70,,44617,20,,,1,30,,44624,20,,,2,70,,44618,20,,,1,30,,44598,20,,,1,70,,44616,20,,,1,30,,44604,20,,,1,70,,44619,20,,,2,74,,44605,20,,,1,102,,44606,20,,,1,100,,44594,20,,,2,100,,44595,20,,,1,40,,44599,20,,,1,100,,44600,20,,,1,100,,44614,20,,,1,100,,44613,20,,,1,100,,44601,20,,,1
7501,'Semaine-4-_26ÉTÉ-1111100-',551,,44648,20,,,1,70,,44642,20,,,1,20,,44629,20,,,1,14,,44655,20,,,2,57,,44630,20,,,2,15,,44653,20,,,2,15,,44644,20,,,2,16,,44643,20,,,2,59,,44654,20,,,2,22,,44645,20,,,2,20,,44640,20,,,2,70,,44625,20,,,1,30,,44635,20,,,2,70,,44626,20,,,2,30,,44636,20,,,1,70,,44656,20,,,1,30,,44641,20,,,1,70,,44650,20,,,1,30,,44657,20,,,2,70,,44651,20,,,1,30,,44631,20,,,1,70,,44649,20,,,1,30,,44637,20,,,1,70,,44652,20,,,2,74,,44638,20,,,1,102,,44639,20,,,1,100,,44627,20,,,2,100,,44628,20,,,1,40,,44632,20,,,1,100,,44633,20,,,1,100,,44647,20,,,1,100,,44646,20,,,1,100,,44634,20,,,1
