1801,'Semaine-1-_26ÉTÉ-1111100-',635,,47100,16,,,1,86,,47102,16,,,1,85,,47101,16,,,2
1801,'Semaine-10-_26ÉTÉ-1111100-',635,,47103,16,,,1,86,,47105,16,,,1,85,,47104,16,,,2
1801,'Semaine-11-_26ÉTÉ-1111100-',635,,47106,16,,,1,86,,47108,16,,,1,85,,47107,16,,,2
1801,'Semaine-12-_26ÉTÉ-1111100-',635,,47109,16,,,1,86,,47111,16,,,1,85,,47110,16,,,2
1801,'Semaine-5-_26ÉTÉ-1111100-',635,,47112,16,,,1,86,,47114,16,,,1,85,,47113,16,,,2
2600,'Semaine-1-_26ÉTÉ-1111100-',1554,,47262,13,,,1,72,,47261,13,,,1,29,,47260,13,,,2,71,,47263,13,,,1,25,,47264,13,,,1
2600,'Semaine-10-_26ÉTÉ-1111100-',1554,,47267,13,,,1,72,,47266,13,,,1,29,,47265,13,,,2,71,,47268,13,,,1,25,,47269,13,,,1
2600,'Semaine-11-_26ÉTÉ-1111100-',1554,,47272,13,,,1,72,,47271,13,,,1,29,,47270,13,,,2,71,,47273,13,,,1,25,,47274,13,,,1
2600,'Semaine-12-_26ÉTÉ-1111100-',1554,,47277,13,,,1,72,,47276,13,,,1,29,,47275,13,,,2,71,,47278,13,,,1,25,,47279,13,,,1
2600,'Semaine-5-_26ÉTÉ-1111100-',1554,,47282,13,,,1,72,,47281,13,,,1,29,,47280,13,,,2,71,,47283,13,,,1,25,,47284,13,,,1
2900,'Semaine-1-_26ÉTÉ-1111100-',1547,,47388,13,,,2,71,,47387,13,,,2,34,,47385,13,,,1,64,,47389,13,,,2,33,,47386,13,,,2
2900,'Semaine-10-_26ÉTÉ-1111100-',1547,,47393,13,,,2,71,,47392,13,,,2,34,,47390,13,,,1,64,,47394,13,,,2,33,,47391,13,,,2
2900,'Semaine-11-_26ÉTÉ-1111100-',1547,,47398,13,,,2,71,,47397,13,,,2,34,,47395,13,,,1,64,,47399,13,,,2,33,,47396,13,,,2
2900,'Semaine-12-_26ÉTÉ-1111100-',1547,,47403,13,,,2,71,,47402,13,,,2,34,,47400,13,,,1,64,,47404,13,,,2,33,,47401,13,,,2
2900,'Semaine-5-_26ÉTÉ-1111100-',1547,,47408,13,,,2,71,,47407,13,,,2,34,,47405,13,,,1,64,,47409,13,,,2,33,,47406,13,,,2
3200,'Semaine-1-_26ÉTÉ-1111100-',628,,48067,14,,,1,31,,48066,14,,,2,72,,48062,14,,,2,72,,48064,14,,,2,29,,48063,14,,,1,70,,48065,14,,,2,28,,48038,14,,,1,70,,48033,14,,,2,30,,48034,14,,,1,70,,48045,14,,,2,30,,48039,14,,,1,71,,48025,14,,,1,30,,48026,14,,,1,69,,48037,14,,,2,30,,48040,14,,,1,70,,48046,14,,,1,31,,48027,14,,,1,71,,48072,14,,,2,17,,48024,14,,,2,14,,48054,14,,,1,8,,48044,14,,,1,12,,48050,14,,,2,50,,48051,14,,,1,10,,48069,14,,,1,10,,48070,14,,,2,10,,48071,14,,,1,10,,48068,14,,,1,11,,48041,14,,,1,51,,48052,14,,,1,8,,48060,14,,,2,11,,48053,14,,,2,9,,48030,14,,,1,8,,48061,14,,,2,10,,48047,14,,,1,7,,48049,14,,,1,50,,48048,14,,,1,19,,48042,14,,,1,25,,48036,14,,,1,70,,48031,14,,,1,30,,48028,14,,,1,69,,48043,14,,,1,30,,48035,14,,,1,70,,48032,14,,,1,30,,48029,14,,,1,70,,48055,14,,,1,29,,48056,14,,,1,69,,48057,14,,,2,30,,48058,14,,,1,70,,48059,14,,,1
3200,'Semaine-10-_26ÉTÉ-1111100-',628,,48116,14,,,1,31,,48115,14,,,2,72,,48111,14,,,2,72,,48113,14,,,2,29,,48112,14,,,1,70,,48114,14,,,2,28,,48087,14,,,1,70,,48082,14,,,2,30,,48083,14,,,1,70,,48094,14,,,2,30,,48088,14,,,1,71,,48074,14,,,1,30,,48075,14,,,1,69,,48086,14,,,2,30,,48089,14,,,1,70,,48095,14,,,1,31,,48076,14,,,1,71,,48121,14,,,1,17,,48073,14,,,2,14,,48103,14,,,1,8,,48093,14,,,1,12,,48099,14,,,2,50,,48100,14,,,1,10,,48118,14,,,1,10,,48119,14,,,2,10,,48120,14,,,1,10,,48117,14,,,1,11,,48090,14,,,1,51,,48101,14,,,1,8,,48109,14,,,2,11,,48102,14,,,2,9,,48079,14,,,1,8,,48110,14,,,2,10,,48096,14,,,1,7,,48098,14,,,1,50,,48097,14,,,1,19,,48091,14,,,1,25,,48085,14,,,1,70,,48080,14,,,1,30,,48077,14,,,1,69,,48092,14,,,1,30,,48084,14,,,1,70,,48081,14,,,1,30,,48078,14,,,1,70,,48104,14,,,1,29,,48105,14,,,1,69,,48106,14,,,2,30,,48107,14,,,1,70,,48108,14,,,1
3200,'Semaine-11-_26ÉTÉ-1111100-',628,,48165,14,,,1,31,,48164,14,,,2,72,,48160,14,,,2,72,,48162,14,,,2,29,,48161,14,,,1,70,,48163,14,,,2,28,,48136,14,,,1,70,,48131,14,,,2,30,,48132,14,,,1,70,,48143,14,,,2,30,,48137,14,,,1,71,,48123,14,,,1,30,,48124,14,,,1,69,,48135,14,,,2,30,,48138,14,,,1,70,,48144,14,,,1,31,,48125,14,,,1,71,,48170,14,,,2,17,,48122,14,,,2,14,,48152,14,,,1,8,,48142,14,,,1,12,,48148,14,,,2,50,,48149,14,,,1,10,,48167,14,,,1,10,,48168,14,,,2,10,,48169,14,,,1,10,,48166,14,,,1,11,,48139,14,,,1,51,,48150,14,,,1,8,,48158,14,,,2,11,,48151,14,,,2,9,,48128,14,,,1,8,,48159,14,,,2,10,,48145,14,,,1,7,,48147,14,,,1,50,,48146,14,,,1,19,,48140,14,,,1,25,,48134,14,,,1,70,,48129,14,,,1,30,,48126,14,,,1,69,,48141,14,,,1,30,,48133,14,,,1,70,,48130,14,,,1,30,,48127,14,,,1,70,,48153,14,,,1,29,,48154,14,,,1,69,,48155,14,,,2,30,,48156,14,,,1,70,,48157,14,,,1
3200,'Semaine-12-_26ÉTÉ-1111100-',628,,48214,14,,,1,31,,48213,14,,,2,72,,48209,14,,,2,72,,48211,14,,,2,29,,48210,14,,,1,70,,48212,14,,,2,28,,48185,14,,,1,70,,48180,14,,,2,30,,48181,14,,,1,70,,48192,14,,,2,30,,48186,14,,,1,71,,48172,14,,,1,30,,48173,14,,,1,69,,48184,14,,,2,30,,48187,14,,,1,70,,48193,14,,,1,31,,48174,14,,,1,71,,48219,14,,,2,17,,48171,14,,,2,14,,48201,14,,,1,8,,48191,14,,,1,12,,48197,14,,,2,50,,48198,14,,,1,10,,48216,14,,,1,10,,48217,14,,,2,10,,48218,14,,,1,10,,48215,14,,,1,11,,48188,14,,,1,51,,48199,14,,,1,8,,48207,14,,,2,11,,48200,14,,,2,9,,48177,14,,,1,8,,48208,14,,,2,10,,48194,14,,,1,7,,48196,14,,,1,50,,48195,14,,,1,19,,48189,14,,,1,25,,48183,14,,,1,70,,48178,14,,,1,30,,48175,14,,,1,69,,48190,14,,,1,30,,48182,14,,,1,70,,48179,14,,,1,30,,48176,14,,,1,70,,48202,14,,,1,29,,48203,14,,,1,69,,48204,14,,,2,30,,48205,14,,,1,70,,48206,14,,,1
3200,'Semaine-5-_26ÉTÉ-1111100-',628,,48263,14,,,1,31,,48262,14,,,2,72,,48258,14,,,2,72,,48260,14,,,2,29,,48259,14,,,1,70,,48261,14,,,2,28,,48234,14,,,1,70,,48229,14,,,2,30,,48230,14,,,1,70,,48241,14,,,2,30,,48235,14,,,1,71,,48221,14,,,1,30,,48222,14,,,1,69,,48233,14,,,2,30,,48236,14,,,1,70,,48242,14,,,1,31,,48223,14,,,1,71,,48268,14,,,2,17,,48220,14,,,2,14,,48250,14,,,1,8,,48240,14,,,1,12,,48246,14,,,2,50,,48247,14,,,1,10,,48265,14,,,1,10,,48266,14,,,2,10,,48267,14,,,1,10,,48264,14,,,1,11,,48237,14,,,1,51,,48248,14,,,1,8,,48256,14,,,2,11,,48249,14,,,2,9,,48226,14,,,1,8,,48257,14,,,2,10,,48243,14,,,1,7,,48245,14,,,1,50,,48244,14,,,1,19,,48238,14,,,1,25,,48232,14,,,1,70,,48227,14,,,1,30,,48224,14,,,1,69,,48239,14,,,1,30,,48231,14,,,1,70,,48228,14,,,1,30,,48225,14,,,1,70,,48251,14,,,1,29,,48252,14,,,1,69,,48253,14,,,2,30,,48254,14,,,1,70,,48255,14,,,1
3400,'Samedi-0-_26ÉTÉ-0000010-',731,,49093,14,,,1,104,,49098,14,,,1,70,,49094,14,,,2,31,,49100,14,,,1,70,,49101,14,,,1,30,,49095,14,,,1,70,,49096,14,,,2,30,,49097,14,,,1,70,,49099,14,,,2,30,,49102,14,,,1,70,,49104,14,,,1,31,,49103,14,,,2,70,,49105,14,,,1,30,,49106,14,,,1,70,,49107,14,,,2,29,,49108,14,,,1,70,,49109,14,,,1,30,,49110,14,,,1,70,,49111,14,,,1,30,,49112,14,,,1,70,,49113,14,,,1,30,,49114,14,,,1,70,,49115,14,,,2,30,,49116,14,,,1,70,,49117,14,,,1,30,,49118,14,,,1,70,,49119,14,,,1,30,,49120,14,,,1,70,,49121,14,,,1,29,,49123,14,,,1,71,,49122,14,,,1,29,,49125,14,,,1,70,,49124,14,,,1,27,,49126,14,,,1
3400,'Dimanche-0-_26ÉTÉ-0000001-',731,,49131,14,,,1,104,,49135,14,,,1,70,,49133,14,,,2,31,,49128,14,,,1,70,,49136,14,,,1,30,,49139,14,,,1,70,,49138,14,,,2,30,,49127,14,,,1,70,,49129,14,,,2,30,,49140,14,,,1,70,,49130,14,,,1,31,,49132,14,,,2,70,,49134,14,,,1,30,,49143,14,,,1,70,,49137,14,,,2,29,,49141,14,,,1,70,,49144,14,,,1,30,,49148,14,,,1,70,,49153,14,,,1,30,,49145,14,,,1,70,,49146,14,,,1,30,,49156,14,,,1,70,,49147,14,,,2,30,,49152,14,,,1,70,,49142,14,,,1,30,,49149,14,,,1,70,,49151,14,,,1,30,,49154,14,,,1,70,,49160,14,,,1,29,,49155,14,,,1,71,,49157,14,,,1,29,,49150,14,,,1,70,,49158,14,,,1,27,,49159,14,,,1
3400,'Dimanche-10-_26ÉTÉ-0000001-',731,,49165,14,,,1,104,,49169,14,,,1,70,,49167,14,,,2,31,,49162,14,,,1,70,,49170,14,,,1,30,,49173,14,,,1,70,,49172,14,,,2,30,,49161,14,,,1,70,,49163,14,,,2,30,,49174,14,,,1,70,,49164,14,,,1,31,,49166,14,,,2,70,,49168,14,,,1,30,,49177,14,,,1,70,,49171,14,,,2,29,,49175,14,,,1,70,,49178,14,,,1,30,,49182,14,,,1,70,,49187,14,,,1,30,,49179,14,,,1,70,,49180,14,,,1,30,,49190,14,,,1,70,,49181,14,,,2,30,,49186,14,,,1,70,,49176,14,,,1,30,,49183,14,,,1,70,,49185,14,,,1,30,,49188,14,,,1,70,,49194,14,,,1,29,,49189,14,,,1,71,,49191,14,,,1,29,,49184,14,,,1,70,,49192,14,,,1,27,,49193,14,,,1
3400,'Dimanche-11-_26ÉTÉ-0000001-',731,,49199,14,,,1,104,,49203,14,,,1,70,,49201,14,,,2,31,,49196,14,,,1,70,,49204,14,,,1,30,,49207,14,,,1,70,,49206,14,,,2,30,,49195,14,,,1,70,,49197,14,,,2,30,,49208,14,,,1,70,,49198,14,,,1,31,,49200,14,,,2,70,,49202,14,,,1,30,,49211,14,,,1,70,,49205,14,,,2,29,,49209,14,,,1,70,,49212,14,,,1,30,,49216,14,,,1,70,,49221,14,,,1,30,,49213,14,,,1,70,,49214,14,,,1,30,,49224,14,,,1,70,,49215,14,,,2,30,,49220,14,,,1,70,,49210,14,,,1,30,,49217,14,,,1,70,,49219,14,,,1,30,,49222,14,,,1,70,,49228,14,,,1,29,,49223,14,,,1,71,,49225,14,,,1,29,,49218,14,,,1,70,,49226,14,,,1,27,,49227,14,,,1
3400,'Semaine-1-_26ÉTÉ-1111100-',612,,49259,14,,,1,32,,49244,14,,,1,71,,49238,14,,,1,32,,49242,14,,,1,71,,49233,14,,,1,31,,49253,14,,,1,68,,49239,14,,,1,28,,49229,14,,,1,70,,49234,14,,,2,30,,49235,14,,,2,70,,49240,14,,,1,30,,49230,14,,,1,70,,49260,14,,,1,30,,49236,14,,,1,70,,49241,14,,,1,30,,49231,14,,,1,71,,49257,14,,,2,31,,49232,14,,,1,66,,49258,14,,,1,305,,49256,14,,,2,20,,49245,14,,,1,68,,49237,14,,,2,30,,49249,14,,,1,70,,49255,14,,,1,30,,49246,14,,,1,70,,49248,14,,,1,30,,49250,14,,,1,70,,49243,14,,,1,30,,49252,14,,,1,70,,49247,14,,,1,28,,49251,14,,,1,70,,49254,14,,,1
3400,'Semaine-10-_26ÉTÉ-1111100-',612,,49291,14,,,1,32,,49276,14,,,1,71,,49270,14,,,1,32,,49274,14,,,1,71,,49265,14,,,1,31,,49285,14,,,1,68,,49271,14,,,1,28,,49261,14,,,1,70,,49266,14,,,2,30,,49267,14,,,2,70,,49272,14,,,1,30,,49262,14,,,1,70,,49292,14,,,1,30,,49268,14,,,1,70,,49273,14,,,1,30,,49263,14,,,1,71,,49289,14,,,2,31,,49264,14,,,1,66,,49290,14,,,1,305,,49288,14,,,2,20,,49277,14,,,1,68,,49269,14,,,2,30,,49281,14,,,1,70,,49287,14,,,1,30,,49278,14,,,1,70,,49280,14,,,1,30,,49282,14,,,1,70,,49275,14,,,1,30,,49284,14,,,1,70,,49279,14,,,1,28,,49283,14,,,1,70,,49286,14,,,1
3400,'Semaine-11-_26ÉTÉ-1111100-',612,,49323,14,,,1,32,,49308,14,,,1,71,,49302,14,,,1,32,,49306,14,,,1,71,,49297,14,,,1,31,,49317,14,,,1,68,,49303,14,,,1,28,,49293,14,,,1,70,,49298,14,,,2,30,,49299,14,,,2,70,,49304,14,,,1,30,,49294,14,,,1,70,,49324,14,,,1,30,,49300,14,,,1,70,,49305,14,,,1,30,,49295,14,,,1,71,,49321,14,,,2,31,,49296,14,,,1,66,,49322,14,,,1,305,,49320,14,,,2,20,,49309,14,,,1,68,,49301,14,,,2,30,,49313,14,,,1,70,,49319,14,,,1,30,,49310,14,,,1,70,,49312,14,,,1,30,,49314,14,,,1,70,,49307,14,,,1,30,,49316,14,,,1,70,,49311,14,,,1,28,,49315,14,,,1,70,,49318,14,,,1
3400,'Semaine-12-_26ÉTÉ-1111100-',612,,49355,14,,,1,32,,49340,14,,,1,71,,49334,14,,,1,32,,49338,14,,,1,71,,49329,14,,,1,31,,49349,14,,,1,68,,49335,14,,,1,28,,49325,14,,,1,70,,49330,14,,,2,30,,49331,14,,,2,70,,49336,14,,,1,30,,49326,14,,,1,70,,49356,14,,,1,30,,49332,14,,,1,70,,49337,14,,,1,30,,49327,14,,,1,71,,49353,14,,,2,31,,49328,14,,,1,66,,49354,14,,,1,305,,49352,14,,,2,20,,49341,14,,,1,68,,49333,14,,,2,30,,49345,14,,,1,70,,49351,14,,,1,30,,49342,14,,,1,70,,49344,14,,,1,30,,49346,14,,,1,70,,49339,14,,,1,30,,49348,14,,,1,70,,49343,14,,,1,28,,49347,14,,,1,70,,49350,14,,,1
3400,'Semaine-5-_26ÉTÉ-1111100-',612,,49387,14,,,1,32,,49372,14,,,1,71,,49366,14,,,1,32,,49370,14,,,1,71,,49361,14,,,1,31,,49381,14,,,1,68,,49367,14,,,1,28,,49357,14,,,1,70,,49362,14,,,2,30,,49363,14,,,2,70,,49368,14,,,1,30,,49358,14,,,1,70,,49388,14,,,1,30,,49364,14,,,1,70,,49369,14,,,1,30,,49359,14,,,1,71,,49385,14,,,2,31,,49360,14,,,1,66,,49386,14,,,1,305,,49384,14,,,2,20,,49373,14,,,1,68,,49365,14,,,2,30,,49377,14,,,1,70,,49383,14,,,1,30,,49374,14,,,1,70,,49376,14,,,1,30,,49378,14,,,1,70,,49371,14,,,1,30,,49380,14,,,1,70,,49375,14,,,1,28,,49379,14,,,1,70,,49382,14,,,1
4000,'Semaine-1-_26ÉTÉ-1111100-',1524,,51732,13,,,2,29,,51728,13,,,2,75,,51731,13,,,1,27,,51730,13,,,1,72,,51729,13,,,1,25,,51733,13,,,2
4000,'Semaine-10-_26ÉTÉ-1111100-',1524,,51738,13,,,2,29,,51734,13,,,2,75,,51737,13,,,1,27,,51736,13,,,1,72,,51735,13,,,1,25,,51739,13,,,2
4000,'Semaine-11-_26ÉTÉ-1111100-',1524,,51744,13,,,2,29,,51740,13,,,2,75,,51743,13,,,1,27,,51742,13,,,1,72,,51741,13,,,1,25,,51745,13,,,2
4000,'Semaine-12-_26ÉTÉ-1111100-',1524,,51750,13,,,2,29,,51746,13,,,2,75,,51749,13,,,1,27,,51748,13,,,1,72,,51747,13,,,1,25,,51751,13,,,2
4000,'Semaine-5-_26ÉTÉ-1111100-',1524,,51756,13,,,2,29,,51752,13,,,2,75,,51755,13,,,1,27,,51754,13,,,1,72,,51753,13,,,1,25,,51757,13,,,2
4100,'Semaine-1-_26ÉTÉ-1111100-',1535,,51789,13,,,2,69,,51791,13,,,1,34,,51790,13,,,2,67,,51788,13,,,1,29,,51792,13,,,1
4100,'Semaine-10-_26ÉTÉ-1111100-',1535,,51794,13,,,2,69,,51796,13,,,1,34,,51795,13,,,2,67,,51793,13,,,1,29,,51797,13,,,1
4100,'Semaine-11-_26ÉTÉ-1111100-',1535,,51799,13,,,2,69,,51801,13,,,1,34,,51800,13,,,2,67,,51798,13,,,1,29,,51802,13,,,1
4100,'Semaine-12-_26ÉTÉ-1111100-',1535,,51804,13,,,2,69,,51806,13,,,1,34,,51805,13,,,2,67,,51803,13,,,1,29,,51807,13,,,1
4100,'Semaine-5-_26ÉTÉ-1111100-',1535,,51809,13,,,2,69,,51811,13,,,1,34,,51810,13,,,2,67,,51808,13,,,1,29,,51812,13,,,1
4500,'Semaine-1-_26ÉTÉ-1111100-',1508,,51863,13,,,1,34,,51858,13,,,2,72,,51859,13,,,2,30,,51861,13,,,1,69,,51862,13,,,1,27,,51860,13,,,2
4500,'Semaine-10-_26ÉTÉ-1111100-',1508,,51869,13,,,1,34,,51864,13,,,2,72,,51865,13,,,2,30,,51867,13,,,1,69,,51868,13,,,1,27,,51866,13,,,2
4500,'Semaine-11-_26ÉTÉ-1111100-',1508,,51875,13,,,1,34,,51870,13,,,2,72,,51871,13,,,2,30,,51873,13,,,1,69,,51874,13,,,1,27,,51872,13,,,2
4500,'Semaine-12-_26ÉTÉ-1111100-',1508,,51881,13,,,1,34,,51876,13,,,2,72,,51877,13,,,2,30,,51879,13,,,1,69,,51880,13,,,1,27,,51878,13,,,2
4500,'Semaine-5-_26ÉTÉ-1111100-',1508,,51887,13,,,1,34,,51882,13,,,2,72,,51883,13,,,2,30,,51885,13,,,1,69,,51886,13,,,1,27,,51884,13,,,2
4700,'Semaine-1-_26ÉTÉ-1111100-',1531,,51918,13,,,2,101,,51920,13,,,2,98,,51919,13,,,2
4700,'Semaine-10-_26ÉTÉ-1111100-',1531,,51921,13,,,2,101,,51923,13,,,2,98,,51922,13,,,2
4700,'Semaine-11-_26ÉTÉ-1111100-',1531,,51924,13,,,2,101,,51926,13,,,2,98,,51925,13,,,2
4700,'Semaine-12-_26ÉTÉ-1111100-',1531,,51927,13,,,2,101,,51929,13,,,2,98,,51928,13,,,2
4700,'Semaine-5-_26ÉTÉ-1111100-',1531,,51930,13,,,2,101,,51932,13,,,2,98,,51931,13,,,2
5500,'Samedi-0-_26ÉTÉ-0000010-',704,,52808,14,,,1,30,,52805,14,,,1,70,,52806,14,,,1,30,,52809,14,,,1,70,,52807,14,,,1,29,,52814,14,,,1,69,,52811,14,,,1,29,,52812,14,,,1,75,,52817,14,,,1,27,,52816,14,,,1,68,,52810,14,,,1,30,,52813,14,,,1,70,,52815,14,,,1,34,,52818,14,,,1,70,,52819,14,,,1,30,,52820,14,,,1,70,,52821,14,,,1,28,,52822,14,,,1,70,,52823,14,,,1,30,,52824,14,,,1,70,,52825,14,,,1,30,,52826,14,,,1,72,,52827,14,,,1,28,,52828,14,,,1,70,,52830,14,,,1,33,,52829,14,,,1,67,,52831,14,,,1,30,,52833,14,,,1,71,,52832,14,,,1,31,,52834,14,,,1,68,,52835,14,,,1,30,,52838,14,,,1,70,,52840,14,,,1,30,,52837,14,,,1,71,,52836,14,,,1,28,,52839,14,,,1
5500,'Dimanche-0-_26ÉTÉ-0000001-',704,,52843,14,,,1,30,,52848,14,,,1,70,,52852,14,,,1,30,,52846,14,,,1,70,,52844,14,,,1,29,,52849,14,,,1,69,,52851,14,,,1,29,,52845,14,,,1,75,,52841,14,,,1,27,,52842,14,,,1,68,,52854,14,,,1,30,,52858,14,,,1,70,,52856,14,,,1,34,,52853,14,,,1,70,,52847,14,,,1,30,,52861,14,,,1,70,,52862,14,,,1,28,,52863,14,,,1,70,,52857,14,,,1,30,,52870,14,,,1,70,,52867,14,,,1,30,,52855,14,,,1,72,,52875,14,,,1,28,,52869,14,,,1,70,,52850,14,,,1,33,,52873,14,,,1,67,,52866,14,,,1,30,,52859,14,,,1,71,,52864,14,,,1,31,,52860,14,,,1,68,,52871,14,,,1,30,,52868,14,,,1,70,,52865,14,,,1,30,,52874,14,,,1,71,,52872,14,,,1,28,,52876,14,,,1
5500,'Dimanche-10-_26ÉTÉ-0000001-',704,,52879,14,,,1,30,,52884,14,,,1,70,,52888,14,,,1,30,,52882,14,,,1,70,,52880,14,,,1,29,,52885,14,,,1,69,,52887,14,,,1,29,,52881,14,,,1,75,,52877,14,,,1,27,,52878,14,,,1,68,,52890,14,,,1,30,,52894,14,,,1,70,,52892,14,,,1,34,,52889,14,,,1,70,,52883,14,,,1,30,,52897,14,,,1,70,,52898,14,,,1,28,,52899,14,,,1,70,,52893,14,,,1,30,,52906,14,,,1,70,,52903,14,,,1,30,,52891,14,,,1,72,,52911,14,,,1,28,,52905,14,,,1,70,,52886,14,,,1,33,,52909,14,,,1,67,,52902,14,,,1,30,,52895,14,,,1,71,,52900,14,,,1,31,,52896,14,,,1,68,,52907,14,,,1,30,,52904,14,,,1,70,,52901,14,,,1,30,,52910,14,,,1,71,,52908,14,,,1,28,,52912,14,,,1
5500,'Dimanche-11-_26ÉTÉ-0000001-',704,,52915,14,,,1,30,,52920,14,,,1,70,,52924,14,,,1,30,,52918,14,,,1,70,,52916,14,,,1,29,,52921,14,,,1,69,,52923,14,,,1,29,,52917,14,,,1,75,,52913,14,,,1,27,,52914,14,,,1,68,,52926,14,,,1,30,,52930,14,,,1,70,,52928,14,,,1,34,,52925,14,,,1,70,,52919,14,,,1,30,,52933,14,,,1,70,,52934,14,,,1,28,,52935,14,,,1,70,,52929,14,,,1,30,,52942,14,,,1,70,,52939,14,,,1,30,,52927,14,,,1,72,,52947,14,,,1,28,,52941,14,,,1,70,,52922,14,,,1,33,,52945,14,,,1,67,,52938,14,,,1,30,,52931,14,,,1,71,,52936,14,,,1,31,,52932,14,,,1,68,,52943,14,,,1,30,,52940,14,,,1,70,,52937,14,,,1,30,,52946,14,,,1,71,,52944,14,,,1,28,,52948,14,,,1
5500,'Semaine-1-_26ÉTÉ-1111100-',559,,52951,14,,,1,144,,52967,14,,,1,102,,52950,14,,,1,99,,52986,14,,,1,28,,52987,14,,,1,69,,52956,14,,,1,30,,52966,14,,,1,70,,52970,14,,,1,31,,52992,14,,,1,71,,52952,14,,,1,30,,52991,14,,,1,69,,52969,14,,,1,30,,52984,14,,,1,70,,52978,14,,,1,23,,52985,14,,,1,16,,52971,14,,,1,17,,52949,14,,,1,54,,52990,14,,,1,17,,52960,14,,,1,15,,52993,14,,,1,13,,52981,14,,,1,50,,52953,14,,,1,13,,52964,14,,,1,14,,52996,14,,,1,13,,52989,14,,,1,11,,52955,14,,,1,51,,52972,14,,,1,12,,52965,14,,,1,9,,52994,14,,,1,11,,52979,14,,,1,9,,52959,14,,,1,52,,52954,14,,,1,10,,52995,14,,,1,12,,52963,14,,,1,11,,52958,14,,,1,10,,52968,14,,,1,70,,52983,14,,,1,29,,52988,14,,,1,71,,52975,14,,,1,29,,52961,14,,,1,70,,52982,14,,,1,29,,52973,14,,,1,71,,52976,14,,,1,29,,52962,14,,,1,70,,52977,14,,,1,30,,52974,14,,,1,69,,52957,14,,,1,30,,52980,14,,,1
5500,'Semaine-10-_26ÉTÉ-1111100-',559,,52999,14,,,1,144,,53015,14,,,1,102,,52998,14,,,1,99,,53034,14,,,1,28,,53035,14,,,1,69,,53004,14,,,1,30,,53014,14,,,1,70,,53018,14,,,1,31,,53040,14,,,1,71,,53000,14,,,1,30,,53039,14,,,1,69,,53017,14,,,1,30,,53032,14,,,1,70,,53026,14,,,1,23,,53033,14,,,1,16,,53019,14,,,1,17,,52997,14,,,1,54,,53038,14,,,1,17,,53008,14,,,1,15,,53041,14,,,1,13,,53029,14,,,1,50,,53001,14,,,1,13,,53012,14,,,1,14,,53044,14,,,1,13,,53037,14,,,1,11,,53003,14,,,1,51,,53020,14,,,1,12,,53013,14,,,1,9,,53042,14,,,1,11,,53027,14,,,1,9,,53007,14,,,1,52,,53002,14,,,1,10,,53043,14,,,1,12,,53011,14,,,1,11,,53006,14,,,1,10,,53016,14,,,1,70,,53031,14,,,1,29,,53036,14,,,1,71,,53023,14,,,1,29,,53009,14,,,1,70,,53030,14,,,1,29,,53021,14,,,1,71,,53024,14,,,1,29,,53010,14,,,1,70,,53025,14,,,1,30,,53022,14,,,1,69,,53005,14,,,1,30,,53028,14,,,1
5500,'Semaine-11-_26ÉTÉ-1111100-',559,,53047,14,,,1,144,,53063,14,,,1,102,,53046,14,,,1,99,,53082,14,,,1,28,,53083,14,,,1,69,,53052,14,,,1,30,,53062,14,,,1,70,,53066,14,,,1,31,,53088,14,,,1,71,,53048,14,,,1,30,,53087,14,,,1,69,,53065,14,,,1,30,,53080,14,,,1,70,,53074,14,,,1,23,,53081,14,,,1,16,,53067,14,,,1,17,,53045,14,,,1,54,,53086,14,,,1,17,,53056,14,,,1,15,,53089,14,,,1,13,,53077,14,,,1,50,,53049,14,,,1,13,,53060,14,,,1,14,,53092,14,,,1,13,,53085,14,,,1,11,,53051,14,,,1,51,,53068,14,,,1,12,,53061,14,,,1,9,,53090,14,,,1,11,,53075,14,,,1,9,,53055,14,,,1,52,,53050,14,,,1,10,,53091,14,,,1,12,,53059,14,,,1,11,,53054,14,,,1,10,,53064,14,,,1,70,,53079,14,,,1,29,,53084,14,,,1,71,,53071,14,,,1,29,,53057,14,,,1,70,,53078,14,,,1,29,,53069,14,,,1,71,,53072,14,,,1,29,,53058,14,,,1,70,,53073,14,,,1,30,,53070,14,,,1,69,,53053,14,,,1,30,,53076,14,,,1
5500,'Semaine-12-_26ÉTÉ-1111100-',559,,53095,14,,,1,144,,53111,14,,,1,102,,53094,14,,,1,99,,53130,14,,,1,28,,53131,14,,,1,69,,53100,14,,,1,30,,53110,14,,,1,70,,53114,14,,,1,31,,53136,14,,,1,71,,53096,14,,,1,30,,53135,14,,,1,69,,53113,14,,,1,30,,53128,14,,,1,70,,53122,14,,,1,23,,53129,14,,,1,16,,53115,14,,,1,17,,53093,14,,,1,54,,53134,14,,,1,17,,53104,14,,,1,15,,53137,14,,,1,13,,53125,14,,,1,50,,53097,14,,,1,13,,53108,14,,,1,14,,53140,14,,,1,13,,53133,14,,,1,11,,53099,14,,,1,51,,53116,14,,,1,12,,53109,14,,,1,9,,53138,14,,,1,11,,53123,14,,,1,9,,53103,14,,,1,52,,53098,14,,,1,10,,53139,14,,,1,12,,53107,14,,,1,11,,53102,14,,,1,10,,53112,14,,,1,70,,53127,14,,,1,29,,53132,14,,,1,71,,53119,14,,,1,29,,53105,14,,,1,70,,53126,14,,,1,29,,53117,14,,,1,71,,53120,14,,,1,29,,53106,14,,,1,70,,53121,14,,,1,30,,53118,14,,,1,69,,53101,14,,,1,30,,53124,14,,,1
5500,'Semaine-5-_26ÉTÉ-1111100-',559,,53143,14,,,1,144,,53159,14,,,1,102,,53142,14,,,1,99,,53178,14,,,1,28,,53179,14,,,1,69,,53148,14,,,1,30,,53158,14,,,1,70,,53162,14,,,1,31,,53184,14,,,1,71,,53144,14,,,1,30,,53183,14,,,1,69,,53161,14,,,1,30,,53176,14,,,1,70,,53170,14,,,1,23,,53177,14,,,1,16,,53163,14,,,1,17,,53141,14,,,1,54,,53182,14,,,1,17,,53152,14,,,1,15,,53185,14,,,1,13,,53173,14,,,1,50,,53145,14,,,1,13,,53156,14,,,1,14,,53188,14,,,1,13,,53181,14,,,1,11,,53147,14,,,1,51,,53164,14,,,1,12,,53157,14,,,1,9,,53186,14,,,1,11,,53171,14,,,1,9,,53151,14,,,1,52,,53146,14,,,1,10,,53187,14,,,1,12,,53155,14,,,1,11,,53150,14,,,1,10,,53160,14,,,1,70,,53175,14,,,1,29,,53180,14,,,1,71,,53167,14,,,1,29,,53153,14,,,1,70,,53174,14,,,1,29,,53165,14,,,1,71,,53168,14,,,1,29,,53154,14,,,1,70,,53169,14,,,1,30,,53166,14,,,1,69,,53149,14,,,1,30,,53172,14,,,1
5900,'Samedi-0-_26ÉTÉ-0000010-',718,,53710,14,,,1,30,,53713,14,,,1,70,,53706,14,,,1,30,,53712,14,,,1,70,,53709,14,,,1,30,,53714,14,,,1,70,,53718,14,,,1,30,,53719,14,,,1,70,,53708,14,,,1,30,,53707,14,,,1,71,,53717,14,,,1,30,,53711,14,,,1,70,,53715,14,,,1,30,,53720,14,,,1,70,,53716,14,,,1,30,,53721,14,,,1,70,,53722,14,,,1,29,,53723,14,,,1,70,,53724,14,,,1,32,,53725,14,,,1,69,,53726,14,,,1,30,,53727,14,,,1,69,,53728,14,,,1,30,,53729,14,,,1,70,,53730,14,,,1,30,,53732,14,,,1,70,,53731,14,,,1,30,,53734,14,,,1,70,,53733,14,,,1,30,,53735,14,,,1,70,,53736,14,,,1,30,,53738,14,,,1,70,,53737,14,,,1,30,,53739,14,,,1
5900,'Dimanche-0-_26ÉTÉ-0000001-',718,,53746,14,,,1,30,,53741,14,,,1,70,,53744,14,,,1,30,,53749,14,,,1,70,,53753,14,,,1,30,,53742,14,,,1,70,,53745,14,,,1,30,,53751,14,,,1,70,,53752,14,,,1,30,,53740,14,,,1,71,,53743,14,,,1,30,,53748,14,,,1,70,,53750,14,,,1,30,,53747,14,,,1,70,,53755,14,,,1,30,,53760,14,,,1,70,,53754,14,,,1,29,,53765,14,,,1,70,,53766,14,,,1,32,,53757,14,,,1,69,,53761,14,,,1,30,,53772,14,,,1,69,,53756,14,,,1,30,,53762,14,,,1,70,,53758,14,,,1,30,,53763,14,,,1,70,,53768,14,,,1,30,,53769,14,,,1,70,,53759,14,,,1,30,,53773,14,,,1,70,,53767,14,,,1,30,,53764,14,,,1,70,,53771,14,,,1,30,,53770,14,,,1
5900,'Dimanche-10-_26ÉTÉ-0000001-',718,,53780,14,,,1,30,,53775,14,,,1,70,,53778,14,,,1,30,,53783,14,,,1,70,,53787,14,,,1,30,,53776,14,,,1,70,,53779,14,,,1,30,,53785,14,,,1,70,,53786,14,,,1,30,,53774,14,,,1,71,,53777,14,,,1,30,,53782,14,,,1,70,,53784,14,,,1,30,,53781,14,,,1,70,,53789,14,,,1,30,,53794,14,,,1,70,,53788,14,,,1,29,,53799,14,,,1,70,,53800,14,,,1,32,,53791,14,,,1,69,,53795,14,,,1,30,,53806,14,,,1,69,,53790,14,,,1,30,,53796,14,,,1,70,,53792,14,,,1,30,,53797,14,,,1,70,,53802,14,,,1,30,,53803,14,,,1,70,,53793,14,,,1,30,,53807,14,,,1,70,,53801,14,,,1,30,,53798,14,,,1,70,,53805,14,,,1,30,,53804,14,,,1
5900,'Dimanche-11-_26ÉTÉ-0000001-',718,,53814,14,,,1,30,,53809,14,,,1,70,,53812,14,,,1,30,,53817,14,,,1,70,,53821,14,,,1,30,,53810,14,,,1,70,,53813,14,,,1,30,,53819,14,,,1,70,,53820,14,,,1,30,,53808,14,,,1,71,,53811,14,,,1,30,,53816,14,,,1,70,,53818,14,,,1,30,,53815,14,,,1,70,,53823,14,,,1,30,,53828,14,,,1,70,,53822,14,,,1,29,,53833,14,,,1,70,,53834,14,,,1,32,,53825,14,,,1,69,,53829,14,,,1,30,,53840,14,,,1,69,,53824,14,,,1,30,,53830,14,,,1,70,,53826,14,,,1,30,,53831,14,,,1,70,,53836,14,,,1,30,,53837,14,,,1,70,,53827,14,,,1,30,,53841,14,,,1,70,,53835,14,,,1,30,,53832,14,,,1,70,,53839,14,,,1,30,,53838,14,,,1
5900,'Semaine-1-_26ÉTÉ-1111100-',632,,53849,14,,,1,103,,53884,14,,,1,100,,53865,14,,,1,85,,53861,14,,,1,28,,53882,14,,,1,70,,53858,14,,,1,30,,53881,14,,,1,70,,53872,14,,,1,30,,53866,14,,,1,71,,53874,14,,,1,30,,53857,14,,,1,70,,53885,14,,,1,30,,53848,14,,,1,70,,53879,14,,,1,14,,53850,14,,,1,17,,53883,14,,,1,71,,53843,14,,,1,14,,53887,14,,,1,16,,53842,14,,,1,8,,53877,14,,,1,56,,53873,14,,,1,7,,53886,9,,,1,6,,53860,14,,,1,13,,53844,14,,,1,6,,53888,9,,,1,8,,53845,14,,,1,50,,53853,14,,,1,8,,53880,14,,,1,17,,53869,14,,,1,9,,53856,14,,,1,8,,53878,14,,,1,12,,53864,14,,,1,52,,53876,14,,,1,9,,53846,14,,,1,10,,53851,14,,,1,71,,53871,14,,,1,30,,53862,14,,,1,70,,53867,14,,,1,29,,53855,14,,,1,70,,53863,14,,,1,30,,53868,14,,,1,70,,53875,14,,,1,30,,53852,14,,,1,70,,53870,14,,,1,29,,53859,14,,,1,71,,53847,14,,,1,28,,53854,14,,,1
5900,'Semaine-10-_26ÉTÉ-1111100-',632,,53896,14,,,1,103,,53931,14,,,1,100,,53912,14,,,1,85,,53908,14,,,1,28,,53929,14,,,1,70,,53905,14,,,1,30,,53928,14,,,1,70,,53919,14,,,1,30,,53913,14,,,1,71,,53921,14,,,1,30,,53904,14,,,1,70,,53932,14,,,1,30,,53895,14,,,1,70,,53926,14,,,1,14,,53897,14,,,1,17,,53930,14,,,1,71,,53890,14,,,1,14,,53934,14,,,1,16,,53889,14,,,1,8,,53924,14,,,1,56,,53920,14,,,1,7,,53933,9,,,1,6,,53907,14,,,1,13,,53891,14,,,1,6,,53935,9,,,1,8,,53892,14,,,1,50,,53900,14,,,1,8,,53927,14,,,1,17,,53916,14,,,1,9,,53903,14,,,1,8,,53925,14,,,1,12,,53911,14,,,1,52,,53923,14,,,1,9,,53893,14,,,1,10,,53898,14,,,1,71,,53918,14,,,1,30,,53909,14,,,1,70,,53914,14,,,1,29,,53902,14,,,1,70,,53910,14,,,1,30,,53915,14,,,1,70,,53922,14,,,1,30,,53899,14,,,1,70,,53917,14,,,1,29,,53906,14,,,1,71,,53894,14,,,1,28,,53901,14,,,1
5900,'Semaine-11-_26ÉTÉ-1111100-',632,,53943,14,,,1,103,,53978,14,,,1,100,,53959,14,,,1,85,,53955,14,,,1,28,,53976,14,,,1,70,,53952,14,,,1,30,,53975,14,,,1,70,,53966,14,,,1,30,,53960,14,,,1,71,,53968,14,,,1,30,,53951,14,,,1,70,,53979,14,,,1,30,,53942,14,,,1,70,,53973,14,,,1,14,,53944,14,,,1,17,,53977,14,,,1,71,,53937,14,,,1,14,,53981,14,,,1,16,,53936,14,,,1,8,,53971,14,,,1,56,,53967,14,,,1,7,,53980,9,,,1,6,,53954,14,,,1,13,,53938,14,,,1,6,,53982,9,,,1,8,,53939,14,,,1,50,,53947,14,,,1,8,,53974,14,,,1,17,,53963,14,,,1,9,,53950,14,,,1,8,,53972,14,,,1,12,,53958,14,,,1,52,,53970,14,,,1,9,,53940,14,,,1,10,,53945,14,,,1,71,,53965,14,,,1,30,,53956,14,,,1,70,,53961,14,,,1,29,,53949,14,,,1,70,,53957,14,,,1,30,,53962,14,,,1,70,,53969,14,,,1,30,,53946,14,,,1,70,,53964,14,,,1,29,,53953,14,,,1,71,,53941,14,,,1,28,,53948,14,,,1
5900,'Semaine-12-_26ÉTÉ-1111100-',632,,53990,14,,,1,103,,54025,14,,,1,100,,54006,14,,,1,85,,54002,14,,,1,28,,54023,14,,,1,70,,53999,14,,,1,30,,54022,14,,,1,70,,54013,14,,,1,30,,54007,14,,,1,71,,54015,14,,,1,30,,53998,14,,,1,70,,54026,14,,,1,30,,53989,14,,,1,70,,54020,14,,,1,14,,53991,14,,,1,17,,54024,14,,,1,71,,53984,14,,,1,14,,54028,14,,,1,16,,53983,14,,,1,8,,54018,14,,,1,56,,54014,14,,,1,7,,54027,9,,,1,6,,54001,14,,,1,13,,53985,14,,,1,6,,54029,9,,,1,8,,53986,14,,,1,50,,53994,14,,,1,8,,54021,14,,,1,17,,54010,14,,,1,9,,53997,14,,,1,8,,54019,14,,,1,12,,54005,14,,,1,52,,54017,14,,,1,9,,53987,14,,,1,10,,53992,14,,,1,71,,54012,14,,,1,30,,54003,14,,,1,70,,54008,14,,,1,29,,53996,14,,,1,70,,54004,14,,,1,30,,54009,14,,,1,70,,54016,14,,,1,30,,53993,14,,,1,70,,54011,14,,,1,29,,54000,14,,,1,71,,53988,14,,,1,28,,53995,14,,,1
5900,'Semaine-5-_26ÉTÉ-1111100-',632,,54037,14,,,1,103,,54072,14,,,1,100,,54053,14,,,1,85,,54049,14,,,1,28,,54070,14,,,1,70,,54046,14,,,1,30,,54069,14,,,1,70,,54060,14,,,1,30,,54054,14,,,1,71,,54062,14,,,1,30,,54045,14,,,1,70,,54073,14,,,1,30,,54036,14,,,1,70,,54067,14,,,1,14,,54038,14,,,1,17,,54071,14,,,1,71,,54031,14,,,1,14,,54075,14,,,1,16,,54030,14,,,1,8,,54065,14,,,1,56,,54061,14,,,1,7,,54074,9,,,1,6,,54048,14,,,1,13,,54032,14,,,1,6,,54076,9,,,1,8,,54033,14,,,1,50,,54041,14,,,1,8,,54068,14,,,1,17,,54057,14,,,1,9,,54044,14,,,1,8,,54066,14,,,1,12,,54052,14,,,1,52,,54064,14,,,1,9,,54034,14,,,1,10,,54039,14,,,1,71,,54059,14,,,1,30,,54050,14,,,1,70,,54055,14,,,1,29,,54043,14,,,1,70,,54051,14,,,1,30,,54056,14,,,1,70,,54063,14,,,1,30,,54040,14,,,1,70,,54058,14,,,1,29,,54047,14,,,1,71,,54035,14,,,1,28,,54042,14,,,1
80001,'Samedi-0-_26ÉTÉ-0000010-',630,,63203,16,,,1,100,,63205,16,,,1,99,,63206,16,,,2,100,,63209,16,,,1,101,,63204,16,,,2,100,,63207,16,,,1,100,,63210,16,,,1,99,,63208,16,,,2,100,,63211,16,,,1,100,,63212,16,,,1,100,,63213,16,,,2,100,,63214,16,,,1,97,,63217,16,,,1,101,,63215,16,,,2,100,,63216,16,,,2,100,,63218,16,,,1,102,,63219,16,,,1
80001,'Dimanche-0-_26ÉTÉ-0000001-',630,,63220,16,,,1,100,,63221,16,,,1,99,,63225,16,,,2,100,,63222,16,,,1,101,,63226,16,,,2,100,,63223,16,,,1,100,,63224,16,,,1,99,,63228,16,,,2,100,,63227,16,,,1,100,,63229,16,,,1,100,,63231,16,,,2,100,,63232,16,,,1,97,,63233,16,,,1,101,,63230,16,,,2,100,,63234,16,,,2,100,,63235,16,,,1,102,,63236,16,,,1
80001,'Dimanche-10-_26ÉTÉ-0000001-',630,,63237,16,,,1,100,,63238,16,,,1,99,,63242,16,,,2,100,,63239,16,,,1,101,,63243,16,,,2,100,,63240,16,,,1,100,,63241,16,,,1,99,,63245,16,,,2,100,,63244,16,,,1,100,,63246,16,,,1,100,,63248,16,,,2,100,,63249,16,,,1,97,,63250,16,,,1,101,,63247,16,,,2,100,,63251,16,,,2,100,,63252,16,,,1,102,,63253,16,,,1
80001,'Dimanche-11-_26ÉTÉ-0000001-',630,,63254,16,,,1,100,,63255,16,,,1,99,,63259,16,,,2,100,,63256,16,,,1,101,,63260,16,,,2,100,,63257,16,,,1,100,,63258,16,,,1,99,,63262,16,,,2,100,,63261,16,,,1,100,,63263,16,,,1,100,,63265,16,,,2,100,,63266,16,,,1,97,,63267,16,,,1,101,,63264,16,,,2,100,,63268,16,,,2,100,,63269,16,,,1,102,,63270,16,,,1
80001,'Semaine-1-_26ÉTÉ-1111100-',618,,63293,16,,,1,30,,63279,16,,,1,70,,63299,16,,,1,29,,63283,16,,,2,75,,63273,16,,,2,27,,63290,16,,,2,68,,63287,16,,,2,30,,63295,16,,,1,70,,63300,16,,,2,30,,63286,16,,,1,70,,63294,16,,,1,30,,63276,16,,,1,70,,63304,16,,,1,29,,63303,16,,,2,74,,63274,16,,,2,30,,63297,16,,,1,70,,63285,16,,,1,31,,63291,16,,,1,71,,63301,16,,,1,29,,63288,16,,,2,58,,63298,16,,,1,20,,63305,16,,,2,28,,63296,16,,,1,66,,63289,16,,,1,29,,63277,16,,,1,68,,63281,16,,,1,28,,63271,16,,,1,70,,63302,16,,,1,31,,63278,16,,,1,67,,63280,16,,,1,29,,63284,16,,,1,70,,63272,16,,,2,30,,63292,16,,,1,74,,63275,16,,,1,31,,63282,16,,,1
80001,'Semaine-10-_26ÉTÉ-1111100-',618,,63328,16,,,1,30,,63314,16,,,1,70,,63334,16,,,1,29,,63318,16,,,2,75,,63308,16,,,2,27,,63325,16,,,2,68,,63322,16,,,2,30,,63330,16,,,1,70,,63335,16,,,2,30,,63321,16,,,1,70,,63329,16,,,1,30,,63311,16,,,1,70,,63339,16,,,1,29,,63338,16,,,2,74,,63309,16,,,2,30,,63332,16,,,1,70,,63320,16,,,1,31,,63326,16,,,1,71,,63336,16,,,1,29,,63323,16,,,2,58,,63333,16,,,1,20,,63340,16,,,2,28,,63331,16,,,1,66,,63324,16,,,1,29,,63312,16,,,1,68,,63316,16,,,1,28,,63306,16,,,1,70,,63337,16,,,1,31,,63313,16,,,1,67,,63315,16,,,1,29,,63319,16,,,1,70,,63307,16,,,2,30,,63327,16,,,1,74,,63310,16,,,1,31,,63317,16,,,1
80001,'Semaine-11-_26ÉTÉ-1111100-',618,,63363,16,,,1,30,,63349,16,,,1,70,,63369,16,,,1,29,,63353,16,,,2,75,,63343,16,,,2,27,,63360,16,,,2,68,,63357,16,,,2,30,,63365,16,,,1,70,,63370,16,,,2,30,,63356,16,,,1,70,,63364,16,,,1,30,,63346,16,,,1,70,,63374,16,,,1,29,,63373,16,,,2,74,,63344,16,,,2,30,,63367,16,,,1,70,,63355,16,,,1,31,,63361,16,,,1,71,,63371,16,,,1,29,,63358,16,,,2,58,,63368,16,,,1,20,,63375,16,,,2,28,,63366,16,,,1,66,,63359,16,,,1,29,,63347,16,,,1,68,,63351,16,,,1,28,,63341,16,,,1,70,,63372,16,,,1,31,,63348,16,,,1,67,,63350,16,,,1,29,,63354,16,,,1,70,,63342,16,,,2,30,,63362,16,,,1,74,,63345,16,,,1,31,,63352,16,,,1
80001,'Semaine-12-_26ÉTÉ-1111100-',618,,63398,16,,,1,30,,63384,16,,,1,70,,63404,16,,,1,29,,63388,16,,,2,75,,63378,16,,,2,27,,63395,16,,,2,68,,63392,16,,,2,30,,63400,16,,,1,70,,63405,16,,,2,30,,63391,16,,,1,70,,63399,16,,,1,30,,63381,16,,,1,70,,63409,16,,,1,29,,63408,16,,,2,74,,63379,16,,,2,30,,63402,16,,,1,70,,63390,16,,,1,31,,63396,16,,,1,71,,63406,16,,,1,29,,63393,16,,,2,58,,63403,16,,,1,20,,63410,16,,,2,28,,63401,16,,,1,66,,63394,16,,,1,29,,63382,16,,,1,68,,63386,16,,,1,28,,63376,16,,,1,70,,63407,16,,,1,31,,63383,16,,,1,67,,63385,16,,,1,29,,63389,16,,,1,70,,63377,16,,,2,30,,63397,16,,,1,74,,63380,16,,,1,31,,63387,16,,,1
80001,'Semaine-5-_26ÉTÉ-1111100-',618,,63433,16,,,1,30,,63419,16,,,1,70,,63439,16,,,1,29,,63423,16,,,2,75,,63413,16,,,2,27,,63430,16,,,2,68,,63427,16,,,2,30,,63435,16,,,1,70,,63440,16,,,2,30,,63426,16,,,1,70,,63434,16,,,1,30,,63416,16,,,1,70,,63444,16,,,1,29,,63443,16,,,2,74,,63414,16,,,2,30,,63437,16,,,1,70,,63425,16,,,1,31,,63431,16,,,1,71,,63441,16,,,1,29,,63428,16,,,2,58,,63438,16,,,1,20,,63445,16,,,2,28,,63436,16,,,1,66,,63429,16,,,1,29,,63417,16,,,1,68,,63421,16,,,1,28,,63411,16,,,1,70,,63442,16,,,1,31,,63418,16,,,1,67,,63420,16,,,1,29,,63424,16,,,1,70,,63412,16,,,2,30,,63432,16,,,1,74,,63415,16,,,1,31,,63422,16,,,1
