7901,'Semaine-4',606,,33901,26,,,1,99,,33905,26,,,1,33,,33903,26,,,1,67,,33904,26,,,1,29,,33902,26,,,1,69,,33906,26,,,1
7901,'Semaine-5',606,,37765,26,,,1,99,,37769,26,,,1,33,,37767,26,,,1,67,,37768,26,,,1,29,,37766,26,,,1,69,,37770,26,,,1
9301,'Semaine-4',617,,33961,37,,,1,20,,33959,37,,,1,22,,33958,37,,,1,73,,33962,37,,,2,70,,33960,37,,,1
9301,'Semaine-5',617,,37825,37,,,1,20,,37823,37,,,1,22,,37822,37,,,1,73,,37826,37,,,2,70,,37824,37,,,1
9501,'Semaine-4',611,,33978,51,,,2,15,,33974,51,,,1,13,,33976,51,,,1,19,,33981,51,,,2,56,,33977,51,,,2,16,,33979,51,,,1,15,,33980,51,,,2,56,,33975,51,,,2
9501,'Semaine-5',611,,37842,51,,,2,15,,37838,51,,,1,13,,37840,51,,,1,19,,37845,51,,,2,56,,37841,51,,,2,16,,37843,51,,,1,15,,37844,51,,,2,56,,37839,51,,,2
9701,'Samedi-3',814,,34038,73,,,2,100,,34041,73,,,2,101,,34039,73,,,2,100,,34042,73,,,2,100,,34036,73,,,1,100,,34037,73,,,1,101,,34040,73,,,2,100,,34043,73,,,2,100,,34044,73,,,1,100,,34045,73,,,2,100,,34046,73,,,2,100,,34047,73,,,1,100,,34051,73,,,1,100,,34048,73,,,1,99,,34049,73,,,1,100,,34050,73,,,1
9701,'Samedi-4',814,,37885,73,,,2,100,,37888,73,,,2,101,,37886,73,,,2,100,,37889,73,,,2,100,,37883,73,,,1,100,,37884,73,,,1,101,,37887,73,,,2,100,,37890,73,,,2,100,,37891,73,,,1,100,,37892,73,,,2,100,,37893,73,,,2,100,,37894,73,,,1,100,,37898,73,,,1,100,,37895,73,,,1,99,,37896,73,,,1,100,,37897,73,,,1
9701,'Dimanche-3',814,,34058,73,,,2,100,,34055,73,,,2,101,,34056,73,,,2,100,,34059,73,,,2,100,,34054,73,,,1,100,,34053,73,,,1,101,,34052,73,,,2,100,,34057,73,,,2,100,,34061,73,,,1,100,,34060,73,,,2,100,,34065,73,,,2,100,,34066,73,,,1,100,,34067,73,,,1,100,,34062,73,,,1,99,,34063,73,,,1,100,,34064,73,,,1
9701,'Semaine-4',658,,34082,73,,,1,98,,34075,73,,,2,151,,34084,73,,,1,103,,34073,73,,,2,99,,34070,73,,,2,100,,34083,73,,,1,100,,34078,73,,,2,98,,34074,73,,,1,102,,34080,73,,,1,104,,34068,73,,,2,96,,34071,73,,,2,98,,34079,73,,,1,96,,34081,73,,,1,56,,34072,73,,,1,97,,34076,73,,,2,100,,34069,73,,,1,100,,34077,73,,,1
9701,'Semaine-5',658,,37913,73,,,1,98,,37906,73,,,2,151,,37915,73,,,1,103,,37904,73,,,2,99,,37901,73,,,2,100,,37914,73,,,1,100,,37909,73,,,2,98,,37905,73,,,1,102,,37911,73,,,1,104,,37899,73,,,2,96,,37902,73,,,2,98,,37910,73,,,1,96,,37912,73,,,1,56,,37903,73,,,1,97,,37907,73,,,2,100,,37900,73,,,1,100,,37908,73,,,1
