3301,'Samedi-3',722,,30753,28,,,1,100,,30754,28,,,1,100,,30751,28,,,1,100,,30757,28,,,1,100,,30758,28,,,1,101,,30752,28,,,1,100,,30755,28,,,1,100,,30756,28,,,1,101,,30759,28,,,1,98,,30760,28,,,1,100,,30761,28,,,1,98,,30768,28,,,1,100,,30762,28,,,1,100,,30763,28,,,1,100,,30764,28,,,1,100,,30765,28,,,1,100,,30766,28,,,1,100,,30767,28,,,1
3301,'Samedi-4',722,,35394,28,,,1,100,,35395,28,,,1,100,,35392,28,,,1,100,,35398,28,,,1,100,,35399,28,,,1,101,,35393,28,,,1,100,,35396,28,,,1,100,,35397,28,,,1,101,,35400,28,,,1,98,,35401,28,,,1,100,,35402,28,,,1,98,,35409,28,,,1,100,,35403,28,,,1,100,,35404,28,,,1,100,,35405,28,,,1,100,,35406,28,,,1,100,,35407,28,,,1,100,,35408,28,,,1
3301,'Dimanche-3',722,,30773,28,,,1,100,,30774,28,,,1,100,,30775,28,,,1,100,,30769,28,,,1,100,,30770,28,,,1,101,,30771,28,,,1,100,,30772,28,,,1,100,,30777,28,,,1,101,,30778,28,,,1,98,,30776,28,,,1,100,,30779,28,,,1,98,,30782,28,,,1,100,,30786,28,,,1,100,,30780,28,,,1,100,,30781,28,,,1,100,,30784,28,,,1,100,,30783,28,,,1,100,,30785,28,,,1
3301,'Semaine-4',610,,30810,28,,,1,22,,30818,28,,,2,24,,30795,28,,,1,57,,30815,28,,,1,15,,30811,28,,,1,5,,30806,28,,,1,9,,30826,28,,,1,14,,30824,28,,,1,56,,30813,28,,,1,15,,30801,28,,,1,10,,30817,28,,,2,16,,30791,28,,,1,70,,30803,28,,,2,28,,30809,28,,,1,71,,30799,28,,,1,28,,30820,28,,,1,71,,30804,28,,,1,29,,30796,28,,,1,72,,30798,28,,,1,20,,30816,28,,,1,6,,30825,28,,,1,68,,30807,28,,,1,28,,30797,28,,,1,71,,30802,28,,,1,34,,30805,29,,,1,52,,30827,29,,,2,17,,30808,29,,,1,19,,30800,29,,,2,13,,30812,29,,,1,73,,30793,29,,,1,24,,30823,29,,,2,65,,30790,29,,,2,30,,30787,29,,,2,68,,30821,28,,,1,43,,30794,28,,,2,69,,30789,28,,,2,97,,30792,28,,,1,81,,30814,28,,,2,105,,30819,28,,,1,98,,30788,28,,,2,124,,30822,28,,,1
3301,'Semaine-5',610,,35433,28,,,1,22,,35441,28,,,2,24,,35418,28,,,1,57,,35438,28,,,1,15,,35434,28,,,1,5,,35429,28,,,1,9,,35449,28,,,1,14,,35447,28,,,1,56,,35436,28,,,1,15,,35424,28,,,1,10,,35440,28,,,2,16,,35414,28,,,1,70,,35426,28,,,2,28,,35432,28,,,1,71,,35422,28,,,1,28,,35443,28,,,1,71,,35427,28,,,1,29,,35419,28,,,1,72,,35421,28,,,1,20,,35439,28,,,1,6,,35448,28,,,1,68,,35430,28,,,1,28,,35420,28,,,1,71,,35425,28,,,1,34,,35428,29,,,1,52,,35450,29,,,2,17,,35431,29,,,1,19,,35423,29,,,2,13,,35435,29,,,1,73,,35416,29,,,1,24,,35446,29,,,2,65,,35413,29,,,2,30,,35410,29,,,2,68,,35444,28,,,1,43,,35417,28,,,2,69,,35412,28,,,2,97,,35415,28,,,1,81,,35437,28,,,2,105,,35442,28,,,1,98,,35411,28,,,2,124,,35445,28,,,1
3501,'Semaine-4',546,,31084,13,,,1,81,,31059,13,,,1,20,,31066,13,,,1,61,,31075,24,,,1,14,,31081,13,,,1,23,,31086,24,,,1,56,,31062,13,,,1,27,,31082,13,,,1,24,,31087,13,,,1,69,,31068,13,,,2,30,,31070,13,,,1,70,,31061,13,,,1,30,,31067,13,,,1,70,,31077,13,,,1,30,,31060,13,,,1,70,,31074,13,,,1,30,,31076,13,,,1,70,,31079,13,,,1,30,,31064,13,,,1,73,,31088,13,,,2,27,,31078,13,,,2,71,,31063,13,,,2,30,,31090,13,,,1,68,,31085,13,,,2,29,,31069,13,,,1,69,,31072,13,,,2,40,,31091,13,,,2,65,,31080,13,,,1,98,,31073,13,,,1,103,,31071,13,,,1,100,,31089,13,,,1,97,,31083,13,,,1,109,,31065,13,,,1
3501,'Semaine-5',546,,35641,13,,,1,81,,35616,13,,,1,20,,35623,13,,,1,61,,35632,24,,,1,14,,35638,13,,,1,23,,35643,24,,,1,56,,35619,13,,,1,27,,35639,13,,,1,24,,35644,13,,,1,69,,35625,13,,,2,30,,35627,13,,,1,70,,35618,13,,,1,30,,35624,13,,,1,70,,35634,13,,,1,30,,35617,13,,,1,70,,35631,13,,,1,30,,35633,13,,,1,70,,35636,13,,,1,30,,35621,13,,,1,73,,35645,13,,,2,27,,35635,13,,,2,71,,35620,13,,,2,30,,35647,13,,,1,68,,35642,13,,,2,29,,35626,13,,,1,69,,35629,13,,,2,40,,35648,13,,,2,65,,35637,13,,,1,98,,35630,13,,,1,103,,35628,13,,,1,100,,35646,13,,,1,97,,35640,13,,,1,109,,35622,13,,,1
3601,'Semaine-4',858,,31101,28,,,1,90,,31099,28,,,1,100,,31102,28,,,1,100,,31100,28,,,1,100,,31105,28,,,1,100,,31104,28,,,1,100,,31103,28,,,1
3601,'Semaine-5',858,,35658,28,,,1,90,,35656,28,,,1,100,,35659,28,,,1,100,,35657,28,,,1,100,,35662,28,,,1,100,,35661,28,,,1,100,,35660,28,,,1
83301,'Semaine-4',756,,35028,10,0,9 12 13,1
83301,'Semaine-5',756,,38647,10,0,9 12 13,1
