2500,'Semaine-4',1554,,30361,38,,,1,70,,30364,38,,,1,31,,30362,38,,,1,71,,30366,38,,,1,27,,30363,38,,,1,64,,30365,38,,,1
2500,'Semaine-5',1554,,35057,38,,,1,70,,35060,38,,,1,31,,35058,38,,,1,71,,35062,38,,,1,27,,35059,38,,,1,64,,35061,38,,,1
32500,'Semaine-4',1651,,34184,46,0,7 8,1
32500,'Semaine-5',1651,,38015,46,0,7 8,1
42501,'Semaine-4',1521,,34794,32,0,9 14,1
42501,'Semaine-5',1521,,38445,32,0,9 14,1
73401,'Semaine-4',804,,34855,16,0,5 11,1
73401,'Semaine-5',804,,38506,16,0,5 11,1
82500,'Semaine-4',1552,,35006,30,0,9 12 13,1
82500,'Semaine-5',1552,,38625,30,0,9 12 13,1
