3400,'Samedi-3',750,,30828,40,,,1,104,,30833,40,,,1,70,,30829,40,,,2,31,,30835,40,,,1,70,,30836,40,,,1,31,,30830,40,,,1,70,,30831,40,,,1,30,,30832,40,,,1,70,,30834,40,,,2,31,,30837,40,,,1,70,,30839,40,,,1,31,,30838,40,,,2,70,,30840,40,,,1,30,,30841,40,,,1,70,,30842,40,,,1,29,,30843,40,,,1,70,,30844,40,,,1,31,,30845,40,,,1,70,,30846,40,,,1,30,,30847,40,,,1,70,,30848,40,,,1,28,,30849,40,,,1,68,,30850,40,,,2,30,,30851,40,,,1,70,,30852,40,,,1,30,,30853,40,,,1,70,,30854,40,,,1,30,,30855,40,,,1,70,,30856,40,,,1,29,,30858,40,,,1,71,,30857,40,,,1,29,,30860,40,,,1,70,,30859,40,,,1,27,,30861,40,,,1
3400,'Dimanche-3',750,,30866,40,,,1,104,,30870,40,,,1,70,,30868,40,,,2,31,,30863,40,,,1,70,,30871,40,,,1,31,,30874,40,,,1,70,,30873,40,,,1,30,,30862,40,,,1,70,,30864,40,,,2,31,,30875,40,,,1,70,,30865,40,,,1,31,,30867,40,,,2,70,,30869,40,,,1,30,,30878,40,,,1,70,,30872,40,,,1,29,,30876,40,,,1,70,,30879,40,,,1,31,,30883,40,,,1,70,,30888,40,,,1,30,,30880,40,,,1,70,,30881,40,,,1,28,,30891,40,,,1,68,,30882,40,,,2,30,,30887,40,,,1,70,,30877,40,,,1,30,,30884,40,,,1,70,,30886,40,,,1,30,,30889,40,,,1,70,,30895,40,,,1,29,,30890,40,,,1,71,,30892,40,,,1,29,,30885,40,,,1,70,,30893,40,,,1,27,,30894,40,,,1
3400,'Semaine-4',631,,30926,40,,,1,69,,30911,40,,,1,33,,30905,40,,,1,77,,30909,40,,,1,27,,30900,40,,,1,69,,30920,40,,,1,30,,30906,40,,,1,67,,30896,40,,,1,30,,30901,40,,,1,70,,30902,40,,,1,30,,30907,40,,,1,70,,30897,40,,,1,31,,30927,40,,,1,70,,30903,40,,,1,30,,30908,40,,,1,70,,30898,40,,,1,33,,30924,40,,,1,70,,30899,40,,,1,26,,30925,40,,,2,305,,30923,40,,,2,20,,30912,40,,,1,67,,30904,40,,,1,30,,30916,40,,,1,70,,30922,40,,,1,30,,30913,40,,,2,69,,30915,40,,,1,30,,30917,40,,,1,70,,30910,40,,,1,30,,30919,40,,,1,69,,30914,40,,,1,28,,30918,40,,,1,70,,30921,40,,,1
3400,'Samedi-10-_26ÉTÉ-0000010-',750,,39763,40,,,1,104,,39768,40,,,1,70,,39764,40,,,2,31,,39770,40,,,1,70,,39771,40,,,1,31,,39765,40,,,1,70,,39766,40,,,2,30,,39767,40,,,1,70,,39769,40,,,2,31,,39772,40,,,1,70,,39774,40,,,1,31,,39773,40,,,2,70,,39775,40,,,1,30,,39776,40,,,1,70,,39777,40,,,2,29,,39778,40,,,1,70,,39779,40,,,1,31,,39780,40,,,1,70,,39781,40,,,1,30,,39782,40,,,1,70,,39783,40,,,1,28,,39784,40,,,1,68,,39785,40,,,2,30,,39786,40,,,1,70,,39787,40,,,1,30,,39788,40,,,1,70,,39789,40,,,1,30,,39790,40,,,1,70,,39791,40,,,1,29,,39793,40,,,1,71,,39792,40,,,1,29,,39795,40,,,1,70,,39794,40,,,1,27,,39796,40,,,1
3400,'Semaine-2-_26ÉTÉ-1111100-',631,,39827,40,,,1,71,,39812,40,,,1,33,,39806,40,,,1,72,,39810,40,,,1,30,,39801,40,,,1,71,,39821,40,,,1,28,,39807,40,,,1,67,,39797,40,,,1,30,,39802,40,,,2,70,,39803,40,,,2,30,,39808,40,,,1,70,,39798,40,,,1,31,,39828,40,,,1,70,,39804,40,,,1,30,,39809,40,,,1,70,,39799,40,,,1,33,,39825,40,,,2,70,,39800,40,,,1,27,,39826,40,,,1,304,,39824,40,,,2,20,,39813,40,,,1,67,,39805,40,,,2,30,,39817,40,,,1,70,,39823,40,,,1,30,,39814,40,,,1,69,,39816,40,,,1,30,,39818,40,,,1,70,,39811,40,,,1,30,,39820,40,,,1,69,,39815,40,,,1,28,,39819,40,,,1,70,,39822,40,,,1
3400,'Semaine-3-_26ÉTÉ-1111100-',631,,39859,40,,,1,71,,39844,40,,,1,33,,39838,40,,,1,72,,39842,40,,,1,30,,39833,40,,,1,71,,39853,40,,,1,28,,39839,40,,,1,67,,39829,40,,,1,30,,39834,40,,,2,70,,39835,40,,,2,30,,39840,40,,,1,70,,39830,40,,,1,31,,39860,40,,,1,70,,39836,40,,,1,30,,39841,40,,,1,70,,39831,40,,,1,33,,39857,40,,,2,70,,39832,40,,,1,27,,39858,40,,,1,304,,39856,40,,,2,20,,39845,40,,,1,67,,39837,40,,,2,30,,39849,40,,,1,70,,39855,40,,,1,30,,39846,40,,,1,69,,39848,40,,,1,30,,39850,40,,,1,70,,39843,40,,,1,30,,39852,40,,,1,69,,39847,40,,,1,28,,39851,40,,,1,70,,39854,40,,,1
3400,'Semaine-4-_26ÉTÉ-1111100-',631,,39891,40,,,1,71,,39876,40,,,1,33,,39870,40,,,1,72,,39874,40,,,1,30,,39865,40,,,1,71,,39885,40,,,1,28,,39871,40,,,1,67,,39861,40,,,1,30,,39866,40,,,2,70,,39867,40,,,2,30,,39872,40,,,1,70,,39862,40,,,1,31,,39892,40,,,1,70,,39868,40,,,1,30,,39873,40,,,1,70,,39863,40,,,1,33,,39889,40,,,2,70,,39864,40,,,1,27,,39890,40,,,1,304,,39888,40,,,2,20,,39877,40,,,1,67,,39869,40,,,2,30,,39881,40,,,1,70,,39887,40,,,1,30,,39878,40,,,1,69,,39880,40,,,1,30,,39882,40,,,1,70,,39875,40,,,1,30,,39884,40,,,1,69,,39879,40,,,1,28,,39883,40,,,1,70,,39886,40,,,1
3900,'Samedi-3',654,,31446,26,,,1,101,,31447,26,,,1,100,,31451,26,,,1,101,,31450,26,,,1,100,,31453,26,,,1,100,,31452,26,,,1,102,,31448,26,,,1,70,,31449,26,,,1,30,,31454,26,,,1,71,,31455,26,,,2,30,,31456,26,,,1,70,,31457,26,,,1,71,,31458,26,,,2,30,,31459,26,,,1,70,,31460,26,,,1,30,,31461,26,,,1,70,,31462,26,,,1,29,,31463,26,,,1,29,,31464,26,,,1,68,,31465,26,,,1,100,,31466,26,,,1,100,,31467,26,,,1,100,,31468,26,,,1,100,,31469,26,,,1
3900,'Dimanche-3',654,,31470,26,,,1,101,,31477,26,,,1,100,,31471,26,,,1,101,,31473,26,,,1,100,,31479,26,,,1,100,,31472,26,,,1,102,,31478,26,,,1,70,,31474,26,,,1,30,,31475,26,,,1,71,,31480,26,,,2,30,,31482,26,,,1,70,,31476,26,,,1,71,,31481,26,,,2,30,,31483,26,,,1,70,,31484,26,,,1,30,,31490,26,,,1,70,,31491,26,,,1,29,,31493,26,,,1,29,,31489,26,,,1,68,,31487,26,,,1,100,,31488,26,,,1,100,,31492,26,,,1,100,,31485,26,,,1,100,,31486,26,,,1
3900,'Semaine-4',630,,31511,26,,,1,24,,31497,26,,,1,72,,31516,26,,,1,28,,31509,26,,,1,72,,31510,26,,,1,33,,31508,26,,,1,72,,31505,26,,,1,70,,31522,26,,,1,30,,31517,26,,,1,71,,31529,26,,,1,30,,31514,26,,,1,70,,31518,26,,,1,30,,31506,26,,,1,71,,31504,26,,,1,30,,31519,26,,,2,69,,31507,26,,,1,30,,31494,26,,,1,73,,31520,26,,,2,33,,31501,26,,,1,72,,31503,26,,,1,30,,31521,26,,,1,72,,31500,26,,,1,28,,31495,26,,,1,69,,31523,26,,,1,27,,31502,26,,,1,71,,31496,26,,,2,29,,31524,26,,,2,72,,31499,26,,,1,25,,31515,26,,,2,26,,31525,26,,,1,70,,31498,26,,,1,30,,31513,26,,,1,69,,31526,26,,,2,30,,31512,26,,,1,70,,31528,26,,,1,30,,31527,26,,,2
3900,'Samedi-10-_26ÉTÉ-0000010-',654,,40782,26,,,1,101,,40783,26,,,1,100,,40787,26,,,1,101,,40786,26,,,1,100,,40789,26,,,1,100,,40788,26,,,1,102,,40784,26,,,1,70,,40785,26,,,1,30,,40790,26,,,1,71,,40791,26,,,2,30,,40792,26,,,1,70,,40793,26,,,1,71,,40794,26,,,2,30,,40795,26,,,1,70,,40796,26,,,1,30,,40797,26,,,1,70,,40798,26,,,1,29,,40799,26,,,1,29,,40800,26,,,1,68,,40801,26,,,1,100,,40802,26,,,1,100,,40803,26,,,1,100,,40804,26,,,1,100,,40805,26,,,1
3900,'Semaine-2-_26ÉTÉ-1111100-',630,,40823,26,,,2,26,,40809,26,,,1,70,,40828,26,,,2,28,,40821,26,,,1,72,,40822,26,,,1,33,,40820,26,,,1,72,,40817,26,,,1,70,,40834,26,,,1,30,,40829,26,,,1,71,,40841,26,,,1,30,,40826,26,,,2,71,,40830,26,,,1,29,,40818,26,,,1,72,,40816,26,,,2,29,,40831,26,,,1,69,,40819,26,,,1,30,,40806,26,,,2,72,,40832,26,,,1,35,,40813,26,,,2,70,,40815,26,,,1,30,,40833,26,,,2,74,,40812,26,,,1,27,,40807,26,,,1,70,,40835,26,,,1,26,,40814,26,,,1,71,,40808,26,,,1,29,,40836,26,,,2,72,,40811,26,,,1,25,,40827,26,,,2,26,,40837,26,,,1,70,,40810,26,,,1,30,,40825,26,,,1,70,,40838,26,,,1,30,,40824,26,,,1,70,,40840,26,,,1,30,,40839,26,,,1
3900,'Semaine-3-_26ÉTÉ-1111100-',630,,40859,26,,,2,26,,40845,26,,,1,70,,40864,26,,,2,28,,40857,26,,,1,72,,40858,26,,,1,33,,40856,26,,,1,72,,40853,26,,,1,70,,40870,26,,,1,30,,40865,26,,,1,71,,40877,26,,,1,30,,40862,26,,,2,71,,40866,26,,,1,29,,40854,26,,,1,72,,40852,26,,,2,29,,40867,26,,,1,69,,40855,26,,,1,30,,40842,26,,,2,72,,40868,26,,,1,35,,40849,26,,,2,70,,40851,26,,,1,30,,40869,26,,,2,74,,40848,26,,,1,27,,40843,26,,,1,70,,40871,26,,,1,26,,40850,26,,,1,71,,40844,26,,,1,29,,40872,26,,,2,72,,40847,26,,,1,25,,40863,26,,,2,26,,40873,26,,,1,70,,40846,26,,,1,30,,40861,26,,,1,70,,40874,26,,,1,30,,40860,26,,,1,70,,40876,26,,,1,30,,40875,26,,,1
3900,'Semaine-4-_26ÉTÉ-1111100-',630,,40895,26,,,2,26,,40881,26,,,1,70,,40900,26,,,2,28,,40893,26,,,1,72,,40894,26,,,1,33,,40892,26,,,1,72,,40889,26,,,1,70,,40906,26,,,1,30,,40901,26,,,1,71,,40913,26,,,1,30,,40898,26,,,2,71,,40902,26,,,1,29,,40890,26,,,1,72,,40888,26,,,2,29,,40903,26,,,1,69,,40891,26,,,1,30,,40878,26,,,2,72,,40904,26,,,1,35,,40885,26,,,2,70,,40887,26,,,1,30,,40905,26,,,2,74,,40884,26,,,1,27,,40879,26,,,1,70,,40907,26,,,1,26,,40886,26,,,1,71,,40880,26,,,1,29,,40908,26,,,2,72,,40883,26,,,1,25,,40899,26,,,2,26,,40909,26,,,1,70,,40882,26,,,1,30,,40897,26,,,1,70,,40910,26,,,1,30,,40896,26,,,1,70,,40912,26,,,1,30,,40911,26,,,1
32600,'Semaine-4',1643,,34187,36,0,7 8,1
32600,'Semaine-2-_26ÉTÉ-1111100-',1643,,45840,36,0,7 8,1
63900,'Semaine-4',1530,,34833,39,0,9 10,1
73400,'Semaine-4',1646,,34853,34,0,5 11,1
82600,'Semaine-4',1546,,35011,26,0,9 12 13,1
