3301,'Samedi-3',700,,30753,1,,,1,100,,30754,1,,,1,100,,30751,1,,,1,100,,30757,1,,,1,100,,30758,1,,,1,100,,30752,1,,,1,100,,30755,1,,,1,100,,30756,1,,,1,100,,30759,1,,,1,100,,30760,1,,,1,100,,30761,1,,,1,100,,30768,1,,,1,100,,30762,1,,,1,100,,30763,1,,,1,100,,30764,1,,,1,100,,30765,1,,,1,100,,30766,1,,,1,100,,30767,1,,,1
3301,'Samedi-4',700,,35394,1,,,1,100,,35395,1,,,1,100,,35392,1,,,1,100,,35398,1,,,1,100,,35399,1,,,1,100,,35393,1,,,1,100,,35396,1,,,1,100,,35397,1,,,1,100,,35400,1,,,1,100,,35401,1,,,1,100,,35402,1,,,1,100,,35409,1,,,1,100,,35403,1,,,1,100,,35404,1,,,1,100,,35405,1,,,1,100,,35406,1,,,1,100,,35407,1,,,1,100,,35408,1,,,1
3301,'Dimanche-3',700,,30773,1,,,1,100,,30774,1,,,1,100,,30775,1,,,1,100,,30769,1,,,1,100,,30770,1,,,1,100,,30771,1,,,1,100,,30772,1,,,1,100,,30777,1,,,1,100,,30778,1,,,1,100,,30776,1,,,1,100,,30779,1,,,1,100,,30782,1,,,1,100,,30786,1,,,1,100,,30780,1,,,1,100,,30781,1,,,1,100,,30784,1,,,1,100,,30783,1,,,1,100,,30785,1,,,1
3301,'Semaine-4',546,,30810,1,,,1,62,,30818,1,,,2,23,,30795,1,,,1,17,,30815,1,,,1,54,,30811,1,,,1,5,,30806,1,,,1,9,,30826,1,,,1,14,,30824,1,,,1,16,,30813,1,,,1,57,,30801,1,,,1,10,,30817,1,,,2,17,,30791,1,,,1,70,,30803,1,,,2,29,,30809,1,,,1,71,,30799,1,,,1,28,,30820,1,,,1,31,,30804,1,,,1,69,,30796,1,,,1,72,,30798,1,,,1,19,,30816,1,,,1,6,,30825,1,,,1,27,,30807,1,,,1,70,,30797,1,,,1,31,,30802,1,,,1,71,,30805,1,,,1,12,,30827,1,,,2,17,,30808,1,,,1,57,,30800,1,,,2,13,,30812,1,,,1,32,,30793,1,,,1,63,,30823,1,,,2,25,,30790,1,,,2,72,,30787,1,,,2,32,,30821,1,,,1,84,,30794,1,,,2,69,,30789,1,,,2,57,,30792,1,,,1,81,,30814,1,,,2,105,,30819,1,,,1,98,,30788,1,,,2,164,,30822,1,,,1
3301,'Samedi-10-_26ÉTÉ-0000010-',700,,39624,1,,,1,100,,39625,1,,,1,100,,39622,1,,,2,100,,39628,1,,,1,100,,39629,1,,,1,100,,39623,1,,,1,100,,39626,1,,,1,100,,39627,1,,,1,100,,39630,1,,,1,100,,39631,1,,,1,100,,39632,1,,,1,100,,39639,1,,,1,100,,39633,1,,,1,100,,39634,1,,,1,100,,39635,1,,,1,100,,39636,1,,,1,100,,39637,1,,,1,100,,39638,1,,,1
3301,'Semaine-2-_26ÉTÉ-1111100-',546,,39663,1,,,2,62,,39671,1,,,2,23,,39648,1,,,1,17,,39668,1,,,1,55,,39664,1,,,2,4,,39659,1,,,1,9,,39679,1,,,1,11,,39677,1,,,2,22,,39666,1,,,2,54,,39654,1,,,1,10,,39670,1,,,2,17,,39644,1,,,1,70,,39656,1,,,1,29,,39662,1,,,1,71,,39652,1,,,2,28,,39673,1,,,1,31,,39657,1,,,1,69,,39649,1,,,1,72,,39651,1,,,1,19,,39669,1,,,1,6,,39678,1,,,1,27,,39660,1,,,1,70,,39650,1,,,1,31,,39655,1,,,1,71,,39658,1,,,1,11,,39680,1,,,1,19,,39661,1,,,1,56,,39653,1,,,2,13,,39665,1,,,2,32,,39646,1,,,1,67,,39676,1,,,1,23,,39643,1,,,2,70,,39640,1,,,2,32,,39674,1,,,1,83,,39647,1,,,1,70,,39642,1,,,1,57,,39645,1,,,1,81,,39667,1,,,1,106,,39672,1,,,1,97,,39641,1,,,1,164,,39675,1,,,1
3301,'Semaine-3-_26ÉTÉ-1111100-',546,,39704,1,,,2,62,,39712,1,,,2,23,,39689,1,,,1,17,,39709,1,,,1,55,,39705,1,,,2,4,,39700,1,,,1,9,,39720,1,,,1,11,,39718,1,,,2,22,,39707,1,,,2,54,,39695,1,,,1,10,,39711,1,,,2,17,,39685,1,,,1,70,,39697,1,,,1,29,,39703,1,,,1,71,,39693,1,,,2,28,,39714,1,,,1,31,,39698,1,,,1,69,,39690,1,,,1,72,,39692,1,,,1,19,,39710,1,,,1,6,,39719,1,,,1,27,,39701,1,,,1,70,,39691,1,,,1,31,,39696,1,,,1,71,,39699,1,,,1,11,,39721,1,,,1,19,,39702,1,,,1,56,,39694,1,,,2,13,,39706,1,,,2,32,,39687,1,,,1,67,,39717,1,,,1,23,,39684,1,,,2,70,,39681,1,,,2,32,,39715,1,,,1,83,,39688,1,,,1,70,,39683,1,,,1,57,,39686,1,,,1,81,,39708,1,,,1,106,,39713,1,,,1,97,,39682,1,,,1,164,,39716,1,,,1
3301,'Semaine-4-_26ÉTÉ-1111100-',546,,39745,1,,,2,62,,39753,1,,,2,23,,39730,1,,,1,17,,39750,1,,,1,55,,39746,1,,,2,4,,39741,1,,,1,9,,39761,1,,,1,11,,39759,1,,,2,22,,39748,1,,,2,54,,39736,1,,,1,10,,39752,1,,,2,17,,39726,1,,,1,70,,39738,1,,,1,29,,39744,1,,,1,71,,39734,1,,,2,28,,39755,1,,,1,31,,39739,1,,,1,69,,39731,1,,,1,72,,39733,1,,,1,19,,39751,1,,,1,6,,39760,1,,,1,27,,39742,1,,,1,70,,39732,1,,,1,31,,39737,1,,,1,71,,39740,1,,,1,11,,39762,1,,,1,19,,39743,1,,,1,56,,39735,1,,,2,13,,39747,1,,,2,32,,39728,1,,,1,67,,39758,1,,,1,23,,39725,1,,,2,70,,39722,1,,,2,32,,39756,1,,,1,83,,39729,1,,,1,70,,39724,1,,,1,57,,39727,1,,,1,81,,39749,1,,,1,106,,39754,1,,,1,97,,39723,1,,,1,164,,39757,1,,,1
3800,'Samedi-3',755,,31237,29,4,,1,72,,31230,29,4,,1,23,,31231,29,4,,1,77,,31242,29,4,,1,28,,31234,29,4,,1,72,,31232,29,4,,1,28,,31243,29,4,,1,72,,31235,29,4,,1,30,,31241,29,4,,1,72,,31233,29,4,,1,28,,31236,29,4,,1,73,,31240,29,4,,1,27,,31238,29,4,,1,72,,31239,29,4,,1,28,,31244,29,4,,1,73,,31245,29,4,,1,27,,31246,29,4,,1,74,,31247,29,4,,1,24,,31248,29,4,,1,73,,31249,29,4,,1,27,,31250,29,4,,1,73,,31251,29,4,,1,27,,31252,29,4,,1,73,,31253,29,4,,1,27,,31254,29,4,,1,71,,31255,29,4,,1,29,,31257,29,4,,1,71,,31256,29,4,,1,29,,31259,29,4,,1,70,,31258,29,4,,1,30,,31260,29,4,,1,70,,31261,29,4,,1,30,,31262,29,4,,1
3800,'Samedi-4',755,,35759,29,4,,1,72,,35752,29,4,,1,23,,35753,29,4,,1,77,,35764,29,4,,1,28,,35756,29,4,,1,72,,35754,29,4,,1,28,,35765,29,4,,1,72,,35757,29,4,,1,30,,35763,29,4,,1,72,,35755,29,4,,1,28,,35758,29,4,,1,73,,35762,29,4,,1,27,,35760,29,4,,1,72,,35761,29,4,,1,28,,35766,29,4,,1,73,,35767,29,4,,1,27,,35768,29,4,,1,74,,35769,29,4,,1,24,,35770,29,4,,1,73,,35771,29,4,,1,27,,35772,29,4,,1,73,,35773,29,4,,1,27,,35774,29,4,,1,73,,35775,29,4,,1,27,,35776,29,4,,1,71,,35777,29,4,,1,29,,35779,29,4,,1,71,,35778,29,4,,1,29,,35781,29,4,,1,70,,35780,29,4,,1,30,,35782,29,4,,1,70,,35783,29,4,,1,30,,35784,29,4,,1
3800,'Dimanche-3',755,,31272,29,4,,1,72,,31270,29,4,,1,23,,31268,29,4,,1,77,,31275,29,4,,1,28,,31263,29,4,,1,72,,31264,29,4,,1,28,,31276,29,4,,1,72,,31271,29,4,,1,30,,31265,29,4,,1,72,,31266,29,4,,1,28,,31269,29,4,,1,73,,31267,29,4,,1,27,,31278,29,4,,1,72,,31280,29,4,,1,28,,31273,29,4,,1,73,,31279,29,4,,1,27,,31281,29,4,,1,74,,31274,29,4,,1,24,,31277,29,4,,1,73,,31285,29,4,,1,27,,31290,29,4,,1,73,,31287,29,4,,1,27,,31286,29,4,,1,73,,31284,29,4,,1,27,,31289,29,4,,1,71,,31294,29,4,,1,29,,31292,29,4,,1,71,,31282,29,4,,1,29,,31283,29,4,,1,70,,31293,29,4,,1,30,,31291,29,4,,1,70,,31288,29,4,,1,30,,31295,29,4,,1
3800,'Semaine-4',711,,31312,29,4,,1,20,,31328,29,4,,1,71,,31323,29,4,,1,29,,31336,29,4,,1,70,,31333,29,4,,1,30,,31309,29,4,,1,20,,31305,29,4,,1,60,,31316,29,4,,1,20,,31301,29,4,,1,20,,31325,29,4,,1,60,,31310,29,4,,1,22,,31306,29,4,,1,20,,31317,29,4,,1,60,,31302,29,4,,1,20,,31324,29,4,,1,20,,31335,29,4,,1,60,,31307,29,4,,1,20,,31318,29,4,,1,20,,31326,29,4,,1,60,,31337,29,4,,1,20,,31311,29,4,,1,22,,31308,29,4,,1,62,,31319,29,4,,1,29,,31332,29,4,,1,75,,31297,29,4,,1,31,,31321,29,4,,1,71,,31330,29,4,,1,25,,31320,29,4,,1,62,,31334,29,4,,1,30,,31300,29,4,,1,70,,31331,29,4,,1,30,,31314,29,4,,1,70,,31322,29,4,,1,27,,31327,29,4,,1,70,,31329,29,4,,1,30,,31313,29,4,,1,70,,31299,29,4,,1,30,,31315,29,4,,1,70,,31303,29,4,,1,30,,31298,29,4,,1,70,,31296,29,4,,1,26,,31304,29,4,,1
3800,'Samedi-10-_26ÉTÉ-0000010-',755,,40471,29,4,,1,72,,40464,29,4,,1,23,,40465,29,4,,1,77,,40476,29,4,,1,28,,40468,29,4,,1,72,,40466,29,4,,1,28,,40477,29,4,,1,72,,40469,29,4,,1,30,,40475,29,4,,1,72,,40467,29,4,,1,28,,40470,29,4,,1,73,,40474,29,4,,1,27,,40472,29,4,,1,72,,40473,29,4,,1,28,,40478,29,4,,1,73,,40479,29,4,,1,27,,40480,29,4,,1,74,,40481,29,4,,1,24,,40482,29,4,,1,73,,40483,29,4,,1,27,,40484,29,4,,1,73,,40485,29,4,,1,27,,40486,29,4,,1,73,,40487,29,4,,1,27,,40488,29,4,,1,71,,40489,29,4,,1,29,,40491,29,4,,1,71,,40490,29,4,,1,29,,40493,29,4,,1,70,,40492,29,4,,1,30,,40494,29,4,,1,70,,40495,29,4,,1,30,,40496,29,4,,1
3800,'Semaine-2-_26ÉTÉ-1111100-',711,,40513,29,4,,1,20,,40529,29,4,,1,70,,40524,29,4,,1,30,,40537,29,4,,1,70,,40534,29,4,,1,30,,40510,29,4,,1,20,,40506,29,4,,1,60,,40517,29,4,,1,20,,40502,29,4,,1,20,,40526,29,4,,1,60,,40511,29,4,,1,22,,40507,29,4,,1,20,,40518,29,4,,1,60,,40503,29,4,,1,20,,40525,29,4,,1,20,,40536,29,4,,1,60,,40508,29,4,,1,20,,40519,29,4,,1,20,,40527,29,4,,1,60,,40538,29,4,,1,20,,40512,29,4,,1,22,,40509,29,4,,1,62,,40520,29,4,,1,30,,40533,29,4,,1,74,,40498,29,4,,1,30,,40522,29,4,,1,74,,40531,29,4,,1,25,,40521,29,4,,1,63,,40535,29,4,,1,27,,40501,29,4,,1,70,,40532,29,4,,1,30,,40515,29,4,,1,70,,40523,29,4,,1,27,,40528,29,4,,1,70,,40530,29,4,,1,30,,40514,29,4,,1,70,,40500,29,4,,1,30,,40516,29,4,,1,70,,40504,29,4,,1,30,,40499,29,4,,1,70,,40497,29,4,,1,26,,40505,29,4,,1
3800,'Semaine-3-_26ÉTÉ-1111100-',711,,40555,29,4,,1,20,,40571,29,4,,1,70,,40566,29,4,,1,30,,40579,29,4,,1,70,,40576,29,4,,1,30,,40552,29,4,,1,20,,40548,29,4,,1,60,,40559,29,4,,1,20,,40544,29,4,,1,20,,40568,29,4,,1,60,,40553,29,4,,1,22,,40549,29,4,,1,20,,40560,29,4,,1,60,,40545,29,4,,1,20,,40567,29,4,,1,20,,40578,29,4,,1,60,,40550,29,4,,1,20,,40561,29,4,,1,20,,40569,29,4,,1,60,,40580,29,4,,1,20,,40554,29,4,,1,22,,40551,29,4,,1,62,,40562,29,4,,1,30,,40575,29,4,,1,74,,40540,29,4,,1,30,,40564,29,4,,1,74,,40573,29,4,,1,25,,40563,29,4,,1,63,,40577,29,4,,1,27,,40543,29,4,,1,70,,40574,29,4,,1,30,,40557,29,4,,1,70,,40565,29,4,,1,27,,40570,29,4,,1,70,,40572,29,4,,1,30,,40556,29,4,,1,70,,40542,29,4,,1,30,,40558,29,4,,1,70,,40546,29,4,,1,30,,40541,29,4,,1,70,,40539,29,4,,1,26,,40547,29,4,,1
3800,'Semaine-4-_26ÉTÉ-1111100-',711,,40597,29,4,,1,20,,40613,29,4,,1,70,,40608,29,4,,1,30,,40621,29,4,,1,70,,40618,29,4,,1,30,,40594,29,4,,1,20,,40590,29,4,,1,60,,40601,29,4,,1,20,,40586,29,4,,1,20,,40610,29,4,,1,60,,40595,29,4,,1,22,,40591,29,4,,1,20,,40602,29,4,,1,60,,40587,29,4,,1,20,,40609,29,4,,1,20,,40620,29,4,,1,60,,40592,29,4,,1,20,,40603,29,4,,1,20,,40611,29,4,,1,60,,40622,29,4,,1,20,,40596,29,4,,1,22,,40593,29,4,,1,62,,40604,29,4,,1,30,,40617,29,4,,1,74,,40582,29,4,,1,30,,40606,29,4,,1,74,,40615,29,4,,1,25,,40605,29,4,,1,63,,40619,29,4,,1,27,,40585,29,4,,1,70,,40616,29,4,,1,30,,40599,29,4,,1,70,,40607,29,4,,1,27,,40612,29,4,,1,70,,40614,29,4,,1,30,,40598,29,4,,1,70,,40584,29,4,,1,30,,40600,29,4,,1,70,,40588,29,4,,1,30,,40583,29,4,,1,70,,40581,29,4,,1,26,,40589,29,4,,1
43301,'Semaine-4',719,,34807,1,0,9 14,1
73300,'Semaine-4',1651,,34851,44,4,,1
