3401,'Samedi-3',647,,30928,7,,,1,100,,30931,7,,,2,70,,30940,7,,,1,33,,30929,7,,,1,67,,30934,7,,,1,30,,30936,7,,,1,72,,30930,7,,,2,30,,30939,7,,,1,71,,30932,7,,,1,30,,30941,7,,,1,68,,30933,7,,,1,30,,30935,7,,,1,70,,30937,7,,,2,30,,30938,7,,,2,70,,30942,7,,,1,30,,30943,7,,,2,70,,30944,7,,,1,30,,30945,7,,,1,71,,30946,7,,,1,31,,30947,7,,,1,70,,30948,7,,,2,31,,30949,7,,,1,67,,30950,7,,,1,30,,30952,7,,,1,71,,30951,7,,,2,30,,30953,7,,,1,70,,30954,7,,,1,28,,30955,7,,,1,70,,30957,7,,,1,30,,30956,7,,,1,70,,30958,7,,,1,100,,30959,7,,,1
3401,'Dimanche-3',647,,30961,7,,,1,100,,30972,7,,,2,70,,30965,7,,,1,33,,30968,7,,,1,67,,30967,7,,,1,30,,30976,7,,,1,72,,30973,7,,,2,30,,30960,7,,,1,71,,30971,7,,,1,30,,30964,7,,,1,68,,30962,7,,,1,30,,30963,7,,,1,70,,30966,7,,,2,30,,30974,7,,,2,70,,30970,7,,,1,30,,30969,7,,,2,70,,30975,7,,,1,30,,30980,7,,,1,71,,30978,7,,,1,31,,30984,7,,,1,70,,30987,7,,,2,31,,30977,7,,,1,67,,30986,7,,,1,30,,30979,7,,,1,71,,30983,7,,,2,30,,30990,7,,,1,70,,30982,7,,,1,28,,30981,7,,,1,70,,30988,7,,,1,30,,30989,7,,,1,70,,30985,7,,,1,100,,30991,7,,,1
3401,'Semaine-4',856,,31017,7,,,1,67,,30997,7,,,1,30,,31001,7,,,1,70,,31021,7,,,1,30,,30994,7,,,1,70,,30998,7,,,1,30,,31002,7,,,1,70,,30992,7,,,1,30,,30995,7,,,1,70,,30999,7,,,1,31,,31003,7,,,1,70,,30996,7,,,1,29,,31018,7,,,1,69,,30993,7,,,1,29,,31019,7,,,1,71,,31020,7,,,2,29,,31014,7,,,1,71,,31010,7,,,1,30,,31000,7,,,1,71,,31007,7,,,1,30,,31016,7,,,1,71,,31004,7,,,1,30,,31006,7,,,1,70,,31008,7,,,1,30,,31012,7,,,1,70,,31005,7,,,1,30,,31011,7,,,1,70,,31009,7,,,1,30,,31013,7,,,1,70,,31015,7,,,1
4200,'Semaine-4',622,,31635,9,,,1,101,,31636,9,,,1,902,,31637,9,,,1,100,,31638,9,,,1
4900,'Samedi-3',725,,31662,23,,,1,100,,31663,23,,,1,103,,31660,23,,,1,100,,31664,23,,,1,100,,31661,23,,,1,100,,31665,23,,,1,99,,31666,23,,,1,104,,31667,23,,,1,97,,31668,23,,,1,100,,31669,23,,,1,100,,31670,23,,,1,97,,31671,23,,,1,100,,31672,23,,,1,100,,31673,23,,,1,100,,31674,23,,,1,100,,31675,23,,,1,100,,31676,23,,,1
4900,'Dimanche-3',725,,31677,23,,,1,100,,31680,23,,,1,103,,31678,23,,,1,100,,31681,23,,,1,100,,31683,23,,,1,100,,31687,23,,,1,99,,31685,23,,,1,104,,31684,23,,,1,97,,31679,23,,,1,100,,31689,23,,,1,100,,31686,23,,,1,97,,31688,23,,,1,100,,31693,23,,,1,100,,31682,23,,,1,100,,31691,23,,,1,100,,31692,23,,,1,100,,31690,23,,,1
4900,'Semaine-4',645,,31721,23,,,1,9,,31716,10,,,1,5,,31728,10,,,1,43,,31704,10,,,1,3,,31732,23,,,1,2,,31727,10,,,1,3,,31729,10,,,1,2,,31731,10,,,1,5,,31730,10,,,1,15,,31724,23,,,1,72,,31725,23,,,1,7,,31720,10,,,1,30,,31719,23,,,1,71,,31714,23,,,1,32,,31706,23,,,1,71,,31726,23,,,1,32,,31722,23,,,1,70,,31717,23,,,1,30,,31694,23,,,1,70,,31715,23,,,1,30,,31696,23,,,1,70,,31701,23,,,1,30,,31703,23,,,1,70,,31707,23,,,1,31,,31723,23,,,1,73,,31705,23,,,1,30,,31708,23,,,1,71,,31699,23,,,1,30,,31711,23,,,1,70,,31702,23,,,1,28,,31700,23,,,1,70,,31718,23,,,1,27,,31712,23,,,1,99,,31695,23,,,1,100,,31713,23,,,1,100,,31710,23,,,1,97,,31697,23,,,1,98,,31709,23,,,1,100,,31698,23,,,1
5000,'Semaine-4',646,,31803,20,,,1,65,,31801,20,,,1,28,,31804,20,,,2,71,,31800,20,,,1,107,,31805,20,,,1
5201,'Samedi-3',711,,31863,62,,,2,100,,31864,62,,,1,100,,31865,62,,,2,100,,31866,62,,,1,102,,31868,62,,,1,100,,31867,62,,,1,100,,31869,62,,,1,100,,31870,62,,,1,102,,31871,62,,,1,98,,31872,62,,,1,100,,31873,62,,,1,100,,31874,62,,,1,99,,31877,62,,,1,100,,31875,62,,,1,97,,31879,62,,,2,101,,31876,62,,,1,100,,31878,62,,,1,100,,31880,62,,,1
5201,'Dimanche-3',711,,31881,62,,,2,100,,31882,62,,,1,100,,31883,62,,,2,100,,31884,62,,,1,102,,31889,62,,,1,100,,31885,62,,,1,100,,31886,62,,,1,100,,31890,62,,,1,102,,31887,62,,,1,98,,31888,62,,,1,100,,31891,62,,,1,100,,31894,62,,,1,99,,31892,62,,,1,100,,31898,62,,,1,97,,31893,62,,,2,101,,31895,62,,,1,100,,31896,62,,,1,100,,31897,62,,,1
5201,'Semaine-4',644,,31914,62,,,1,104,,31916,62,,,1,100,,31915,62,,,2,99,,31899,62,,,1,101,,31905,62,,,2,100,,31902,62,,,1,102,,31909,62,,,2,98,,31900,62,,,1,100,,31904,62,,,1,101,,31903,62,,,1,104,,31913,62,,,1,98,,31912,62,,,1,98,,31906,62,,,1,96,,31907,62,,,1,99,,31911,62,,,2,100,,31908,62,,,1,100,,31910,62,,,1,100,,31901,62,,,1
44900,'Semaine-4',711,,34812,9,0,9 14,1
55000,'Semaine-4',701,,34816,20,0,5 6,1,2,,34817,20,0,5 6,1
63900,'Semaine-4',1510,,34833,7,0,9 10,1
