4101,'Semaine-4',623,,31632,1,,,1,32,,31633,1,,,2,70,,31634,1,,,2,30,,31631,1,,,1,71,,31630,1,,,1
4101,'Semaine-2-_26ÉTÉ-1111100-',624,,41096,1,,,2,31,,41097,1,,,2,70,,41098,1,,,2,30,,41095,1,,,1,70,,41094,1,,,2
4101,'Semaine-3-_26ÉTÉ-1111100-',624,,41101,1,,,2,31,,41102,1,,,2,70,,41103,1,,,2,30,,41100,1,,,1,70,,41099,1,,,2
4101,'Semaine-4-_26ÉTÉ-1111100-',624,,41106,1,,,2,31,,41107,1,,,2,70,,41108,1,,,2,30,,41105,1,,,1,70,,41104,1,,,2
5801,'Semaine-4',545,,32181,1,,,1,70,,32185,1,,,1,30,,32183,1,,,1,70,,32182,1,,,2,30,,32179,1,,,1,70,,32184,1,,,1,800,,32180,1,,,1
5801,'Semaine-2-_26ÉTÉ-1111100-',545,,42027,1,,,1,70,,42031,1,,,2,30,,42029,1,,,1,70,,42028,1,,,1,30,,42025,1,,,1,70,,42030,1,,,1,802,,42026,1,,,1
5801,'Semaine-3-_26ÉTÉ-1111100-',545,,42034,1,,,1,70,,42038,1,,,2,30,,42036,1,,,1,70,,42035,1,,,1,30,,42032,1,,,1,70,,42037,1,,,1,802,,42033,1,,,1
5801,'Semaine-4-_26ÉTÉ-1111100-',545,,42041,1,,,1,70,,42045,1,,,2,30,,42043,1,,,1,70,,42042,1,,,1,30,,42039,1,,,1,70,,42044,1,,,1,802,,42040,1,,,1
64001,'Semaine-4',707,,34838,1,0,9 10,1,2,,34839,1,0,9 10,1
64001,'Semaine-2-_26ÉTÉ-1111100-',709,,46782,1,0,9 10,1
64001,'Semaine-3-_26ÉTÉ-1111100-',709,,46783,1,0,9 10,1
64001,'Semaine-4-_26ÉTÉ-1111100-',709,,46784,1,0,9 10,1
64100,'Semaine-4',720,,34840,1,0,9 10,1
64100,'Semaine-2-_26ÉTÉ-1111100-',720,,46785,1,0,9 10,1
64100,'Semaine-3-_26ÉTÉ-1111100-',720,,46786,1,0,9 10,1
64100,'Semaine-4-_26ÉTÉ-1111100-',720,,46787,1,0,9 10,1
80000,'Samedi-3',708,,34866,1,,,2,100,,34867,1,,,1,100,,34868,1,,,2,100,,34870,1,,,1,100,,34871,1,,,2,100,,34869,1,,,2,100,,34872,1,,,1,100,,34873,1,,,2,100,,34874,1,,,1,100,,34875,1,,,1,100,,34876,1,,,2,100,,34877,1,,,1,100,,34880,1,,,1,100,,34878,1,,,1,100,,34879,1,,,2,100,,34881,1,,,1,100,,34882,1,,,1
80000,'Dimanche-3',708,,34887,1,,,2,100,,34883,1,,,1,100,,34888,1,,,2,100,,34884,1,,,1,100,,34885,1,,,2,100,,34889,1,,,2,100,,34886,1,,,1,100,,34891,1,,,2,100,,34890,1,,,1,100,,34892,1,,,1,100,,34895,1,,,2,100,,34893,1,,,1,100,,34894,1,,,1,100,,34896,1,,,1,100,,34897,1,,,2,100,,34899,1,,,1,100,,34898,1,,,1
80000,'Semaine-4',542,,34931,1,,,1,70,,34913,1,,,1,30,,34903,1,,,1,14,,34906,1,,,1,56,,34926,1,,,1,31,,34914,1,,,1,62,,34902,1,,,1,27,,34928,1,,,1,70,,34905,1,,,2,30,,34923,1,,,1,70,,34917,1,,,1,31,,34935,1,,,1,69,,34904,1,,,1,30,,34921,1,,,2,70,,34919,1,,,1,30,,34934,1,,,1,70,,34916,1,,,1,30,,34929,1,,,1,70,,34918,1,,,1,30,,34925,1,,,1,70,,34924,1,,,2,30,,34920,1,,,1,70,,34932,1,,,2,31,,34907,1,,,1,69,,34915,1,,,1,30,,34909,1,,,1,71,,34930,1,,,1,29,,34908,1,,,1,70,,34912,1,,,1,30,,34900,1,,,1,70,,34933,1,,,1,30,,34910,1,,,1,70,,34911,1,,,1,30,,34927,1,,,1,70,,34901,1,,,1,30,,34922,1,,,1
80000,'Samedi-10-_26ÉTÉ-0000010-',708,,46809,1,,,2,100,,46810,1,,,1,100,,46811,1,,,2,100,,46813,1,,,1,100,,46814,1,,,2,100,,46812,1,,,2,100,,46815,1,,,1,100,,46816,1,,,2,100,,46817,1,,,1,100,,46818,1,,,2,100,,46819,1,,,2,100,,46820,1,,,1,100,,46823,1,,,1,100,,46821,1,,,1,100,,46822,1,,,2,100,,46824,1,,,1,100,,46825,1,,,1
80000,'Semaine-2-_26ÉTÉ-1111100-',542,,46856,1,,,1,70,,46838,1,,,2,30,,46829,1,,,1,70,,46851,1,,,1,30,,46839,1,,,1,60,,46828,1,,,1,30,,46853,1,,,2,70,,46831,1,,,2,30,,46848,1,,,2,70,,46842,1,,,2,30,,46860,1,,,1,70,,46830,1,,,1,29,,46846,1,,,2,71,,46844,1,,,1,31,,46859,1,,,1,68,,46841,1,,,1,32,,46854,1,,,2,69,,46843,1,,,2,30,,46850,1,,,1,69,,46849,1,,,1,31,,46845,1,,,1,70,,46857,1,,,1,31,,46832,1,,,2,69,,46840,1,,,1,30,,46834,1,,,2,70,,46855,1,,,1,30,,46833,1,,,1,70,,46837,1,,,1,30,,46826,1,,,1,70,,46858,1,,,1,30,,46835,1,,,1,70,,46836,1,,,1,30,,46852,1,,,1,70,,46827,1,,,1,30,,46847,1,,,1
80000,'Semaine-3-_26ÉTÉ-1111100-',542,,46891,1,,,1,70,,46873,1,,,2,30,,46864,1,,,1,70,,46886,1,,,1,30,,46874,1,,,1,60,,46863,1,,,1,30,,46888,1,,,2,70,,46866,1,,,2,30,,46883,1,,,2,70,,46877,1,,,2,30,,46895,1,,,1,70,,46865,1,,,1,29,,46881,1,,,2,71,,46879,1,,,1,31,,46894,1,,,1,68,,46876,1,,,1,32,,46889,1,,,2,69,,46878,1,,,2,30,,46885,1,,,1,69,,46884,1,,,1,31,,46880,1,,,1,70,,46892,1,,,1,31,,46867,1,,,2,69,,46875,1,,,1,30,,46869,1,,,2,70,,46890,1,,,1,30,,46868,1,,,1,70,,46872,1,,,1,30,,46861,1,,,1,70,,46893,1,,,1,30,,46870,1,,,1,70,,46871,1,,,1,30,,46887,1,,,1,70,,46862,1,,,1,30,,46882,1,,,1
80000,'Semaine-4-_26ÉTÉ-1111100-',542,,46926,1,,,1,70,,46908,1,,,2,30,,46899,1,,,1,70,,46921,1,,,1,30,,46909,1,,,1,60,,46898,1,,,1,30,,46923,1,,,2,70,,46901,1,,,2,30,,46918,1,,,2,70,,46912,1,,,2,30,,46930,1,,,1,70,,46900,1,,,1,29,,46916,1,,,2,71,,46914,1,,,1,31,,46929,1,,,1,68,,46911,1,,,1,32,,46924,1,,,2,69,,46913,1,,,2,30,,46920,1,,,1,69,,46919,1,,,1,31,,46915,1,,,1,70,,46927,1,,,1,31,,46902,1,,,2,69,,46910,1,,,1,30,,46904,1,,,2,70,,46925,1,,,1,30,,46903,1,,,1,70,,46907,1,,,1,30,,46896,1,,,1,70,,46928,1,,,1,30,,46905,1,,,1,70,,46906,1,,,1,30,,46922,1,,,1,70,,46897,1,,,1,30,,46917,1,,,1
