5501,'Samedi-0-_26ÉTÉ-0000010-',659,,53189,21,,,1,70,,53192,21,,,1,30,,53191,21,,,1,70,,53201,21,,,1,30,,53190,21,,,1,70,,53193,21,,,1,30,,53194,21,,,1,70,,53200,21,,,1,72,,53196,21,,,1,30,,53197,21,,,1,71,,53195,21,,,1,28,,53203,21,,,1,70,,53202,21,,,1,30,,53198,21,,,1,70,,53199,21,,,1,30,,53204,21,,,1,70,,53205,21,,,1,30,,53206,21,,,1,70,,53207,21,,,1,30,,53208,21,,,1,70,,53209,21,,,1,30,,53210,21,,,1,70,,53211,21,,,1,29,,53212,21,,,1,30,,53213,21,,,1,70,,53214,21,,,1,30,,53215,21,,,1,69,,53216,21,,,1,30,,53217,21,,,1,70,,53219,21,,,1,29,,53218,21,,,1,72,,53221,21,,,1,28,,53220,21,,,1
5501,'Dimanche-0-_26ÉTÉ-0000001-',659,,53223,21,,,1,70,,53228,21,,,1,30,,53224,21,,,1,70,,53232,21,,,1,30,,53235,21,,,1,70,,53227,21,,,1,30,,53239,21,,,1,70,,53233,21,,,1,72,,53234,21,,,1,30,,53225,21,,,1,71,,53222,21,,,1,28,,53229,21,,,1,70,,53236,21,,,1,30,,53226,21,,,1,70,,53237,21,,,1,30,,53231,21,,,1,70,,53230,21,,,1,30,,53240,21,,,1,70,,53244,21,,,1,30,,53238,21,,,1,70,,53241,21,,,1,30,,53251,21,,,1,70,,53248,21,,,1,29,,53253,21,,,1,30,,53254,21,,,1,70,,53242,21,,,1,30,,53245,21,,,1,69,,53243,21,,,1,30,,53246,21,,,1,70,,53247,21,,,1,29,,53250,21,,,1,72,,53252,21,,,1,28,,53249,21,,,1
5501,'Dimanche-10-_26ÉTÉ-0000001-',659,,53256,21,,,1,70,,53261,21,,,1,30,,53257,21,,,1,70,,53265,21,,,1,30,,53268,21,,,1,70,,53260,21,,,1,30,,53272,21,,,1,70,,53266,21,,,1,72,,53267,21,,,1,30,,53258,21,,,1,71,,53255,21,,,1,28,,53262,21,,,1,70,,53269,21,,,1,30,,53259,21,,,1,70,,53270,21,,,1,30,,53264,21,,,1,70,,53263,21,,,1,30,,53273,21,,,1,70,,53277,21,,,1,30,,53271,21,,,1,70,,53274,21,,,1,30,,53284,21,,,1,70,,53281,21,,,1,29,,53286,21,,,1,30,,53287,21,,,1,70,,53275,21,,,1,30,,53278,21,,,1,69,,53276,21,,,1,30,,53279,21,,,1,70,,53280,21,,,1,29,,53283,21,,,1,72,,53285,21,,,1,28,,53282,21,,,1
5501,'Dimanche-11-_26ÉTÉ-0000001-',659,,53289,21,,,1,70,,53294,21,,,1,30,,53290,21,,,1,70,,53298,21,,,1,30,,53301,21,,,1,70,,53293,21,,,1,30,,53305,21,,,1,70,,53299,21,,,1,72,,53300,21,,,1,30,,53291,21,,,1,71,,53288,21,,,1,28,,53295,21,,,1,70,,53302,21,,,1,30,,53292,21,,,1,70,,53303,21,,,1,30,,53297,21,,,1,70,,53296,21,,,1,30,,53306,21,,,1,70,,53310,21,,,1,30,,53304,21,,,1,70,,53307,21,,,1,30,,53317,21,,,1,70,,53314,21,,,1,29,,53319,21,,,1,30,,53320,21,,,1,70,,53308,21,,,1,30,,53311,21,,,1,69,,53309,21,,,1,30,,53312,21,,,1,70,,53313,21,,,1,29,,53316,21,,,1,72,,53318,21,,,1,28,,53315,21,,,1
5501,'Semaine-1-_26ÉTÉ-1111100-',517,,53334,21,,,1,15,,53341,21,,,1,14,,53340,21,,,1,56,,53324,21,,,1,15,,53362,21,,,1,22,,53361,21,,,1,7,,53321,21,,,1,12,,53366,21,,,1,55,,53347,21,,,1,13,,53355,21,,,1,14,,53325,21,,,1,11,,53329,21,,,1,52,,53327,21,,,1,9,,53356,21,,,1,6,,53358,21,,,1,13,,53335,21,,,1,69,,53339,21,,,1,12,,53326,21,,,1,11,,53360,21,,,1,30,,53353,21,,,1,71,,53357,21,,,1,26,,53323,21,,,1,72,,53330,21,,,1,30,,53343,21,,,1,70,,53354,21,,,1,29,,53350,21,,,1,70,,53331,21,,,1,30,,53363,21,,,1,70,,53322,21,,,1,30,,53328,21,,,1,89,,53332,21,,,1,101,,53337,21,,,1,100,,53342,21,,,1,101,,53359,21,,,1,60,,53348,21,,,1,30,,53336,21,,,1,72,,53352,21,,,1,30,,53345,21,,,1,70,,53364,21,,,1,30,,53338,21,,,1,70,,53344,21,,,1,32,,53346,21,,,1,70,,53333,21,,,1,30,,53351,21,,,1,70,,53349,21,,,1
5501,'Semaine-10-_26ÉTÉ-1111100-',517,,53380,21,,,1,15,,53387,21,,,1,14,,53386,21,,,1,56,,53370,21,,,1,15,,53408,21,,,1,22,,53407,21,,,1,7,,53367,21,,,1,12,,53412,21,,,1,55,,53393,21,,,1,13,,53401,21,,,1,14,,53371,21,,,1,11,,53375,21,,,1,52,,53373,21,,,1,9,,53402,21,,,1,6,,53404,21,,,1,13,,53381,21,,,1,69,,53385,21,,,1,12,,53372,21,,,1,11,,53406,21,,,1,30,,53399,21,,,1,71,,53403,21,,,1,26,,53369,21,,,1,72,,53376,21,,,1,30,,53389,21,,,1,70,,53400,21,,,1,29,,53396,21,,,1,70,,53377,21,,,1,30,,53409,21,,,1,70,,53368,21,,,1,30,,53374,21,,,1,89,,53378,21,,,1,101,,53383,21,,,1,100,,53388,21,,,1,101,,53405,21,,,1,60,,53394,21,,,1,30,,53382,21,,,1,72,,53398,21,,,1,30,,53391,21,,,1,70,,53410,21,,,1,30,,53384,21,,,1,70,,53390,21,,,1,32,,53392,21,,,1,70,,53379,21,,,1,30,,53397,21,,,1,70,,53395,21,,,1
5501,'Semaine-11-_26ÉTÉ-1111100-',517,,53426,21,,,1,15,,53433,21,,,1,14,,53432,21,,,1,56,,53416,21,,,1,15,,53454,21,,,1,22,,53453,21,,,1,7,,53413,21,,,1,12,,53458,21,,,1,55,,53439,21,,,1,13,,53447,21,,,1,14,,53417,21,,,1,11,,53421,21,,,1,52,,53419,21,,,1,9,,53448,21,,,1,6,,53450,21,,,1,13,,53427,21,,,1,69,,53431,21,,,1,12,,53418,21,,,1,11,,53452,21,,,1,30,,53445,21,,,1,71,,53449,21,,,1,26,,53415,21,,,1,72,,53422,21,,,1,30,,53435,21,,,1,70,,53446,21,,,1,29,,53442,21,,,1,70,,53423,21,,,1,30,,53455,21,,,1,70,,53414,21,,,1,30,,53420,21,,,1,89,,53424,21,,,1,101,,53429,21,,,1,100,,53434,21,,,1,101,,53451,21,,,1,60,,53440,21,,,1,30,,53428,21,,,1,72,,53444,21,,,1,30,,53437,21,,,1,70,,53456,21,,,1,30,,53430,21,,,1,70,,53436,21,,,1,32,,53438,21,,,1,70,,53425,21,,,1,30,,53443,21,,,1,70,,53441,21,,,1
5501,'Semaine-12-_26ÉTÉ-1111100-',517,,53472,21,,,1,15,,53479,21,,,1,14,,53478,21,,,1,56,,53462,21,,,1,15,,53500,21,,,1,22,,53499,21,,,1,7,,53459,21,,,1,12,,53504,21,,,1,55,,53485,21,,,1,13,,53493,21,,,1,14,,53463,21,,,1,11,,53467,21,,,1,52,,53465,21,,,1,9,,53494,21,,,1,6,,53496,21,,,1,13,,53473,21,,,1,69,,53477,21,,,1,12,,53464,21,,,1,11,,53498,21,,,1,30,,53491,21,,,1,71,,53495,21,,,1,26,,53461,21,,,1,72,,53468,21,,,1,30,,53481,21,,,1,70,,53492,21,,,1,29,,53488,21,,,1,70,,53469,21,,,1,30,,53501,21,,,1,70,,53460,21,,,1,30,,53466,21,,,1,89,,53470,21,,,1,101,,53475,21,,,1,100,,53480,21,,,1,101,,53497,21,,,1,60,,53486,21,,,1,30,,53474,21,,,1,72,,53490,21,,,1,30,,53483,21,,,1,70,,53502,21,,,1,30,,53476,21,,,1,70,,53482,21,,,1,32,,53484,21,,,1,70,,53471,21,,,1,30,,53489,21,,,1,70,,53487,21,,,1
5801,'Semaine-1-_26ÉTÉ-1111100-',554,,53673,9,,,1,71,,53677,9,,,2,30,,53675,9,,,1,70,,53674,9,,,1,30,,53671,9,,,1,70,,53676,9,,,1,802,,53672,9,,,1
5801,'Semaine-10-_26ÉTÉ-1111100-',554,,53680,9,,,1,71,,53684,9,,,2,30,,53682,9,,,1,70,,53681,9,,,1,30,,53678,9,,,1,70,,53683,9,,,1,802,,53679,9,,,1
5801,'Semaine-11-_26ÉTÉ-1111100-',554,,53687,9,,,1,71,,53691,9,,,2,30,,53689,9,,,1,70,,53688,9,,,1,30,,53685,9,,,1,70,,53690,9,,,1,802,,53686,9,,,1
5801,'Semaine-12-_26ÉTÉ-1111100-',554,,53694,9,,,1,71,,53698,9,,,2,30,,53696,9,,,1,70,,53695,9,,,1,30,,53692,9,,,1,70,,53697,9,,,1,802,,53693,9,,,1
