2000,'Semaine-3-_26ÉTÉ-1111100-',658,,38681,22,,,1,99,,38680,22,,,1,101,,38679,22,,,2
2000,'Semaine-4-_26ÉTÉ-1111100-',658,,38684,22,,,1,99,,38683,22,,,1,101,,38682,22,,,2
2700,'Semaine-3-_26ÉTÉ-1111100-',1610,,38800,24,,,1,30,,38798,24,,,2,67,,38802,24,,,1,31,,38799,24,,,1,68,,38801,24,,,2
2700,'Semaine-4-_26ÉTÉ-1111100-',1610,,38805,24,,,1,30,,38803,24,,,2,67,,38807,24,,,1,31,,38804,24,,,1,68,,38806,24,,,2
3800,'Samedi-10-_26ÉTÉ-0000010-',753,,40471,28,,,1,72,,40464,28,,,1,23,,40465,28,,,1,77,,40476,28,,,1,28,,40468,28,,,1,72,,40466,28,,,1,28,,40477,28,,,1,72,,40469,28,,,1,30,,40475,28,,,1,72,,40467,28,,,1,28,,40470,28,,,1,73,,40474,28,,,1,27,,40472,28,,,1,72,,40473,28,,,1,28,,40478,28,,,1,73,,40479,28,,,1,27,,40480,28,,,1,74,,40481,28,,,1,24,,40482,28,,,1,73,,40483,28,,,1,27,,40484,28,,,1,73,,40485,28,,,1,27,,40486,28,,,1,73,,40487,28,,,1,27,,40488,28,,,1,71,,40489,28,,,1,29,,40491,28,,,1,71,,40490,28,,,1,29,,40493,28,,,1,70,,40492,28,,,1,30,,40494,28,,,1,70,,40495,28,,,1,30,,40496,28,,,1
3800,'Semaine-3-_26ÉTÉ-1111100-',708,,40555,28,,,1,20,,40571,28,,,1,31,,40566,28,,,1,70,,40579,28,,,1,30,,40576,28,,,1,70,,40552,28,,,1,20,,40548,28,,,1,60,,40559,28,,,1,20,,40544,28,,,1,20,,40568,28,,,1,60,,40553,28,,,1,22,,40549,28,,,1,20,,40560,28,,,1,60,,40545,28,,,1,20,,40567,28,,,1,20,,40578,28,,,1,60,,40550,28,,,1,20,,40561,28,,,1,20,,40569,28,,,1,60,,40580,28,,,1,20,,40554,28,,,1,22,,40551,28,,,1,62,,40562,28,,,1,30,,40575,28,,,1,73,,40540,28,,,1,30,,40564,28,,,1,75,,40573,28,,,1,25,,40563,28,,,1,63,,40577,28,,,1,27,,40543,28,,,1,69,,40574,28,,,1,30,,40557,28,,,1,70,,40565,28,,,1,28,,40570,28,,,1,70,,40572,28,,,1,30,,40556,28,,,1,70,,40542,28,,,1,30,,40558,28,,,1,70,,40546,28,,,1,30,,40541,28,,,1,70,,40539,28,,,1,26,,40547,28,,,1
3800,'Semaine-4-_26ÉTÉ-1111100-',708,,40597,28,,,1,20,,40613,28,,,1,31,,40608,28,,,1,70,,40621,28,,,1,30,,40618,28,,,1,70,,40594,28,,,1,20,,40590,28,,,1,60,,40601,28,,,1,20,,40586,28,,,1,20,,40610,28,,,1,60,,40595,28,,,1,22,,40591,28,,,1,20,,40602,28,,,1,60,,40587,28,,,1,20,,40609,28,,,1,20,,40620,28,,,1,60,,40592,28,,,1,20,,40603,28,,,1,20,,40611,28,,,1,60,,40622,28,,,1,20,,40596,28,,,1,22,,40593,28,,,1,62,,40604,28,,,1,30,,40617,28,,,1,73,,40582,28,,,1,30,,40606,28,,,1,75,,40615,28,,,1,25,,40605,28,,,1,63,,40619,28,,,1,27,,40585,28,,,1,69,,40616,28,,,1,30,,40599,28,,,1,70,,40607,28,,,1,28,,40612,28,,,1,70,,40614,28,,,1,30,,40598,28,,,1,70,,40584,28,,,1,30,,40600,28,,,1,70,,40588,28,,,1,30,,40583,28,,,1,70,,40581,28,,,1,26,,40589,28,,,1
3900,'Samedi-10-_26ÉTÉ-0000010-',715,,40782,53,,,1,101,,40783,53,,,1,100,,40787,53,,,1,102,,40786,53,,,1,100,,40789,53,,,1,98,,40788,53,,,1,104,,40784,53,,,1,30,,40785,53,,,1,70,,40790,53,,,1,31,,40791,53,,,2,70,,40792,53,,,1,30,,40793,53,,,1,71,,40794,53,,,2,30,,40795,53,,,1,70,,40796,53,,,1,30,,40797,53,,,1,66,,40798,53,,,1,29,,40799,53,,,1,69,,40800,53,,,1,31,,40801,53,,,1,100,,40802,53,,,1,100,,40803,53,,,1,100,,40804,53,,,1,97,,40805,53,,,1
3900,'Semaine-3-_26ÉTÉ-1111100-',654,,40859,53,,,2,67,,40845,53,,,1,34,,40864,53,,,2,68,,40857,53,,,1,30,,40858,53,,,1,69,,40856,53,,,1,32,,40853,53,,,1,70,,40870,53,,,1,30,,40865,53,,,1,71,,40877,53,,,1,30,,40862,53,,,2,71,,40866,53,,,1,29,,40854,53,,,1,72,,40852,53,,,2,29,,40867,53,,,1,69,,40855,53,,,1,30,,40842,53,,,2,75,,40868,53,,,1,74,,40849,53,,,2,30,,40851,53,,,1,69,,40869,53,,,2,34,,40848,53,,,1,67,,40843,53,,,1,30,,40871,53,,,1,23,,40850,53,,,1,71,,40844,53,,,1,29,,40872,53,,,2,72,,40847,53,,,1,25,,40863,53,,,2,66,,40873,53,,,1,30,,40846,53,,,1,70,,40861,53,,,1,30,,40874,53,,,1,70,,40860,53,,,1,30,,40876,53,,,1,69,,40875,53,,,1
3900,'Semaine-4-_26ÉTÉ-1111100-',654,,40895,53,,,2,67,,40881,53,,,1,34,,40900,53,,,2,68,,40893,53,,,1,30,,40894,53,,,1,69,,40892,53,,,1,32,,40889,53,,,1,70,,40906,53,,,1,30,,40901,53,,,1,71,,40913,53,,,1,30,,40898,53,,,2,71,,40902,53,,,1,29,,40890,53,,,1,72,,40888,53,,,2,29,,40903,53,,,1,69,,40891,53,,,1,30,,40878,53,,,2,75,,40904,53,,,1,74,,40885,53,,,2,30,,40887,53,,,1,69,,40905,53,,,2,34,,40884,53,,,1,67,,40879,53,,,1,30,,40907,53,,,1,23,,40886,53,,,1,71,,40880,53,,,1,29,,40908,53,,,2,72,,40883,53,,,1,25,,40899,53,,,2,66,,40909,53,,,1,30,,40882,53,,,1,70,,40897,53,,,1,30,,40910,53,,,1,70,,40896,53,,,1,30,,40912,53,,,1,69,,40911,53,,,1
6401,'Samedi-10-_26ÉTÉ-0000010-',719,,42752,12,,,1,100,,42749,12,,,1,100,,42751,12,,,1,100,,42754,12,,,1,100,,42750,12,,,2,100,,42755,12,,,1,100,,42753,12,,,1,100,,42756,12,,,2,100,,42757,12,,,1,100,,42758,12,,,1,100,,42759,12,,,1
6401,'Semaine-3-_26ÉTÉ-1111100-',519,,42778,12,,,1,108,,42788,12,,,2,100,,42790,12,,,2,100,,42787,12,,,2,94,,42795,12,,,2,100,,42782,12,,,2,100,,42781,12,,,2,100,,42793,12,,,1,100,,42789,12,,,1,99,,42791,12,,,1,115,,42792,12,,,1,87,,42783,12,,,1,98,,42779,12,,,1,100,,42780,12,,,1,99,,42786,12,,,1,100,,42784,12,,,1,100,,42785,12,,,1,100,,42794,12,,,1
6401,'Semaine-4-_26ÉTÉ-1111100-',519,,42796,12,,,1,108,,42806,12,,,2,100,,42808,12,,,2,100,,42805,12,,,2,94,,42813,12,,,2,100,,42800,12,,,2,100,,42799,12,,,2,100,,42811,12,,,1,100,,42807,12,,,1,99,,42809,12,,,1,115,,42810,12,,,1,87,,42801,12,,,1,98,,42797,12,,,1,100,,42798,12,,,1,99,,42804,12,,,1,100,,42802,12,,,1,100,,42803,12,,,1,100,,42812,12,,,1
32501,'Semaine-3-_26ÉTÉ-1111100-',845,,45838,43,0,7 8,1
32501,'Semaine-4-_26ÉTÉ-1111100-',845,,45839,43,0,7 8,1
32601,'Semaine-3-_26ÉTÉ-1111100-',842,,45842,40,,,1
32601,'Semaine-4-_26ÉTÉ-1111100-',842,,45843,40,,,1
32900,'Semaine-3-_26ÉTÉ-1111100-',845,,45845,43,,,1
32900,'Semaine-4-_26ÉTÉ-1111100-',845,,45846,43,,,1
