1800,'Semaine-4',1250,,30338,13,,,1,278,,30337,13,,,1,99,,30340,13,,,1,29,,30339,13,,,1
1800,'Semaine-5',1250,,35034,13,,,1,278,,35033,13,,,1,99,,35036,13,,,1,29,,35035,13,,,1
2601,'Semaine-4',614,,30379,32,,,1,30,,30381,32,,,1,71,,30382,32,,,2,33,,30380,32,,,1,72,,30378,32,,,1
2601,'Semaine-5',614,,35075,32,,,1,30,,35077,32,,,1,71,,35078,32,,,2,33,,35076,32,,,1,72,,35074,32,,,1
2901,'Semaine-4',728,,30403,18,,,1,31,,30406,18,,,2,67,,30404,18,,,2,28,,30405,18,,,1
2901,'Semaine-5',728,,35099,18,,,1,31,,35102,18,,,2,67,,35100,18,,,2,28,,35101,18,,,1
3201,'Semaine-4',530,,30667,30,,,1,21,,30666,30,,,1,59,,30658,30,,,1,20,,30668,30,,,1,9,,30648,30,,,1,9,,30669,30,,,1,52,,30649,30,,,2,10,,30650,30,,,1,9,,30642,30,,,1,9,,30645,30,,,1,7,,30671,30,,,1,9,,30651,30,,,1,9,,30646,30,,,1,49,,30659,30,,,1,8,,30641,30,,,2,6,,30652,30,,,1,8,,30670,30,,,1,9,,30640,30,,,1,11,,30639,30,,,1,11,,30644,30,,,1,45,,30647,30,,,1,10,,30653,30,,,2,21,,30627,30,,,2,70,,30637,30,,,1,30,,30630,30,,,1,70,,30633,30,,,2,30,,30626,30,,,2,70,,30636,30,,,1,30,,30631,30,,,1,70,,30638,30,,,1,31,,30620,30,,,1,69,,30625,30,,,1,31,,30632,30,,,1,70,,30643,30,,,1,30,,30660,30,,,1,70,,30661,30,,,1,30,,30662,30,,,2,70,,30663,30,,,2,31,,30664,30,,,1,69,,30665,30,,,1,30,,30623,30,,,2,70,,30621,30,,,1,36,,30634,30,,,1,62,,30629,30,,,1,30,,30624,30,,,2,70,,30622,30,,,1,30,,30635,30,,,1,29,,30628,30,,,1,70,,30655,30,,,2,30,,30654,30,,,1,70,,30656,30,,,1,30,,30657,30,,,1
3201,'Semaine-5',530,,35326,30,,,1,21,,35325,30,,,1,59,,35317,30,,,1,20,,35327,30,,,1,9,,35307,30,,,1,9,,35328,30,,,1,52,,35308,30,,,2,10,,35309,30,,,1,9,,35301,30,,,1,9,,35304,30,,,1,7,,35330,30,,,1,9,,35310,30,,,1,9,,35305,30,,,1,49,,35318,30,,,1,8,,35300,30,,,2,6,,35311,30,,,1,8,,35329,30,,,1,9,,35299,30,,,1,11,,35298,30,,,1,11,,35303,30,,,1,45,,35306,30,,,1,10,,35312,30,,,2,21,,35286,30,,,2,70,,35296,30,,,1,30,,35289,30,,,1,70,,35292,30,,,2,30,,35285,30,,,2,70,,35295,30,,,1,30,,35290,30,,,1,70,,35297,30,,,1,31,,35279,30,,,1,69,,35284,30,,,1,31,,35291,30,,,1,70,,35302,30,,,1,30,,35319,30,,,1,70,,35320,30,,,1,30,,35321,30,,,2,70,,35322,30,,,2,31,,35323,30,,,1,69,,35324,30,,,1,30,,35282,30,,,2,70,,35280,30,,,1,36,,35293,30,,,1,62,,35288,30,,,1,30,,35283,30,,,2,70,,35281,30,,,1,30,,35294,30,,,1,29,,35287,30,,,1,70,,35314,30,,,2,30,,35313,30,,,1,70,,35315,30,,,1,30,,35316,30,,,1
3401,'Samedi-3',719,,30928,51,,,1,100,,30931,51,,,2,30,,30940,51,,,1,73,,30929,51,,,1,29,,30934,51,,,1,70,,30936,51,,,1,31,,30930,51,,,2,70,,30939,51,,,1,32,,30932,51,,,1,70,,30941,51,,,1,29,,30933,51,,,1,70,,30935,51,,,1,30,,30937,51,,,2,70,,30938,51,,,2,30,,30942,51,,,1,70,,30943,51,,,2,30,,30944,51,,,1,70,,30945,51,,,1,31,,30946,51,,,1,69,,30947,51,,,1,30,,30948,51,,,2,70,,30949,51,,,1,27,,30950,51,,,1,70,,30952,51,,,1,31,,30951,51,,,2,70,,30953,51,,,1,30,,30954,51,,,1,68,,30955,51,,,1,30,,30957,51,,,1,70,,30956,51,,,1,30,,30958,51,,,1,96,,30959,51,,,1
3401,'Samedi-4',719,,35517,51,,,1,100,,35520,51,,,2,30,,35529,51,,,1,73,,35518,51,,,1,29,,35523,51,,,1,70,,35525,51,,,1,31,,35519,51,,,2,70,,35528,51,,,1,32,,35521,51,,,1,70,,35530,51,,,1,29,,35522,51,,,1,70,,35524,51,,,1,30,,35526,51,,,2,70,,35527,51,,,2,30,,35531,51,,,1,70,,35532,51,,,2,30,,35533,51,,,1,70,,35534,51,,,1,31,,35535,51,,,1,69,,35536,51,,,1,30,,35537,51,,,2,70,,35538,51,,,1,27,,35539,51,,,1,70,,35541,51,,,1,31,,35540,51,,,2,70,,35542,51,,,1,30,,35543,51,,,1,68,,35544,51,,,1,30,,35546,51,,,1,70,,35545,51,,,1,30,,35547,51,,,1,96,,35548,51,,,1
3401,'Dimanche-3',719,,30961,51,,,1,100,,30972,51,,,2,30,,30965,51,,,1,73,,30968,51,,,1,29,,30967,51,,,1,70,,30976,51,,,1,31,,30973,51,,,2,70,,30960,51,,,1,32,,30971,51,,,1,70,,30964,51,,,1,29,,30962,51,,,1,70,,30963,51,,,1,30,,30966,51,,,2,70,,30974,51,,,2,30,,30970,51,,,1,70,,30969,51,,,2,30,,30975,51,,,1,70,,30980,51,,,1,31,,30978,51,,,1,69,,30984,51,,,1,30,,30987,51,,,2,70,,30977,51,,,1,27,,30986,51,,,1,70,,30979,51,,,1,31,,30983,51,,,2,70,,30990,51,,,1,30,,30982,51,,,1,68,,30981,51,,,1,30,,30988,51,,,1,70,,30989,51,,,1,30,,30985,51,,,1,96,,30991,51,,,1
3401,'Semaine-4',929,,31017,51,,,1,28,,30997,51,,,1,70,,31001,51,,,1,30,,31021,51,,,1,70,,30994,51,,,1,30,,30998,51,,,1,70,,31002,51,,,1,30,,30992,51,,,1,70,,30995,51,,,1,30,,30999,51,,,1,71,,31003,51,,,1,30,,30996,51,,,1,70,,31018,51,,,2,31,,30993,51,,,1,72,,31019,51,,,1,71,,31020,51,,,2,29,,31014,51,,,1,27,,31010,51,,,1,69,,31000,51,,,1,29,,31007,51,,,1,69,,31016,51,,,1,29,,31004,51,,,1,70,,31006,51,,,1,30,,31008,51,,,1,70,,31012,51,,,1,30,,31005,51,,,1,70,,31011,51,,,1,28,,31009,51,,,1,70,,31013,51,,,1,30,,31015,51,,,1
3401,'Semaine-5',929,,35574,51,,,1,28,,35554,51,,,1,70,,35558,51,,,1,30,,35578,51,,,1,70,,35551,51,,,1,30,,35555,51,,,1,70,,35559,51,,,1,30,,35549,51,,,1,70,,35552,51,,,1,30,,35556,51,,,1,71,,35560,51,,,1,30,,35553,51,,,1,70,,35575,51,,,2,31,,35550,51,,,1,72,,35576,51,,,1,71,,35577,51,,,2,29,,35571,51,,,1,27,,35567,51,,,1,69,,35557,51,,,1,29,,35564,51,,,1,69,,35573,51,,,1,29,,35561,51,,,1,70,,35563,51,,,1,30,,35565,51,,,1,70,,35569,51,,,1,30,,35562,51,,,1,70,,35568,51,,,1,28,,35566,51,,,1,70,,35570,51,,,1,30,,35572,51,,,1
4001,'Semaine-4',630,,31622,50,,,1,72,,31621,50,,,1,32,,31624,50,,,2,74,,31620,50,,,2,25,,31619,50,,,1,68,,31623,50,,,1
4001,'Semaine-5',630,,36030,50,,,1,72,,36029,50,,,1,32,,36032,50,,,2,74,,36028,50,,,2,25,,36027,50,,,1,68,,36031,50,,,1
4101,'Semaine-4',654,,31632,41,,,1,72,,31633,41,,,2,32,,31634,41,,,2,70,,31631,41,,,1,29,,31630,41,,,1
4101,'Semaine-5',654,,36040,41,,,1,72,,36041,41,,,2,32,,36042,41,,,2,70,,36039,41,,,1,29,,36038,41,,,1
4501,'Semaine-4',645,,31645,44,,,1,70,,31649,44,,,1,34,,31648,44,,,2,70,,31647,44,,,1,26,,31650,44,,,2,70,,31646,44,,,1
4501,'Semaine-5',645,,36053,44,,,1,70,,36057,44,,,1,34,,36056,44,,,2,70,,36055,44,,,1,26,,36058,44,,,2,70,,36054,44,,,1
4701,'Semaine-4',632,,31656,37,,,2,87,,31657,37,,,1,87,,31654,37,,,2,27,,31655,37,,,1
4701,'Semaine-5',632,,36064,37,,,2,87,,36065,37,,,1,87,,36062,37,,,2,27,,36063,37,,,1
5501,'Samedi-3',717,,32043,49,,,1,30,,32046,49,,,1,70,,32045,49,,,1,30,,32055,49,,,1,70,,32044,49,,,1,30,,32047,49,,,1,70,,32048,49,,,1,30,,32054,49,,,1,73,,32050,49,,,1,30,,32051,49,,,1,71,,32049,49,,,1,28,,32057,49,,,1,70,,32056,49,,,1,30,,32052,49,,,1,70,,32053,49,,,1,30,,32058,49,,,1,70,,32059,49,,,1,30,,32060,49,,,1,70,,32061,49,,,1,30,,32062,49,,,1,70,,32063,49,,,1,30,,32064,49,,,1,70,,32065,49,,,1,28,,32066,49,,,1,70,,32067,49,,,1,30,,32068,49,,,1,70,,32069,49,,,1,28,,32070,49,,,1,70,,32071,49,,,1,30,,32073,49,,,1,68,,32072,49,,,1,32,,32075,49,,,1,68,,32074,49,,,1
5501,'Samedi-4',717,,36345,49,,,1,30,,36348,49,,,1,70,,36347,49,,,1,30,,36357,49,,,1,70,,36346,49,,,1,30,,36349,49,,,1,70,,36350,49,,,1,30,,36356,49,,,1,73,,36352,49,,,1,30,,36353,49,,,1,71,,36351,49,,,1,28,,36359,49,,,1,70,,36358,49,,,1,30,,36354,49,,,1,70,,36355,49,,,1,30,,36360,49,,,1,70,,36361,49,,,1,30,,36362,49,,,1,70,,36363,49,,,1,30,,36364,49,,,1,70,,36365,49,,,1,30,,36366,49,,,1,70,,36367,49,,,1,28,,36368,49,,,1,70,,36369,49,,,1,30,,36370,49,,,1,70,,36371,49,,,1,28,,36372,49,,,1,70,,36373,49,,,1,30,,36375,49,,,1,68,,36374,49,,,1,32,,36377,49,,,1,68,,36376,49,,,1
5501,'Dimanche-3',717,,32077,49,,,1,30,,32082,49,,,1,70,,32078,49,,,1,30,,32086,49,,,1,70,,32089,49,,,1,30,,32081,49,,,1,70,,32093,49,,,1,30,,32087,49,,,1,73,,32088,49,,,1,30,,32079,49,,,1,71,,32076,49,,,1,28,,32083,49,,,1,70,,32090,49,,,1,30,,32080,49,,,1,70,,32091,49,,,1,30,,32085,49,,,1,70,,32084,49,,,1,30,,32094,49,,,1,70,,32098,49,,,1,30,,32092,49,,,1,70,,32095,49,,,1,30,,32105,49,,,1,70,,32102,49,,,1,28,,32107,49,,,1,70,,32108,49,,,1,30,,32096,49,,,1,70,,32099,49,,,1,28,,32097,49,,,1,70,,32100,49,,,1,30,,32101,49,,,1,68,,32104,49,,,1,31,,32106,49,,,1,69,,32103,49,,,1
5501,'Semaine-4',533,,32122,49,,,1,15,,32129,49,,,1,54,,32128,48,,,1,18,,32112,48,,,1,15,,32150,48,,,1,21,,32149,48,,,1,49,,32109,48,,,1,14,,32154,48,,,1,15,,32135,48,,,1,15,,32143,48,,,1,55,,32113,48,,,1,9,,32117,48,,,1,12,,32115,48,,,1,9,,32144,48,,,1,4,,32146,48,,,1,13,,32123,48,,,1,71,,32127,48,,,1,10,,32114,48,,,1,11,,32148,48,,,1,70,,32141,49,,,1,23,,32153,16,,,1,8,,32145,49,,,1,69,,32111,49,,,1,29,,32118,49,,,1,71,,32131,49,,,1,29,,32142,49,,,1,70,,32138,49,,,1,30,,32119,49,,,1,70,,32151,49,,,1,30,,32110,49,,,1,73,,32116,49,,,1,89,,32120,49,,,1,97,,32125,49,,,1,100,,32130,49,,,1,101,,32147,49,,,1,20,,32136,49,,,1,30,,32124,49,,,1,70,,32140,49,,,1,30,,32133,49,,,1,70,,32152,49,,,1,30,,32126,49,,,1,70,,32132,49,,,1,29,,32134,49,,,1,70,,32121,49,,,1,28,,32139,49,,,1,70,,32137,49,,,1
5501,'Semaine-5',533,,36391,49,,,1,15,,36398,49,,,1,54,,36397,48,,,1,18,,36381,48,,,1,15,,36419,48,,,1,21,,36418,48,,,1,49,,36378,48,,,1,14,,36423,48,,,1,15,,36404,48,,,1,15,,36412,48,,,1,55,,36382,48,,,1,9,,36386,48,,,1,12,,36384,48,,,1,9,,36413,48,,,1,4,,36415,48,,,1,13,,36392,48,,,1,71,,36396,48,,,1,10,,36383,48,,,1,11,,36417,48,,,1,70,,36410,49,,,1,23,,36422,16,,,1,8,,36414,49,,,1,69,,36380,49,,,1,29,,36387,49,,,1,71,,36400,49,,,1,29,,36411,49,,,1,70,,36407,49,,,1,30,,36388,49,,,1,70,,36420,49,,,1,30,,36379,49,,,1,73,,36385,49,,,1,89,,36389,49,,,1,97,,36394,49,,,1,100,,36399,49,,,1,101,,36416,49,,,1,20,,36405,49,,,1,30,,36393,49,,,1,70,,36409,49,,,1,30,,36402,49,,,1,70,,36421,49,,,1,30,,36395,49,,,1,70,,36401,49,,,1,29,,36403,49,,,1,70,,36390,49,,,1,28,,36408,49,,,1,70,,36406,49,,,1
5901,'Samedi-3',728,,32301,38,,,1,30,,32308,38,,,1,72,,32305,38,,,1,70,,32310,38,,,1,30,,32302,38,,,1,70,,32307,38,,,1,31,,32306,38,,,1,70,,32309,38,,,1,30,,32313,38,,,1,71,,32314,38,,,1,30,,32303,38,,,1,70,,32304,38,,,1,30,,32312,38,,,1,70,,32311,38,,,1,30,,32315,38,,,1,70,,32316,38,,,1,30,,32317,38,,,1,70,,32318,38,,,1,30,,32319,38,,,1,70,,32320,38,,,1,30,,32321,38,,,1,70,,32322,38,,,1,30,,32323,38,,,1,27,,32324,38,,,1,70,,32325,38,,,1,71,,32327,38,,,1,30,,32326,38,,,1,28,,32328,38,,,1,70,,32329,38,,,1,30,,32330,38,,,1,70,,32332,38,,,1,28,,32331,38,,,1
5901,'Samedi-4',728,,36536,38,,,1,30,,36543,38,,,1,72,,36540,38,,,1,70,,36545,38,,,1,30,,36537,38,,,1,70,,36542,38,,,1,31,,36541,38,,,1,70,,36544,38,,,1,30,,36548,38,,,1,71,,36549,38,,,1,30,,36538,38,,,1,70,,36539,38,,,1,30,,36547,38,,,1,70,,36546,38,,,1,30,,36550,38,,,1,70,,36551,38,,,1,30,,36552,38,,,1,70,,36553,38,,,1,30,,36554,38,,,1,70,,36555,38,,,1,30,,36556,38,,,1,70,,36557,38,,,1,30,,36558,38,,,1,27,,36559,38,,,1,70,,36560,38,,,1,71,,36562,38,,,1,30,,36561,38,,,1,28,,36563,38,,,1,70,,36564,38,,,1,30,,36565,38,,,1,70,,36567,38,,,1,28,,36566,38,,,1
5901,'Dimanche-3',728,,32339,38,,,1,30,,32342,38,,,1,72,,32344,38,,,1,70,,32335,38,,,1,30,,32338,38,,,1,70,,32341,38,,,1,31,,32345,38,,,1,70,,32333,38,,,1,30,,32336,38,,,1,71,,32350,38,,,1,30,,32343,38,,,1,70,,32334,38,,,1,30,,32337,38,,,1,70,,32340,38,,,1,30,,32347,38,,,1,70,,32346,38,,,1,30,,32349,38,,,1,70,,32351,38,,,1,30,,32348,38,,,1,70,,32357,38,,,1,30,,32358,38,,,1,70,,32354,38,,,1,30,,32353,38,,,1,27,,32363,38,,,1,70,,32360,38,,,1,71,,32361,38,,,1,30,,32352,38,,,1,28,,32355,38,,,1,70,,32359,38,,,1,30,,32356,38,,,1,70,,32362,38,,,1,28,,32364,38,,,1
5901,'Semaine-4',527,,32369,38,,,1,13,,32405,38,,,1,16,,32378,38,,,1,55,,32399,37,,,1,17,,32379,37,,,1,15,,32368,37,,,1,6,,32370,37,,,1,62,,32373,37,,,1,7,,32408,15,,,1,11,,32409,15,,,1,9,,32376,37,,,1,5,,32410,15,,,1,13,,32377,37,,,1,54,,32372,37,,,1,10,,32401,37,,,1,9,,32387,37,,,1,6,,32392,37,,,1,13,,32366,37,,,1,52,,32382,37,,,1,13,,32367,37,,,1,12,,32385,37,,,1,32,,32411,37,,,1,70,,32406,38,,,1,30,,32393,38,,,1,70,,32375,38,,,1,30,,32386,38,,,1,70,,32389,38,,,1,30,,32374,38,,,1,71,,32403,38,,,1,29,,32365,38,,,1,70,,32407,38,,,1,30,,32397,38,,,1,76,,32400,38,,,1,100,,32404,38,,,1,100,,32384,38,,,1,98,,32391,38,,,1,76,,32396,38,,,1,30,,32383,38,,,1,70,,32390,38,,,1,30,,32395,38,,,1,69,,32402,38,,,1,30,,32380,38,,,1,70,,32398,38,,,1,30,,32388,38,,,1,70,,32371,38,,,1,30,,32381,38,,,1,70,,32394,38,,,1
5901,'Semaine-5',527,,36572,38,,,1,13,,36608,38,,,1,16,,36581,38,,,1,55,,36602,37,,,1,17,,36582,37,,,1,15,,36571,37,,,1,6,,36573,37,,,1,62,,36576,37,,,1,7,,36611,15,,,1,11,,36612,15,,,1,9,,36579,37,,,1,5,,36613,15,,,1,13,,36580,37,,,1,54,,36575,37,,,1,10,,36604,37,,,1,9,,36590,37,,,1,6,,36595,37,,,1,13,,36569,37,,,1,52,,36585,37,,,1,13,,36570,37,,,1,12,,36588,37,,,1,32,,36614,37,,,1,70,,36609,38,,,1,30,,36596,38,,,1,70,,36578,38,,,1,30,,36589,38,,,1,70,,36592,38,,,1,30,,36577,38,,,1,71,,36606,38,,,1,29,,36568,38,,,1,70,,36610,38,,,1,30,,36600,38,,,1,76,,36603,38,,,1,100,,36607,38,,,1,100,,36587,38,,,1,98,,36594,38,,,1,76,,36599,38,,,1,30,,36586,38,,,1,70,,36593,38,,,1,30,,36598,38,,,1,69,,36605,38,,,1,30,,36583,38,,,1,70,,36601,38,,,1,30,,36591,38,,,1,70,,36574,38,,,1,30,,36584,38,,,1,70,,36597,38,,,1
32901,'Semaine-4',1658,,34190,45,0,7 8,1
32901,'Semaine-5',1658,,38021,45,0,7 8,1
65501,'Semaine-4',1528,,34849,37,0,9 10,1
65501,'Semaine-5',1528,,38500,37,0,9 10,1
73401,'Semaine-4',835,,34855,55,0,5 11,1
73401,'Semaine-5',835,,38506,55,0,5 11,1
74001,'Semaine-4',833,,34858,51,0,5 11,1,2,,34859,51,0,5 11,1
74001,'Semaine-5',833,,38509,51,0,5 11,1,2,,38510,51,0,5 11,1
80000,'Samedi-3',735,,34866,42,,,2,101,,34867,42,,,1,100,,34868,42,,,2,101,,34870,42,,,1,100,,34871,42,,,2,100,,34869,42,,,2,100,,34872,42,,,1,100,,34873,42,,,2,100,,34874,42,,,1,100,,34875,42,,,1,98,,34876,42,,,2,100,,34877,42,,,1,100,,34880,42,,,1,99,,34878,42,,,1,100,,34879,42,,,2,98,,34881,42,,,1,100,,34882,42,,,1
80000,'Samedi-4',735,,38517,42,,,2,101,,38518,42,,,1,100,,38519,42,,,2,101,,38521,42,,,1,100,,38522,42,,,2,100,,38520,42,,,2,100,,38523,42,,,1,100,,38524,42,,,2,100,,38525,42,,,1,100,,38526,42,,,1,98,,38527,42,,,2,100,,38528,42,,,1,100,,38531,42,,,1,99,,38529,42,,,1,100,,38530,42,,,2,98,,38532,42,,,1,100,,38533,42,,,1
80000,'Dimanche-3',735,,34887,42,,,2,101,,34883,42,,,1,100,,34888,42,,,2,101,,34884,42,,,1,100,,34885,42,,,2,100,,34889,42,,,2,100,,34886,42,,,1,100,,34891,42,,,2,100,,34890,42,,,1,100,,34892,42,,,1,98,,34895,42,,,2,100,,34893,42,,,1,100,,34894,42,,,1,99,,34896,42,,,1,100,,34897,42,,,2,98,,34899,42,,,1,100,,34898,42,,,1
80000,'Semaine-4',614,,34931,41,,,1,30,,34913,41,,,1,71,,34903,41,,,1,14,,34906,41,,,1,16,,34926,41,,,1,74,,34914,41,,,1,18,,34902,41,,,1,64,,34928,41,,,1,30,,34905,42,,,2,70,,34923,42,,,1,30,,34917,42,,,1,71,,34935,42,,,1,29,,34904,42,,,1,70,,34921,42,,,2,30,,34919,42,,,1,70,,34934,42,,,1,30,,34916,42,,,1,70,,34929,42,,,1,32,,34918,42,,,1,71,,34925,42,,,1,32,,34924,42,,,2,71,,34920,42,,,1,30,,34932,42,,,2,71,,34907,42,,,1,28,,34915,42,,,1,68,,34909,42,,,1,29,,34930,42,,,1,69,,34908,42,,,1,30,,34912,42,,,1,70,,34900,42,,,1,30,,34933,42,,,1,69,,34910,42,,,1,27,,34911,42,,,1,30,,34927,42,,,1,68,,34901,42,,,1,28,,34922,42,,,1
80000,'Semaine-5',614,,38565,41,,,1,30,,38547,41,,,1,71,,38537,41,,,1,14,,38540,41,,,1,16,,38560,41,,,1,74,,38548,41,,,1,18,,38536,41,,,1,64,,38562,41,,,1,30,,38539,42,,,2,70,,38557,42,,,1,30,,38551,42,,,1,71,,38569,42,,,1,29,,38538,42,,,1,70,,38555,42,,,2,30,,38553,42,,,1,70,,38568,42,,,1,30,,38550,42,,,1,70,,38563,42,,,1,32,,38552,42,,,1,71,,38559,42,,,1,32,,38558,42,,,2,71,,38554,42,,,1,30,,38566,42,,,2,71,,38541,42,,,1,28,,38549,42,,,1,68,,38543,42,,,1,29,,38564,42,,,1,69,,38542,42,,,1,30,,38546,42,,,1,70,,38534,42,,,1,30,,38567,42,,,1,69,,38544,42,,,1,27,,38545,42,,,1,30,,38561,42,,,1,68,,38535,42,,,1,28,,38556,42,,,1
82901,'Semaine-4',802,,35019,18,0,9 12 13,1,1,,35020,18,0,9 12 13,1,1,,35021,18,0,9 12 13,2
82901,'Semaine-5',802,,38638,18,0,9 12 13,1,1,,38639,18,0,9 12 13,1,1,,38640,18,0,9 12 13,2
85901,'Samedi-4',1748,,38648,3,,,1
85901,'Semaine-5',1748,,38649,3,,,1
