4000,'Semaine-4',1540,,31617,37,,,1,70,,31613,37,,,2,35,,31616,37,,,1,67,,31615,37,,,2,28,,31614,37,,,1,66,,31618,37,,,1
4000,'Semaine-2-_26ÉTÉ-1111100-',1540,,41047,37,,,2,69,,41043,37,,,2,36,,41046,37,,,1,67,,41045,37,,,1,31,,41044,37,,,1,65,,41048,37,,,2
4000,'Semaine-3-_26ÉTÉ-1111100-',1540,,41053,37,,,2,69,,41049,37,,,2,36,,41052,37,,,1,67,,41051,37,,,1,31,,41050,37,,,1,65,,41054,37,,,2
4000,'Semaine-4-_26ÉTÉ-1111100-',1540,,41059,37,,,2,69,,41055,37,,,2,36,,41058,37,,,1,67,,41057,37,,,1,31,,41056,37,,,1,65,,41060,37,,,2
5200,'Samedi-3',651,,31809,36,,,1,100,,31810,36,,,2,101,,31811,36,,,1,100,,31812,36,,,2,100,,31813,36,,,1,102,,31814,36,,,1,100,,31815,36,,,2,100,,31816,36,,,1,99,,31817,36,,,1,101,,31818,36,,,1,100,,31819,36,,,1,99,,31820,36,,,1,99,,31821,36,,,1,100,,31824,36,,,1,100,,31822,36,,,1,99,,31823,36,,,2,98,,31825,36,,,2,100,,31826,36,,,1
5200,'Samedi-4',651,,36183,36,,,1,100,,36184,36,,,2,101,,36185,36,,,1,100,,36186,36,,,2,100,,36187,36,,,1,102,,36188,36,,,1,100,,36189,36,,,2,100,,36190,36,,,1,99,,36191,36,,,1,101,,36192,36,,,1,100,,36193,36,,,1,99,,36194,36,,,1,99,,36195,36,,,1,100,,36198,36,,,1,100,,36196,36,,,1,99,,36197,36,,,2,98,,36199,36,,,2,100,,36200,36,,,1
5200,'Dimanche-3',651,,31828,36,,,1,100,,31827,36,,,2,101,,31829,36,,,1,100,,31830,36,,,2,100,,31832,36,,,1,102,,31837,36,,,1,100,,31831,36,,,2,100,,31834,36,,,1,99,,31835,36,,,1,101,,31833,36,,,1,100,,31836,36,,,1,99,,31843,36,,,1,99,,31842,36,,,1,100,,31838,36,,,1,100,,31844,36,,,1,99,,31841,36,,,2,98,,31840,36,,,2,100,,31839,36,,,1
5200,'Semaine-4',622,,31848,36,,,1,99,,31850,36,,,1,110,,31845,36,,,1,94,,31861,36,,,2,98,,31859,36,,,1,101,,31846,36,,,2,100,,31853,36,,,1,100,,31852,36,,,1,100,,31849,36,,,1,102,,31847,36,,,1,108,,31851,36,,,1,99,,31862,36,,,1,106,,31860,36,,,1,100,,31854,36,,,1,83,,31858,36,,,1,100,,31857,36,,,2,99,,31855,36,,,1,100,,31856,36,,,1
5200,'Samedi-10-_26ÉTÉ-0000010-',651,,41440,36,,,1,100,,41441,36,,,2,101,,41442,36,,,1,100,,41443,36,,,2,100,,41444,36,,,1,102,,41445,36,,,1,100,,41446,36,,,2,100,,41447,36,,,2,99,,41448,36,,,1,101,,41449,36,,,2,100,,41450,36,,,1,99,,41451,36,,,1,99,,41452,36,,,1,100,,41455,36,,,1,100,,41453,36,,,1,99,,41454,36,,,2,98,,41456,36,,,2,100,,41457,36,,,1
5200,'Semaine-2-_26ÉTÉ-1111100-',622,,41461,36,,,1,99,,41463,36,,,1,110,,41458,36,,,1,96,,41474,36,,,1,97,,41472,36,,,2,100,,41459,36,,,1,100,,41466,36,,,1,100,,41465,36,,,1,100,,41462,36,,,1,101,,41460,36,,,1,108,,41464,36,,,1,102,,41475,36,,,1,104,,41473,36,,,1,100,,41467,36,,,1,83,,41471,36,,,1,100,,41470,36,,,1,99,,41468,36,,,1,100,,41469,36,,,1
5200,'Semaine-3-_26ÉTÉ-1111100-',622,,41479,36,,,1,99,,41481,36,,,1,110,,41476,36,,,1,96,,41492,36,,,1,97,,41490,36,,,2,100,,41477,36,,,1,100,,41484,36,,,1,100,,41483,36,,,1,100,,41480,36,,,1,101,,41478,36,,,1,108,,41482,36,,,1,102,,41493,36,,,1,104,,41491,36,,,1,100,,41485,36,,,1,83,,41489,36,,,1,100,,41488,36,,,1,99,,41486,36,,,1,100,,41487,36,,,1
5200,'Semaine-4-_26ÉTÉ-1111100-',622,,41497,36,,,1,99,,41499,36,,,1,110,,41494,36,,,1,96,,41510,36,,,1,97,,41508,36,,,2,100,,41495,36,,,1,100,,41502,36,,,1,100,,41501,36,,,1,100,,41498,36,,,1,101,,41496,36,,,1,108,,41500,36,,,1,102,,41511,36,,,1,104,,41509,36,,,1,100,,41503,36,,,1,83,,41507,36,,,1,100,,41506,36,,,1,99,,41504,36,,,1,100,,41505,36,,,1
74000,'Semaine-4',1644,,34857,32,0,5 11,1
