7900,'Semaine-1-_26ÉTÉ-1111100-',1227,,59788,6,,,2,100,,59791,6,,,2,131,,59789,6,,,1,70,,59790,6,,,2,30,,59795,6,,,1,70,,59793,6,,,1,31,,59792,6,,,1,70,,59787,6,,,1,84,,59794,6,,,1,45,,59796,6,,,1
7900,'Semaine-10-_26ÉTÉ-1111100-',1227,,59799,6,,,2,100,,59802,6,,,2,131,,59800,6,,,1,70,,59801,6,,,2,30,,59806,6,,,1,70,,59804,6,,,1,31,,59803,6,,,1,70,,59798,6,,,1,84,,59805,6,,,1,45,,59807,6,,,1
7900,'Semaine-11-_26ÉTÉ-1111100-',1227,,59810,6,,,2,100,,59813,6,,,2,131,,59811,6,,,1,70,,59812,6,,,2,30,,59817,6,,,1,70,,59815,6,,,1,31,,59814,6,,,1,70,,59809,6,,,1,84,,59816,6,,,1,45,,59818,6,,,1
7900,'Semaine-12-_26ÉTÉ-1111100-',1227,,59821,6,,,2,100,,59824,6,,,2,131,,59822,6,,,1,70,,59823,6,,,2,30,,59828,6,,,1,70,,59826,6,,,1,31,,59825,6,,,1,70,,59820,6,,,1,84,,59827,6,,,1,45,,59829,6,,,1
9700,'Samedi-0-_26ÉTÉ-0000010-',816,,60249,6,,,2,100,,60252,6,,,2,100,,60247,6,,,1,100,,60248,6,,,1,100,,60251,6,,,2,100,,60250,6,,,2,100,,60253,6,,,1,100,,60254,6,,,2,100,,60255,6,,,2,100,,60256,6,,,1,100,,60261,6,,,1,100,,60257,6,,,1,100,,60258,6,,,1,100,,60259,6,,,1,100,,60260,6,,,2,100,,60262,6,,,1,100,,60263,6,,,1
9700,'Dimanche-0-_26ÉTÉ-0000001-',816,,60267,6,,,2,100,,60269,6,,,2,100,,60266,6,,,1,100,,60265,6,,,1,100,,60264,6,,,2,100,,60268,6,,,2,100,,60271,6,,,1,100,,60270,6,,,2,100,,60276,6,,,2,100,,60278,6,,,1,100,,60280,6,,,1,100,,60272,6,,,1,100,,60273,6,,,1,100,,60274,6,,,1,100,,60275,6,,,2,100,,60279,6,,,1,100,,60277,6,,,1
9700,'Dimanche-10-_26ÉTÉ-0000001-',816,,60284,6,,,2,100,,60286,6,,,2,100,,60283,6,,,1,100,,60282,6,,,1,100,,60281,6,,,2,100,,60285,6,,,2,100,,60288,6,,,1,100,,60287,6,,,2,100,,60293,6,,,2,100,,60295,6,,,1,100,,60297,6,,,1,100,,60289,6,,,1,100,,60290,6,,,1,100,,60291,6,,,1,100,,60292,6,,,2,100,,60296,6,,,1,100,,60294,6,,,1
9700,'Dimanche-11-_26ÉTÉ-0000001-',816,,60301,6,,,2,100,,60303,6,,,2,100,,60300,6,,,1,100,,60299,6,,,1,100,,60298,6,,,2,100,,60302,6,,,2,100,,60305,6,,,1,100,,60304,6,,,2,100,,60310,6,,,2,100,,60312,6,,,1,100,,60314,6,,,1,100,,60306,6,,,1,100,,60307,6,,,1,100,,60308,6,,,1,100,,60309,6,,,2,100,,60313,6,,,1,100,,60311,6,,,1
9700,'Semaine-1-_26ÉTÉ-1111100-',648,,60333,6,,,1,66,,60334,6,,,1,97,,60323,6,,,2,101,,60319,6,,,1,96,,60332,6,,,2,100,,60327,6,,,2,100,,60324,6,,,1,100,,60329,6,,,2,101,,60315,6,,,1,94,,60320,6,,,1,104,,60328,6,,,1,96,,60330,10,,,2,103,,60321,10,,,2,34,,60316,10,,,2,19,,60325,6,,,1,142,,60317,6,,,2,100,,60326,6,,,1,100,,60322,6,,,1,102,,60318,6,,,2,110,,60331,6,,,1
9700,'Semaine-10-_26ÉTÉ-1111100-',648,,60353,6,,,1,66,,60354,6,,,1,97,,60343,6,,,2,101,,60339,6,,,1,96,,60352,6,,,2,100,,60347,6,,,2,100,,60344,6,,,1,100,,60349,6,,,2,101,,60335,6,,,1,94,,60340,6,,,1,104,,60348,6,,,1,96,,60350,10,,,2,103,,60341,10,,,2,34,,60336,10,,,2,19,,60345,6,,,1,142,,60337,6,,,2,100,,60346,6,,,1,100,,60342,6,,,1,102,,60338,6,,,2,110,,60351,6,,,1
9700,'Semaine-11-_26ÉTÉ-1111100-',648,,60373,6,,,1,66,,60374,6,,,1,97,,60363,6,,,2,101,,60359,6,,,1,96,,60372,6,,,2,100,,60367,6,,,2,100,,60364,6,,,1,100,,60369,6,,,2,101,,60355,6,,,1,94,,60360,6,,,1,104,,60368,6,,,1,96,,60370,10,,,2,103,,60361,10,,,2,34,,60356,10,,,2,19,,60365,6,,,1,142,,60357,6,,,2,100,,60366,6,,,1,100,,60362,6,,,1,102,,60358,6,,,2,110,,60371,6,,,1
9700,'Semaine-12-_26ÉTÉ-1111100-',648,,60393,6,,,1,66,,60394,6,,,1,97,,60383,6,,,2,101,,60379,6,,,1,96,,60392,6,,,2,100,,60387,6,,,2,100,,60384,6,,,1,100,,60389,6,,,2,101,,60375,6,,,1,94,,60380,6,,,1,104,,60388,6,,,1,96,,60390,10,,,2,103,,60381,10,,,2,34,,60376,10,,,2,19,,60385,6,,,1,142,,60377,6,,,2,100,,60386,6,,,1,100,,60382,6,,,1,102,,60378,6,,,2,110,,60391,6,,,1
