2701,'Semaine-4',608,,30390,3,,,1,45,,30391,3,,,1,85,,30388,3,,,1,70,,30389,3,,,1
2701,'Semaine-5',608,,35086,3,,,1,45,,35087,3,,,1,85,,35084,3,,,1,70,,35085,3,,,1
3501,'Semaine-4',646,,31075,3,,,1,77,,31086,3,,,1
3501,'Semaine-5',646,,35632,3,,,1,77,,35643,3,,,1
33100,'Semaine-4',831,,34191,25,0,7 8,1
33100,'Semaine-5',831,,38022,25,0,7 8,1
43300,'Semaine-4',1457,,34805,12,0,9 14,1,44,,34806,12,0,9 14,1
43300,'Semaine-5',1457,,38456,12,0,9 14,1,44,,38457,12,0,9 14,1
82701,'Semaine-4',746,,35015,3,0,9 12 13,1
82701,'Semaine-5',746,,38634,3,0,9 12 13,1
