9301,'Semaine-1-_26ÉTÉ-1111100-',556,,60130,17,,,1,60,,60128,17,,,1,20,,60127,17,,,1,71,,60131,17,,,2,30,,60129,17,,,1
9301,'Semaine-10-_26ÉTÉ-1111100-',556,,60135,17,,,1,60,,60133,17,,,1,20,,60132,17,,,1,71,,60136,17,,,2,30,,60134,17,,,1
9301,'Semaine-11-_26ÉTÉ-1111100-',556,,60140,17,,,1,60,,60138,17,,,1,20,,60137,17,,,1,71,,60141,17,,,2,30,,60139,17,,,1
9301,'Semaine-12-_26ÉTÉ-1111100-',556,,60145,17,,,1,60,,60143,17,,,1,20,,60142,17,,,1,71,,60146,17,,,2,30,,60144,17,,,1
9301,'Semaine-5-_26ÉTÉ-1111100-',556,,60150,17,,,1,60,,60148,17,,,1,20,,60147,17,,,1,71,,60151,17,,,2,30,,60149,17,,,1
9401,'Semaine-1-_26ÉTÉ-1111100-',537,,60152,17,,,1
9401,'Semaine-10-_26ÉTÉ-1111100-',537,,60153,17,,,1
9401,'Semaine-11-_26ÉTÉ-1111100-',537,,60154,17,,,1
9401,'Semaine-12-_26ÉTÉ-1111100-',537,,60155,17,,,1
9401,'Semaine-5-_26ÉTÉ-1111100-',537,,60156,17,,,1
9701,'Samedi-0-_26ÉTÉ-0000010-',800,,60417,62,,,2,100,,60420,62,,,1,101,,60418,62,,,2,100,,60421,62,,,2,100,,60415,62,,,1,100,,60416,62,,,1,101,,60419,62,,,2,100,,60422,62,,,2,100,,60423,62,,,1,100,,60424,62,,,2,100,,60425,62,,,2,100,,60426,62,,,1,100,,60430,62,,,1,100,,60427,62,,,1,99,,60428,62,,,1,100,,60429,62,,,1
9701,'Dimanche-0-_26ÉTÉ-0000001-',800,,60437,62,,,2,100,,60434,62,,,1,101,,60435,62,,,2,100,,60438,62,,,2,100,,60433,62,,,1,100,,60432,62,,,1,101,,60431,62,,,2,100,,60436,62,,,2,100,,60440,62,,,1,100,,60439,62,,,2,100,,60444,62,,,2,100,,60445,62,,,1,100,,60446,62,,,1,100,,60441,62,,,1,99,,60442,62,,,1,100,,60443,62,,,1
9701,'Dimanche-10-_26ÉTÉ-0000001-',800,,60453,62,,,2,100,,60450,62,,,1,101,,60451,62,,,2,100,,60454,62,,,2,100,,60449,62,,,1,100,,60448,62,,,1,101,,60447,62,,,2,100,,60452,62,,,2,100,,60456,62,,,1,100,,60455,62,,,2,100,,60460,62,,,2,100,,60461,62,,,1,100,,60462,62,,,1,100,,60457,62,,,1,99,,60458,62,,,1,100,,60459,62,,,1
9701,'Dimanche-11-_26ÉTÉ-0000001-',800,,60469,62,,,2,100,,60466,62,,,1,101,,60467,62,,,2,100,,60470,62,,,2,100,,60465,62,,,1,100,,60464,62,,,1,101,,60463,62,,,2,100,,60468,62,,,2,100,,60472,62,,,1,100,,60471,62,,,2,100,,60476,62,,,2,100,,60477,62,,,1,100,,60478,62,,,1,100,,60473,62,,,1,99,,60474,62,,,1,100,,60475,62,,,1
9701,'Semaine-1-_26ÉTÉ-1111100-',642,,60493,62,,,1,99,,60486,62,,,2,111,,60495,62,,,1,103,,60484,62,,,2,99,,60481,62,,,1,100,,60494,62,,,2,98,,60489,62,,,2,101,,60485,62,,,1,101,,60491,62,,,2,103,,60479,62,,,1,97,,60482,62,,,1,99,,60490,62,,,1,96,,60492,62,,,2,96,,60483,62,,,2,97,,60487,62,,,1,100,,60480,62,,,2,99,,60488,62,,,1
9701,'Semaine-10-_26ÉTÉ-1111100-',642,,60510,62,,,1,99,,60503,62,,,2,111,,60512,62,,,1,103,,60501,62,,,2,99,,60498,62,,,1,100,,60511,62,,,2,98,,60506,62,,,2,101,,60502,62,,,1,101,,60508,62,,,2,103,,60496,62,,,1,97,,60499,62,,,1,99,,60507,62,,,1,96,,60509,62,,,2,96,,60500,62,,,2,97,,60504,62,,,1,100,,60497,62,,,2,99,,60505,62,,,1
9701,'Semaine-11-_26ÉTÉ-1111100-',642,,60527,62,,,1,99,,60520,62,,,2,111,,60529,62,,,1,103,,60518,62,,,2,99,,60515,62,,,1,100,,60528,62,,,2,98,,60523,62,,,2,101,,60519,62,,,1,101,,60525,62,,,2,103,,60513,62,,,1,97,,60516,62,,,1,99,,60524,62,,,1,96,,60526,62,,,2,96,,60517,62,,,2,97,,60521,62,,,1,100,,60514,62,,,2,99,,60522,62,,,1
9701,'Semaine-12-_26ÉTÉ-1111100-',642,,60544,62,,,1,99,,60537,62,,,2,111,,60546,62,,,1,103,,60535,62,,,2,99,,60532,62,,,1,100,,60545,62,,,2,98,,60540,62,,,2,101,,60536,62,,,1,101,,60542,62,,,2,103,,60530,62,,,1,97,,60533,62,,,1,99,,60541,62,,,1,96,,60543,62,,,2,96,,60534,62,,,2,97,,60538,62,,,1,100,,60531,62,,,2,99,,60539,62,,,1
9701,'Semaine-5-_26ÉTÉ-1111100-',642,,60561,62,,,1,99,,60554,62,,,2,111,,60563,62,,,1,103,,60552,62,,,2,99,,60549,62,,,1,100,,60562,62,,,2,98,,60557,62,,,2,101,,60553,62,,,1,101,,60559,62,,,2,103,,60547,62,,,1,97,,60550,62,,,1,99,,60558,62,,,1,96,,60560,62,,,2,96,,60551,62,,,2,97,,60555,62,,,1,100,,60548,62,,,2,99,,60556,62,,,1
