2601,'Semaine-4',549,,30379,4,,,1,70,,30381,4,,,1,31,,30382,4,,,2,73,,30380,4,,,1,33,,30378,4,,,1
2601,'Semaine-2-_26ÉTÉ-1111100-',550,,38779,4,,,1,71,,38781,4,,,1,31,,38782,4,,,1,64,,38780,4,,,1,36,,38778,4,,,2
2601,'Semaine-3-_26ÉTÉ-1111100-',550,,38784,4,,,1,71,,38786,4,,,1,31,,38787,4,,,1,64,,38785,4,,,1,36,,38783,4,,,2
2601,'Semaine-4-_26ÉTÉ-1111100-',550,,38789,4,,,1,71,,38791,4,,,1,31,,38792,4,,,1,64,,38790,4,,,1,36,,38788,4,,,2
32601,'Semaine-4',821,,34188,20,0,7 8,1
32601,'Semaine-2-_26ÉTÉ-1111100-',821,,45841,20,0,7 8,1
32601,'Semaine-3-_26ÉTÉ-1111100-',821,,45842,20,0,7 8,1
32601,'Semaine-4-_26ÉTÉ-1111100-',821,,45843,20,0,7 8,1
42600,'Semaine-4',720,,34795,4,0,9 14,1,1,,34796,4,0,9 14,1
42600,'Semaine-2-_26ÉTÉ-1111100-',721,,46746,4,0,9 14,1
42600,'Semaine-3-_26ÉTÉ-1111100-',721,,46747,4,0,9 14,1
42600,'Semaine-4-_26ÉTÉ-1111100-',721,,46748,4,0,9 14,1
73401,'Semaine-4',754,,34855,4,0,5 11,1
73401,'Semaine-2-_26ÉTÉ-1111100-',754,,46797,4,0,5 11,1
73401,'Semaine-3-_26ÉTÉ-1111100-',754,,46798,4,0,5 11,1
73401,'Semaine-4-_26ÉTÉ-1111100-',754,,46799,4,0,5 11,1
82601,'Semaine-4',741,,35012,20,0,9 12 13,1,1,,35013,20,0,9 12 13,1
82601,'Semaine-2-_26ÉTÉ-1111100-',742,,47057,20,0,9 12 13,1
82601,'Semaine-3-_26ÉTÉ-1111100-',742,,47058,20,0,9 12 13,1
82601,'Semaine-4-_26ÉTÉ-1111100-',742,,47059,20,0,9 12 13,1
