2001,'Semaine-3-_26ÉTÉ-1111100-',1551,,38688,20,,,1,101,,38689,20,,,1,99,,38690,20,,,2
2001,'Semaine-4-_26ÉTÉ-1111100-',1551,,38691,20,,,1,101,,38692,20,,,1,99,,38693,20,,,2
2301,'Semaine-3-_26ÉTÉ-1111100-',637,,38720,30,,,1,70,,38717,30,,,1,34,,38721,30,,,1,70,,38719,30,,,2,28,,38718,30,,,2
2301,'Semaine-4-_26ÉTÉ-1111100-',637,,38725,30,,,1,70,,38722,30,,,1,34,,38726,30,,,1,70,,38724,30,,,2,28,,38723,30,,,2
2501,'Semaine-3-_26ÉTÉ-1111100-',622,,38755,37,,,1,29,,38754,37,,,1,74,,38752,37,,,2,77,,38753,37,,,2,28,,38756,37,,,1,26,,38751,37,,,1
2501,'Semaine-4-_26ÉTÉ-1111100-',622,,38761,37,,,1,29,,38760,37,,,1,74,,38758,37,,,2,77,,38759,37,,,2,28,,38762,37,,,1,26,,38757,37,,,1
2601,'Semaine-3-_26ÉTÉ-1111100-',621,,38784,35,,,1,32,,38786,35,,,1,72,,38787,35,,,1,24,,38785,35,,,1,76,,38783,35,,,2
2601,'Semaine-4-_26ÉTÉ-1111100-',621,,38789,35,,,1,32,,38791,35,,,1,72,,38792,35,,,1,24,,38790,35,,,1,76,,38788,35,,,2
2701,'Semaine-3-_26ÉTÉ-1111100-',638,,38814,40,,,1,88,,38815,40,,,1,86,,38812,40,,,1,30,,38813,40,,,1
2701,'Semaine-4-_26ÉTÉ-1111100-',638,,38818,40,,,1,88,,38819,40,,,1,86,,38816,40,,,1,30,,38817,40,,,1
2901,'Semaine-3-_26ÉTÉ-1111100-',734,,38857,21,,,1,69,,38860,21,,,1,29,,38858,21,,,1,68,,38859,21,,,1
2901,'Semaine-4-_26ÉTÉ-1111100-',734,,38861,21,,,1,69,,38864,21,,,1,29,,38862,21,,,1,68,,38863,21,,,1
3201,'Semaine-3-_26ÉTÉ-1111100-',534,,39418,33,,,2,20,,39417,33,,,1,60,,39409,33,,,2,21,,39419,33,,,1,10,,39399,33,,,2,12,,39420,33,,,1,50,,39400,33,,,2,10,,39401,33,,,1,8,,39393,33,,,1,10,,39396,33,,,1,8,,39422,33,,,1,8,,39402,33,,,1,49,,39397,33,,,1,7,,39410,33,,,2,8,,39392,33,,,1,9,,39403,33,,,1,8,,39421,33,,,1,8,,39391,33,,,1,10,,39390,33,,,2,50,,39395,33,,,1,9,,39398,33,,,1,9,,39404,33,,,1,21,,39378,33,,,1,68,,39388,34,,,2,31,,39381,34,,,1,70,,39384,34,,,2,30,,39377,34,,,1,70,,39387,34,,,2,30,,39382,34,,,1,70,,39389,34,,,1,30,,39371,34,,,1,69,,39376,34,,,2,30,,39383,34,,,1,71,,39394,34,,,1,33,,39411,34,,,1,68,,39412,34,,,1,31,,39413,34,,,1,71,,39414,34,,,1,27,,39415,34,,,1,70,,39416,34,,,1,30,,39374,34,,,1,69,,39372,34,,,1,29,,39385,34,,,1,70,,39380,34,,,1,30,,39375,34,,,1,70,,39373,34,,,1,30,,39386,34,,,1,68,,39379,34,,,1,30,,39406,34,,,2,70,,39405,34,,,1,29,,39407,34,,,1,70,,39408,34,,,1
3201,'Semaine-4-_26ÉTÉ-1111100-',534,,39470,33,,,2,20,,39469,33,,,1,60,,39461,33,,,2,21,,39471,33,,,1,10,,39451,33,,,2,12,,39472,33,,,1,50,,39452,33,,,2,10,,39453,33,,,1,8,,39445,33,,,1,10,,39448,33,,,1,8,,39474,33,,,1,8,,39454,33,,,1,49,,39449,33,,,1,7,,39462,33,,,2,8,,39444,33,,,1,9,,39455,33,,,1,8,,39473,33,,,1,8,,39443,33,,,1,10,,39442,33,,,2,50,,39447,33,,,1,9,,39450,33,,,1,9,,39456,33,,,1,21,,39430,33,,,1,68,,39440,34,,,2,31,,39433,34,,,1,70,,39436,34,,,2,30,,39429,34,,,1,70,,39439,34,,,2,30,,39434,34,,,1,70,,39441,34,,,1,30,,39423,34,,,1,69,,39428,34,,,2,30,,39435,34,,,1,71,,39446,34,,,1,33,,39463,34,,,1,68,,39464,34,,,1,31,,39465,34,,,1,71,,39466,34,,,1,27,,39467,34,,,1,70,,39468,34,,,1,30,,39426,34,,,1,69,,39424,34,,,1,29,,39437,34,,,1,70,,39432,34,,,1,30,,39427,34,,,1,70,,39425,34,,,1,30,,39438,34,,,1,68,,39431,34,,,1,30,,39458,34,,,2,70,,39457,34,,,1,29,,39459,34,,,1,70,,39460,34,,,1
3301,'Samedi-10-_26ÉTÉ-0000010-',735,,39624,42,,,1,100,,39625,42,,,1,100,,39622,42,,,2,100,,39628,42,,,1,100,,39629,42,,,1,101,,39623,42,,,1,100,,39626,42,,,1,100,,39627,42,,,1,102,,39630,42,,,1,98,,39631,42,,,1,100,,39632,42,,,1,96,,39639,42,,,1,100,,39633,42,,,1,100,,39634,42,,,1,100,,39635,42,,,1,100,,39636,42,,,1,100,,39637,42,,,1,100,,39638,42,,,1
3301,'Semaine-3-_26ÉTÉ-1111100-',623,,39704,42,,,2,22,,39712,42,,,2,64,,39689,42,,,1,17,,39709,42,,,1,18,,39705,42,,,2,4,,39700,42,,,1,9,,39720,42,,,1,51,,39718,42,,,2,22,,39707,42,,,2,12,,39695,42,,,1,10,,39711,42,,,2,55,,39685,42,,,1,30,,39697,42,,,1,68,,39703,42,,,1,31,,39693,42,,,2,68,,39714,42,,,1,31,,39698,42,,,1,69,,39690,42,,,1,32,,39692,42,,,1,20,,39710,42,,,1,46,,39719,42,,,1,28,,39701,42,,,1,29,,39691,42,,,1,71,,39696,42,,,1,74,,39699,43,,,1,12,,39721,43,,,1,19,,39702,43,,,1,18,,39694,43,,,2,53,,39706,43,,,2,33,,39687,43,,,1,68,,39717,43,,,1,23,,39684,43,,,2,26,,39681,43,,,2,68,,39715,42,,,1,82,,39688,42,,,1,30,,39683,42,,,1,97,,39686,42,,,1,80,,39708,42,,,1,105,,39713,42,,,1,97,,39682,42,,,1,124,,39716,42,,,1
3301,'Semaine-4-_26ÉTÉ-1111100-',623,,39745,42,,,2,22,,39753,42,,,2,64,,39730,42,,,1,17,,39750,42,,,1,18,,39746,42,,,2,4,,39741,42,,,1,9,,39761,42,,,1,51,,39759,42,,,2,22,,39748,42,,,2,12,,39736,42,,,1,10,,39752,42,,,2,55,,39726,42,,,1,30,,39738,42,,,1,68,,39744,42,,,1,31,,39734,42,,,2,68,,39755,42,,,1,31,,39739,42,,,1,69,,39731,42,,,1,32,,39733,42,,,1,20,,39751,42,,,1,46,,39760,42,,,1,28,,39742,42,,,1,29,,39732,42,,,1,71,,39737,42,,,1,74,,39740,43,,,1,12,,39762,43,,,1,19,,39743,43,,,1,18,,39735,43,,,2,53,,39747,43,,,2,33,,39728,43,,,1,68,,39758,43,,,1,23,,39725,43,,,2,26,,39722,43,,,2,68,,39756,42,,,1,82,,39729,42,,,1,30,,39724,42,,,1,97,,39727,42,,,1,80,,39749,42,,,1,105,,39754,42,,,1,97,,39723,42,,,1,124,,39757,42,,,1
3401,'Samedi-10-_26ÉTÉ-0000010-',724,,39893,55,,,1,100,,39896,55,,,2,30,,39905,55,,,1,73,,39894,55,,,1,29,,39899,55,,,1,70,,39901,55,,,1,31,,39895,55,,,2,70,,39904,55,,,1,73,,39897,55,,,1,30,,39906,55,,,1,29,,39898,55,,,1,70,,39900,55,,,1,30,,39902,55,,,2,70,,39903,55,,,2,30,,39907,55,,,1,70,,39908,55,,,2,30,,39909,55,,,1,70,,39910,55,,,1,71,,39911,55,,,1,29,,39912,55,,,1,30,,39913,55,,,2,69,,39914,55,,,1,27,,39915,55,,,1,70,,39917,55,,,1,31,,39916,55,,,2,70,,39918,55,,,1,30,,39919,55,,,2,68,,39920,55,,,1,30,,39922,55,,,1,70,,39921,55,,,1,30,,39923,55,,,1,96,,39924,55,,,1
3401,'Semaine-3-_26ÉTÉ-1111100-',929,,39980,54,,,2,73,,39960,54,,,1,30,,39964,55,,,1,70,,39984,55,,,1,30,,39957,55,,,1,70,,39961,55,,,1,30,,39965,55,,,2,70,,39955,55,,,1,31,,39958,55,,,1,69,,39962,55,,,1,31,,39966,55,,,1,70,,39959,55,,,1,31,,39981,55,,,1,73,,39956,55,,,2,32,,39982,55,,,1,70,,39983,55,,,1,33,,39977,55,,,1,64,,39973,55,,,2,26,,39963,55,,,1,69,,39970,55,,,1,29,,39979,55,,,1,29,,39967,55,,,1,70,,39969,55,,,1,30,,39971,55,,,1,70,,39975,55,,,2,30,,39968,55,,,1,70,,39974,55,,,1,28,,39972,55,,,1,70,,39976,55,,,1,30,,39978,55,,,1
3401,'Semaine-4-_26ÉTÉ-1111100-',929,,40010,54,,,2,73,,39990,54,,,1,30,,39994,55,,,1,70,,40014,55,,,1,30,,39987,55,,,1,70,,39991,55,,,1,30,,39995,55,,,2,70,,39985,55,,,1,31,,39988,55,,,1,69,,39992,55,,,1,31,,39996,55,,,1,70,,39989,55,,,1,31,,40011,55,,,1,73,,39986,55,,,2,32,,40012,55,,,1,70,,40013,55,,,1,33,,40007,55,,,1,64,,40003,55,,,2,26,,39993,55,,,1,69,,40000,55,,,1,29,,40009,55,,,1,29,,39997,55,,,1,70,,39999,55,,,1,30,,40001,55,,,1,70,,40005,55,,,2,30,,39998,55,,,1,70,,40004,55,,,1,28,,40002,55,,,1,70,,40006,55,,,1,30,,40008,55,,,1
3501,'Semaine-3-_26ÉTÉ-1111100-',558,,40184,27,,,1,80,,40159,28,,,2,62,,40166,28,,,2,22,,40175,39,,,2,15,,40181,28,,,1,22,,40186,39,,,1,54,,40162,28,,,1,28,,40182,28,,,1,62,,40187,28,,,1,29,,40168,27,,,1,71,,40170,27,,,1,30,,40161,27,,,1,70,,40167,27,,,2,30,,40177,27,,,1,70,,40160,27,,,1,30,,40174,27,,,2,70,,40176,27,,,1,30,,40179,27,,,2,70,,40164,27,,,2,32,,40188,27,,,2,67,,40178,27,,,1,37,,40163,27,,,2,70,,40190,27,,,1,27,,40185,27,,,2,71,,40169,27,,,1,28,,40172,27,,,2,77,,40191,27,,,2,22,,40180,27,,,2,98,,40173,27,,,1,103,,40171,27,,,1,100,,40189,27,,,2,97,,40183,27,,,1,109,,40165,27,,,1
3501,'Semaine-4-_26ÉTÉ-1111100-',558,,40217,27,,,1,80,,40192,28,,,2,62,,40199,28,,,2,22,,40208,39,,,2,15,,40214,28,,,1,22,,40219,39,,,1,54,,40195,28,,,1,28,,40215,28,,,1,62,,40220,28,,,1,29,,40201,27,,,1,71,,40203,27,,,1,30,,40194,27,,,1,70,,40200,27,,,2,30,,40210,27,,,1,70,,40193,27,,,1,30,,40207,27,,,2,70,,40209,27,,,1,30,,40212,27,,,2,70,,40197,27,,,2,32,,40221,27,,,2,67,,40211,27,,,1,37,,40196,27,,,2,70,,40223,27,,,1,27,,40218,27,,,2,71,,40202,27,,,1,28,,40205,27,,,2,77,,40224,27,,,2,22,,40213,27,,,2,98,,40206,27,,,1,103,,40204,27,,,1,100,,40222,27,,,2,97,,40216,27,,,1,109,,40198,27,,,1
3601,'Semaine-3-_26ÉTÉ-1111100-',913,,40255,43,,,1,90,,40253,44,,,1,100,,40256,44,,,1,101,,40254,44,,,1,100,,40259,44,,,1,100,,40258,44,,,1,101,,40257,44,,,1
3601,'Semaine-4-_26ÉTÉ-1111100-',913,,40262,43,,,1,90,,40260,44,,,1,100,,40263,44,,,1,101,,40261,44,,,1,100,,40266,44,,,1,100,,40265,44,,,1,101,,40264,44,,,1
3701,'Samedi-10-_26ÉTÉ-0000010-',710,,40373,36,,,1,100,,40378,36,,,1,100,,40372,36,,,1,102,,40377,36,,,1,101,,40374,36,,,1,99,,40375,36,,,1,100,,40379,36,,,1,103,,40376,36,,,1,100,,40380,36,,,1,100,,40381,36,,,1,100,,40382,36,,,1,96,,40383,36,,,1,100,,40384,36,,,1,102,,40385,36,,,1,98,,40386,36,,,1,96,,40387,36,,,1,98,,40388,36,,,1
3701,'Semaine-3-_26ÉTÉ-1111100-',537,,40427,35,,,1,71,,40425,35,,,1,35,,40429,35,,,1,70,,40419,35,,,1,32,,40436,35,,,1,60,,40416,35,,,1,10,,40437,35,,,1,30,,40418,35,,,1,99,,40435,35,,,1,100,,40423,36,,,1,100,,40417,36,,,1,101,,40415,36,,,1,99,,40420,36,,,1,102,,40431,36,,,1,100,,40414,36,,,1,71,,40430,36,,,1,30,,40433,36,,,1,70,,40428,36,,,1,30,,40434,36,,,1,68,,40438,36,,,1,85,,40422,36,,,1,59,,40432,36,,,1,141,,40424,36,,,1,59,,40421,36,,,1,97,,40426,36,,,1
3701,'Semaine-4-_26ÉTÉ-1111100-',537,,40452,35,,,1,71,,40450,35,,,1,35,,40454,35,,,1,70,,40444,35,,,1,32,,40461,35,,,1,60,,40441,35,,,1,10,,40462,35,,,1,30,,40443,35,,,1,99,,40460,35,,,1,100,,40448,36,,,1,100,,40442,36,,,1,101,,40440,36,,,1,99,,40445,36,,,1,102,,40456,36,,,1,100,,40439,36,,,1,71,,40455,36,,,1,30,,40458,36,,,1,70,,40453,36,,,1,30,,40459,36,,,1,68,,40463,36,,,1,85,,40447,36,,,1,59,,40457,36,,,1,141,,40449,36,,,1,59,,40446,36,,,1,97,,40451,36,,,1
3801,'Samedi-10-_26ÉTÉ-0000010-',725,,40627,23,,,1,30,,40623,23,,,1,70,,40635,23,,,1,31,,40628,23,,,1,69,,40624,23,,,1,32,,40636,23,,,1,68,,40629,23,,,1,33,,40633,23,,,1,66,,40625,23,,,1,34,,40630,23,,,1,70,,40634,23,,,1,30,,40626,23,,,1,70,,40631,23,,,1,72,,40632,23,,,1,28,,40637,23,,,1,72,,40638,23,,,1,28,,40639,23,,,1,72,,40640,23,,,1,28,,40641,23,,,1,31,,40642,23,,,1,69,,40643,23,,,1,30,,40644,23,,,1,66,,40645,23,,,1,32,,40647,23,,,1,69,,40646,23,,,1,31,,40649,23,,,1,69,,40648,23,,,1,31,,40650,23,,,1,69,,40651,23,,,1,30,,40655,23,,,1,70,,40652,23,,,1,30,,40653,23,,,1,71,,40654,23,,,1
3801,'Semaine-3-_26ÉTÉ-1111100-',630,,40726,24,,,1,71,,40698,24,,,1,33,,40725,24,,,1,13,,40736,24,,,1,61,,40732,24,,,1,27,,40714,24,,,1,67,,40734,24,,,1,31,,40721,23,,,1,19,,40704,23,,,1,60,,40730,23,,,1,20,,40715,23,,,1,20,,40707,23,,,1,61,,40722,23,,,1,20,,40705,23,,,1,20,,40729,23,,,1,60,,40735,23,,,1,22,,40708,23,,,1,21,,40737,23,,,1,59,,40723,23,,,1,20,,40728,23,,,1,18,,40716,23,,,1,60,,40709,23,,,1,20,,40724,23,,,1,21,,40738,23,,,1,62,,40711,23,,,1,22,,40717,23,,,1,70,,40731,23,,,1,28,,40706,23,,,1,72,,40713,23,,,1,29,,40703,23,,,1,68,,40739,23,,,1,20,,40700,23,,,1,19,,40733,23,,,1,69,,40702,23,,,1,30,,40712,23,,,1,70,,40720,23,,,1,30,,40727,23,,,1,70,,40710,23,,,1,30,,40718,23,,,1,69,,40719,23,,,1,29,,40699,23,,,1,85,,40701,23,,,1
3801,'Semaine-4-_26ÉTÉ-1111100-',630,,40768,24,,,1,71,,40740,24,,,1,33,,40767,24,,,1,13,,40778,24,,,1,61,,40774,24,,,1,27,,40756,24,,,1,67,,40776,24,,,1,31,,40763,23,,,1,19,,40746,23,,,1,60,,40772,23,,,1,20,,40757,23,,,1,20,,40749,23,,,1,61,,40764,23,,,1,20,,40747,23,,,1,20,,40771,23,,,1,60,,40777,23,,,1,22,,40750,23,,,1,21,,40779,23,,,1,59,,40765,23,,,1,20,,40770,23,,,1,18,,40758,23,,,1,60,,40751,23,,,1,20,,40766,23,,,1,21,,40780,23,,,1,62,,40753,23,,,1,22,,40759,23,,,1,70,,40773,23,,,1,28,,40748,23,,,1,72,,40755,23,,,1,29,,40745,23,,,1,68,,40781,23,,,1,20,,40742,23,,,1,19,,40775,23,,,1,69,,40744,23,,,1,30,,40754,23,,,1,70,,40762,23,,,1,30,,40769,23,,,1,70,,40752,23,,,1,30,,40760,23,,,1,69,,40761,23,,,1,29,,40741,23,,,1,85,,40743,23,,,1
4001,'Semaine-3-_26ÉTÉ-1111100-',636,,41070,53,,,2,72,,41069,53,,,2,33,,41072,53,,,2,74,,41068,53,,,1,25,,41067,53,,,2,67,,41071,53,,,2
4001,'Semaine-4-_26ÉTÉ-1111100-',636,,41076,53,,,2,72,,41075,53,,,2,33,,41078,53,,,2,74,,41074,53,,,1,25,,41073,53,,,2,67,,41077,53,,,2
4101,'Semaine-3-_26ÉTÉ-1111100-',702,,41101,44,,,2,31,,41102,44,,,2,72,,41103,44,,,2,30,,41100,44,,,1,67,,41099,44,,,2
4101,'Semaine-4-_26ÉTÉ-1111100-',702,,41106,44,,,2,31,,41107,44,,,2,72,,41108,44,,,2,30,,41105,44,,,1,67,,41104,44,,,2
4501,'Semaine-3-_26ÉTÉ-1111100-',650,,41145,47,,,2,78,,41149,47,,,1,27,,41148,47,,,2,70,,41147,47,,,1,25,,41150,47,,,1,70,,41146,47,,,2
4501,'Semaine-4-_26ÉTÉ-1111100-',650,,41151,47,,,2,78,,41155,47,,,1,27,,41154,47,,,2,70,,41153,47,,,1,25,,41156,47,,,1,70,,41152,47,,,2
4701,'Semaine-3-_26ÉTÉ-1111100-',638,,41172,40,,,2,88,,41173,40,,,2,88,,41170,40,,,2,26,,41171,40,,,2
4701,'Semaine-4-_26ÉTÉ-1111100-',638,,41176,40,,,2,88,,41177,40,,,2,88,,41174,40,,,2,26,,41175,40,,,2
5501,'Samedi-10-_26ÉTÉ-0000010-',722,,41782,53,,,1,30,,41785,53,,,1,70,,41784,53,,,1,30,,41794,53,,,1,70,,41783,53,,,1,31,,41786,53,,,1,70,,41787,53,,,1,30,,41793,53,,,1,73,,41789,53,,,1,30,,41790,53,,,1,71,,41788,53,,,1,28,,41796,53,,,1,70,,41795,53,,,1,30,,41791,53,,,1,70,,41792,53,,,1,30,,41797,53,,,1,70,,41798,53,,,1,30,,41799,53,,,1,70,,41800,53,,,1,30,,41801,53,,,1,70,,41802,53,,,1,30,,41803,53,,,1,70,,41804,53,,,1,27,,41805,53,,,1,70,,41806,53,,,1,30,,41807,53,,,1,70,,41808,53,,,1,28,,41809,53,,,1,70,,41810,53,,,1,30,,41812,53,,,1,68,,41811,53,,,1,32,,41814,53,,,1,68,,41813,53,,,1
5501,'Semaine-3-_26ÉTÉ-1111100-',538,,41874,53,,,1,16,,41881,53,,,1,53,,41880,51,,,1,18,,41864,51,,,1,16,,41902,51,,,1,63,,41901,51,,,1,7,,41861,51,,,1,15,,41906,51,,,1,15,,41887,51,,,1,15,,41895,51,,,1,54,,41865,51,,,1,10,,41869,51,,,1,12,,41867,51,,,1,9,,41896,51,,,1,4,,41898,51,,,1,13,,41875,51,,,1,67,,41879,51,,,1,12,,41866,51,,,1,11,,41900,51,,,1,71,,41893,53,,,1,23,,41905,20,,,1,8,,41897,53,,,1,67,,41863,53,,,1,30,,41870,53,,,1,70,,41883,53,,,1,30,,41894,53,,,1,70,,41890,53,,,1,30,,41871,53,,,1,70,,41903,53,,,1,30,,41862,53,,,1,73,,41868,53,,,1,92,,41872,53,,,1,97,,41877,53,,,1,100,,41882,53,,,1,98,,41899,53,,,1,20,,41888,53,,,1,30,,41876,53,,,1,70,,41892,53,,,1,30,,41885,53,,,1,70,,41904,53,,,1,30,,41878,53,,,1,70,,41884,53,,,1,29,,41886,53,,,1,70,,41873,53,,,1,28,,41891,53,,,1,70,,41889,53,,,1
5501,'Semaine-4-_26ÉTÉ-1111100-',538,,41920,53,,,1,16,,41927,53,,,1,53,,41926,51,,,1,18,,41910,51,,,1,16,,41948,51,,,1,63,,41947,51,,,1,7,,41907,51,,,1,15,,41952,51,,,1,15,,41933,51,,,1,15,,41941,51,,,1,54,,41911,51,,,1,10,,41915,51,,,1,12,,41913,51,,,1,9,,41942,51,,,1,4,,41944,51,,,1,13,,41921,51,,,1,67,,41925,51,,,1,12,,41912,51,,,1,11,,41946,51,,,1,71,,41939,53,,,1,23,,41951,20,,,1,8,,41943,53,,,1,67,,41909,53,,,1,30,,41916,53,,,1,70,,41929,53,,,1,30,,41940,53,,,1,70,,41936,53,,,1,30,,41917,53,,,1,70,,41949,53,,,1,30,,41908,53,,,1,73,,41914,53,,,1,92,,41918,53,,,1,97,,41923,53,,,1,100,,41928,53,,,1,98,,41945,53,,,1,20,,41934,53,,,1,30,,41922,53,,,1,70,,41938,53,,,1,30,,41931,53,,,1,70,,41950,53,,,1,30,,41924,53,,,1,70,,41930,53,,,1,29,,41932,53,,,1,70,,41919,53,,,1,28,,41937,53,,,1,70,,41935,53,,,1
5901,'Samedi-10-_26ÉTÉ-0000010-',733,,42221,42,,,1,70,,42228,42,,,1,32,,42225,42,,,1,70,,42230,42,,,1,30,,42222,42,,,1,70,,42227,42,,,1,31,,42226,42,,,1,70,,42229,42,,,1,30,,42233,42,,,1,71,,42234,42,,,1,30,,42223,42,,,1,70,,42224,42,,,1,30,,42232,42,,,1,70,,42231,42,,,1,30,,42235,42,,,1,70,,42236,42,,,1,30,,42237,42,,,1,70,,42238,42,,,1,30,,42239,42,,,1,70,,42240,42,,,1,30,,42241,42,,,1,70,,42242,42,,,1,30,,42243,42,,,1,67,,42244,42,,,1,30,,42245,42,,,1,71,,42247,42,,,1,30,,42246,42,,,1,68,,42248,42,,,1,30,,42249,42,,,1,70,,42250,42,,,1,30,,42252,42,,,1,68,,42251,42,,,1
5901,'Semaine-3-_26ÉTÉ-1111100-',532,,42304,42,,,1,14,,42340,42,,,1,55,,42313,42,,,1,15,,42334,40,,,1,17,,42314,40,,,1,15,,42303,40,,,1,8,,42305,40,,,1,63,,42308,40,,,1,5,,42343,18,,,1,11,,42344,18,,,1,9,,42311,40,,,1,4,,42345,18,,,1,54,,42312,40,,,1,11,,42307,40,,,1,12,,42336,40,,,1,10,,42322,40,,,1,6,,42327,40,,,1,13,,42301,40,,,1,52,,42317,40,,,1,13,,42302,40,,,1,12,,42320,40,,,1,72,,42346,40,,,1,29,,42341,42,,,1,70,,42328,42,,,1,30,,42310,42,,,1,70,,42321,42,,,1,30,,42324,42,,,1,70,,42309,42,,,1,30,,42338,42,,,1,70,,42300,42,,,1,30,,42342,42,,,1,70,,42332,42,,,1,40,,42335,42,,,1,99,,42339,42,,,1,100,,42319,42,,,1,97,,42326,42,,,1,74,,42331,42,,,1,30,,42318,42,,,1,70,,42325,42,,,1,30,,42330,42,,,1,69,,42337,42,,,1,30,,42315,42,,,1,70,,42333,42,,,1,29,,42323,42,,,1,70,,42306,42,,,1,30,,42316,42,,,1,70,,42329,42,,,1
5901,'Semaine-4-_26ÉTÉ-1111100-',532,,42351,42,,,1,14,,42387,42,,,1,55,,42360,42,,,1,15,,42381,40,,,1,17,,42361,40,,,1,15,,42350,40,,,1,8,,42352,40,,,1,63,,42355,40,,,1,5,,42390,18,,,1,11,,42391,18,,,1,9,,42358,40,,,1,4,,42392,18,,,1,54,,42359,40,,,1,11,,42354,40,,,1,12,,42383,40,,,1,10,,42369,40,,,1,6,,42374,40,,,1,13,,42348,40,,,1,52,,42364,40,,,1,13,,42349,40,,,1,12,,42367,40,,,1,72,,42393,40,,,1,29,,42388,42,,,1,70,,42375,42,,,1,30,,42357,42,,,1,70,,42368,42,,,1,30,,42371,42,,,1,70,,42356,42,,,1,30,,42385,42,,,1,70,,42347,42,,,1,30,,42389,42,,,1,70,,42379,42,,,1,40,,42382,42,,,1,99,,42386,42,,,1,100,,42366,42,,,1,97,,42373,42,,,1,74,,42378,42,,,1,30,,42365,42,,,1,70,,42372,42,,,1,30,,42377,42,,,1,69,,42384,42,,,1,30,,42362,42,,,1,70,,42380,42,,,1,29,,42370,42,,,1,70,,42353,42,,,1,30,,42363,42,,,1,70,,42376,42,,,1
37101,'Samedi-10-_26ÉTÉ-0000010-',742,,45951,37,,,1,99,,45950,37,,,1,104,,45954,37,,,1,100,,45953,37,,,1,99,,45955,37,,,1,102,,45952,37,,,1,101,,45956,37,,,1,100,,45957,37,,,1,98,,45958,37,,,1,100,,45959,37,,,1,98,,45960,37,,,1,100,,45961,37,,,1,100,,45962,37,,,1,98,,45963,37,,,1,100,,45964,37,,,1,97,,45965,37,,,1,100,,45966,37,,,1
37101,'Semaine-3-_26ÉTÉ-1111100-',550,,46008,37,,,1,71,,46011,36,,,1,31,,46004,36,,,1,72,,46006,36,,,1,32,,46016,36,,,1,70,,46015,36,,,1,28,,46010,36,,,1,70,,45994,36,,,1,99,,46001,37,,,1,100,,45999,37,,,1,100,,46000,37,,,1,102,,46014,37,,,1,100,,45997,37,,,1,103,,45998,37,,,1,31,,45995,37,,,1,68,,46002,37,,,1,30,,46012,37,,,1,69,,46013,37,,,1,30,,45992,37,,,1,80,,45996,37,,,1,93,,46007,37,,,1,100,,46009,37,,,1,100,,45993,37,,,1,99,,46003,37,,,1,183,,46005,37,,,1
37101,'Semaine-4-_26ÉTÉ-1111100-',550,,46033,37,,,1,71,,46036,36,,,1,31,,46029,36,,,1,72,,46031,36,,,1,32,,46041,36,,,1,70,,46040,36,,,1,28,,46035,36,,,1,70,,46019,36,,,1,99,,46026,37,,,1,100,,46024,37,,,1,100,,46025,37,,,1,102,,46039,37,,,1,100,,46022,37,,,1,103,,46023,37,,,1,31,,46020,37,,,1,68,,46027,37,,,1,30,,46037,37,,,1,69,,46038,37,,,1,30,,46017,37,,,1,80,,46021,37,,,1,93,,46032,37,,,1,100,,46034,37,,,1,100,,46018,37,,,1,99,,46028,37,,,1,183,,46030,37,,,1
40001,'Samedi-10-_26ÉTÉ-0000010-',645,,46394,15,,,1,55,,46397,15,,,1,15,,46399,15,,,1,15,,46395,15,,,1,15,,46396,15,,,1,55,,46398,15,,,1,16,,46404,15,,,1,15,,46411,15,,,1,15,,46402,15,,,1,54,,46422,15,,,1,15,,46400,15,,,1,15,,46401,15,,,1,15,,46410,15,,,1,56,,46403,15,,,1,15,,46405,15,,,1,15,,46413,15,,,1,15,,46414,15,,,1,55,,46415,15,,,1,15,,46421,15,,,1,16,,46420,15,,,1,15,,46424,15,,,1,55,,46407,15,,,1,14,,46406,15,,,1,15,,46409,15,,,1,15,,46412,15,,,1,55,,46408,15,,,1,15,,46417,15,,,1,15,,46419,15,,,1,16,,46425,15,,,1,55,,46416,15,,,1,15,,46418,15,,,1,15,,46423,15,,,1,15,,46426,15,,,1,55,,46427,15,,,1,15,,46428,15,,,1,15,,46429,15,,,1,15,,46430,15,,,1,55,,46431,15,,,1,15,,46432,15,,,1,15,,46433,15,,,1,15,,46434,15,,,1,55,,46435,15,,,1,15,,46436,15,,,1,15,,46437,15,,,1,15,,46438,15,,,1,55,,46439,15,,,1,15,,46440,15,,,1,16,,46443,15,,,1,17,,46441,15,,,1,54,,46442,15,,,1,12,,46445,15,,,1,16,,46444,15,,,1,14,,46449,15,,,1,56,,46447,15,,,1,15,,46448,15,,,1,15,,46446,15,,,1,15,,46450,15,,,1,55,,46452,15,,,1,15,,46453,15,,,1,15,,46454,15,,,1,15,,46451,15,,,1,56,,46457,15,,,1,13,,46456,15,,,1,15,,46455,15,,,1,15,,46458,15,,,1,55,,46459,15,,,1,15,,46460,15,,,1,15,,46461,15,,,1,15,,46463,15,,,1,54,,46462,15,,,1,16,,46465,15,,,1,15,,46464,15,,,1,15,,46466,15,,,1
40001,'Semaine-3-_26ÉTÉ-1111100-',516,,46628,15,,,1,12,,46629,15,,,1,8,,46630,15,,,1,12,,46631,15,,,1,10,,46632,15,,,1,51,,46633,15,,,1,4,,46634,15,,,1,5,,46635,15,,,1,5,,46636,15,,,1,5,,46642,15,,,1,231,,46637,15,,,1,49,,46638,13,,,1,6,,46639,15,,,1,10,,46640,15,,,1,11,,46641,15,,,1,10,,46587,15,,,1,10,,46573,15,,,1,50,,46597,15,,,1,11,,46598,15,,,1,9,,46643,15,,,1,10,,46563,15,,,1,10,,46644,15,,,1,10,,46561,15,,,1,50,,46594,15,,,1,10,,46614,15,,,1,9,,46582,15,,,1,11,,46589,15,,,1,10,,46586,15,,,1,10,,46565,15,,,1,50,,46625,15,,,1,10,,46599,15,,,1,10,,46611,15,,,1,10,,46564,15,,,1,10,,46574,15,,,1,10,,46567,15,,,1,50,,46583,15,,,1,10,,46615,15,,,1,10,,46596,15,,,1,10,,46590,15,,,1,10,,46585,15,,,1,10,,46579,15,,,1,50,,46621,15,,,1,10,,46600,15,,,1,10,,46612,15,,,1,10,,46627,15,,,1,10,,46576,15,,,1,14,,46559,15,,,1,50,,46617,15,,,1,7,,46616,15,,,1,10,,46601,15,,,1,10,,46591,15,,,1,12,,46569,15,,,1,11,,46619,15,,,1,53,,46626,15,,,1,11,,46613,15,,,1,11,,46647,15,,,1,15,,46593,15,,,1,55,,46622,15,,,1,10,,46645,15,,,1,11,,46606,15,,,1,13,,46584,15,,,1,11,,46570,15,,,1,52,,46575,15,,,1,12,,46646,15,,,1,12,,46577,15,,,1,12,,46602,15,,,1,10,,46592,15,,,1,12,,46623,15,,,1,51,,46609,15,,,1,12,,46588,15,,,1,11,,46571,15,,,1,14,,46610,15,,,1,12,,46649,15,,,1,51,,46648,15,,,1,12,,46578,15,,,1,12,,46603,15,,,1,12,,46581,15,,,1,12,,46624,15,,,1,52,,46607,15,,,1,13,,46566,15,,,1,13,,46650,15,,,1,17,,46572,15,,,1,55,,46568,15,,,1,15,,46618,15,,,1,12,,46604,15,,,1,14,,46580,15,,,1,56,,46608,15,,,1,15,,46620,15,,,1,15,,46562,15,,,1,15,,46560,15,,,1,55,,46595,15,,,1,29,,46605,15,,,1
40001,'Semaine-4-_26ÉTÉ-1111100-',516,,46720,15,,,1,12,,46721,15,,,1,8,,46722,15,,,1,12,,46723,15,,,1,10,,46724,15,,,1,51,,46725,15,,,1,4,,46726,15,,,1,5,,46727,15,,,1,5,,46728,15,,,1,5,,46734,15,,,1,231,,46729,15,,,1,49,,46730,13,,,1,6,,46731,15,,,1,10,,46732,15,,,1,11,,46733,15,,,1,10,,46679,15,,,1,10,,46665,15,,,1,50,,46689,15,,,1,11,,46690,15,,,1,9,,46735,15,,,1,10,,46655,15,,,1,10,,46736,15,,,1,10,,46653,15,,,1,50,,46686,15,,,1,10,,46706,15,,,1,9,,46674,15,,,1,11,,46681,15,,,1,10,,46678,15,,,1,10,,46657,15,,,1,50,,46717,15,,,1,10,,46691,15,,,1,10,,46703,15,,,1,10,,46656,15,,,1,10,,46666,15,,,1,10,,46659,15,,,1,50,,46675,15,,,1,10,,46707,15,,,1,10,,46688,15,,,1,10,,46682,15,,,1,10,,46677,15,,,1,10,,46671,15,,,1,50,,46713,15,,,1,10,,46692,15,,,1,10,,46704,15,,,1,10,,46719,15,,,1,10,,46668,15,,,1,14,,46651,15,,,1,50,,46709,15,,,1,7,,46708,15,,,1,10,,46693,15,,,1,10,,46683,15,,,1,12,,46661,15,,,1,11,,46711,15,,,1,53,,46718,15,,,1,11,,46705,15,,,1,11,,46739,15,,,1,15,,46685,15,,,1,55,,46714,15,,,1,10,,46737,15,,,1,11,,46698,15,,,1,13,,46676,15,,,1,11,,46662,15,,,1,52,,46667,15,,,1,12,,46738,15,,,1,12,,46669,15,,,1,12,,46694,15,,,1,10,,46684,15,,,1,12,,46715,15,,,1,51,,46701,15,,,1,12,,46680,15,,,1,11,,46663,15,,,1,14,,46702,15,,,1,12,,46741,15,,,1,51,,46740,15,,,1,12,,46670,15,,,1,12,,46695,15,,,1,12,,46673,15,,,1,12,,46716,15,,,1,52,,46699,15,,,1,13,,46658,15,,,1,13,,46742,15,,,1,17,,46664,15,,,1,55,,46660,15,,,1,15,,46710,15,,,1,12,,46696,15,,,1,14,,46672,15,,,1,56,,46700,15,,,1,15,,46712,15,,,1,15,,46654,15,,,1,15,,46652,15,,,1,55,,46687,15,,,1,29,,46697,15,,,1
85901,'Samedi-10-_26ÉTÉ-0000010-',1154,,47066,6,,,1
