4500,'Semaine-4',1533,,31644,43,,,1,76,,31639,43,,,1,30,,31640,43,,,1,70,,31642,43,,,2,29,,31643,43,,,1,65,,31641,43,,,1
4500,'Semaine-5',1533,,36052,43,,,1,76,,36047,43,,,1,30,,36048,43,,,1,70,,36050,43,,,2,29,,36051,43,,,1,65,,36049,43,,,1
5200,'Samedi-3',645,,31809,29,,,1,100,,31810,29,,,2,101,,31811,29,,,1,100,,31812,29,,,2,100,,31813,29,,,1,102,,31814,29,,,1,100,,31815,29,,,2,100,,31816,29,,,1,99,,31817,29,,,1,100,,31818,29,,,1,100,,31819,29,,,1,100,,31820,29,,,1,99,,31821,29,,,1,100,,31824,29,,,1,100,,31822,29,,,1,99,,31823,29,,,2,98,,31825,29,,,2,100,,31826,29,,,1
5200,'Samedi-4',645,,36183,29,,,1,100,,36184,29,,,2,101,,36185,29,,,1,100,,36186,29,,,2,100,,36187,29,,,1,102,,36188,29,,,1,100,,36189,29,,,2,100,,36190,29,,,1,99,,36191,29,,,1,100,,36192,29,,,1,100,,36193,29,,,1,100,,36194,29,,,1,99,,36195,29,,,1,100,,36198,29,,,1,100,,36196,29,,,1,99,,36197,29,,,2,98,,36199,29,,,2,100,,36200,29,,,1
5200,'Dimanche-3',645,,31828,29,,,1,100,,31827,29,,,2,101,,31829,29,,,1,100,,31830,29,,,2,100,,31832,29,,,1,102,,31837,29,,,1,100,,31831,29,,,2,100,,31834,29,,,1,99,,31835,29,,,1,100,,31833,29,,,1,100,,31836,29,,,1,100,,31843,29,,,1,99,,31842,29,,,1,100,,31838,29,,,1,100,,31844,29,,,1,99,,31841,29,,,2,98,,31840,29,,,2,100,,31839,29,,,1
5200,'Semaine-4',616,,31848,29,,,1,99,,31850,29,,,1,109,,31845,29,,,1,95,,31861,29,,,2,98,,31859,29,,,1,101,,31846,29,,,2,100,,31853,29,,,1,100,,31852,29,,,1,100,,31849,29,,,1,101,,31847,29,,,1,108,,31851,29,,,1,100,,31862,29,,,1,106,,31860,29,,,1,99,,31854,29,,,1,84,,31858,29,,,1,100,,31857,29,,,2,100,,31855,29,,,1,100,,31856,29,,,1
5200,'Semaine-5',616,,36204,29,,,1,99,,36206,29,,,1,109,,36201,29,,,1,95,,36217,29,,,2,98,,36215,29,,,1,101,,36202,29,,,2,100,,36209,29,,,1,100,,36208,29,,,1,100,,36205,29,,,1,101,,36203,29,,,1,108,,36207,29,,,1,100,,36218,29,,,1,106,,36216,29,,,1,99,,36210,29,,,1,84,,36214,29,,,1,100,,36213,29,,,2,100,,36211,29,,,1,100,,36212,29,,,1
5601,'Semaine-4',1246,,32168,40,,,1,101,,32165,40,,,1,101,,32164,40,,,1,103,,32167,40,,,1,105,,32166,40,,,2,97,,32169,40,,,1,95,,32170,40,,,1
5601,'Semaine-5',1246,,36437,40,,,1,101,,36434,40,,,1,101,,36433,40,,,1,103,,36436,40,,,1,105,,36435,40,,,2,97,,36438,40,,,1,95,,36439,40,,,1
64500,'Semaine-4',719,,34842,20,0,9 10,1
64500,'Semaine-5',719,,38493,20,0,9 10,1
