7101,'Samedi-3',737,,33314,5,,,2,100,,33313,5,,,2,100,,33318,5,,,1,100,,33316,5,,,1,100,,33317,5,,,1,100,,33312,5,,,1,102,,33315,5,,,1,99,,33319,5,,,2,99,,33320,5,,,2,100,,33321,5,,,2,100,,33322,5,,,2,100,,33323,5,,,2,100,,33324,5,,,1,100,,33325,5,,,1,100,,33326,5,,,2,100,,33327,5,,,1
7101,'Samedi-4',737,,37308,5,,,2,100,,37307,5,,,2,100,,37312,5,,,1,100,,37310,5,,,1,100,,37311,5,,,1,100,,37306,5,,,1,102,,37309,5,,,1,99,,37313,5,,,2,99,,37314,5,,,2,100,,37315,5,,,2,100,,37316,5,,,2,100,,37317,5,,,2,100,,37318,5,,,1,100,,37319,5,,,1,100,,37320,5,,,2,100,,37321,5,,,1
7101,'Dimanche-3',737,,33333,5,,,2,100,,33332,5,,,2,100,,33334,5,,,1,100,,33335,5,,,1,100,,33330,5,,,1,100,,33329,5,,,1,102,,33331,5,,,1,99,,33328,5,,,2,99,,33338,5,,,2,100,,33339,5,,,2,100,,33340,5,,,2,100,,33341,5,,,2,100,,33336,5,,,1,100,,33337,5,,,1,100,,33343,5,,,2,100,,33342,5,,,1
7101,'Semaine-4',539,,33361,5,,,1,62,,33378,5,,,1,14,,33379,5,,,2,21,,33362,5,,,1,20,,33363,5,,,2,55,,33373,5,,,2,20,,33355,5,,,2,17,,33358,5,,,1,59,,33381,5,,,1,27,,33344,5,,,2,70,,33371,5,,,1,30,,33370,5,,,1,70,,33349,5,,,2,30,,33383,5,,,1,70,,33369,5,,,1,30,,33372,5,,,2,70,,33382,5,,,1,30,,33345,5,,,2,70,,33347,5,,,1,30,,33359,5,,,1,71,,33348,5,,,1,30,,33380,5,,,1,70,,33375,5,,,1,13,,33364,5,,,1,16,,33367,5,,,1,16,,33365,5,,,1,55,,33350,5,,,2,20,,33356,5,,,1,10,,33377,5,,,1,15,,33346,5,,,1,55,,33376,5,,,1,20,,33351,5,,,1,20,,33354,5,,,1,70,,33352,5,,,1,30,,33353,5,,,1,100,,33368,5,,,1,100,,33366,5,,,1,100,,33360,5,,,1,100,,33374,5,,,1,100,,33357,5,,,1
7101,'Samedi-10-_26ÉTÉ-0000010-',737,,44048,5,,,2,100,,44047,5,,,2,100,,44052,5,,,1,100,,44050,5,,,1,100,,44051,5,,,1,100,,44046,5,,,1,102,,44049,5,,,1,99,,44053,5,,,2,99,,44054,5,,,2,100,,44055,5,,,2,100,,44056,5,,,2,100,,44057,5,,,2,100,,44058,5,,,1,100,,44059,5,,,1,100,,44060,5,,,2,100,,44061,5,,,1
7101,'Semaine-2-_26ÉTÉ-1111100-',539,,44079,5,,,2,62,,44096,5,,,2,15,,44097,5,,,2,20,,44080,5,,,1,20,,44081,5,,,1,55,,44091,5,,,1,20,,44073,5,,,1,15,,44076,5,,,2,58,,44099,5,,,2,30,,44062,5,,,1,70,,44089,5,,,1,30,,44088,5,,,1,70,,44067,5,,,1,30,,44101,5,,,2,70,,44087,5,,,1,30,,44090,5,,,1,70,,44100,5,,,2,30,,44063,5,,,1,70,,44065,5,,,2,30,,44077,5,,,2,71,,44066,5,,,1,30,,44098,5,,,2,70,,44093,5,,,2,15,,44082,5,,,2,15,,44085,5,,,1,15,,44083,5,,,1,56,,44068,5,,,1,19,,44074,5,,,1,11,,44095,5,,,1,15,,44064,5,,,2,54,,44094,5,,,1,20,,44069,5,,,2,20,,44072,5,,,2,70,,44070,5,,,1,30,,44071,5,,,2,100,,44086,5,,,1,100,,44084,5,,,1,100,,44078,5,,,1,101,,44092,5,,,2,99,,44075,5,,,1
7101,'Semaine-3-_26ÉTÉ-1111100-',539,,44119,5,,,2,62,,44136,5,,,2,15,,44137,5,,,2,20,,44120,5,,,1,20,,44121,5,,,1,55,,44131,5,,,1,20,,44113,5,,,1,15,,44116,5,,,2,58,,44139,5,,,2,30,,44102,5,,,1,70,,44129,5,,,1,30,,44128,5,,,1,70,,44107,5,,,1,30,,44141,5,,,2,70,,44127,5,,,1,30,,44130,5,,,1,70,,44140,5,,,2,30,,44103,5,,,1,70,,44105,5,,,2,30,,44117,5,,,2,71,,44106,5,,,1,30,,44138,5,,,2,70,,44133,5,,,2,15,,44122,5,,,2,15,,44125,5,,,1,15,,44123,5,,,1,56,,44108,5,,,1,19,,44114,5,,,1,11,,44135,5,,,1,15,,44104,5,,,2,54,,44134,5,,,1,20,,44109,5,,,2,20,,44112,5,,,2,70,,44110,5,,,1,30,,44111,5,,,2,100,,44126,5,,,1,100,,44124,5,,,1,100,,44118,5,,,1,101,,44132,5,,,2,99,,44115,5,,,1
7101,'Semaine-4-_26ÉTÉ-1111100-',539,,44159,5,,,2,62,,44176,5,,,2,15,,44177,5,,,2,20,,44160,5,,,1,20,,44161,5,,,1,55,,44171,5,,,1,20,,44153,5,,,1,15,,44156,5,,,2,58,,44179,5,,,2,30,,44142,5,,,1,70,,44169,5,,,1,30,,44168,5,,,1,70,,44147,5,,,1,30,,44181,5,,,2,70,,44167,5,,,1,30,,44170,5,,,1,70,,44180,5,,,2,30,,44143,5,,,1,70,,44145,5,,,2,30,,44157,5,,,2,71,,44146,5,,,1,30,,44178,5,,,2,70,,44173,5,,,2,15,,44162,5,,,2,15,,44165,5,,,1,15,,44163,5,,,1,56,,44148,5,,,1,19,,44154,5,,,1,11,,44175,5,,,1,15,,44144,5,,,2,54,,44174,5,,,1,20,,44149,5,,,2,20,,44152,5,,,2,70,,44150,5,,,1,30,,44151,5,,,2,100,,44166,5,,,1,100,,44164,5,,,1,100,,44158,5,,,1,101,,44172,5,,,2,99,,44155,5,,,1
57101,'Semaine-4',637,,34830,5,0,5 6,2
57101,'Semaine-2-_26ÉTÉ-1111100-',637,,46773,5,0,5 6,1
57101,'Semaine-3-_26ÉTÉ-1111100-',637,,46774,5,0,5 6,1
57101,'Semaine-4-_26ÉTÉ-1111100-',637,,46775,5,0,5 6,1
