4500,'Semaine-4',1529,,31644,40,,,1,76,,31639,40,,,1,30,,31640,40,,,1,70,,31642,40,,,2,29,,31643,40,,,1,25,,31641,40,,,1
4500,'Semaine-5',1529,,36052,40,,,1,76,,36047,40,,,1,30,,36048,40,,,1,70,,36050,40,,,2,29,,36051,40,,,1,25,,36049,40,,,1
5200,'Samedi-3',643,,31809,26,,,1,100,,31810,26,,,2,100,,31811,26,,,1,101,,31812,26,,,2,100,,31813,26,,,1,101,,31814,26,,,1,100,,31815,26,,,2,100,,31816,26,,,1,99,,31817,26,,,1,101,,31818,26,,,1,100,,31819,26,,,1,100,,31820,26,,,1,99,,31821,26,,,1,100,,31824,26,,,1,100,,31822,26,,,1,99,,31823,26,,,2,98,,31825,26,,,2,100,,31826,26,,,1
5200,'Samedi-4',643,,36183,26,,,1,100,,36184,26,,,2,100,,36185,26,,,1,101,,36186,26,,,2,100,,36187,26,,,1,101,,36188,26,,,1,100,,36189,26,,,2,100,,36190,26,,,1,99,,36191,26,,,1,101,,36192,26,,,1,100,,36193,26,,,1,100,,36194,26,,,1,99,,36195,26,,,1,100,,36198,26,,,1,100,,36196,26,,,1,99,,36197,26,,,2,98,,36199,26,,,2,100,,36200,26,,,1
5200,'Dimanche-3',643,,31828,26,,,1,100,,31827,26,,,2,100,,31829,26,,,1,101,,31830,26,,,2,100,,31832,26,,,1,101,,31837,26,,,1,100,,31831,26,,,2,100,,31834,26,,,1,99,,31835,26,,,1,101,,31833,26,,,1,100,,31836,26,,,1,100,,31843,26,,,1,99,,31842,26,,,1,100,,31838,26,,,1,100,,31844,26,,,1,99,,31841,26,,,2,98,,31840,26,,,2,100,,31839,26,,,1
5200,'Semaine-4',614,,31848,26,,,1,98,,31850,26,,,1,108,,31845,26,,,1,96,,31861,26,,,2,98,,31859,26,,,1,101,,31846,26,,,2,100,,31853,26,,,1,100,,31852,26,,,1,100,,31849,26,,,1,100,,31847,26,,,1,108,,31851,26,,,1,100,,31862,26,,,1,108,,31860,26,,,1,99,,31854,26,,,1,84,,31858,26,,,1,100,,31857,26,,,2,100,,31855,26,,,1,100,,31856,26,,,1
5200,'Semaine-5',614,,36204,26,,,1,98,,36206,26,,,1,108,,36201,26,,,1,96,,36217,26,,,2,98,,36215,26,,,1,101,,36202,26,,,2,100,,36209,26,,,1,100,,36208,26,,,1,100,,36205,26,,,1,100,,36203,26,,,1,108,,36207,26,,,1,100,,36218,26,,,1,108,,36216,26,,,1,99,,36210,26,,,1,84,,36214,26,,,1,100,,36213,26,,,2,100,,36211,26,,,1,100,,36212,26,,,1
5601,'Semaine-4',1242,,32168,37,,,1,102,,32165,37,,,1,100,,32164,37,,,1,103,,32167,37,,,1,105,,32166,37,,,2,97,,32169,37,,,1,95,,32170,37,,,1
5601,'Semaine-5',1242,,36437,37,,,1,102,,36434,37,,,1,100,,36433,37,,,1,103,,36436,37,,,1,105,,36435,37,,,2,97,,36438,37,,,1,95,,36439,37,,,1
64500,'Semaine-4',715,,34842,17,0,9 10,1
64500,'Semaine-5',715,,38493,17,0,9 10,1
