6701,'Samedi-0-_26ÉTÉ-0000010-',638,,56480,19,,,1,101,,56486,19,,,1,99,,56482,19,,,1,101,,56481,19,,,1,71,,56484,19,,,1,28,,56489,19,,,1,72,,56490,19,,,2,30,,56483,19,,,1,70,,56485,19,,,1,30,,56488,19,,,1,70,,56491,19,,,1,30,,56492,19,,,1,70,,56487,19,,,1,30,,56493,19,,,1,71,,56494,19,,,1,30,,56495,19,,,2,70,,56496,19,,,2,29,,56497,19,,,1,71,,56498,19,,,1,29,,56499,19,,,1,70,,56500,19,,,2,29,,56501,19,,,1,70,,56502,19,,,2,100,,56503,19,,,1,100,,56504,19,,,1,100,,56506,19,,,1,100,,56505,19,,,1
6701,'Dimanche-0-_26ÉTÉ-0000001-',638,,56507,19,,,1,101,,56512,19,,,1,99,,56515,19,,,1,101,,56510,19,,,1,71,,56508,19,,,1,28,,56509,19,,,1,72,,56511,19,,,2,30,,56519,19,,,1,70,,56513,19,,,1,30,,56517,19,,,1,70,,56514,19,,,1,30,,56522,19,,,1,70,,56523,19,,,1,30,,56520,19,,,1,71,,56525,19,,,1,30,,56516,19,,,2,70,,56528,19,,,2,29,,56521,19,,,1,71,,56518,19,,,1,29,,56526,19,,,1,70,,56529,19,,,2,29,,56533,19,,,1,70,,56532,19,,,2,100,,56524,19,,,1,100,,56530,19,,,1,100,,56527,19,,,1,100,,56531,19,,,1
6701,'Dimanche-10-_26ÉTÉ-0000001-',638,,56534,19,,,1,101,,56539,19,,,1,99,,56542,19,,,1,101,,56537,19,,,1,71,,56535,19,,,1,28,,56536,19,,,1,72,,56538,19,,,2,30,,56546,19,,,1,70,,56540,19,,,1,30,,56544,19,,,1,70,,56541,19,,,1,30,,56549,19,,,1,70,,56550,19,,,1,30,,56547,19,,,1,71,,56552,19,,,1,30,,56543,19,,,2,70,,56555,19,,,2,29,,56548,19,,,1,71,,56545,19,,,1,29,,56553,19,,,1,70,,56556,19,,,2,29,,56560,19,,,1,70,,56559,19,,,2,100,,56551,19,,,1,100,,56557,19,,,1,100,,56554,19,,,1,100,,56558,19,,,1
6701,'Dimanche-11-_26ÉTÉ-0000001-',638,,56561,19,,,1,101,,56566,19,,,1,99,,56569,19,,,1,101,,56564,19,,,1,71,,56562,19,,,1,28,,56563,19,,,1,72,,56565,19,,,2,30,,56573,19,,,1,70,,56567,19,,,1,30,,56571,19,,,1,70,,56568,19,,,1,30,,56576,19,,,1,70,,56577,19,,,1,30,,56574,19,,,1,71,,56579,19,,,1,30,,56570,19,,,2,70,,56582,19,,,2,29,,56575,19,,,1,71,,56572,19,,,1,29,,56580,19,,,1,70,,56583,19,,,2,29,,56587,19,,,1,70,,56586,19,,,2,100,,56578,19,,,1,100,,56584,19,,,1,100,,56581,19,,,1,100,,56585,19,,,1
6701,'Semaine-1-_26ÉTÉ-1111100-',915,,56608,19,,,1,20,,56597,19,,,1,20,,56615,19,,,2,60,,56601,19,,,1,20,,56595,19,,,2,20,,56616,19,,,1,60,,56609,19,,,1,20,,56598,19,,,1,20,,56617,19,,,2,60,,56602,19,,,1,20,,56605,19,,,2,21,,56618,19,,,1,59,,56604,19,,,1,20,,56599,19,,,2,20,,56619,19,,,1,60,,56610,19,,,1,20,,56612,19,,,1,20,,56614,19,,,1,60,,56606,19,,,2,33,,56590,19,,,1,70,,56613,19,,,2,29,,56593,19,,,1,70,,56611,19,,,1,30,,56607,19,,,1,69,,56600,19,,,1,30,,56588,19,,,1,68,,56603,19,,,1,30,,56591,19,,,1,70,,56620,19,,,1,30,,56589,19,,,1,70,,56622,19,,,1,30,,56592,19,,,1,70,,56623,19,,,1,29,,56594,19,,,2,69,,56621,19,,,1,30,,56596,19,,,2
6701,'Semaine-10-_26ÉTÉ-1111100-',915,,56644,19,,,1,20,,56633,19,,,1,20,,56651,19,,,2,60,,56637,19,,,1,20,,56631,19,,,2,20,,56652,19,,,1,60,,56645,19,,,1,20,,56634,19,,,1,20,,56653,19,,,2,60,,56638,19,,,1,20,,56641,19,,,2,21,,56654,19,,,2,59,,56640,19,,,1,20,,56635,19,,,2,20,,56655,19,,,1,60,,56646,19,,,1,20,,56648,19,,,1,20,,56650,19,,,1,60,,56642,19,,,2,33,,56626,19,,,1,70,,56649,19,,,2,29,,56629,19,,,1,70,,56647,19,,,1,30,,56643,19,,,1,69,,56636,19,,,1,30,,56624,19,,,1,68,,56639,19,,,1,30,,56627,19,,,1,70,,56656,19,,,1,30,,56625,19,,,1,70,,56658,19,,,1,30,,56628,19,,,1,70,,56659,19,,,1,29,,56630,19,,,2,69,,56657,19,,,1,30,,56632,19,,,2
6701,'Semaine-11-_26ÉTÉ-1111100-',915,,56680,19,,,1,20,,56669,19,,,1,20,,56687,19,,,2,60,,56673,19,,,1,20,,56667,19,,,2,20,,56688,19,,,1,60,,56681,19,,,1,20,,56670,19,,,1,20,,56689,19,,,2,60,,56674,19,,,1,20,,56677,19,,,2,21,,56690,19,,,1,59,,56676,19,,,1,20,,56671,19,,,2,20,,56691,19,,,1,60,,56682,19,,,1,20,,56684,19,,,1,20,,56686,19,,,1,60,,56678,19,,,2,33,,56662,19,,,1,70,,56685,19,,,2,29,,56665,19,,,1,70,,56683,19,,,1,30,,56679,19,,,1,69,,56672,19,,,1,30,,56660,19,,,1,68,,56675,19,,,1,30,,56663,19,,,1,70,,56692,19,,,1,30,,56661,19,,,1,70,,56694,19,,,1,30,,56664,19,,,1,70,,56695,19,,,1,29,,56666,19,,,2,69,,56693,19,,,1,30,,56668,19,,,2
6701,'Semaine-12-_26ÉTÉ-1111100-',915,,56716,19,,,1,20,,56705,19,,,1,20,,56723,19,,,2,60,,56709,19,,,1,20,,56703,19,,,2,20,,56724,19,,,1,60,,56717,19,,,1,20,,56706,19,,,1,20,,56725,19,,,2,60,,56710,19,,,1,20,,56713,19,,,2,21,,56726,19,,,1,59,,56712,19,,,1,20,,56707,19,,,2,20,,56727,19,,,1,60,,56718,19,,,1,20,,56720,19,,,1,20,,56722,19,,,1,60,,56714,19,,,2,33,,56698,19,,,1,70,,56721,19,,,2,29,,56701,19,,,1,70,,56719,19,,,1,30,,56715,19,,,1,69,,56708,19,,,1,30,,56696,19,,,1,68,,56711,19,,,1,30,,56699,19,,,1,70,,56728,19,,,1,30,,56697,19,,,1,70,,56730,19,,,1,30,,56700,19,,,1,70,,56731,19,,,1,29,,56702,19,,,2,69,,56729,19,,,1,30,,56704,19,,,2
6701,'Semaine-5-_26ÉTÉ-1111100-',915,,56752,19,,,1,20,,56741,19,,,1,20,,56759,19,,,2,60,,56745,19,,,1,20,,56739,19,,,2,20,,56760,19,,,1,60,,56753,19,,,1,20,,56742,19,,,1,20,,56761,19,,,2,60,,56746,19,,,1,20,,56749,19,,,2,21,,56762,19,,,1,59,,56748,19,,,1,20,,56743,19,,,2,20,,56763,19,,,1,60,,56754,19,,,1,20,,56756,19,,,1,20,,56758,19,,,1,60,,56750,19,,,2,33,,56734,19,,,1,70,,56757,19,,,2,29,,56737,19,,,1,70,,56755,19,,,1,30,,56751,19,,,1,69,,56744,19,,,1,30,,56732,19,,,1,68,,56747,19,,,1,30,,56735,19,,,1,70,,56764,19,,,1,30,,56733,19,,,1,70,,56766,19,,,1,30,,56736,19,,,1,70,,56767,19,,,1,29,,56738,19,,,2,69,,56765,19,,,1,30,,56740,19,,,2
8501,'Semaine-1-_26ÉTÉ-1111100-',534,,59927,23,,,1,70,,59929,23,,,1,25,,59932,23,,,1,18,,59931,23,,,2,54,,59936,23,,,2,19,,59928,23,,,2,15,,59934,23,,,1,15,,59930,23,,,2,55,,59935,23,,,1,20,,59933,23,,,1
8501,'Semaine-10-_26ÉTÉ-1111100-',534,,59937,23,,,1,70,,59939,23,,,1,25,,59942,23,,,1,18,,59941,23,,,2,54,,59946,23,,,2,19,,59938,23,,,2,15,,59944,23,,,1,15,,59940,23,,,2,55,,59945,23,,,1,20,,59943,23,,,1
8501,'Semaine-11-_26ÉTÉ-1111100-',534,,59947,23,,,1,70,,59949,23,,,1,25,,59952,23,,,1,18,,59951,23,,,2,54,,59956,23,,,2,19,,59948,23,,,2,15,,59954,23,,,1,15,,59950,23,,,2,55,,59955,23,,,1,20,,59953,23,,,1
8501,'Semaine-12-_26ÉTÉ-1111100-',534,,59957,23,,,1,70,,59959,23,,,1,25,,59962,23,,,1,18,,59961,23,,,2,54,,59966,23,,,2,19,,59958,23,,,2,15,,59964,23,,,1,15,,59960,23,,,2,55,,59965,23,,,1,20,,59963,23,,,1
8501,'Semaine-5-_26ÉTÉ-1111100-',534,,59967,23,,,1,70,,59969,23,,,1,25,,59972,23,,,1,18,,59971,23,,,2,54,,59976,23,,,2,19,,59968,23,,,2,15,,59974,23,,,1,15,,59970,23,,,2,55,,59975,23,,,1,20,,59973,23,,,1
8701,'Semaine-1-_26ÉTÉ-1111100-',518,,60040,19,,,1,31,,60033,19,,,1,69,,60038,19,,,2,20,,60036,19,,,2,18,,60034,19,,,1,55,,60043,19,,,2,13,,60039,19,,,2,17,,60035,19,,,2,15,,60042,19,,,1,59,,60041,19,,,2,20,,60037,19,,,2,20,,60032,19,,,2
8701,'Semaine-10-_26ÉTÉ-1111100-',518,,60052,19,,,1,31,,60045,19,,,1,69,,60050,19,,,2,20,,60048,19,,,2,18,,60046,19,,,1,55,,60055,19,,,2,13,,60051,19,,,2,17,,60047,19,,,2,15,,60054,19,,,1,59,,60053,19,,,2,20,,60049,19,,,2,20,,60044,19,,,2
8701,'Semaine-11-_26ÉTÉ-1111100-',518,,60064,19,,,1,31,,60057,19,,,1,69,,60062,19,,,2,20,,60060,19,,,2,18,,60058,19,,,1,55,,60067,19,,,2,13,,60063,19,,,2,17,,60059,19,,,2,15,,60066,19,,,1,59,,60065,19,,,2,20,,60061,19,,,2,20,,60056,19,,,2
8701,'Semaine-12-_26ÉTÉ-1111100-',518,,60076,19,,,1,31,,60069,19,,,1,69,,60074,19,,,2,20,,60072,19,,,2,18,,60070,19,,,1,55,,60079,19,,,2,13,,60075,19,,,2,17,,60071,19,,,2,15,,60078,19,,,1,59,,60077,19,,,2,20,,60073,19,,,2,20,,60068,19,,,2
8701,'Semaine-5-_26ÉTÉ-1111100-',518,,60088,19,,,1,31,,60081,19,,,1,69,,60086,19,,,2,20,,60084,19,,,2,18,,60082,19,,,1,55,,60091,19,,,2,13,,60087,19,,,2,17,,60083,19,,,2,15,,60090,19,,,1,59,,60089,19,,,2,20,,60085,19,,,2,20,,60080,19,,,2
57101,'Semaine-5-_26ÉTÉ-1111100-',710,,62950,46,,,2
