4101,'Semaine-3',632,,26145,11,,,1,72,,26146,11,,,2,30,,26147,11,,,2,70,,26144,11,,,1,31,,26143,11,,,1
4900,'Samedi-11',713,,26175,8,,,1,100,,26176,8,,,1,102,,26173,8,,,1,100,,26177,8,,,1,100,,26174,8,,,1,99,,26178,8,,,1,99,,26179,8,,,1,104,,26180,8,,,1,97,,26181,8,,,1,100,,26182,8,,,1,100,,26183,8,,,1,99,,26184,8,,,1,100,,26185,8,,,1,100,,26186,8,,,1,100,,26187,8,,,1,100,,26188,8,,,1,101,,26189,8,,,1
4900,'Samedi-2',713,,26192,8,,,1,100,,26193,8,,,1,102,,26190,8,,,1,100,,26194,8,,,1,100,,26191,8,,,1,99,,26195,8,,,1,99,,26196,8,,,1,104,,26197,8,,,1,97,,26198,8,,,1,100,,26199,8,,,1,100,,26200,8,,,1,99,,26201,8,,,1,100,,26202,8,,,1,100,,26203,8,,,1,100,,26204,8,,,1,100,,26205,8,,,1,101,,26206,8,,,1
4900,'Dimanche-2',713,,26207,8,,,1,100,,26210,8,,,1,102,,26208,8,,,1,100,,26211,8,,,1,100,,26213,8,,,1,99,,26217,8,,,1,99,,26215,8,,,1,104,,26214,8,,,1,97,,26209,8,,,1,100,,26219,8,,,1,100,,26216,8,,,1,99,,26218,8,,,1,100,,26223,8,,,1,100,,26212,8,,,1,100,,26221,8,,,1,100,,26222,8,,,1,101,,26220,8,,,1
4900,'Semaine-3',630,,26251,8,,,1,20,,26262,8,,,1,66,,26254,8,,,1,31,,26255,8,,,1,78,,26249,8,,,1,32,,26244,8,,,1,72,,26236,8,,,1,72,,26256,8,,,1,32,,26252,8,,,1,70,,26247,8,,,1,30,,26224,8,,,1,70,,26245,8,,,1,30,,26226,8,,,1,70,,26231,8,,,1,30,,26233,8,,,1,70,,26237,8,,,1,31,,26253,8,,,1,70,,26235,8,,,1,30,,26238,8,,,1,70,,26229,8,,,1,30,,26241,8,,,1,70,,26232,8,,,1,30,,26230,8,,,1,70,,26248,8,,,1,29,,26242,8,,,1,100,,26225,8,,,1,100,,26243,8,,,1,100,,26240,8,,,1,100,,26227,8,,,1,98,,26239,8,,,1,100,,26228,8,,,1
64100,'Semaine-3',731,,30110,11,0,9 10,1
80000,'Samedi-11',716,,30136,11,,,2,100,,30137,11,,,1,100,,30138,11,,,2,100,,30140,11,,,1,100,,30141,11,,,2,100,,30139,11,,,2,100,,30142,11,,,1,100,,30143,11,,,2,100,,30144,11,,,1,100,,30145,11,,,1,100,,30146,11,,,2,100,,30147,11,,,1,100,,30150,11,,,1,100,,30148,11,,,1,100,,30149,11,,,2,100,,30151,11,,,1,100,,30152,11,,,1
80000,'Samedi-2',716,,30153,11,,,2,100,,30154,11,,,1,100,,30155,11,,,2,100,,30157,11,,,1,100,,30158,11,,,2,100,,30156,11,,,2,100,,30159,11,,,1,100,,30160,11,,,2,100,,30161,11,,,1,100,,30162,11,,,1,100,,30163,11,,,2,100,,30164,11,,,1,100,,30167,11,,,1,100,,30165,11,,,1,100,,30166,11,,,2,100,,30168,11,,,1,100,,30169,11,,,1
80000,'Dimanche-2',716,,30174,11,,,2,100,,30170,11,,,1,100,,30175,11,,,2,100,,30171,11,,,1,100,,30172,11,,,2,100,,30176,11,,,2,100,,30173,11,,,1,100,,30178,11,,,2,100,,30177,11,,,1,100,,30179,11,,,1,100,,30182,11,,,2,100,,30180,11,,,1,100,,30181,11,,,1,100,,30183,11,,,1,100,,30184,11,,,2,100,,30186,11,,,1,100,,30185,11,,,1
80000,'Semaine-3',551,,30218,11,,,1,70,,30200,11,,,1,30,,30190,11,,,1,54,,30193,11,,,1,16,,30213,11,,,1,31,,30201,11,,,1,62,,30189,11,,,1,26,,30215,11,,,1,70,,30192,11,,,2,30,,30210,11,,,1,70,,30204,11,,,1,31,,30222,11,,,1,69,,30191,11,,,1,30,,30208,11,,,2,70,,30206,11,,,1,30,,30221,11,,,1,70,,30203,11,,,1,30,,30216,11,,,1,70,,30205,11,,,1,30,,30212,11,,,1,70,,30211,11,,,2,31,,30207,11,,,1,70,,30219,11,,,2,31,,30194,11,,,1,69,,30202,11,,,1,30,,30196,11,,,1,71,,30217,11,,,1,29,,30195,11,,,1,70,,30199,11,,,1,30,,30187,11,,,1,70,,30220,11,,,1,30,,30197,11,,,1,69,,30198,11,,,1,30,,30214,11,,,1,70,,30188,11,,,1,30,,30209,11,,,1
