7101,'Samedi-0-_26ÉTÉ-0000010-',744,,57679,16,,,2,100,,57678,16,,,2,100,,57683,16,,,1,100,,57681,16,,,1,100,,57682,16,,,1,100,,57677,16,,,1,102,,57680,16,,,1,99,,57684,16,,,2,99,,57685,16,,,2,100,,57686,16,,,2,100,,57687,16,,,2,100,,57688,16,,,2,100,,57689,16,,,1,100,,57690,16,,,1,100,,57691,16,,,2,100,,57692,16,,,1
7101,'Dimanche-0-_26ÉTÉ-0000001-',744,,57698,16,,,2,100,,57697,16,,,2,100,,57699,16,,,1,100,,57700,16,,,1,100,,57695,16,,,1,100,,57694,16,,,1,102,,57696,16,,,1,99,,57693,16,,,2,99,,57703,16,,,2,100,,57704,16,,,2,100,,57705,16,,,2,100,,57706,16,,,2,100,,57701,16,,,1,100,,57702,16,,,1,100,,57708,16,,,2,100,,57707,16,,,1
7101,'Dimanche-10-_26ÉTÉ-0000001-',744,,57714,16,,,2,100,,57713,16,,,2,100,,57715,16,,,1,100,,57716,16,,,1,100,,57711,16,,,1,100,,57710,16,,,1,102,,57712,16,,,1,99,,57709,16,,,2,99,,57719,16,,,2,100,,57720,16,,,2,100,,57721,16,,,2,100,,57722,16,,,2,100,,57717,16,,,1,100,,57718,16,,,1,100,,57724,16,,,2,100,,57723,16,,,1
7101,'Dimanche-11-_26ÉTÉ-0000001-',744,,57730,16,,,2,100,,57729,16,,,2,100,,57731,16,,,1,100,,57732,16,,,1,100,,57727,16,,,1,100,,57726,16,,,1,102,,57728,16,,,1,99,,57725,16,,,2,99,,57735,16,,,2,100,,57736,16,,,2,100,,57737,16,,,2,100,,57738,16,,,2,100,,57733,16,,,1,100,,57734,16,,,1,100,,57740,16,,,2,100,,57739,16,,,1
7101,'Semaine-1-_26ÉTÉ-1111100-',547,,57758,16,,,2,62,,57775,16,,,2,16,,57776,16,,,2,20,,57759,16,,,1,60,,57760,16,,,1,15,,57770,16,,,1,20,,57752,16,,,1,15,,57755,16,,,2,58,,57778,16,,,2,30,,57741,16,,,1,70,,57768,16,,,1,30,,57767,16,,,1,70,,57746,16,,,1,30,,57780,16,,,2,70,,57766,16,,,1,30,,57769,16,,,1,70,,57779,16,,,2,30,,57742,16,,,1,70,,57744,16,,,2,30,,57756,16,,,2,71,,57745,16,,,1,30,,57777,16,,,2,70,,57772,16,,,2,15,,57761,16,,,2,15,,57764,16,,,1,15,,57762,16,,,1,56,,57747,16,,,1,19,,57753,16,,,1,11,,57774,16,,,1,55,,57743,16,,,2,14,,57773,16,,,1,20,,57748,16,,,2,20,,57751,16,,,2,69,,57749,16,,,1,30,,57750,16,,,2,100,,57765,16,,,1,100,,57763,16,,,1,100,,57757,16,,,1,101,,57771,16,,,2,99,,57754,16,,,1
7101,'Semaine-10-_26ÉTÉ-1111100-',547,,57798,16,,,2,62,,57815,16,,,2,16,,57816,16,,,2,20,,57799,16,,,1,60,,57800,16,,,1,15,,57810,16,,,1,20,,57792,16,,,1,15,,57795,16,,,2,58,,57818,16,,,2,30,,57781,16,,,1,70,,57808,16,,,1,30,,57807,16,,,1,70,,57786,16,,,1,30,,57820,16,,,2,70,,57806,16,,,1,30,,57809,16,,,1,70,,57819,16,,,2,30,,57782,16,,,1,70,,57784,16,,,2,30,,57796,16,,,2,71,,57785,16,,,1,30,,57817,16,,,2,70,,57812,16,,,2,15,,57801,16,,,2,15,,57804,16,,,1,15,,57802,16,,,1,56,,57787,16,,,1,19,,57793,16,,,1,11,,57814,16,,,1,55,,57783,16,,,2,14,,57813,16,,,1,20,,57788,16,,,2,20,,57791,16,,,2,69,,57789,16,,,1,30,,57790,16,,,2,100,,57805,16,,,1,100,,57803,16,,,1,100,,57797,16,,,1,101,,57811,16,,,2,99,,57794,16,,,1
7101,'Semaine-11-_26ÉTÉ-1111100-',547,,57838,16,,,2,62,,57855,16,,,2,16,,57856,16,,,2,20,,57839,16,,,1,60,,57840,16,,,1,15,,57850,16,,,1,20,,57832,16,,,1,15,,57835,16,,,2,58,,57858,16,,,2,30,,57821,16,,,1,70,,57848,16,,,1,30,,57847,16,,,1,70,,57826,16,,,1,30,,57860,16,,,2,70,,57846,16,,,1,30,,57849,16,,,1,70,,57859,16,,,2,30,,57822,16,,,1,70,,57824,16,,,2,30,,57836,16,,,2,71,,57825,16,,,1,30,,57857,16,,,2,70,,57852,16,,,2,15,,57841,16,,,2,15,,57844,16,,,1,15,,57842,16,,,1,56,,57827,16,,,1,19,,57833,16,,,1,11,,57854,16,,,1,55,,57823,16,,,2,14,,57853,16,,,1,20,,57828,16,,,2,20,,57831,16,,,2,69,,57829,16,,,1,30,,57830,16,,,2,100,,57845,16,,,1,100,,57843,16,,,1,100,,57837,16,,,1,101,,57851,16,,,2,99,,57834,16,,,1
7101,'Semaine-12-_26ÉTÉ-1111100-',547,,57878,16,,,2,62,,57895,16,,,2,16,,57896,16,,,2,20,,57879,16,,,1,60,,57880,16,,,1,15,,57890,16,,,1,20,,57872,16,,,1,15,,57875,16,,,2,58,,57898,16,,,2,30,,57861,16,,,1,70,,57888,16,,,1,30,,57887,16,,,1,70,,57866,16,,,1,30,,57900,16,,,2,70,,57886,16,,,1,30,,57889,16,,,1,70,,57899,16,,,2,30,,57862,16,,,1,70,,57864,16,,,2,30,,57876,16,,,2,71,,57865,16,,,1,30,,57897,16,,,2,70,,57892,16,,,2,15,,57881,16,,,2,15,,57884,16,,,1,15,,57882,16,,,1,56,,57867,16,,,1,19,,57873,16,,,1,11,,57894,16,,,1,55,,57863,16,,,2,14,,57893,16,,,1,20,,57868,16,,,2,20,,57871,16,,,2,69,,57869,16,,,1,30,,57870,16,,,2,100,,57885,16,,,1,100,,57883,16,,,1,100,,57877,16,,,1,101,,57891,16,,,2,99,,57874,16,,,1
7101,'Semaine-5-_26ÉTÉ-1111100-',547,,57918,16,,,2,62,,57935,16,,,2,16,,57936,16,,,2,20,,57919,16,,,1,60,,57920,16,,,1,15,,57930,16,,,1,20,,57912,16,,,1,15,,57915,16,,,2,58,,57938,16,,,2,30,,57901,16,,,1,70,,57928,16,,,1,30,,57927,16,,,1,70,,57906,16,,,1,30,,57940,16,,,2,70,,57926,16,,,1,30,,57929,16,,,1,70,,57939,16,,,2,30,,57902,16,,,1,70,,57904,16,,,2,30,,57916,16,,,2,71,,57905,16,,,1,30,,57937,16,,,2,70,,57932,16,,,2,15,,57921,16,,,2,15,,57924,16,,,1,15,,57922,16,,,1,56,,57907,16,,,1,19,,57913,16,,,1,11,,57934,16,,,1,55,,57903,16,,,2,14,,57933,16,,,1,20,,57908,16,,,2,20,,57911,16,,,2,69,,57909,16,,,1,30,,57910,16,,,2,100,,57925,16,,,1,100,,57923,16,,,1,100,,57917,16,,,1,101,,57931,16,,,2,99,,57914,16,,,1
57101,'Semaine-5-_26ÉTÉ-1111100-',646,,62950,16,,,2
