6400,'Samedi-0-_26ÉTÉ-0000010-',753,,54949,32,0,15 16,1,100,,54951,32,0,15 16,1,100,,54954,32,0,15 16,1,100,,54952,32,0,15 16,2,100,,54955,32,0,15 16,1,100,,54950,32,0,15 16,1,100,,54953,32,0,15 16,2,100,,54956,32,0,15 16,1,99,,54957,32,0,15 16,1,100,,54958,32,0,15 16,1,100,,54959,32,0,15 16,1,100,,54960,32,0,15 16,1
6400,'Dimanche-0-_26ÉTÉ-0000001-',753,,54961,32,0,15 16,1,100,,54966,32,0,15 16,1,100,,54962,32,0,15 16,1,100,,54965,32,0,15 16,2,100,,54968,32,0,15 16,1,100,,54967,32,0,15 16,1,100,,54964,32,0,15 16,2,100,,54963,32,0,15 16,1,99,,54971,32,0,15 16,1,100,,54972,32,0,15 16,1,100,,54969,32,0,15 16,1,100,,54970,32,0,15 16,1
6400,'Dimanche-10-_26ÉTÉ-0000001-',753,,54973,32,0,15 16,1,100,,54978,32,0,15 16,1,100,,54974,32,0,15 16,1,100,,54977,32,0,15 16,2,100,,54980,32,0,15 16,1,100,,54979,32,0,15 16,1,100,,54976,32,0,15 16,2,100,,54975,32,0,15 16,1,99,,54983,32,0,15 16,1,100,,54984,32,0,15 16,1,100,,54981,32,0,15 16,1,100,,54982,32,0,15 16,1
6400,'Dimanche-11-_26ÉTÉ-0000001-',753,,54985,32,0,15 16,1,100,,54990,32,0,15 16,1,100,,54986,32,0,15 16,1,100,,54989,32,0,15 16,2,100,,54992,32,0,15 16,1,100,,54991,32,0,15 16,1,100,,54988,32,0,15 16,2,100,,54987,32,0,15 16,1,99,,54995,32,0,15 16,1,100,,54996,32,0,15 16,1,100,,54993,32,0,15 16,1,100,,54994,32,0,15 16,1
6400,'Semaine-1-_26ÉTÉ-1111100-',709,,55005,32,0,15 16,1,30,,55002,32,0,15 16,2,70,,54997,32,0,15 16,2,35,,55001,32,0,15 16,2,95,,55003,32,0,15 16,2,100,,55008,32,0,15 16,2,100,,55007,32,0,15 16,1,100,,55000,32,0,15 16,2,100,,55013,32,0,15 16,1,100,,55009,32,0,15 16,1,95,,55010,32,0,15 16,1,70,,55015,32,0,15 16,1,102,,55014,32,0,15 16,1,95,,55011,32,0,15 16,2,100,,55012,32,0,15 16,1,100,,55004,32,0,15 16,1,99,,54998,32,0,15 16,1,100,,55006,32,0,15 16,1,100,,54999,32,0,15 16,1
6400,'Semaine-10-_26ÉTÉ-1111100-',709,,55024,32,0,15 16,1,30,,55021,32,0,15 16,2,70,,55016,32,0,15 16,2,35,,55020,32,0,15 16,2,95,,55022,32,0,15 16,2,100,,55027,32,0,15 16,2,100,,55026,32,0,15 16,1,100,,55019,32,0,15 16,2,100,,55032,32,0,15 16,1,100,,55028,32,0,15 16,1,95,,55029,32,0,15 16,1,70,,55034,32,0,15 16,1,102,,55033,32,0,15 16,1,95,,55030,32,0,15 16,2,100,,55031,32,0,15 16,1,100,,55023,32,0,15 16,2,99,,55017,32,0,15 16,1,100,,55025,32,0,15 16,1,100,,55018,32,0,15 16,1
6400,'Semaine-11-_26ÉTÉ-1111100-',709,,55043,32,0,15 16,1,30,,55040,32,0,15 16,2,70,,55035,32,0,15 16,2,35,,55039,32,0,15 16,2,95,,55041,32,0,15 16,2,100,,55046,32,0,15 16,2,100,,55045,32,0,15 16,1,100,,55038,32,0,15 16,2,100,,55051,32,0,15 16,1,100,,55047,32,0,15 16,1,95,,55048,32,0,15 16,1,70,,55053,32,0,15 16,1,102,,55052,32,0,15 16,1,95,,55049,32,0,15 16,2,100,,55050,32,0,15 16,1,100,,55042,32,0,15 16,1,99,,55036,32,0,15 16,1,100,,55044,32,0,15 16,1,100,,55037,32,0,15 16,1
6400,'Semaine-12-_26ÉTÉ-1111100-',709,,55062,32,0,15 16,1,30,,55059,32,0,15 16,2,70,,55054,32,0,15 16,2,35,,55058,32,0,15 16,2,95,,55060,32,0,15 16,2,100,,55065,32,0,15 16,2,100,,55064,32,0,15 16,1,100,,55057,32,0,15 16,2,100,,55070,32,0,15 16,1,100,,55066,32,0,15 16,1,95,,55067,32,0,15 16,1,70,,55072,32,0,15 16,1,102,,55071,32,0,15 16,1,95,,55068,32,0,15 16,2,100,,55069,32,0,15 16,1,100,,55061,32,0,15 16,1,99,,55055,32,0,15 16,1,100,,55063,32,0,15 16,1,100,,55056,32,0,15 16,1
6400,'Semaine-5-_26ÉTÉ-1111100-',709,,55081,32,0,15 16,1,30,,55078,32,0,15 16,2,70,,55073,32,0,15 16,2,35,,55077,32,0,15 16,2,95,,55079,32,0,15 16,2,100,,55084,32,0,15 16,2,100,,55083,32,0,15 16,1,100,,55076,32,0,15 16,2,100,,55089,32,0,15 16,1,100,,55085,32,0,15 16,1,95,,55086,32,0,15 16,1,70,,55091,32,0,15 16,1,102,,55090,32,0,15 16,1,95,,55087,32,0,15 16,2,100,,55088,32,0,15 16,1,100,,55080,32,0,15 16,1,99,,55074,32,0,15 16,1,100,,55082,32,0,15 16,1,100,,55075,32,0,15 16,1
56601,'Semaine-5-_26ÉTÉ-1111100-',708,,62948,25,,,1
56901,'Semaine-5-_26ÉTÉ-1111100-',708,,62949,8,,,1
