2301,'Semaine-4',634,,30359,27,,,1,70,,30356,27,,,2,34,,30360,27,,,1,72,,30358,27,,,2,28,,30357,27,,,2
2301,'Semaine-5',634,,35055,27,,,1,70,,35052,27,,,2,34,,35056,27,,,1,72,,35054,27,,,2,28,,35053,27,,,2
2501,'Semaine-4',619,,30371,34,,,1,29,,30370,34,,,1,73,,30368,34,,,1,36,,30369,34,,,2,68,,30372,34,,,1,30,,30367,34,,,1
2501,'Semaine-5',619,,35067,34,,,1,29,,35066,34,,,1,73,,35064,34,,,1,36,,35065,34,,,2,68,,35068,34,,,1,30,,35063,34,,,1
2701,'Semaine-4',635,,30390,37,,,1,88,,30391,37,,,1,85,,30388,37,,,1,30,,30389,37,,,1
2701,'Semaine-5',635,,35086,37,,,1,88,,35087,37,,,1,85,,35084,37,,,1,30,,35085,37,,,1
3301,'Samedi-3',732,,30753,39,,,1,100,,30754,39,,,1,100,,30751,39,,,1,100,,30757,39,,,1,100,,30758,39,,,1,101,,30752,39,,,1,100,,30755,39,,,1,100,,30756,39,,,1,102,,30759,39,,,1,98,,30760,39,,,1,100,,30761,39,,,1,96,,30768,39,,,1,100,,30762,39,,,1,100,,30763,39,,,1,100,,30764,39,,,1,100,,30765,39,,,1,100,,30766,39,,,1,100,,30767,39,,,1
3301,'Samedi-4',732,,35394,39,,,1,100,,35395,39,,,1,100,,35392,39,,,1,100,,35398,39,,,1,100,,35399,39,,,1,101,,35393,39,,,1,100,,35396,39,,,1,100,,35397,39,,,1,102,,35400,39,,,1,98,,35401,39,,,1,100,,35402,39,,,1,96,,35409,39,,,1,100,,35403,39,,,1,100,,35404,39,,,1,100,,35405,39,,,1,100,,35406,39,,,1,100,,35407,39,,,1,100,,35408,39,,,1
3301,'Dimanche-3',732,,30773,39,,,1,100,,30774,39,,,1,100,,30775,39,,,1,100,,30769,39,,,1,100,,30770,39,,,1,101,,30771,39,,,1,100,,30772,39,,,1,100,,30777,39,,,1,102,,30778,39,,,1,98,,30776,39,,,1,100,,30779,39,,,1,96,,30782,39,,,1,100,,30786,39,,,1,100,,30780,39,,,1,100,,30781,39,,,1,100,,30784,39,,,1,100,,30783,39,,,1,100,,30785,39,,,1
3301,'Semaine-4',619,,30810,39,,,1,22,,30818,39,,,2,64,,30795,39,,,1,17,,30815,39,,,1,17,,30811,39,,,1,5,,30806,39,,,1,9,,30826,39,,,1,54,,30824,39,,,1,16,,30813,39,,,1,15,,30801,39,,,1,10,,30817,39,,,2,55,,30791,39,,,1,30,,30803,39,,,2,68,,30809,39,,,1,31,,30799,39,,,1,68,,30820,39,,,1,31,,30804,39,,,1,69,,30796,39,,,1,32,,30798,39,,,1,20,,30816,39,,,1,6,,30825,39,,,1,68,,30807,39,,,1,29,,30797,39,,,1,71,,30802,39,,,1,74,,30805,40,,,1,13,,30827,40,,,2,17,,30808,40,,,1,19,,30800,40,,,2,53,,30812,40,,,1,33,,30793,40,,,1,24,,30823,40,,,2,65,,30790,40,,,2,28,,30787,40,,,2,68,,30821,39,,,1,83,,30794,39,,,2,29,,30789,39,,,2,97,,30792,39,,,1,80,,30814,39,,,2,104,,30819,39,,,1,98,,30788,39,,,2,124,,30822,39,,,1
3301,'Semaine-5',619,,35433,39,,,1,22,,35441,39,,,2,64,,35418,39,,,1,17,,35438,39,,,1,17,,35434,39,,,1,5,,35429,39,,,1,9,,35449,39,,,1,54,,35447,39,,,1,16,,35436,39,,,1,15,,35424,39,,,1,10,,35440,39,,,2,55,,35414,39,,,1,30,,35426,39,,,2,68,,35432,39,,,1,31,,35422,39,,,1,68,,35443,39,,,1,31,,35427,39,,,1,69,,35419,39,,,1,32,,35421,39,,,1,20,,35439,39,,,1,6,,35448,39,,,1,68,,35430,39,,,1,29,,35420,39,,,1,71,,35425,39,,,1,74,,35428,40,,,1,13,,35450,40,,,2,17,,35431,40,,,1,19,,35423,40,,,2,53,,35435,40,,,1,33,,35416,40,,,1,24,,35446,40,,,2,65,,35413,40,,,2,28,,35410,40,,,2,68,,35444,39,,,1,83,,35417,39,,,2,29,,35412,39,,,2,97,,35415,39,,,1,80,,35437,39,,,2,104,,35442,39,,,1,98,,35411,39,,,2,124,,35445,39,,,1
