3601,'Semaine-4',854,,31101,24,,,1,90,,31099,24,,,1,100,,31102,24,,,1,100,,31100,24,,,1,100,,31105,24,,,1,100,,31104,24,,,1,100,,31103,24,,,1
3601,'Semaine-2-_26ÉTÉ-1111100-',854,,40248,24,,,1,90,,40246,24,,,1,100,,40249,24,,,1,100,,40247,24,,,1,100,,40252,24,,,1,100,,40251,24,,,1,100,,40250,24,,,1
3601,'Semaine-3-_26ÉTÉ-1111100-',854,,40255,24,,,1,90,,40253,24,,,1,100,,40256,24,,,1,100,,40254,24,,,1,100,,40259,24,,,1,100,,40258,24,,,1,100,,40257,24,,,1
3601,'Semaine-4-_26ÉTÉ-1111100-',854,,40262,24,,,1,90,,40260,24,,,1,100,,40263,24,,,1,100,,40261,24,,,1,100,,40266,24,,,1,100,,40265,24,,,1,100,,40264,24,,,1
4800,'Semaine-4',1720,,31658,11,,,2
4800,'Semaine-2-_26ÉTÉ-1111100-',1721,,41178,11,,,1
4800,'Semaine-3-_26ÉTÉ-1111100-',1721,,41179,11,,,1
4800,'Semaine-4-_26ÉTÉ-1111100-',1721,,41180,11,,,1
32500,'Semaine-4',1627,,34184,18,0,7 8,1
32500,'Semaine-2-_26ÉTÉ-1111100-',1627,,45835,18,0,7 8,1
32500,'Semaine-3-_26ÉTÉ-1111100-',1627,,45836,18,0,7 8,1
32600,'Semaine-4',1627,,34187,18,0,7 8,1
32600,'Semaine-2-_26ÉTÉ-1111100-',1627,,45840,18,0,7 8,1
57101,'Semaine-4',725,,34830,57,0,5 6,2
57101,'Semaine-2-_26ÉTÉ-1111100-',725,,46773,57,0,5 6,1
57101,'Semaine-3-_26ÉTÉ-1111100-',725,,46774,57,0,5 6,1
57101,'Semaine-4-_26ÉTÉ-1111100-',725,,46775,57,0,5 6,1
57601,'Semaine-4',735,,34832,32,0,5 6,1
57601,'Semaine-2-_26ÉTÉ-1111100-',735,,46776,32,0,5 6,2
57601,'Semaine-3-_26ÉTÉ-1111100-',735,,46777,32,0,5 6,2
57601,'Semaine-4-_26ÉTÉ-1111100-',735,,46778,32,0,5 6,2
