9301,'Semaine-1-_26ÉTÉ-1111100-',550,,60130,7,,,1,60,,60128,7,,,1,20,,60127,7,,,1,70,,60131,7,,,2,30,,60129,7,,,1
9301,'Semaine-10-_26ÉTÉ-1111100-',550,,60135,7,,,1,60,,60133,7,,,1,20,,60132,7,,,1,70,,60136,7,,,2,30,,60134,7,,,1
9301,'Semaine-11-_26ÉTÉ-1111100-',550,,60140,7,,,1,60,,60138,7,,,1,20,,60137,7,,,1,70,,60141,7,,,2,30,,60139,7,,,1
9301,'Semaine-12-_26ÉTÉ-1111100-',550,,60145,7,,,1,60,,60143,7,,,1,20,,60142,7,,,1,70,,60146,7,,,2,30,,60144,7,,,1
9301,'Semaine-5-_26ÉTÉ-1111100-',550,,60150,7,,,1,60,,60148,7,,,1,20,,60147,7,,,1,70,,60151,7,,,2,30,,60149,7,,,1
9401,'Semaine-1-_26ÉTÉ-1111100-',530,,60152,7,,,1
9401,'Semaine-10-_26ÉTÉ-1111100-',530,,60153,7,,,1
9401,'Semaine-11-_26ÉTÉ-1111100-',530,,60154,7,,,1
9401,'Semaine-12-_26ÉTÉ-1111100-',530,,60155,7,,,1
9401,'Semaine-5-_26ÉTÉ-1111100-',530,,60156,7,,,1
