3300,'Samedi-3',712,,30672,31,,,1,133,,30677,31,,,1,99,,30674,31,,,1,99,,30678,31,,,1,101,,30673,31,,,1,100,,30676,31,,,1,100,,30675,31,,,1,100,,30679,31,,,1,103,,30680,31,,,1,97,,30681,31,,,1,100,,30682,31,,,1,99,,30683,31,,,1,96,,30684,31,,,1,100,,30688,31,,,1,100,,30685,31,,,1,100,,30686,31,,,1,100,,30687,31,,,1,99,,30689,31,,,1
3300,'Samedi-4',712,,35331,31,,,1,133,,35336,31,,,1,99,,35333,31,,,1,99,,35337,31,,,1,101,,35332,31,,,1,100,,35335,31,,,1,100,,35334,31,,,1,100,,35338,31,,,1,103,,35339,31,,,1,97,,35340,31,,,1,100,,35341,31,,,1,99,,35342,31,,,1,96,,35343,31,,,1,100,,35347,31,,,1,100,,35344,31,,,1,100,,35345,31,,,1,100,,35346,31,,,1,99,,35348,31,,,1
3300,'Dimanche-3',712,,30691,31,,,1,133,,30690,31,,,1,99,,30693,31,,,1,99,,30695,31,,,1,101,,30696,31,,,1,100,,30697,31,,,1,100,,30692,31,,,1,100,,30699,31,,,1,103,,30694,31,,,1,97,,30700,31,,,1,100,,30703,31,,,1,99,,30707,31,,,1,96,,30704,31,,,1,100,,30698,31,,,1,100,,30701,31,,,1,100,,30706,31,,,1,100,,30702,31,,,1,99,,30705,31,,,1
3300,'Semaine-4',639,,30735,24,,,1,76,,30734,31,,,1,22,,30740,31,,,2,15,,30713,31,,,1,63,,30728,31,,,1,21,,30736,31,,,1,5,,30747,31,,,1,9,,30748,31,,,1,70,,30741,31,,,1,15,,30723,31,,,1,10,,30726,31,,,2,13,,30743,31,,,1,69,,30729,31,,,2,27,,30718,31,,,1,71,,30724,31,,,1,28,,30708,31,,,1,71,,30731,31,,,1,29,,30719,31,,,1,73,,30727,31,,,1,19,,30746,31,,,1,6,,30730,31,,,1,68,,30733,31,,,1,31,,30720,31,,,1,55,,30742,24,,,1,16,,30738,31,,,1,37,,30732,31,,,1,53,,30710,31,,,2,17,,30722,31,,,1,19,,30745,31,,,2,53,,30744,31,,,1,12,,30739,24,,,1,21,,30717,31,,,1,24,,30716,31,,,2,62,,30721,31,,,2,27,,30709,31,,,2,67,,30714,31,,,1,32,,30749,24,,,1,80,,30725,31,,,2,95,,30715,31,,,1,80,,30711,31,,,2,104,,30737,31,,,1,98,,30750,31,,,2,25,,30712,31,,,1
3300,'Semaine-5',639,,35376,24,,,1,76,,35375,31,,,1,22,,35381,31,,,2,15,,35354,31,,,1,63,,35369,31,,,1,21,,35377,31,,,1,5,,35388,31,,,1,9,,35389,31,,,1,70,,35382,31,,,1,15,,35364,31,,,1,10,,35367,31,,,2,13,,35384,31,,,1,69,,35370,31,,,2,27,,35359,31,,,1,71,,35365,31,,,1,28,,35349,31,,,1,71,,35372,31,,,1,29,,35360,31,,,1,73,,35368,31,,,1,19,,35387,31,,,1,6,,35371,31,,,1,68,,35374,31,,,1,31,,35361,31,,,1,55,,35383,24,,,1,16,,35379,31,,,1,37,,35373,31,,,1,53,,35351,31,,,2,17,,35363,31,,,1,19,,35386,31,,,2,53,,35385,31,,,1,12,,35380,24,,,1,21,,35358,31,,,1,24,,35357,31,,,2,62,,35362,31,,,2,27,,35350,31,,,2,67,,35355,31,,,1,32,,35390,24,,,1,80,,35366,31,,,2,95,,35356,31,,,1,80,,35352,31,,,2,104,,35378,31,,,1,98,,35391,31,,,2,25,,35353,31,,,1
4900,'Samedi-3',748,,31662,53,,,1,100,,31663,53,,,1,104,,31660,53,,,1,100,,31664,53,,,1,100,,31661,53,,,1,100,,31665,53,,,1,99,,31666,53,,,1,104,,31667,53,,,1,98,,31668,53,,,1,100,,31669,53,,,1,100,,31670,53,,,1,95,,31671,53,,,1,100,,31672,53,,,1,100,,31673,53,,,1,100,,31674,53,,,1,100,,31675,53,,,1,100,,31676,53,,,1
4900,'Samedi-4',748,,36070,53,,,1,100,,36071,53,,,1,104,,36068,53,,,1,100,,36072,53,,,1,100,,36069,53,,,1,100,,36073,53,,,1,99,,36074,53,,,1,104,,36075,53,,,1,98,,36076,53,,,1,100,,36077,53,,,1,100,,36078,53,,,1,95,,36079,53,,,1,100,,36080,53,,,1,100,,36081,53,,,1,100,,36082,53,,,1,100,,36083,53,,,1,100,,36084,53,,,1
4900,'Dimanche-3',748,,31677,53,,,1,100,,31680,53,,,1,104,,31678,53,,,1,100,,31681,53,,,1,100,,31683,53,,,1,100,,31687,53,,,1,99,,31685,53,,,1,104,,31684,53,,,1,98,,31679,53,,,1,100,,31689,53,,,1,100,,31686,53,,,1,95,,31688,53,,,1,100,,31693,53,,,1,100,,31682,53,,,1,100,,31691,53,,,1,100,,31692,53,,,1,100,,31690,53,,,1
4900,'Semaine-4',710,,31721,53,,,1,13,,31716,40,,,1,5,,31728,40,,,1,3,,31704,40,,,1,3,,31732,53,,,1,2,,31727,40,,,1,3,,31729,40,,,1,4,,31731,40,,,1,5,,31730,40,,,1,55,,31724,53,,,1,31,,31725,53,,,1,5,,31720,40,,,1,71,,31719,53,,,1,27,,31714,53,,,1,72,,31706,53,,,1,32,,31726,53,,,1,72,,31722,53,,,1,30,,31717,53,,,1,70,,31694,53,,,1,30,,31715,53,,,1,70,,31696,53,,,1,30,,31701,53,,,1,70,,31703,53,,,1,29,,31707,53,,,1,71,,31723,53,,,1,38,,31705,53,,,1,70,,31708,53,,,1,30,,31699,53,,,1,70,,31711,53,,,1,30,,31702,53,,,1,67,,31700,53,,,1,30,,31718,53,,,1,66,,31712,53,,,1,95,,31695,53,,,1,100,,31713,53,,,1,100,,31710,53,,,1,97,,31697,53,,,1,97,,31709,53,,,1,100,,31698,53,,,1
4900,'Semaine-5',710,,36112,53,,,1,13,,36107,40,,,1,5,,36119,40,,,1,3,,36095,40,,,1,3,,36123,53,,,1,2,,36118,40,,,1,3,,36120,40,,,1,4,,36122,40,,,1,5,,36121,40,,,1,55,,36115,53,,,1,31,,36116,53,,,1,5,,36111,40,,,1,71,,36110,53,,,1,27,,36105,53,,,1,72,,36097,53,,,1,32,,36117,53,,,1,72,,36113,53,,,1,30,,36108,53,,,1,70,,36085,53,,,1,30,,36106,53,,,1,70,,36087,53,,,1,30,,36092,53,,,1,70,,36094,53,,,1,29,,36098,53,,,1,71,,36114,53,,,1,38,,36096,53,,,1,70,,36099,53,,,1,30,,36090,53,,,1,70,,36102,53,,,1,30,,36093,53,,,1,67,,36091,53,,,1,30,,36109,53,,,1,66,,36103,53,,,1,95,,36086,53,,,1,100,,36104,53,,,1,100,,36101,53,,,1,97,,36088,53,,,1,97,,36100,53,,,1,100,,36089,53,,,1
5000,'Semaine-4',706,,31803,41,,,1,28,,31801,41,,,1,5,,31802,20,,,2,65,,31804,41,,,2,31,,31800,41,,,1,104,,31805,41,,,1
5000,'Semaine-5',706,,36177,41,,,1,28,,36175,41,,,1,5,,36176,20,,,2,65,,36178,41,,,2,31,,36174,41,,,1,104,,36179,41,,,1
5600,'Semaine-4',705,,32161,44,,,1,27,,32159,44,,,1,3,,32163,44,,,1,69,,32162,44,,,2,31,,32156,44,,,1,100,,32155,44,,,1,107,,32157,44,,,1,98,,32160,44,,,1,100,,32158,44,,,1
5600,'Semaine-5',705,,36430,44,,,1,27,,36428,44,,,1,3,,36432,44,,,1,69,,36431,44,,,2,31,,36425,44,,,1,100,,36424,44,,,1,107,,36426,44,,,1,98,,36429,44,,,1,100,,36427,44,,,1
6401,'Semaine-4',1520,,32612,4,,,2
6401,'Semaine-5',1520,,36776,4,,,2
42500,'Semaine-4',729,,34792,30,0,9 14,1,2,,34793,30,0,9 14,1
42500,'Semaine-5',729,,38443,30,0,9 14,1,2,,38444,30,0,9 14,1
42600,'Semaine-4',733,,34795,11,0,9 14,1,1,,34796,11,0,9 14,1
42600,'Semaine-5',733,,38446,11,0,9 14,1,1,,38447,11,0,9 14,1
42900,'Semaine-4',734,,34798,17,0,9 14,1,2,,34799,17,0,9 14,1
42900,'Semaine-5',734,,38449,17,0,9 14,1,2,,38450,17,0,9 14,1
44900,'Semaine-4',736,,34812,31,0,9 14,1
44900,'Semaine-5',736,,38463,31,0,9 14,1
56600,'Semaine-4',1521,,34825,4,0,5 6,1
56600,'Semaine-5',1521,,38476,4,0,5 6,1
56900,'Semaine-4',1521,,34827,4,0,5 6,2
56900,'Semaine-5',1521,,38478,4,0,5 6,2
73300,'Semaine-4',1633,,34851,21,,,1
73300,'Semaine-5',1633,,38502,21,,,1
83300,'Semaine-4',1532,,35027,11,0,9 12 13,1
83300,'Semaine-5',1532,,38646,11,0,9 12 13,1
