7101,'Samedi-3',740,,33314,9,,,2,100,,33313,9,,,2,100,,33318,9,,,1,100,,33316,9,,,1,100,,33317,9,,,1,100,,33312,9,,,1,102,,33315,9,,,1,99,,33319,9,,,2,99,,33320,9,,,2,100,,33321,9,,,2,100,,33322,9,,,2,100,,33323,9,,,2,100,,33324,9,,,1,100,,33325,9,,,1,100,,33326,9,,,2,100,,33327,9,,,1
7101,'Dimanche-3',740,,33333,9,,,2,100,,33332,9,,,2,100,,33334,9,,,1,100,,33335,9,,,1,100,,33330,9,,,1,100,,33329,9,,,1,102,,33331,9,,,1,99,,33328,9,,,2,99,,33338,9,,,2,100,,33339,9,,,2,100,,33340,9,,,2,100,,33341,9,,,2,100,,33336,9,,,1,100,,33337,9,,,1,100,,33343,9,,,2,100,,33342,9,,,1
7101,'Semaine-4',542,,33361,9,,,1,62,,33378,9,,,1,14,,33379,9,,,2,21,,33362,9,,,1,20,,33363,9,,,2,55,,33373,9,,,2,20,,33355,9,,,2,17,,33358,9,,,1,59,,33381,9,,,1,27,,33344,9,,,2,70,,33371,9,,,1,30,,33370,9,,,1,70,,33349,9,,,2,30,,33383,9,,,1,70,,33369,9,,,1,30,,33372,9,,,2,70,,33382,9,,,1,30,,33345,9,,,2,70,,33347,9,,,1,30,,33359,9,,,1,71,,33348,9,,,1,30,,33380,9,,,1,70,,33375,9,,,1,13,,33364,9,,,1,16,,33367,9,,,1,16,,33365,9,,,1,55,,33350,9,,,2,20,,33356,9,,,1,10,,33377,9,,,1,15,,33346,9,,,1,55,,33376,9,,,1,20,,33351,9,,,1,20,,33354,9,,,1,70,,33352,9,,,1,30,,33353,9,,,1,100,,33368,9,,,1,100,,33366,9,,,1,100,,33360,9,,,1,100,,33374,9,,,1,100,,33357,9,,,1
7101,'Samedi-10-_26ÉTÉ-0000010-',740,,44048,9,,,2,100,,44047,9,,,2,100,,44052,9,,,1,100,,44050,9,,,1,100,,44051,9,,,1,100,,44046,9,,,1,102,,44049,9,,,1,99,,44053,9,,,2,99,,44054,9,,,2,100,,44055,9,,,2,100,,44056,9,,,2,100,,44057,9,,,2,100,,44058,9,,,1,100,,44059,9,,,1,100,,44060,9,,,2,100,,44061,9,,,1
7101,'Semaine-2-_26ÉTÉ-1111100-',542,,44079,9,,,2,62,,44096,9,,,2,15,,44097,9,,,2,20,,44080,9,,,1,20,,44081,9,,,1,55,,44091,9,,,1,20,,44073,9,,,1,15,,44076,9,,,2,58,,44099,9,,,2,30,,44062,9,,,1,70,,44089,9,,,1,30,,44088,9,,,1,70,,44067,9,,,1,30,,44101,9,,,2,70,,44087,9,,,1,30,,44090,9,,,1,70,,44100,9,,,2,30,,44063,9,,,1,70,,44065,9,,,2,30,,44077,9,,,2,71,,44066,9,,,1,30,,44098,9,,,2,70,,44093,9,,,2,15,,44082,9,,,2,15,,44085,9,,,1,15,,44083,9,,,1,56,,44068,9,,,1,19,,44074,9,,,1,11,,44095,9,,,1,15,,44064,9,,,2,54,,44094,9,,,1,20,,44069,9,,,2,20,,44072,9,,,2,70,,44070,9,,,1,30,,44071,9,,,2,100,,44086,9,,,1,100,,44084,9,,,1,100,,44078,9,,,1,101,,44092,9,,,2,99,,44075,9,,,1
7101,'Semaine-3-_26ÉTÉ-1111100-',542,,44119,9,,,2,62,,44136,9,,,2,15,,44137,9,,,2,20,,44120,9,,,1,20,,44121,9,,,1,55,,44131,9,,,1,20,,44113,9,,,1,15,,44116,9,,,2,58,,44139,9,,,2,30,,44102,9,,,1,70,,44129,9,,,1,30,,44128,9,,,1,70,,44107,9,,,1,30,,44141,9,,,2,70,,44127,9,,,1,30,,44130,9,,,1,70,,44140,9,,,2,30,,44103,9,,,1,70,,44105,9,,,2,30,,44117,9,,,2,71,,44106,9,,,1,30,,44138,9,,,2,70,,44133,9,,,2,15,,44122,9,,,2,15,,44125,9,,,1,15,,44123,9,,,1,56,,44108,9,,,1,19,,44114,9,,,1,11,,44135,9,,,1,15,,44104,9,,,2,54,,44134,9,,,1,20,,44109,9,,,2,20,,44112,9,,,2,70,,44110,9,,,1,30,,44111,9,,,2,100,,44126,9,,,1,100,,44124,9,,,1,100,,44118,9,,,1,101,,44132,9,,,2,99,,44115,9,,,1
7101,'Semaine-4-_26ÉTÉ-1111100-',542,,44159,9,,,2,62,,44176,9,,,2,15,,44177,9,,,2,20,,44160,9,,,1,20,,44161,9,,,1,55,,44171,9,,,1,20,,44153,9,,,1,15,,44156,9,,,2,58,,44179,9,,,2,30,,44142,9,,,1,70,,44169,9,,,1,30,,44168,9,,,1,70,,44147,9,,,1,30,,44181,9,,,2,70,,44167,9,,,1,30,,44170,9,,,1,70,,44180,9,,,2,30,,44143,9,,,1,70,,44145,9,,,2,30,,44157,9,,,2,71,,44146,9,,,1,30,,44178,9,,,2,70,,44173,9,,,2,15,,44162,9,,,2,15,,44165,9,,,1,15,,44163,9,,,1,56,,44148,9,,,1,19,,44154,9,,,1,11,,44175,9,,,1,15,,44144,9,,,2,54,,44174,9,,,1,20,,44149,9,,,2,20,,44152,9,,,2,70,,44150,9,,,1,30,,44151,9,,,2,100,,44166,9,,,1,100,,44164,9,,,1,100,,44158,9,,,1,101,,44172,9,,,2,99,,44155,9,,,1
57101,'Semaine-4',640,,34830,9,0,5 6,2
57101,'Semaine-2-_26ÉTÉ-1111100-',640,,46773,9,0,5 6,1
57101,'Semaine-3-_26ÉTÉ-1111100-',640,,46774,9,0,5 6,1
57101,'Semaine-4-_26ÉTÉ-1111100-',640,,46775,9,0,5 6,1
