2801,'Semaine-3',636,,24621,2,,,2,70,,24622,2,,,1,100,,24620,2,,,1
3300,'Samedi-11',711,,24934,30,,,1,133,,24939,30,,,1,99,,24936,30,,,1,99,,24940,30,,,1,101,,24935,30,,,1,100,,24938,30,,,1,100,,24937,30,,,1,100,,24941,30,,,1,103,,24942,30,,,1,97,,24943,30,,,1,100,,24944,30,,,1,99,,24945,30,,,1,96,,24946,30,,,1,100,,24950,30,,,1,100,,24947,30,,,1,100,,24948,30,,,1,100,,24949,30,,,1,99,,24951,30,,,1
3300,'Samedi-2',711,,24952,30,,,1,133,,24957,30,,,1,99,,24954,30,,,1,99,,24958,30,,,1,101,,24953,30,,,1,100,,24956,30,,,1,100,,24955,30,,,1,100,,24959,30,,,1,103,,24960,30,,,1,97,,24961,30,,,1,100,,24962,30,,,1,99,,24963,30,,,1,96,,24964,30,,,1,100,,24968,30,,,1,100,,24965,30,,,1,100,,24966,30,,,1,100,,24967,30,,,1,99,,24969,30,,,1
3300,'Dimanche-2',711,,24971,30,,,1,133,,24970,30,,,1,99,,24973,30,,,1,99,,24975,30,,,1,101,,24976,30,,,1,100,,24977,30,,,1,100,,24972,30,,,1,100,,24979,30,,,1,103,,24974,30,,,1,97,,24980,30,,,1,100,,24983,30,,,1,99,,24987,30,,,1,96,,24984,30,,,1,100,,24978,30,,,1,100,,24981,30,,,1,100,,24986,30,,,1,100,,24982,30,,,1,99,,24985,30,,,1
3300,'Semaine-3',638,,25015,23,,,1,76,,25014,30,,,1,22,,25020,30,,,2,15,,24993,30,,,1,63,,25008,30,,,1,21,,25016,30,,,1,5,,25027,30,,,1,9,,25028,30,,,1,70,,25021,30,,,1,15,,25003,30,,,1,10,,25006,30,,,2,13,,25023,30,,,1,69,,25009,30,,,2,27,,24998,30,,,1,71,,25004,30,,,1,28,,24988,30,,,1,71,,25011,30,,,1,29,,24999,30,,,1,73,,25007,30,,,1,19,,25026,30,,,1,6,,25010,30,,,1,68,,25013,30,,,1,31,,25000,30,,,1,55,,25022,23,,,1,16,,25018,30,,,1,37,,25012,30,,,1,53,,24990,30,,,2,17,,25002,30,,,1,19,,25025,30,,,2,13,,25024,30,,,1,52,,25019,23,,,1,21,,24997,30,,,1,24,,24996,30,,,2,62,,25001,30,,,2,27,,24989,30,,,2,67,,24994,30,,,1,32,,25029,23,,,1,80,,25005,30,,,2,95,,24995,30,,,1,40,,24991,30,,,2,144,,25017,30,,,1,98,,25030,30,,,2,25,,24992,30,,,1
3901,'Samedi-11',621,,26019,24,,,1,100,,26021,24,,,1,100,,26025,24,,,1,101,,26024,24,,,1,100,,26027,24,,,1,100,,26026,24,,,1,100,,26022,24,,,1,30,,26020,24,,,1,70,,26028,24,,,1,30,,26023,24,,,2,71,,26029,24,,,1,30,,26030,24,,,1,70,,26031,24,,,2,30,,26032,24,,,1,70,,26033,24,,,1,30,,26034,24,,,1,70,,26035,24,,,1,30,,26036,24,,,1,70,,26037,24,,,1,29,,26038,24,,,1,100,,26039,24,,,1,100,,26040,24,,,1,100,,26041,24,,,1,100,,26042,24,,,1
3901,'Samedi-2',621,,26043,24,,,1,100,,26045,24,,,1,100,,26049,24,,,1,101,,26048,24,,,1,100,,26051,24,,,1,100,,26050,24,,,1,100,,26046,24,,,1,30,,26044,24,,,1,70,,26052,24,,,1,30,,26047,24,,,2,71,,26053,24,,,1,30,,26054,24,,,1,70,,26055,24,,,2,30,,26056,24,,,1,70,,26057,24,,,1,30,,26058,24,,,1,70,,26059,24,,,1,30,,26060,24,,,1,70,,26061,24,,,1,29,,26062,24,,,1,100,,26063,24,,,1,100,,26064,24,,,1,100,,26065,24,,,1,100,,26066,24,,,1
3901,'Dimanche-2',621,,26067,24,,,1,100,,26074,24,,,1,100,,26068,24,,,1,101,,26071,24,,,1,100,,26076,24,,,1,100,,26069,24,,,1,100,,26075,24,,,1,30,,26070,24,,,1,70,,26072,24,,,1,30,,26077,24,,,2,71,,26079,24,,,1,30,,26073,24,,,1,70,,26078,24,,,2,30,,26080,24,,,1,70,,26081,24,,,1,30,,26086,24,,,1,70,,26088,24,,,1,30,,26090,24,,,1,70,,26087,24,,,1,29,,26084,24,,,1,100,,26085,24,,,1,100,,26089,24,,,1,100,,26082,24,,,1,100,,26083,24,,,1
3901,'Semaine-3',643,,26113,24,,,1,66,,26102,24,,,1,36,,26103,24,,,1,73,,26099,24,,,1,33,,26105,24,,,1,70,,26107,24,,,1,30,,26114,24,,,1,70,,26125,24,,,1,30,,26120,24,,,1,70,,26115,24,,,1,30,,26100,24,,,1,71,,26109,24,,,1,31,,26116,24,,,2,69,,26101,24,,,1,30,,26098,24,,,1,74,,26117,24,,,2,27,,26110,24,,,1,73,,26091,24,,,1,31,,26118,24,,,1,69,,26096,24,,,1,31,,26093,24,,,1,69,,26121,24,,,1,28,,26106,24,,,1,72,,26112,24,,,2,30,,26097,24,,,2,72,,26119,24,,,1,25,,26092,24,,,2,66,,26122,24,,,1,30,,26095,24,,,1,70,,26111,24,,,1,32,,26123,24,,,2,70,,26094,24,,,1,30,,26104,24,,,1,72,,26124,24,,,2,30,,26108,24,,,1
4800,'Semaine-3',1723,,26171,14,,,2
4900,'Samedi-11',747,,26175,52,,,1,100,,26176,52,,,1,104,,26173,52,,,1,100,,26177,52,,,1,100,,26174,52,,,1,100,,26178,52,,,1,99,,26179,52,,,1,104,,26180,52,,,1,98,,26181,52,,,1,100,,26182,52,,,1,100,,26183,52,,,1,95,,26184,52,,,1,100,,26185,52,,,1,100,,26186,52,,,1,100,,26187,52,,,1,100,,26188,52,,,1,100,,26189,52,,,1
4900,'Samedi-2',747,,26192,52,,,1,100,,26193,52,,,1,104,,26190,52,,,1,100,,26194,52,,,1,100,,26191,52,,,1,100,,26195,52,,,1,99,,26196,52,,,1,104,,26197,52,,,1,98,,26198,52,,,1,100,,26199,52,,,1,100,,26200,52,,,1,95,,26201,52,,,1,100,,26202,52,,,1,100,,26203,52,,,1,100,,26204,52,,,1,100,,26205,52,,,1,100,,26206,52,,,1
4900,'Dimanche-2',747,,26207,52,,,1,100,,26210,52,,,1,104,,26208,52,,,1,100,,26211,52,,,1,100,,26213,52,,,1,100,,26217,52,,,1,99,,26215,52,,,1,104,,26214,52,,,1,98,,26209,52,,,1,100,,26219,52,,,1,100,,26216,52,,,1,95,,26218,52,,,1,100,,26223,52,,,1,100,,26212,52,,,1,100,,26221,52,,,1,100,,26222,52,,,1,100,,26220,52,,,1
4900,'Semaine-3',709,,26251,52,,,1,13,,26246,39,,,1,5,,26258,39,,,1,3,,26234,39,,,1,3,,26262,52,,,1,2,,26257,39,,,1,3,,26259,39,,,1,4,,26261,39,,,1,5,,26260,39,,,1,55,,26254,52,,,1,31,,26255,52,,,1,5,,26250,39,,,1,71,,26249,52,,,1,27,,26244,52,,,1,72,,26236,52,,,1,32,,26256,52,,,1,72,,26252,52,,,1,30,,26247,52,,,1,70,,26224,52,,,1,30,,26245,52,,,1,70,,26226,52,,,1,30,,26231,52,,,1,70,,26233,52,,,1,29,,26237,52,,,1,71,,26253,52,,,1,38,,26235,52,,,1,70,,26238,52,,,1,30,,26229,52,,,1,70,,26241,52,,,1,30,,26232,52,,,1,67,,26230,52,,,1,30,,26248,52,,,1,66,,26242,52,,,1,95,,26225,52,,,1,100,,26243,52,,,1,100,,26240,52,,,1,97,,26227,52,,,1,97,,26239,52,,,1,100,,26228,52,,,1
6401,'Semaine-3',1520,,27369,3,,,2
32500,'Semaine-3',1628,,29274,21,0,7 8,1
32600,'Semaine-3',1629,,29277,21,0,7 8,1
32901,'Semaine-3',1637,,29280,26,0,7 8,1
56600,'Semaine-3',1520,,30095,3,0,5 6,1
56900,'Semaine-3',1520,,30097,3,0,5 6,2
73300,'Semaine-3',1632,,30121,20,,,1
82600,'Semaine-3',1530,,30315,11,0,9 12 13,1
83300,'Semaine-3',1531,,30331,10,0,9 12 13,1
