6400,'Samedi-10-_26ÉTÉ-0000010-',753,,42677,31,0,15 16,1,100,,42679,31,0,15 16,1,100,,42682,31,0,15 16,1,100,,42680,31,0,15 16,2,100,,42683,31,0,15 16,1,100,,42678,31,0,15 16,1,100,,42681,31,0,15 16,2,100,,42684,31,0,15 16,1,99,,42685,31,0,15 16,1,100,,42686,31,0,15 16,1,100,,42687,31,0,15 16,1,100,,42688,31,0,15 16,1
6400,'Semaine-2-_26ÉTÉ-1111100-',709,,42697,31,0,15 16,1,30,,42694,31,0,15 16,2,70,,42689,31,0,15 16,2,35,,42693,31,0,15 16,2,95,,42695,31,0,15 16,2,100,,42700,31,0,15 16,2,100,,42699,31,0,15 16,1,100,,42692,31,0,15 16,2,100,,42705,31,0,15 16,1,100,,42701,31,0,15 16,1,95,,42702,31,0,15 16,1,70,,42707,31,0,15 16,1,102,,42706,31,0,15 16,1,95,,42703,31,0,15 16,2,100,,42704,31,0,15 16,1,100,,42696,31,0,15 16,1,99,,42690,31,0,15 16,1,100,,42698,31,0,15 16,1,100,,42691,31,0,15 16,1
6400,'Semaine-3-_26ÉTÉ-1111100-',709,,42717,31,0,15 16,1,30,,42714,31,0,15 16,2,70,,42709,31,0,15 16,2,35,,42713,31,0,15 16,2,95,,42715,31,0,15 16,2,100,,42720,31,0,15 16,2,100,,42719,31,0,15 16,1,100,,42712,31,0,15 16,2,100,,42725,31,0,15 16,1,100,,42721,31,0,15 16,1,95,,42722,31,0,15 16,1,70,,42727,31,0,15 16,1,102,,42726,31,0,15 16,1,95,,42723,31,0,15 16,2,100,,42724,31,0,15 16,1,100,,42716,31,0,15 16,1,99,,42710,31,0,15 16,1,100,,42718,31,0,15 16,1,100,,42711,31,0,15 16,1
6400,'Semaine-4-_26ÉTÉ-1111100-',709,,42737,31,0,15 16,1,30,,42734,31,0,15 16,2,70,,42729,31,0,15 16,2,35,,42733,31,0,15 16,2,95,,42735,31,0,15 16,2,100,,42740,31,0,15 16,2,100,,42739,31,0,15 16,1,100,,42732,31,0,15 16,2,100,,42745,31,0,15 16,1,100,,42741,31,0,15 16,1,95,,42742,31,0,15 16,1,70,,42747,31,0,15 16,1,102,,42746,31,0,15 16,1,95,,42743,31,0,15 16,2,100,,42744,31,0,15 16,1,100,,42736,31,0,15 16,1,99,,42730,31,0,15 16,1,100,,42738,31,0,15 16,1,100,,42731,31,0,15 16,1
32500,'Semaine-2-_26ÉTÉ-1111100-',1618,,45835,5,0,7 8,1
32500,'Semaine-3-_26ÉTÉ-1111100-',1618,,45836,5,0,7 8,1
32600,'Semaine-2-_26ÉTÉ-1111100-',1618,,45840,5,0,7 8,1
32901,'Semaine-2-_26ÉTÉ-1111100-',1617,,45847,5,0,7 8,1
33101,'Semaine-2-_26ÉTÉ-1111100-',1616,,45851,5,0,7 8,1
56601,'Semaine-2-_26ÉTÉ-1111100-',708,,46767,24,,,1
56601,'Semaine-3-_26ÉTÉ-1111100-',708,,46768,24,,,1
56601,'Semaine-4-_26ÉTÉ-1111100-',708,,46769,24,,,1
56901,'Semaine-2-_26ÉTÉ-1111100-',708,,46770,7,,,1
56901,'Semaine-3-_26ÉTÉ-1111100-',708,,46771,7,,,1
56901,'Semaine-4-_26ÉTÉ-1111100-',708,,46772,7,,,1
