6401,'Samedi-3',731,,32579,28,,,1,100,,32576,28,,,1,100,,32578,28,,,1,100,,32581,28,,,1,100,,32577,28,,,2,100,,32582,28,,,1,100,,32580,28,,,1,100,,32583,28,,,2,100,,32584,28,,,1,100,,32585,28,,,1,100,,32586,28,,,1
6401,'Samedi-4',731,,36754,28,,,1,100,,36751,28,,,1,100,,36753,28,,,1,100,,36756,28,,,1,100,,36752,28,,,2,100,,36757,28,,,1,100,,36755,28,,,1,100,,36758,28,,,2,100,,36759,28,,,1,100,,36760,28,,,1,100,,36761,28,,,1
6401,'Dimanche-3',731,,32591,28,,,1,100,,32589,28,,,1,100,,32594,28,,,1,100,,32587,28,,,1,100,,32593,28,,,2,100,,32595,28,,,1,100,,32588,28,,,1,100,,32592,28,,,2,100,,32590,28,,,1,100,,32596,28,,,1,100,,32597,28,,,1
6401,'Semaine-4',531,,32598,28,,,1,108,,32608,28,,,1,100,,32610,28,,,1,100,,32607,28,,,1,95,,32615,28,,,1,99,,32602,28,,,1,101,,32601,28,,,1,100,,32613,28,,,1,100,,32609,28,,,1,100,,32611,28,,,1,117,,32612,37,,,2,85,,32603,28,,,2,97,,32599,28,,,1,101,,32600,28,,,2,98,,32606,28,,,1,100,,32604,28,,,1,100,,32605,28,,,1,100,,32614,28,,,1
6401,'Semaine-5',531,,36762,28,,,1,108,,36772,28,,,1,100,,36774,28,,,1,100,,36771,28,,,1,95,,36779,28,,,1,99,,36766,28,,,1,101,,36765,28,,,1,100,,36777,28,,,1,100,,36773,28,,,1,100,,36775,28,,,1,117,,36776,37,,,2,85,,36767,28,,,2,97,,36763,28,,,1,101,,36764,28,,,2,98,,36770,28,,,1,100,,36768,28,,,1,100,,36769,28,,,1,100,,36778,28,,,1
6601,'Samedi-3',658,,32817,30,,,1,100,,32819,30,,,1,100,,32823,30,,,1,100,,32820,30,,,2,100,,32824,30,,,1,100,,32818,30,,,1,100,,32821,30,,,1,100,,32822,30,,,1,100,,32825,30,,,2,100,,32826,30,,,1,100,,32827,30,,,1,100,,32828,30,,,1,100,,32829,30,,,1,100,,32831,30,,,1,100,,32830,30,,,1,100,,32832,30,,,1,100,,32833,30,,,1,100,,32834,30,,,2
6601,'Samedi-4',658,,36930,30,,,1,100,,36932,30,,,1,100,,36936,30,,,1,100,,36933,30,,,2,100,,36937,30,,,1,100,,36931,30,,,1,100,,36934,30,,,1,100,,36935,30,,,1,100,,36938,30,,,2,100,,36939,30,,,1,100,,36940,30,,,1,100,,36941,30,,,1,100,,36942,30,,,1,100,,36944,30,,,1,100,,36943,30,,,1,100,,36945,30,,,1,100,,36946,30,,,1,100,,36947,30,,,2
6601,'Dimanche-3',658,,32836,30,,,1,100,,32840,30,,,1,100,,32841,30,,,1,100,,32842,30,,,2,100,,32844,30,,,1,100,,32835,30,,,1,100,,32843,30,,,1,100,,32837,30,,,1,100,,32838,30,,,2,100,,32839,30,,,1,100,,32848,30,,,1,100,,32850,30,,,1,100,,32846,30,,,1,100,,32847,30,,,1,100,,32845,30,,,1,100,,32849,30,,,1,100,,32851,30,,,1,100,,32852,30,,,2
6601,'Semaine-4',549,,32862,30,,,1,60,,32855,30,,,1,20,,32864,30,,,2,18,,32870,30,,,1,60,,32865,30,,,1,20,,32856,30,,,1,22,,32868,30,,,1,60,,32861,30,,,1,18,,32877,30,,,2,20,,32854,30,,,1,60,,32867,30,,,1,18,,32878,30,,,1,19,,32886,30,,,1,103,,32866,30,,,1,99,,32858,30,,,1,101,,32882,30,,,1,98,,32883,30,,,1,101,,32869,30,,,1,65,,32857,30,,,1,19,,32874,30,,,1,18,,32871,30,,,1,63,,32884,30,,,1,18,,32853,30,,,1,20,,32879,30,,,1,62,,32872,30,,,1,18,,32885,30,,,2,20,,32875,30,,,1,62,,32880,30,,,1,17,,32873,30,,,2,22,,32881,30,,,1,59,,32887,30,,,1,92,,32860,30,,,1,100,,32859,30,,,1,58,,32863,30,,,1,100,,32876,30,,,1
6601,'Semaine-5',549,,36957,30,,,1,60,,36950,30,,,1,20,,36959,30,,,2,18,,36965,30,,,1,60,,36960,30,,,1,20,,36951,30,,,1,22,,36963,30,,,1,60,,36956,30,,,1,18,,36972,30,,,2,20,,36949,30,,,1,60,,36962,30,,,1,18,,36973,30,,,1,19,,36981,30,,,1,103,,36961,30,,,1,99,,36953,30,,,1,101,,36977,30,,,1,98,,36978,30,,,1,101,,36964,30,,,1,65,,36952,30,,,1,19,,36969,30,,,1,18,,36966,30,,,1,63,,36979,30,,,1,18,,36948,30,,,1,20,,36974,30,,,1,62,,36967,30,,,1,18,,36980,30,,,2,20,,36970,30,,,1,62,,36975,30,,,1,17,,36968,30,,,2,22,,36976,30,,,1,59,,36982,30,,,1,92,,36955,30,,,1,100,,36954,30,,,1,58,,36958,30,,,1,100,,36971,30,,,1
