6700,'Samedi-3',734,,32894,40,,,2,102,,32893,40,,,1,100,,32892,40,,,1,71,,32888,40,,,1,30,,32896,40,,,1,70,,32889,40,,,1,30,,32890,40,,,1,72,,32895,40,,,1,30,,32900,40,,,1,70,,32891,40,,,1,30,,32899,40,,,1,70,,32897,40,,,1,30,,32898,40,,,1,72,,32901,40,,,2,30,,32902,40,,,2,70,,32903,40,,,1,30,,32904,40,,,1,69,,32905,40,,,2,30,,32906,40,,,2,69,,32907,40,,,1,30,,32908,40,,,1,70,,32909,40,,,2,28,,32910,40,,,1,70,,32911,40,,,1,99,,32915,40,,,2,101,,32912,40,,,1,99,,32913,40,,,1,99,,32914,40,,,1
6700,'Dimanche-3',734,,32922,40,,,2,102,,32916,40,,,1,100,,32919,40,,,1,71,,32921,40,,,1,30,,32927,40,,,1,70,,32924,40,,,1,30,,32930,40,,,1,72,,32932,40,,,1,30,,32926,40,,,1,70,,32928,40,,,1,30,,32917,40,,,1,70,,32918,40,,,1,30,,32920,40,,,1,72,,32923,40,,,2,30,,32929,40,,,2,70,,32925,40,,,1,30,,32931,40,,,1,69,,32940,40,,,2,30,,32939,40,,,2,69,,32935,40,,,1,30,,32933,40,,,1,70,,32943,40,,,2,28,,32934,40,,,1,70,,32941,40,,,1,99,,32938,40,,,2,101,,32937,40,,,1,99,,32936,40,,,1,99,,32942,40,,,1
6700,'Semaine-4',638,,32952,40,,,1,70,,32946,40,,,1,30,,32954,40,,,1,62,,32963,40,,,1,18,,32947,40,,,2,17,,32972,40,,,1,70,,32957,40,,,1,31,,32965,40,,,1,20,,32955,40,,,1,59,,32975,40,,,1,20,,32973,40,,,1,20,,32960,40,,,1,61,,32976,40,,,2,20,,32966,40,,,1,20,,32969,40,,,1,60,,32977,40,,,1,20,,32974,40,,,1,20,,32961,40,,,1,60,,32978,40,,,1,20,,32967,40,,,1,20,,32970,40,,,1,60,,32979,40,,,1,22,,32959,40,,,1,20,,32962,40,,,1,58,,32980,40,,,1,330,,32982,40,,,1,55,,32956,40,,,2,15,,32981,40,,,2,19,,32964,40,,,1,70,,32944,40,,,2,30,,32968,40,,,1,70,,32948,40,,,2,30,,32971,40,,,1,70,,32945,40,,,2,30,,32953,40,,,1,69,,32949,40,,,1,28,,32958,40,,,2,68,,32951,40,,,1,29,,32950,40,,,1
6700,'Samedi-10-_26ÉTÉ-0000010-',734,,43291,40,,,2,102,,43290,40,,,1,100,,43289,40,,,1,71,,43285,40,,,1,30,,43293,40,,,1,70,,43286,40,,,1,30,,43287,40,,,1,72,,43292,40,,,1,30,,43297,40,,,1,70,,43288,40,,,1,30,,43296,40,,,1,70,,43294,40,,,1,30,,43295,40,,,1,72,,43298,40,,,2,30,,43299,40,,,2,70,,43300,40,,,1,30,,43301,40,,,1,69,,43302,40,,,2,30,,43303,40,,,2,69,,43304,40,,,1,30,,43305,40,,,1,70,,43306,40,,,2,28,,43307,40,,,1,70,,43308,40,,,1,99,,43312,40,,,2,101,,43309,40,,,2,99,,43310,40,,,1,99,,43311,40,,,1
6700,'Semaine-2-_26ÉTÉ-1111100-',637,,43321,40,,,1,71,,43315,40,,,1,30,,43323,40,,,1,20,,43332,40,,,1,60,,43316,40,,,2,17,,43341,40,,,1,70,,43326,40,,,1,31,,43334,40,,,1,20,,43324,40,,,2,59,,43344,40,,,2,20,,43342,40,,,1,21,,43329,40,,,2,60,,43345,40,,,2,20,,43335,40,,,1,20,,43338,40,,,2,60,,43346,40,,,1,20,,43343,40,,,1,20,,43330,40,,,1,60,,43347,40,,,1,20,,43336,40,,,1,20,,43339,40,,,2,60,,43348,40,,,1,22,,43328,40,,,1,20,,43331,40,,,2,58,,43349,40,,,1,330,,43351,40,,,1,55,,43325,40,,,2,15,,43350,40,,,1,19,,43333,40,,,1,70,,43313,40,,,1,30,,43337,40,,,2,70,,43317,40,,,1,30,,43340,40,,,1,71,,43314,40,,,1,28,,43322,40,,,2,70,,43318,40,,,1,28,,43327,40,,,2,68,,43320,40,,,2,29,,43319,40,,,1
6700,'Semaine-3-_26ÉTÉ-1111100-',637,,43360,40,,,1,71,,43354,40,,,1,30,,43362,40,,,1,20,,43371,40,,,1,60,,43355,40,,,2,17,,43380,40,,,1,70,,43365,40,,,1,31,,43373,40,,,1,20,,43363,40,,,2,59,,43383,40,,,2,20,,43381,40,,,1,21,,43368,40,,,2,60,,43384,40,,,2,20,,43374,40,,,1,20,,43377,40,,,2,60,,43385,40,,,1,20,,43382,40,,,1,20,,43369,40,,,1,60,,43386,40,,,1,20,,43375,40,,,1,20,,43378,40,,,2,60,,43387,40,,,1,22,,43367,40,,,1,20,,43370,40,,,2,58,,43388,40,,,1,330,,43390,40,,,1,55,,43364,40,,,2,15,,43389,40,,,1,19,,43372,40,,,1,70,,43352,40,,,1,30,,43376,40,,,2,70,,43356,40,,,1,30,,43379,40,,,1,71,,43353,40,,,1,28,,43361,40,,,2,70,,43357,40,,,1,28,,43366,40,,,2,68,,43359,40,,,2,29,,43358,40,,,1
6700,'Semaine-4-_26ÉTÉ-1111100-',637,,43399,40,,,1,71,,43393,40,,,1,30,,43401,40,,,1,20,,43410,40,,,1,60,,43394,40,,,2,17,,43419,40,,,1,70,,43404,40,,,1,31,,43412,40,,,1,20,,43402,40,,,2,59,,43422,40,,,2,20,,43420,40,,,1,21,,43407,40,,,2,60,,43423,40,,,2,20,,43413,40,,,1,20,,43416,40,,,2,60,,43424,40,,,1,20,,43421,40,,,1,20,,43408,40,,,1,60,,43425,40,,,1,20,,43414,40,,,1,20,,43417,40,,,2,60,,43426,40,,,1,22,,43406,40,,,1,20,,43409,40,,,2,58,,43427,40,,,1,330,,43429,40,,,1,55,,43403,40,,,2,15,,43428,40,,,1,19,,43411,40,,,1,70,,43391,40,,,1,30,,43415,40,,,2,70,,43395,40,,,1,30,,43418,40,,,1,71,,43392,40,,,1,28,,43400,40,,,2,70,,43396,40,,,1,28,,43405,40,,,2,68,,43398,40,,,2,29,,43397,40,,,1
8700,'Semaine-4',1536,,33937,38,,,2,17,,33936,38,,,2,60,,33929,38,,,2,15,,33931,38,,,1,15,,33928,38,,,1,15,,33938,38,,,2,55,,33934,38,,,1,14,,33935,38,,,1,18,,33930,38,,,1,57,,33933,38,,,1,19,,33932,38,,,1
8700,'Semaine-2-_26ÉTÉ-1111100-',1532,,45253,38,,,2,21,,45252,38,,,1,60,,45245,38,,,1,14,,45247,38,,,1,14,,45244,38,,,1,17,,45254,38,,,1,57,,45250,38,,,1,14,,45251,38,,,2,18,,45246,38,,,1,58,,45249,38,,,1,16,,45248,38,,,2
8700,'Semaine-3-_26ÉTÉ-1111100-',1532,,45264,38,,,2,21,,45263,38,,,1,60,,45256,38,,,1,14,,45258,38,,,1,14,,45255,38,,,1,17,,45265,38,,,1,57,,45261,38,,,1,14,,45262,38,,,2,18,,45257,38,,,1,58,,45260,38,,,1,16,,45259,38,,,2
8700,'Semaine-4-_26ÉTÉ-1111100-',1532,,45275,38,,,2,21,,45274,38,,,1,60,,45267,38,,,1,14,,45269,38,,,1,14,,45266,38,,,1,17,,45276,38,,,1,57,,45272,38,,,1,14,,45273,38,,,2,18,,45268,38,,,1,58,,45271,38,,,1,16,,45270,38,,,2
