2701,'Semaine-4',613,,30390,7,,,1,45,,30391,7,,,1,85,,30388,7,,,1,70,,30389,7,,,1
3300,'Samedi-3',721,,30672,45,,,1,133,,30677,45,,,1,99,,30674,45,,,1,99,,30678,45,,,1,102,,30673,45,,,1,100,,30676,45,,,1,101,,30675,45,,,1,100,,30679,45,,,1,103,,30680,45,,,1,97,,30681,45,,,1,100,,30682,45,,,1,98,,30683,45,,,1,96,,30684,45,,,1,100,,30688,45,,,1,100,,30685,45,,,1,100,,30686,45,,,1,100,,30687,45,,,1,98,,30689,45,,,1
3300,'Samedi-4',721,,35331,45,,,1,133,,35336,45,,,1,99,,35333,45,,,1,99,,35337,45,,,1,102,,35332,45,,,1,100,,35335,45,,,1,101,,35334,45,,,1,100,,35338,45,,,1,103,,35339,45,,,1,97,,35340,45,,,1,100,,35341,45,,,1,98,,35342,45,,,1,96,,35343,45,,,1,100,,35347,45,,,1,100,,35344,45,,,1,100,,35345,45,,,1,100,,35346,45,,,1,98,,35348,45,,,1
3300,'Dimanche-3',721,,30691,45,,,1,133,,30690,45,,,1,99,,30693,45,,,1,99,,30695,45,,,1,102,,30696,45,,,1,100,,30697,45,,,1,101,,30692,45,,,1,100,,30699,45,,,1,103,,30694,45,,,1,97,,30700,45,,,1,100,,30703,45,,,1,98,,30707,45,,,1,96,,30704,45,,,1,100,,30698,45,,,1,100,,30701,45,,,1,100,,30706,45,,,1,100,,30702,45,,,1,98,,30705,45,,,1
3300,'Semaine-4',656,,30735,39,,,1,76,,30734,46,,,1,22,,30740,46,,,2,55,,30713,46,,,1,23,,30728,46,,,1,21,,30736,46,,,1,5,,30747,46,,,1,49,,30748,46,,,1,29,,30741,46,,,1,15,,30723,46,,,1,50,,30726,46,,,2,8,,30743,45,,,1,29,,30729,45,,,2,67,,30718,45,,,1,31,,30724,45,,,1,68,,30708,45,,,1,31,,30731,45,,,1,69,,30719,45,,,1,33,,30727,45,,,1,19,,30746,45,,,1,46,,30730,45,,,1,28,,30733,45,,,1,71,,30720,45,,,1,15,,30742,38,,,1,16,,30738,45,,,1,79,,30732,45,,,1,13,,30710,45,,,2,17,,30722,45,,,1,18,,30745,45,,,2,53,,30744,45,,,1,12,,30739,38,,,1,21,,30717,45,,,1,64,,30716,45,,,2,22,,30721,45,,,2,27,,30709,45,,,2,67,,30714,45,,,1,32,,30749,38,,,1,80,,30725,45,,,2,95,,30715,45,,,1,80,,30711,45,,,2,104,,30737,45,,,1,98,,30750,45,,,2,24,,30712,45,,,1
33100,'Semaine-4',835,,34191,29,0,7 8,1
43300,'Semaine-4',1502,,34805,16,0,9 14,1,4,,34806,16,0,9 14,1
56600,'Semaine-4',1532,,34825,17,0,5 6,1
56900,'Semaine-4',1532,,34827,17,0,5 6,2
73300,'Semaine-4',1644,,34851,34,,,1
82701,'Semaine-4',750,,35015,7,0,9 12 13,1
