3101,'Samedi-11',658,,24735,19,,,1,94,,24741,19,,,1,99,,24738,19,,,1,97,,24742,19,,,1,97,,24736,19,,,1,100,,24740,19,,,1,100,,24737,19,,,1,100,,24739,19,,,1,103,,24743,19,,,1,97,,24744,19,,,1,100,,24745,19,,,1,100,,24746,19,,,1,101,,24747,19,,,1,101,,24752,19,,,1,100,,24748,19,,,1,100,,24749,19,,,1,102,,24750,19,,,1,100,,24751,19,,,1
3101,'Samedi-2',658,,24753,19,,,1,94,,24759,19,,,1,99,,24756,19,,,1,97,,24760,19,,,1,97,,24754,19,,,1,100,,24758,19,,,1,100,,24755,19,,,1,100,,24757,19,,,1,103,,24761,19,,,1,97,,24762,19,,,1,100,,24763,19,,,1,100,,24764,19,,,1,101,,24765,19,,,1,101,,24770,19,,,1,100,,24766,19,,,1,100,,24767,19,,,1,102,,24768,19,,,1,100,,24769,19,,,1
3101,'Dimanche-2',658,,24773,19,,,1,94,,24771,19,,,1,99,,24774,19,,,1,97,,24776,19,,,1,97,,24777,19,,,1,100,,24778,19,,,1,100,,24772,19,,,1,100,,24781,19,,,1,103,,24775,19,,,1,97,,24780,19,,,1,100,,24784,19,,,1,100,,24788,19,,,1,101,,24785,19,,,1,101,,24779,19,,,1,100,,24782,19,,,1,100,,24787,19,,,1,102,,24783,19,,,1,100,,24786,19,,,1
3101,'Semaine-3',539,,24792,19,,,1,75,,24826,19,,,1,30,,24806,19,,,1,67,,24793,19,,,1,31,,24829,19,,,1,60,,24789,19,,,1,11,,24831,7,,,1,5,,24803,19,,,1,17,,24804,19,,,1,13,,24823,19,,,1,59,,24794,19,,,1,22,,24796,19,,,1,20,,24821,19,,,1,60,,24813,19,,,1,20,,24822,19,,,1,20,,24795,19,,,1,60,,24797,19,,,1,21,,24817,19,,,1,20,,24827,19,,,1,59,,24816,19,,,1,20,,24798,19,,,1,21,,24790,19,,,1,57,,24820,19,,,1,22,,24830,19,,,1,19,,24815,19,,,1,60,,24799,19,,,1,19,,24818,19,,,1,23,,24819,19,,,1,61,,24828,19,,,1,19,,24814,19,,,1,14,,24800,19,,,1,58,,24811,19,,,1,21,,24812,19,,,1,22,,24801,19,,,1,59,,24807,19,,,1,21,,24791,19,,,1,20,,24824,19,,,1,59,,24832,19,,,1,26,,24802,19,,,1,98,,24825,19,,,1,100,,24808,19,,,1,100,,24805,19,,,1,98,,24809,19,,,1,103,,24810,19,,,1
3900,'Samedi-11',702,,25911,36,,,1,101,,25912,36,,,1,100,,25916,36,,,1,102,,25915,36,,,1,100,,25918,36,,,1,100,,25917,36,,,1,103,,25913,36,,,1,30,,25914,36,,,1,70,,25919,36,,,1,31,,25920,36,,,2,70,,25921,36,,,1,30,,25922,36,,,1,71,,25923,36,,,2,30,,25924,36,,,1,70,,25925,36,,,1,30,,25926,36,,,1,68,,25927,36,,,1,29,,25928,36,,,1,69,,25929,36,,,1,28,,25930,36,,,1,100,,25931,36,,,1,100,,25932,36,,,1,100,,25933,36,,,1,99,,25934,36,,,1
3900,'Samedi-2',702,,25935,36,,,1,101,,25936,36,,,1,100,,25940,36,,,1,102,,25939,36,,,1,100,,25942,36,,,1,100,,25941,36,,,1,103,,25937,36,,,1,30,,25938,36,,,1,70,,25943,36,,,1,31,,25944,36,,,2,70,,25945,36,,,1,30,,25946,36,,,1,71,,25947,36,,,2,30,,25948,36,,,1,70,,25949,36,,,1,30,,25950,36,,,1,68,,25951,36,,,1,29,,25952,36,,,1,69,,25953,36,,,1,28,,25954,36,,,1,100,,25955,36,,,1,100,,25956,36,,,1,100,,25957,36,,,1,99,,25958,36,,,1
3900,'Dimanche-2',702,,25959,36,,,1,101,,25966,36,,,1,100,,25960,36,,,1,102,,25962,36,,,1,100,,25968,36,,,1,100,,25961,36,,,1,103,,25967,36,,,1,30,,25963,36,,,1,70,,25964,36,,,1,31,,25969,36,,,2,70,,25971,36,,,1,30,,25965,36,,,1,71,,25970,36,,,2,30,,25972,36,,,1,70,,25973,36,,,1,30,,25979,36,,,1,68,,25980,36,,,1,29,,25982,36,,,1,69,,25978,36,,,1,28,,25976,36,,,1,100,,25977,36,,,1,100,,25981,36,,,1,100,,25974,36,,,1,99,,25975,36,,,1
3900,'Semaine-3',640,,26000,36,,,1,65,,25986,36,,,1,35,,26005,36,,,1,68,,25998,36,,,1,31,,25999,36,,,1,70,,25997,36,,,1,32,,25994,36,,,1,70,,26011,36,,,1,30,,26006,36,,,1,71,,26018,36,,,1,30,,26003,36,,,1,70,,26007,36,,,1,30,,25995,36,,,1,71,,25993,36,,,1,30,,26008,36,,,2,69,,25996,36,,,1,30,,25983,36,,,1,75,,26009,36,,,2,31,,25990,36,,,1,72,,25992,36,,,1,31,,26010,36,,,1,72,,25989,36,,,1,28,,25984,36,,,1,69,,26012,36,,,1,25,,25991,36,,,1,71,,25985,36,,,2,29,,26013,36,,,2,72,,25988,36,,,1,25,,26004,36,,,2,66,,26014,36,,,1,30,,25987,36,,,1,70,,26002,36,,,1,29,,26015,36,,,2,70,,26001,36,,,1,30,,26017,36,,,1,70,,26016,36,,,2
32900,'Semaine-3',829,,29279,27,0,7 8,1
57100,'Semaine-3',1519,,30099,3,0,5 6,1
82601,'Semaine-3',758,,30316,30,0,9 12 13,1,1,,30317,30,0,9 12 13,1
83101,'Semaine-3',808,,30328,19,0,9 12 13,1,2,,30329,19,0,9 12 13,1
