9301,'Semaine-4',643,,33961,49,,,1,60,,33959,49,,,1,23,,33958,49,,,1,75,,33962,49,,,2,30,,33960,49,,,1
9301,'Semaine-5',643,,37825,49,,,1,60,,37823,49,,,1,23,,37822,49,,,1,75,,37826,49,,,2,30,,37824,49,,,1
9501,'Semaine-4',636,,33978,63,,,2,15,,33974,63,,,1,53,,33976,63,,,1,20,,33981,63,,,2,17,,33977,63,,,2,17,,33979,63,,,1,55,,33980,63,,,2,16,,33975,63,,,2
9501,'Semaine-5',636,,37842,63,,,2,15,,37838,63,,,1,53,,37840,63,,,1,20,,37845,63,,,2,17,,37841,63,,,2,17,,37843,63,,,1,55,,37844,63,,,2,16,,37839,63,,,2
10001,'Semaine-4',629,,34108,11,,,1,10,,34106,11,,,1,10,,34105,11,,,1,10,,34104,11,,,1,49,,34107,11,,,1,11,,34109,11,,,1,10,,34110,11,,,1,10,,34111,11,,,1,10,,34112,11,,,1,10,,34113,11,,,1,50,,34114,11,,,1,10,,34115,11,,,1,9,,34116,11,,,1,10,,34117,11,,,1,10,,34118,11,,,1
10001,'Semaine-5',629,,37939,11,,,1,10,,37937,11,,,1,10,,37936,11,,,1,10,,37935,11,,,1,49,,37938,11,,,1,11,,37940,11,,,1,10,,37941,11,,,1,10,,37942,11,,,1,10,,37943,11,,,1,10,,37944,11,,,1,50,,37945,11,,,1,10,,37946,11,,,1,9,,37947,11,,,1,10,,37948,11,,,1,10,,37949,11,,,1
20001,'Semaine-4',630,,34150,9,,,1,3,,34151,11,,,1,10,,34152,9,,,1,2,,34153,11,,,1,7,,34154,9,,,1,7,,34176,11,,,1,45,,34155,9,,,1,7,,34156,11,,,1,5,,34173,9,,,1,5,,34157,11,,,1,6,,34172,9,,,1,4,,34159,11,,,1,4,,34168,9,,,1,3,,34158,9,,,1,3,,34149,11,,,1,4,,34175,9,,,1,3,,34164,9,,,1,3,,34160,11,,,1,4,,34162,9,,,1,4,,34174,9,,,1,42,,34161,11,,,1,9,,34165,9,,,1,5,,34163,11,,,1,1,,34167,9,,,1,7,,34166,11,,,1,6,,34177,9,,,1,7,,34169,11,,,1,6,,34170,9,,,1,3,,34171,11,,,1,6,,34178,9,,,1
20001,'Semaine-5',630,,37981,9,,,1,3,,37982,11,,,1,10,,37983,9,,,1,2,,37984,11,,,1,7,,37985,9,,,1,7,,38007,11,,,1,45,,37986,9,,,1,7,,37987,11,,,1,5,,38004,9,,,1,5,,37988,11,,,1,6,,38003,9,,,1,4,,37990,11,,,1,4,,37999,9,,,1,3,,37989,9,,,1,3,,37980,11,,,1,4,,38006,9,,,1,3,,37995,9,,,1,3,,37991,11,,,1,4,,37993,9,,,1,4,,38005,9,,,1,42,,37992,11,,,1,9,,37996,9,,,1,5,,37994,11,,,1,1,,37998,9,,,1,7,,37997,11,,,1,6,,38008,9,,,1,7,,38000,11,,,1,6,,38001,9,,,1,3,,38002,11,,,1,6,,38009,9,,,1
80401,'Samedi-4',1758,,38622,10,,,1
80401,'Semaine-5',1758,,38623,10,,,1
