6701,'Samedi-3',628,,32983,4,,,1,100,,32989,4,,,1,99,,32985,4,,,1,100,,32984,4,,,1,31,,32987,4,,,1,68,,32992,4,,,1,32,,32993,4,,,2,70,,32986,4,,,1,30,,32988,4,,,1,70,,32991,4,,,1,30,,32994,4,,,1,70,,32995,4,,,1,30,,32990,4,,,1,70,,32996,4,,,1,30,,32997,4,,,1,70,,32998,4,,,2,30,,32999,4,,,2,70,,33000,4,,,1,30,,33001,4,,,1,70,,33002,4,,,1,30,,33003,4,,,2,70,,33004,4,,,1,30,,33005,4,,,2,100,,33006,4,,,1,100,,33007,4,,,1,100,,33009,4,,,1,100,,33008,4,,,1
6701,'Samedi-4',628,,37050,4,,,1,100,,37056,4,,,1,99,,37052,4,,,1,100,,37051,4,,,1,31,,37054,4,,,1,68,,37059,4,,,1,32,,37060,4,,,2,70,,37053,4,,,1,30,,37055,4,,,1,70,,37058,4,,,1,30,,37061,4,,,1,70,,37062,4,,,1,30,,37057,4,,,1,70,,37063,4,,,1,30,,37064,4,,,1,70,,37065,4,,,2,30,,37066,4,,,2,70,,37067,4,,,1,30,,37068,4,,,1,70,,37069,4,,,1,30,,37070,4,,,2,70,,37071,4,,,1,30,,37072,4,,,2,100,,37073,4,,,1,100,,37074,4,,,1,100,,37076,4,,,1,100,,37075,4,,,1
6701,'Dimanche-3',628,,33010,4,,,1,100,,33015,4,,,1,99,,33018,4,,,1,100,,33013,4,,,1,31,,33011,4,,,1,68,,33012,4,,,1,32,,33014,4,,,2,70,,33022,4,,,1,30,,33016,4,,,1,70,,33020,4,,,1,30,,33017,4,,,1,70,,33025,4,,,1,30,,33026,4,,,1,70,,33023,4,,,1,30,,33028,4,,,1,70,,33019,4,,,2,30,,33031,4,,,2,70,,33024,4,,,1,30,,33021,4,,,1,70,,33029,4,,,1,30,,33032,4,,,2,70,,33036,4,,,1,30,,33035,4,,,2,100,,33027,4,,,1,100,,33033,4,,,1,100,,33030,4,,,1,100,,33034,4,,,1
6701,'Semaine-4',903,,33057,4,,,1,20,,33046,4,,,1,20,,33064,4,,,2,60,,33050,4,,,1,20,,33044,4,,,1,20,,33065,4,,,1,60,,33058,4,,,1,20,,33047,4,,,1,20,,33066,4,,,1,60,,33051,4,,,1,20,,33054,4,,,1,20,,33067,4,,,1,60,,33053,4,,,1,20,,33048,4,,,1,20,,33068,4,,,1,60,,33059,4,,,1,20,,33061,4,,,1,20,,33063,4,,,1,60,,33055,4,,,1,31,,33039,4,,,1,70,,33062,4,,,1,29,,33042,4,,,2,75,,33060,4,,,1,25,,33056,4,,,1,70,,33049,4,,,1,30,,33037,4,,,2,70,,33052,4,,,1,30,,33040,4,,,2,70,,33069,4,,,1,30,,33038,4,,,2,70,,33071,4,,,1,30,,33041,4,,,1,70,,33072,4,,,2,30,,33043,4,,,1,70,,33070,4,,,1,30,,33045,4,,,1
6701,'Samedi-10-_26ÉTÉ-0000010-',628,,43430,4,,,1,100,,43436,4,,,1,99,,43432,4,,,1,100,,43431,4,,,1,31,,43434,4,,,1,68,,43439,4,,,1,32,,43440,4,,,2,70,,43433,4,,,1,30,,43435,4,,,1,70,,43438,4,,,1,30,,43441,4,,,1,70,,43442,4,,,1,30,,43437,4,,,1,70,,43443,4,,,1,30,,43444,4,,,1,70,,43445,4,,,2,30,,43446,4,,,2,70,,43447,4,,,1,30,,43448,4,,,1,70,,43449,4,,,1,30,,43450,4,,,2,70,,43451,4,,,1,30,,43452,4,,,2,100,,43453,4,,,1,100,,43454,4,,,1,100,,43456,4,,,1,100,,43455,4,,,1
6701,'Semaine-2-_26ÉTÉ-1111100-',903,,43477,4,,,1,20,,43466,4,,,1,20,,43484,4,,,2,60,,43470,4,,,1,20,,43464,4,,,2,20,,43485,4,,,1,60,,43478,4,,,1,20,,43467,4,,,1,20,,43486,4,,,2,60,,43471,4,,,1,20,,43474,4,,,2,21,,43487,4,,,1,59,,43473,4,,,1,20,,43468,4,,,2,20,,43488,4,,,1,60,,43479,4,,,1,20,,43481,4,,,1,20,,43483,4,,,1,60,,43475,4,,,2,31,,43459,4,,,1,70,,43482,4,,,2,29,,43462,4,,,1,70,,43480,4,,,1,30,,43476,4,,,1,70,,43469,4,,,1,30,,43457,4,,,1,70,,43472,4,,,1,30,,43460,4,,,1,70,,43489,4,,,1,30,,43458,4,,,1,70,,43491,4,,,1,30,,43461,4,,,1,70,,43492,4,,,1,30,,43463,4,,,2,70,,43490,4,,,1,30,,43465,4,,,2
6701,'Semaine-3-_26ÉTÉ-1111100-',903,,43513,4,,,1,20,,43502,4,,,1,20,,43520,4,,,2,60,,43506,4,,,1,20,,43500,4,,,2,20,,43521,4,,,1,60,,43514,4,,,1,20,,43503,4,,,1,20,,43522,4,,,2,60,,43507,4,,,1,20,,43510,4,,,2,21,,43523,4,,,1,59,,43509,4,,,1,20,,43504,4,,,2,20,,43524,4,,,1,60,,43515,4,,,1,20,,43517,4,,,1,20,,43519,4,,,1,60,,43511,4,,,2,31,,43495,4,,,1,70,,43518,4,,,2,29,,43498,4,,,1,70,,43516,4,,,1,30,,43512,4,,,1,70,,43505,4,,,1,30,,43493,4,,,1,70,,43508,4,,,1,30,,43496,4,,,1,70,,43525,4,,,1,30,,43494,4,,,1,70,,43527,4,,,1,30,,43497,4,,,1,70,,43528,4,,,1,30,,43499,4,,,2,70,,43526,4,,,1,30,,43501,4,,,2
6701,'Semaine-4-_26ÉTÉ-1111100-',903,,43549,4,,,1,20,,43538,4,,,1,20,,43556,4,,,2,60,,43542,4,,,1,20,,43536,4,,,2,20,,43557,4,,,1,60,,43550,4,,,1,20,,43539,4,,,1,20,,43558,4,,,2,60,,43543,4,,,1,20,,43546,4,,,2,21,,43559,4,,,1,59,,43545,4,,,1,20,,43540,4,,,2,20,,43560,4,,,1,60,,43551,4,,,1,20,,43553,4,,,1,20,,43555,4,,,1,60,,43547,4,,,2,31,,43531,4,,,1,70,,43554,4,,,2,29,,43534,4,,,1,70,,43552,4,,,1,30,,43548,4,,,1,70,,43541,4,,,1,30,,43529,4,,,1,70,,43544,4,,,1,30,,43532,4,,,1,70,,43561,4,,,1,30,,43530,4,,,1,70,,43563,4,,,1,30,,43533,4,,,1,70,,43564,4,,,1,30,,43535,4,,,2,70,,43562,4,,,1,30,,43537,4,,,2
8701,'Semaine-4',508,,33947,4,,,1,30,,33940,4,,,1,70,,33945,4,,,1,20,,33943,4,,,1,13,,33941,4,,,1,17,,33950,4,,,1,55,,33946,4,,,1,18,,33942,4,,,1,15,,33949,4,,,1,58,,33948,4,,,1,22,,33944,4,,,1,17,,33939,4,,,1
8701,'Semaine-2-_26ÉTÉ-1111100-',507,,45285,4,,,1,31,,45278,4,,,1,67,,45283,4,,,2,20,,45281,4,,,2,18,,45279,4,,,1,15,,45288,4,,,2,53,,45284,4,,,2,17,,45280,4,,,2,15,,45287,4,,,1,60,,45286,4,,,2,20,,45282,4,,,2,20,,45277,4,,,2
8701,'Semaine-3-_26ÉTÉ-1111100-',507,,45297,4,,,1,31,,45290,4,,,1,67,,45295,4,,,2,20,,45293,4,,,2,18,,45291,4,,,1,15,,45300,4,,,2,53,,45296,4,,,2,17,,45292,4,,,2,15,,45299,4,,,1,60,,45298,4,,,2,20,,45294,4,,,2,20,,45289,4,,,2
8701,'Semaine-4-_26ÉTÉ-1111100-',507,,45309,4,,,1,31,,45302,4,,,1,67,,45307,4,,,2,20,,45305,4,,,2,18,,45303,4,,,1,15,,45312,4,,,2,53,,45308,4,,,2,17,,45304,4,,,2,15,,45311,4,,,1,60,,45310,4,,,2,20,,45306,4,,,2,20,,45301,4,,,2
