2301,'Semaine-2-_26ÉTÉ-1111100-',635,,38715,28,,,1,70,,38712,28,,,1,33,,38716,28,,,1,71,,38714,28,,,2,28,,38713,28,,,2
2301,'Semaine-3-_26ÉTÉ-1111100-',635,,38720,28,,,1,70,,38717,28,,,1,33,,38721,28,,,1,71,,38719,28,,,2,28,,38718,28,,,2
2301,'Semaine-4-_26ÉTÉ-1111100-',635,,38725,28,,,1,70,,38722,28,,,1,33,,38726,28,,,1,71,,38724,28,,,2,28,,38723,28,,,2
2501,'Semaine-2-_26ÉTÉ-1111100-',620,,38749,35,,,1,29,,38748,35,,,1,73,,38746,35,,,2,36,,38747,35,,,2,68,,38750,35,,,1,29,,38745,35,,,1
2501,'Semaine-3-_26ÉTÉ-1111100-',620,,38755,35,,,1,29,,38754,35,,,1,73,,38752,35,,,2,36,,38753,35,,,2,68,,38756,35,,,1,29,,38751,35,,,1
2501,'Semaine-4-_26ÉTÉ-1111100-',620,,38761,35,,,1,29,,38760,35,,,1,73,,38758,35,,,2,36,,38759,35,,,2,68,,38762,35,,,1,29,,38757,35,,,1
2701,'Semaine-2-_26ÉTÉ-1111100-',635,,38810,38,,,1,88,,38811,38,,,1,86,,38808,38,,,1,30,,38809,38,,,1
2701,'Semaine-3-_26ÉTÉ-1111100-',635,,38814,38,,,1,88,,38815,38,,,1,86,,38812,38,,,1,30,,38813,38,,,1
2701,'Semaine-4-_26ÉTÉ-1111100-',635,,38818,38,,,1,88,,38819,38,,,1,86,,38816,38,,,1,30,,38817,38,,,1
3301,'Samedi-10-_26ÉTÉ-0000010-',732,,39624,40,,,1,100,,39625,40,,,1,100,,39622,40,,,2,100,,39628,40,,,1,100,,39629,40,,,1,101,,39623,40,,,1,100,,39626,40,,,1,100,,39627,40,,,1,102,,39630,40,,,1,98,,39631,40,,,1,100,,39632,40,,,1,96,,39639,40,,,1,100,,39633,40,,,1,100,,39634,40,,,1,100,,39635,40,,,1,100,,39636,40,,,1,100,,39637,40,,,1,100,,39638,40,,,1
3301,'Semaine-2-_26ÉTÉ-1111100-',619,,39663,40,,,2,22,,39671,40,,,2,64,,39648,40,,,1,17,,39668,40,,,1,18,,39664,40,,,2,4,,39659,40,,,1,9,,39679,40,,,1,51,,39677,40,,,2,22,,39666,40,,,2,12,,39654,40,,,1,10,,39670,40,,,2,55,,39644,40,,,1,30,,39656,40,,,1,68,,39662,40,,,1,31,,39652,40,,,2,68,,39673,40,,,1,31,,39657,40,,,1,69,,39649,40,,,1,32,,39651,40,,,1,20,,39669,40,,,1,6,,39678,40,,,1,68,,39660,40,,,1,29,,39650,40,,,1,71,,39655,40,,,1,74,,39658,41,,,1,12,,39680,41,,,1,19,,39661,41,,,1,18,,39653,41,,,2,53,,39665,41,,,2,33,,39646,41,,,1,68,,39676,41,,,1,23,,39643,41,,,2,26,,39640,41,,,2,68,,39674,40,,,1,82,,39647,40,,,1,30,,39642,40,,,1,97,,39645,40,,,1,81,,39667,40,,,1,105,,39672,40,,,1,97,,39641,40,,,1,124,,39675,40,,,1
3301,'Semaine-3-_26ÉTÉ-1111100-',619,,39704,40,,,2,22,,39712,40,,,2,64,,39689,40,,,1,17,,39709,40,,,1,18,,39705,40,,,2,4,,39700,40,,,1,9,,39720,40,,,1,51,,39718,40,,,2,22,,39707,40,,,2,12,,39695,40,,,1,10,,39711,40,,,2,55,,39685,40,,,1,30,,39697,40,,,1,68,,39703,40,,,1,31,,39693,40,,,2,68,,39714,40,,,1,31,,39698,40,,,1,69,,39690,40,,,1,32,,39692,40,,,1,20,,39710,40,,,1,6,,39719,40,,,1,68,,39701,40,,,1,29,,39691,40,,,1,71,,39696,40,,,1,74,,39699,41,,,1,12,,39721,41,,,1,19,,39702,41,,,1,18,,39694,41,,,2,53,,39706,41,,,2,33,,39687,41,,,1,68,,39717,41,,,1,23,,39684,41,,,2,26,,39681,41,,,2,68,,39715,40,,,1,82,,39688,40,,,1,30,,39683,40,,,1,97,,39686,40,,,1,81,,39708,40,,,1,105,,39713,40,,,1,97,,39682,40,,,1,124,,39716,40,,,1
3301,'Semaine-4-_26ÉTÉ-1111100-',619,,39745,40,,,2,22,,39753,40,,,2,64,,39730,40,,,1,17,,39750,40,,,1,18,,39746,40,,,2,4,,39741,40,,,1,9,,39761,40,,,1,51,,39759,40,,,2,22,,39748,40,,,2,12,,39736,40,,,1,10,,39752,40,,,2,55,,39726,40,,,1,30,,39738,40,,,1,68,,39744,40,,,1,31,,39734,40,,,2,68,,39755,40,,,1,31,,39739,40,,,1,69,,39731,40,,,1,32,,39733,40,,,1,20,,39751,40,,,1,6,,39760,40,,,1,68,,39742,40,,,1,29,,39732,40,,,1,71,,39737,40,,,1,74,,39740,41,,,1,12,,39762,41,,,1,19,,39743,41,,,1,18,,39735,41,,,2,53,,39747,41,,,2,33,,39728,41,,,1,68,,39758,41,,,1,23,,39725,41,,,2,26,,39722,41,,,2,68,,39756,40,,,1,82,,39729,40,,,1,30,,39724,40,,,1,97,,39727,40,,,1,81,,39749,40,,,1,105,,39754,40,,,1,97,,39723,40,,,1,124,,39757,40,,,1
