3600,'Semaine-1-_26ÉTÉ-1111100-',926,,50018,41,,,1,102,,50019,41,,,1,101,,50017,41,,,1,100,,50020,41,,,1,100,,50022,41,,,1,100,,50023,41,,,1,99,,50021,41,,,1
3600,'Semaine-10-_26ÉTÉ-1111100-',926,,50025,41,,,1,102,,50026,41,,,1,101,,50024,41,,,1,100,,50027,41,,,1,100,,50029,41,,,1,100,,50030,41,,,1,99,,50028,41,,,1
3600,'Semaine-11-_26ÉTÉ-1111100-',926,,50032,41,,,1,102,,50033,41,,,1,101,,50031,41,,,1,100,,50034,41,,,1,100,,50036,41,,,1,100,,50037,41,,,1,99,,50035,41,,,1
3600,'Semaine-12-_26ÉTÉ-1111100-',926,,50039,41,,,1,102,,50040,41,,,1,101,,50038,41,,,1,100,,50041,41,,,1,100,,50043,41,,,1,100,,50044,41,,,1,99,,50042,41,,,1
3700,'Samedi-0-_26ÉTÉ-0000010-',743,,50087,33,,,1,100,,50088,33,,,1,101,,50090,33,,,1,102,,50091,33,,,1,100,,50089,33,,,1,102,,50092,33,,,1,100,,50093,33,,,1,101,,50094,33,,,1,99,,50095,33,,,1,100,,50096,33,,,1,100,,50097,33,,,1,99,,50098,33,,,1,98,,50099,33,,,1,100,,50100,33,,,1,100,,50101,33,,,1,100,,50102,33,,,1,97,,50103,33,,,1,100,,50104,33,,,1
3700,'Dimanche-0-_26ÉTÉ-0000001-',743,,50105,33,,,1,100,,50108,33,,,1,101,,50112,33,,,1,102,,50109,33,,,1,100,,50107,33,,,1,102,,50111,33,,,1,100,,50106,33,,,1,101,,50110,33,,,1,99,,50117,33,,,1,100,,50113,33,,,1,100,,50116,33,,,1,99,,50120,33,,,1,98,,50114,33,,,1,100,,50115,33,,,1,100,,50119,33,,,1,100,,50121,33,,,1,97,,50118,33,,,1,100,,50122,33,,,1
3700,'Dimanche-10-_26ÉTÉ-0000001-',743,,50123,33,,,1,100,,50126,33,,,1,101,,50130,33,,,1,102,,50127,33,,,1,100,,50125,33,,,1,102,,50129,33,,,1,100,,50124,33,,,1,101,,50128,33,,,1,99,,50135,33,,,1,100,,50131,33,,,1,100,,50134,33,,,1,99,,50138,33,,,1,98,,50132,33,,,1,100,,50133,33,,,1,100,,50137,33,,,1,100,,50139,33,,,1,97,,50136,33,,,1,100,,50140,33,,,1
3700,'Dimanche-11-_26ÉTÉ-0000001-',743,,50141,33,,,1,100,,50144,33,,,1,101,,50148,33,,,1,102,,50145,33,,,1,100,,50143,33,,,1,102,,50147,33,,,1,100,,50142,33,,,1,101,,50146,33,,,1,99,,50153,33,,,1,100,,50149,33,,,1,100,,50152,33,,,1,99,,50156,33,,,1,98,,50150,33,,,1,100,,50151,33,,,1,100,,50155,33,,,1,100,,50157,33,,,1,97,,50154,33,,,1,100,,50158,33,,,1
3700,'Semaine-1-_26ÉTÉ-1111100-',704,,50180,33,,,1,41,,50186,33,,,1,70,,50177,33,,,1,31,,50161,33,,,1,68,,50175,33,,,1,90,,50167,33,,,1,100,,50163,33,,,1,100,,50164,33,,,1,100,,50165,33,,,1,103,,50166,33,,,1,100,,50172,33,,,1,48,,50173,33,,,1,57,,50174,33,,,1,15,,50160,33,,,1,15,,50182,33,,,1,63,,50169,33,,,1,32,,50178,33,,,1,21,,50168,33,,,1,68,,50162,33,,,1,29,,50159,33,,,1,66,,50170,33,,,1,32,,50185,33,,,1,68,,50176,33,,,1,35,,50187,33,,,1,99,,50183,33,,,1,98,,50171,33,,,1,100,,50181,33,,,1,99,,50184,33,,,1,55,,50179,33,,,1
3700,'Semaine-10-_26ÉTÉ-1111100-',704,,50209,33,,,1,41,,50215,33,,,1,70,,50206,33,,,1,31,,50190,33,,,1,68,,50204,33,,,1,90,,50196,33,,,1,100,,50192,33,,,1,100,,50193,33,,,1,100,,50194,33,,,1,103,,50195,33,,,1,100,,50201,33,,,1,48,,50202,33,,,1,57,,50203,33,,,1,15,,50189,33,,,1,15,,50211,33,,,1,63,,50198,33,,,1,32,,50207,33,,,1,21,,50197,33,,,1,68,,50191,33,,,1,29,,50188,33,,,1,66,,50199,33,,,1,32,,50214,33,,,1,68,,50205,33,,,1,35,,50216,33,,,1,99,,50212,33,,,1,98,,50200,33,,,1,100,,50210,33,,,1,99,,50213,33,,,1,55,,50208,33,,,1
3700,'Semaine-11-_26ÉTÉ-1111100-',704,,50238,33,,,1,41,,50244,33,,,1,70,,50235,33,,,1,31,,50219,33,,,1,68,,50233,33,,,1,90,,50225,33,,,1,100,,50221,33,,,1,100,,50222,33,,,1,100,,50223,33,,,1,103,,50224,33,,,1,100,,50230,33,,,1,48,,50231,33,,,1,57,,50232,33,,,1,15,,50218,33,,,1,15,,50240,33,,,1,63,,50227,33,,,1,32,,50236,33,,,1,21,,50226,33,,,1,68,,50220,33,,,1,29,,50217,33,,,1,66,,50228,33,,,1,32,,50243,33,,,1,68,,50234,33,,,1,35,,50245,33,,,1,99,,50241,33,,,1,98,,50229,33,,,1,100,,50239,33,,,1,99,,50242,33,,,1,55,,50237,33,,,1
3700,'Semaine-12-_26ÉTÉ-1111100-',704,,50267,33,,,1,41,,50273,33,,,1,70,,50264,33,,,1,31,,50248,33,,,1,68,,50262,33,,,1,90,,50254,33,,,1,100,,50250,33,,,1,100,,50251,33,,,1,100,,50252,33,,,1,103,,50253,33,,,1,100,,50259,33,,,1,48,,50260,33,,,1,57,,50261,33,,,1,15,,50247,33,,,1,15,,50269,33,,,1,63,,50256,33,,,1,32,,50265,33,,,1,21,,50255,33,,,1,68,,50249,33,,,1,29,,50246,33,,,1,66,,50257,33,,,1,32,,50272,33,,,1,68,,50263,33,,,1,35,,50274,33,,,1,99,,50270,33,,,1,98,,50258,33,,,1,100,,50268,33,,,1,99,,50271,33,,,1,55,,50266,33,,,1
37100,'Samedi-0-_26ÉTÉ-0000010-',814,,61036,34,,,1,102,,61040,34,,,1,99,,61035,34,,,1,102,,61041,34,,,1,100,,61037,34,,,1,100,,61038,34,,,1,100,,61039,34,,,1,103,,61042,34,,,1,100,,61043,34,,,1,100,,61044,34,,,1,99,,61045,34,,,1,98,,61046,34,,,1,100,,61047,34,,,1,98,,61048,34,,,1,100,,61049,34,,,1,100,,61050,34,,,1,98,,61051,34,,,1
37100,'Dimanche-0-_26ÉTÉ-0000001-',814,,61052,34,,,1,102,,61058,34,,,1,99,,61059,34,,,1,102,,61060,34,,,1,100,,61053,34,,,1,100,,61055,34,,,1,100,,61054,34,,,1,103,,61056,34,,,1,100,,61057,34,,,1,100,,61062,34,,,1,99,,61067,34,,,1,98,,61061,34,,,1,100,,61063,34,,,1,98,,61068,34,,,1,100,,61066,34,,,1,100,,61064,34,,,1,98,,61065,34,,,1
37100,'Dimanche-10-_26ÉTÉ-0000001-',814,,61069,34,,,1,102,,61075,34,,,1,99,,61076,34,,,1,102,,61077,34,,,1,100,,61070,34,,,1,100,,61072,34,,,1,100,,61071,34,,,1,103,,61073,34,,,1,100,,61074,34,,,1,100,,61079,34,,,1,99,,61084,34,,,1,98,,61078,34,,,1,100,,61080,34,,,1,98,,61085,34,,,1,100,,61083,34,,,1,100,,61081,34,,,1,98,,61082,34,,,1
37100,'Dimanche-11-_26ÉTÉ-0000001-',814,,61086,34,,,1,102,,61092,34,,,1,99,,61093,34,,,1,102,,61094,34,,,1,100,,61087,34,,,1,100,,61089,34,,,1,100,,61088,34,,,1,103,,61090,34,,,1,100,,61091,34,,,1,100,,61096,34,,,1,99,,61101,34,,,1,98,,61095,34,,,1,100,,61097,34,,,1,98,,61102,34,,,1,100,,61100,34,,,1,100,,61098,34,,,1,98,,61099,34,,,1
37100,'Semaine-1-_26ÉTÉ-1111100-',725,,61116,34,,,1,32,,61113,34,,,1,70,,61109,34,,,1,29,,61104,34,,,1,90,,61123,34,,,1,97,,61108,34,,,1,102,,61110,34,,,1,100,,61122,34,,,1,100,,61117,34,,,1,103,,61106,34,,,1,95,,61118,34,,,1,58,,61127,34,,,1,17,,61107,34,,,1,15,,61128,34,,,1,25,,61103,34,,,1,61,,61112,34,,,1,28,,61119,34,,,1,63,,61125,34,,,1,26,,61124,34,,,1,70,,61114,34,,,1,28,,61126,34,,,1,70,,61129,34,,,1,30,,61115,34,,,1,95,,61111,34,,,1,100,,61121,34,,,1,100,,61120,34,,,1,97,,61105,34,,,1
37100,'Semaine-10-_26ÉTÉ-1111100-',725,,61143,34,,,1,32,,61140,34,,,1,70,,61136,34,,,1,29,,61131,34,,,1,90,,61150,34,,,1,97,,61135,34,,,1,102,,61137,34,,,1,100,,61149,34,,,1,100,,61144,34,,,1,103,,61133,34,,,1,95,,61145,34,,,1,58,,61154,34,,,1,17,,61134,34,,,1,15,,61155,34,,,1,25,,61130,34,,,1,61,,61139,34,,,1,28,,61146,34,,,1,63,,61152,34,,,1,26,,61151,34,,,1,70,,61141,34,,,1,28,,61153,34,,,1,70,,61156,34,,,1,30,,61142,34,,,1,95,,61138,34,,,1,100,,61148,34,,,1,100,,61147,34,,,1,97,,61132,34,,,1
37100,'Semaine-11-_26ÉTÉ-1111100-',725,,61170,34,,,1,32,,61167,34,,,1,70,,61163,34,,,1,29,,61158,34,,,1,90,,61177,34,,,1,97,,61162,34,,,1,102,,61164,34,,,1,100,,61176,34,,,1,100,,61171,34,,,1,103,,61160,34,,,1,95,,61172,34,,,1,58,,61181,34,,,1,17,,61161,34,,,1,15,,61182,34,,,1,25,,61157,34,,,1,61,,61166,34,,,1,28,,61173,34,,,1,63,,61179,34,,,1,26,,61178,34,,,1,70,,61168,34,,,1,28,,61180,34,,,1,70,,61183,34,,,1,30,,61169,34,,,1,95,,61165,34,,,1,100,,61175,34,,,1,100,,61174,34,,,1,97,,61159,34,,,1
37100,'Semaine-12-_26ÉTÉ-1111100-',725,,61197,34,,,1,32,,61194,34,,,1,70,,61190,34,,,1,29,,61185,34,,,1,90,,61204,34,,,1,97,,61189,34,,,1,102,,61191,34,,,1,100,,61203,34,,,1,100,,61198,34,,,1,103,,61187,34,,,1,95,,61199,34,,,1,58,,61208,34,,,1,17,,61188,34,,,1,15,,61209,34,,,1,25,,61184,34,,,1,61,,61193,34,,,1,28,,61200,34,,,1,63,,61206,34,,,1,26,,61205,34,,,1,70,,61195,34,,,1,28,,61207,34,,,1,70,,61210,34,,,1,30,,61196,34,,,1,95,,61192,34,,,1,100,,61202,34,,,1,100,,61201,34,,,1,97,,61186,34,,,1
