7300,'Semaine-1-_26ÉTÉ-1111100-',623,,58116,16,,,1,30,,58114,16,,,2,73,,58117,16,,,2,29,,58124,16,,,1,70,,58118,16,,,1,28,,58119,16,,,2,100,,58121,16,,,1,100,,58105,16,,,1,100,,58102,16,,,1,100,,58103,16,,,2,100,,58104,16,,,2,101,,58106,16,,,2,69,,58107,16,,,1,30,,58125,16,,,1,76,,58122,16,,,2,24,,58123,16,,,2,70,,58120,16,,,1,30,,58108,16,,,1,70,,58109,16,,,1,28,,58110,16,,,1,100,,58111,16,,,1,105,,58112,16,,,2,100,,58113,16,,,1,100,,58115,16,,,2
7300,'Semaine-10-_26ÉTÉ-1111100-',623,,58140,16,,,1,30,,58138,16,,,2,73,,58141,16,,,2,29,,58148,16,,,1,70,,58142,16,,,1,28,,58143,16,,,2,100,,58145,16,,,1,100,,58129,16,,,1,100,,58126,16,,,1,100,,58127,16,,,2,100,,58128,16,,,2,101,,58130,16,,,2,69,,58131,16,,,1,30,,58149,16,,,1,76,,58146,16,,,2,24,,58147,16,,,2,70,,58144,16,,,1,30,,58132,16,,,1,70,,58133,16,,,1,28,,58134,16,,,1,100,,58135,16,,,1,105,,58136,16,,,2,100,,58137,16,,,1,100,,58139,16,,,2
7300,'Semaine-11-_26ÉTÉ-1111100-',623,,58164,16,,,1,30,,58162,16,,,2,73,,58165,16,,,2,29,,58172,16,,,1,70,,58166,16,,,1,28,,58167,16,,,2,100,,58169,16,,,1,100,,58153,16,,,1,100,,58150,16,,,1,100,,58151,16,,,2,100,,58152,16,,,2,101,,58154,16,,,2,69,,58155,16,,,1,30,,58173,16,,,1,76,,58170,16,,,2,24,,58171,16,,,2,70,,58168,16,,,1,30,,58156,16,,,1,70,,58157,16,,,1,28,,58158,16,,,1,100,,58159,16,,,1,105,,58160,16,,,2,100,,58161,16,,,1,100,,58163,16,,,2
7300,'Semaine-12-_26ÉTÉ-1111100-',623,,58188,16,,,1,30,,58186,16,,,2,73,,58189,16,,,2,29,,58196,16,,,1,70,,58190,16,,,1,28,,58191,16,,,2,100,,58193,16,,,1,100,,58177,16,,,1,100,,58174,16,,,1,100,,58175,16,,,2,100,,58176,16,,,2,101,,58178,16,,,2,69,,58179,16,,,1,30,,58197,16,,,1,76,,58194,16,,,2,24,,58195,16,,,2,70,,58192,16,,,1,30,,58180,16,,,1,70,,58181,16,,,1,28,,58182,16,,,1,100,,58183,16,,,1,105,,58184,16,,,2,100,,58185,16,,,1,100,,58187,16,,,2
7300,'Semaine-5-_26ÉTÉ-1111100-',623,,58212,16,,,1,30,,58210,16,,,2,73,,58213,16,,,2,29,,58220,16,,,1,70,,58214,16,,,1,28,,58215,16,,,2,100,,58217,16,,,1,100,,58201,16,,,1,100,,58198,16,,,1,100,,58199,16,,,2,100,,58200,16,,,2,101,,58202,16,,,2,69,,58203,16,,,1,30,,58221,16,,,1,76,,58218,16,,,2,24,,58219,16,,,2,70,,58216,16,,,1,30,,58204,16,,,1,70,,58205,16,,,1,28,,58206,16,,,1,100,,58207,16,,,1,105,,58208,16,,,2,100,,58209,16,,,1,100,,58211,16,,,2
7901,'Semaine-1-_26ÉTÉ-1111100-',538,,59842,1,,,1,100,,59846,1,,,1,70,,59844,1,,,1,30,,59845,1,,,1,70,,59843,1,,,2,30,,59847,1,,,1
7901,'Semaine-10-_26ÉTÉ-1111100-',538,,59848,1,,,1,100,,59852,1,,,1,70,,59850,1,,,1,30,,59851,1,,,1,70,,59849,1,,,2,30,,59853,1,,,1
7901,'Semaine-11-_26ÉTÉ-1111100-',538,,59854,1,,,1,100,,59858,1,,,1,70,,59856,1,,,1,30,,59857,1,,,1,70,,59855,1,,,2,30,,59859,1,,,1
7901,'Semaine-12-_26ÉTÉ-1111100-',538,,59860,1,,,1,100,,59864,1,,,1,70,,59862,1,,,1,30,,59863,1,,,1,70,,59861,1,,,2,30,,59865,1,,,1
7901,'Semaine-5-_26ÉTÉ-1111100-',538,,59866,1,,,1,100,,59870,1,,,1,70,,59868,1,,,1,30,,59869,1,,,1,70,,59867,1,,,2,30,,59871,1,,,1
