7101,'Samedi-0-_26ÉTÉ-0000010-',734,,57679,3,,,2,100,,57678,3,,,2,100,,57683,3,,,1,100,,57681,3,,,1,100,,57682,3,,,1,100,,57677,3,,,1,102,,57680,3,,,1,99,,57684,3,,,2,99,,57685,3,,,2,100,,57686,3,,,2,100,,57687,3,,,2,100,,57688,3,,,2,100,,57689,3,,,1,100,,57690,3,,,1,100,,57691,3,,,2,100,,57692,3,,,1
7101,'Dimanche-0-_26ÉTÉ-0000001-',734,,57698,3,,,2,100,,57697,3,,,2,100,,57699,3,,,1,100,,57700,3,,,1,100,,57695,3,,,1,100,,57694,3,,,1,102,,57696,3,,,1,99,,57693,3,,,2,99,,57703,3,,,2,100,,57704,3,,,2,100,,57705,3,,,2,100,,57706,3,,,2,100,,57701,3,,,1,100,,57702,3,,,1,100,,57708,3,,,2,100,,57707,3,,,1
7101,'Dimanche-10-_26ÉTÉ-0000001-',734,,57714,3,,,2,100,,57713,3,,,2,100,,57715,3,,,1,100,,57716,3,,,1,100,,57711,3,,,1,100,,57710,3,,,1,102,,57712,3,,,1,99,,57709,3,,,2,99,,57719,3,,,2,100,,57720,3,,,2,100,,57721,3,,,2,100,,57722,3,,,2,100,,57717,3,,,1,100,,57718,3,,,1,100,,57724,3,,,2,100,,57723,3,,,1
7101,'Dimanche-11-_26ÉTÉ-0000001-',734,,57730,3,,,2,100,,57729,3,,,2,100,,57731,3,,,1,100,,57732,3,,,1,100,,57727,3,,,1,100,,57726,3,,,1,102,,57728,3,,,1,99,,57725,3,,,2,99,,57735,3,,,2,100,,57736,3,,,2,100,,57737,3,,,2,100,,57738,3,,,2,100,,57733,3,,,1,100,,57734,3,,,1,100,,57740,3,,,2,100,,57739,3,,,1
7101,'Semaine-1-_26ÉTÉ-1111100-',536,,57758,3,,,2,22,,57775,3,,,2,56,,57776,3,,,2,20,,57759,3,,,1,20,,57760,3,,,1,55,,57770,3,,,1,20,,57752,3,,,1,15,,57755,3,,,2,58,,57778,3,,,2,30,,57741,3,,,1,70,,57768,3,,,1,30,,57767,3,,,1,70,,57746,3,,,1,30,,57780,3,,,2,70,,57766,3,,,1,30,,57769,3,,,1,70,,57779,3,,,2,30,,57742,3,,,1,70,,57744,3,,,2,30,,57756,3,,,2,71,,57745,3,,,1,30,,57777,3,,,2,70,,57772,3,,,2,15,,57761,3,,,2,15,,57764,3,,,1,15,,57762,3,,,1,56,,57747,3,,,1,19,,57753,3,,,1,11,,57774,3,,,1,15,,57743,3,,,2,54,,57773,3,,,1,20,,57748,3,,,2,20,,57751,3,,,2,69,,57749,3,,,1,30,,57750,3,,,2,100,,57765,3,,,1,100,,57763,3,,,1,100,,57757,3,,,1,101,,57771,3,,,2,99,,57754,3,,,1
7101,'Semaine-10-_26ÉTÉ-1111100-',536,,57798,3,,,2,22,,57815,3,,,2,56,,57816,3,,,2,20,,57799,3,,,1,20,,57800,3,,,1,55,,57810,3,,,1,20,,57792,3,,,1,15,,57795,3,,,2,58,,57818,3,,,2,30,,57781,3,,,1,70,,57808,3,,,1,30,,57807,3,,,1,70,,57786,3,,,1,30,,57820,3,,,2,70,,57806,3,,,1,30,,57809,3,,,1,70,,57819,3,,,2,30,,57782,3,,,1,70,,57784,3,,,2,30,,57796,3,,,2,71,,57785,3,,,1,30,,57817,3,,,2,70,,57812,3,,,2,15,,57801,3,,,2,15,,57804,3,,,1,15,,57802,3,,,1,56,,57787,3,,,1,19,,57793,3,,,1,11,,57814,3,,,1,15,,57783,3,,,2,54,,57813,3,,,1,20,,57788,3,,,2,20,,57791,3,,,2,69,,57789,3,,,1,30,,57790,3,,,2,100,,57805,3,,,1,100,,57803,3,,,1,100,,57797,3,,,1,101,,57811,3,,,2,99,,57794,3,,,1
7101,'Semaine-11-_26ÉTÉ-1111100-',536,,57838,3,,,2,22,,57855,3,,,2,56,,57856,3,,,2,20,,57839,3,,,1,20,,57840,3,,,1,55,,57850,3,,,1,20,,57832,3,,,1,15,,57835,3,,,2,58,,57858,3,,,2,30,,57821,3,,,1,70,,57848,3,,,1,30,,57847,3,,,1,70,,57826,3,,,1,30,,57860,3,,,2,70,,57846,3,,,1,30,,57849,3,,,1,70,,57859,3,,,2,30,,57822,3,,,1,70,,57824,3,,,2,30,,57836,3,,,2,71,,57825,3,,,1,30,,57857,3,,,2,70,,57852,3,,,2,15,,57841,3,,,2,15,,57844,3,,,1,15,,57842,3,,,1,56,,57827,3,,,1,19,,57833,3,,,1,11,,57854,3,,,1,15,,57823,3,,,2,54,,57853,3,,,1,20,,57828,3,,,2,20,,57831,3,,,2,69,,57829,3,,,1,30,,57830,3,,,2,100,,57845,3,,,1,100,,57843,3,,,1,100,,57837,3,,,1,101,,57851,3,,,2,99,,57834,3,,,1
7101,'Semaine-12-_26ÉTÉ-1111100-',536,,57878,3,,,2,22,,57895,3,,,2,56,,57896,3,,,2,20,,57879,3,,,1,20,,57880,3,,,1,55,,57890,3,,,1,20,,57872,3,,,1,15,,57875,3,,,2,58,,57898,3,,,2,30,,57861,3,,,1,70,,57888,3,,,1,30,,57887,3,,,1,70,,57866,3,,,1,30,,57900,3,,,2,70,,57886,3,,,1,30,,57889,3,,,1,70,,57899,3,,,2,30,,57862,3,,,1,70,,57864,3,,,2,30,,57876,3,,,2,71,,57865,3,,,1,30,,57897,3,,,2,70,,57892,3,,,2,15,,57881,3,,,2,15,,57884,3,,,1,15,,57882,3,,,1,56,,57867,3,,,1,19,,57873,3,,,1,11,,57894,3,,,1,15,,57863,3,,,2,54,,57893,3,,,1,20,,57868,3,,,2,20,,57871,3,,,2,69,,57869,3,,,1,30,,57870,3,,,2,100,,57885,3,,,1,100,,57883,3,,,1,100,,57877,3,,,1,101,,57891,3,,,2,99,,57874,3,,,1
7601,'Samedi-0-_26ÉTÉ-0000010-',705,,59105,3,,,1,100,,59108,3,,,2,100,,59107,3,,,1,100,,59111,3,,,1,100,,59110,3,,,1,100,,59109,3,,,2,100,,59106,3,,,1,100,,59112,3,,,1,100,,59113,3,,,2,100,,59114,3,,,1,100,,59115,3,,,2,100,,59116,3,,,1,100,,59117,3,,,1,100,,59118,3,,,2,100,,59119,3,,,2,100,,59120,3,,,2
7601,'Dimanche-0-_26ÉTÉ-0000001-',705,,59123,3,,,1,100,,59126,3,,,2,100,,59124,3,,,1,100,,59125,3,,,1,100,,59128,3,,,1,100,,59121,3,,,2,100,,59127,3,,,1,100,,59122,3,,,1,100,,59130,3,,,2,100,,59134,3,,,1,100,,59131,3,,,2,100,,59136,3,,,1,100,,59129,3,,,1,100,,59132,3,,,2,100,,59135,3,,,2,100,,59133,3,,,2
7601,'Dimanche-10-_26ÉTÉ-0000001-',705,,59139,3,,,1,100,,59142,3,,,2,100,,59140,3,,,1,100,,59141,3,,,1,100,,59144,3,,,1,100,,59137,3,,,2,100,,59143,3,,,1,100,,59138,3,,,1,100,,59146,3,,,2,100,,59150,3,,,1,100,,59147,3,,,2,100,,59152,3,,,1,100,,59145,3,,,1,100,,59148,3,,,2,100,,59151,3,,,2,100,,59149,3,,,2
7601,'Dimanche-11-_26ÉTÉ-0000001-',705,,59155,3,,,1,100,,59158,3,,,2,100,,59156,3,,,1,100,,59157,3,,,1,100,,59160,3,,,1,100,,59153,3,,,2,100,,59159,3,,,1,100,,59154,3,,,1,100,,59162,3,,,2,100,,59166,3,,,1,100,,59163,3,,,2,100,,59168,3,,,1,100,,59161,3,,,1,100,,59164,3,,,2,100,,59167,3,,,2,100,,59165,3,,,2
7601,'Semaine-1-_26ÉTÉ-1111100-',624,,59180,3,,,2,15,,59169,3,,,2,19,,59195,3,,,2,61,,59184,3,,,2,20,,59196,3,,,2,20,,59186,3,,,1,60,,59193,3,,,2,30,,59194,3,,,2,70,,59187,3,,,2,30,,59192,3,,,1,70,,59199,3,,,1,30,,59197,3,,,1,70,,59172,3,,,2,30,,59200,3,,,2,70,,59173,3,,,1,30,,59188,3,,,1,70,,59174,3,,,1,30,,59170,3,,,1,70,,59175,3,,,1,30,,59171,3,,,2,72,,59198,3,,,1,28,,59181,3,,,2,70,,59183,3,,,2,25,,59182,3,,,1,67,,59185,3,,,1,23,,59190,3,,,1,25,,59189,3,,,1,70,,59191,3,,,1,85,,59176,3,,,1,100,,59177,3,,,1,100,,59178,3,,,1,100,,59179,3,,,1
7601,'Semaine-10-_26ÉTÉ-1111100-',624,,59212,3,,,2,15,,59201,3,,,2,19,,59227,3,,,2,61,,59216,3,,,2,20,,59228,3,,,2,20,,59218,3,,,1,60,,59225,3,,,2,30,,59226,3,,,2,70,,59219,3,,,2,30,,59224,3,,,1,70,,59231,3,,,1,30,,59229,3,,,1,70,,59204,3,,,2,30,,59232,3,,,2,70,,59205,3,,,1,30,,59220,3,,,1,70,,59206,3,,,1,30,,59202,3,,,1,70,,59207,3,,,1,30,,59203,3,,,2,72,,59230,3,,,1,28,,59213,3,,,2,70,,59215,3,,,2,25,,59214,3,,,1,67,,59217,3,,,1,23,,59222,3,,,1,25,,59221,3,,,1,70,,59223,3,,,1,85,,59208,3,,,1,100,,59209,3,,,1,100,,59210,3,,,1,100,,59211,3,,,1
7601,'Semaine-11-_26ÉTÉ-1111100-',624,,59244,3,,,2,15,,59233,3,,,2,19,,59259,3,,,2,61,,59248,3,,,2,20,,59260,3,,,2,20,,59250,3,,,1,60,,59257,3,,,2,30,,59258,3,,,2,70,,59251,3,,,2,30,,59256,3,,,1,70,,59263,3,,,1,30,,59261,3,,,1,70,,59236,3,,,2,30,,59264,3,,,2,70,,59237,3,,,1,30,,59252,3,,,1,70,,59238,3,,,1,30,,59234,3,,,1,70,,59239,3,,,1,30,,59235,3,,,2,72,,59262,3,,,1,28,,59245,3,,,2,70,,59247,3,,,2,25,,59246,3,,,1,67,,59249,3,,,1,23,,59254,3,,,1,25,,59253,3,,,1,70,,59255,3,,,1,85,,59240,3,,,1,100,,59241,3,,,1,100,,59242,3,,,1,100,,59243,3,,,1
7601,'Semaine-12-_26ÉTÉ-1111100-',624,,59276,3,,,2,15,,59265,3,,,2,19,,59291,3,,,2,61,,59280,3,,,2,20,,59292,3,,,2,20,,59282,3,,,1,60,,59289,3,,,2,30,,59290,3,,,2,70,,59283,3,,,2,30,,59288,3,,,1,70,,59295,3,,,1,30,,59293,3,,,1,70,,59268,3,,,2,30,,59296,3,,,2,70,,59269,3,,,1,30,,59284,3,,,1,70,,59270,3,,,1,30,,59266,3,,,1,70,,59271,3,,,1,30,,59267,3,,,2,72,,59294,3,,,1,28,,59277,3,,,2,70,,59279,3,,,2,25,,59278,3,,,1,67,,59281,3,,,1,23,,59286,3,,,1,25,,59285,3,,,1,70,,59287,3,,,1,85,,59272,3,,,1,100,,59273,3,,,1,100,,59274,3,,,1,100,,59275,3,,,1
7901,'Semaine-1-_26ÉTÉ-1111100-',539,,59842,3,,,1,100,,59846,3,,,1,70,,59844,3,,,1,30,,59845,3,,,1,70,,59843,3,,,2,30,,59847,3,,,1
7901,'Semaine-10-_26ÉTÉ-1111100-',539,,59848,3,,,1,100,,59852,3,,,1,70,,59850,3,,,1,30,,59851,3,,,1,70,,59849,3,,,2,30,,59853,3,,,1
7901,'Semaine-11-_26ÉTÉ-1111100-',539,,59854,3,,,1,100,,59858,3,,,1,70,,59856,3,,,1,30,,59857,3,,,1,70,,59855,3,,,2,30,,59859,3,,,1
7901,'Semaine-12-_26ÉTÉ-1111100-',539,,59860,3,,,1,100,,59864,3,,,1,70,,59862,3,,,1,30,,59863,3,,,1,70,,59861,3,,,2,30,,59865,3,,,1
