1500,'Semaine-3',1647,,24560,9,,,2
6401,'Samedi-11',725,,27325,17,,,1,100,,27322,17,,,1,100,,27324,17,,,1,100,,27327,17,,,1,100,,27323,17,,,2,100,,27328,17,,,1,100,,27326,17,,,1,100,,27329,17,,,2,100,,27330,17,,,1,100,,27331,17,,,1,100,,27332,17,,,1
6401,'Samedi-2',725,,27336,17,,,1,100,,27333,17,,,1,100,,27335,17,,,1,100,,27338,17,,,1,100,,27334,17,,,2,100,,27339,17,,,1,100,,27337,17,,,1,100,,27340,17,,,2,100,,27341,17,,,1,100,,27342,17,,,1,100,,27343,17,,,1
6401,'Dimanche-2',725,,27348,17,,,1,100,,27346,17,,,1,100,,27351,17,,,1,100,,27344,17,,,1,100,,27350,17,,,2,100,,27352,17,,,1,100,,27345,17,,,1,100,,27349,17,,,2,100,,27347,17,,,1,100,,27353,17,,,1,100,,27354,17,,,1
6401,'Semaine-3',525,,27355,17,,,1,108,,27365,17,,,1,100,,27367,17,,,1,100,,27364,17,,,1,95,,27372,17,,,1,99,,27359,17,,,1,101,,27358,17,,,1,100,,27370,17,,,1,100,,27366,17,,,1,99,,27368,17,,,1,117,,27369,26,,,2,85,,27360,17,,,2,97,,27356,17,,,1,101,,27357,17,,,2,99,,27363,17,,,1,100,,27361,17,,,1,100,,27362,17,,,1,100,,27371,17,,,1
6900,'Samedi-11',852,,28017,15,,,1,100,,28016,15,,,1,100,,28018,15,,,1,100,,28020,15,,,1,100,,28019,15,,,1,100,,28021,15,,,1,101,,28022,15,,,1,99,,28023,15,,,1,100,,28024,15,,,1,100,,28025,15,,,1,100,,28026,15,,,1,100,,28027,15,,,2,100,,28028,15,,,2,100,,28029,15,,,2,100,,28030,15,,,2
6900,'Samedi-2',852,,28032,15,,,1,100,,28031,15,,,1,100,,28033,15,,,1,100,,28035,15,,,1,100,,28034,15,,,1,100,,28036,15,,,1,101,,28037,15,,,1,99,,28038,15,,,1,100,,28039,15,,,1,100,,28040,15,,,1,100,,28041,15,,,1,100,,28042,15,,,2,100,,28043,15,,,2,100,,28044,15,,,2,100,,28045,15,,,2
6900,'Dimanche-2',852,,28048,15,,,1,100,,28049,15,,,1,100,,28046,15,,,1,100,,28047,15,,,1,100,,28050,15,,,1,100,,28051,15,,,1,101,,28054,15,,,1,99,,28055,15,,,1,100,,28052,15,,,1,100,,28053,15,,,1,100,,28060,15,,,1,100,,28058,15,,,2,100,,28059,15,,,2,100,,28056,15,,,2,100,,28057,15,,,2
6900,'Semaine-3',845,,28070,15,,,1,101,,28071,15,,,2,100,,28072,15,,,2,100,,28073,15,,,2,95,,28074,15,,,2,100,,28075,15,,,2,100,,28079,15,,,2,70,,28066,15,,,1,30,,28063,15,,,2,70,,28061,15,,,1,30,,28076,15,,,1,70,,28067,15,,,1,30,,28077,15,,,1,70,,28080,15,,,1,29,,28078,15,,,1,81,,28069,15,,,1,100,,28068,15,,,1,100,,28062,15,,,1,100,,28065,15,,,1,98,,28064,15,,,1
32501,'Semaine-3',849,,29275,47,0,7 8,1,3,,29276,47,0,7 8,1
32601,'Semaine-3',846,,29278,44,0,7 8,1
32900,'Semaine-3',849,,29279,47,0,7 8,1
33100,'Semaine-3',846,,29281,43,0,7 8,1
56600,'Semaine-3',1544,,30095,31,0,5 6,1
56900,'Semaine-3',1544,,30097,31,0,5 6,2
