4100,'Semaine-1-_26ÉTÉ-1111100-',1603,,51789,53,,,2,30,,51791,53,,,1,76,,51790,53,,,2,25,,51788,53,,,1,69,,51792,53,,,1
4100,'Semaine-10-_26ÉTÉ-1111100-',1603,,51794,53,,,2,30,,51796,53,,,1,76,,51795,53,,,2,25,,51793,53,,,1,69,,51797,53,,,1
4100,'Semaine-11-_26ÉTÉ-1111100-',1603,,51799,53,,,2,30,,51801,53,,,1,76,,51800,53,,,2,25,,51798,53,,,1,69,,51802,53,,,1
4100,'Semaine-12-_26ÉTÉ-1111100-',1603,,51804,53,,,2,30,,51806,53,,,1,76,,51805,53,,,2,25,,51803,53,,,1,69,,51807,53,,,1
80001,'Samedi-0-_26ÉTÉ-0000010-',657,,63203,56,,,1,100,,63205,56,,,1,99,,63206,56,,,2,100,,63209,56,,,1,103,,63204,56,,,2,100,,63207,56,,,1,100,,63210,56,,,1,100,,63208,56,,,2,100,,63211,56,,,1,100,,63212,56,,,1,100,,63213,56,,,2,100,,63214,56,,,1,96,,63217,56,,,1,100,,63215,56,,,2,100,,63216,56,,,2,100,,63218,56,,,1,100,,63219,56,,,1
80001,'Dimanche-0-_26ÉTÉ-0000001-',657,,63220,56,,,1,100,,63221,56,,,1,99,,63225,56,,,2,100,,63222,56,,,1,103,,63226,56,,,2,100,,63223,56,,,1,100,,63224,56,,,1,100,,63228,56,,,2,100,,63227,56,,,1,100,,63229,56,,,1,100,,63231,56,,,2,100,,63232,56,,,1,96,,63233,56,,,1,100,,63230,56,,,2,100,,63234,56,,,2,100,,63235,56,,,1,100,,63236,56,,,1
80001,'Dimanche-10-_26ÉTÉ-0000001-',657,,63237,56,,,1,100,,63238,56,,,1,99,,63242,56,,,2,100,,63239,56,,,1,103,,63243,56,,,2,100,,63240,56,,,1,100,,63241,56,,,1,100,,63245,56,,,2,100,,63244,56,,,1,100,,63246,56,,,1,100,,63248,56,,,2,100,,63249,56,,,1,96,,63250,56,,,1,100,,63247,56,,,2,100,,63251,56,,,2,100,,63252,56,,,1,100,,63253,56,,,1
80001,'Dimanche-11-_26ÉTÉ-0000001-',657,,63254,56,,,1,100,,63255,56,,,1,99,,63259,56,,,2,100,,63256,56,,,1,103,,63260,56,,,2,100,,63257,56,,,1,100,,63258,56,,,1,100,,63262,56,,,2,100,,63261,56,,,1,100,,63263,56,,,1,100,,63265,56,,,2,100,,63266,56,,,1,96,,63267,56,,,1,100,,63264,56,,,2,100,,63268,56,,,2,100,,63269,56,,,1,100,,63270,56,,,1
80001,'Semaine-1-_26ÉTÉ-1111100-',648,,63293,56,,,1,70,,63279,56,,,1,36,,63299,56,,,1,67,,63283,56,,,2,31,,63273,56,,,2,65,,63290,56,,,2,29,,63287,56,,,2,70,,63295,56,,,1,30,,63300,56,,,2,70,,63286,56,,,1,30,,63294,56,,,1,70,,63276,56,,,1,30,,63304,56,,,1,70,,63303,56,,,2,34,,63274,56,,,2,70,,63297,56,,,1,30,,63285,56,,,1,71,,63291,56,,,1,34,,63301,56,,,1,69,,63288,56,,,2,18,,63298,56,,,1,60,,63305,56,,,2,28,,63296,56,,,1,26,,63289,56,,,1,69,,63277,56,,,1,25,,63281,56,,,1,67,,63271,56,,,1,30,,63302,56,,,1,70,,63278,56,,,1,27,,63280,56,,,1,69,,63284,56,,,1,30,,63272,56,,,2,70,,63292,56,,,1,31,,63275,56,,,1,70,,63282,56,,,1
80001,'Semaine-10-_26ÉTÉ-1111100-',648,,63328,56,,,1,70,,63314,56,,,1,36,,63334,56,,,1,67,,63318,56,,,2,31,,63308,56,,,2,65,,63325,56,,,2,29,,63322,56,,,2,70,,63330,56,,,1,30,,63335,56,,,2,70,,63321,56,,,1,30,,63329,56,,,1,70,,63311,56,,,1,30,,63339,56,,,1,70,,63338,56,,,2,34,,63309,56,,,2,70,,63332,56,,,1,30,,63320,56,,,1,71,,63326,56,,,1,34,,63336,56,,,1,69,,63323,56,,,2,18,,63333,56,,,1,60,,63340,56,,,2,28,,63331,56,,,1,26,,63324,56,,,1,69,,63312,56,,,1,25,,63316,56,,,1,67,,63306,56,,,1,30,,63337,56,,,1,70,,63313,56,,,1,27,,63315,56,,,1,69,,63319,56,,,1,30,,63307,56,,,2,70,,63327,56,,,1,31,,63310,56,,,1,70,,63317,56,,,1
80001,'Semaine-11-_26ÉTÉ-1111100-',648,,63363,56,,,1,70,,63349,56,,,1,36,,63369,56,,,1,67,,63353,56,,,2,31,,63343,56,,,2,65,,63360,56,,,2,29,,63357,56,,,2,70,,63365,56,,,1,30,,63370,56,,,2,70,,63356,56,,,1,30,,63364,56,,,1,70,,63346,56,,,1,30,,63374,56,,,1,70,,63373,56,,,2,34,,63344,56,,,2,70,,63367,56,,,1,30,,63355,56,,,1,71,,63361,56,,,1,34,,63371,56,,,1,69,,63358,56,,,2,18,,63368,56,,,1,60,,63375,56,,,2,28,,63366,56,,,1,26,,63359,56,,,1,69,,63347,56,,,1,25,,63351,56,,,1,67,,63341,56,,,1,30,,63372,56,,,1,70,,63348,56,,,1,27,,63350,56,,,1,69,,63354,56,,,1,30,,63342,56,,,2,70,,63362,56,,,1,31,,63345,56,,,1,70,,63352,56,,,1
80001,'Semaine-12-_26ÉTÉ-1111100-',648,,63398,56,,,1,70,,63384,56,,,1,36,,63404,56,,,1,67,,63388,56,,,2,31,,63378,56,,,2,65,,63395,56,,,2,29,,63392,56,,,2,70,,63400,56,,,1,30,,63405,56,,,2,70,,63391,56,,,1,30,,63399,56,,,1,70,,63381,56,,,1,30,,63409,56,,,1,70,,63408,56,,,2,34,,63379,56,,,2,70,,63402,56,,,1,30,,63390,56,,,1,71,,63396,56,,,1,34,,63406,56,,,1,69,,63393,56,,,2,18,,63403,56,,,1,60,,63410,56,,,2,28,,63401,56,,,1,26,,63394,56,,,1,69,,63382,56,,,1,25,,63386,56,,,1,67,,63376,56,,,1,30,,63407,56,,,1,70,,63383,56,,,1,27,,63385,56,,,1,69,,63389,56,,,1,30,,63377,56,,,2,70,,63397,56,,,1,31,,63380,56,,,1,70,,63387,56,,,1
