6201,'Semaine-1-_26ÉTÉ-1111100-',533,,54565,34,,,2,70,,54559,34,,,2,30,,54575,34,,,1,71,,54570,34,,,2,29,,54555,34,,,2,72,,54556,34,,,2,29,,54560,34,,,2,69,,54569,34,,,1,51,,54561,34,,,1,100,,54557,34,,,2,100,,54566,34,,,2,100,,54573,34,,,2,100,,54576,34,,,2,100,,54567,34,,,1,95,,54577,34,,,1,83,,54572,34,,,1,85,,54558,34,,,1,37,,54571,34,,,2,68,,54574,34,,,1,100,,54564,34,,,1,100,,54563,34,,,1,85,,54568,34,,,1,100,,54562,34,,,1
6201,'Semaine-10-_26ÉTÉ-1111100-',533,,54588,34,,,2,70,,54582,34,,,2,30,,54598,34,,,1,71,,54593,34,,,2,29,,54578,34,,,2,72,,54579,34,,,2,29,,54583,34,,,2,69,,54592,34,,,1,51,,54584,34,,,1,100,,54580,34,,,2,100,,54589,34,,,2,100,,54596,34,,,2,100,,54599,34,,,2,100,,54590,34,,,1,95,,54600,34,,,1,83,,54595,34,,,1,85,,54581,34,,,1,37,,54594,34,,,2,68,,54597,34,,,1,100,,54587,34,,,2,100,,54586,34,,,1,85,,54591,34,,,1,100,,54585,34,,,1
6201,'Semaine-11-_26ÉTÉ-1111100-',533,,54611,34,,,2,70,,54605,34,,,2,30,,54621,34,,,1,71,,54616,34,,,2,29,,54601,34,,,2,72,,54602,34,,,2,29,,54606,34,,,2,69,,54615,34,,,1,51,,54607,34,,,1,100,,54603,34,,,2,100,,54612,34,,,2,100,,54619,34,,,2,100,,54622,34,,,2,100,,54613,34,,,1,95,,54623,34,,,1,83,,54618,34,,,1,85,,54604,34,,,1,37,,54617,34,,,2,68,,54620,34,,,1,100,,54610,34,,,1,100,,54609,34,,,1,85,,54614,34,,,1,100,,54608,34,,,1
6201,'Semaine-12-_26ÉTÉ-1111100-',533,,54634,34,,,2,70,,54628,34,,,2,30,,54644,34,,,1,71,,54639,34,,,2,29,,54624,34,,,2,72,,54625,34,,,2,29,,54629,34,,,2,69,,54638,34,,,1,51,,54630,34,,,1,100,,54626,34,,,2,100,,54635,34,,,2,100,,54642,34,,,2,100,,54645,34,,,2,100,,54636,34,,,1,95,,54646,34,,,1,83,,54641,34,,,1,85,,54627,34,,,1,37,,54640,34,,,2,68,,54643,34,,,1,100,,54633,34,,,1,100,,54632,34,,,1,85,,54637,34,,,1,100,,54631,34,,,1
6201,'Semaine-5-_26ÉTÉ-1111100-',533,,54657,34,,,2,70,,54651,34,,,2,30,,54667,34,,,1,71,,54662,34,,,2,29,,54647,34,,,2,72,,54648,34,,,2,29,,54652,34,,,2,69,,54661,34,,,1,51,,54653,34,,,1,100,,54649,34,,,2,100,,54658,34,,,2,100,,54665,34,,,2,100,,54668,34,,,2,100,,54659,34,,,1,95,,54669,34,,,1,83,,54664,34,,,1,85,,54650,34,,,1,37,,54663,34,,,2,68,,54666,34,,,1,100,,54656,34,,,1,100,,54655,34,,,1,85,,54660,34,,,1,100,,54654,34,,,1
8501,'Semaine-1-_26ÉTÉ-1111100-',532,,59927,20,,,1,69,,59929,20,,,1,25,,59932,20,,,1,18,,59931,20,,,2,14,,59936,20,,,2,58,,59928,20,,,2,15,,59934,20,,,1,15,,59930,20,,,2,55,,59935,20,,,1,20,,59933,20,,,1
8501,'Semaine-10-_26ÉTÉ-1111100-',532,,59937,20,,,1,69,,59939,20,,,1,25,,59942,20,,,1,18,,59941,20,,,2,14,,59946,20,,,2,58,,59938,20,,,2,15,,59944,20,,,1,15,,59940,20,,,2,55,,59945,20,,,1,20,,59943,20,,,1
8501,'Semaine-11-_26ÉTÉ-1111100-',532,,59947,20,,,1,69,,59949,20,,,1,25,,59952,20,,,1,18,,59951,20,,,2,14,,59956,20,,,2,58,,59948,20,,,2,15,,59954,20,,,1,15,,59950,20,,,2,55,,59955,20,,,1,20,,59953,20,,,1
8501,'Semaine-12-_26ÉTÉ-1111100-',532,,59957,20,,,1,69,,59959,20,,,1,25,,59962,20,,,1,18,,59961,20,,,2,14,,59966,20,,,2,58,,59958,20,,,2,15,,59964,20,,,1,15,,59960,20,,,2,55,,59965,20,,,1,20,,59963,20,,,1
8501,'Semaine-5-_26ÉTÉ-1111100-',532,,59967,20,,,1,69,,59969,20,,,1,25,,59972,20,,,1,18,,59971,20,,,2,14,,59976,20,,,2,58,,59968,20,,,2,15,,59974,20,,,1,15,,59970,20,,,2,55,,59975,20,,,1,20,,59973,20,,,1
