1501,'Semaine-1-_26ÉTÉ-1111100-',658,,47075,5,,,2
1501,'Semaine-10-_26ÉTÉ-1111100-',658,,47076,5,,,2
1501,'Semaine-11-_26ÉTÉ-1111100-',658,,47077,5,,,2
1501,'Semaine-12-_26ÉTÉ-1111100-',658,,47078,5,,,2
6900,'Samedi-0-_26ÉTÉ-0000010-',856,,57069,22,,,1,100,,57068,22,,,1,100,,57070,22,,,1,100,,57072,22,,,1,100,,57071,22,,,1,100,,57073,22,,,1,101,,57074,22,,,1,99,,57075,22,,,1,100,,57076,22,,,1,100,,57077,22,,,1,100,,57078,22,,,1,100,,57079,22,,,2,100,,57080,22,,,2,100,,57081,22,,,2,100,,57082,22,,,2
6900,'Dimanche-0-_26ÉTÉ-0000001-',856,,57085,22,,,1,100,,57086,22,,,1,100,,57083,22,,,1,100,,57084,22,,,1,100,,57087,22,,,1,100,,57088,22,,,1,101,,57091,22,,,1,99,,57092,22,,,1,100,,57089,22,,,1,100,,57090,22,,,1,100,,57097,22,,,1,100,,57095,22,,,2,100,,57096,22,,,2,100,,57093,22,,,2,100,,57094,22,,,2
6900,'Dimanche-10-_26ÉTÉ-0000001-',856,,57100,22,,,1,100,,57101,22,,,1,100,,57098,22,,,1,100,,57099,22,,,1,100,,57102,22,,,1,100,,57103,22,,,1,101,,57106,22,,,1,99,,57107,22,,,1,100,,57104,22,,,1,100,,57105,22,,,1,100,,57112,22,,,1,100,,57110,22,,,2,100,,57111,22,,,2,100,,57108,22,,,2,100,,57109,22,,,2
6900,'Dimanche-11-_26ÉTÉ-0000001-',856,,57115,22,,,1,100,,57116,22,,,1,100,,57113,22,,,1,100,,57114,22,,,1,100,,57117,22,,,1,100,,57118,22,,,1,101,,57121,22,,,1,99,,57122,22,,,1,100,,57119,22,,,1,100,,57120,22,,,1,100,,57127,22,,,1,100,,57125,22,,,2,100,,57126,22,,,2,100,,57123,22,,,2,100,,57124,22,,,2
6900,'Semaine-1-_26ÉTÉ-1111100-',849,,57137,22,,,1,101,,57138,22,,,2,100,,57139,22,,,2,100,,57140,22,,,2,95,,57141,22,,,2,100,,57142,22,,,1,100,,57146,22,,,2,70,,57133,22,,,1,30,,57130,22,,,2,71,,57128,22,,,1,29,,57143,22,,,2,72,,57134,22,,,2,28,,57144,22,,,2,70,,57147,22,,,2,30,,57145,22,,,2,80,,57136,22,,,2,100,,57135,22,,,2,100,,57129,22,,,1,100,,57132,22,,,1,100,,57131,22,,,1
6900,'Semaine-10-_26ÉTÉ-1111100-',849,,57157,22,,,1,101,,57158,22,,,2,100,,57159,22,,,2,100,,57160,22,,,2,95,,57161,22,,,2,100,,57162,22,,,1,100,,57166,22,,,2,70,,57153,22,,,1,30,,57150,22,,,2,71,,57148,22,,,1,29,,57163,22,,,2,72,,57154,22,,,2,28,,57164,22,,,2,70,,57167,22,,,2,30,,57165,22,,,2,80,,57156,22,,,2,100,,57155,22,,,2,100,,57149,22,,,2,100,,57152,22,,,2,100,,57151,22,,,2
6900,'Semaine-11-_26ÉTÉ-1111100-',849,,57177,22,,,1,101,,57178,22,,,2,100,,57179,22,,,2,100,,57180,22,,,2,95,,57181,22,,,2,100,,57182,22,,,1,100,,57186,22,,,2,70,,57173,22,,,1,30,,57170,22,,,2,71,,57168,22,,,1,29,,57183,22,,,2,72,,57174,22,,,2,28,,57184,22,,,2,70,,57187,22,,,2,30,,57185,22,,,2,80,,57176,22,,,2,100,,57175,22,,,2,100,,57169,22,,,1,100,,57172,22,,,1,100,,57171,22,,,1
6900,'Semaine-12-_26ÉTÉ-1111100-',849,,57197,22,,,1,101,,57198,22,,,2,100,,57199,22,,,2,100,,57200,22,,,2,95,,57201,22,,,2,100,,57202,22,,,1,100,,57206,22,,,2,70,,57193,22,,,1,30,,57190,22,,,2,71,,57188,22,,,1,29,,57203,22,,,2,72,,57194,22,,,2,28,,57204,22,,,2,70,,57207,22,,,2,30,,57205,22,,,2,80,,57196,22,,,2,100,,57195,22,,,2,100,,57189,22,,,1,100,,57192,22,,,1,100,,57191,22,,,1
