3400,'Samedi-3',808,,30828,59,,,1,106,,30833,59,,,1,30,,30829,59,,,2,70,,30835,59,,,1,30,,30836,59,,,1,73,,30830,59,,,1,30,,30831,59,,,1,70,,30832,59,,,1,30,,30834,59,,,2,72,,30837,59,,,1,30,,30839,59,,,1,71,,30838,59,,,2,30,,30840,59,,,1,70,,30841,59,,,1,30,,30842,59,,,1,69,,30843,59,,,1,30,,30844,59,,,1,70,,30845,59,,,1,30,,30846,59,,,1,70,,30847,59,,,1,30,,30848,59,,,1,68,,30849,59,,,1,27,,30850,59,,,2,70,,30851,59,,,1,30,,30852,59,,,1,70,,30853,59,,,1,30,,30854,59,,,1,70,,30855,59,,,1,30,,30856,59,,,1,69,,30858,59,,,1,31,,30857,59,,,1,69,,30860,59,,,1,30,,30859,59,,,1,65,,30861,59,,,1
3400,'Samedi-4',808,,35451,59,,,1,106,,35456,59,,,1,30,,35452,59,,,2,70,,35458,59,,,1,30,,35459,59,,,1,73,,35453,59,,,1,30,,35454,59,,,1,70,,35455,59,,,1,30,,35457,59,,,2,72,,35460,59,,,1,30,,35462,59,,,1,71,,35461,59,,,2,30,,35463,59,,,1,70,,35464,59,,,1,30,,35465,59,,,1,69,,35466,59,,,1,30,,35467,59,,,1,70,,35468,59,,,1,30,,35469,59,,,1,70,,35470,59,,,1,30,,35471,59,,,1,68,,35472,59,,,1,27,,35473,59,,,2,70,,35474,59,,,1,30,,35475,59,,,1,70,,35476,59,,,1,30,,35477,59,,,1,70,,35478,59,,,1,30,,35479,59,,,1,69,,35481,59,,,1,31,,35480,59,,,1,69,,35483,59,,,1,30,,35482,59,,,1,65,,35484,59,,,1
3400,'Dimanche-3',808,,30866,59,,,1,106,,30870,59,,,1,30,,30868,59,,,2,70,,30863,59,,,1,30,,30871,59,,,1,73,,30874,59,,,1,30,,30873,59,,,1,70,,30862,59,,,1,30,,30864,59,,,2,72,,30875,59,,,1,30,,30865,59,,,1,71,,30867,59,,,2,30,,30869,59,,,1,70,,30878,59,,,1,30,,30872,59,,,1,69,,30876,59,,,1,30,,30879,59,,,1,70,,30883,59,,,1,30,,30888,59,,,1,70,,30880,59,,,1,30,,30881,59,,,1,68,,30891,59,,,1,27,,30882,59,,,2,70,,30887,59,,,1,30,,30877,59,,,1,70,,30884,59,,,1,30,,30886,59,,,1,70,,30889,59,,,1,30,,30895,59,,,1,69,,30890,59,,,1,31,,30892,59,,,1,69,,30885,59,,,1,30,,30893,59,,,1,65,,30894,59,,,1
3400,'Semaine-4',653,,30926,59,,,1,69,,30911,59,,,1,34,,30905,59,,,1,78,,30909,59,,,1,67,,30900,59,,,1,25,,30920,59,,,1,30,,30906,59,,,1,68,,30896,59,,,1,30,,30901,59,,,1,70,,30902,59,,,1,30,,30907,59,,,1,70,,30897,59,,,1,31,,30927,59,,,1,70,,30903,59,,,1,30,,30908,59,,,1,70,,30898,59,,,1,75,,30924,59,,,1,27,,30899,59,,,1,25,,30925,59,,,2,349,,30923,59,,,2,20,,30912,59,,,1,27,,30904,59,,,1,70,,30916,59,,,1,30,,30922,59,,,1,70,,30913,59,,,2,28,,30915,59,,,1,70,,30917,59,,,1,30,,30910,59,,,1,70,,30919,59,,,1,26,,30914,59,,,1,68,,30918,59,,,1,30,,30921,59,,,1
3400,'Semaine-5',653,,35515,59,,,1,69,,35500,59,,,1,34,,35494,59,,,1,78,,35498,59,,,1,67,,35489,59,,,1,25,,35509,59,,,1,30,,35495,59,,,1,68,,35485,59,,,1,30,,35490,59,,,1,70,,35491,59,,,1,30,,35496,59,,,1,70,,35486,59,,,1,31,,35516,59,,,1,70,,35492,59,,,1,30,,35497,59,,,1,70,,35487,59,,,1,75,,35513,59,,,1,27,,35488,59,,,1,25,,35514,59,,,2,349,,35512,59,,,2,20,,35501,59,,,1,27,,35493,59,,,1,70,,35505,59,,,1,30,,35511,59,,,1,70,,35502,59,,,2,28,,35504,59,,,1,70,,35506,59,,,1,30,,35499,59,,,1,70,,35508,59,,,1,26,,35503,59,,,1,68,,35507,59,,,1,30,,35510,59,,,1
4901,'Samedi-3',757,,31736,59,,,1,100,,31735,59,,,1,100,,31737,59,,,1,102,,31733,59,,,1,100,,31738,59,,,1,142,,31734,59,,,1,99,,31739,59,,,1,103,,31740,59,,,1,99,,31741,59,,,1,100,,31742,59,,,1,100,,31743,59,,,1,54,,31744,59,,,1,102,,31745,59,,,1,100,,31746,59,,,1,100,,31747,59,,,1,98,,31748,59,,,1,99,,31749,59,,,1
4901,'Samedi-4',757,,36127,59,,,1,100,,36126,59,,,1,100,,36128,59,,,1,102,,36124,59,,,1,100,,36129,59,,,1,142,,36125,59,,,1,99,,36130,59,,,1,103,,36131,59,,,1,99,,36132,59,,,1,100,,36133,59,,,1,100,,36134,59,,,1,54,,36135,59,,,1,102,,36136,59,,,1,100,,36137,59,,,1,100,,36138,59,,,1,98,,36139,59,,,1,99,,36140,59,,,1
4901,'Dimanche-3',757,,31754,59,,,1,100,,31750,59,,,1,100,,31753,59,,,1,102,,31755,59,,,1,100,,31752,59,,,1,142,,31751,59,,,1,99,,31757,59,,,1,103,,31758,59,,,1,99,,31756,59,,,1,100,,31762,59,,,1,100,,31766,59,,,1,54,,31759,59,,,1,102,,31760,59,,,1,100,,31761,59,,,1,99,,31763,59,,,1,99,,31764,59,,,1,99,,31765,59,,,1
4901,'Semaine-4',645,,31773,59,,,1,88,,31778,59,,,1,71,,31794,59,,,1,35,,31790,59,,,1,68,,31788,59,,,1,26,,31798,59,,,1,67,,31780,59,,,1,30,,31796,59,,,1,70,,31792,59,,,1,31,,31767,59,,,1,70,,31789,59,,,1,30,,31768,59,,,1,72,,31774,59,,,1,28,,31776,59,,,1,70,,31781,59,,,1,28,,31797,59,,,1,73,,31779,59,,,1,32,,31799,59,,,1,25,,31795,59,,,1,52,,31782,59,,,1,16,,31769,59,,,1,14,,31785,59,,,1,72,,31775,59,,,1,24,,31777,59,,,1,68,,31793,59,,,1,26,,31787,59,,,1,71,,31791,59,,,1,53,,31770,59,,,1,80,,31786,59,,,1,100,,31784,59,,,1,96,,31771,59,,,1,103,,31783,59,,,1,92,,31772,59,,,1
4901,'Semaine-5',645,,36147,59,,,1,88,,36152,59,,,1,71,,36168,59,,,1,35,,36164,59,,,1,68,,36162,59,,,1,26,,36172,59,,,1,67,,36154,59,,,1,30,,36170,59,,,1,70,,36166,59,,,1,31,,36141,59,,,1,70,,36163,59,,,1,30,,36142,59,,,1,72,,36148,59,,,1,28,,36150,59,,,1,70,,36155,59,,,1,28,,36171,59,,,1,73,,36153,59,,,1,32,,36173,59,,,1,25,,36169,59,,,1,52,,36156,59,,,1,16,,36143,59,,,1,14,,36159,59,,,1,72,,36149,59,,,1,24,,36151,59,,,1,68,,36167,59,,,1,26,,36161,59,,,1,71,,36165,59,,,1,53,,36144,59,,,1,80,,36160,59,,,1,100,,36158,59,,,1,96,,36145,59,,,1,103,,36157,59,,,1,92,,36146,59,,,1
5001,'Semaine-4',1653,,31806,40,,,1,102,,31808,40,,,1,93,,31807,40,,,1
5001,'Semaine-5',1653,,36180,40,,,1,102,,36182,40,,,1,93,,36181,40,,,1
5200,'Samedi-3',706,,31809,58,,,1,100,,31810,58,,,2,102,,31811,58,,,1,98,,31812,58,,,2,100,,31813,58,,,1,104,,31814,58,,,1,100,,31815,58,,,2,100,,31816,58,,,1,99,,31817,58,,,1,101,,31818,58,,,1,100,,31819,58,,,1,100,,31820,58,,,1,98,,31821,58,,,1,100,,31824,58,,,1,100,,31822,58,,,1,96,,31823,58,,,2,99,,31825,58,,,2,100,,31826,58,,,1
5200,'Samedi-4',706,,36183,58,,,1,100,,36184,58,,,2,102,,36185,58,,,1,98,,36186,58,,,2,100,,36187,58,,,1,104,,36188,58,,,1,100,,36189,58,,,2,100,,36190,58,,,1,99,,36191,58,,,1,101,,36192,58,,,1,100,,36193,58,,,1,100,,36194,58,,,1,98,,36195,58,,,1,100,,36198,58,,,1,100,,36196,58,,,1,96,,36197,58,,,2,99,,36199,58,,,2,100,,36200,58,,,1
5200,'Dimanche-3',706,,31828,58,,,1,100,,31827,58,,,2,102,,31829,58,,,1,98,,31830,58,,,2,100,,31832,58,,,1,104,,31837,58,,,1,100,,31831,58,,,2,100,,31834,58,,,1,99,,31835,58,,,1,101,,31833,58,,,1,100,,31836,58,,,1,100,,31843,58,,,1,98,,31842,58,,,1,100,,31838,58,,,1,100,,31844,58,,,1,96,,31841,58,,,2,99,,31840,58,,,2,100,,31839,58,,,1
5200,'Semaine-4',638,,31848,58,,,1,101,,31850,58,,,1,108,,31845,58,,,1,94,,31861,58,,,2,98,,31859,58,,,1,101,,31846,58,,,2,100,,31853,58,,,1,99,,31852,58,,,1,103,,31849,58,,,1,102,,31847,58,,,1,109,,31851,58,,,1,98,,31862,58,,,1,106,,31860,58,,,1,100,,31854,58,,,1,82,,31858,58,,,1,100,,31857,58,,,2,98,,31855,58,,,1,99,,31856,58,,,1
5200,'Semaine-5',638,,36204,58,,,1,101,,36206,58,,,1,108,,36201,58,,,1,94,,36217,58,,,2,98,,36215,58,,,1,101,,36202,58,,,2,100,,36209,58,,,1,99,,36208,58,,,1,103,,36205,58,,,1,102,,36203,58,,,1,109,,36207,58,,,1,98,,36218,58,,,1,106,,36216,58,,,1,100,,36210,58,,,1,82,,36214,58,,,1,100,,36213,58,,,2,98,,36211,58,,,1,99,,36212,58,,,1
5500,'Samedi-3',734,,31926,62,,,1,70,,31923,62,,,1,30,,31924,62,,,1,70,,31927,62,,,1,30,,31925,62,,,1,69,,31932,62,,,1,31,,31929,62,,,1,70,,31930,62,,,1,32,,31935,62,,,1,71,,31934,62,,,1,28,,31928,62,,,1,70,,31931,62,,,1,30,,31933,62,,,1,74,,31936,62,,,1,30,,31937,62,,,1,70,,31938,62,,,1,30,,31939,62,,,1,69,,31940,62,,,1,30,,31941,62,,,1,70,,31942,62,,,1,30,,31943,62,,,1,70,,31944,62,,,1,32,,31945,62,,,1,68,,31946,62,,,1,29,,31948,62,,,1,71,,31947,62,,,1,29,,31949,62,,,1,70,,31951,62,,,1,30,,31950,62,,,1,70,,31952,62,,,1,26,,31953,62,,,1,70,,31956,62,,,1,30,,31958,62,,,1,70,,31955,62,,,1,30,,31954,62,,,1,26,,31957,62,,,1
5500,'Samedi-4',734,,36264,62,,,1,70,,36261,62,,,1,30,,36262,62,,,1,70,,36265,62,,,1,30,,36263,62,,,1,69,,36270,62,,,1,31,,36267,62,,,1,70,,36268,62,,,1,32,,36273,62,,,1,71,,36272,62,,,1,28,,36266,62,,,1,70,,36269,62,,,1,30,,36271,62,,,1,74,,36274,62,,,1,30,,36275,62,,,1,70,,36276,62,,,1,30,,36277,62,,,1,69,,36278,62,,,1,30,,36279,62,,,1,70,,36280,62,,,1,30,,36281,62,,,1,70,,36282,62,,,1,32,,36283,62,,,1,68,,36284,62,,,1,29,,36286,62,,,1,71,,36285,62,,,1,29,,36287,62,,,1,70,,36289,62,,,1,30,,36288,62,,,1,70,,36290,62,,,1,26,,36291,62,,,1,70,,36294,62,,,1,30,,36296,62,,,1,70,,36293,62,,,1,30,,36292,62,,,1,26,,36295,62,,,1
5500,'Dimanche-3',734,,31961,62,,,1,70,,31966,62,,,1,30,,31970,62,,,1,70,,31964,62,,,1,30,,31962,62,,,1,69,,31967,62,,,1,31,,31969,62,,,1,70,,31963,62,,,1,32,,31959,62,,,1,71,,31960,62,,,1,28,,31972,62,,,1,70,,31976,62,,,1,30,,31974,62,,,1,74,,31971,62,,,1,30,,31965,62,,,1,70,,31979,62,,,1,30,,31980,62,,,1,69,,31981,62,,,1,30,,31975,62,,,1,70,,31988,62,,,1,30,,31985,62,,,1,70,,31973,62,,,1,32,,31993,62,,,1,68,,31987,62,,,1,29,,31968,62,,,1,71,,31991,62,,,1,29,,31984,62,,,1,70,,31977,62,,,1,30,,31982,62,,,1,70,,31978,62,,,1,26,,31989,62,,,1,70,,31986,62,,,1,30,,31983,62,,,1,70,,31992,62,,,1,30,,31990,62,,,1,67,,31994,62,,,1
5500,'Semaine-4',630,,31997,62,,,1,109,,32013,62,,,1,103,,31996,62,,,1,95,,32032,62,,,1,67,,32033,62,,,1,30,,32002,62,,,1,69,,32012,62,,,1,31,,32016,62,,,1,73,,32038,62,,,1,30,,31998,62,,,1,70,,32037,62,,,1,30,,32015,62,,,1,70,,32030,62,,,1,29,,32024,62,,,1,68,,32031,62,,,1,16,,32017,62,,,1,17,,31995,62,,,1,14,,32036,62,,,1,58,,32006,62,,,1,15,,32039,62,,,1,13,,32027,62,,,1,10,,31999,62,,,1,53,,32010,62,,,1,14,,32042,62,,,1,13,,32035,62,,,1,11,,32001,62,,,1,12,,32018,62,,,1,9,,32011,62,,,1,51,,32040,62,,,1,9,,32025,62,,,1,7,,32005,62,,,1,12,,32000,62,,,1,10,,32041,62,,,1,52,,32009,62,,,1,11,,32004,62,,,1,10,,32014,62,,,1,30,,32029,62,,,1,68,,32034,62,,,1,30,,32021,62,,,1,70,,32007,62,,,1,30,,32028,62,,,1,67,,32019,62,,,1,27,,32022,62,,,1,70,,32008,62,,,1,30,,32023,62,,,1,67,,32020,62,,,1,29,,32003,62,,,1,69,,32026,62,,,1
5500,'Semaine-5',630,,36299,62,,,1,109,,36315,62,,,1,103,,36298,62,,,1,95,,36334,62,,,1,67,,36335,62,,,1,30,,36304,62,,,1,69,,36314,62,,,1,31,,36318,62,,,1,73,,36340,62,,,1,30,,36300,62,,,1,70,,36339,62,,,1,30,,36317,62,,,1,70,,36332,62,,,1,29,,36326,62,,,1,68,,36333,62,,,1,16,,36319,62,,,1,17,,36297,62,,,1,14,,36338,62,,,1,58,,36308,62,,,1,15,,36341,62,,,1,13,,36329,62,,,1,10,,36301,62,,,1,53,,36312,62,,,1,14,,36344,62,,,1,13,,36337,62,,,1,11,,36303,62,,,1,12,,36320,62,,,1,9,,36313,62,,,1,51,,36342,62,,,1,9,,36327,62,,,1,7,,36307,62,,,1,12,,36302,62,,,1,10,,36343,62,,,1,52,,36311,62,,,1,11,,36306,62,,,1,10,,36316,62,,,1,30,,36331,62,,,1,68,,36336,62,,,1,30,,36323,62,,,1,70,,36309,62,,,1,30,,36330,62,,,1,67,,36321,62,,,1,27,,36324,62,,,1,70,,36310,62,,,1,30,,36325,62,,,1,67,,36322,62,,,1,29,,36305,62,,,1,69,,36328,62,,,1
5800,'Semaine-4',845,,32175,36,,,2,398,,32176,36,,,1,303,,32178,36,,,2,71,,32173,36,,,2,30,,32174,36,,,1,70,,32177,36,,,1,28,,32172,36,,,1,69,,32171,36,,,1
5800,'Semaine-5',845,,36444,36,,,2,398,,36445,36,,,1,303,,36447,36,,,2,71,,36442,36,,,2,30,,36443,36,,,1,70,,36446,36,,,1,28,,36441,36,,,1,69,,36440,36,,,1
55001,'Semaine-4',1602,,34820,38,0,5 6,1
55001,'Semaine-5',1602,,38471,38,0,5 6,1
64000,'Semaine-4',1516,,34837,19,0,9 10,1
64000,'Semaine-5',1516,,38488,19,0,9 10,1
74000,'Semaine-4',1703,,34857,54,0,5 11,1
74000,'Semaine-5',1703,,38508,54,0,5 11,1
