3300,'Samedi-11',718,,24934,41,,,1,133,,24939,41,,,1,99,,24936,41,,,1,99,,24940,41,,,1,102,,24935,41,,,1,100,,24938,41,,,1,100,,24937,41,,,1,100,,24941,41,,,1,103,,24942,41,,,1,97,,24943,41,,,1,100,,24944,41,,,1,99,,24945,41,,,1,96,,24946,41,,,1,100,,24950,41,,,1,100,,24947,41,,,1,100,,24948,41,,,1,100,,24949,41,,,1,98,,24951,41,,,1
3300,'Samedi-2',718,,24952,41,,,1,133,,24957,41,,,1,99,,24954,41,,,1,99,,24958,41,,,1,102,,24953,41,,,1,100,,24956,41,,,1,100,,24955,41,,,1,100,,24959,41,,,1,103,,24960,41,,,1,97,,24961,41,,,1,100,,24962,41,,,1,99,,24963,41,,,1,96,,24964,41,,,1,100,,24968,41,,,1,100,,24965,41,,,1,100,,24966,41,,,1,100,,24967,41,,,1,98,,24969,41,,,1
3300,'Dimanche-2',718,,24971,41,,,1,133,,24970,41,,,1,99,,24973,41,,,1,99,,24975,41,,,1,102,,24976,41,,,1,100,,24977,41,,,1,100,,24972,41,,,1,100,,24979,41,,,1,103,,24974,41,,,1,97,,24980,41,,,1,100,,24983,41,,,1,99,,24987,41,,,1,96,,24984,41,,,1,100,,24978,41,,,1,100,,24981,41,,,1,100,,24986,41,,,1,100,,24982,41,,,1,98,,24985,41,,,1
3300,'Semaine-3',652,,25015,35,,,1,76,,25014,42,,,1,22,,25020,42,,,2,55,,24993,42,,,1,23,,25008,42,,,1,21,,25016,42,,,1,5,,25027,42,,,1,49,,25028,42,,,1,30,,25021,42,,,1,15,,25003,42,,,1,10,,25006,42,,,2,48,,25023,41,,,1,29,,25009,41,,,2,67,,24998,41,,,1,31,,25004,41,,,1,68,,24988,41,,,1,31,,25011,41,,,1,69,,24999,41,,,1,33,,25007,41,,,1,19,,25026,41,,,1,6,,25010,41,,,1,68,,25013,41,,,1,31,,25000,41,,,1,55,,25022,34,,,1,16,,25018,41,,,1,79,,25012,41,,,1,13,,24990,41,,,2,17,,25002,41,,,1,18,,25025,41,,,2,53,,25024,41,,,1,11,,25019,34,,,1,21,,24997,41,,,1,64,,24996,41,,,2,22,,25001,41,,,2,27,,24989,41,,,2,67,,24994,41,,,1,32,,25029,34,,,1,80,,25005,41,,,2,95,,24995,41,,,1,80,,24991,41,,,2,104,,25017,41,,,1,98,,25030,41,,,2,25,,24992,41,,,1
3500,'Semaine-3',1538,,25402,43,,,2,110,,25407,43,,,2,68,,25411,43,,,1,93,,25393,43,,,1,101,,25422,43,,,2,96,,25396,43,,,2,23,,25400,43,,,1,103,,25414,43,,,1,100,,25418,43,,,1
33100,'Semaine-3',825,,29281,17,0,7 8,1
43300,'Semaine-3',1453,,30075,4,0,9 14,1,4,,30076,4,0,9 14,1
56600,'Semaine-3',1529,,30095,13,0,5 6,1
56900,'Semaine-3',1529,,30097,13,0,5 6,2
73300,'Semaine-3',1641,,30121,30,,,1
