3900,'Samedi-3',640,,31446,8,,,1,101,,31447,8,,,1,100,,31451,8,,,1,101,,31450,8,,,1,100,,31453,8,,,1,100,,31452,8,,,1,102,,31448,8,,,1,70,,31449,8,,,1,30,,31454,8,,,1,71,,31455,8,,,2,30,,31456,8,,,1,70,,31457,8,,,1,31,,31458,8,,,2,70,,31459,8,,,1,30,,31460,8,,,1,70,,31461,8,,,1,30,,31462,8,,,1,69,,31463,8,,,1,29,,31464,8,,,1,69,,31465,8,,,1,100,,31466,8,,,1,100,,31467,8,,,1,100,,31468,8,,,1,100,,31469,8,,,1
3900,'Samedi-4',640,,35902,8,,,1,101,,35903,8,,,1,100,,35907,8,,,1,101,,35906,8,,,1,100,,35909,8,,,1,100,,35908,8,,,1,102,,35904,8,,,1,70,,35905,8,,,1,30,,35910,8,,,1,71,,35911,8,,,2,30,,35912,8,,,1,70,,35913,8,,,1,31,,35914,8,,,2,70,,35915,8,,,1,30,,35916,8,,,1,70,,35917,8,,,1,30,,35918,8,,,1,69,,35919,8,,,1,29,,35920,8,,,1,69,,35921,8,,,1,100,,35922,8,,,1,100,,35923,8,,,1,100,,35924,8,,,1,100,,35925,8,,,1
3900,'Dimanche-3',640,,31470,8,,,1,101,,31477,8,,,1,100,,31471,8,,,1,101,,31473,8,,,1,100,,31479,8,,,1,100,,31472,8,,,1,102,,31478,8,,,1,70,,31474,8,,,1,30,,31475,8,,,1,71,,31480,8,,,2,30,,31482,8,,,1,70,,31476,8,,,1,31,,31481,8,,,2,70,,31483,8,,,1,30,,31484,8,,,1,70,,31490,8,,,1,30,,31491,8,,,1,69,,31493,8,,,1,29,,31489,8,,,1,69,,31487,8,,,1,100,,31488,8,,,1,100,,31492,8,,,1,100,,31485,8,,,1,100,,31486,8,,,1
3900,'Semaine-4',617,,31511,8,,,1,23,,31497,8,,,1,69,,31516,8,,,1,28,,31509,8,,,1,74,,31510,8,,,1,34,,31508,8,,,1,72,,31505,8,,,1,30,,31522,8,,,1,70,,31517,8,,,1,30,,31529,8,,,1,70,,31514,8,,,1,30,,31518,8,,,1,70,,31506,8,,,1,31,,31504,8,,,1,70,,31519,8,,,2,29,,31507,8,,,1,70,,31494,8,,,1,34,,31520,8,,,2,72,,31501,8,,,1,31,,31503,8,,,1,71,,31521,8,,,1,32,,31500,8,,,1,68,,31495,8,,,1,29,,31523,8,,,1,67,,31502,8,,,1,32,,31496,8,,,2,69,,31524,8,,,2,32,,31499,8,,,1,65,,31515,8,,,2,26,,31525,8,,,1,70,,31498,8,,,1,30,,31513,8,,,1,69,,31526,8,,,2,30,,31512,8,,,1,70,,31528,8,,,1,30,,31527,8,,,2
3900,'Semaine-5',617,,35943,8,,,1,23,,35929,8,,,1,69,,35948,8,,,1,28,,35941,8,,,1,74,,35942,8,,,1,34,,35940,8,,,1,72,,35937,8,,,1,30,,35954,8,,,1,70,,35949,8,,,1,30,,35961,8,,,1,70,,35946,8,,,1,30,,35950,8,,,1,70,,35938,8,,,1,31,,35936,8,,,1,70,,35951,8,,,2,29,,35939,8,,,1,70,,35926,8,,,1,34,,35952,8,,,2,72,,35933,8,,,1,31,,35935,8,,,1,71,,35953,8,,,1,32,,35932,8,,,1,68,,35927,8,,,1,29,,35955,8,,,1,67,,35934,8,,,1,32,,35928,8,,,2,69,,35956,8,,,2,32,,35931,8,,,1,65,,35947,8,,,2,26,,35957,8,,,1,70,,35930,8,,,1,30,,35945,8,,,1,69,,35958,8,,,2,30,,35944,8,,,1,70,,35960,8,,,1,30,,35959,8,,,2
5000,'Semaine-4',650,,31803,24,,,1,65,,31801,24,,,1,4,,31802,3,,,2,25,,31804,24,,,2,71,,31800,24,,,1,106,,31805,24,,,1
5000,'Semaine-5',650,,36177,24,,,1,65,,36175,24,,,1,4,,36176,3,,,2,25,,36178,24,,,2,71,,36174,24,,,1,106,,36179,24,,,1
55000,'Semaine-4',705,,34816,24,0,5 6,1,2,,34817,24,0,5 6,1
55000,'Semaine-5',705,,38467,24,0,5 6,1,2,,38468,24,0,5 6,1
63901,'Semaine-4',711,,34834,25,0,9 10,1
63901,'Semaine-5',711,,38485,25,0,9 10,1
