1800,'Semaine-1-_26ÉTÉ-1111100-',1254,,47081,15,,,2,278,,47080,15,,,2,98,,47083,15,,,1,70,,47082,15,,,1
1800,'Semaine-10-_26ÉTÉ-1111100-',1254,,47085,15,,,2,278,,47084,15,,,2,98,,47087,15,,,1,70,,47086,15,,,1
1800,'Semaine-11-_26ÉTÉ-1111100-',1254,,47089,15,,,2,278,,47088,15,,,2,98,,47091,15,,,1,70,,47090,15,,,1
1800,'Semaine-12-_26ÉTÉ-1111100-',1254,,47093,15,,,2,278,,47092,15,,,2,98,,47095,15,,,1,70,,47094,15,,,1
1800,'Semaine-5-_26ÉTÉ-1111100-',1254,,47097,15,,,2,278,,47096,15,,,2,98,,47099,15,,,1,70,,47098,15,,,1
80000,'Samedi-0-_26ÉTÉ-0000010-',737,,62960,44,,,2,102,,62961,44,,,1,100,,62962,44,,,2,102,,62964,44,,,1,100,,62965,44,,,2,100,,62963,44,,,2,100,,62966,44,,,1,100,,62967,44,,,2,100,,62968,44,,,1,100,,62969,44,,,2,97,,62970,44,,,2,100,,62971,44,,,1,100,,62974,44,,,1,99,,62972,44,,,1,100,,62973,44,,,2,98,,62975,44,,,1,100,,62976,44,,,1
80000,'Dimanche-0-_26ÉTÉ-0000001-',737,,62981,44,,,2,102,,62977,44,,,1,100,,62982,44,,,2,102,,62978,44,,,1,100,,62979,44,,,2,100,,62983,44,,,2,100,,62980,44,,,1,100,,62985,44,,,2,100,,62984,44,,,1,100,,62986,44,,,2,97,,62989,44,,,2,100,,62987,44,,,1,100,,62988,44,,,1,99,,62990,44,,,1,100,,62991,44,,,2,98,,62993,44,,,1,100,,62992,44,,,1
80000,'Dimanche-10-_26ÉTÉ-0000001-',737,,62998,44,,,2,102,,62994,44,,,1,100,,62999,44,,,2,102,,62995,44,,,1,100,,62996,44,,,2,100,,63000,44,,,2,100,,62997,44,,,1,100,,63002,44,,,2,100,,63001,44,,,1,100,,63003,44,,,2,97,,63006,44,,,2,100,,63004,44,,,1,100,,63005,44,,,1,99,,63007,44,,,1,100,,63008,44,,,2,98,,63010,44,,,1,100,,63009,44,,,1
80000,'Dimanche-11-_26ÉTÉ-0000001-',737,,63015,44,,,2,102,,63011,44,,,1,100,,63016,44,,,2,102,,63012,44,,,1,100,,63013,44,,,2,100,,63017,44,,,2,100,,63014,44,,,1,100,,63019,44,,,2,100,,63018,44,,,1,100,,63020,44,,,2,97,,63023,44,,,2,100,,63021,44,,,1,100,,63022,44,,,1,99,,63024,44,,,1,100,,63025,44,,,2,98,,63027,44,,,1,100,,63026,44,,,1
80000,'Semaine-1-_26ÉTÉ-1111100-',615,,63058,43,,,1,32,,63040,43,,,2,71,,63031,43,,,1,32,,63053,43,,,1,70,,63041,43,,,1,18,,63030,43,,,1,67,,63055,43,,,2,29,,63033,44,,,2,70,,63050,44,,,2,31,,63044,44,,,2,69,,63062,44,,,1,30,,63032,44,,,1,69,,63048,44,,,2,31,,63046,44,,,1,71,,63061,44,,,1,28,,63043,44,,,1,72,,63056,44,,,2,31,,63045,44,,,2,70,,63052,44,,,1,32,,63051,44,,,1,73,,63047,44,,,1,31,,63059,44,,,1,68,,63034,44,,,2,29,,63042,44,,,1,70,,63036,44,,,2,28,,63057,44,,,1,68,,63035,44,,,1,30,,63039,44,,,1,70,,63028,44,,,1,29,,63060,44,,,1,70,,63037,44,,,1,26,,63038,44,,,1,70,,63054,44,,,1,29,,63029,44,,,1,30,,63049,44,,,1
80000,'Semaine-10-_26ÉTÉ-1111100-',615,,63093,43,,,1,32,,63075,43,,,2,71,,63066,43,,,1,32,,63088,43,,,1,70,,63076,43,,,1,18,,63065,43,,,1,67,,63090,43,,,2,29,,63068,44,,,2,70,,63085,44,,,2,31,,63079,44,,,2,69,,63097,44,,,1,30,,63067,44,,,1,69,,63083,44,,,2,31,,63081,44,,,1,71,,63096,44,,,1,28,,63078,44,,,1,72,,63091,44,,,2,31,,63080,44,,,2,70,,63087,44,,,1,32,,63086,44,,,1,73,,63082,44,,,1,31,,63094,44,,,1,68,,63069,44,,,2,29,,63077,44,,,1,70,,63071,44,,,2,28,,63092,44,,,1,68,,63070,44,,,1,30,,63074,44,,,1,70,,63063,44,,,1,29,,63095,44,,,1,70,,63072,44,,,1,26,,63073,44,,,1,70,,63089,44,,,1,29,,63064,44,,,1,30,,63084,44,,,1
80000,'Semaine-11-_26ÉTÉ-1111100-',615,,63128,43,,,1,32,,63110,43,,,2,71,,63101,43,,,1,32,,63123,43,,,1,70,,63111,43,,,1,18,,63100,43,,,1,67,,63125,43,,,2,29,,63103,44,,,2,70,,63120,44,,,2,31,,63114,44,,,2,69,,63132,44,,,1,30,,63102,44,,,1,69,,63118,44,,,2,31,,63116,44,,,1,71,,63131,44,,,1,28,,63113,44,,,1,72,,63126,44,,,2,31,,63115,44,,,2,70,,63122,44,,,1,32,,63121,44,,,1,73,,63117,44,,,1,31,,63129,44,,,1,68,,63104,44,,,2,29,,63112,44,,,1,70,,63106,44,,,2,28,,63127,44,,,1,68,,63105,44,,,1,30,,63109,44,,,1,70,,63098,44,,,1,29,,63130,44,,,1,70,,63107,44,,,1,26,,63108,44,,,1,70,,63124,44,,,1,29,,63099,44,,,1,30,,63119,44,,,1
80000,'Semaine-12-_26ÉTÉ-1111100-',615,,63163,43,,,1,32,,63145,43,,,2,71,,63136,43,,,1,32,,63158,43,,,1,70,,63146,43,,,1,18,,63135,43,,,1,67,,63160,43,,,2,29,,63138,44,,,2,70,,63155,44,,,2,31,,63149,44,,,2,69,,63167,44,,,1,30,,63137,44,,,1,69,,63153,44,,,2,31,,63151,44,,,1,71,,63166,44,,,1,28,,63148,44,,,1,72,,63161,44,,,2,31,,63150,44,,,2,70,,63157,44,,,1,32,,63156,44,,,1,73,,63152,44,,,1,31,,63164,44,,,1,68,,63139,44,,,2,29,,63147,44,,,1,70,,63141,44,,,2,28,,63162,44,,,1,68,,63140,44,,,1,30,,63144,44,,,1,70,,63133,44,,,1,29,,63165,44,,,1,70,,63142,44,,,1,26,,63143,44,,,1,70,,63159,44,,,1,29,,63134,44,,,1,30,,63154,44,,,1
80000,'Semaine-5-_26ÉTÉ-1111100-',615,,63198,43,,,1,32,,63180,43,,,2,71,,63171,43,,,1,32,,63193,43,,,1,70,,63181,43,,,1,18,,63170,43,,,1,67,,63195,43,,,2,29,,63173,44,,,2,70,,63190,44,,,2,31,,63184,44,,,2,69,,63202,44,,,1,30,,63172,44,,,1,69,,63188,44,,,2,31,,63186,44,,,1,71,,63201,44,,,1,28,,63183,44,,,1,72,,63196,44,,,2,31,,63185,44,,,2,70,,63192,44,,,1,32,,63191,44,,,1,73,,63187,44,,,1,31,,63199,44,,,1,68,,63174,44,,,2,29,,63182,44,,,1,70,,63176,44,,,2,28,,63197,44,,,1,68,,63175,44,,,1,30,,63179,44,,,1,70,,63168,44,,,1,29,,63200,44,,,1,70,,63177,44,,,1,26,,63178,44,,,1,70,,63194,44,,,1,29,,63169,44,,,1,30,,63189,44,,,1
