4000,'Semaine-3-_26ÉTÉ-1111100-',1526,,41053,17,,,2,29,,41049,17,,,2,76,,41052,17,,,1,27,,41051,17,,,1,71,,41050,17,,,1,25,,41054,17,,,2
4000,'Semaine-4-_26ÉTÉ-1111100-',1526,,41059,17,,,2,29,,41055,17,,,2,76,,41058,17,,,1,27,,41057,17,,,1,71,,41056,17,,,1,25,,41060,17,,,2
4100,'Semaine-3-_26ÉTÉ-1111100-',1537,,41085,17,,,2,69,,41087,17,,,1,35,,41086,17,,,2,66,,41084,17,,,1,29,,41088,17,,,1
4100,'Semaine-4-_26ÉTÉ-1111100-',1537,,41090,17,,,2,69,,41092,17,,,1,35,,41091,17,,,2,66,,41089,17,,,1,29,,41093,17,,,1
4500,'Semaine-3-_26ÉTÉ-1111100-',1510,,41132,17,,,1,34,,41127,17,,,2,72,,41128,17,,,2,30,,41130,17,,,1,69,,41131,17,,,1,27,,41129,17,,,2
4500,'Semaine-4-_26ÉTÉ-1111100-',1510,,41138,17,,,1,34,,41133,17,,,2,72,,41134,17,,,2,30,,41136,17,,,1,69,,41137,17,,,1,27,,41135,17,,,2
4700,'Semaine-3-_26ÉTÉ-1111100-',1533,,41160,17,,,2,101,,41162,17,,,2,99,,41161,17,,,2
4700,'Semaine-4-_26ÉTÉ-1111100-',1533,,41163,17,,,2,101,,41165,17,,,2,99,,41164,17,,,2
5500,'Samedi-10-_26ÉTÉ-0000010-',706,,41605,18,,,1,30,,41602,18,,,1,70,,41603,18,,,1,30,,41606,18,,,1,70,,41604,18,,,1,29,,41611,18,,,1,69,,41608,18,,,1,29,,41609,18,,,1,75,,41614,18,,,1,27,,41613,18,,,1,68,,41607,18,,,1,30,,41610,18,,,1,70,,41612,18,,,1,34,,41615,18,,,1,70,,41616,18,,,1,30,,41617,18,,,1,70,,41618,18,,,1,28,,41619,18,,,1,70,,41620,18,,,1,30,,41621,18,,,1,70,,41622,18,,,1,30,,41623,18,,,1,72,,41624,18,,,1,28,,41625,18,,,1,70,,41627,18,,,1,33,,41626,18,,,1,67,,41628,18,,,1,30,,41630,18,,,1,71,,41629,18,,,1,31,,41631,18,,,1,68,,41632,18,,,1,30,,41635,18,,,1,70,,41637,18,,,1,30,,41634,18,,,1,71,,41633,18,,,1,28,,41636,18,,,1
5500,'Semaine-3-_26ÉTÉ-1111100-',601,,41688,18,,,1,104,,41704,18,,,1,103,,41687,18,,,1,98,,41723,18,,,1,28,,41724,18,,,1,69,,41693,18,,,1,30,,41703,18,,,1,70,,41707,18,,,1,31,,41729,18,,,1,71,,41689,18,,,1,30,,41728,18,,,1,69,,41706,18,,,1,30,,41721,18,,,1,70,,41715,18,,,1,23,,41722,18,,,1,16,,41708,18,,,1,57,,41686,18,,,1,14,,41727,18,,,1,17,,41697,18,,,1,15,,41730,18,,,1,13,,41718,18,,,1,50,,41690,18,,,1,13,,41701,18,,,1,14,,41733,18,,,1,13,,41726,18,,,1,51,,41692,18,,,1,11,,41709,18,,,1,12,,41702,18,,,1,9,,41731,18,,,1,11,,41716,18,,,1,9,,41696,18,,,1,52,,41691,18,,,1,10,,41732,18,,,1,12,,41700,18,,,1,11,,41695,18,,,1,10,,41705,18,,,1,70,,41720,18,,,1,29,,41725,18,,,1,71,,41712,18,,,1,29,,41698,18,,,1,70,,41719,18,,,1,29,,41710,18,,,1,71,,41713,18,,,1,29,,41699,18,,,1,70,,41714,18,,,1,30,,41711,18,,,1,69,,41694,18,,,1,30,,41717,18,,,1
5500,'Semaine-4-_26ÉTÉ-1111100-',601,,41736,18,,,1,104,,41752,18,,,1,103,,41735,18,,,1,98,,41771,18,,,1,28,,41772,18,,,1,69,,41741,18,,,1,30,,41751,18,,,1,70,,41755,18,,,1,31,,41777,18,,,1,71,,41737,18,,,1,30,,41776,18,,,1,69,,41754,18,,,1,30,,41769,18,,,1,70,,41763,18,,,1,23,,41770,18,,,1,16,,41756,18,,,1,57,,41734,18,,,1,14,,41775,18,,,1,17,,41745,18,,,1,15,,41778,18,,,1,13,,41766,18,,,1,50,,41738,18,,,1,13,,41749,18,,,1,14,,41781,18,,,1,13,,41774,18,,,1,51,,41740,18,,,1,11,,41757,18,,,1,12,,41750,18,,,1,9,,41779,18,,,1,11,,41764,18,,,1,9,,41744,18,,,1,52,,41739,18,,,1,10,,41780,18,,,1,12,,41748,18,,,1,11,,41743,18,,,1,10,,41753,18,,,1,70,,41768,18,,,1,29,,41773,18,,,1,71,,41760,18,,,1,29,,41746,18,,,1,70,,41767,18,,,1,29,,41758,18,,,1,71,,41761,18,,,1,29,,41747,18,,,1,70,,41762,18,,,1,30,,41759,18,,,1,69,,41742,18,,,1,30,,41765,18,,,1
5601,'Semaine-3-_26ÉTÉ-1111100-',1228,,41991,20,,,2,103,,41988,20,,,1,100,,41987,20,,,1,99,,41990,20,,,1,106,,41989,20,,,1,96,,41992,20,,,2,96,,41993,20,,,1
5601,'Semaine-4-_26ÉTÉ-1111100-',1228,,41998,20,,,2,103,,41995,20,,,1,100,,41994,20,,,1,99,,41997,20,,,1,106,,41996,20,,,1,96,,41999,20,,,2,96,,42000,20,,,1
5900,'Samedi-10-_26ÉTÉ-0000010-',720,,42050,18,,,1,30,,42053,18,,,1,70,,42046,18,,,1,30,,42052,18,,,1,70,,42049,18,,,1,30,,42054,18,,,1,70,,42058,18,,,1,30,,42059,18,,,1,70,,42048,18,,,1,30,,42047,18,,,1,71,,42057,18,,,1,30,,42051,18,,,1,70,,42055,18,,,1,30,,42060,18,,,1,70,,42056,18,,,1,30,,42061,18,,,1,70,,42062,18,,,1,29,,42063,18,,,1,70,,42064,18,,,1,32,,42065,18,,,1,69,,42066,18,,,1,30,,42067,18,,,1,69,,42068,18,,,1,30,,42069,18,,,1,70,,42070,18,,,1,30,,42072,18,,,1,70,,42071,18,,,1,30,,42074,18,,,1,70,,42073,18,,,1,30,,42075,18,,,1,70,,42076,18,,,1,30,,42078,18,,,1,70,,42077,18,,,1,30,,42079,18,,,1
5900,'Semaine-3-_26ÉTÉ-1111100-',634,,42134,18,,,1,103,,42169,18,,,1,100,,42150,18,,,1,85,,42146,18,,,1,28,,42167,18,,,1,70,,42143,18,,,1,30,,42166,18,,,1,70,,42157,18,,,1,30,,42151,18,,,1,71,,42159,18,,,1,30,,42142,18,,,1,70,,42170,18,,,1,30,,42133,18,,,1,70,,42164,18,,,1,14,,42135,18,,,1,17,,42168,18,,,1,71,,42128,18,,,1,14,,42172,18,,,1,16,,42127,18,,,1,48,,42162,18,,,1,17,,42158,18,,,1,7,,42171,13,,,1,6,,42145,18,,,1,13,,42129,18,,,1,6,,42173,13,,,1,8,,42130,18,,,1,50,,42138,18,,,1,7,,42165,18,,,1,17,,42154,18,,,1,9,,42141,18,,,1,8,,42163,18,,,1,52,,42149,18,,,1,12,,42161,18,,,1,9,,42131,18,,,1,10,,42136,18,,,1,71,,42156,18,,,1,30,,42147,18,,,1,70,,42152,18,,,1,29,,42140,18,,,1,70,,42148,18,,,1,30,,42153,18,,,1,70,,42160,18,,,1,30,,42137,18,,,1,70,,42155,18,,,1,29,,42144,18,,,1,71,,42132,18,,,1,28,,42139,18,,,1
5900,'Semaine-4-_26ÉTÉ-1111100-',634,,42181,18,,,1,103,,42216,18,,,1,100,,42197,18,,,1,85,,42193,18,,,1,28,,42214,18,,,1,70,,42190,18,,,1,30,,42213,18,,,1,70,,42204,18,,,1,30,,42198,18,,,1,71,,42206,18,,,1,30,,42189,18,,,1,70,,42217,18,,,1,30,,42180,18,,,1,70,,42211,18,,,1,14,,42182,18,,,1,17,,42215,18,,,1,71,,42175,18,,,1,14,,42219,18,,,1,16,,42174,18,,,1,48,,42209,18,,,1,17,,42205,18,,,1,7,,42218,13,,,1,6,,42192,18,,,1,13,,42176,18,,,1,6,,42220,13,,,1,8,,42177,18,,,1,50,,42185,18,,,1,7,,42212,18,,,1,17,,42201,18,,,1,9,,42188,18,,,1,8,,42210,18,,,1,52,,42196,18,,,1,12,,42208,18,,,1,9,,42178,18,,,1,10,,42183,18,,,1,71,,42203,18,,,1,30,,42194,18,,,1,70,,42199,18,,,1,29,,42187,18,,,1,70,,42195,18,,,1,30,,42200,18,,,1,70,,42207,18,,,1,30,,42184,18,,,1,70,,42202,18,,,1,29,,42191,18,,,1,71,,42179,18,,,1,28,,42186,18,,,1
80001,'Samedi-10-_26ÉTÉ-0000010-',632,,46931,20,,,1,100,,46933,20,,,1,99,,46934,20,,,2,100,,46937,20,,,1,101,,46932,20,,,2,100,,46935,20,,,1,100,,46938,20,,,1,99,,46936,20,,,2,100,,46939,20,,,1,100,,46940,20,,,1,100,,46941,20,,,2,100,,46942,20,,,1,97,,46945,20,,,1,101,,46943,20,,,2,100,,46944,20,,,2,100,,46946,20,,,1,102,,46947,20,,,1
80001,'Semaine-3-_26ÉTÉ-1111100-',620,,47005,20,,,1,30,,46991,20,,,1,70,,47011,20,,,1,30,,46995,20,,,2,75,,46985,20,,,2,26,,47002,20,,,2,68,,46999,20,,,2,30,,47007,20,,,1,70,,47012,20,,,2,30,,46998,20,,,1,70,,47006,20,,,1,30,,46988,20,,,1,70,,47016,20,,,1,29,,47015,20,,,2,74,,46986,20,,,2,30,,47009,20,,,1,70,,46997,20,,,1,31,,47003,20,,,1,71,,47013,20,,,1,29,,47000,20,,,2,58,,47010,20,,,1,20,,47017,20,,,2,28,,47008,20,,,1,66,,47001,20,,,1,29,,46989,20,,,1,68,,46993,20,,,1,28,,46983,20,,,1,70,,47014,20,,,1,31,,46990,20,,,1,67,,46992,20,,,1,29,,46996,20,,,1,70,,46984,20,,,2,30,,47004,20,,,1,74,,46987,20,,,1,31,,46994,20,,,1
80001,'Semaine-4-_26ÉTÉ-1111100-',620,,47040,20,,,1,30,,47026,20,,,1,70,,47046,20,,,1,30,,47030,20,,,2,75,,47020,20,,,2,26,,47037,20,,,2,68,,47034,20,,,2,30,,47042,20,,,1,70,,47047,20,,,2,30,,47033,20,,,1,70,,47041,20,,,1,30,,47023,20,,,1,70,,47051,20,,,1,29,,47050,20,,,2,74,,47021,20,,,2,30,,47044,20,,,1,70,,47032,20,,,1,31,,47038,20,,,1,71,,47048,20,,,1,29,,47035,20,,,2,58,,47045,20,,,1,20,,47052,20,,,2,28,,47043,20,,,1,66,,47036,20,,,1,29,,47024,20,,,1,68,,47028,20,,,1,28,,47018,20,,,1,70,,47049,20,,,1,31,,47025,20,,,1,67,,47027,20,,,1,29,,47031,20,,,1,70,,47019,20,,,2,30,,47039,20,,,1,74,,47022,20,,,1,31,,47029,20,,,1
