1500,'Semaine-4',1639,,30335,3,,,2
1500,'Semaine-2-_26ÉTÉ-1111100-',1642,,38649,3,,,1
1500,'Semaine-3-_26ÉTÉ-1111100-',1642,,38650,3,,,1
1500,'Semaine-4-_26ÉTÉ-1111100-',1642,,38651,3,,,1
6300,'Samedi-3',1042,,32458,3,,,1,100,,32460,3,,,1,100,,32461,3,,,1,100,,32459,3,,,1,100,,32462,3,,,1,100,,32463,3,,,1,100,,32464,3,,,1,100,,32465,3,,,2
6300,'Dimanche-3',1042,,32468,3,,,1,100,,32466,3,,,1,100,,32470,3,,,1,100,,32467,3,,,1,100,,32469,3,,,1,100,,32471,3,,,1,100,,32473,3,,,1,100,,32472,3,,,2
6300,'Semaine-4',622,,32481,3,,,1,79,,32482,3,,,1,30,,32491,3,,,1,72,,32475,3,,,1,29,,32487,3,,,1,70,,32483,3,,,1,57,,32490,3,,,1,100,,32492,3,,,1,100,,32493,3,,,1,100,,32474,3,,,1,100,,32488,3,,,1,100,,32477,3,,,1,70,,32494,3,,,1,30,,32485,3,,,1,70,,32479,3,,,2,30,,32480,3,,,2,70,,32476,3,,,1,83,,32478,3,,,2,100,,32486,3,,,1,100,,32489,3,,,1,100,,32484,3,,,2
6300,'Samedi-10-_26ÉTÉ-0000010-',1042,,42532,3,,,1,100,,42534,3,,,1,100,,42535,3,,,1,100,,42533,3,,,1,100,,42536,3,,,1,100,,42537,3,,,1,100,,42538,3,,,1,100,,42539,3,,,2
6300,'Semaine-2-_26ÉTÉ-1111100-',622,,42547,3,,,2,80,,42548,3,,,1,29,,42557,3,,,2,71,,42541,3,,,2,30,,42553,3,,,1,70,,42549,3,,,1,57,,42556,3,,,2,100,,42558,3,,,1,100,,42559,3,,,2,100,,42540,3,,,1,100,,42554,3,,,1,99,,42543,3,,,1,71,,42560,3,,,2,30,,42551,3,,,2,70,,42545,3,,,2,30,,42546,3,,,1,70,,42542,3,,,1,83,,42544,3,,,1,100,,42552,3,,,1,100,,42555,3,,,1,100,,42550,3,,,1
6300,'Semaine-3-_26ÉTÉ-1111100-',622,,42568,3,,,2,80,,42569,3,,,1,29,,42578,3,,,2,71,,42562,3,,,2,30,,42574,3,,,1,70,,42570,3,,,1,57,,42577,3,,,2,100,,42579,3,,,1,100,,42580,3,,,2,100,,42561,3,,,1,100,,42575,3,,,1,99,,42564,3,,,1,71,,42581,3,,,2,30,,42572,3,,,2,70,,42566,3,,,2,30,,42567,3,,,1,70,,42563,3,,,1,83,,42565,3,,,1,100,,42573,3,,,1,100,,42576,3,,,1,100,,42571,3,,,1
6300,'Semaine-4-_26ÉTÉ-1111100-',622,,42589,3,,,2,80,,42590,3,,,1,29,,42599,3,,,2,71,,42583,3,,,2,30,,42595,3,,,1,70,,42591,3,,,1,57,,42598,3,,,2,100,,42600,3,,,1,100,,42601,3,,,2,100,,42582,3,,,1,100,,42596,3,,,1,99,,42585,3,,,1,71,,42602,3,,,2,30,,42593,3,,,2,70,,42587,3,,,2,30,,42588,3,,,1,70,,42584,3,,,1,83,,42586,3,,,1,100,,42594,3,,,1,100,,42597,3,,,1,100,,42592,3,,,1
