2700,'Semaine-2-_26ÉTÉ-1111100-',1619,,38795,36,,,1,30,,38793,36,,,2,67,,38797,36,,,1,30,,38794,36,,,1,68,,38796,36,,,2
2700,'Semaine-3-_26ÉTÉ-1111100-',1619,,38800,36,,,1,30,,38798,36,,,2,67,,38802,36,,,1,30,,38799,36,,,1,68,,38801,36,,,2
2700,'Semaine-4-_26ÉTÉ-1111100-',1619,,38805,36,,,1,30,,38803,36,,,2,67,,38807,36,,,1,30,,38804,36,,,1,68,,38806,36,,,2
3301,'Samedi-10-_26ÉTÉ-0000010-',708,,39624,12,,,1,100,,39625,12,,,1,100,,39622,12,,,2,100,,39628,12,,,1,100,,39629,12,,,1,100,,39623,12,,,1,100,,39626,12,,,1,100,,39627,12,,,1,101,,39630,12,,,1,99,,39631,12,,,1,100,,39632,12,,,1,100,,39639,12,,,1,100,,39633,12,,,1,100,,39634,12,,,1,100,,39635,12,,,1,100,,39636,12,,,1,100,,39637,12,,,1,100,,39638,12,,,1
3301,'Semaine-2-_26ÉTÉ-1111100-',554,,39663,12,,,2,62,,39671,12,,,2,24,,39648,12,,,1,17,,39668,12,,,1,55,,39664,12,,,2,4,,39659,12,,,1,9,,39679,12,,,1,11,,39677,12,,,2,22,,39666,12,,,2,54,,39654,12,,,1,10,,39670,12,,,2,16,,39644,12,,,1,70,,39656,12,,,1,29,,39662,12,,,1,71,,39652,12,,,2,28,,39673,12,,,1,71,,39657,12,,,1,29,,39649,12,,,1,72,,39651,12,,,1,19,,39669,12,,,1,6,,39678,12,,,1,67,,39660,12,,,1,30,,39650,12,,,1,71,,39655,12,,,1,31,,39658,12,,,1,11,,39680,12,,,1,59,,39661,12,,,1,16,,39653,12,,,2,13,,39665,12,,,2,73,,39646,12,,,1,27,,39676,12,,,1,23,,39643,12,,,2,69,,39640,12,,,2,32,,39674,12,,,1,83,,39647,12,,,1,70,,39642,12,,,1,97,,39645,12,,,1,41,,39667,12,,,1,106,,39672,12,,,1,97,,39641,12,,,1,164,,39675,12,,,1
3301,'Semaine-3-_26ÉTÉ-1111100-',554,,39704,12,,,2,62,,39712,12,,,2,24,,39689,12,,,1,17,,39709,12,,,1,55,,39705,12,,,2,4,,39700,12,,,1,9,,39720,12,,,1,11,,39718,12,,,2,22,,39707,12,,,2,54,,39695,12,,,1,10,,39711,12,,,2,16,,39685,12,,,1,70,,39697,12,,,1,29,,39703,12,,,1,71,,39693,12,,,2,28,,39714,12,,,1,71,,39698,12,,,1,29,,39690,12,,,1,72,,39692,12,,,1,19,,39710,12,,,1,6,,39719,12,,,1,67,,39701,12,,,1,30,,39691,12,,,1,71,,39696,12,,,1,31,,39699,12,,,1,11,,39721,12,,,1,59,,39702,12,,,1,16,,39694,12,,,2,13,,39706,12,,,2,73,,39687,12,,,1,27,,39717,12,,,1,23,,39684,12,,,2,69,,39681,12,,,2,32,,39715,12,,,1,83,,39688,12,,,1,70,,39683,12,,,1,97,,39686,12,,,1,41,,39708,12,,,1,106,,39713,12,,,1,97,,39682,12,,,1,164,,39716,12,,,1
3301,'Semaine-4-_26ÉTÉ-1111100-',554,,39745,12,,,2,62,,39753,12,,,2,24,,39730,12,,,1,17,,39750,12,,,1,55,,39746,12,,,2,4,,39741,12,,,1,9,,39761,12,,,1,11,,39759,12,,,2,22,,39748,12,,,2,54,,39736,12,,,1,10,,39752,12,,,2,16,,39726,12,,,1,70,,39738,12,,,1,29,,39744,12,,,1,71,,39734,12,,,2,28,,39755,12,,,1,71,,39739,12,,,1,29,,39731,12,,,1,72,,39733,12,,,1,19,,39751,12,,,1,6,,39760,12,,,1,67,,39742,12,,,1,30,,39732,12,,,1,71,,39737,12,,,1,31,,39740,12,,,1,11,,39762,12,,,1,59,,39743,12,,,1,16,,39735,12,,,2,13,,39747,12,,,2,73,,39728,12,,,1,27,,39758,12,,,1,23,,39725,12,,,2,69,,39722,12,,,2,32,,39756,12,,,1,83,,39729,12,,,1,70,,39724,12,,,1,97,,39727,12,,,1,41,,39749,12,,,1,106,,39754,12,,,1,97,,39723,12,,,1,164,,39757,12,,,1
33101,'Semaine-2-_26ÉTÉ-1111100-',1626,,45851,18,0,7 8,1
56601,'Semaine-2-_26ÉTÉ-1111100-',715,,46767,37,,,1
56601,'Semaine-3-_26ÉTÉ-1111100-',715,,46768,37,,,1
56601,'Semaine-4-_26ÉTÉ-1111100-',715,,46769,37,,,1
56901,'Semaine-2-_26ÉTÉ-1111100-',715,,46770,20,,,1
56901,'Semaine-3-_26ÉTÉ-1111100-',715,,46771,20,,,1
56901,'Semaine-4-_26ÉTÉ-1111100-',715,,46772,20,,,1
