4001,'Semaine-1-_26ÉTÉ-1111100-',617,,51761,31,,,2,32,,51760,31,,,2,71,,51763,31,,,2,32,,51759,31,,,1,69,,51758,31,,,2,26,,51762,31,,,2
4001,'Semaine-10-_26ÉTÉ-1111100-',617,,51767,31,,,2,32,,51766,31,,,2,71,,51769,31,,,2,32,,51765,31,,,1,69,,51764,31,,,2,26,,51768,31,,,2
4001,'Semaine-11-_26ÉTÉ-1111100-',617,,51773,31,,,2,32,,51772,31,,,2,71,,51775,31,,,2,32,,51771,31,,,1,69,,51770,31,,,2,26,,51774,31,,,2
4001,'Semaine-12-_26ÉTÉ-1111100-',617,,51779,31,,,2,32,,51778,31,,,2,71,,51781,31,,,2,32,,51777,31,,,1,69,,51776,31,,,2,26,,51780,31,,,2
4101,'Semaine-1-_26ÉTÉ-1111100-',642,,51815,22,,,2,71,,51816,22,,,2,31,,51817,22,,,2,69,,51814,22,,,1,29,,51813,22,,,2
4101,'Semaine-10-_26ÉTÉ-1111100-',642,,51820,22,,,2,71,,51821,22,,,2,31,,51822,22,,,2,69,,51819,22,,,1,29,,51818,22,,,2
4101,'Semaine-11-_26ÉTÉ-1111100-',642,,51825,22,,,2,71,,51826,22,,,2,31,,51827,22,,,2,69,,51824,22,,,1,29,,51823,22,,,2
4101,'Semaine-12-_26ÉTÉ-1111100-',642,,51830,22,,,2,71,,51831,22,,,2,31,,51832,22,,,2,69,,51829,22,,,1,29,,51828,22,,,2
4701,'Semaine-1-_26ÉTÉ-1111100-',621,,51935,18,,,2,85,,51936,18,,,2,45,,51933,18,,,2,68,,51934,18,,,2
4701,'Semaine-10-_26ÉTÉ-1111100-',621,,51939,18,,,2,85,,51940,18,,,2,45,,51937,18,,,2,68,,51938,18,,,2
4701,'Semaine-11-_26ÉTÉ-1111100-',621,,51943,18,,,2,85,,51944,18,,,2,45,,51941,18,,,2,68,,51942,18,,,2
4701,'Semaine-12-_26ÉTÉ-1111100-',621,,51947,18,,,2,85,,51948,18,,,2,45,,51945,18,,,2,68,,51946,18,,,2
4900,'Samedi-0-_26ÉTÉ-0000010-',720,,51965,19,,,1,100,,51966,19,,,1,103,,51963,19,,,1,100,,51967,19,,,1,100,,51964,19,,,1,100,,51968,19,,,1,99,,51969,19,,,1,104,,51970,19,,,1,97,,51971,19,,,1,100,,51972,19,,,1,100,,51973,19,,,1,97,,51974,19,,,1,100,,51975,19,,,1,100,,51976,19,,,1,100,,51977,19,,,1,100,,51978,19,,,1,101,,51979,19,,,1
4900,'Dimanche-0-_26ÉTÉ-0000001-',720,,51980,19,,,1,100,,51983,19,,,1,103,,51981,19,,,1,100,,51984,19,,,1,100,,51986,19,,,1,100,,51990,19,,,1,99,,51988,19,,,1,104,,51987,19,,,1,97,,51982,19,,,1,100,,51992,19,,,1,100,,51989,19,,,1,97,,51991,19,,,1,100,,51996,19,,,1,100,,51985,19,,,1,100,,51994,19,,,1,100,,51995,19,,,1,101,,51993,19,,,1
4900,'Dimanche-10-_26ÉTÉ-0000001-',720,,51997,19,,,1,100,,52000,19,,,1,103,,51998,19,,,1,100,,52001,19,,,1,100,,52003,19,,,1,100,,52007,19,,,1,99,,52005,19,,,1,104,,52004,19,,,1,97,,51999,19,,,1,100,,52009,19,,,1,100,,52006,19,,,1,97,,52008,19,,,1,100,,52013,19,,,1,100,,52002,19,,,1,100,,52011,19,,,1,100,,52012,19,,,1,101,,52010,19,,,1
4900,'Dimanche-11-_26ÉTÉ-0000001-',720,,52014,19,,,1,100,,52017,19,,,1,103,,52015,19,,,1,100,,52018,19,,,1,100,,52020,19,,,1,100,,52024,19,,,1,99,,52022,19,,,1,104,,52021,19,,,1,97,,52016,19,,,1,100,,52026,19,,,1,100,,52023,19,,,1,97,,52025,19,,,1,100,,52030,19,,,1,100,,52019,19,,,1,100,,52028,19,,,1,100,,52029,19,,,1,101,,52027,19,,,1
4900,'Semaine-1-_26ÉTÉ-1111100-',639,,52055,19,,,1,20,,52061,19,,,1,66,,52058,19,,,1,32,,52059,19,,,1,77,,52054,19,,,1,72,,52050,19,,,1,32,,52042,19,,,1,70,,52060,19,,,1,31,,52056,19,,,1,72,,52052,19,,,1,30,,52031,19,,,1,70,,52051,19,,,1,30,,52033,19,,,1,70,,52038,19,,,1,30,,52040,19,,,1,71,,52043,19,,,1,30,,52057,19,,,1,71,,52041,19,,,1,30,,52044,19,,,1,70,,52036,19,,,1,31,,52047,19,,,1,69,,52039,19,,,1,30,,52037,19,,,1,70,,52053,19,,,1,28,,52048,19,,,1,99,,52032,19,,,1,101,,52049,19,,,1,100,,52046,19,,,1,98,,52034,19,,,1,98,,52045,19,,,1,100,,52035,19,,,1
4900,'Semaine-10-_26ÉTÉ-1111100-',639,,52086,19,,,1,20,,52092,19,,,1,66,,52089,19,,,1,32,,52090,19,,,1,77,,52085,19,,,1,72,,52081,19,,,1,32,,52073,19,,,1,70,,52091,19,,,1,31,,52087,19,,,1,72,,52083,19,,,1,30,,52062,19,,,1,70,,52082,19,,,1,30,,52064,19,,,1,70,,52069,19,,,1,30,,52071,19,,,1,71,,52074,19,,,1,30,,52088,19,,,1,71,,52072,19,,,1,30,,52075,19,,,1,70,,52067,19,,,1,31,,52078,19,,,1,69,,52070,19,,,1,30,,52068,19,,,1,70,,52084,19,,,1,28,,52079,19,,,1,99,,52063,19,,,1,101,,52080,19,,,1,100,,52077,19,,,1,98,,52065,19,,,1,98,,52076,19,,,1,100,,52066,19,,,1
4900,'Semaine-11-_26ÉTÉ-1111100-',639,,52117,19,,,1,20,,52123,19,,,1,66,,52120,19,,,1,32,,52121,19,,,1,77,,52116,19,,,1,72,,52112,19,,,1,32,,52104,19,,,1,70,,52122,19,,,1,31,,52118,19,,,1,72,,52114,19,,,1,30,,52093,19,,,1,70,,52113,19,,,1,30,,52095,19,,,1,70,,52100,19,,,1,30,,52102,19,,,1,71,,52105,19,,,1,30,,52119,19,,,1,71,,52103,19,,,1,30,,52106,19,,,1,70,,52098,19,,,1,31,,52109,19,,,1,69,,52101,19,,,1,30,,52099,19,,,1,70,,52115,19,,,1,28,,52110,19,,,1,99,,52094,19,,,1,101,,52111,19,,,1,100,,52108,19,,,1,98,,52096,19,,,1,98,,52107,19,,,1,100,,52097,19,,,1
4900,'Semaine-12-_26ÉTÉ-1111100-',639,,52148,19,,,1,20,,52154,19,,,1,66,,52151,19,,,1,32,,52152,19,,,1,77,,52147,19,,,1,72,,52143,19,,,1,32,,52135,19,,,1,70,,52153,19,,,1,31,,52149,19,,,1,72,,52145,19,,,1,30,,52124,19,,,1,70,,52144,19,,,1,30,,52126,19,,,1,70,,52131,19,,,1,30,,52133,19,,,1,71,,52136,19,,,1,30,,52150,19,,,1,71,,52134,19,,,1,30,,52137,19,,,1,70,,52129,19,,,1,31,,52140,19,,,1,69,,52132,19,,,1,30,,52130,19,,,1,70,,52146,19,,,1,28,,52141,19,,,1,99,,52125,19,,,1,101,,52142,19,,,1,100,,52139,19,,,1,98,,52127,19,,,1,98,,52138,19,,,1,100,,52128,19,,,1
5501,'Samedi-0-_26ÉTÉ-0000010-',705,,53189,29,,,1,30,,53192,29,,,1,70,,53191,29,,,1,30,,53201,29,,,1,70,,53190,29,,,1,30,,53193,29,,,1,70,,53194,29,,,1,30,,53200,29,,,1,72,,53196,29,,,1,30,,53197,29,,,1,71,,53195,29,,,1,28,,53203,29,,,1,70,,53202,29,,,1,30,,53198,29,,,1,70,,53199,29,,,1,30,,53204,29,,,1,70,,53205,29,,,1,30,,53206,29,,,1,70,,53207,29,,,1,30,,53208,29,,,1,70,,53209,29,,,1,30,,53210,29,,,1,70,,53211,29,,,1,28,,53212,29,,,1,70,,53213,29,,,1,30,,53214,29,,,1,70,,53215,29,,,1,29,,53216,29,,,1,70,,53217,29,,,1,30,,53219,29,,,1,69,,53218,29,,,1,32,,53221,29,,,1,68,,53220,29,,,1
5501,'Dimanche-0-_26ÉTÉ-0000001-',705,,53223,29,,,1,30,,53228,29,,,1,70,,53224,29,,,1,30,,53232,29,,,1,70,,53235,29,,,1,30,,53227,29,,,1,70,,53239,29,,,1,30,,53233,29,,,1,72,,53234,29,,,1,30,,53225,29,,,1,71,,53222,29,,,1,28,,53229,29,,,1,70,,53236,29,,,1,30,,53226,29,,,1,70,,53237,29,,,1,30,,53231,29,,,1,70,,53230,29,,,1,30,,53240,29,,,1,70,,53244,29,,,1,30,,53238,29,,,1,70,,53241,29,,,1,30,,53251,29,,,1,70,,53248,29,,,1,28,,53253,29,,,1,70,,53254,29,,,1,30,,53242,29,,,1,70,,53245,29,,,1,29,,53243,29,,,1,70,,53246,29,,,1,30,,53247,29,,,1,69,,53250,29,,,1,32,,53252,29,,,1,68,,53249,29,,,1
5501,'Dimanche-10-_26ÉTÉ-0000001-',705,,53256,29,,,1,30,,53261,29,,,1,70,,53257,29,,,1,30,,53265,29,,,1,70,,53268,29,,,1,30,,53260,29,,,1,70,,53272,29,,,1,30,,53266,29,,,1,72,,53267,29,,,1,30,,53258,29,,,1,71,,53255,29,,,1,28,,53262,29,,,1,70,,53269,29,,,1,30,,53259,29,,,1,70,,53270,29,,,1,30,,53264,29,,,1,70,,53263,29,,,1,30,,53273,29,,,1,70,,53277,29,,,1,30,,53271,29,,,1,70,,53274,29,,,1,30,,53284,29,,,1,70,,53281,29,,,1,28,,53286,29,,,1,70,,53287,29,,,1,30,,53275,29,,,1,70,,53278,29,,,1,29,,53276,29,,,1,70,,53279,29,,,1,30,,53280,29,,,1,69,,53283,29,,,1,32,,53285,29,,,1,68,,53282,29,,,1
5501,'Dimanche-11-_26ÉTÉ-0000001-',705,,53289,29,,,1,30,,53294,29,,,1,70,,53290,29,,,1,30,,53298,29,,,1,70,,53301,29,,,1,30,,53293,29,,,1,70,,53305,29,,,1,30,,53299,29,,,1,72,,53300,29,,,1,30,,53291,29,,,1,71,,53288,29,,,1,28,,53295,29,,,1,70,,53302,29,,,1,30,,53292,29,,,1,70,,53303,29,,,1,30,,53297,29,,,1,70,,53296,29,,,1,30,,53306,29,,,1,70,,53310,29,,,1,30,,53304,29,,,1,70,,53307,29,,,1,30,,53317,29,,,1,70,,53314,29,,,1,28,,53319,29,,,1,70,,53320,29,,,1,30,,53308,29,,,1,70,,53311,29,,,1,29,,53309,29,,,1,70,,53312,29,,,1,30,,53313,29,,,1,69,,53316,29,,,1,32,,53318,29,,,1,68,,53315,29,,,1
5501,'Semaine-1-_26ÉTÉ-1111100-',522,,53334,29,,,1,15,,53341,29,,,1,14,,53340,29,,,1,57,,53324,29,,,1,15,,53362,29,,,1,23,,53361,29,,,1,7,,53321,29,,,1,52,,53366,29,,,1,15,,53347,29,,,1,13,,53355,29,,,1,14,,53325,29,,,1,11,,53329,29,,,1,52,,53327,29,,,1,9,,53356,29,,,1,6,,53358,29,,,1,13,,53335,29,,,1,69,,53339,29,,,1,12,,53326,29,,,1,11,,53360,29,,,1,29,,53353,29,,,1,71,,53357,29,,,1,27,,53323,29,,,1,72,,53330,29,,,1,30,,53343,29,,,1,70,,53354,29,,,1,29,,53350,29,,,1,70,,53331,29,,,1,30,,53363,29,,,1,70,,53322,29,,,1,30,,53328,29,,,1,90,,53332,29,,,1,100,,53337,29,,,1,100,,53342,29,,,1,101,,53359,29,,,1,60,,53348,29,,,1,30,,53336,29,,,1,70,,53352,29,,,1,30,,53345,29,,,1,70,,53364,29,,,1,30,,53338,29,,,1,70,,53344,29,,,1,31,,53346,29,,,1,70,,53333,29,,,1,30,,53351,29,,,1,70,,53349,29,,,1
5501,'Semaine-10-_26ÉTÉ-1111100-',522,,53380,29,,,1,15,,53387,29,,,1,14,,53386,29,,,1,57,,53370,29,,,1,15,,53408,29,,,1,23,,53407,29,,,1,7,,53367,29,,,1,52,,53412,29,,,1,15,,53393,29,,,1,13,,53401,29,,,1,14,,53371,29,,,1,11,,53375,29,,,1,52,,53373,29,,,1,9,,53402,29,,,1,6,,53404,29,,,1,13,,53381,29,,,1,69,,53385,29,,,1,12,,53372,29,,,1,11,,53406,29,,,1,29,,53399,29,,,1,71,,53403,29,,,1,27,,53369,29,,,1,72,,53376,29,,,1,30,,53389,29,,,1,70,,53400,29,,,1,29,,53396,29,,,1,70,,53377,29,,,1,30,,53409,29,,,1,70,,53368,29,,,1,30,,53374,29,,,1,90,,53378,29,,,1,100,,53383,29,,,1,100,,53388,29,,,1,101,,53405,29,,,1,60,,53394,29,,,1,30,,53382,29,,,1,70,,53398,29,,,1,30,,53391,29,,,1,70,,53410,29,,,1,30,,53384,29,,,1,70,,53390,29,,,1,31,,53392,29,,,1,70,,53379,29,,,1,30,,53397,29,,,1,70,,53395,29,,,1
5501,'Semaine-11-_26ÉTÉ-1111100-',522,,53426,29,,,1,15,,53433,29,,,1,14,,53432,29,,,1,57,,53416,29,,,1,15,,53454,29,,,1,23,,53453,29,,,1,7,,53413,29,,,1,52,,53458,29,,,1,15,,53439,29,,,1,13,,53447,29,,,1,14,,53417,29,,,1,11,,53421,29,,,1,52,,53419,29,,,1,9,,53448,29,,,1,6,,53450,29,,,1,13,,53427,29,,,1,69,,53431,29,,,1,12,,53418,29,,,1,11,,53452,29,,,1,29,,53445,29,,,1,71,,53449,29,,,1,27,,53415,29,,,1,72,,53422,29,,,1,30,,53435,29,,,1,70,,53446,29,,,1,29,,53442,29,,,1,70,,53423,29,,,1,30,,53455,29,,,1,70,,53414,29,,,1,30,,53420,29,,,1,90,,53424,29,,,1,100,,53429,29,,,1,100,,53434,29,,,1,101,,53451,29,,,1,60,,53440,29,,,1,30,,53428,29,,,1,70,,53444,29,,,1,30,,53437,29,,,1,70,,53456,29,,,1,30,,53430,29,,,1,70,,53436,29,,,1,31,,53438,29,,,1,70,,53425,29,,,1,30,,53443,29,,,1,70,,53441,29,,,1
5501,'Semaine-12-_26ÉTÉ-1111100-',522,,53472,29,,,1,15,,53479,29,,,1,14,,53478,29,,,1,57,,53462,29,,,1,15,,53500,29,,,1,23,,53499,29,,,1,7,,53459,29,,,1,52,,53504,29,,,1,15,,53485,29,,,1,13,,53493,29,,,1,14,,53463,29,,,1,11,,53467,29,,,1,52,,53465,29,,,1,9,,53494,29,,,1,6,,53496,29,,,1,13,,53473,29,,,1,69,,53477,29,,,1,12,,53464,29,,,1,11,,53498,29,,,1,29,,53491,29,,,1,71,,53495,29,,,1,27,,53461,29,,,1,72,,53468,29,,,1,30,,53481,29,,,1,70,,53492,29,,,1,29,,53488,29,,,1,70,,53469,29,,,1,30,,53501,29,,,1,70,,53460,29,,,1,30,,53466,29,,,1,90,,53470,29,,,1,100,,53475,29,,,1,100,,53480,29,,,1,101,,53497,29,,,1,60,,53486,29,,,1,30,,53474,29,,,1,70,,53490,29,,,1,30,,53483,29,,,1,70,,53502,29,,,1,30,,53476,29,,,1,70,,53482,29,,,1,31,,53484,29,,,1,70,,53471,29,,,1,30,,53489,29,,,1,70,,53487,29,,,1
5801,'Semaine-1-_26ÉTÉ-1111100-',600,,53673,17,,,1,32,,53677,17,,,2,70,,53675,17,,,1,30,,53674,17,,,1,70,,53671,17,,,1,30,,53676,17,,,1,802,,53672,17,,,1
5801,'Semaine-10-_26ÉTÉ-1111100-',600,,53680,17,,,1,32,,53684,17,,,2,70,,53682,17,,,1,30,,53681,17,,,1,70,,53678,17,,,1,30,,53683,17,,,1,802,,53679,17,,,1
5801,'Semaine-11-_26ÉTÉ-1111100-',600,,53687,17,,,1,32,,53691,17,,,2,70,,53689,17,,,1,30,,53688,17,,,1,70,,53685,17,,,1,30,,53690,17,,,1,802,,53686,17,,,1
5801,'Semaine-12-_26ÉTÉ-1111100-',600,,53694,17,,,1,32,,53698,17,,,2,70,,53696,17,,,1,30,,53695,17,,,1,70,,53692,17,,,1,30,,53697,17,,,1,802,,53693,17,,,1
5901,'Samedi-0-_26ÉTÉ-0000010-',716,,54077,18,,,1,30,,54084,18,,,1,71,,54081,18,,,1,30,,54086,18,,,1,70,,54078,18,,,1,30,,54083,18,,,1,70,,54082,18,,,1,30,,54085,18,,,1,70,,54089,18,,,1,30,,54090,18,,,1,70,,54079,18,,,1,30,,54080,18,,,1,70,,54088,18,,,1,30,,54087,18,,,1,71,,54091,18,,,1,30,,54092,18,,,1,70,,54093,18,,,1,30,,54094,18,,,1,70,,54095,18,,,1,30,,54096,18,,,1,70,,54097,18,,,1,30,,54098,18,,,1,70,,54099,18,,,1,29,,54100,18,,,1,69,,54101,18,,,1,30,,54103,18,,,1,70,,54102,18,,,1,30,,54104,18,,,1,70,,54105,18,,,1,30,,54106,18,,,1,70,,54108,18,,,1,29,,54107,18,,,1
5901,'Dimanche-0-_26ÉTÉ-0000001-',716,,54115,18,,,1,30,,54118,18,,,1,71,,54120,18,,,1,30,,54111,18,,,1,70,,54114,18,,,1,30,,54117,18,,,1,70,,54121,18,,,1,30,,54109,18,,,1,70,,54112,18,,,1,30,,54126,18,,,1,70,,54119,18,,,1,30,,54110,18,,,1,70,,54113,18,,,1,30,,54116,18,,,1,71,,54123,18,,,1,30,,54122,18,,,1,70,,54125,18,,,1,30,,54127,18,,,1,70,,54124,18,,,1,30,,54133,18,,,1,70,,54134,18,,,1,30,,54130,18,,,1,70,,54129,18,,,1,29,,54139,18,,,1,69,,54136,18,,,1,30,,54137,18,,,1,70,,54128,18,,,1,30,,54131,18,,,1,70,,54135,18,,,1,30,,54132,18,,,1,70,,54138,18,,,1,29,,54140,18,,,1
5901,'Dimanche-10-_26ÉTÉ-0000001-',716,,54147,18,,,1,30,,54150,18,,,1,71,,54152,18,,,1,30,,54143,18,,,1,70,,54146,18,,,1,30,,54149,18,,,1,70,,54153,18,,,1,30,,54141,18,,,1,70,,54144,18,,,1,30,,54158,18,,,1,70,,54151,18,,,1,30,,54142,18,,,1,70,,54145,18,,,1,30,,54148,18,,,1,71,,54155,18,,,1,30,,54154,18,,,1,70,,54157,18,,,1,30,,54159,18,,,1,70,,54156,18,,,1,30,,54165,18,,,1,70,,54166,18,,,1,30,,54162,18,,,1,70,,54161,18,,,1,29,,54171,18,,,1,69,,54168,18,,,1,30,,54169,18,,,1,70,,54160,18,,,1,30,,54163,18,,,1,70,,54167,18,,,1,30,,54164,18,,,1,70,,54170,18,,,1,29,,54172,18,,,1
5901,'Dimanche-11-_26ÉTÉ-0000001-',716,,54179,18,,,1,30,,54182,18,,,1,71,,54184,18,,,1,30,,54175,18,,,1,70,,54178,18,,,1,30,,54181,18,,,1,70,,54185,18,,,1,30,,54173,18,,,1,70,,54176,18,,,1,30,,54190,18,,,1,70,,54183,18,,,1,30,,54174,18,,,1,70,,54177,18,,,1,30,,54180,18,,,1,71,,54187,18,,,1,30,,54186,18,,,1,70,,54189,18,,,1,30,,54191,18,,,1,70,,54188,18,,,1,30,,54197,18,,,1,70,,54198,18,,,1,30,,54194,18,,,1,70,,54193,18,,,1,29,,54203,18,,,1,69,,54200,18,,,1,30,,54201,18,,,1,70,,54192,18,,,1,30,,54195,18,,,1,70,,54199,18,,,1,30,,54196,18,,,1,70,,54202,18,,,1,29,,54204,18,,,1
5901,'Semaine-1-_26ÉTÉ-1111100-',515,,54209,18,,,1,14,,54245,18,,,1,15,,54218,18,,,1,15,,54239,18,,,1,56,,54219,18,,,1,15,,54208,18,,,1,8,,54210,18,,,1,21,,54213,18,,,1,64,,54216,18,,,1,18,,54217,18,,,1,11,,54212,18,,,1,52,,54241,18,,,1,8,,54227,18,,,1,10,,54232,18,,,1,13,,54206,18,,,1,12,,54222,18,,,1,53,,54207,18,,,1,12,,54225,18,,,1,32,,54251,18,,,1,70,,54246,18,,,1,30,,54233,18,,,1,70,,54215,18,,,1,30,,54226,18,,,1,70,,54229,18,,,1,30,,54214,18,,,1,70,,54243,18,,,1,30,,54205,18,,,1,70,,54247,18,,,1,30,,54237,18,,,1,75,,54240,18,,,1,99,,54244,18,,,1,101,,54224,18,,,1,100,,54231,18,,,1,35,,54236,18,,,1,70,,54223,18,,,1,30,,54230,18,,,1,70,,54235,18,,,1,30,,54242,18,,,1,70,,54220,18,,,1,30,,54238,18,,,1,71,,54228,18,,,1,30,,54211,18,,,1,70,,54221,18,,,1,30,,54234,18,,,1
5901,'Semaine-10-_26ÉTÉ-1111100-',515,,54256,18,,,1,14,,54292,18,,,1,15,,54265,18,,,1,15,,54286,18,,,1,56,,54266,18,,,1,15,,54255,18,,,1,8,,54257,18,,,1,21,,54260,18,,,1,64,,54263,18,,,1,18,,54264,18,,,1,11,,54259,18,,,1,52,,54288,18,,,1,8,,54274,18,,,1,10,,54279,18,,,1,13,,54253,18,,,1,12,,54269,18,,,1,53,,54254,18,,,1,12,,54272,18,,,1,32,,54298,18,,,1,70,,54293,18,,,1,30,,54280,18,,,1,70,,54262,18,,,1,30,,54273,18,,,1,70,,54276,18,,,1,30,,54261,18,,,1,70,,54290,18,,,1,30,,54252,18,,,1,70,,54294,18,,,1,30,,54284,18,,,1,75,,54287,18,,,1,99,,54291,18,,,1,101,,54271,18,,,1,100,,54278,18,,,1,35,,54283,18,,,1,70,,54270,18,,,1,30,,54277,18,,,1,70,,54282,18,,,1,30,,54289,18,,,1,70,,54267,18,,,1,30,,54285,18,,,1,71,,54275,18,,,1,30,,54258,18,,,1,70,,54268,18,,,1,30,,54281,18,,,1
5901,'Semaine-11-_26ÉTÉ-1111100-',515,,54303,18,,,1,14,,54339,18,,,1,15,,54312,18,,,1,15,,54333,18,,,1,56,,54313,18,,,1,15,,54302,18,,,1,8,,54304,18,,,1,21,,54307,18,,,1,64,,54310,18,,,1,18,,54311,18,,,1,11,,54306,18,,,1,52,,54335,18,,,1,8,,54321,18,,,1,10,,54326,18,,,1,13,,54300,18,,,1,12,,54316,18,,,1,53,,54301,18,,,1,12,,54319,18,,,1,32,,54345,18,,,1,70,,54340,18,,,1,30,,54327,18,,,1,70,,54309,18,,,1,30,,54320,18,,,1,70,,54323,18,,,1,30,,54308,18,,,1,70,,54337,18,,,1,30,,54299,18,,,1,70,,54341,18,,,1,30,,54331,18,,,1,75,,54334,18,,,1,99,,54338,18,,,1,101,,54318,18,,,1,100,,54325,18,,,1,35,,54330,18,,,1,70,,54317,18,,,1,30,,54324,18,,,1,70,,54329,18,,,1,30,,54336,18,,,1,70,,54314,18,,,1,30,,54332,18,,,1,71,,54322,18,,,1,30,,54305,18,,,1,70,,54315,18,,,1,30,,54328,18,,,1
5901,'Semaine-12-_26ÉTÉ-1111100-',515,,54350,18,,,1,14,,54386,18,,,1,15,,54359,18,,,1,15,,54380,18,,,1,56,,54360,18,,,1,15,,54349,18,,,1,8,,54351,18,,,1,21,,54354,18,,,1,64,,54357,18,,,1,18,,54358,18,,,1,11,,54353,18,,,1,52,,54382,18,,,1,8,,54368,18,,,1,10,,54373,18,,,1,13,,54347,18,,,1,12,,54363,18,,,1,53,,54348,18,,,1,12,,54366,18,,,1,32,,54392,18,,,1,70,,54387,18,,,1,30,,54374,18,,,1,70,,54356,18,,,1,30,,54367,18,,,1,70,,54370,18,,,1,30,,54355,18,,,1,70,,54384,18,,,1,30,,54346,18,,,1,70,,54388,18,,,1,30,,54378,18,,,1,75,,54381,18,,,1,99,,54385,18,,,1,101,,54365,18,,,1,100,,54372,18,,,1,35,,54377,18,,,1,70,,54364,18,,,1,30,,54371,18,,,1,70,,54376,18,,,1,30,,54383,18,,,1,70,,54361,18,,,1,30,,54379,18,,,1,71,,54369,18,,,1,30,,54352,18,,,1,70,,54362,18,,,1,30,,54375,18,,,1
80000,'Samedi-0-_26ÉTÉ-0000010-',723,,62960,22,,,2,100,,62961,22,,,1,100,,62962,22,,,2,101,,62964,22,,,1,100,,62965,22,,,2,100,,62963,22,,,2,100,,62966,22,,,1,100,,62967,22,,,2,100,,62968,22,,,1,100,,62969,22,,,2,100,,62970,22,,,2,100,,62971,22,,,1,100,,62974,22,,,1,99,,62972,22,,,1,100,,62973,22,,,2,99,,62975,22,,,1,100,,62976,22,,,1
80000,'Dimanche-0-_26ÉTÉ-0000001-',723,,62981,22,,,2,100,,62977,22,,,1,100,,62982,22,,,2,101,,62978,22,,,1,100,,62979,22,,,2,100,,62983,22,,,2,100,,62980,22,,,1,100,,62985,22,,,2,100,,62984,22,,,1,100,,62986,22,,,2,100,,62989,22,,,2,100,,62987,22,,,1,100,,62988,22,,,1,99,,62990,22,,,1,100,,62991,22,,,2,99,,62993,22,,,1,100,,62992,22,,,1
80000,'Dimanche-10-_26ÉTÉ-0000001-',723,,62998,22,,,2,100,,62994,22,,,1,100,,62999,22,,,2,101,,62995,22,,,1,100,,62996,22,,,2,100,,63000,22,,,2,100,,62997,22,,,1,100,,63002,22,,,2,100,,63001,22,,,1,100,,63003,22,,,2,100,,63006,22,,,2,100,,63004,22,,,1,100,,63005,22,,,1,99,,63007,22,,,1,100,,63008,22,,,2,99,,63010,22,,,1,100,,63009,22,,,1
80000,'Dimanche-11-_26ÉTÉ-0000001-',723,,63015,22,,,2,100,,63011,22,,,1,100,,63016,22,,,2,101,,63012,22,,,1,100,,63013,22,,,2,100,,63017,22,,,2,100,,63014,22,,,1,100,,63019,22,,,2,100,,63018,22,,,1,100,,63020,22,,,2,100,,63023,22,,,2,100,,63021,22,,,1,100,,63022,22,,,1,99,,63024,22,,,1,100,,63025,22,,,2,99,,63027,22,,,1,100,,63026,22,,,1
80000,'Semaine-1-_26ÉTÉ-1111100-',558,,63058,22,,,1,71,,63040,22,,,2,71,,63031,22,,,1,30,,63053,22,,,1,71,,63041,22,,,1,18,,63030,22,,,1,30,,63055,22,,,2,70,,63033,22,,,2,30,,63050,22,,,2,70,,63044,22,,,2,29,,63062,22,,,1,70,,63032,22,,,1,29,,63048,22,,,2,71,,63046,22,,,1,31,,63061,22,,,1,68,,63043,22,,,1,32,,63056,22,,,2,70,,63045,22,,,2,31,,63052,22,,,1,70,,63051,22,,,1,31,,63047,22,,,1,72,,63059,22,,,1,29,,63034,22,,,2,69,,63042,22,,,1,30,,63036,22,,,2,70,,63057,22,,,1,28,,63035,22,,,1,70,,63039,22,,,1,29,,63028,22,,,1,70,,63060,22,,,1,30,,63037,22,,,1,69,,63038,22,,,1,30,,63054,22,,,1,69,,63029,22,,,1,30,,63049,22,,,1
80000,'Semaine-10-_26ÉTÉ-1111100-',558,,63093,22,,,1,71,,63075,22,,,2,71,,63066,22,,,1,30,,63088,22,,,1,71,,63076,22,,,1,18,,63065,22,,,1,30,,63090,22,,,2,70,,63068,22,,,2,30,,63085,22,,,2,70,,63079,22,,,2,29,,63097,22,,,1,70,,63067,22,,,1,29,,63083,22,,,2,71,,63081,22,,,1,31,,63096,22,,,1,68,,63078,22,,,1,32,,63091,22,,,2,70,,63080,22,,,2,31,,63087,22,,,1,70,,63086,22,,,1,31,,63082,22,,,1,72,,63094,22,,,1,29,,63069,22,,,2,69,,63077,22,,,1,30,,63071,22,,,2,70,,63092,22,,,1,28,,63070,22,,,1,70,,63074,22,,,1,29,,63063,22,,,1,70,,63095,22,,,1,30,,63072,22,,,1,69,,63073,22,,,1,30,,63089,22,,,1,69,,63064,22,,,1,30,,63084,22,,,1
80000,'Semaine-11-_26ÉTÉ-1111100-',558,,63128,22,,,1,71,,63110,22,,,2,71,,63101,22,,,1,30,,63123,22,,,1,71,,63111,22,,,1,18,,63100,22,,,1,30,,63125,22,,,2,70,,63103,22,,,2,30,,63120,22,,,2,70,,63114,22,,,2,29,,63132,22,,,1,70,,63102,22,,,1,29,,63118,22,,,2,71,,63116,22,,,1,31,,63131,22,,,1,68,,63113,22,,,1,32,,63126,22,,,2,70,,63115,22,,,2,31,,63122,22,,,1,70,,63121,22,,,1,31,,63117,22,,,1,72,,63129,22,,,1,29,,63104,22,,,2,69,,63112,22,,,1,30,,63106,22,,,2,70,,63127,22,,,1,28,,63105,22,,,1,70,,63109,22,,,1,29,,63098,22,,,1,70,,63130,22,,,1,30,,63107,22,,,1,69,,63108,22,,,1,30,,63124,22,,,1,69,,63099,22,,,1,30,,63119,22,,,1
80000,'Semaine-12-_26ÉTÉ-1111100-',558,,63163,22,,,1,71,,63145,22,,,2,71,,63136,22,,,1,30,,63158,22,,,1,71,,63146,22,,,1,18,,63135,22,,,1,30,,63160,22,,,2,70,,63138,22,,,2,30,,63155,22,,,2,70,,63149,22,,,2,29,,63167,22,,,1,70,,63137,22,,,1,29,,63153,22,,,2,71,,63151,22,,,1,31,,63166,22,,,1,68,,63148,22,,,1,32,,63161,22,,,2,70,,63150,22,,,2,31,,63157,22,,,1,70,,63156,22,,,1,31,,63152,22,,,1,72,,63164,22,,,1,29,,63139,22,,,2,69,,63147,22,,,1,30,,63141,22,,,2,70,,63162,22,,,1,28,,63140,22,,,1,70,,63144,22,,,1,29,,63133,22,,,1,70,,63165,22,,,1,30,,63142,22,,,1,69,,63143,22,,,1,30,,63159,22,,,1,69,,63134,22,,,1,30,,63154,22,,,1
