7601,'Samedi-3',715,,33696,15,,,1,100,,33699,15,,,2,100,,33698,15,,,1,100,,33702,15,,,1,100,,33701,15,,,1,100,,33700,15,,,2,100,,33697,15,,,1,100,,33703,15,,,1,100,,33704,15,,,2,100,,33705,15,,,1,100,,33706,15,,,2,100,,33707,15,,,1,100,,33708,15,,,1,100,,33709,15,,,2,100,,33710,15,,,2,100,,33711,15,,,2
7601,'Samedi-4',715,,37608,15,,,1,100,,37611,15,,,2,100,,37610,15,,,1,100,,37614,15,,,1,100,,37613,15,,,1,100,,37612,15,,,2,100,,37609,15,,,1,100,,37615,15,,,1,100,,37616,15,,,2,100,,37617,15,,,1,100,,37618,15,,,2,100,,37619,15,,,1,100,,37620,15,,,1,100,,37621,15,,,2,100,,37622,15,,,2,100,,37623,15,,,2
7601,'Dimanche-3',714,,33714,15,,,1,100,,33717,15,,,2,100,,33715,15,,,1,100,,33716,15,,,1,100,,33719,15,,,1,100,,33712,15,,,2,100,,33718,15,,,1,100,,33713,15,,,1,100,,33721,15,,,2,100,,33725,15,,,1,100,,33722,15,,,2,100,,33727,15,,,1,100,,33720,15,,,1,100,,33723,15,,,2,100,,33726,15,,,2,100,,33724,15,,,2
7601,'Semaine-4',635,,33739,15,,,1,15,,33728,15,,,1,58,,33754,15,,,1,24,,33743,15,,,1,24,,33755,15,,,1,57,,33745,15,,,1,18,,33752,15,,,1,69,,33753,15,,,1,30,,33746,15,,,2,70,,33751,15,,,1,30,,33758,15,,,1,70,,33756,15,,,1,30,,33731,15,,,1,70,,33759,15,,,1,30,,33732,15,,,1,70,,33747,15,,,2,30,,33733,15,,,1,70,,33729,15,,,1,30,,33734,15,,,1,70,,33730,15,,,1,34,,33757,15,,,2,70,,33740,15,,,2,27,,33742,15,,,1,25,,33741,15,,,2,65,,33744,15,,,2,25,,33749,15,,,1,65,,33748,15,,,1,29,,33750,15,,,1,87,,33735,15,,,1,98,,33736,15,,,1,100,,33737,15,,,1,100,,33738,15,,,1
7601,'Samedi-10-_26ÉTÉ-0000010-',715,,44788,15,,,1,100,,44791,15,,,2,100,,44790,15,,,1,100,,44794,15,,,1,100,,44793,15,,,1,100,,44792,15,,,2,100,,44789,15,,,1,100,,44795,15,,,1,100,,44796,15,,,2,100,,44797,15,,,1,100,,44798,15,,,2,100,,44799,15,,,1,100,,44800,15,,,1,100,,44801,15,,,2,100,,44802,15,,,2,100,,44803,15,,,2
7601,'Semaine-2-_26ÉTÉ-1111100-',635,,44815,15,,,2,15,,44804,15,,,2,59,,44830,15,,,2,24,,44819,15,,,2,20,,44831,15,,,2,60,,44821,15,,,1,17,,44828,15,,,2,70,,44829,15,,,2,30,,44822,15,,,2,70,,44827,15,,,1,30,,44834,15,,,1,70,,44832,15,,,1,30,,44807,15,,,2,70,,44835,15,,,2,30,,44808,15,,,1,70,,44823,15,,,1,30,,44809,15,,,1,70,,44805,15,,,1,30,,44810,15,,,1,70,,44806,15,,,2,33,,44833,15,,,1,68,,44816,15,,,2,30,,44818,15,,,2,25,,44817,15,,,1,67,,44820,15,,,1,23,,44825,15,,,1,65,,44824,15,,,1,29,,44826,15,,,1,85,,44811,15,,,1,100,,44812,15,,,1,100,,44813,15,,,1,100,,44814,15,,,1
7601,'Semaine-3-_26ÉTÉ-1111100-',635,,44847,15,,,2,15,,44836,15,,,2,59,,44862,15,,,2,24,,44851,15,,,2,20,,44863,15,,,2,60,,44853,15,,,1,17,,44860,15,,,2,70,,44861,15,,,2,30,,44854,15,,,2,70,,44859,15,,,1,30,,44866,15,,,1,70,,44864,15,,,1,30,,44839,15,,,2,70,,44867,15,,,2,30,,44840,15,,,1,70,,44855,15,,,1,30,,44841,15,,,1,70,,44837,15,,,1,30,,44842,15,,,1,70,,44838,15,,,2,33,,44865,15,,,1,68,,44848,15,,,2,30,,44850,15,,,2,25,,44849,15,,,1,67,,44852,15,,,1,23,,44857,15,,,1,65,,44856,15,,,1,29,,44858,15,,,1,85,,44843,15,,,1,100,,44844,15,,,1,100,,44845,15,,,1,100,,44846,15,,,1
7601,'Semaine-4-_26ÉTÉ-1111100-',635,,44879,15,,,2,15,,44868,15,,,2,59,,44894,15,,,2,24,,44883,15,,,2,20,,44895,15,,,2,60,,44885,15,,,1,17,,44892,15,,,2,70,,44893,15,,,2,30,,44886,15,,,2,70,,44891,15,,,1,30,,44898,15,,,1,70,,44896,15,,,1,30,,44871,15,,,2,70,,44899,15,,,2,30,,44872,15,,,1,70,,44887,15,,,1,30,,44873,15,,,1,70,,44869,15,,,1,30,,44874,15,,,1,70,,44870,15,,,2,33,,44897,15,,,1,68,,44880,15,,,2,30,,44882,15,,,2,25,,44881,15,,,1,67,,44884,15,,,1,23,,44889,15,,,1,65,,44888,15,,,1,29,,44890,15,,,1,85,,44875,15,,,1,100,,44876,15,,,1,100,,44877,15,,,1,100,,44878,15,,,1
8501,'Semaine-4',523,,33918,3,,,1,29,,33920,3,,,1,63,,33923,3,,,1,16,,33922,3,,,1,15,,33927,3,,,2,60,,33919,3,,,1,12,,33925,3,,,1,15,,33921,3,,,1,17,,33926,3,,,1,59,,33924,3,,,1
8501,'Semaine-2-_26ÉTÉ-1111100-',522,,45214,3,,,1,28,,45216,3,,,1,64,,45219,3,,,1,18,,45218,3,,,2,14,,45223,3,,,2,57,,45215,3,,,2,15,,45221,3,,,1,15,,45217,3,,,2,15,,45222,3,,,1,60,,45220,3,,,1
8501,'Semaine-3-_26ÉTÉ-1111100-',522,,45224,3,,,1,28,,45226,3,,,1,64,,45229,3,,,1,18,,45228,3,,,2,14,,45233,3,,,2,57,,45225,3,,,2,15,,45231,3,,,1,15,,45227,3,,,2,15,,45232,3,,,1,60,,45230,3,,,1
8501,'Semaine-4-_26ÉTÉ-1111100-',522,,45234,3,,,1,28,,45236,3,,,1,64,,45239,3,,,1,18,,45238,3,,,2,14,,45243,3,,,2,57,,45235,3,,,2,15,,45241,3,,,1,15,,45237,3,,,2,15,,45242,3,,,1,60,,45240,3,,,1
