3201,'Semaine-3-_26ÉTÉ-1111100-',1004,,39388,32,,,2,30,,39381,32,,,1,70,,39384,32,,,2,30,,39377,32,,,1,70,,39387,32,,,2,30,,39382,32,,,1,70,,39389,32,,,1,30,,39371,32,,,1,69,,39376,32,,,2,30,,39383,32,,,1,71,,39394,32,,,1,33,,39411,32,,,1,68,,39412,32,,,1,31,,39413,32,,,1,71,,39414,32,,,1,27,,39415,32,,,1,70,,39416,32,,,1,30,,39374,32,,,1,70,,39372,32,,,1,29,,39385,32,,,1,70,,39380,32,,,1,30,,39375,32,,,1,70,,39373,32,,,1,30,,39386,32,,,1,68,,39379,32,,,1,30,,39406,32,,,2,70,,39405,32,,,1,29,,39407,32,,,1,70,,39408,32,,,1
3201,'Semaine-4-_26ÉTÉ-1111100-',1004,,39440,32,,,2,30,,39433,32,,,1,70,,39436,32,,,2,30,,39429,32,,,1,70,,39439,32,,,2,30,,39434,32,,,1,70,,39441,32,,,1,30,,39423,32,,,1,69,,39428,32,,,2,30,,39435,32,,,1,71,,39446,32,,,1,33,,39463,32,,,1,68,,39464,32,,,1,31,,39465,32,,,1,71,,39466,32,,,1,27,,39467,32,,,1,70,,39468,32,,,1,30,,39426,32,,,1,70,,39424,32,,,1,29,,39437,32,,,1,70,,39432,32,,,1,30,,39427,32,,,1,70,,39425,32,,,1,30,,39438,32,,,1,68,,39431,32,,,1,30,,39458,32,,,2,70,,39457,32,,,1,29,,39459,32,,,1,70,,39460,32,,,1
3401,'Samedi-10-_26ÉTÉ-0000010-',721,,39893,53,,,1,100,,39896,53,,,2,30,,39905,53,,,1,73,,39894,53,,,1,29,,39899,53,,,1,70,,39901,53,,,1,31,,39895,53,,,2,70,,39904,53,,,1,33,,39897,53,,,1,70,,39906,53,,,1,29,,39898,53,,,1,70,,39900,53,,,1,30,,39902,53,,,2,70,,39903,53,,,2,30,,39907,53,,,1,70,,39908,53,,,2,30,,39909,53,,,1,70,,39910,53,,,1,31,,39911,53,,,1,69,,39912,53,,,1,30,,39913,53,,,2,69,,39914,53,,,1,27,,39915,53,,,1,70,,39917,53,,,1,31,,39916,53,,,2,70,,39918,53,,,1,30,,39919,53,,,2,68,,39920,53,,,1,30,,39922,53,,,1,70,,39921,53,,,1,30,,39923,53,,,1,96,,39924,53,,,1
3401,'Semaine-3-_26ÉTÉ-1111100-',1029,,39964,53,,,1,30,,39984,53,,,1,70,,39957,53,,,1,30,,39961,53,,,1,70,,39965,53,,,2,30,,39955,53,,,1,71,,39958,53,,,1,29,,39962,53,,,1,71,,39966,53,,,1,70,,39959,53,,,1,30,,39981,53,,,1,72,,39956,53,,,2,33,,39982,53,,,1,70,,39983,53,,,1,33,,39977,53,,,1,64,,39973,53,,,2,27,,39963,53,,,1,29,,39970,53,,,1,69,,39979,53,,,1,29,,39967,53,,,1,70,,39969,53,,,1,30,,39971,53,,,1,70,,39975,53,,,2,30,,39968,53,,,1,70,,39974,53,,,1,28,,39972,53,,,1,70,,39976,53,,,1,30,,39978,53,,,1
3401,'Semaine-4-_26ÉTÉ-1111100-',1029,,39994,53,,,1,30,,40014,53,,,1,70,,39987,53,,,1,30,,39991,53,,,1,70,,39995,53,,,2,30,,39985,53,,,1,71,,39988,53,,,1,29,,39992,53,,,1,71,,39996,53,,,1,70,,39989,53,,,1,30,,40011,53,,,1,72,,39986,53,,,2,33,,40012,53,,,1,70,,40013,53,,,1,33,,40007,53,,,1,64,,40003,53,,,2,27,,39993,53,,,1,29,,40000,53,,,1,69,,40009,53,,,1,29,,39997,53,,,1,70,,39999,53,,,1,30,,40001,53,,,1,70,,40005,53,,,2,30,,39998,53,,,1,70,,40004,53,,,1,28,,40002,53,,,1,70,,40006,53,,,1,30,,40008,53,,,1
3601,'Semaine-3-_26ÉTÉ-1111100-',1000,,40253,42,,,1,100,,40256,42,,,1,101,,40254,42,,,1,100,,40259,42,,,1,100,,40258,42,,,1,101,,40257,42,,,1
3601,'Semaine-4-_26ÉTÉ-1111100-',1000,,40260,42,,,1,100,,40263,42,,,1,101,,40261,42,,,1,100,,40266,42,,,1,100,,40265,42,,,1,101,,40264,42,,,1
3701,'Samedi-10-_26ÉTÉ-0000010-',707,,40373,34,,,1,100,,40378,34,,,1,100,,40372,34,,,1,102,,40377,34,,,1,101,,40374,34,,,1,99,,40375,34,,,1,100,,40379,34,,,1,103,,40376,34,,,1,100,,40380,34,,,1,100,,40381,34,,,1,100,,40382,34,,,1,96,,40383,34,,,1,100,,40384,34,,,1,102,,40385,34,,,1,98,,40386,34,,,1,96,,40387,34,,,1,99,,40388,34,,,1
3701,'Semaine-3-_26ÉTÉ-1111100-',1041,,40423,34,,,1,100,,40417,34,,,1,101,,40415,34,,,1,99,,40420,34,,,1,102,,40431,34,,,1,100,,40414,34,,,1,71,,40430,34,,,1,30,,40433,34,,,1,70,,40428,34,,,1,29,,40434,34,,,1,69,,40438,34,,,1,45,,40422,34,,,1,99,,40432,34,,,1,101,,40424,34,,,1,99,,40421,34,,,1,97,,40426,34,,,1
3701,'Semaine-4-_26ÉTÉ-1111100-',1041,,40448,34,,,1,100,,40442,34,,,1,101,,40440,34,,,1,99,,40445,34,,,1,102,,40456,34,,,1,100,,40439,34,,,1,71,,40455,34,,,1,30,,40458,34,,,1,70,,40453,34,,,1,29,,40459,34,,,1,69,,40463,34,,,1,45,,40447,34,,,1,99,,40457,34,,,1,101,,40449,34,,,1,99,,40446,34,,,1,97,,40451,34,,,1
5501,'Samedi-10-_26ÉTÉ-0000010-',719,,41782,51,,,1,30,,41785,51,,,1,70,,41784,51,,,1,30,,41794,51,,,1,70,,41783,51,,,1,31,,41786,51,,,1,70,,41787,51,,,1,30,,41793,51,,,1,73,,41789,51,,,1,30,,41790,51,,,1,71,,41788,51,,,1,28,,41796,51,,,1,70,,41795,51,,,1,30,,41791,51,,,1,70,,41792,51,,,1,30,,41797,51,,,1,70,,41798,51,,,1,30,,41799,51,,,1,70,,41800,51,,,1,30,,41801,51,,,1,70,,41802,51,,,1,30,,41803,51,,,1,70,,41804,51,,,1,27,,41805,51,,,1,70,,41806,51,,,1,30,,41807,51,,,1,70,,41808,51,,,1,28,,41809,51,,,1,70,,41810,51,,,1,30,,41812,51,,,1,68,,41811,51,,,1,32,,41814,51,,,1,68,,41813,51,,,1
5501,'Semaine-3-_26ÉTÉ-1111100-',535,,41874,51,,,1,16,,41881,51,,,1,465,,41893,51,,,1,23,,41905,18,,,1,8,,41897,51,,,1,67,,41863,51,,,1,30,,41870,51,,,1,70,,41883,51,,,1,30,,41894,51,,,1,70,,41890,51,,,1,30,,41871,51,,,1,70,,41903,51,,,1,30,,41862,51,,,1,73,,41868,51,,,1,90,,41872,51,,,1,98,,41877,51,,,1,100,,41882,51,,,1,99,,41899,51,,,1,20,,41888,51,,,1,30,,41876,51,,,1,70,,41892,51,,,1,30,,41885,51,,,1,70,,41904,51,,,1,30,,41878,51,,,1,70,,41884,51,,,1,29,,41886,51,,,1,70,,41873,51,,,1,28,,41891,51,,,1,70,,41889,51,,,1
5501,'Semaine-4-_26ÉTÉ-1111100-',535,,41920,51,,,1,16,,41927,51,,,1,465,,41939,51,,,1,23,,41951,18,,,1,8,,41943,51,,,1,67,,41909,51,,,1,30,,41916,51,,,1,70,,41929,51,,,1,30,,41940,51,,,1,70,,41936,51,,,1,30,,41917,51,,,1,70,,41949,51,,,1,30,,41908,51,,,1,73,,41914,51,,,1,90,,41918,51,,,1,98,,41923,51,,,1,100,,41928,51,,,1,99,,41945,51,,,1,20,,41934,51,,,1,30,,41922,51,,,1,70,,41938,51,,,1,30,,41931,51,,,1,70,,41950,51,,,1,30,,41924,51,,,1,70,,41930,51,,,1,29,,41932,51,,,1,70,,41919,51,,,1,28,,41937,51,,,1,70,,41935,51,,,1
5901,'Samedi-10-_26ÉTÉ-0000010-',730,,42221,40,,,1,70,,42228,40,,,1,32,,42225,40,,,1,70,,42230,40,,,1,30,,42222,40,,,1,70,,42227,40,,,1,31,,42226,40,,,1,70,,42229,40,,,1,30,,42233,40,,,1,71,,42234,40,,,1,30,,42223,40,,,1,70,,42224,40,,,1,30,,42232,40,,,1,70,,42231,40,,,1,30,,42235,40,,,1,70,,42236,40,,,1,30,,42237,40,,,1,70,,42238,40,,,1,30,,42239,40,,,1,70,,42240,40,,,1,30,,42241,40,,,1,70,,42242,40,,,1,30,,42243,40,,,1,67,,42244,40,,,1,30,,42245,40,,,1,71,,42247,40,,,1,30,,42246,40,,,1,68,,42248,40,,,1,30,,42249,40,,,1,70,,42250,40,,,1,30,,42252,40,,,1,28,,42251,40,,,1
5901,'Semaine-3-_26ÉTÉ-1111100-',529,,42304,40,,,1,14,,42340,40,,,1,15,,42313,40,,,1,471,,42341,40,,,1,30,,42328,40,,,1,70,,42310,40,,,1,30,,42321,40,,,1,70,,42324,40,,,1,30,,42309,40,,,1,70,,42338,40,,,1,30,,42300,40,,,1,70,,42342,40,,,1,30,,42332,40,,,1,79,,42335,40,,,1,99,,42339,40,,,1,100,,42319,40,,,1,98,,42326,40,,,1,74,,42331,40,,,1,30,,42318,40,,,1,70,,42325,40,,,1,30,,42330,40,,,1,69,,42337,40,,,1,30,,42315,40,,,1,70,,42333,40,,,1,30,,42323,40,,,1,70,,42306,40,,,1,30,,42316,40,,,1,70,,42329,40,,,1
5901,'Semaine-4-_26ÉTÉ-1111100-',529,,42351,40,,,1,14,,42387,40,,,1,15,,42360,40,,,1,471,,42388,40,,,1,30,,42375,40,,,1,70,,42357,40,,,1,30,,42368,40,,,1,70,,42371,40,,,1,30,,42356,40,,,1,70,,42385,40,,,1,30,,42347,40,,,1,70,,42389,40,,,1,30,,42379,40,,,1,79,,42382,40,,,1,99,,42386,40,,,1,100,,42366,40,,,1,98,,42373,40,,,1,74,,42378,40,,,1,30,,42365,40,,,1,70,,42372,40,,,1,30,,42377,40,,,1,69,,42384,40,,,1,30,,42362,40,,,1,70,,42380,40,,,1,30,,42370,40,,,1,70,,42353,40,,,1,30,,42363,40,,,1,70,,42376,40,,,1
37101,'Samedi-10-_26ÉTÉ-0000010-',739,,45951,35,,,1,99,,45950,35,,,1,104,,45954,35,,,1,100,,45953,35,,,1,99,,45955,35,,,1,102,,45952,35,,,1,101,,45956,35,,,1,100,,45957,35,,,1,98,,45958,35,,,1,100,,45959,35,,,1,98,,45960,35,,,1,100,,45961,35,,,1,100,,45962,35,,,1,98,,45963,35,,,1,100,,45964,35,,,1,97,,45965,35,,,1,100,,45966,35,,,1
37101,'Semaine-3-_26ÉTÉ-1111100-',547,,46008,35,,,1,473,,46001,35,,,1,100,,45999,35,,,1,100,,46000,35,,,1,102,,46014,35,,,1,100,,45997,35,,,1,101,,45998,35,,,1,31,,45995,35,,,1,68,,46002,35,,,1,31,,46012,35,,,1,69,,46013,35,,,1,30,,45992,35,,,1,80,,45996,35,,,1,94,,46007,35,,,1,100,,46009,35,,,1,100,,45993,35,,,1,99,,46003,35,,,1,183,,46005,35,,,1
37101,'Semaine-4-_26ÉTÉ-1111100-',547,,46033,35,,,1,473,,46026,35,,,1,100,,46024,35,,,1,100,,46025,35,,,1,102,,46039,35,,,1,100,,46022,35,,,1,101,,46023,35,,,1,31,,46020,35,,,1,68,,46027,35,,,1,31,,46037,35,,,1,69,,46038,35,,,1,30,,46017,35,,,1,80,,46021,35,,,1,94,,46032,35,,,1,100,,46034,35,,,1,100,,46018,35,,,1,99,,46028,35,,,1,183,,46030,35,,,1
