2500,'Semaine-4',1557,,30361,41,,,1,70,,30364,41,,,1,31,,30362,41,,,1,71,,30366,41,,,1,27,,30363,41,,,1,64,,30365,41,,,1
2500,'Semaine-2-_26ÉTÉ-1111100-',1556,,38727,41,,,1,71,,38730,41,,,1,31,,38728,41,,,1,73,,38732,41,,,1,27,,38729,41,,,1,65,,38731,41,,,1
2500,'Semaine-3-_26ÉTÉ-1111100-',1556,,38733,41,,,1,71,,38736,41,,,1,31,,38734,41,,,1,73,,38738,41,,,1,27,,38735,41,,,1,65,,38737,41,,,1
2500,'Semaine-4-_26ÉTÉ-1111100-',1556,,38739,41,,,1,71,,38742,41,,,1,31,,38740,41,,,1,73,,38744,41,,,1,27,,38741,41,,,1,65,,38743,41,,,1
5001,'Semaine-4',1626,,31806,19,,,1,101,,31808,19,,,1,97,,31807,19,,,1
5001,'Semaine-2-_26ÉTÉ-1111100-',1626,,41431,19,,,1,101,,41433,19,,,1,97,,41432,19,,,1
5001,'Semaine-3-_26ÉTÉ-1111100-',1626,,41434,19,,,1,101,,41436,19,,,1,97,,41435,19,,,1
5001,'Semaine-4-_26ÉTÉ-1111100-',1626,,41437,19,,,1,101,,41439,19,,,1,97,,41438,19,,,1
32500,'Semaine-4',1652,,34184,49,0,7 8,1
32500,'Semaine-2-_26ÉTÉ-1111100-',1652,,45835,49,0,7 8,1
32500,'Semaine-3-_26ÉTÉ-1111100-',1652,,45836,49,0,7 8,1
42501,'Semaine-4',1522,,34794,35,0,9 14,1
55001,'Semaine-4',1540,,34820,17,0,5 6,1
82500,'Semaine-4',1554,,35006,33,0,9 12 13,1
