4000,'Semaine-4',1558,,31617,54,,,1,70,,31613,54,,,2,74,,31616,54,,,1,28,,31615,54,,,2,28,,31614,54,,,1,63,,31618,54,,,1
4000,'Semaine-2-_26ÉTÉ-1111100-',1558,,41047,54,,,2,69,,41043,54,,,2,75,,41046,54,,,1,28,,41045,54,,,1,71,,41044,54,,,1,22,,41048,54,,,2
4000,'Semaine-3-_26ÉTÉ-1111100-',1558,,41053,54,,,2,69,,41049,54,,,2,75,,41052,54,,,1,28,,41051,54,,,1,71,,41050,54,,,1,22,,41054,54,,,2
4000,'Semaine-4-_26ÉTÉ-1111100-',1558,,41059,54,,,2,69,,41055,54,,,2,75,,41058,54,,,1,28,,41057,54,,,1,71,,41056,54,,,1,22,,41060,54,,,2
5001,'Semaine-4',1649,,31806,35,,,1,103,,31808,35,,,1,93,,31807,35,,,1
5001,'Semaine-2-_26ÉTÉ-1111100-',1649,,41431,35,,,1,103,,41433,35,,,1,93,,41432,35,,,1
5001,'Semaine-3-_26ÉTÉ-1111100-',1649,,41434,35,,,1,103,,41436,35,,,1,93,,41435,35,,,1
5001,'Semaine-4-_26ÉTÉ-1111100-',1649,,41437,35,,,1,103,,41439,35,,,1,93,,41438,35,,,1
5200,'Samedi-3',704,,31809,53,,,1,100,,31810,53,,,2,102,,31811,53,,,1,98,,31812,53,,,2,100,,31813,53,,,1,104,,31814,53,,,1,100,,31815,53,,,2,100,,31816,53,,,1,99,,31817,53,,,1,101,,31818,53,,,1,100,,31819,53,,,1,99,,31820,53,,,1,99,,31821,53,,,1,100,,31824,53,,,1,100,,31822,53,,,1,97,,31823,53,,,2,98,,31825,53,,,2,100,,31826,53,,,1
5200,'Samedi-4',704,,36183,53,,,1,100,,36184,53,,,2,102,,36185,53,,,1,98,,36186,53,,,2,100,,36187,53,,,1,104,,36188,53,,,1,100,,36189,53,,,2,100,,36190,53,,,1,99,,36191,53,,,1,101,,36192,53,,,1,100,,36193,53,,,1,99,,36194,53,,,1,99,,36195,53,,,1,100,,36198,53,,,1,100,,36196,53,,,1,97,,36197,53,,,2,98,,36199,53,,,2,100,,36200,53,,,1
5200,'Dimanche-3',704,,31828,53,,,1,100,,31827,53,,,2,102,,31829,53,,,1,98,,31830,53,,,2,100,,31832,53,,,1,104,,31837,53,,,1,100,,31831,53,,,2,100,,31834,53,,,1,99,,31835,53,,,1,101,,31833,53,,,1,100,,31836,53,,,1,99,,31843,53,,,1,99,,31842,53,,,1,100,,31838,53,,,1,100,,31844,53,,,1,97,,31841,53,,,2,98,,31840,53,,,2,100,,31839,53,,,1
5200,'Semaine-4',636,,31848,53,,,1,100,,31850,53,,,1,109,,31845,53,,,1,94,,31861,53,,,2,98,,31859,53,,,1,101,,31846,53,,,2,100,,31853,53,,,1,99,,31852,53,,,1,103,,31849,53,,,1,102,,31847,53,,,1,108,,31851,53,,,1,98,,31862,53,,,1,106,,31860,53,,,1,100,,31854,53,,,1,83,,31858,53,,,1,100,,31857,53,,,2,98,,31855,53,,,1,99,,31856,53,,,1
5200,'Samedi-10-_26ÉTÉ-0000010-',704,,41440,53,,,1,100,,41441,53,,,2,102,,41442,53,,,1,98,,41443,53,,,2,100,,41444,53,,,1,104,,41445,53,,,1,100,,41446,53,,,2,100,,41447,53,,,2,99,,41448,53,,,1,101,,41449,53,,,2,100,,41450,53,,,1,99,,41451,53,,,1,99,,41452,53,,,1,100,,41455,53,,,1,100,,41453,53,,,1,97,,41454,53,,,2,98,,41456,53,,,2,100,,41457,53,,,1
5200,'Semaine-2-_26ÉTÉ-1111100-',636,,41461,53,,,1,100,,41463,53,,,1,109,,41458,53,,,1,96,,41474,53,,,1,97,,41472,53,,,2,100,,41459,53,,,1,100,,41466,53,,,1,99,,41465,53,,,1,103,,41462,53,,,1,101,,41460,53,,,1,108,,41464,53,,,1,101,,41475,53,,,1,104,,41473,53,,,1,100,,41467,53,,,1,83,,41471,53,,,1,100,,41470,53,,,1,98,,41468,53,,,1,99,,41469,53,,,1
5200,'Semaine-3-_26ÉTÉ-1111100-',636,,41479,53,,,1,100,,41481,53,,,1,109,,41476,53,,,1,96,,41492,53,,,1,97,,41490,53,,,2,100,,41477,53,,,1,100,,41484,53,,,1,99,,41483,53,,,1,103,,41480,53,,,1,101,,41478,53,,,1,108,,41482,53,,,1,101,,41493,53,,,1,104,,41491,53,,,1,100,,41485,53,,,1,83,,41489,53,,,1,100,,41488,53,,,1,98,,41486,53,,,1,99,,41487,53,,,1
5200,'Semaine-4-_26ÉTÉ-1111100-',636,,41497,53,,,1,100,,41499,53,,,1,109,,41494,53,,,1,96,,41510,53,,,1,97,,41508,53,,,2,100,,41495,53,,,1,100,,41502,53,,,1,99,,41501,53,,,1,103,,41498,53,,,1,101,,41496,53,,,1,108,,41500,53,,,1,101,,41511,53,,,1,104,,41509,53,,,1,100,,41503,53,,,1,83,,41507,53,,,1,100,,41506,53,,,1,98,,41504,53,,,1,99,,41505,53,,,1
55001,'Semaine-4',1559,,34820,33,0,5 6,1
64000,'Semaine-4',1514,,34837,14,0,9 10,1
74000,'Semaine-4',1700,,34857,49,0,5 11,1
