3101,'Samedi-10-_26ÉTÉ-0000010-',702,,39022,23,,,1,54,,39028,23,,,1,99,,39025,23,,,1,97,,39029,23,,,1,97,,39023,23,,,1,100,,39027,23,,,1,100,,39024,23,,,1,100,,39026,23,,,1,103,,39030,23,,,1,97,,39031,23,,,1,100,,39032,23,,,1,100,,39033,23,,,1,101,,39034,23,,,1,101,,39039,23,,,1,100,,39035,23,,,1,100,,39036,23,,,1,102,,39037,23,,,1,100,,39038,23,,,1
3101,'Semaine-2-_26ÉTÉ-1111100-',542,,39043,23,,,1,75,,39077,23,,,1,30,,39057,23,,,1,67,,39044,23,,,1,31,,39080,23,,,1,61,,39040,23,,,1,11,,39083,11,,,1,5,,39054,23,,,1,17,,39055,23,,,1,13,,39074,23,,,1,59,,39045,23,,,1,21,,39047,23,,,1,20,,39072,23,,,1,60,,39064,23,,,1,20,,39073,23,,,1,20,,39046,23,,,1,60,,39048,23,,,1,21,,39068,23,,,1,20,,39078,23,,,1,60,,39067,23,,,1,20,,39049,23,,,1,20,,39041,23,,,1,57,,39071,23,,,1,22,,39081,23,,,1,19,,39066,23,,,1,60,,39050,23,,,1,19,,39069,23,,,1,23,,39070,23,,,1,61,,39079,23,,,1,19,,39065,23,,,1,14,,39051,23,,,1,60,,39062,23,,,1,20,,39063,23,,,1,22,,39052,23,,,1,58,,39058,23,,,1,21,,39042,23,,,1,20,,39075,23,,,1,59,,39082,23,,,1,26,,39053,23,,,1,97,,39076,23,,,1,101,,39059,23,,,1,100,,39056,23,,,1,99,,39060,23,,,1,102,,39061,23,,,1
3101,'Semaine-3-_26ÉTÉ-1111100-',542,,39087,23,,,1,75,,39121,23,,,1,30,,39101,23,,,1,67,,39088,23,,,1,31,,39124,23,,,1,61,,39084,23,,,1,11,,39127,11,,,1,5,,39098,23,,,1,17,,39099,23,,,1,13,,39118,23,,,1,59,,39089,23,,,1,21,,39091,23,,,1,20,,39116,23,,,1,60,,39108,23,,,1,20,,39117,23,,,1,20,,39090,23,,,1,60,,39092,23,,,1,21,,39112,23,,,1,20,,39122,23,,,1,60,,39111,23,,,1,20,,39093,23,,,1,20,,39085,23,,,1,57,,39115,23,,,1,22,,39125,23,,,1,19,,39110,23,,,1,60,,39094,23,,,1,19,,39113,23,,,1,23,,39114,23,,,1,61,,39123,23,,,1,19,,39109,23,,,1,14,,39095,23,,,1,60,,39106,23,,,1,20,,39107,23,,,1,22,,39096,23,,,1,58,,39102,23,,,1,21,,39086,23,,,1,20,,39119,23,,,1,59,,39126,23,,,1,26,,39097,23,,,1,97,,39120,23,,,1,101,,39103,23,,,1,100,,39100,23,,,1,99,,39104,23,,,1,102,,39105,23,,,1
3101,'Semaine-4-_26ÉTÉ-1111100-',542,,39131,23,,,1,75,,39165,23,,,1,30,,39145,23,,,1,67,,39132,23,,,1,31,,39168,23,,,1,61,,39128,23,,,1,11,,39171,11,,,1,5,,39142,23,,,1,17,,39143,23,,,1,13,,39162,23,,,1,59,,39133,23,,,1,21,,39135,23,,,1,20,,39160,23,,,1,60,,39152,23,,,1,20,,39161,23,,,1,20,,39134,23,,,1,60,,39136,23,,,1,21,,39156,23,,,1,20,,39166,23,,,1,60,,39155,23,,,1,20,,39137,23,,,1,20,,39129,23,,,1,57,,39159,23,,,1,22,,39169,23,,,1,19,,39154,23,,,1,60,,39138,23,,,1,19,,39157,23,,,1,23,,39158,23,,,1,61,,39167,23,,,1,19,,39153,23,,,1,14,,39139,23,,,1,60,,39150,23,,,1,20,,39151,23,,,1,22,,39140,23,,,1,58,,39146,23,,,1,21,,39130,23,,,1,20,,39163,23,,,1,59,,39170,23,,,1,26,,39141,23,,,1,97,,39164,23,,,1,101,,39147,23,,,1,100,,39144,23,,,1,99,,39148,23,,,1,102,,39149,23,,,1
3900,'Samedi-10-_26ÉTÉ-0000010-',704,,40782,40,,,1,101,,40783,40,,,1,100,,40787,40,,,1,103,,40786,40,,,1,100,,40789,40,,,1,99,,40788,40,,,1,103,,40784,40,,,1,30,,40785,40,,,1,70,,40790,40,,,1,31,,40791,40,,,2,70,,40792,40,,,1,30,,40793,40,,,1,71,,40794,40,,,2,30,,40795,40,,,1,70,,40796,40,,,1,30,,40797,40,,,1,69,,40798,40,,,1,29,,40799,40,,,1,69,,40800,40,,,1,28,,40801,40,,,1,100,,40802,40,,,1,100,,40803,40,,,1,100,,40804,40,,,1,98,,40805,40,,,1
3900,'Semaine-2-_26ÉTÉ-1111100-',643,,40823,40,,,2,68,,40809,40,,,1,33,,40828,40,,,2,68,,40821,40,,,1,30,,40822,40,,,1,70,,40820,40,,,1,32,,40817,40,,,1,70,,40834,40,,,1,30,,40829,40,,,1,71,,40841,40,,,1,30,,40826,40,,,2,71,,40830,40,,,1,29,,40818,40,,,1,72,,40816,40,,,2,29,,40831,40,,,1,69,,40819,40,,,1,30,,40806,40,,,2,74,,40832,40,,,1,33,,40813,40,,,2,70,,40815,40,,,1,31,,40833,40,,,2,74,,40812,40,,,1,27,,40807,40,,,1,70,,40835,40,,,1,24,,40814,40,,,1,71,,40808,40,,,1,29,,40836,40,,,2,72,,40811,40,,,1,25,,40827,40,,,2,65,,40837,40,,,1,30,,40810,40,,,1,70,,40825,40,,,1,30,,40838,40,,,1,70,,40824,40,,,1,30,,40840,40,,,1,70,,40839,40,,,1
3900,'Semaine-3-_26ÉTÉ-1111100-',643,,40859,40,,,2,68,,40845,40,,,1,33,,40864,40,,,2,68,,40857,40,,,1,30,,40858,40,,,1,70,,40856,40,,,1,32,,40853,40,,,1,70,,40870,40,,,1,30,,40865,40,,,1,71,,40877,40,,,1,30,,40862,40,,,2,71,,40866,40,,,1,29,,40854,40,,,1,72,,40852,40,,,2,29,,40867,40,,,1,69,,40855,40,,,1,30,,40842,40,,,2,74,,40868,40,,,1,33,,40849,40,,,2,70,,40851,40,,,1,31,,40869,40,,,2,74,,40848,40,,,1,27,,40843,40,,,1,70,,40871,40,,,1,24,,40850,40,,,1,71,,40844,40,,,1,29,,40872,40,,,2,72,,40847,40,,,1,25,,40863,40,,,2,65,,40873,40,,,1,30,,40846,40,,,1,70,,40861,40,,,1,30,,40874,40,,,1,70,,40860,40,,,1,30,,40876,40,,,1,70,,40875,40,,,1
3900,'Semaine-4-_26ÉTÉ-1111100-',643,,40895,40,,,2,68,,40881,40,,,1,33,,40900,40,,,2,68,,40893,40,,,1,30,,40894,40,,,1,70,,40892,40,,,1,32,,40889,40,,,1,70,,40906,40,,,1,30,,40901,40,,,1,71,,40913,40,,,1,30,,40898,40,,,2,71,,40902,40,,,1,29,,40890,40,,,1,72,,40888,40,,,2,29,,40903,40,,,1,69,,40891,40,,,1,30,,40878,40,,,2,74,,40904,40,,,1,33,,40885,40,,,2,70,,40887,40,,,1,31,,40905,40,,,2,74,,40884,40,,,1,27,,40879,40,,,1,70,,40907,40,,,1,24,,40886,40,,,1,71,,40880,40,,,1,29,,40908,40,,,2,72,,40883,40,,,1,25,,40899,40,,,2,65,,40909,40,,,1,30,,40882,40,,,1,70,,40897,40,,,1,30,,40910,40,,,1,70,,40896,40,,,1,30,,40912,40,,,1,70,,40911,40,,,1
32900,'Semaine-2-_26ÉTÉ-1111100-',832,,45844,31,0,7 8,1
32900,'Semaine-3-_26ÉTÉ-1111100-',832,,45845,31,0,7 8,1
32900,'Semaine-4-_26ÉTÉ-1111100-',832,,45846,31,0,7 8,1
82601,'Semaine-2-_26ÉTÉ-1111100-',802,,47057,34,,,1
82601,'Semaine-3-_26ÉTÉ-1111100-',802,,47058,34,,,1
82601,'Semaine-4-_26ÉTÉ-1111100-',802,,47059,34,,,1
83101,'Semaine-2-_26ÉTÉ-1111100-',814,,47063,23,,,1
83101,'Semaine-3-_26ÉTÉ-1111100-',814,,47064,23,,,1
83101,'Semaine-4-_26ÉTÉ-1111100-',814,,47065,23,,,1
