9300,'Semaine-1-_26ÉTÉ-1111100-',1506,,60095,4,,,2,20,,60098,4,,,2,20,,60094,4,,,1,60,,60097,4,,,1,30,,60096,4,,,2,72,,60092,4,,,2,27,,60093,4,,,1
9300,'Semaine-10-_26ÉTÉ-1111100-',1506,,60102,4,,,2,20,,60105,4,,,2,20,,60101,4,,,1,60,,60104,4,,,1,30,,60103,4,,,2,72,,60099,4,,,2,27,,60100,4,,,1
9300,'Semaine-11-_26ÉTÉ-1111100-',1506,,60109,4,,,2,20,,60112,4,,,2,20,,60108,4,,,1,60,,60111,4,,,1,30,,60110,4,,,2,72,,60106,4,,,2,27,,60107,4,,,1
9300,'Semaine-12-_26ÉTÉ-1111100-',1506,,60116,4,,,2,20,,60119,4,,,2,20,,60115,4,,,1,60,,60118,4,,,1,30,,60117,4,,,2,72,,60113,4,,,2,27,,60114,4,,,1
9500,'Semaine-1-_26ÉTÉ-1111100-',1445,,60163,4,,,1,55,,60166,4,,,2,15,,60162,4,,,1,16,,60157,4,,,1,15,,60161,4,,,2,55,,60158,4,,,1,15,,60159,4,,,2,15,,60164,4,,,1,25,,60165,4,,,1,70,,60160,4,,,1
9500,'Semaine-10-_26ÉTÉ-1111100-',1445,,60173,4,,,1,55,,60176,4,,,2,15,,60172,4,,,1,16,,60167,4,,,1,15,,60171,4,,,2,55,,60168,4,,,1,15,,60169,4,,,2,15,,60174,4,,,1,25,,60175,4,,,2,70,,60170,4,,,1
9500,'Semaine-11-_26ÉTÉ-1111100-',1445,,60183,4,,,1,55,,60186,4,,,2,15,,60182,4,,,1,16,,60177,4,,,1,15,,60181,4,,,2,55,,60178,4,,,1,15,,60179,4,,,2,15,,60184,4,,,1,25,,60185,4,,,1,70,,60180,4,,,1
9500,'Semaine-12-_26ÉTÉ-1111100-',1445,,60193,4,,,1,55,,60196,4,,,2,15,,60192,4,,,1,16,,60187,4,,,1,15,,60191,4,,,2,55,,60188,4,,,1,15,,60189,4,,,2,15,,60194,4,,,1,25,,60195,4,,,1,70,,60190,4,,,1
20000,'Semaine-1-_26ÉTÉ-1111100-',1520,,60734,7,,,1,5,,60735,7,,,1,6,,60758,7,,,1,5,,60736,7,,,1,5,,60737,7,,,1,3,,60763,7,,,1,7,,60738,7,,,1,5,,60740,7,,,1,45,,60741,7,,,1,5,,60742,7,,,1,2,,60744,7,,,1,7,,60745,7,,,1,5,,60739,7,,,1,5,,60762,7,,,1,5,,60743,7,,,1,5,,60746,7,,,1,5,,60747,7,,,1,5,,60748,7,,,1,6,,60749,7,,,1,5,,60761,7,,,1,44,,60750,7,,,1,5,,60759,7,,,1,5,,60751,7,,,1,5,,60752,7,,,1,5,,60754,7,,,1,5,,60753,7,,,1,5,,60755,7,,,1,4,,60756,7,,,1,5,,60757,7,,,1,5,,60760,7,,,1
20000,'Semaine-10-_26ÉTÉ-1111100-',1520,,60764,7,,,1,5,,60765,7,,,1,6,,60788,7,,,1,5,,60766,7,,,1,5,,60767,7,,,1,3,,60793,7,,,1,7,,60768,7,,,1,5,,60770,7,,,1,45,,60771,7,,,1,5,,60772,7,,,1,2,,60774,7,,,1,7,,60775,7,,,1,5,,60769,7,,,1,5,,60792,7,,,1,5,,60773,7,,,1,5,,60776,7,,,1,5,,60777,7,,,1,5,,60778,7,,,1,6,,60779,7,,,1,5,,60791,7,,,1,44,,60780,7,,,1,5,,60789,7,,,1,5,,60781,7,,,1,5,,60782,7,,,1,5,,60784,7,,,1,5,,60783,7,,,1,5,,60785,7,,,1,4,,60786,7,,,1,5,,60787,7,,,1,5,,60790,7,,,1
20000,'Semaine-11-_26ÉTÉ-1111100-',1520,,60794,7,,,1,5,,60795,7,,,1,6,,60818,7,,,1,5,,60796,7,,,1,5,,60797,7,,,1,3,,60823,7,,,1,7,,60798,7,,,1,5,,60800,7,,,1,45,,60801,7,,,1,5,,60802,7,,,1,2,,60804,7,,,1,7,,60805,7,,,1,5,,60799,7,,,1,5,,60822,7,,,1,5,,60803,7,,,1,5,,60806,7,,,1,5,,60807,7,,,1,5,,60808,7,,,1,6,,60809,7,,,1,5,,60821,7,,,1,44,,60810,7,,,1,5,,60819,7,,,1,5,,60811,7,,,1,5,,60812,7,,,1,5,,60814,7,,,1,5,,60813,7,,,1,5,,60815,7,,,1,4,,60816,7,,,1,5,,60817,7,,,1,5,,60820,7,,,1
20000,'Semaine-12-_26ÉTÉ-1111100-',1520,,60824,7,,,1,5,,60825,7,,,1,6,,60848,7,,,1,5,,60826,7,,,1,5,,60827,7,,,1,3,,60853,7,,,1,7,,60828,7,,,1,5,,60830,7,,,1,45,,60831,7,,,1,5,,60832,7,,,1,2,,60834,7,,,1,7,,60835,7,,,1,5,,60829,7,,,1,5,,60852,7,,,1,5,,60833,7,,,1,5,,60836,7,,,1,5,,60837,7,,,1,5,,60838,7,,,1,6,,60839,7,,,1,5,,60851,7,,,1,44,,60840,7,,,1,5,,60849,7,,,1,5,,60841,7,,,1,5,,60842,7,,,1,5,,60844,7,,,1,5,,60843,7,,,1,5,,60845,7,,,1,4,,60846,7,,,1,5,,60847,7,,,1,5,,60850,7,,,1
