1800,'Semaine-1-_26ÉTÉ-1111100-',1237,,47081,4,,,2,277,,47080,4,,,2,97,,47083,4,,,1,31,,47082,4,,,1
1800,'Semaine-10-_26ÉTÉ-1111100-',1237,,47085,4,,,2,277,,47084,4,,,2,97,,47087,4,,,1,31,,47086,4,,,1
1800,'Semaine-11-_26ÉTÉ-1111100-',1237,,47089,4,,,2,277,,47088,4,,,2,97,,47091,4,,,1,31,,47090,4,,,1
1800,'Semaine-12-_26ÉTÉ-1111100-',1237,,47093,4,,,2,277,,47092,4,,,2,97,,47095,4,,,1,31,,47094,4,,,1
2800,'Semaine-1-_26ÉTÉ-1111100-',1543,,47355,4,,,2,78,,47356,4,,,2,96,,47357,4,,,1
2800,'Semaine-10-_26ÉTÉ-1111100-',1543,,47358,4,,,2,78,,47359,4,,,2,96,,47360,4,,,1
2800,'Semaine-11-_26ÉTÉ-1111100-',1543,,47361,4,,,2,78,,47362,4,,,2,96,,47363,4,,,1
2800,'Semaine-12-_26ÉTÉ-1111100-',1543,,47364,4,,,2,78,,47365,4,,,2,96,,47366,4,,,1
5800,'Semaine-1-_26ÉTÉ-1111100-',810,,53635,4,,,1,400,,53636,4,,,1,300,,53638,4,,,1,30,,53633,4,,,1,70,,53634,4,,,1,30,,53637,4,,,2,70,,53632,4,,,1,30,,53631,4,,,2
5800,'Semaine-10-_26ÉTÉ-1111100-',810,,53643,4,,,1,400,,53644,4,,,1,300,,53646,4,,,1,30,,53641,4,,,1,70,,53642,4,,,1,30,,53645,4,,,2,70,,53640,4,,,1,30,,53639,4,,,2
5800,'Semaine-11-_26ÉTÉ-1111100-',810,,53651,4,,,1,400,,53652,4,,,1,300,,53654,4,,,1,30,,53649,4,,,1,70,,53650,4,,,1,30,,53653,4,,,2,70,,53648,4,,,1,30,,53647,4,,,2
5800,'Semaine-12-_26ÉTÉ-1111100-',810,,53659,4,,,1,400,,53660,4,,,1,300,,53662,4,,,1,30,,53657,4,,,1,70,,53658,4,,,1,30,,53661,4,,,2,70,,53656,4,,,1,30,,53655,4,,,2
