6201,'Semaine-4',518,,32445,8,,,1,29,,32439,8,,,1,71,,32455,8,,,1,30,,32450,8,,,2,71,,32435,8,,,1,32,,32436,8,,,1,67,,32440,8,,,1,30,,32449,8,,,1,91,,32441,8,,,1,100,,32437,8,,,1,100,,32446,8,,,1,100,,32453,8,,,1,100,,32456,8,,,1,99,,32447,8,,,1,95,,32457,8,,,1,85,,32452,8,,,2,82,,32438,8,,,2,38,,32451,8,,,2,69,,32454,8,,,1,100,,32444,8,,,1,100,,32443,8,,,1,45,,32448,8,,,1,100,,32442,8,,,2
6201,'Semaine-2-_26ÉTÉ-1111100-',518,,42473,8,,,2,30,,42467,8,,,2,70,,42483,8,,,1,31,,42478,8,,,2,69,,42463,8,,,2,32,,42464,8,,,2,69,,42468,8,,,2,29,,42477,8,,,1,91,,42469,8,,,1,100,,42465,8,,,2,100,,42474,8,,,2,100,,42481,8,,,2,100,,42484,8,,,2,99,,42475,8,,,1,95,,42485,8,,,1,83,,42480,8,,,1,85,,42466,8,,,1,37,,42479,8,,,2,69,,42482,8,,,1,100,,42472,8,,,1,100,,42471,8,,,1,45,,42476,8,,,1,100,,42470,8,,,1
6201,'Semaine-3-_26ÉTÉ-1111100-',518,,42496,8,,,2,30,,42490,8,,,2,70,,42506,8,,,1,31,,42501,8,,,2,69,,42486,8,,,2,32,,42487,8,,,2,69,,42491,8,,,2,29,,42500,8,,,1,91,,42492,8,,,1,100,,42488,8,,,2,100,,42497,8,,,2,100,,42504,8,,,2,100,,42507,8,,,2,99,,42498,8,,,1,95,,42508,8,,,1,83,,42503,8,,,1,85,,42489,8,,,1,37,,42502,8,,,2,69,,42505,8,,,1,100,,42495,8,,,1,100,,42494,8,,,1,45,,42499,8,,,1,100,,42493,8,,,1
6201,'Semaine-4-_26ÉTÉ-1111100-',518,,42519,8,,,2,30,,42513,8,,,2,70,,42529,8,,,1,31,,42524,8,,,2,69,,42509,8,,,2,32,,42510,8,,,2,69,,42514,8,,,2,29,,42523,8,,,1,91,,42515,8,,,1,100,,42511,8,,,2,100,,42520,8,,,2,100,,42527,8,,,2,100,,42530,8,,,2,99,,42521,8,,,1,95,,42531,8,,,1,83,,42526,8,,,1,85,,42512,8,,,1,37,,42525,8,,,2,69,,42528,8,,,1,100,,42518,8,,,1,100,,42517,8,,,1,45,,42522,8,,,1,100,,42516,8,,,1
7100,'Samedi-3',807,,33239,8,,,2,100,,33240,8,,,1,100,,33242,8,,,1,102,,33237,8,,,1,100,,33241,8,,,1,100,,33238,8,,,1,100,,33243,8,,,1,100,,33244,8,,,2,100,,33245,8,,,2,100,,33246,8,,,2,100,,33247,8,,,2,98,,33248,8,,,2,100,,33249,8,,,1,100,,33250,8,,,1,100,,33251,8,,,2,100,,33252,8,,,1
7100,'Dimanche-3',807,,33256,8,,,2,100,,33257,8,,,1,100,,33258,8,,,1,102,,33259,8,,,1,100,,33255,8,,,1,100,,33254,8,,,1,100,,33260,8,,,1,100,,33253,8,,,2,100,,33263,8,,,2,100,,33265,8,,,2,100,,33266,8,,,2,98,,33264,8,,,2,100,,33261,8,,,1,100,,33262,8,,,1,100,,33268,8,,,2,100,,33267,8,,,1
7100,'Semaine-4',533,,33302,8,,,1,70,,33285,8,,,1,30,,33303,8,,,1,19,,33306,8,,,1,60,,33276,8,,,1,22,,33280,8,,,1,19,,33279,8,,,1,50,,33301,8,,,2,10,,33277,8,,,1,10,,33292,8,,,1,20,,33269,8,,,1,60,,33295,8,,,1,20,,33300,8,,,2,30,,33291,8,,,1,72,,33296,8,,,1,30,,33297,8,,,1,70,,33311,8,,,1,30,,33272,8,,,1,69,,33298,8,,,2,31,,33310,8,,,1,69,,33271,8,,,2,30,,33273,8,,,1,72,,33281,8,,,1,29,,33304,8,,,2,70,,33275,8,,,2,6,,33305,8,,,2,20,,33308,8,,,1,60,,33307,8,,,2,15,,33288,8,,,1,5,,33283,8,,,1,20,,33284,8,,,1,59,,33274,8,,,1,20,,33293,8,,,1,23,,33270,8,,,1,67,,33294,8,,,2,31,,33309,8,,,1,70,,33282,8,,,1,30,,33286,8,,,1,71,,33289,8,,,1,99,,33287,8,,,1,101,,33299,8,,,1,99,,33278,8,,,1,99,,33290,8,,,1
7100,'Samedi-10-_26ÉTÉ-0000010-',807,,43903,8,,,2,100,,43904,8,,,1,100,,43906,8,,,1,102,,43901,8,,,1,100,,43905,8,,,1,100,,43902,8,,,1,100,,43907,8,,,1,100,,43908,8,,,2,100,,43909,8,,,2,100,,43910,8,,,2,100,,43911,8,,,2,98,,43912,8,,,2,100,,43913,8,,,1,100,,43914,8,,,1,100,,43915,8,,,2,100,,43916,8,,,1
7100,'Semaine-2-_26ÉTÉ-1111100-',533,,43950,8,,,2,70,,43933,8,,,1,30,,43951,8,,,2,20,,43954,8,,,2,61,,43924,8,,,1,20,,43928,8,,,2,19,,43927,8,,,2,50,,43949,8,,,1,10,,43925,8,,,1,10,,43940,8,,,2,20,,43917,8,,,2,60,,43943,8,,,1,20,,43948,8,,,1,30,,43939,8,,,1,72,,43944,8,,,1,30,,43945,8,,,2,70,,43959,8,,,2,30,,43920,8,,,1,70,,43946,8,,,1,30,,43958,8,,,1,69,,43919,8,,,1,30,,43921,8,,,1,72,,43929,8,,,2,28,,43952,8,,,1,70,,43923,8,,,2,7,,43953,8,,,2,21,,43956,8,,,2,59,,43955,8,,,2,14,,43936,8,,,2,6,,43931,8,,,2,20,,43932,8,,,2,59,,43922,8,,,2,20,,43941,8,,,1,23,,43918,8,,,2,67,,43942,8,,,2,31,,43957,8,,,1,70,,43930,8,,,2,30,,43934,8,,,1,70,,43937,8,,,1,101,,43935,8,,,1,99,,43947,8,,,1,100,,43926,8,,,2,101,,43938,8,,,1
7100,'Semaine-3-_26ÉTÉ-1111100-',533,,43993,8,,,2,70,,43976,8,,,1,30,,43994,8,,,2,20,,43997,8,,,2,61,,43967,8,,,1,20,,43971,8,,,2,19,,43970,8,,,2,50,,43992,8,,,1,10,,43968,8,,,1,10,,43983,8,,,2,20,,43960,8,,,2,60,,43986,8,,,1,20,,43991,8,,,1,30,,43982,8,,,1,72,,43987,8,,,1,30,,43988,8,,,2,70,,44002,8,,,2,30,,43963,8,,,1,70,,43989,8,,,1,30,,44001,8,,,1,69,,43962,8,,,1,30,,43964,8,,,1,72,,43972,8,,,2,28,,43995,8,,,1,70,,43966,8,,,2,7,,43996,8,,,2,21,,43999,8,,,2,59,,43998,8,,,2,14,,43979,8,,,2,6,,43974,8,,,2,20,,43975,8,,,2,59,,43965,8,,,2,20,,43984,8,,,1,23,,43961,8,,,2,67,,43985,8,,,2,31,,44000,8,,,1,70,,43973,8,,,2,30,,43977,8,,,1,70,,43980,8,,,1,101,,43978,8,,,1,99,,43990,8,,,1,100,,43969,8,,,2,101,,43981,8,,,1
7100,'Semaine-4-_26ÉTÉ-1111100-',533,,44036,8,,,2,70,,44019,8,,,1,30,,44037,8,,,2,20,,44040,8,,,2,61,,44010,8,,,1,20,,44014,8,,,2,19,,44013,8,,,2,50,,44035,8,,,1,10,,44011,8,,,1,10,,44026,8,,,2,20,,44003,8,,,2,60,,44029,8,,,1,20,,44034,8,,,1,30,,44025,8,,,1,72,,44030,8,,,1,30,,44031,8,,,2,70,,44045,8,,,2,30,,44006,8,,,1,70,,44032,8,,,1,30,,44044,8,,,1,69,,44005,8,,,1,30,,44007,8,,,1,72,,44015,8,,,2,28,,44038,8,,,1,70,,44009,8,,,2,7,,44039,8,,,2,21,,44042,8,,,2,59,,44041,8,,,2,14,,44022,8,,,2,6,,44017,8,,,2,20,,44018,8,,,2,59,,44008,8,,,2,20,,44027,8,,,1,23,,44004,8,,,2,67,,44028,8,,,2,31,,44043,8,,,1,70,,44016,8,,,2,30,,44020,8,,,1,70,,44023,8,,,1,101,,44021,8,,,1,99,,44033,8,,,1,100,,44012,8,,,2,101,,44024,8,,,1
