4000,'Semaine-3-_26ÉTÉ-1111100-',1537,,41053,32,,,2,69,,41049,32,,,2,36,,41052,32,,,1,67,,41051,32,,,1,31,,41050,32,,,1,65,,41054,32,,,2
4000,'Semaine-4-_26ÉTÉ-1111100-',1537,,41059,32,,,2,69,,41055,32,,,2,36,,41058,32,,,1,67,,41057,32,,,1,31,,41056,32,,,1,65,,41060,32,,,2
4100,'Semaine-3-_26ÉTÉ-1111100-',1548,,41085,32,,,2,69,,41087,32,,,1,35,,41086,32,,,2,66,,41084,32,,,1,29,,41088,32,,,1
4100,'Semaine-4-_26ÉTÉ-1111100-',1548,,41090,32,,,2,69,,41092,32,,,1,35,,41091,32,,,2,66,,41089,32,,,1,29,,41093,32,,,1
4901,'Samedi-10-_26ÉTÉ-0000010-',746,,41303,40,,,1,100,,41302,40,,,1,100,,41304,40,,,1,102,,41300,40,,,1,100,,41305,40,,,1,102,,41301,40,,,1,98,,41306,40,,,1,103,,41307,40,,,1,99,,41308,40,,,1,100,,41309,40,,,1,100,,41310,40,,,1,95,,41311,40,,,1,102,,41312,40,,,1,100,,41313,40,,,1,100,,41314,40,,,1,100,,41315,40,,,1,99,,41316,40,,,1
4901,'Semaine-3-_26ÉTÉ-1111100-',630,,41355,40,,,1,89,,41360,40,,,1,31,,41376,40,,,1,72,,41372,40,,,1,30,,41370,40,,,1,66,,41379,40,,,1,28,,41362,40,,,1,69,,41377,40,,,1,29,,41374,40,,,1,72,,41350,40,,,1,30,,41371,40,,,1,70,,41351,40,,,1,32,,41356,40,,,1,68,,41358,40,,,1,28,,41363,40,,,1,71,,41378,40,,,1,32,,41361,40,,,1,72,,41380,40,,,1,35,,41364,40,,,1,52,,41381,40,,,1,10,,41382,40,,,1,10,,41367,40,,,1,30,,41357,40,,,1,65,,41359,40,,,1,29,,41375,40,,,1,66,,41369,40,,,1,30,,41373,40,,,1,94,,41352,40,,,1,80,,41368,40,,,1,100,,41366,40,,,1,98,,41353,40,,,1,100,,41365,40,,,1,97,,41354,40,,,1
4901,'Semaine-4-_26ÉTÉ-1111100-',630,,41388,40,,,1,89,,41393,40,,,1,31,,41409,40,,,1,72,,41405,40,,,1,30,,41403,40,,,1,66,,41412,40,,,1,28,,41395,40,,,1,69,,41410,40,,,1,29,,41407,40,,,1,72,,41383,40,,,1,30,,41404,40,,,1,70,,41384,40,,,1,32,,41389,40,,,1,68,,41391,40,,,1,28,,41396,40,,,1,71,,41411,40,,,1,32,,41394,40,,,1,72,,41413,40,,,1,35,,41397,40,,,1,52,,41414,40,,,1,10,,41415,40,,,1,10,,41400,40,,,1,30,,41390,40,,,1,65,,41392,40,,,1,29,,41408,40,,,1,66,,41402,40,,,1,30,,41406,40,,,1,94,,41385,40,,,1,80,,41401,40,,,1,100,,41399,40,,,1,98,,41386,40,,,1,100,,41398,40,,,1,97,,41387,40,,,1
5500,'Samedi-10-_26ÉTÉ-0000010-',717,,41605,33,,,1,30,,41602,33,,,1,70,,41603,33,,,1,30,,41606,33,,,1,70,,41604,33,,,1,29,,41611,33,,,1,71,,41608,33,,,1,30,,41609,33,,,1,73,,41614,33,,,1,28,,41613,33,,,1,68,,41607,33,,,1,30,,41610,33,,,1,70,,41612,33,,,1,34,,41615,33,,,1,70,,41616,33,,,1,30,,41617,33,,,1,70,,41618,33,,,1,29,,41619,33,,,1,70,,41620,33,,,1,29,,41621,33,,,1,70,,41622,33,,,1,30,,41623,33,,,1,72,,41624,33,,,1,28,,41625,33,,,1,70,,41627,33,,,1,33,,41626,33,,,1,67,,41628,33,,,1,30,,41630,33,,,1,71,,41629,33,,,1,31,,41631,33,,,1,67,,41632,33,,,1,30,,41635,33,,,1,70,,41637,33,,,1,30,,41634,33,,,1,70,,41633,33,,,1,27,,41636,33,,,1
5500,'Semaine-3-_26ÉTÉ-1111100-',614,,41688,33,,,1,105,,41704,33,,,1,102,,41687,33,,,1,98,,41723,33,,,1,28,,41724,33,,,1,70,,41693,33,,,1,30,,41703,33,,,1,69,,41707,33,,,1,32,,41729,33,,,1,70,,41689,33,,,1,30,,41728,33,,,1,69,,41706,33,,,1,30,,41721,33,,,1,70,,41715,33,,,1,25,,41722,33,,,1,16,,41708,33,,,1,57,,41686,33,,,1,14,,41727,33,,,1,17,,41697,33,,,1,55,,41730,33,,,1,13,,41718,33,,,1,10,,41690,33,,,1,13,,41701,33,,,1,14,,41733,33,,,1,53,,41726,33,,,1,11,,41692,33,,,1,11,,41709,33,,,1,12,,41702,33,,,1,9,,41731,33,,,1,11,,41716,33,,,1,49,,41696,33,,,1,12,,41691,33,,,1,10,,41732,33,,,1,12,,41700,33,,,1,10,,41695,33,,,1,50,,41705,33,,,1,30,,41720,33,,,1,69,,41725,33,,,1,31,,41712,33,,,1,69,,41698,33,,,1,30,,41719,33,,,1,28,,41710,33,,,1,70,,41713,33,,,1,28,,41699,33,,,1,70,,41714,33,,,1,29,,41711,33,,,1,69,,41694,33,,,1,30,,41717,33,,,1
5500,'Semaine-4-_26ÉTÉ-1111100-',614,,41736,33,,,1,105,,41752,33,,,1,102,,41735,33,,,1,98,,41771,33,,,1,28,,41772,33,,,1,70,,41741,33,,,1,30,,41751,33,,,1,69,,41755,33,,,1,32,,41777,33,,,1,70,,41737,33,,,1,30,,41776,33,,,1,69,,41754,33,,,1,30,,41769,33,,,1,70,,41763,33,,,1,25,,41770,33,,,1,16,,41756,33,,,1,57,,41734,33,,,1,14,,41775,33,,,1,17,,41745,33,,,1,55,,41778,33,,,1,13,,41766,33,,,1,10,,41738,33,,,1,13,,41749,33,,,1,14,,41781,33,,,1,53,,41774,33,,,1,11,,41740,33,,,1,11,,41757,33,,,1,12,,41750,33,,,1,9,,41779,33,,,1,11,,41764,33,,,1,49,,41744,33,,,1,12,,41739,33,,,1,10,,41780,33,,,1,12,,41748,33,,,1,10,,41743,33,,,1,50,,41753,33,,,1,30,,41768,33,,,1,69,,41773,33,,,1,31,,41760,33,,,1,69,,41746,33,,,1,30,,41767,33,,,1,28,,41758,33,,,1,70,,41761,33,,,1,28,,41747,33,,,1,70,,41762,33,,,1,29,,41759,33,,,1,69,,41742,33,,,1,30,,41765,33,,,1
5800,'Semaine-3-_26ÉTÉ-1111100-',833,,42013,20,,,1,399,,42014,20,,,1,300,,42016,20,,,1,71,,42011,20,,,1,30,,42012,20,,,1,70,,42015,20,,,2,29,,42010,20,,,1,69,,42009,20,,,2
5800,'Semaine-4-_26ÉTÉ-1111100-',833,,42021,20,,,1,399,,42022,20,,,1,300,,42024,20,,,1,71,,42019,20,,,1,30,,42020,20,,,1,70,,42023,20,,,2,29,,42018,20,,,1,69,,42017,20,,,2
5900,'Samedi-10-_26ÉTÉ-0000010-',732,,42050,33,,,1,70,,42053,33,,,1,30,,42046,33,,,1,70,,42052,33,,,1,30,,42049,33,,,1,70,,42054,33,,,1,30,,42058,33,,,1,70,,42059,33,,,1,30,,42048,33,,,1,70,,42047,33,,,1,31,,42057,33,,,1,71,,42051,33,,,1,30,,42055,33,,,1,71,,42060,33,,,1,30,,42056,33,,,1,70,,42061,33,,,1,30,,42062,33,,,1,69,,42063,33,,,1,30,,42064,33,,,1,73,,42065,33,,,1,28,,42066,33,,,1,70,,42067,33,,,1,29,,42068,33,,,1,70,,42069,33,,,1,30,,42070,33,,,1,68,,42072,33,,,1,30,,42071,33,,,1,70,,42074,33,,,1,30,,42073,33,,,1,70,,42075,33,,,1,30,,42076,33,,,1,70,,42078,33,,,1,30,,42077,33,,,1,70,,42079,33,,,1
5900,'Semaine-3-_26ÉTÉ-1111100-',646,,42134,33,,,1,104,,42169,33,,,1,100,,42150,33,,,1,83,,42146,33,,,1,68,,42167,33,,,1,30,,42143,33,,,1,70,,42166,33,,,1,30,,42157,33,,,1,70,,42151,33,,,1,33,,42159,33,,,1,70,,42142,33,,,1,30,,42170,33,,,1,70,,42133,33,,,1,31,,42164,33,,,1,14,,42135,33,,,1,57,,42168,33,,,1,31,,42128,33,,,1,14,,42172,33,,,1,56,,42127,33,,,1,8,,42162,33,,,1,17,,42158,33,,,1,7,,42171,28,,,1,6,,42145,33,,,1,13,,42129,33,,,1,46,,42173,28,,,1,8,,42130,33,,,1,10,,42138,33,,,1,7,,42165,33,,,1,17,,42154,33,,,1,9,,42141,33,,,1,48,,42163,33,,,1,11,,42149,33,,,1,12,,42161,33,,,1,9,,42131,33,,,1,10,,42136,33,,,1,71,,42156,33,,,1,29,,42147,33,,,1,70,,42152,33,,,1,30,,42140,33,,,1,70,,42148,33,,,1,30,,42153,33,,,1,68,,42160,33,,,1,30,,42137,33,,,1,70,,42155,33,,,1,28,,42144,33,,,1,71,,42132,33,,,1,27,,42139,33,,,1
5900,'Semaine-4-_26ÉTÉ-1111100-',646,,42181,33,,,1,104,,42216,33,,,1,100,,42197,33,,,1,83,,42193,33,,,1,68,,42214,33,,,1,30,,42190,33,,,1,70,,42213,33,,,1,30,,42204,33,,,1,70,,42198,33,,,1,33,,42206,33,,,1,70,,42189,33,,,1,30,,42217,33,,,1,70,,42180,33,,,1,31,,42211,33,,,1,14,,42182,33,,,1,57,,42215,33,,,1,31,,42175,33,,,1,14,,42219,33,,,1,56,,42174,33,,,1,8,,42209,33,,,1,17,,42205,33,,,1,7,,42218,28,,,1,6,,42192,33,,,1,13,,42176,33,,,1,46,,42220,28,,,1,8,,42177,33,,,1,10,,42185,33,,,1,7,,42212,33,,,1,17,,42201,33,,,1,9,,42188,33,,,1,48,,42210,33,,,1,11,,42196,33,,,1,12,,42208,33,,,1,9,,42178,33,,,1,10,,42183,33,,,1,71,,42203,33,,,1,29,,42194,33,,,1,70,,42199,33,,,1,30,,42187,33,,,1,70,,42195,33,,,1,30,,42200,33,,,1,68,,42207,33,,,1,30,,42184,33,,,1,70,,42202,33,,,1,28,,42191,33,,,1,71,,42179,33,,,1,27,,42186,33,,,1
75200,'Semaine-3-_26ÉTÉ-1111100-',728,,46804,19,,,1
75200,'Semaine-4-_26ÉTÉ-1111100-',728,,46805,19,,,1
75401,'Semaine-3-_26ÉTÉ-1111100-',727,,46807,16,,,1
75401,'Semaine-4-_26ÉTÉ-1111100-',727,,46808,16,,,1
80001,'Samedi-10-_26ÉTÉ-0000010-',643,,46931,35,,,1,100,,46933,35,,,1,99,,46934,35,,,2,100,,46937,35,,,1,102,,46932,35,,,2,100,,46935,35,,,1,100,,46938,35,,,1,99,,46936,35,,,2,100,,46939,35,,,1,100,,46940,35,,,1,100,,46941,35,,,2,100,,46942,35,,,1,97,,46945,35,,,1,101,,46943,35,,,2,100,,46944,35,,,2,100,,46946,35,,,1,101,,46947,35,,,1
80001,'Semaine-3-_26ÉTÉ-1111100-',633,,47005,35,,,1,70,,46991,35,,,1,32,,47011,35,,,1,69,,46995,35,,,2,33,,46985,35,,,2,66,,47002,35,,,2,28,,46999,35,,,2,70,,47007,35,,,1,30,,47012,35,,,2,70,,46998,35,,,1,30,,47006,35,,,1,70,,46988,35,,,1,30,,47016,35,,,1,69,,47015,35,,,2,34,,46986,35,,,2,70,,47009,35,,,1,30,,46997,35,,,1,71,,47003,35,,,1,33,,47013,35,,,1,69,,47000,35,,,2,18,,47010,35,,,1,20,,47017,35,,,2,68,,47008,35,,,1,26,,47001,35,,,1,69,,46989,35,,,1,27,,46993,35,,,1,67,,46983,35,,,1,30,,47014,35,,,1,71,,46990,35,,,1,27,,46992,35,,,1,29,,46996,35,,,1,70,,46984,35,,,2,30,,47004,35,,,1,73,,46987,35,,,1,70,,46994,35,,,1
80001,'Semaine-4-_26ÉTÉ-1111100-',633,,47040,35,,,1,70,,47026,35,,,1,32,,47046,35,,,1,69,,47030,35,,,2,33,,47020,35,,,2,66,,47037,35,,,2,28,,47034,35,,,2,70,,47042,35,,,1,30,,47047,35,,,2,70,,47033,35,,,1,30,,47041,35,,,1,70,,47023,35,,,1,30,,47051,35,,,1,69,,47050,35,,,2,34,,47021,35,,,2,70,,47044,35,,,1,30,,47032,35,,,1,71,,47038,35,,,1,33,,47048,35,,,1,69,,47035,35,,,2,18,,47045,35,,,1,20,,47052,35,,,2,68,,47043,35,,,1,26,,47036,35,,,1,69,,47024,35,,,1,27,,47028,35,,,1,67,,47018,35,,,1,30,,47049,35,,,1,71,,47025,35,,,1,27,,47027,35,,,1,29,,47031,35,,,1,70,,47019,35,,,2,30,,47039,35,,,1,73,,47022,35,,,1,70,,47029,35,,,1
