1801,'Semaine-3',635,,24566,17,,,1,86,,24568,17,,,1,85,,24567,17,,,1
2600,'Semaine-3',1554,,24600,14,,,1,72,,24599,14,,,1,28,,24598,14,,,2,70,,24601,14,,,1,27,,24602,14,,,1
2900,'Semaine-3',1548,,24626,14,,,2,72,,24625,14,,,1,32,,24623,14,,,1,65,,24627,14,,,2,30,,24624,14,,,1
3200,'Semaine-3',631,,24876,15,,,1,70,,24875,15,,,1,30,,24871,15,,,1,72,,24873,15,,,1,29,,24872,15,,,1,70,,24874,15,,,1,30,,24847,15,,,1,70,,24842,15,,,2,30,,24843,15,,,2,70,,24854,15,,,1,30,,24848,15,,,1,68,,24834,15,,,1,31,,24835,15,,,1,71,,24846,15,,,1,30,,24849,15,,,1,69,,24855,15,,,1,31,,24836,15,,,1,70,,24881,15,,,1,17,,24833,15,,,2,10,,24863,15,,,1,12,,24853,15,,,1,10,,24859,15,,,1,50,,24860,15,,,1,10,,24878,15,,,1,10,,24879,15,,,1,10,,24880,15,,,1,10,,24877,15,,,2,10,,24850,15,,,2,50,,24861,15,,,1,10,,24869,15,,,1,10,,24862,15,,,2,8,,24839,15,,,2,9,,24870,15,,,2,11,,24856,15,,,1,10,,24858,15,,,2,50,,24857,15,,,2,19,,24851,15,,,1,25,,24845,15,,,1,70,,24840,15,,,2,30,,24837,15,,,1,70,,24852,15,,,1,28,,24844,15,,,1,72,,24841,15,,,2,30,,24838,15,,,1,70,,24864,15,,,1,30,,24865,15,,,1,67,,24866,15,,,2,30,,24867,15,,,1,70,,24868,15,,,1
3400,'Samedi-11',731,,25126,15,,,1,104,,25131,15,,,1,70,,25127,15,,,2,31,,25133,15,,,1,70,,25134,15,,,1,30,,25128,15,,,1,70,,25129,15,,,1,30,,25130,15,,,1,70,,25132,15,,,2,30,,25135,15,,,1,70,,25137,15,,,1,31,,25136,15,,,2,70,,25138,15,,,1,30,,25139,15,,,1,70,,25140,15,,,1,29,,25141,15,,,1,70,,25142,15,,,1,30,,25143,15,,,1,70,,25144,15,,,1,30,,25145,15,,,1,70,,25146,15,,,1,30,,25147,15,,,1,70,,25148,15,,,2,30,,25149,15,,,1,70,,25150,15,,,1,30,,25151,15,,,1,70,,25152,15,,,1,30,,25153,15,,,1,70,,25154,15,,,1,29,,25156,15,,,1,71,,25155,15,,,1,30,,25158,15,,,1,70,,25157,15,,,1,27,,25159,15,,,1
3400,'Samedi-2',731,,25160,15,,,1,104,,25165,15,,,1,70,,25161,15,,,2,31,,25167,15,,,1,70,,25168,15,,,1,30,,25162,15,,,1,70,,25163,15,,,1,30,,25164,15,,,1,70,,25166,15,,,2,30,,25169,15,,,1,70,,25171,15,,,1,31,,25170,15,,,2,70,,25172,15,,,1,30,,25173,15,,,1,70,,25174,15,,,1,29,,25175,15,,,1,70,,25176,15,,,1,30,,25177,15,,,1,70,,25178,15,,,1,30,,25179,15,,,1,70,,25180,15,,,1,30,,25181,15,,,1,70,,25182,15,,,2,30,,25183,15,,,1,70,,25184,15,,,1,30,,25185,15,,,1,70,,25186,15,,,1,30,,25187,15,,,1,70,,25188,15,,,1,29,,25190,15,,,1,71,,25189,15,,,1,30,,25192,15,,,1,70,,25191,15,,,1,27,,25193,15,,,1
3400,'Dimanche-2',731,,25198,15,,,1,104,,25202,15,,,1,70,,25200,15,,,2,31,,25195,15,,,1,70,,25203,15,,,1,30,,25206,15,,,1,70,,25205,15,,,1,30,,25194,15,,,1,70,,25196,15,,,2,30,,25207,15,,,1,70,,25197,15,,,1,31,,25199,15,,,2,70,,25201,15,,,1,30,,25210,15,,,1,70,,25204,15,,,1,29,,25208,15,,,1,70,,25211,15,,,1,30,,25215,15,,,1,70,,25220,15,,,1,30,,25212,15,,,1,70,,25213,15,,,1,30,,25223,15,,,1,70,,25214,15,,,2,30,,25219,15,,,1,70,,25209,15,,,1,30,,25216,15,,,1,70,,25218,15,,,1,30,,25221,15,,,1,70,,25227,15,,,1,29,,25222,15,,,1,71,,25224,15,,,1,30,,25217,15,,,1,70,,25225,15,,,1,27,,25226,15,,,1
3400,'Semaine-3',612,,25258,15,,,1,30,,25243,15,,,1,71,,25237,15,,,1,37,,25241,15,,,1,68,,25232,15,,,1,29,,25252,15,,,1,70,,25238,15,,,1,28,,25228,15,,,1,70,,25233,15,,,1,30,,25234,15,,,1,70,,25239,15,,,1,30,,25229,15,,,1,70,,25259,15,,,1,30,,25235,15,,,1,70,,25240,15,,,1,30,,25230,15,,,1,72,,25256,15,,,1,30,,25231,15,,,1,65,,25257,15,,,2,306,,25255,15,,,2,20,,25244,15,,,1,68,,25236,15,,,1,30,,25248,15,,,1,70,,25254,15,,,1,30,,25245,15,,,2,70,,25247,15,,,1,30,,25249,15,,,1,70,,25242,15,,,1,30,,25251,15,,,1,71,,25246,15,,,1,28,,25250,15,,,1,70,,25253,15,,,1
4000,'Semaine-3',1524,,26130,14,,,1,30,,26126,14,,,2,75,,26129,14,,,1,27,,26128,14,,,2,68,,26127,14,,,1,26,,26131,14,,,1
4100,'Semaine-3',1535,,26139,14,,,1,71,,26141,14,,,1,33,,26140,14,,,1,66,,26138,14,,,1,29,,26142,14,,,1
4500,'Semaine-3',1509,,26157,14,,,1,35,,26152,14,,,1,70,,26153,14,,,1,30,,26155,14,,,2,69,,26156,14,,,1,27,,26154,14,,,1
4700,'Semaine-3',1531,,26164,14,,,1,102,,26166,14,,,2,94,,26165,14,,,2
5500,'Samedi-11',704,,26509,15,,,1,30,,26506,15,,,1,70,,26507,15,,,1,30,,26510,15,,,1,70,,26508,15,,,1,29,,26515,15,,,1,69,,26512,15,,,1,29,,26513,15,,,1,75,,26518,15,,,1,27,,26517,15,,,1,68,,26511,15,,,1,30,,26514,15,,,1,70,,26516,15,,,1,34,,26519,15,,,1,70,,26520,15,,,1,30,,26521,15,,,1,70,,26522,15,,,1,28,,26523,15,,,1,70,,26524,15,,,1,30,,26525,15,,,1,70,,26526,15,,,1,30,,26527,15,,,1,72,,26528,15,,,1,28,,26529,15,,,1,70,,26531,15,,,1,33,,26530,15,,,1,67,,26532,15,,,1,30,,26534,15,,,1,71,,26533,15,,,1,31,,26535,15,,,1,68,,26536,15,,,1,30,,26539,15,,,1,70,,26541,15,,,1,30,,26538,15,,,1,71,,26537,15,,,1,27,,26540,15,,,1
5500,'Samedi-2',704,,26545,15,,,1,30,,26542,15,,,1,70,,26543,15,,,1,30,,26546,15,,,1,70,,26544,15,,,1,29,,26551,15,,,1,69,,26548,15,,,1,29,,26549,15,,,1,75,,26554,15,,,1,27,,26553,15,,,1,68,,26547,15,,,1,30,,26550,15,,,1,70,,26552,15,,,1,34,,26555,15,,,1,70,,26556,15,,,1,30,,26557,15,,,1,70,,26558,15,,,1,28,,26559,15,,,1,70,,26560,15,,,1,30,,26561,15,,,1,70,,26562,15,,,1,30,,26563,15,,,1,72,,26564,15,,,1,28,,26565,15,,,1,70,,26567,15,,,1,33,,26566,15,,,1,67,,26568,15,,,1,30,,26570,15,,,1,71,,26569,15,,,1,31,,26571,15,,,1,68,,26572,15,,,1,30,,26575,15,,,1,70,,26577,15,,,1,30,,26574,15,,,1,71,,26573,15,,,1,27,,26576,15,,,1
5500,'Dimanche-2',704,,26580,15,,,1,30,,26585,15,,,1,70,,26589,15,,,1,30,,26583,15,,,1,70,,26581,15,,,1,29,,26586,15,,,1,69,,26588,15,,,1,29,,26582,15,,,1,75,,26578,15,,,1,27,,26579,15,,,1,68,,26591,15,,,1,30,,26595,15,,,1,70,,26593,15,,,1,34,,26590,15,,,1,70,,26584,15,,,1,30,,26598,15,,,1,70,,26599,15,,,1,28,,26600,15,,,1,70,,26594,15,,,1,30,,26607,15,,,1,70,,26604,15,,,1,30,,26592,15,,,1,72,,26612,15,,,1,28,,26606,15,,,1,70,,26587,15,,,1,33,,26610,15,,,1,67,,26603,15,,,1,30,,26596,15,,,1,71,,26601,15,,,1,31,,26597,15,,,1,68,,26608,15,,,1,30,,26605,15,,,1,70,,26602,15,,,1,30,,26611,15,,,1,71,,26609,15,,,1,28,,26613,15,,,1
5500,'Semaine-3',558,,26616,15,,,1,145,,26632,15,,,1,104,,26615,15,,,1,97,,26651,15,,,1,28,,26652,15,,,1,70,,26621,15,,,1,28,,26631,15,,,1,71,,26635,15,,,1,31,,26657,15,,,1,71,,26617,15,,,1,30,,26656,15,,,1,69,,26634,15,,,1,30,,26649,15,,,1,69,,26643,15,,,1,24,,26650,15,,,1,16,,26636,15,,,1,17,,26614,15,,,1,54,,26655,15,,,1,17,,26625,15,,,1,15,,26658,15,,,1,13,,26646,15,,,1,50,,26618,15,,,1,13,,26629,15,,,1,14,,26661,15,,,1,13,,26654,15,,,1,11,,26620,15,,,1,52,,26637,15,,,1,9,,26630,15,,,1,11,,26659,15,,,1,11,,26644,15,,,1,9,,26624,15,,,1,52,,26619,15,,,1,10,,26660,15,,,1,12,,26628,15,,,1,11,,26623,15,,,1,10,,26633,15,,,1,70,,26648,15,,,1,29,,26653,15,,,1,70,,26640,15,,,1,30,,26626,15,,,1,70,,26647,15,,,1,29,,26638,15,,,1,70,,26641,15,,,1,30,,26627,15,,,1,70,,26642,15,,,1,30,,26639,15,,,1,69,,26622,15,,,1,29,,26645,15,,,1
5900,'Samedi-11',718,,26842,15,,,1,30,,26845,15,,,1,70,,26838,15,,,1,30,,26844,15,,,1,70,,26841,15,,,1,30,,26846,15,,,1,70,,26850,15,,,1,30,,26851,15,,,1,70,,26840,15,,,1,30,,26839,15,,,1,71,,26849,15,,,1,30,,26843,15,,,1,70,,26847,15,,,1,30,,26852,15,,,1,70,,26848,15,,,1,30,,26853,15,,,1,70,,26854,15,,,1,29,,26855,15,,,1,70,,26856,15,,,1,32,,26857,15,,,1,69,,26858,15,,,1,30,,26859,15,,,1,69,,26860,15,,,1,30,,26861,15,,,1,70,,26862,15,,,1,30,,26864,15,,,1,70,,26863,15,,,1,30,,26866,15,,,1,70,,26865,15,,,1,30,,26867,15,,,1,70,,26868,15,,,1,30,,26870,15,,,1,70,,26869,15,,,1,30,,26871,15,,,1
5900,'Samedi-2',718,,26876,15,,,1,30,,26879,15,,,1,70,,26872,15,,,1,30,,26878,15,,,1,70,,26875,15,,,1,30,,26880,15,,,1,70,,26884,15,,,1,30,,26885,15,,,1,70,,26874,15,,,1,30,,26873,15,,,1,71,,26883,15,,,1,30,,26877,15,,,1,70,,26881,15,,,1,30,,26886,15,,,1,70,,26882,15,,,1,30,,26887,15,,,1,70,,26888,15,,,1,29,,26889,15,,,1,70,,26890,15,,,1,32,,26891,15,,,1,69,,26892,15,,,1,30,,26893,15,,,1,69,,26894,15,,,1,30,,26895,15,,,1,70,,26896,15,,,1,30,,26898,15,,,1,70,,26897,15,,,1,30,,26900,15,,,1,70,,26899,15,,,1,30,,26901,15,,,1,70,,26902,15,,,1,30,,26904,15,,,1,70,,26903,15,,,1,30,,26905,15,,,1
5900,'Dimanche-2',718,,26912,15,,,1,30,,26907,15,,,1,70,,26910,15,,,1,30,,26915,15,,,1,70,,26919,15,,,1,30,,26908,15,,,1,70,,26911,15,,,1,30,,26917,15,,,1,70,,26918,15,,,1,30,,26906,15,,,1,71,,26909,15,,,1,30,,26914,15,,,1,70,,26916,15,,,1,30,,26913,15,,,1,70,,26921,15,,,1,30,,26926,15,,,1,70,,26920,15,,,1,29,,26931,15,,,1,70,,26932,15,,,1,32,,26923,15,,,1,69,,26927,15,,,1,30,,26938,15,,,1,69,,26922,15,,,1,30,,26928,15,,,1,70,,26924,15,,,1,30,,26929,15,,,1,70,,26934,15,,,1,30,,26935,15,,,1,70,,26925,15,,,1,30,,26939,15,,,1,70,,26933,15,,,1,30,,26930,15,,,1,70,,26937,15,,,1,30,,26936,15,,,1
5900,'Semaine-3',632,,26947,15,,,1,103,,26982,15,,,1,100,,26963,15,,,1,85,,26959,15,,,1,28,,26980,15,,,1,70,,26956,15,,,1,30,,26979,15,,,1,70,,26970,15,,,1,30,,26964,15,,,1,71,,26972,15,,,1,29,,26955,15,,,1,71,,26983,15,,,1,30,,26946,15,,,1,70,,26977,15,,,1,13,,26948,15,,,1,19,,26981,15,,,1,71,,26941,15,,,1,14,,26985,15,,,1,16,,26940,15,,,1,7,,26975,15,,,1,57,,26971,15,,,1,8,,26984,10,,,1,4,,26958,15,,,1,16,,26942,15,,,1,4,,26986,10,,,1,6,,26943,15,,,1,52,,26951,15,,,1,9,,26978,15,,,1,12,,26967,15,,,1,11,,26954,15,,,1,9,,26976,15,,,1,12,,26962,15,,,1,52,,26974,15,,,1,9,,26944,15,,,1,10,,26949,15,,,1,71,,26969,15,,,1,30,,26960,15,,,1,70,,26965,15,,,1,29,,26953,15,,,1,70,,26961,15,,,1,30,,26966,15,,,1,70,,26973,15,,,1,30,,26950,15,,,1,70,,26968,15,,,1,29,,26957,15,,,1,30,,26945,15,,,1,69,,26952,15,,,1
32900,'Semaine-3',809,,29279,7,0,7 8,1
65500,'Semaine-3',706,,30118,8,0,9 10,1
73400,'Semaine-3',1625,,30123,9,0,5 11,1
74000,'Semaine-3',1625,,30127,9,0,5 11,1
80001,'Samedi-11',631,,30223,17,,,1,100,,30225,17,,,1,99,,30226,17,,,2,100,,30229,17,,,1,101,,30224,17,,,2,100,,30227,17,,,1,99,,30230,17,,,1,99,,30228,17,,,2,100,,30231,17,,,1,100,,30232,17,,,1,100,,30233,17,,,2,100,,30234,17,,,1,98,,30237,17,,,1,101,,30235,17,,,1,100,,30236,17,,,2,100,,30238,17,,,1,102,,30239,17,,,1
80001,'Samedi-2',631,,30240,17,,,1,100,,30242,17,,,1,99,,30243,17,,,2,100,,30246,17,,,1,101,,30241,17,,,2,100,,30244,17,,,1,99,,30247,17,,,1,99,,30245,17,,,2,100,,30248,17,,,1,100,,30249,17,,,1,100,,30250,17,,,2,100,,30251,17,,,1,98,,30254,17,,,1,101,,30252,17,,,1,100,,30253,17,,,2,100,,30255,17,,,1,102,,30256,17,,,1
80001,'Dimanche-2',631,,30257,17,,,1,100,,30258,17,,,1,99,,30262,17,,,2,100,,30259,17,,,1,101,,30263,17,,,2,100,,30260,17,,,1,99,,30261,17,,,1,99,,30265,17,,,2,100,,30264,17,,,1,100,,30266,17,,,1,100,,30268,17,,,2,100,,30269,17,,,1,98,,30270,17,,,1,101,,30267,17,,,1,100,,30271,17,,,2,100,,30272,17,,,1,102,,30273,17,,,1
80001,'Semaine-3',619,,30296,17,,,1,32,,30282,17,,,1,69,,30302,17,,,2,31,,30286,17,,,1,71,,30276,17,,,1,28,,30293,17,,,1,70,,30290,17,,,1,30,,30298,17,,,1,70,,30303,17,,,1,30,,30289,17,,,2,70,,30297,17,,,1,30,,30279,17,,,1,70,,30307,17,,,1,31,,30306,17,,,1,70,,30277,17,,,1,30,,30300,17,,,1,70,,30288,17,,,2,30,,30294,17,,,1,74,,30304,17,,,2,30,,30291,17,,,1,55,,30301,17,,,1,17,,30308,17,,,1,28,,30299,17,,,2,69,,30292,17,,,1,30,,30280,17,,,2,68,,30284,17,,,1,29,,30274,17,,,1,70,,30305,17,,,1,30,,30281,17,,,1,68,,30283,17,,,1,28,,30287,17,,,1,72,,30275,17,,,1,30,,30295,17,,,1,70,,30278,17,,,1,30,,30285,17,,,1
82900,'Semaine-3',1534,,30322,12,0,9 12 13,1
