6700,'Samedi-0-_26ÉTÉ-0000010-',734,,56179,39,,,2,102,,56178,39,,,1,100,,56177,39,,,1,71,,56173,39,,,1,30,,56181,39,,,1,70,,56174,39,,,1,30,,56175,39,,,1,71,,56180,39,,,1,30,,56185,39,,,1,70,,56176,39,,,1,30,,56184,39,,,1,70,,56182,39,,,1,30,,56183,39,,,1,72,,56186,39,,,2,30,,56187,39,,,2,70,,56188,39,,,1,30,,56189,39,,,1,69,,56190,39,,,2,30,,56191,39,,,2,69,,56192,39,,,1,30,,56193,39,,,1,70,,56194,39,,,2,28,,56195,39,,,1,70,,56196,39,,,1,100,,56200,39,,,2,100,,56197,39,,,2,99,,56198,39,,,1,100,,56199,39,,,1
6700,'Dimanche-0-_26ÉTÉ-0000001-',734,,56207,39,,,2,102,,56201,39,,,1,100,,56204,39,,,1,71,,56206,39,,,1,30,,56212,39,,,1,70,,56209,39,,,1,30,,56215,39,,,1,71,,56217,39,,,1,30,,56211,39,,,1,70,,56213,39,,,1,30,,56202,39,,,1,70,,56203,39,,,1,30,,56205,39,,,1,72,,56208,39,,,2,30,,56214,39,,,2,70,,56210,39,,,1,30,,56216,39,,,1,69,,56225,39,,,2,30,,56224,39,,,2,69,,56220,39,,,1,30,,56218,39,,,1,70,,56228,39,,,2,28,,56219,39,,,1,70,,56226,39,,,1,100,,56223,39,,,2,100,,56222,39,,,2,99,,56221,39,,,1,100,,56227,39,,,1
6700,'Dimanche-10-_26ÉTÉ-0000001-',734,,56235,39,,,2,102,,56229,39,,,1,100,,56232,39,,,1,71,,56234,39,,,1,30,,56240,39,,,1,70,,56237,39,,,1,30,,56243,39,,,1,71,,56245,39,,,1,30,,56239,39,,,1,70,,56241,39,,,1,30,,56230,39,,,1,70,,56231,39,,,1,30,,56233,39,,,1,72,,56236,39,,,2,30,,56242,39,,,2,70,,56238,39,,,1,30,,56244,39,,,1,69,,56253,39,,,2,30,,56252,39,,,2,69,,56248,39,,,1,30,,56246,39,,,1,70,,56256,39,,,2,28,,56247,39,,,1,70,,56254,39,,,1,100,,56251,39,,,2,100,,56250,39,,,2,99,,56249,39,,,1,100,,56255,39,,,1
6700,'Dimanche-11-_26ÉTÉ-0000001-',734,,56263,39,,,2,102,,56257,39,,,1,100,,56260,39,,,1,71,,56262,39,,,1,30,,56268,39,,,1,70,,56265,39,,,1,30,,56271,39,,,1,71,,56273,39,,,1,30,,56267,39,,,1,70,,56269,39,,,1,30,,56258,39,,,1,70,,56259,39,,,1,30,,56261,39,,,1,72,,56264,39,,,2,30,,56270,39,,,2,70,,56266,39,,,1,30,,56272,39,,,1,69,,56281,39,,,2,30,,56280,39,,,2,69,,56276,39,,,1,30,,56274,39,,,1,70,,56284,39,,,2,28,,56275,39,,,1,70,,56282,39,,,1,100,,56279,39,,,2,100,,56278,39,,,2,99,,56277,39,,,1,100,,56283,39,,,1
6700,'Semaine-1-_26ÉTÉ-1111100-',636,,56293,39,,,1,71,,56287,39,,,1,30,,56295,39,,,1,21,,56304,39,,,1,60,,56288,39,,,2,17,,56313,39,,,1,70,,56298,39,,,1,30,,56306,39,,,1,20,,56296,39,,,2,59,,56316,39,,,2,20,,56314,39,,,1,21,,56301,39,,,2,60,,56317,39,,,2,20,,56307,39,,,1,20,,56310,39,,,2,61,,56318,39,,,1,20,,56315,39,,,1,20,,56302,39,,,1,60,,56319,39,,,1,20,,56308,39,,,1,20,,56311,39,,,2,60,,56320,39,,,1,22,,56300,39,,,1,20,,56303,39,,,2,57,,56321,39,,,1,330,,56323,39,,,1,55,,56297,39,,,2,16,,56322,39,,,1,19,,56305,39,,,1,70,,56285,39,,,1,30,,56309,39,,,2,70,,56289,39,,,1,30,,56312,39,,,1,71,,56286,39,,,1,28,,56294,39,,,2,70,,56290,39,,,1,27,,56299,39,,,2,28,,56292,39,,,2,69,,56291,39,,,1
6700,'Semaine-10-_26ÉTÉ-1111100-',636,,56332,39,,,1,71,,56326,39,,,1,30,,56334,39,,,1,21,,56343,39,,,1,60,,56327,39,,,2,17,,56352,39,,,1,70,,56337,39,,,1,30,,56345,39,,,1,20,,56335,39,,,2,59,,56355,39,,,2,20,,56353,39,,,1,21,,56340,39,,,2,60,,56356,39,,,2,20,,56346,39,,,1,20,,56349,39,,,2,61,,56357,39,,,1,20,,56354,39,,,1,20,,56341,39,,,1,60,,56358,39,,,1,20,,56347,39,,,1,20,,56350,39,,,2,60,,56359,39,,,2,22,,56339,39,,,1,20,,56342,39,,,2,57,,56360,39,,,1,330,,56362,39,,,1,55,,56336,39,,,2,16,,56361,39,,,1,19,,56344,39,,,1,70,,56324,39,,,1,30,,56348,39,,,2,70,,56328,39,,,1,30,,56351,39,,,1,71,,56325,39,,,1,28,,56333,39,,,2,70,,56329,39,,,1,27,,56338,39,,,2,28,,56331,39,,,2,69,,56330,39,,,1
6700,'Semaine-11-_26ÉTÉ-1111100-',636,,56371,39,,,1,71,,56365,39,,,1,30,,56373,39,,,1,21,,56382,39,,,1,60,,56366,39,,,2,17,,56391,39,,,1,70,,56376,39,,,1,30,,56384,39,,,1,20,,56374,39,,,2,59,,56394,39,,,2,20,,56392,39,,,1,21,,56379,39,,,2,60,,56395,39,,,2,20,,56385,39,,,1,20,,56388,39,,,2,61,,56396,39,,,1,20,,56393,39,,,1,20,,56380,39,,,1,60,,56397,39,,,1,20,,56386,39,,,1,20,,56389,39,,,2,60,,56398,39,,,1,22,,56378,39,,,1,20,,56381,39,,,2,57,,56399,39,,,1,330,,56401,39,,,1,55,,56375,39,,,2,16,,56400,39,,,1,19,,56383,39,,,1,70,,56363,39,,,1,30,,56387,39,,,2,70,,56367,39,,,1,30,,56390,39,,,1,71,,56364,39,,,1,28,,56372,39,,,2,70,,56368,39,,,1,27,,56377,39,,,2,28,,56370,39,,,2,69,,56369,39,,,1
6700,'Semaine-12-_26ÉTÉ-1111100-',636,,56410,39,,,1,71,,56404,39,,,1,30,,56412,39,,,1,21,,56421,39,,,1,60,,56405,39,,,2,17,,56430,39,,,1,70,,56415,39,,,1,30,,56423,39,,,1,20,,56413,39,,,2,59,,56433,39,,,2,20,,56431,39,,,1,21,,56418,39,,,2,60,,56434,39,,,2,20,,56424,39,,,1,20,,56427,39,,,2,61,,56435,39,,,1,20,,56432,39,,,1,20,,56419,39,,,1,60,,56436,39,,,1,20,,56425,39,,,1,20,,56428,39,,,2,60,,56437,39,,,1,22,,56417,39,,,1,20,,56420,39,,,2,57,,56438,39,,,1,330,,56440,39,,,1,55,,56414,39,,,2,16,,56439,39,,,1,19,,56422,39,,,1,70,,56402,39,,,1,30,,56426,39,,,2,70,,56406,39,,,1,30,,56429,39,,,1,71,,56403,39,,,1,28,,56411,39,,,2,70,,56407,39,,,1,27,,56416,39,,,2,28,,56409,39,,,2,69,,56408,39,,,1
8700,'Semaine-1-_26ÉTÉ-1111100-',1531,,59986,37,,,2,21,,59985,37,,,1,60,,59978,37,,,1,14,,59980,37,,,1,14,,59977,37,,,1,17,,59987,37,,,1,57,,59983,37,,,1,14,,59984,37,,,2,18,,59979,37,,,1,58,,59982,37,,,1,16,,59981,37,,,2
8700,'Semaine-10-_26ÉTÉ-1111100-',1531,,59997,37,,,2,21,,59996,37,,,1,60,,59989,37,,,1,14,,59991,37,,,1,14,,59988,37,,,1,17,,59998,37,,,1,57,,59994,37,,,1,14,,59995,37,,,2,18,,59990,37,,,1,58,,59993,37,,,1,16,,59992,37,,,2
8700,'Semaine-11-_26ÉTÉ-1111100-',1531,,60008,37,,,2,21,,60007,37,,,1,60,,60000,37,,,1,14,,60002,37,,,1,14,,59999,37,,,1,17,,60009,37,,,1,57,,60005,37,,,1,14,,60006,37,,,2,18,,60001,37,,,1,58,,60004,37,,,1,16,,60003,37,,,2
8700,'Semaine-12-_26ÉTÉ-1111100-',1531,,60019,37,,,2,21,,60018,37,,,1,60,,60011,37,,,1,14,,60013,37,,,1,14,,60010,37,,,1,17,,60020,37,,,1,57,,60016,37,,,1,14,,60017,37,,,2,18,,60012,37,,,1,58,,60015,37,,,1,16,,60014,37,,,2
