3401,'Samedi-11',659,,25260,23,,,1,100,,25263,23,,,2,70,,25272,23,,,1,73,,25261,23,,,1,27,,25266,23,,,1,30,,25268,23,,,1,72,,25262,23,,,2,70,,25271,23,,,1,31,,25264,23,,,1,70,,25273,23,,,1,29,,25265,23,,,1,70,,25267,23,,,1,30,,25269,23,,,2,70,,25270,23,,,2,30,,25274,23,,,1,70,,25275,23,,,2,30,,25276,23,,,1,70,,25277,23,,,1,31,,25278,23,,,1,70,,25279,23,,,1,30,,25280,23,,,2,71,,25281,23,,,1,27,,25282,23,,,1,70,,25284,23,,,1,31,,25283,23,,,2,70,,25285,23,,,1,30,,25286,23,,,1,28,,25287,23,,,1,70,,25289,23,,,1,30,,25288,23,,,1,70,,25290,23,,,1,98,,25291,23,,,1
3401,'Samedi-2',659,,25292,23,,,1,100,,25295,23,,,2,70,,25304,23,,,1,73,,25293,23,,,1,27,,25298,23,,,1,30,,25300,23,,,1,72,,25294,23,,,2,70,,25303,23,,,1,31,,25296,23,,,1,70,,25305,23,,,1,29,,25297,23,,,1,70,,25299,23,,,1,30,,25301,23,,,2,70,,25302,23,,,2,30,,25306,23,,,1,70,,25307,23,,,2,30,,25308,23,,,1,70,,25309,23,,,1,31,,25310,23,,,1,70,,25311,23,,,1,30,,25312,23,,,2,71,,25313,23,,,1,27,,25314,23,,,1,70,,25316,23,,,1,31,,25315,23,,,2,70,,25317,23,,,1,30,,25318,23,,,1,28,,25319,23,,,1,70,,25321,23,,,1,30,,25320,23,,,1,70,,25322,23,,,1,98,,25323,23,,,1
3401,'Dimanche-2',659,,25325,23,,,1,100,,25336,23,,,2,70,,25329,23,,,1,73,,25332,23,,,1,27,,25331,23,,,1,30,,25340,23,,,1,72,,25337,23,,,2,70,,25324,23,,,1,31,,25335,23,,,1,70,,25328,23,,,1,29,,25326,23,,,1,70,,25327,23,,,1,30,,25330,23,,,2,70,,25338,23,,,2,30,,25334,23,,,1,70,,25333,23,,,2,30,,25339,23,,,1,70,,25344,23,,,1,31,,25342,23,,,1,70,,25348,23,,,1,30,,25351,23,,,2,71,,25341,23,,,1,27,,25350,23,,,1,70,,25343,23,,,1,31,,25347,23,,,2,70,,25354,23,,,1,30,,25346,23,,,1,28,,25345,23,,,1,70,,25352,23,,,1,30,,25353,23,,,1,70,,25349,23,,,1,98,,25355,23,,,1
3401,'Semaine-3',907,,25381,23,,,1,27,,25361,23,,,1,70,,25365,23,,,1,30,,25385,23,,,1,70,,25358,23,,,1,30,,25362,23,,,1,70,,25366,23,,,1,30,,25356,23,,,1,70,,25359,23,,,1,30,,25363,23,,,1,70,,25367,23,,,1,30,,25360,23,,,1,71,,25382,23,,,1,29,,25357,23,,,1,71,,25383,23,,,1,31,,25384,23,,,2,69,,25378,23,,,1,29,,25374,23,,,1,70,,25364,23,,,1,30,,25371,23,,,1,70,,25380,23,,,1,30,,25368,23,,,1,70,,25370,23,,,1,30,,25372,23,,,1,70,,25376,23,,,1,30,,25369,23,,,1,70,,25375,23,,,1,30,,25373,23,,,1,70,,25377,23,,,1,30,,25379,23,,,1
3901,'Samedi-11',628,,26019,30,,,1,100,,26021,30,,,1,100,,26025,30,,,1,101,,26024,30,,,1,100,,26027,30,,,1,100,,26026,30,,,1,102,,26022,30,,,1,70,,26020,30,,,1,30,,26028,30,,,1,70,,26023,30,,,2,30,,26029,30,,,1,70,,26030,30,,,1,31,,26031,30,,,2,70,,26032,30,,,1,30,,26033,30,,,1,70,,26034,30,,,1,30,,26035,30,,,1,70,,26036,30,,,1,29,,26037,30,,,1,69,,26038,30,,,1,100,,26039,30,,,1,100,,26040,30,,,1,100,,26041,30,,,1,100,,26042,30,,,1
3901,'Samedi-2',628,,26043,30,,,1,100,,26045,30,,,1,100,,26049,30,,,1,101,,26048,30,,,1,100,,26051,30,,,1,100,,26050,30,,,1,102,,26046,30,,,1,70,,26044,30,,,1,30,,26052,30,,,1,70,,26047,30,,,2,30,,26053,30,,,1,70,,26054,30,,,1,31,,26055,30,,,2,70,,26056,30,,,1,30,,26057,30,,,1,70,,26058,30,,,1,30,,26059,30,,,1,70,,26060,30,,,1,29,,26061,30,,,1,69,,26062,30,,,1,100,,26063,30,,,1,100,,26064,30,,,1,100,,26065,30,,,1,100,,26066,30,,,1
3901,'Dimanche-2',628,,26067,30,,,1,100,,26074,30,,,1,100,,26068,30,,,1,101,,26071,30,,,1,100,,26076,30,,,1,100,,26069,30,,,1,102,,26075,30,,,1,70,,26070,30,,,1,30,,26072,30,,,1,70,,26077,30,,,2,30,,26079,30,,,1,70,,26073,30,,,1,31,,26078,30,,,2,70,,26080,30,,,1,30,,26081,30,,,1,70,,26086,30,,,1,30,,26088,30,,,1,70,,26090,30,,,1,29,,26087,30,,,1,69,,26084,30,,,1,100,,26085,30,,,1,100,,26089,30,,,1,100,,26082,30,,,1,100,,26083,30,,,1
3901,'Semaine-3',651,,26113,30,,,1,67,,26102,30,,,1,36,,26103,30,,,1,73,,26099,30,,,1,32,,26105,30,,,1,70,,26107,30,,,1,30,,26114,30,,,1,70,,26125,30,,,1,30,,26120,30,,,1,70,,26115,30,,,1,30,,26100,30,,,1,72,,26109,30,,,1,70,,26116,30,,,2,29,,26101,30,,,1,70,,26098,30,,,1,34,,26117,30,,,2,67,,26110,30,,,1,34,,26091,30,,,1,71,,26118,30,,,1,30,,26096,30,,,1,70,,26093,30,,,1,29,,26121,30,,,1,68,,26106,30,,,1,32,,26112,30,,,2,70,,26097,30,,,2,31,,26119,30,,,1,65,,26092,30,,,2,26,,26122,30,,,1,30,,26095,30,,,1,70,,26111,30,,,1,32,,26123,30,,,2,70,,26094,30,,,1,30,,26104,30,,,1,70,,26124,30,,,2,30,,26108,30,,,1
32601,'Semaine-3',816,,29278,14,0,7 8,1
63901,'Semaine-3',657,,30104,5,0,9 10,1
72601,'Semaine-3',1524,,30120,9,,,1
73401,'Semaine-3',810,,30125,27,0,5 11,1
82601,'Semaine-3',736,,30316,14,0,9 12 13,1,1,,30317,14,0,9 12 13,1
