2501,'Semaine-4',554,,30371,6,,,1,69,,30370,6,,,1,30,,30368,6,,,1,70,,30369,6,,,2,30,,30372,6,,,1,71,,30367,6,,,1
2501,'Semaine-2-_26ÉTÉ-1111100-',554,,38749,6,,,1,69,,38748,6,,,1,30,,38746,6,,,2,70,,38747,6,,,2,30,,38750,6,,,1,70,,38745,6,,,1
2501,'Semaine-3-_26ÉTÉ-1111100-',554,,38755,6,,,1,69,,38754,6,,,1,30,,38752,6,,,2,70,,38753,6,,,2,30,,38756,6,,,1,70,,38751,6,,,1
2501,'Semaine-4-_26ÉTÉ-1111100-',554,,38761,6,,,1,69,,38760,6,,,1,30,,38758,6,,,2,70,,38759,6,,,2,30,,38762,6,,,1,70,,38757,6,,,1
32501,'Semaine-4',807,,34185,6,0,7 8,1,3,,34186,6,0,7 8,1
32501,'Semaine-2-_26ÉTÉ-1111100-',810,,45837,6,0,7 8,1
32501,'Semaine-3-_26ÉTÉ-1111100-',810,,45838,6,0,7 8,1
32501,'Semaine-4-_26ÉTÉ-1111100-',810,,45839,6,0,7 8,1
42500,'Semaine-4',656,,34792,6,0,9 14,1,2,,34793,6,0,9 14,1
42500,'Semaine-2-_26ÉTÉ-1111100-',658,,46743,6,0,9 14,1
42500,'Semaine-3-_26ÉTÉ-1111100-',658,,46744,6,0,9 14,1
42500,'Semaine-4-_26ÉTÉ-1111100-',658,,46745,6,0,9 14,1
82501,'Semaine-4',737,,35007,6,0,9 12 13,1,1,,35008,6,0,9 12 13,1,1,,35009,6,0,9 12 13,1
82501,'Semaine-2-_26ÉTÉ-1111100-',739,,47054,6,0,9 12 13,1
82501,'Semaine-3-_26ÉTÉ-1111100-',739,,47055,6,0,9 12 13,1
82501,'Semaine-4-_26ÉTÉ-1111100-',739,,47056,6,0,9 12 13,1
