2000,'Semaine-4',650,,30346,10,,,1,101,,30345,10,,,2,97,,30344,10,,,1
2000,'Semaine-2-_26ÉTÉ-1111100-',648,,38678,10,,,1,99,,38677,10,,,1,101,,38676,10,,,2
2000,'Semaine-3-_26ÉTÉ-1111100-',648,,38681,10,,,1,99,,38680,10,,,1,101,,38679,10,,,2
2000,'Semaine-4-_26ÉTÉ-1111100-',648,,38684,10,,,1,99,,38683,10,,,1,101,,38682,10,,,2
2700,'Semaine-4',1602,,30385,14,,,2,30,,30383,14,,,1,68,,30387,14,,,1,30,,30384,14,,,1,29,,30386,14,,,2
2700,'Semaine-2-_26ÉTÉ-1111100-',1602,,38795,14,,,1,30,,38793,14,,,2,68,,38797,14,,,1,31,,38794,14,,,1,28,,38796,14,,,2
2700,'Semaine-3-_26ÉTÉ-1111100-',1602,,38800,14,,,1,30,,38798,14,,,2,68,,38802,14,,,1,31,,38799,14,,,1,28,,38801,14,,,2
2700,'Semaine-4-_26ÉTÉ-1111100-',1602,,38805,14,,,1,30,,38803,14,,,2,68,,38807,14,,,1,31,,38804,14,,,1,28,,38806,14,,,2
3900,'Samedi-3',707,,31446,43,,,1,101,,31447,43,,,1,100,,31451,43,,,1,103,,31450,43,,,1,100,,31453,43,,,1,98,,31452,43,,,1,104,,31448,43,,,1,30,,31449,43,,,1,70,,31454,43,,,1,31,,31455,43,,,2,70,,31456,43,,,1,30,,31457,43,,,1,71,,31458,43,,,2,30,,31459,43,,,1,70,,31460,43,,,1,30,,31461,43,,,1,68,,31462,43,,,1,29,,31463,43,,,1,69,,31464,43,,,1,29,,31465,43,,,1,100,,31466,43,,,1,100,,31467,43,,,1,100,,31468,43,,,1,97,,31469,43,,,1
3900,'Samedi-4',707,,35902,43,,,1,101,,35903,43,,,1,100,,35907,43,,,1,103,,35906,43,,,1,100,,35909,43,,,1,98,,35908,43,,,1,104,,35904,43,,,1,30,,35905,43,,,1,70,,35910,43,,,1,31,,35911,43,,,2,70,,35912,43,,,1,30,,35913,43,,,1,71,,35914,43,,,2,30,,35915,43,,,1,70,,35916,43,,,1,30,,35917,43,,,1,68,,35918,43,,,1,29,,35919,43,,,1,69,,35920,43,,,1,29,,35921,43,,,1,100,,35922,43,,,1,100,,35923,43,,,1,100,,35924,43,,,1,97,,35925,43,,,1
3900,'Dimanche-3',707,,31470,43,,,1,101,,31477,43,,,1,100,,31471,43,,,1,103,,31473,43,,,1,100,,31479,43,,,1,98,,31472,43,,,1,104,,31478,43,,,1,30,,31474,43,,,1,70,,31475,43,,,1,31,,31480,43,,,2,70,,31482,43,,,1,30,,31476,43,,,1,71,,31481,43,,,2,30,,31483,43,,,1,70,,31484,43,,,1,30,,31490,43,,,1,68,,31491,43,,,1,29,,31493,43,,,1,69,,31489,43,,,1,29,,31487,43,,,1,100,,31488,43,,,1,100,,31492,43,,,1,100,,31485,43,,,1,97,,31486,43,,,1
3900,'Semaine-4',646,,31511,43,,,1,66,,31497,43,,,1,35,,31516,43,,,1,68,,31509,43,,,1,30,,31510,43,,,1,70,,31508,43,,,1,32,,31505,43,,,1,70,,31522,43,,,1,30,,31517,43,,,1,71,,31529,43,,,1,30,,31514,43,,,1,70,,31518,43,,,1,30,,31506,43,,,1,71,,31504,43,,,1,30,,31519,43,,,2,69,,31507,43,,,1,30,,31494,43,,,1,75,,31520,43,,,2,31,,31501,43,,,1,72,,31503,43,,,1,31,,31521,43,,,1,72,,31500,43,,,1,28,,31495,43,,,1,69,,31523,43,,,1,24,,31502,43,,,1,71,,31496,43,,,2,29,,31524,43,,,2,72,,31499,43,,,1,25,,31515,43,,,2,65,,31525,43,,,1,30,,31498,43,,,1,70,,31513,43,,,1,29,,31526,43,,,2,70,,31512,43,,,1,30,,31528,43,,,1,70,,31527,43,,,2
3900,'Samedi-10-_26ÉTÉ-0000010-',707,,40782,43,,,1,101,,40783,43,,,1,100,,40787,43,,,1,103,,40786,43,,,1,100,,40789,43,,,1,98,,40788,43,,,1,104,,40784,43,,,1,30,,40785,43,,,1,70,,40790,43,,,1,31,,40791,43,,,2,70,,40792,43,,,1,30,,40793,43,,,1,71,,40794,43,,,2,30,,40795,43,,,1,70,,40796,43,,,1,30,,40797,43,,,1,68,,40798,43,,,1,29,,40799,43,,,1,69,,40800,43,,,1,29,,40801,43,,,1,100,,40802,43,,,1,100,,40803,43,,,1,100,,40804,43,,,1,97,,40805,43,,,1
3900,'Semaine-2-_26ÉTÉ-1111100-',646,,40823,43,,,2,68,,40809,43,,,1,33,,40828,43,,,2,68,,40821,43,,,1,30,,40822,43,,,1,70,,40820,43,,,1,32,,40817,43,,,1,70,,40834,43,,,1,30,,40829,43,,,1,71,,40841,43,,,1,30,,40826,43,,,2,71,,40830,43,,,1,29,,40818,43,,,1,72,,40816,43,,,2,29,,40831,43,,,1,69,,40819,43,,,1,30,,40806,43,,,2,74,,40832,43,,,1,33,,40813,43,,,2,70,,40815,43,,,1,31,,40833,43,,,2,74,,40812,43,,,1,27,,40807,43,,,1,70,,40835,43,,,1,23,,40814,43,,,1,71,,40808,43,,,1,29,,40836,43,,,2,72,,40811,43,,,1,25,,40827,43,,,2,65,,40837,43,,,1,30,,40810,43,,,1,70,,40825,43,,,1,30,,40838,43,,,1,70,,40824,43,,,1,30,,40840,43,,,1,70,,40839,43,,,1
3900,'Semaine-3-_26ÉTÉ-1111100-',646,,40859,43,,,2,68,,40845,43,,,1,33,,40864,43,,,2,68,,40857,43,,,1,30,,40858,43,,,1,70,,40856,43,,,1,32,,40853,43,,,1,70,,40870,43,,,1,30,,40865,43,,,1,71,,40877,43,,,1,30,,40862,43,,,2,71,,40866,43,,,1,29,,40854,43,,,1,72,,40852,43,,,2,29,,40867,43,,,1,69,,40855,43,,,1,30,,40842,43,,,2,74,,40868,43,,,1,33,,40849,43,,,2,70,,40851,43,,,1,31,,40869,43,,,2,74,,40848,43,,,1,27,,40843,43,,,1,70,,40871,43,,,1,23,,40850,43,,,1,71,,40844,43,,,1,29,,40872,43,,,2,72,,40847,43,,,1,25,,40863,43,,,2,65,,40873,43,,,1,30,,40846,43,,,1,70,,40861,43,,,1,30,,40874,43,,,1,70,,40860,43,,,1,30,,40876,43,,,1,70,,40875,43,,,1
3900,'Semaine-4-_26ÉTÉ-1111100-',646,,40895,43,,,2,68,,40881,43,,,1,33,,40900,43,,,2,68,,40893,43,,,1,30,,40894,43,,,1,70,,40892,43,,,1,32,,40889,43,,,1,70,,40906,43,,,1,30,,40901,43,,,1,71,,40913,43,,,1,30,,40898,43,,,2,71,,40902,43,,,1,29,,40890,43,,,1,72,,40888,43,,,2,29,,40903,43,,,1,69,,40891,43,,,1,30,,40878,43,,,2,74,,40904,43,,,1,33,,40885,43,,,2,70,,40887,43,,,1,31,,40905,43,,,2,74,,40884,43,,,1,27,,40879,43,,,1,70,,40907,43,,,1,23,,40886,43,,,1,71,,40880,43,,,1,29,,40908,43,,,2,72,,40883,43,,,1,25,,40899,43,,,2,65,,40909,43,,,1,30,,40882,43,,,1,70,,40897,43,,,1,30,,40910,43,,,1,70,,40896,43,,,1,30,,40912,43,,,1,70,,40911,43,,,1
82700,'Semaine-4',1524,,35014,4,0,9 12 13,1
