5500,'Samedi-10-_26ÉTÉ-0000010-',722,,41605,42,,,1,30,,41602,42,,,1,70,,41603,42,,,1,30,,41606,42,,,1,70,,41604,42,,,1,29,,41611,42,,,1,71,,41608,42,,,1,30,,41609,42,,,1,72,,41614,42,,,1,29,,41613,42,,,1,68,,41607,42,,,1,30,,41610,42,,,1,70,,41612,42,,,1,34,,41615,42,,,1,70,,41616,42,,,1,30,,41617,42,,,1,70,,41618,42,,,1,29,,41619,42,,,1,70,,41620,42,,,1,30,,41621,42,,,1,70,,41622,42,,,1,30,,41623,42,,,1,72,,41624,42,,,1,28,,41625,42,,,1,69,,41627,42,,,1,33,,41626,42,,,1,67,,41628,42,,,1,30,,41630,42,,,1,71,,41629,42,,,1,31,,41631,42,,,1,66,,41632,42,,,1,30,,41635,42,,,1,70,,41637,42,,,1,30,,41634,42,,,1,70,,41633,42,,,1,27,,41636,42,,,1
5500,'Semaine-2-_26ÉTÉ-1111100-',619,,41640,42,,,1,105,,41656,42,,,1,103,,41639,42,,,1,97,,41675,42,,,1,28,,41676,42,,,1,70,,41645,42,,,1,30,,41655,42,,,1,69,,41659,42,,,1,33,,41681,42,,,1,70,,41641,42,,,1,30,,41680,42,,,1,69,,41658,42,,,1,30,,41673,42,,,1,70,,41667,42,,,1,26,,41674,42,,,1,56,,41660,42,,,1,17,,41638,42,,,1,14,,41679,42,,,1,17,,41649,42,,,1,55,,41682,42,,,1,13,,41670,42,,,1,10,,41642,42,,,1,13,,41653,42,,,1,14,,41685,42,,,1,53,,41678,42,,,1,11,,41644,42,,,1,11,,41661,42,,,1,12,,41654,42,,,1,9,,41683,42,,,1,50,,41668,42,,,1,8,,41648,42,,,1,12,,41643,42,,,1,10,,41684,42,,,1,12,,41652,42,,,1,10,,41647,42,,,1,50,,41657,42,,,1,30,,41672,42,,,1,69,,41677,42,,,1,31,,41664,42,,,1,69,,41650,42,,,1,30,,41671,42,,,1,68,,41662,42,,,1,29,,41665,42,,,1,68,,41651,42,,,1,30,,41666,42,,,1,28,,41663,42,,,1,69,,41646,42,,,1,30,,41669,42,,,1
5500,'Semaine-3-_26ÉTÉ-1111100-',619,,41688,42,,,1,105,,41704,42,,,1,103,,41687,42,,,1,97,,41723,42,,,1,28,,41724,42,,,1,70,,41693,42,,,1,30,,41703,42,,,1,69,,41707,42,,,1,33,,41729,42,,,1,70,,41689,42,,,1,30,,41728,42,,,1,69,,41706,42,,,1,30,,41721,42,,,1,70,,41715,42,,,1,26,,41722,42,,,1,56,,41708,42,,,1,17,,41686,42,,,1,14,,41727,42,,,1,17,,41697,42,,,1,55,,41730,42,,,1,13,,41718,42,,,1,10,,41690,42,,,1,13,,41701,42,,,1,14,,41733,42,,,1,53,,41726,42,,,1,11,,41692,42,,,1,11,,41709,42,,,1,12,,41702,42,,,1,9,,41731,42,,,1,50,,41716,42,,,1,8,,41696,42,,,1,12,,41691,42,,,1,10,,41732,42,,,1,12,,41700,42,,,1,10,,41695,42,,,1,50,,41705,42,,,1,30,,41720,42,,,1,69,,41725,42,,,1,31,,41712,42,,,1,69,,41698,42,,,1,30,,41719,42,,,1,68,,41710,42,,,1,29,,41713,42,,,1,68,,41699,42,,,1,30,,41714,42,,,1,28,,41711,42,,,1,69,,41694,42,,,1,30,,41717,42,,,1
5500,'Semaine-4-_26ÉTÉ-1111100-',619,,41736,42,,,1,105,,41752,42,,,1,103,,41735,42,,,1,97,,41771,42,,,1,28,,41772,42,,,1,70,,41741,42,,,1,30,,41751,42,,,1,69,,41755,42,,,1,33,,41777,42,,,1,70,,41737,42,,,1,30,,41776,42,,,1,69,,41754,42,,,1,30,,41769,42,,,1,70,,41763,42,,,1,26,,41770,42,,,1,56,,41756,42,,,1,17,,41734,42,,,1,14,,41775,42,,,1,17,,41745,42,,,1,55,,41778,42,,,1,13,,41766,42,,,1,10,,41738,42,,,1,13,,41749,42,,,1,14,,41781,42,,,1,53,,41774,42,,,1,11,,41740,42,,,1,11,,41757,42,,,1,12,,41750,42,,,1,9,,41779,42,,,1,50,,41764,42,,,1,8,,41744,42,,,1,12,,41739,42,,,1,10,,41780,42,,,1,12,,41748,42,,,1,10,,41743,42,,,1,50,,41753,42,,,1,30,,41768,42,,,1,69,,41773,42,,,1,31,,41760,42,,,1,69,,41746,42,,,1,30,,41767,42,,,1,68,,41758,42,,,1,29,,41761,42,,,1,68,,41747,42,,,1,30,,41762,42,,,1,28,,41759,42,,,1,69,,41742,42,,,1,30,,41765,42,,,1
5800,'Semaine-2-_26ÉTÉ-1111100-',839,,42005,29,,,1,398,,42006,29,,,1,302,,42008,29,,,1,71,,42003,29,,,1,30,,42004,29,,,1,70,,42007,29,,,2,29,,42002,29,,,1,68,,42001,29,,,2
5800,'Semaine-3-_26ÉTÉ-1111100-',839,,42013,29,,,1,398,,42014,29,,,1,302,,42016,29,,,1,71,,42011,29,,,1,30,,42012,29,,,1,70,,42015,29,,,2,29,,42010,29,,,1,68,,42009,29,,,2
5800,'Semaine-4-_26ÉTÉ-1111100-',839,,42021,29,,,1,398,,42022,29,,,1,302,,42024,29,,,1,71,,42019,29,,,1,30,,42020,29,,,1,70,,42023,29,,,2,29,,42018,29,,,1,68,,42017,29,,,2
64100,'Semaine-2-_26ÉTÉ-1111100-',737,,46785,20,,,1
64100,'Semaine-3-_26ÉTÉ-1111100-',737,,46786,20,,,1
64100,'Semaine-4-_26ÉTÉ-1111100-',737,,46787,20,,,1
64500,'Semaine-2-_26ÉTÉ-1111100-',728,,46788,33,,,1
64500,'Semaine-3-_26ÉTÉ-1111100-',728,,46789,33,,,1
64500,'Semaine-4-_26ÉTÉ-1111100-',728,,46790,33,,,1
