'H01M025S-Semaine-3-25PRI-1111100-',2700,162600,4,'',1,3100,4,'',2,6900,4,'',2,2700,4,'',1,7000,4,'',1
'H01M025S-Semaine-4-25PRI-1111100-',2700,162600,4,'',1,3100,4,'',2,6900,4,'',2,2700,4,'',1,7000,4,'',1
'H01U925S-Semaine-16-25ETE-1111100-',2700,162600,4,'',1,3100,4,'',1,7400,4,'',1,2300,4,'',1,6900,4,'',2
'H01U925S-Semaine-18-25ETE-1111100-',2700,162600,4,'',1,3100,4,'',1,7400,4,'',1,2300,4,'',1,6900,4,'',2
'H01U925S-Semaine-19-25ETE-1111100-',2700,162600,4,'',1,3100,4,'',1,7400,4,'',1,2300,4,'',1,6900,4,'',2
'H01U925S-Semaine-22-25ETE-1111100-',2700,162600,4,'',1,3100,4,'',1,7400,4,'',1,2300,4,'',1,6900,4,'',2
'H01M025S-Semaine-3-25PRI-1111100-',3500,153900,4,'',1,10000,4,'',2,7300,4,'',1,9000,4,'',1,11800,4,'',1,8900,4,'',2,10000,4,'',2,10800,4,'',1,10500,4,'',1
'H01M025S-Semaine-4-25PRI-1111100-',3500,153900,4,'',1,10000,4,'',2,7300,4,'',1,9000,4,'',1,11800,4,'',1,8900,4,'',2,10000,4,'',2,10800,4,'',1,10500,4,'',1
'H01U925S-Semaine-16-25ETE-1111100-',3500,164700,4,'',1,7300,4,'',1,3800,4,'',1,16100,4,'',1,8600,4,'',1,10400,4,'',1,10700,4,'',1,10500,4,'',1
'H01U925S-Semaine-18-25ETE-1111100-',3500,164700,4,'',1,7300,4,'',1,3800,4,'',1,16100,4,'',1,8600,4,'',1,10400,4,'',1,10700,4,'',1,10500,4,'',1
'H01U925S-Semaine-19-25ETE-1111100-',3500,164700,4,'',1,7300,4,'',1,3800,4,'',1,16100,4,'',1,8600,4,'',1,10400,4,'',1,10700,4,'',1,10500,4,'',1
'H01U925S-Semaine-22-25ETE-1111100-',3500,164700,4,'',1,7300,4,'',1,3800,4,'',1,16100,4,'',1,8600,4,'',1,10400,4,'',1,10700,4,'',1,10500,4,'',1
'H01M025S-Semaine-3-25PRI-1111100-',82700,154700,4,'',1
'H01M025S-Semaine-4-25PRI-1111100-',82700,154700,4,'',1
