4500,'Semaine-4',1523,,31644,31,,,1,35,,31639,31,,,1,70,,31640,31,,,1,30,,31642,31,,,2,69,,31643,31,,,1,26,,31641,31,,,1
4500,'Semaine-2-_26ÉTÉ-1111100-',1522,,41126,31,,,1,34,,41121,31,,,2,72,,41122,31,,,2,30,,41124,31,,,1,69,,41125,31,,,1,26,,41123,31,,,2
4500,'Semaine-3-_26ÉTÉ-1111100-',1522,,41132,31,,,1,34,,41127,31,,,2,72,,41128,31,,,2,30,,41130,31,,,1,69,,41131,31,,,1,26,,41129,31,,,2
4500,'Semaine-4-_26ÉTÉ-1111100-',1522,,41138,31,,,1,34,,41133,31,,,2,72,,41134,31,,,2,30,,41136,31,,,1,69,,41137,31,,,1,26,,41135,31,,,2
5200,'Samedi-3',638,,31809,17,,,1,100,,31810,17,,,2,100,,31811,17,,,1,101,,31812,17,,,2,100,,31813,17,,,1,101,,31814,17,,,1,101,,31815,17,,,2,100,,31816,17,,,1,99,,31817,17,,,1,100,,31818,17,,,1,100,,31819,17,,,1,100,,31820,17,,,1,99,,31821,17,,,1,100,,31824,17,,,1,100,,31822,17,,,1,100,,31823,17,,,2,98,,31825,17,,,2,100,,31826,17,,,1
5200,'Dimanche-3',638,,31828,17,,,1,100,,31827,17,,,2,100,,31829,17,,,1,101,,31830,17,,,2,100,,31832,17,,,1,101,,31837,17,,,1,101,,31831,17,,,2,100,,31834,17,,,1,99,,31835,17,,,1,100,,31833,17,,,1,100,,31836,17,,,1,100,,31843,17,,,1,99,,31842,17,,,1,100,,31838,17,,,1,100,,31844,17,,,1,100,,31841,17,,,2,98,,31840,17,,,2,100,,31839,17,,,1
5200,'Semaine-4',609,,31848,17,,,1,98,,31850,17,,,1,107,,31845,17,,,1,97,,31861,17,,,2,98,,31859,17,,,1,101,,31846,17,,,2,100,,31853,17,,,1,100,,31852,17,,,1,100,,31849,17,,,1,100,,31847,17,,,1,108,,31851,17,,,1,100,,31862,17,,,1,108,,31860,17,,,1,99,,31854,17,,,1,84,,31858,17,,,1,100,,31857,17,,,2,100,,31855,17,,,1,100,,31856,17,,,1
5200,'Samedi-10-_26ÉTÉ-0000010-',638,,41440,17,,,1,100,,41441,17,,,2,100,,41442,17,,,1,101,,41443,17,,,2,100,,41444,17,,,1,101,,41445,17,,,1,101,,41446,17,,,2,100,,41447,17,,,2,99,,41448,17,,,1,100,,41449,17,,,2,100,,41450,17,,,1,100,,41451,17,,,1,99,,41452,17,,,1,100,,41455,17,,,1,100,,41453,17,,,1,100,,41454,17,,,2,98,,41456,17,,,2,100,,41457,17,,,1
5200,'Semaine-2-_26ÉTÉ-1111100-',609,,41461,17,,,1,98,,41463,17,,,1,107,,41458,17,,,1,99,,41474,17,,,1,97,,41472,17,,,2,100,,41459,17,,,1,100,,41466,17,,,1,100,,41465,17,,,1,100,,41462,17,,,1,99,,41460,17,,,1,108,,41464,17,,,1,103,,41475,17,,,1,106,,41473,17,,,1,99,,41467,17,,,1,84,,41471,17,,,1,100,,41470,17,,,1,100,,41468,17,,,1,100,,41469,17,,,1
5200,'Semaine-3-_26ÉTÉ-1111100-',609,,41479,17,,,1,98,,41481,17,,,1,107,,41476,17,,,1,99,,41492,17,,,1,97,,41490,17,,,2,100,,41477,17,,,1,100,,41484,17,,,1,100,,41483,17,,,1,100,,41480,17,,,1,99,,41478,17,,,1,108,,41482,17,,,1,103,,41493,17,,,1,106,,41491,17,,,1,99,,41485,17,,,1,84,,41489,17,,,1,100,,41488,17,,,1,100,,41486,17,,,1,100,,41487,17,,,1
5200,'Semaine-4-_26ÉTÉ-1111100-',609,,41497,17,,,1,98,,41499,17,,,1,107,,41494,17,,,1,99,,41510,17,,,1,97,,41508,17,,,2,100,,41495,17,,,1,100,,41502,17,,,1,100,,41501,17,,,1,100,,41498,17,,,1,99,,41496,17,,,1,108,,41500,17,,,1,103,,41511,17,,,1,106,,41509,17,,,1,99,,41503,17,,,1,84,,41507,17,,,1,100,,41506,17,,,1,100,,41504,17,,,1,100,,41505,17,,,1
5601,'Semaine-4',1240,,32168,34,,,1,102,,32165,34,,,1,100,,32164,34,,,1,102,,32167,34,,,1,105,,32166,34,,,2,97,,32169,34,,,1,96,,32170,34,,,1
5601,'Semaine-2-_26ÉTÉ-1111100-',1240,,41984,34,,,2,102,,41981,34,,,1,100,,41980,34,,,1,100,,41983,34,,,1,106,,41982,34,,,1,98,,41985,34,,,2,95,,41986,34,,,1
5601,'Semaine-3-_26ÉTÉ-1111100-',1240,,41991,34,,,2,102,,41988,34,,,1,100,,41987,34,,,1,100,,41990,34,,,1,106,,41989,34,,,1,98,,41992,34,,,2,95,,41993,34,,,1
5601,'Semaine-4-_26ÉTÉ-1111100-',1240,,41998,34,,,2,102,,41995,34,,,1,100,,41994,34,,,1,100,,41997,34,,,1,106,,41996,34,,,1,98,,41999,34,,,2,95,,42000,34,,,1
64500,'Semaine-4',710,,34842,8,0,9 10,1
64500,'Semaine-2-_26ÉTÉ-1111100-',710,,46788,8,0,9 10,1
64500,'Semaine-3-_26ÉTÉ-1111100-',710,,46789,8,0,9 10,1
64500,'Semaine-4-_26ÉTÉ-1111100-',710,,46790,8,0,9 10,1
