6700,'Samedi-0-_26ÉTÉ-0000010-',727,,56179,29,,,2,102,,56178,29,,,1,100,,56177,29,,,1,71,,56173,29,,,1,30,,56181,29,,,1,70,,56174,29,,,1,30,,56175,29,,,1,71,,56180,29,,,1,30,,56185,29,,,1,70,,56176,29,,,1,30,,56184,29,,,1,70,,56182,29,,,1,30,,56183,29,,,1,72,,56186,29,,,2,30,,56187,29,,,2,70,,56188,29,,,1,30,,56189,29,,,1,68,,56190,29,,,2,30,,56191,29,,,2,70,,56192,29,,,1,30,,56193,29,,,1,70,,56194,29,,,2,28,,56195,29,,,1,30,,56196,29,,,1,100,,56200,29,,,2,100,,56197,29,,,2,100,,56198,29,,,1,99,,56199,29,,,1
6700,'Dimanche-0-_26ÉTÉ-0000001-',727,,56207,29,,,2,102,,56201,29,,,1,100,,56204,29,,,1,71,,56206,29,,,1,30,,56212,29,,,1,70,,56209,29,,,1,30,,56215,29,,,1,71,,56217,29,,,1,30,,56211,29,,,1,70,,56213,29,,,1,30,,56202,29,,,1,70,,56203,29,,,1,30,,56205,29,,,1,72,,56208,29,,,2,30,,56214,29,,,2,70,,56210,29,,,1,30,,56216,29,,,1,68,,56225,29,,,2,30,,56224,29,,,2,70,,56220,29,,,1,30,,56218,29,,,1,70,,56228,29,,,2,28,,56219,29,,,1,30,,56226,29,,,1,100,,56223,29,,,2,100,,56222,29,,,2,100,,56221,29,,,1,99,,56227,29,,,1
6700,'Dimanche-10-_26ÉTÉ-0000001-',727,,56235,29,,,2,102,,56229,29,,,1,100,,56232,29,,,1,71,,56234,29,,,1,30,,56240,29,,,1,70,,56237,29,,,1,30,,56243,29,,,1,71,,56245,29,,,1,30,,56239,29,,,1,70,,56241,29,,,1,30,,56230,29,,,1,70,,56231,29,,,1,30,,56233,29,,,1,72,,56236,29,,,2,30,,56242,29,,,2,70,,56238,29,,,1,30,,56244,29,,,1,68,,56253,29,,,2,30,,56252,29,,,2,70,,56248,29,,,1,30,,56246,29,,,1,70,,56256,29,,,2,28,,56247,29,,,1,30,,56254,29,,,1,100,,56251,29,,,2,100,,56250,29,,,2,100,,56249,29,,,1,99,,56255,29,,,1
6700,'Dimanche-11-_26ÉTÉ-0000001-',727,,56263,29,,,2,102,,56257,29,,,1,100,,56260,29,,,1,71,,56262,29,,,1,30,,56268,29,,,1,70,,56265,29,,,1,30,,56271,29,,,1,71,,56273,29,,,1,30,,56267,29,,,1,70,,56269,29,,,1,30,,56258,29,,,1,70,,56259,29,,,1,30,,56261,29,,,1,72,,56264,29,,,2,30,,56270,29,,,2,70,,56266,29,,,1,30,,56272,29,,,1,68,,56281,29,,,2,30,,56280,29,,,2,70,,56276,29,,,1,30,,56274,29,,,1,70,,56284,29,,,2,28,,56275,29,,,1,30,,56282,29,,,1,100,,56279,29,,,2,100,,56278,29,,,2,100,,56277,29,,,1,99,,56283,29,,,1
6700,'Semaine-1-_26ÉTÉ-1111100-',629,,56293,29,,,1,71,,56287,29,,,1,29,,56295,29,,,1,22,,56304,29,,,1,60,,56288,29,,,2,17,,56313,29,,,1,30,,56298,29,,,1,71,,56306,29,,,1,20,,56296,29,,,2,59,,56316,29,,,2,20,,56314,29,,,1,21,,56301,29,,,2,60,,56317,29,,,2,20,,56307,29,,,1,20,,56310,29,,,2,60,,56318,29,,,1,20,,56315,29,,,1,20,,56302,29,,,1,60,,56319,29,,,1,20,,56308,29,,,1,20,,56311,29,,,2,60,,56320,29,,,1,22,,56300,29,,,1,20,,56303,29,,,2,57,,56321,29,,,1,330,,56323,29,,,1,15,,56297,29,,,2,56,,56322,29,,,1,19,,56305,29,,,1,30,,56285,29,,,1,70,,56309,29,,,2,30,,56289,29,,,1,70,,56312,29,,,1,31,,56286,29,,,1,68,,56294,29,,,2,30,,56290,29,,,1,68,,56299,29,,,2,29,,56292,29,,,2,69,,56291,29,,,1
6700,'Semaine-10-_26ÉTÉ-1111100-',629,,56332,29,,,1,71,,56326,29,,,1,29,,56334,29,,,1,22,,56343,29,,,1,60,,56327,29,,,2,17,,56352,29,,,1,30,,56337,29,,,1,71,,56345,29,,,1,20,,56335,29,,,2,59,,56355,29,,,2,20,,56353,29,,,1,21,,56340,29,,,2,60,,56356,29,,,2,20,,56346,29,,,1,20,,56349,29,,,2,60,,56357,29,,,1,20,,56354,29,,,1,20,,56341,29,,,1,60,,56358,29,,,1,20,,56347,29,,,1,20,,56350,29,,,2,60,,56359,29,,,2,22,,56339,29,,,1,20,,56342,29,,,2,57,,56360,29,,,1,330,,56362,29,,,1,15,,56336,29,,,2,56,,56361,29,,,1,19,,56344,29,,,1,30,,56324,29,,,1,70,,56348,29,,,2,30,,56328,29,,,1,70,,56351,29,,,1,31,,56325,29,,,1,68,,56333,29,,,2,30,,56329,29,,,1,68,,56338,29,,,2,29,,56331,29,,,2,69,,56330,29,,,1
6700,'Semaine-11-_26ÉTÉ-1111100-',629,,56371,29,,,1,71,,56365,29,,,1,29,,56373,29,,,1,22,,56382,29,,,1,60,,56366,29,,,2,17,,56391,29,,,1,30,,56376,29,,,1,71,,56384,29,,,1,20,,56374,29,,,2,59,,56394,29,,,2,20,,56392,29,,,1,21,,56379,29,,,2,60,,56395,29,,,2,20,,56385,29,,,1,20,,56388,29,,,2,60,,56396,29,,,1,20,,56393,29,,,1,20,,56380,29,,,1,60,,56397,29,,,1,20,,56386,29,,,1,20,,56389,29,,,2,60,,56398,29,,,1,22,,56378,29,,,1,20,,56381,29,,,2,57,,56399,29,,,1,330,,56401,29,,,1,15,,56375,29,,,2,56,,56400,29,,,1,19,,56383,29,,,1,30,,56363,29,,,1,70,,56387,29,,,2,30,,56367,29,,,1,70,,56390,29,,,1,31,,56364,29,,,1,68,,56372,29,,,2,30,,56368,29,,,1,68,,56377,29,,,2,29,,56370,29,,,2,69,,56369,29,,,1
6700,'Semaine-12-_26ÉTÉ-1111100-',629,,56410,29,,,1,71,,56404,29,,,1,29,,56412,29,,,1,22,,56421,29,,,1,60,,56405,29,,,2,17,,56430,29,,,1,30,,56415,29,,,1,71,,56423,29,,,1,20,,56413,29,,,2,59,,56433,29,,,2,20,,56431,29,,,1,21,,56418,29,,,2,60,,56434,29,,,2,20,,56424,29,,,1,20,,56427,29,,,2,60,,56435,29,,,1,20,,56432,29,,,1,20,,56419,29,,,1,60,,56436,29,,,1,20,,56425,29,,,1,20,,56428,29,,,2,60,,56437,29,,,1,22,,56417,29,,,1,20,,56420,29,,,2,57,,56438,29,,,1,330,,56440,29,,,1,15,,56414,29,,,2,56,,56439,29,,,1,19,,56422,29,,,1,30,,56402,29,,,1,70,,56426,29,,,2,30,,56406,29,,,1,70,,56429,29,,,1,31,,56403,29,,,1,68,,56411,29,,,2,30,,56407,29,,,1,68,,56416,29,,,2,29,,56409,29,,,2,69,,56408,29,,,1
8700,'Semaine-1-_26ÉTÉ-1111100-',1522,,59986,27,,,2,21,,59985,27,,,1,60,,59978,27,,,1,14,,59980,27,,,1,15,,59977,27,,,1,17,,59987,27,,,1,57,,59983,27,,,1,14,,59984,27,,,2,18,,59979,27,,,1,18,,59982,27,,,1,56,,59981,27,,,2
8700,'Semaine-10-_26ÉTÉ-1111100-',1522,,59997,27,,,2,21,,59996,27,,,1,60,,59989,27,,,1,14,,59991,27,,,1,15,,59988,27,,,1,17,,59998,27,,,1,57,,59994,27,,,1,14,,59995,27,,,2,18,,59990,27,,,1,18,,59993,27,,,1,56,,59992,27,,,2
8700,'Semaine-11-_26ÉTÉ-1111100-',1522,,60008,27,,,2,21,,60007,27,,,1,60,,60000,27,,,1,14,,60002,27,,,1,15,,59999,27,,,1,17,,60009,27,,,1,57,,60005,27,,,1,14,,60006,27,,,2,18,,60001,27,,,1,18,,60004,27,,,1,56,,60003,27,,,2
8700,'Semaine-12-_26ÉTÉ-1111100-',1522,,60019,27,,,2,21,,60018,27,,,1,60,,60011,27,,,1,14,,60013,27,,,1,15,,60010,27,,,1,17,,60020,27,,,1,57,,60016,27,,,1,14,,60017,27,,,2,18,,60012,27,,,1,18,,60015,27,,,1,56,,60014,27,,,2
